Freq, Harmonic, V1, VAngle1, V2, VAngle2, V3, VAngle3, I1, IAngle1, I2, IAngle2, I3, IAngle3
60, 1.00000, 14993.3, -3.1926, 14930.8, -124.349, 14963.5, 116.12, 14.7702, 36.1476, 16.396, -95.3117, 15.2363, 151.284
60, 1.00833, 12134.2, -0.945502, 12704.7, -124.342, 12796.9, 116.869, 20.4367, -5.90297, 26.8283, -132.372, 23.236, 112.178
61, 1.01667, 63.0743, 27.1185, 55.7734, -89.2427, 61.4534, 147.414, 0.0629296, 67.2892, 0.062287, -60.511, 0.0638755, -177.058
62, 1.02500, 63.2613, 27.2416, 55.9305, -89.0651, 61.6447, 147.551, 0.0634948, 68.0217, 0.0626589, -59.725, 0.0643837, -176.304
62, 1.03333, 63.4495, 27.364, 56.0891, -88.8884, 61.8373, 147.688, 0.0640706, 68.7451, 0.0630406, -58.9447, 0.0649024, -175.559
63, 1.04167, 63.639, 27.4855, 56.249, -88.7124, 62.0312, 147.823, 0.0646568, 69.4594, 0.063432, -58.1701, 0.0654317, -174.822
63, 1.05000, 63.8298, 27.6062, 56.4104, -88.5373, 62.2262, 147.958, 0.0652534, 70.1645, 0.063833, -57.4016, 0.0659713, -174.092
63, 1.05833, 64.0218, 27.7261, 56.5733, -88.363, 62.4225, 148.091, 0.0658604, 70.8605, 0.0642438, -56.639, 0.0665214, -173.371
64, 1.06667, 64.2151, 27.8451, 56.7376, -88.1894, 62.62, 148.224, 0.0664777, 71.5475, 0.0646643, -55.8823, 0.0670819, -172.658
65, 1.07500, 64.4097, 27.9633, 56.9033, -88.0167, 62.8188, 148.356, 0.0671052, 72.2255, 0.0650944, -55.1317, 0.0676527, -171.952
65, 1.08333, 64.6056, 28.0806, 57.0704, -87.8448, 63.0187, 148.487, 0.067743, 72.8946, 0.0655343, -54.3873, 0.0682339, -171.255
66, 1.09167, 64.8028, 28.1971, 57.239, -87.6738, 63.2199, 148.616, 0.068391, 73.555, 0.0659839, -53.6489, 0.0688253, -170.566
66, 1.10000, 65.0012, 28.3127, 57.4091, -87.5035, 63.4223, 148.745, 0.069049, 74.2064, 0.0664431, -52.9168, 0.069427, -169.885
66, 1.10833, 65.2009, 28.4275, 57.5805, -87.3342, 63.626, 148.873, 0.0697172, 74.8492, 0.066912, -52.1908, 0.0700389, -169.211
67, 1.11667, 65.4019, 28.5414, 57.7535, -87.1656, 63.8308, 149, 0.0703954, 75.4833, 0.0673906, -51.4711, 0.0706611, -168.546
68, 1.12500, 65.6042, 28.6544, 57.9278, -86.9979, 64.0369, 149.126, 0.0710836, 76.1089, 0.0678789, -50.7577, 0.0712934, -167.888
68, 1.13333, 65.8077, 28.7666, 58.1036, -86.8311, 64.2442, 149.252, 0.0717818, 76.7259, 0.0683767, -50.0506, 0.0719358, -167.239
69, 1.14167, 66.0125, 28.8779, 58.2809, -86.6651, 64.4527, 149.376, 0.0724899, 77.3345, 0.0688843, -49.3497, 0.0725883, -166.597
69, 1.15000, 66.2186, 28.9883, 58.4595, -86.5, 64.6624, 149.499, 0.0732079, 77.9348, 0.0694015, -48.6553, 0.0732509, -165.963
69, 1.15833, 66.426, 29.0979, 58.6397, -86.3358, 64.8734, 149.621, 0.0739357, 78.5268, 0.0699284, -47.9672, 0.0739235, -165.336
70, 1.16667, 66.6347, 29.2066, 58.8213, -86.1724, 65.0855, 149.742, 0.0746734, 79.1107, 0.0704649, -47.2853, 0.0746062, -164.717
71, 1.17500, 66.8446, 29.3143, 59.0043, -86.0099, 65.2989, 149.863, 0.0754209, 79.6864, 0.071011, -46.6099, 0.0752988, -164.106
71, 1.18333, 67.0559, 29.4212, 59.1887, -85.8483, 65.5135, 149.982, 0.076178, 80.2541, 0.0715667, -45.9409, 0.0760013, -163.503
72, 1.19167, 67.2684, 29.5272, 59.3747, -85.6875, 65.7293, 150.1, 0.076945, 80.8139, 0.0721321, -45.2781, 0.0767139, -162.907
72, 1.20000, 67.4822, 29.6323, 59.5621, -85.5277, 65.9463, 150.218, 0.0777216, 81.3659, 0.072707, -44.6218, 0.0774363, -162.318
72, 1.20833, 67.6973, 29.7365, 59.7509, -85.3687, 66.1644, 150.334, 0.0785078, 81.9101, 0.0732915, -43.9719, 0.0781685, -161.737
73, 1.21667, 67.9137, 29.8399, 59.9412, -85.2106, 66.3839, 150.45, 0.0793038, 82.4467, 0.0738857, -43.3282, 0.0789106, -161.163
74, 1.22500, 68.1313, 29.9423, 60.1329, -85.0534, 66.6045, 150.564, 0.0801092, 82.9757, 0.0744894, -42.6909, 0.0796625, -160.597
74, 1.23333, 68.3503, 30.0438, 60.3262, -84.8971, 66.8263, 150.678, 0.0809243, 83.4973, 0.0751027, -42.06, 0.0804242, -160.038
75, 1.24167, 68.5706, 30.1444, 60.5208, -84.7417, 67.0493, 150.791, 0.0817489, 84.0115, 0.0757256, -41.4353, 0.0811957, -159.486
75, 1.25000, 68.7921, 30.2442, 60.717, -84.5872, 67.2735, 150.902, 0.0825831, 84.5183, 0.0763581, -40.8169, 0.0819769, -158.941
75, 1.25833, 69.015, 30.343, 60.9146, -84.4336, 67.499, 151.013, 0.0834267, 85.018, 0.0770001, -40.2049, 0.0827677, -158.403
76, 1.26667, 69.2391, 30.4409, 61.1137, -84.2808, 67.7256, 151.123, 0.0842799, 85.5106, 0.0776517, -39.5989, 0.0835684, -157.872
77, 1.27500, 69.4646, 30.5379, 61.3142, -84.129, 67.9534, 151.232, 0.0851425, 85.9961, 0.0783129, -38.9993, 0.0843786, -157.348
77, 1.28333, 69.6913, 30.634, 61.5162, -83.9781, 68.1824, 151.339, 0.0860145, 86.4747, 0.0789835, -38.4059, 0.0851985, -156.831
78, 1.29167, 69.9194, 30.7291, 61.7198, -83.828, 68.4127, 151.446, 0.086896, 86.9465, 0.0796639, -37.8185, 0.086028, -156.32
78, 1.30000, 70.1487, 30.8234, 61.9248, -83.6789, 68.6441, 151.552, 0.0877869, 87.4115, 0.0803536, -37.2374, 0.0868671, -155.816
78, 1.30833, 70.3794, 30.9168, 62.1312, -83.5307, 68.8767, 151.657, 0.0886871, 87.8698, 0.081053, -36.6623, 0.0877158, -155.319
79, 1.31667, 70.6114, 31.0092, 62.3392, -83.3833, 69.1105, 151.761, 0.0895969, 88.3216, 0.081762, -36.0932, 0.0885741, -154.828
80, 1.32500, 70.8446, 31.1007, 62.5486, -83.2369, 69.3456, 151.865, 0.0905159, 88.7669, 0.0824804, -35.5302, 0.0894419, -154.344
80, 1.33333, 71.0792, 31.1913, 62.7596, -83.0914, 69.5818, 151.967, 0.0914443, 89.2058, 0.0832084, -34.9732, 0.0903192, -153.866
81, 1.34167, 71.3151, 31.281, 62.972, -82.9468, 69.8192, 152.068, 0.0923821, 89.6384, 0.083946, -34.4221, 0.0912061, -153.395
81, 1.35000, 71.5523, 31.3697, 63.186, -82.8031, 70.0578, 152.168, 0.0933292, 90.0647, 0.0846931, -33.8769, 0.0921024, -152.93
81, 1.35833, 71.7909, 31.4576, 63.4014, -82.6603, 70.2976, 152.268, 0.0942856, 90.4849, 0.0854497, -33.3377, 0.0930082, -152.471
82, 1.36667, 72.0307, 31.5445, 63.6184, -82.5184, 70.5386, 152.366, 0.0952514, 90.8991, 0.086216, -32.8041, 0.0939235, -152.018
83, 1.37500, 72.2719, 31.6305, 63.8368, -82.3774, 70.7807, 152.463, 0.0962265, 91.3073, 0.0869918, -32.2764, 0.0948482, -151.571
83, 1.38333, 72.5144, 31.7156, 64.0568, -82.2373, 71.0241, 152.56, 0.0972108, 91.7096, 0.0877772, -31.7544, 0.0957823, -151.13
84, 1.39167, 72.7582, 31.7997, 64.2784, -82.0981, 71.2687, 152.656, 0.0982046, 92.1062, 0.0885722, -31.2381, 0.096726, -150.695
84, 1.40000, 73.0034, 31.8829, 64.5014, -81.9598, 71.5145, 152.75, 0.0992077, 92.4969, 0.0893767, -30.7274, 0.097679, -150.265
84, 1.40833, 73.2499, 31.9652, 64.7259, -81.8225, 71.7614, 152.844, 0.10022, 92.882, 0.0901908, -30.2224, 0.0986414, -149.842
85, 1.41667, 73.4977, 32.0466, 64.9521, -81.686, 72.0096, 152.937, 0.101242, 93.2616, 0.0910145, -29.7228, 0.0996132, -149.424
86, 1.42500, 73.7469, 32.127, 65.1797, -81.5504, 72.2589, 153.029, 0.102273, 93.6357, 0.0918478, -29.2288, 0.100594, -149.012
86, 1.43333, 73.9973, 32.2066, 65.4089, -81.4157, 72.5094, 153.12, 0.103313, 94.0043, 0.0926908, -28.7402, 0.101585, -148.605
87, 1.44167, 74.2492, 32.2851, 65.6396, -81.282, 72.7611, 153.21, 0.104363, 94.3677, 0.0935434, -28.2569, 0.102585, -148.204
87, 1.45000, 74.5024, 32.3628, 65.8719, -81.1491, 73.014, 153.299, 0.105422, 94.7257, 0.0944056, -27.7791, 0.103594, -147.808
87, 1.45833, 74.7569, 32.4395, 66.1057, -81.0171, 73.2681, 153.387, 0.10649, 95.0786, 0.0952775, -27.3065, 0.104613, -147.417
88, 1.46667, 75.0128, 32.5153, 66.3412, -80.886, 73.5234, 153.474, 0.107568, 95.4264, 0.0961591, -26.8392, 0.105641, -147.032
89, 1.47500, 75.27, 32.5901, 66.5782, -80.7559, 73.7799, 153.561, 0.108654, 95.7691, 0.0970503, -26.377, 0.106678, -146.651
89, 1.48333, 75.5286, 32.6641, 66.8167, -80.6266, 74.0376, 153.646, 0.109751, 96.1068, 0.0979513, -25.9201, 0.107725, -146.276
90, 1.49167, 75.7885, 32.7371, 67.0569, -80.4982, 74.2965, 153.731, 0.110856, 96.4396, 0.098862, -25.4681, 0.108781, -145.906
90, 1.50000, 76.0498, 32.8091, 67.2986, -80.3707, 74.5565, 153.814, 0.111972, 96.7676, 0.0997824, -25.0213, 0.109847, -145.541
90, 1.50833, 76.3125, 32.8802, 67.542, -80.2441, 74.8177, 153.897, 0.113096, 97.0908, 0.100713, -24.5794, 0.110921, -145.181
91, 1.51667, 76.5765, 32.9504, 67.7869, -80.1184, 75.0802, 153.979, 0.11423, 97.4093, 0.101653, -24.1424, 0.112005, -144.826
92, 1.52500, 76.8419, 33.0197, 68.0335, -79.9936, 75.3438, 154.06, 0.115373, 97.7232, 0.102602, -23.7104, 0.113099, -144.475
92, 1.53333, 77.1087, 33.088, 68.2816, -79.8697, 75.6086, 154.14, 0.116526, 98.0325, 0.103562, -23.2832, 0.114202, -144.129
93, 1.54167, 77.3768, 33.1553, 68.5314, -79.7466, 75.8746, 154.219, 0.117688, 98.3373, 0.104532, -22.8607, 0.115314, -143.788
93, 1.55000, 77.6463, 33.2218, 68.7829, -79.6245, 76.1418, 154.298, 0.118859, 98.6376, 0.105511, -22.443, 0.116435, -143.451
93, 1.55833, 77.9172, 33.2872, 69.0359, -79.5032, 76.4102, 154.375, 0.120041, 98.9335, 0.1065, -22.03, 0.117566, -143.119
94, 1.56667, 78.1895, 33.3518, 69.2906, -79.3828, 76.6798, 154.452, 0.121231, 99.2251, 0.107499, -21.6215, 0.118706, -142.792
94, 1.57500, 78.4632, 33.4154, 69.547, -79.2634, 76.9506, 154.527, 0.122431, 99.5124, 0.108509, -21.2177, 0.119856, -142.468
95, 1.58333, 78.7382, 33.478, 69.805, -79.1448, 77.2225, 154.602, 0.123641, 99.7955, 0.109528, -20.8185, 0.121015, -142.149
96, 1.59167, 79.0147, 33.5398, 70.0647, -79.027, 77.4957, 154.676, 0.12486, 100.074, 0.110557, -20.4236, 0.122183, -141.835
96, 1.60000, 79.2925, 33.6005, 70.3261, -78.9102, 77.7701, 154.749, 0.126089, 100.349, 0.111596, -20.0333, 0.123361, -141.524
96, 1.60833, 79.5718, 33.6604, 70.5892, -78.7942, 78.0456, 154.822, 0.127327, 100.62, 0.112645, -19.6473, 0.124548, -141.218
97, 1.61667, 79.8524, 33.7192, 70.8539, -78.6791, 78.3223, 154.893, 0.128575, 100.887, 0.113705, -19.2656, 0.125744, -140.916
98, 1.62500, 80.1344, 33.7772, 71.1204, -78.5649, 78.6003, 154.963, 0.129832, 101.15, 0.114775, -18.8882, 0.12695, -140.618
98, 1.63333, 80.4179, 33.8342, 71.3886, -78.4516, 78.8794, 155.033, 0.1311, 101.409, 0.115854, -18.5151, 0.128166, -140.324
99, 1.64167, 80.7028, 33.8902, 71.6585, -78.3391, 79.1597, 155.102, 0.132377, 101.664, 0.116945, -18.1461, 0.12939, -140.034
99, 1.65000, 80.989, 33.9453, 71.9301, -78.2275, 79.4412, 155.17, 0.133663, 101.915, 0.118045, -17.7813, 0.130624, -139.748
99, 1.65833, 81.2767, 33.9994, 72.2035, -78.1168, 79.7239, 155.237, 0.134959, 102.162, 0.119156, -17.4206, 0.131868, -139.465
100, 1.66667, 81.5658, 34.0526, 72.4786, -78.0069, 80.0079, 155.303, 0.136266, 102.406, 0.120277, -17.0639, 0.133121, -139.187
101, 1.67500, 81.8564, 34.1048, 72.7555, -77.8979, 80.293, 155.369, 0.137582, 102.646, 0.121408, -16.7112, 0.134384, -138.912
101, 1.68333, 82.1483, 34.1561, 73.0342, -77.7898, 80.5793, 155.433, 0.138907, 102.883, 0.12255, -16.3625, 0.135656, -138.641
102, 1.69167, 82.4417, 34.2064, 73.3147, -77.6826, 80.8668, 155.497, 0.140243, 103.116, 0.123703, -16.0177, 0.136937, -138.373
102, 1.70000, 82.7365, 34.2558, 73.5969, -77.5762, 81.1555, 155.56, 0.141588, 103.346, 0.124866, -15.6768, 0.138228, -138.11
102, 1.70833, 83.0327, 34.3042, 73.8809, -77.4707, 81.4454, 155.622, 0.142944, 103.572, 0.126039, -15.3397, 0.139529, -137.849
103, 1.71667, 83.3304, 34.3516, 74.1668, -77.366, 81.7365, 155.684, 0.144309, 103.794, 0.127224, -15.0064, 0.140839, -137.592
104, 1.72500, 83.6295, 34.3981, 74.4545, -77.2622, 82.0288, 155.744, 0.145684, 104.013, 0.128419, -14.6768, 0.142158, -137.339
104, 1.73333, 83.9301, 34.4436, 74.744, -77.1593, 82.3223, 155.804, 0.147069, 104.229, 0.129624, -14.3509, 0.143488, -137.089
105, 1.74167, 84.2321, 34.4882, 75.0354, -77.0572, 82.617, 155.863, 0.148465, 104.442, 0.130841, -14.0287, 0.144826, -136.842
105, 1.75000, 84.5356, 34.5318, 75.3287, -76.956, 82.9129, 155.921, 0.14987, 104.651, 0.132068, -13.7101, 0.146175, -136.599
105, 1.75833, 84.8405, 34.5744, 75.6238, -76.8557, 83.21, 155.979, 0.151285, 104.857, 0.133307, -13.3951, 0.147533, -136.359
106, 1.76667, 85.1468, 34.616, 75.9209, -76.7562, 83.5084, 156.035, 0.152711, 105.06, 0.134556, -13.0836, 0.148901, -136.122
107, 1.77500, 85.4546, 34.6567, 76.2198, -76.6576, 83.8079, 156.091, 0.154147, 105.259, 0.135817, -12.7756, 0.150278, -135.888
107, 1.78333, 85.7639, 34.6964, 76.5206, -76.5598, 84.1086, 156.146, 0.155592, 105.456, 0.137088, -12.471, 0.151665, -135.657
108, 1.79167, 86.0746, 34.7352, 76.8234, -76.4629, 84.4106, 156.2, 0.157049, 105.649, 0.138371, -12.1699, 0.153062, -135.43
108, 1.80000, 86.3868, 34.7729, 77.1281, -76.3668, 84.7137, 156.254, 0.158515, 105.839, 0.139665, -11.8721, 0.154468, -135.205
108, 1.80833, 86.7005, 34.8097, 77.4348, -76.2716, 85.0181, 156.306, 0.159992, 106.027, 0.14097, -11.5777, 0.155884, -134.984
109, 1.81667, 87.0156, 34.8456, 77.7434, -76.1773, 85.3237, 156.358, 0.161479, 106.211, 0.142287, -11.2866, 0.15731, -134.765
109, 1.82500, 87.3322, 34.8804, 78.0541, -76.0838, 85.6305, 156.409, 0.162976, 106.392, 0.143615, -10.9988, 0.158746, -134.55
110, 1.83333, 87.6502, 34.9142, 78.3667, -75.9911, 85.9385, 156.46, 0.164484, 106.571, 0.144954, -10.7142, 0.160191, -134.337
111, 1.84167, 87.9698, 34.9471, 78.6813, -75.8993, 86.2477, 156.509, 0.166002, 106.746, 0.146305, -10.4328, 0.161647, -134.127
111, 1.85000, 88.2908, 34.979, 78.998, -75.8084, 86.5581, 156.558, 0.16753, 106.919, 0.147668, -10.1545, 0.163112, -133.92
111, 1.85833, 88.6132, 35.0099, 79.3167, -75.7184, 86.8698, 156.606, 0.169069, 107.089, 0.149043, -9.87946, 0.164587, -133.716
112, 1.86667, 88.9372, 35.0398, 79.6375, -75.6291, 87.1827, 156.654, 0.170619, 107.256, 0.150429, -9.60744, 0.166072, -133.515
113, 1.87500, 89.2626, 35.0687, 79.9604, -75.5408, 87.4968, 156.7, 0.172179, 107.42, 0.151827, -9.33852, 0.167567, -133.316
113, 1.88333, 89.5895, 35.0966, 80.2854, -75.4533, 87.8121, 156.746, 0.17375, 107.582, 0.153237, -9.07263, 0.169071, -133.12
114, 1.89167, 89.918, 35.1235, 80.6125, -75.3666, 88.1287, 156.792, 0.175332, 107.74, 0.15466, -8.80971, 0.170586, -132.926
114, 1.90000, 90.2478, 35.1495, 80.9417, -75.2808, 88.4465, 156.836, 0.176924, 107.896, 0.156094, -8.5498, 0.172111, -132.735
114, 1.90833, 90.5791, 35.1744, 81.273, -75.1959, 88.7655, 156.88, 0.178527, 108.05, 0.157541, -8.29284, 0.173646, -132.547
115, 1.91667, 90.912, 35.1983, 81.6066, -75.1118, 89.0857, 156.923, 0.18014, 108.2, 0.159, -8.03875, 0.175191, -132.361
116, 1.92500, 91.2463, 35.2212, 81.9422, -75.0286, 89.4072, 156.965, 0.181765, 108.348, 0.160471, -7.78758, 0.176746, -132.178
116, 1.93333, 91.5821, 35.2432, 82.2801, -74.9463, 89.7299, 157.007, 0.1834, 108.494, 0.161955, -7.53927, 0.178311, -131.997
117, 1.94167, 91.9194, 35.2641, 82.6203, -74.8648, 90.0539, 157.048, 0.185046, 108.637, 0.163451, -7.29375, 0.179886, -131.818
117, 1.95000, 92.2582, 35.284, 82.9626, -74.7842, 90.3791, 157.088, 0.186703, 108.777, 0.16496, -7.05107, 0.181471, -131.642
117, 1.95833, 92.5984, 35.3028, 83.3072, -74.7044, 90.7055, 157.128, 0.188371, 108.915, 0.166482, -6.81116, 0.183067, -131.468
118, 1.96667, 92.9402, 35.3207, 83.6542, -74.6255, 91.0332, 157.167, 0.19005, 109.05, 0.168017, -6.57397, 0.184673, -131.297
119, 1.97500, 93.2834, 35.3375, 84.0033, -74.5475, 91.3622, 157.205, 0.19174, 109.183, 0.169565, -6.33952, 0.186289, -131.128
119, 1.98333, 93.628, 35.3534, 84.3548, -74.4704, 91.6923, 157.243, 0.193441, 109.313, 0.171125, -6.10778, 0.187915, -130.961
120, 1.99167, 93.9742, 35.3682, 84.7087, -74.3941, 92.0238, 157.28, 0.195153, 109.441, 0.172699, -5.87869, 0.189552, -130.796
120, 2.00000, 94.3219, 35.382, 85.0649, -74.3187, 92.3565, 157.316, 0.196876, 109.567, 0.174286, -5.65227, 0.191199, -130.634
120, 2.00833, 94.671, 35.3947, 85.4235, -74.2442, 92.6905, 157.352, 0.19861, 109.69, 0.175887, -5.42847, 0.192856, -130.474
121, 2.01667, 95.0216, 35.4064, 85.7845, -74.1706, 93.0257, 157.387, 0.200356, 109.81, 0.177501, -5.20726, 0.194525, -130.315
122, 2.02500, 95.3736, 35.4171, 86.1479, -74.0978, 93.3623, 157.421, 0.202112, 109.928, 0.179129, -4.98865, 0.196203, -130.159
122, 2.03333, 95.7271, 35.4267, 86.5137, -74.026, 93.7, 157.455, 0.20388, 110.044, 0.18077, -4.7726, 0.197892, -130.006
123, 2.04167, 96.0822, 35.4353, 86.882, -73.955, 94.0391, 157.488, 0.20566, 110.158, 0.182425, -4.55907, 0.199591, -129.854
123, 2.05000, 96.4386, 35.4429, 87.2528, -73.8849, 94.3795, 157.521, 0.20745, 110.269, 0.184094, -4.34808, 0.201301, -129.704
123, 2.05833, 96.7965, 35.4494, 87.6261, -73.8157, 94.7211, 157.553, 0.209252, 110.378, 0.185777, -4.13959, 0.203022, -129.556
124, 2.06667, 97.1559, 35.4549, 88.002, -73.7474, 95.0641, 157.584, 0.211065, 110.485, 0.187475, -3.93356, 0.204753, -129.41
125, 2.07500, 97.5167, 35.4593, 88.3804, -73.6801, 95.4083, 157.615, 0.212889, 110.589, 0.189186, -3.73001, 0.206495, -129.266
125, 2.08333, 97.8789, 35.4627, 88.7614, -73.6136, 95.7538, 157.645, 0.214725, 110.691, 0.190912, -3.52891, 0.208248, -129.124
126, 2.09167, 98.2426, 35.465, 89.145, -73.548, 96.1007, 157.674, 0.216573, 110.791, 0.192653, -3.33021, 0.210011, -128.984
126, 2.10000, 98.6077, 35.4663, 89.5312, -73.4834, 96.4489, 157.703, 0.218431, 110.889, 0.194408, -3.13394, 0.211786, -128.846
126, 2.10833, 98.9742, 35.4665, 89.92, -73.4197, 96.7984, 157.732, 0.220302, 110.984, 0.196178, -2.94006, 0.213571, -128.709
127, 2.11667, 99.3422, 35.4657, 90.3116, -73.3569, 97.1492, 157.76, 0.222184, 111.078, 0.197963, -2.74854, 0.215367, -128.575
128, 2.12500, 99.7116, 35.4637, 90.7058, -73.2951, 97.5014, 157.787, 0.224077, 111.169, 0.199763, -2.55941, 0.217174, -128.442
128, 2.13333, 100.082, 35.4607, 91.1028, -73.2341, 97.8549, 157.814, 0.225982, 111.258, 0.201578, -2.37262, 0.218992, -128.311
129, 2.14167, 100.455, 35.4567, 91.5025, -73.1742, 98.2098, 157.84, 0.227898, 111.345, 0.203408, -2.18814, 0.220822, -128.182
129, 2.15000, 100.828, 35.4516, 91.905, -73.1152, 98.566, 157.865, 0.229826, 111.429, 0.205254, -2.00601, 0.222662, -128.054
129, 2.15833, 101.203, 35.4454, 92.3103, -73.0571, 98.9236, 157.891, 0.231766, 111.512, 0.207116, -1.82618, 0.224514, -127.928
130, 2.16667, 101.579, 35.4381, 92.7184, -73, 99.2826, 157.915, 0.233717, 111.592, 0.208993, -1.64863, 0.226377, -127.804
131, 2.17500, 101.957, 35.4297, 93.1294, -72.9439, 99.643, 157.939, 0.23568, 111.671, 0.210886, -1.47338, 0.228251, -127.681
131, 2.18333, 102.336, 35.4203, 93.5432, -72.8888, 100.005, 157.963, 0.237655, 111.747, 0.212795, -1.3004, 0.230136, -127.56
132, 2.19167, 102.716, 35.4098, 93.9601, -72.8346, 100.368, 157.986, 0.239641, 111.821, 0.214721, -1.12966, 0.232033, -127.441
132, 2.20000, 103.098, 35.3982, 94.3797, -72.7814, 100.733, 158.008, 0.241639, 111.893, 0.216662, -0.961195, 0.233941, -127.323
132, 2.20833, 103.481, 35.3855, 94.8024, -72.7293, 101.099, 158.031, 0.243648, 111.963, 0.21862, -0.794971, 0.235861, -127.206
133, 2.21667, 103.865, 35.3717, 95.2281, -72.6781, 101.466, 158.052, 0.24567, 112.031, 0.220595, -0.63096, 0.237792, -127.092
134, 2.22500, 104.251, 35.3569, 95.6567, -72.628, 101.835, 158.073, 0.247703, 112.098, 0.222586, -0.469192, 0.239735, -126.978
134, 2.23333, 104.638, 35.3409, 96.0884, -72.5789, 102.206, 158.094, 0.249747, 112.162, 0.224595, -0.309641, 0.24169, -126.866
135, 2.24167, 105.026, 35.3239, 96.5233, -72.5308, 102.577, 158.114, 0.251804, 112.224, 0.22662, -0.15228, 0.243657, -126.756
135, 2.25000, 105.415, 35.3058, 96.9611, -72.4837, 102.951, 158.134, 0.253872, 112.284, 0.228663, 0.00285985, 0.245636, -126.647
135, 2.25833, 105.806, 35.2865, 97.4021, -72.4378, 103.326, 158.154, 0.255951, 112.342, 0.230723, 0.155804, 0.247626, -126.539
136, 2.26667, 106.198, 35.2662, 97.8463, -72.3928, 103.702, 158.173, 0.258043, 112.398, 0.232801, 0.306575, 0.249629, -126.433
137, 2.27500, 106.591, 35.2448, 98.2936, -72.349, 104.08, 158.191, 0.260146, 112.452, 0.234896, 0.455143, 0.251643, -126.328
137, 2.28333, 106.985, 35.2223, 98.7441, -72.3062, 104.46, 158.209, 0.262261, 112.504, 0.237009, 0.60153, 0.25367, -126.225
138, 2.29167, 107.38, 35.1987, 99.1979, -72.2646, 104.841, 158.227, 0.264387, 112.555, 0.239141, 0.745758, 0.255709, -126.123
138, 2.30000, 107.777, 35.174, 99.655, -72.224, 105.224, 158.244, 0.266525, 112.603, 0.24129, 0.887796, 0.257761, -126.022
138, 2.30833, 108.174, 35.1482, 100.115, -72.1846, 105.608, 158.261, 0.268674, 112.65, 0.243458, 1.02766, 0.259825, -125.922
139, 2.31667, 108.573, 35.1213, 100.579, -72.1463, 105.994, 158.278, 0.270836, 112.694, 0.245644, 1.16538, 0.261902, -125.824
140, 2.32500, 108.973, 35.0934, 101.046, -72.1091, 106.382, 158.294, 0.273008, 112.737, 0.247849, 1.30091, 0.263991, -125.726
140, 2.33333, 109.374, 35.0643, 101.516, -72.0731, 106.772, 158.31, 0.275193, 112.778, 0.250073, 1.43428, 0.266093, -125.63
141, 2.34167, 109.776, 35.0341, 101.99, -72.0382, 107.163, 158.325, 0.277388, 112.817, 0.252317, 1.5655, 0.268208, -125.536
141, 2.35000, 110.179, 35.0029, 102.467, -72.0045, 107.556, 158.34, 0.279596, 112.854, 0.254579, 1.69455, 0.270336, -125.442
141, 2.35833, 110.582, 34.9706, 102.948, -71.972, 107.95, 158.355, 0.281814, 112.89, 0.25686, 1.82143, 0.272477, -125.35
142, 2.36667, 110.987, 34.9371, 103.432, -71.9407, 108.347, 158.37, 0.284044, 112.923, 0.259161, 1.94616, 0.274631, -125.258
143, 2.37500, 111.393, 34.9026, 103.919, -71.9107, 108.745, 158.384, 0.286286, 112.955, 0.261482, 2.06871, 0.276799, -125.168
143, 2.38333, 111.8, 34.867, 104.41, -71.8818, 109.145, 158.398, 0.288538, 112.985, 0.263823, 2.1891, 0.27898, -125.079
144, 2.39167, 112.207, 34.8304, 104.905, -71.8542, 109.547, 158.411, 0.290802, 113.013, 0.266184, 2.30734, 0.281175, -124.991
144, 2.40000, 112.616, 34.7926, 105.403, -71.8279, 109.951, 158.424, 0.293077, 113.04, 0.268565, 2.42339, 0.283384, -124.904
144, 2.40833, 113.025, 34.7538, 105.905, -71.8028, 110.357, 158.437, 0.295364, 113.064, 0.270966, 2.53727, 0.285606, -124.818
145, 2.41667, 113.435, 34.714, 106.41, -71.779, 110.765, 158.45, 0.297661, 113.087, 0.273388, 2.64898, 0.287843, -124.733
146, 2.42500, 113.846, 34.673, 106.919, -71.7566, 111.175, 158.462, 0.29997, 113.109, 0.275831, 2.75851, 0.290094, -124.649
146, 2.43333, 114.257, 34.6311, 107.432, -71.7354, 111.587, 158.474, 0.302289, 113.128, 0.278294, 2.86585, 0.292359, -124.566
147, 2.44167, 114.669, 34.588, 107.948, -71.7156, 112.001, 158.486, 0.30462, 113.146, 0.280779, 2.97101, 0.294639, -124.484
147, 2.45000, 115.082, 34.544, 108.468, -71.6971, 112.418, 158.497, 0.306961, 113.162, 0.283285, 3.07398, 0.296933, -124.403
147, 2.45833, 115.496, 34.4989, 108.991, -71.6799, 112.836, 158.508, 0.309313, 113.176, 0.285812, 3.17475, 0.299242, -124.323
148, 2.46667, 115.91, 34.4527, 109.519, -71.6642, 113.257, 158.519, 0.311675, 113.189, 0.288361, 3.27332, 0.301567, -124.244
149, 2.47500, 116.325, 34.4056, 110.05, -71.6498, 113.68, 158.53, 0.314049, 113.2, 0.290932, 3.36968, 0.303907, -124.166
149, 2.48333, 116.74, 34.3574, 110.585, -71.6369, 114.105, 158.54, 0.316432, 113.21, 0.293524, 3.46383, 0.306262, -124.089
150, 2.49167, 117.156, 34.3083, 111.123, -71.6253, 114.533, 158.551, 0.318827, 113.218, 0.296138, 3.55577, 0.308632, -124.012
150, 2.50000, 117.572, 34.2581, 111.666, -71.6152, 114.963, 158.56, 0.321231, 113.224, 0.298775, 3.64548, 0.311019, -123.937
150, 2.50833, 117.988, 34.207, 112.212, -71.6066, 115.395, 158.57, 0.323646, 113.229, 0.301434, 3.73296, 0.313422, -123.862
151, 2.51667, 118.406, 34.1548, 112.762, -71.5994, 115.83, 158.58, 0.326072, 113.233, 0.304115, 3.81821, 0.315841, -123.788
152, 2.52500, 118.823, 34.1018, 113.315, -71.5938, 116.268, 158.589, 0.328507, 113.234, 0.306819, 3.90121, 0.318276, -123.715
152, 2.53333, 119.241, 34.0477, 113.873, -71.5896, 116.708, 158.598, 0.330952, 113.235, 0.309545, 3.98196, 0.320728, -123.643
153, 2.54167, 119.659, 33.9928, 114.434, -71.5869, 117.151, 158.606, 0.333407, 113.233, 0.312295, 4.06046, 0.323198, -123.572
153, 2.55000, 120.077, 33.9369, 114.999, -71.5858, 117.597, 158.615, 0.335872, 113.231, 0.315068, 4.13669, 0.325684, -123.502
153, 2.55833, 120.495, 33.8801, 115.568, -71.5862, 118.046, 158.623, 0.338347, 113.226, 0.317863, 4.21065, 0.328188, -123.432
154, 2.56667, 120.914, 33.8224, 116.141, -71.5882, 118.497, 158.631, 0.340832, 113.221, 0.320682, 4.28235, 0.33071, -123.363
155, 2.57500, 121.333, 33.7638, 116.718, -71.5917, 118.951, 158.639, 0.343325, 113.214, 0.323525, 4.35175, 0.333249, -123.295
155, 2.58333, 121.752, 33.7044, 117.298, -71.5969, 119.409, 158.646, 0.345829, 113.205, 0.32639, 4.41887, 0.335807, -123.228
156, 2.59167, 122.171, 33.6441, 117.882, -71.6036, 119.869, 158.653, 0.348341, 113.196, 0.32928, 4.4837, 0.338384, -123.162
156, 2.60000, 122.59, 33.583, 118.47, -71.612, 120.333, 158.66, 0.350863, 113.185, 0.332193, 4.54622, 0.340979, -123.096
156, 2.60833, 123.009, 33.521, 119.062, -71.622, 120.799, 158.667, 0.353394, 113.172, 0.33513, 4.60644, 0.343594, -123.031
157, 2.61667, 123.428, 33.4583, 119.658, -71.6336, 121.27, 158.673, 0.355934, 113.159, 0.338091, 4.66435, 0.346228, -122.967
158, 2.62500, 123.847, 33.3948, 120.257, -71.6469, 121.743, 158.679, 0.358482, 113.144, 0.341075, 4.71994, 0.348882, -122.904
158, 2.63333, 124.266, 33.3305, 120.86, -71.6619, 122.22, 158.685, 0.36104, 113.127, 0.344084, 4.77321, 0.351556, -122.842
159, 2.64167, 124.685, 33.2655, 121.467, -71.6786, 122.7, 158.69, 0.363606, 113.11, 0.347117, 4.82415, 0.35425, -122.78
159, 2.65000, 125.104, 33.1998, 122.077, -71.6969, 123.184, 158.696, 0.366181, 113.091, 0.350174, 4.87277, 0.356966, -122.719
159, 2.65833, 125.522, 33.1334, 122.692, -71.717, 123.671, 158.7, 0.368764, 113.072, 0.353255, 4.91904, 0.359702, -122.66
160, 2.66667, 125.94, 33.0663, 123.31, -71.7388, 124.163, 158.705, 0.371356, 113.051, 0.356361, 4.96299, 0.36246, -122.6
161, 2.67500, 126.358, 32.9985, 123.931, -71.7622, 124.658, 158.709, 0.373956, 113.029, 0.359491, 5.00459, 0.365239, -122.542
161, 2.68333, 126.776, 32.9301, 124.556, -71.7875, 125.157, 158.713, 0.376564, 113.006, 0.362646, 5.04385, 0.368041, -122.485
162, 2.69167, 127.194, 32.8612, 125.185, -71.8144, 125.66, 158.716, 0.37918, 112.982, 0.365825, 5.08077, 0.370865, -122.428
162, 2.70000, 127.611, 32.7916, 125.818, -71.8432, 126.167, 158.719, 0.381805, 112.957, 0.369028, 5.11534, 0.373712, -122.372
162, 2.70833, 128.027, 32.7215, 126.453, -71.8736, 126.678, 158.721, 0.384437, 112.931, 0.372255, 5.14757, 0.376583, -122.318
163, 2.71667, 128.444, 32.6508, 127.093, -71.9059, 127.193, 158.723, 0.387077, 112.904, 0.375508, 5.17747, 0.379477, -122.264
164, 2.72500, 128.86, 32.5796, 127.736, -71.9399, 127.713, 158.725, 0.389725, 112.876, 0.378785, 5.20501, 0.382395, -122.21
164, 2.73333, 129.276, 32.508, 128.382, -71.9756, 128.236, 158.726, 0.39238, 112.847, 0.382086, 5.23022, 0.385338, -122.158
165, 2.74167, 129.691, 32.4359, 129.032, -72.0132, 128.765, 158.727, 0.395044, 112.817, 0.385412, 5.2531, 0.388305, -122.107
165, 2.75000, 130.106, 32.3634, 129.685, -72.0525, 129.298, 158.726, 0.397715, 112.787, 0.388762, 5.27364, 0.391298, -122.057
165, 2.75833, 130.521, 32.2904, 130.341, -72.0936, 129.835, 158.726, 0.400393, 112.755, 0.392136, 5.29185, 0.394316, -122.008
166, 2.76667, 130.935, 32.2171, 131.001, -72.1364, 130.378, 158.725, 0.40308, 112.723, 0.395535, 5.30774, 0.39736, -121.959
167, 2.77500, 131.348, 32.1434, 131.664, -72.1811, 130.925, 158.723, 0.405773, 112.691, 0.398959, 5.32132, 0.400431, -121.912
167, 2.78333, 131.762, 32.0695, 132.33, -72.2275, 131.476, 158.721, 0.408474, 112.657, 0.402406, 5.33259, 0.403528, -121.866
168, 2.79167, 132.175, 31.9952, 132.999, -72.2757, 132.033, 158.717, 0.411183, 112.623, 0.405878, 5.34156, 0.406653, -121.821
168, 2.80000, 132.587, 31.9206, 133.671, -72.3256, 132.595, 158.714, 0.413899, 112.588, 0.409374, 5.34824, 0.409805, -121.777
168, 2.80833, 132.999, 31.8458, 134.347, -72.3773, 133.162, 158.709, 0.416622, 112.553, 0.412895, 5.35265, 0.412985, -121.734
169, 2.81667, 133.411, 31.7708, 135.025, -72.4308, 133.734, 158.704, 0.419353, 112.517, 0.416439, 5.35478, 0.416194, -121.692
170, 2.82500, 133.822, 31.6956, 135.706, -72.486, 134.311, 158.698, 0.422092, 112.48, 0.420008, 5.35466, 0.419432, -121.652
170, 2.83333, 134.233, 31.6203, 136.39, -72.543, 134.894, 158.691, 0.424838, 112.443, 0.4236, 5.3523, 0.422698, -121.613
171, 2.84167, 134.643, 31.5447, 137.077, -72.6017, 135.482, 158.683, 0.427592, 112.406, 0.427216, 5.34772, 0.425995, -121.574
171, 2.85000, 135.054, 31.4691, 137.767, -72.6621, 136.075, 158.674, 0.430353, 112.368, 0.430856, 5.34092, 0.429321, -121.538
171, 2.85833, 135.464, 31.3934, 138.459, -72.7242, 136.674, 158.664, 0.433122, 112.329, 0.43452, 5.33192, 0.432678, -121.502
172, 2.86667, 135.874, 31.3177, 139.154, -72.7881, 137.278, 158.653, 0.435899, 112.29, 0.438207, 5.32075, 0.436065, -121.468
173, 2.87500, 136.283, 31.2419, 139.852, -72.8536, 137.888, 158.642, 0.438684, 112.251, 0.441918, 5.30742, 0.439484, -121.435
173, 2.88333, 136.692, 31.1661, 140.552, -72.9208, 138.504, 158.629, 0.441477, 112.212, 0.445652, 5.29195, 0.442934, -121.404
174, 2.89167, 137.102, 31.0903, 141.254, -72.9896, 139.126, 158.615, 0.444278, 112.172, 0.44941, 5.27436, 0.446416, -121.374
174, 2.90000, 137.511, 31.0145, 141.959, -73.0601, 139.753, 158.6, 0.447087, 112.132, 0.45319, 5.25468, 0.449931, -121.346
174, 2.90833, 137.92, 30.9388, 142.667, -73.1322, 140.386, 158.584, 0.449905, 112.092, 0.456994, 5.23291, 0.453478, -121.319
175, 2.91667, 138.329, 30.8631, 143.376, -73.206, 141.025, 158.566, 0.452731, 112.051, 0.460821, 5.20909, 0.457058, -121.293
176, 2.92500, 138.738, 30.7876, 144.088, -73.2813, 141.67, 158.548, 0.455566, 112.01, 0.464671, 5.18325, 0.460671, -121.269
176, 2.93333, 139.147, 30.7121, 144.803, -73.3581, 142.321, 158.528, 0.45841, 111.969, 0.468543, 5.1554, 0.464317, -121.247
177, 2.94167, 139.557, 30.6368, 145.519, -73.4366, 142.978, 158.507, 0.461264, 111.928, 0.472438, 5.12556, 0.467998, -121.227
177, 2.95000, 139.966, 30.5616, 146.238, -73.5165, 143.64, 158.484, 0.464126, 111.887, 0.476356, 5.09378, 0.471713, -121.208
177, 2.95833, 140.376, 30.4866, 146.958, -73.598, 144.309, 158.46, 0.466998, 111.846, 0.480296, 5.06007, 0.475462, -121.191
178, 2.96667, 140.786, 30.4117, 147.681, -73.6809, 144.984, 158.435, 0.46988, 111.804, 0.484259, 5.02445, 0.479247, -121.175
179, 2.97500, 141.197, 30.337, 148.405, -73.7653, 145.665, 158.408, 0.472772, 111.763, 0.488244, 4.98696, 0.483066, -121.162
179, 2.98333, 141.608, 30.2626, 149.132, -73.8511, 146.353, 158.379, 0.475674, 111.721, 0.492251, 4.94763, 0.48692, -121.15
180, 2.99167, 142.02, 30.1883, 149.861, -73.9384, 147.046, 158.349, 0.478587, 111.679, 0.496281, 4.90648, 0.490811, -121.14
180, 3.00000, 142.433, 30.1142, 150.591, -74.027, 147.746, 158.318, 0.481511, 111.638, 0.500333, 4.86355, 0.494737, -121.132
180, 3.00833, 142.846, 30.0404, 151.323, -74.117, 148.451, 158.284, 0.484446, 111.596, 0.504406, 4.81885, 0.498699, -121.126
181, 3.01667, 143.26, 29.9668, 152.057, -74.2084, 149.163, 158.25, 0.487392, 111.554, 0.508502, 4.77242, 0.502698, -121.122
182, 3.02500, 143.675, 29.8934, 152.793, -74.301, 149.881, 158.213, 0.49035, 111.512, 0.51262, 4.7243, 0.506732, -121.12
182, 3.03333, 144.091, 29.8202, 153.53, -74.395, 150.605, 158.175, 0.49332, 111.471, 0.516759, 4.67451, 0.510804, -121.12
183, 3.04167, 144.508, 29.7473, 154.27, -74.4902, 151.335, 158.135, 0.496303, 111.429, 0.520921, 4.62307, 0.514912, -121.122
183, 3.05000, 144.926, 29.6746, 155.011, -74.5866, 152.072, 158.093, 0.499298, 111.387, 0.525104, 4.57003, 0.519057, -121.126
183, 3.05833, 145.346, 29.6021, 155.753, -74.6843, 152.814, 158.05, 0.502307, 111.345, 0.529309, 4.5154, 0.52324, -121.132
184, 3.06667, 145.767, 29.5299, 156.498, -74.7832, 153.563, 158.004, 0.505329, 111.303, 0.533536, 4.45922, 0.52746, -121.14
185, 3.07500, 146.189, 29.4579, 157.244, -74.8832, 154.318, 157.957, 0.508364, 111.261, 0.537785, 4.40152, 0.531717, -121.15
185, 3.08333, 146.613, 29.3861, 157.991, -74.9844, 155.078, 157.908, 0.511414, 111.219, 0.542055, 4.34233, 0.536012, -121.163
186, 3.09167, 147.038, 29.3145, 158.741, -75.0867, 155.845, 157.857, 0.514478, 111.178, 0.546348, 4.28167, 0.540345, -121.178
186, 3.10000, 147.465, 29.2431, 159.491, -75.19, 156.618, 157.804, 0.517558, 111.136, 0.550662, 4.21957, 0.544715, -121.195
186, 3.10833, 147.894, 29.1719, 160.244, -75.2945, 157.397, 157.749, 0.520652, 111.094, 0.554999, 4.15608, 0.549123, -121.214
187, 3.11667, 148.325, 29.1009, 160.998, -75.3999, 158.181, 157.692, 0.523763, 111.052, 0.559357, 4.09119, 0.553569, -121.235
188, 3.12500, 148.758, 29.03, 161.754, -75.5064, 158.972, 157.633, 0.526889, 111.01, 0.563737, 4.02495, 0.558053, -121.259
188, 3.13333, 149.193, 28.9593, 162.511, -75.6139, 159.768, 157.572, 0.530031, 110.968, 0.56814, 3.95739, 0.562574, -121.285
189, 3.14167, 149.63, 28.8887, 163.271, -75.7224, 160.571, 157.509, 0.533191, 110.926, 0.572565, 3.88853, 0.567135, -121.314
189, 3.15000, 150.069, 28.8183, 164.031, -75.8319, 161.379, 157.444, 0.536368, 110.883, 0.577012, 3.81839, 0.571733, -121.344
189, 3.15833, 150.511, 28.7479, 164.794, -75.9422, 162.192, 157.377, 0.539562, 110.841, 0.581481, 3.747, 0.576369, -121.377
190, 3.16667, 150.955, 28.6776, 165.558, -76.0535, 163.012, 157.308, 0.542775, 110.799, 0.585973, 3.67438, 0.581044, -121.413
191, 3.17500, 151.402, 28.6074, 166.324, -76.1657, 163.837, 157.237, 0.546005, 110.756, 0.590488, 3.60055, 0.585756, -121.45
191, 3.18333, 151.851, 28.5372, 167.092, -76.2788, 164.668, 157.163, 0.549255, 110.713, 0.595025, 3.52555, 0.590507, -121.49
192, 3.19167, 152.303, 28.467, 167.861, -76.3927, 165.504, 157.088, 0.552524, 110.67, 0.599586, 3.44938, 0.595296, -121.533
192, 3.20000, 152.757, 28.3968, 168.633, -76.5075, 166.346, 157.01, 0.555812, 110.627, 0.604169, 3.37207, 0.600123, -121.578
192, 3.20833, 153.215, 28.3266, 169.406, -76.623, 167.193, 156.93, 0.55912, 110.584, 0.608776, 3.29364, 0.604988, -121.625
193, 3.21667, 153.675, 28.2563, 170.181, -76.7395, 168.045, 156.849, 0.562448, 110.54, 0.613407, 3.2141, 0.609892, -121.674
194, 3.22500, 154.138, 28.1859, 170.958, -76.8567, 168.903, 156.765, 0.565797, 110.497, 0.618061, 3.13349, 0.614833, -121.726
194, 3.23333, 154.605, 28.1154, 171.737, -76.9747, 169.766, 156.679, 0.569167, 110.453, 0.622739, 3.0518, 0.619812, -121.781
195, 3.24167, 155.074, 28.0448, 172.518, -77.0934, 170.635, 156.59, 0.572559, 110.408, 0.627441, 2.96905, 0.62483, -121.838
195, 3.25000, 155.547, 27.974, 173.301, -77.213, 171.508, 156.5, 0.575972, 110.363, 0.632168, 2.88528, 0.629886, -121.897
195, 3.25833, 156.022, 27.903, 174.087, -77.3332, 172.387, 156.407, 0.579407, 110.318, 0.636919, 2.80048, 0.634979, -121.958
196, 3.26667, 156.502, 27.8317, 174.874, -77.4543, 173.27, 156.313, 0.582864, 110.273, 0.641695, 2.71465, 0.64011, -122.022
197, 3.27500, 156.984, 27.7602, 175.664, -77.576, 174.159, 156.216, 0.586345, 110.227, 0.646496, 2.62784, 0.645279, -122.089
197, 3.28333, 157.47, 27.6884, 176.456, -77.6985, 175.052, 156.117, 0.589848, 110.18, 0.651322, 2.54004, 0.650486, -122.157
198, 3.29167, 157.96, 27.6163, 177.25, -77.8217, 175.951, 156.015, 0.593375, 110.133, 0.656175, 2.45124, 0.655731, -122.229
198, 3.30000, 158.453, 27.5439, 178.046, -77.9457, 176.854, 155.912, 0.596925, 110.086, 0.661053, 2.36149, 0.661012, -122.302
198, 3.30833, 158.949, 27.4711, 178.845, -78.0703, 177.762, 155.807, 0.600499, 110.038, 0.665956, 2.27077, 0.666332, -122.378
199, 3.31667, 159.449, 27.3979, 179.647, -78.1956, 178.674, 155.699, 0.604098, 109.989, 0.670888, 2.17909, 0.67169, -122.456
200, 3.32500, 159.953, 27.3242, 180.451, -78.3217, 179.592, 155.589, 0.60772, 109.94, 0.675845, 2.08646, 0.677084, -122.537
200, 3.33333, 160.46, 27.2501, 181.258, -78.4484, 180.513, 155.477, 0.611368, 109.891, 0.680829, 1.99289, 0.682516, -122.62
201, 3.34167, 160.972, 27.1754, 182.067, -78.5759, 181.44, 155.363, 0.615041, 109.84, 0.685841, 1.89836, 0.687986, -122.705
201, 3.35000, 161.487, 27.1002, 182.879, -78.7041, 182.371, 155.247, 0.618739, 109.789, 0.690881, 1.8029, 0.693492, -122.793
201, 3.35833, 162.005, 27.0245, 183.694, -78.8329, 183.306, 155.129, 0.622463, 109.737, 0.695948, 1.70651, 0.699036, -122.883
202, 3.36667, 162.528, 26.9482, 184.512, -78.9625, 184.246, 155.008, 0.626213, 109.685, 0.701044, 1.60917, 0.704617, -122.976
203, 3.37500, 163.054, 26.8712, 185.332, -79.0928, 185.19, 154.886, 0.629988, 109.632, 0.706169, 1.5109, 0.710235, -123.071
203, 3.38333, 163.585, 26.7936, 186.156, -79.2237, 186.138, 154.761, 0.63379, 109.577, 0.711322, 1.4117, 0.71589, -123.168
204, 3.39167, 164.119, 26.7154, 186.982, -79.3554, 187.09, 154.634, 0.637619, 109.522, 0.716506, 1.31154, 0.721582, -123.267
204, 3.40000, 164.657, 26.6364, 187.812, -79.4878, 188.047, 154.505, 0.641474, 109.467, 0.721718, 1.21046, 0.727311, -123.369
204, 3.40833, 165.199, 26.5566, 188.645, -79.621, 189.008, 154.375, 0.645355, 109.41, 0.726961, 1.10843, 0.733076, -123.473
205, 3.41667, 165.745, 26.4761, 189.481, -79.7549, 189.973, 154.241, 0.649264, 109.352, 0.732234, 1.00544, 0.738879, -123.579
206, 3.42500, 166.295, 26.3948, 190.321, -79.8895, 190.941, 154.106, 0.6532, 109.294, 0.737538, 0.901502, 0.744718, -123.688
206, 3.43333, 166.848, 26.3127, 191.163, -80.0248, 191.914, 153.969, 0.657164, 109.234, 0.742873, 0.79661, 0.750593, -123.798
207, 3.44167, 167.406, 26.2297, 192.01, -80.161, 192.891, 153.83, 0.661155, 109.174, 0.74824, 0.690739, 0.756506, -123.911
207, 3.45000, 167.968, 26.1459, 192.859, -80.2978, 193.871, 153.689, 0.665173, 109.112, 0.753637, 0.583908, 0.762454, -124.027
207, 3.45833, 168.534, 26.0611, 193.712, -80.4355, 194.856, 153.545, 0.669219, 109.05, 0.759067, 0.476097, 0.768439, -124.144
208, 3.46667, 169.103, 25.9754, 194.569, -80.574, 195.844, 153.4, 0.673294, 108.986, 0.764531, 0.367284, 0.774461, -124.264
209, 3.47500, 169.677, 25.8888, 195.43, -80.7132, 196.836, 153.253, 0.677396, 108.921, 0.770026, 0.257487, 0.780518, -124.386
209, 3.48333, 170.255, 25.8011, 196.294, -80.8532, 197.831, 153.103, 0.681527, 108.856, 0.775554, 0.146683, 0.786612, -124.511
210, 3.49167, 170.836, 25.7125, 197.162, -80.9941, 198.83, 152.952, 0.685686, 108.789, 0.781117, 0.0348487, 0.792742, -124.637
210, 3.50000, 171.422, 25.6228, 198.034, -81.1358, 199.833, 152.798, 0.689872, 108.721, 0.786713, -0.0780002, 0.798908, -124.766
210, 3.50833, 172.011, 25.5321, 198.909, -81.2784, 200.839, 152.643, 0.694088, 108.651, 0.792343, -0.191888, 0.80511, -124.897
211, 3.51667, 172.604, 25.4403, 199.789, -81.4218, 201.849, 152.485, 0.698332, 108.581, 0.798008, -0.30684, 0.811348, -125.03
212, 3.52500, 173.201, 25.3474, 200.673, -81.5661, 202.863, 152.326, 0.702604, 108.509, 0.803708, -0.422841, 0.817622, -125.165
212, 3.53333, 173.802, 25.2534, 201.56, -81.7113, 203.879, 152.164, 0.706905, 108.436, 0.809443, -0.539917, 0.823932, -125.302
213, 3.54167, 174.407, 25.1582, 202.452, -81.8574, 204.899, 152.001, 0.711235, 108.362, 0.815214, -0.658096, 0.830278, -125.442
213, 3.55000, 175.016, 25.0618, 203.348, -82.0044, 205.923, 151.835, 0.715593, 108.286, 0.82102, -0.777363, 0.836658, -125.584
213, 3.55833, 175.628, 24.9643, 204.248, -82.1523, 206.949, 151.668, 0.71998, 108.209, 0.826863, -0.897745, 0.843075, -125.728
214, 3.56667, 176.245, 24.8656, 205.152, -82.3012, 207.979, 151.498, 0.724397, 108.131, 0.832743, -1.01927, 0.849527, -125.874
215, 3.57500, 176.865, 24.7657, 206.061, -82.4511, 209.012, 151.327, 0.728841, 108.051, 0.838659, -1.14193, 0.856015, -126.022
215, 3.58333, 177.489, 24.6645, 206.974, -82.6019, 210.049, 151.154, 0.733314, 107.97, 0.844612, -1.26575, 0.862537, -126.172
216, 3.59167, 178.116, 24.562, 207.891, -82.7538, 211.088, 150.978, 0.737817, 107.888, 0.850604, -1.39075, 0.869096, -126.325
216, 3.60000, 178.747, 24.4583, 208.813, -82.9066, 212.13, 150.801, 0.742348, 107.804, 0.856633, -1.51693, 0.875689, -126.479
216, 3.60833, 179.382, 24.3533, 209.739, -83.0605, 213.176, 150.622, 0.746908, 107.719, 0.862699, -1.64432, 0.882317, -126.636
217, 3.61667, 180.02, 24.247, 210.67, -83.2155, 214.224, 150.44, 0.751497, 107.633, 0.868805, -1.77295, 0.888981, -126.795
217, 3.62500, 180.662, 24.1394, 211.605, -83.3715, 215.275, 150.257, 0.756114, 107.545, 0.87495, -1.9028, 0.895679, -126.956
218, 3.63333, 181.308, 24.0304, 212.545, -83.5287, 216.329, 150.072, 0.760759, 107.455, 0.881133, -2.0339, 0.902411, -127.119
219, 3.64167, 181.957, 23.9201, 213.489, -83.6869, 217.386, 149.885, 0.765435, 107.364, 0.887356, -2.16629, 0.909179, -127.284
219, 3.65000, 182.609, 23.8084, 214.438, -83.8463, 218.446, 149.696, 0.770138, 107.272, 0.893618, -2.29996, 0.91598, -127.451
219, 3.65833, 183.265, 23.6953, 215.392, -84.0068, 219.508, 149.505, 0.774869, 107.178, 0.89992, -2.43493, 0.922816, -127.621
220, 3.66667, 183.925, 23.5808, 216.35, -84.1685, 220.573, 149.312, 0.77963, 107.083, 0.906263, -2.57124, 0.929687, -127.792
221, 3.67500, 184.587, 23.465, 217.313, -84.3313, 221.641, 149.117, 0.784419, 106.986, 0.912645, -2.70887, 0.936591, -127.966
221, 3.68333, 185.253, 23.3477, 218.281, -84.4954, 222.711, 148.921, 0.789236, 106.887, 0.919068, -2.84786, 0.943529, -128.141
222, 3.69167, 185.922, 23.2289, 219.253, -84.6607, 223.784, 148.722, 0.794081, 106.787, 0.925533, -2.98825, 0.950502, -128.319
222, 3.70000, 186.595, 23.1088, 220.23, -84.8272, 224.859, 148.521, 0.798955, 106.686, 0.932038, -3.13001, 0.957507, -128.499
222, 3.70833, 187.27, 22.9872, 221.212, -84.995, 225.936, 148.319, 0.803856, 106.582, 0.938585, -3.27319, 0.964546, -128.681
223, 3.71667, 187.949, 22.8641, 222.199, -85.164, 227.016, 148.114, 0.808787, 106.478, 0.945174, -3.41781, 0.971619, -128.865
224, 3.72500, 188.63, 22.7395, 223.191, -85.3344, 228.098, 147.908, 0.813744, 106.371, 0.951804, -3.56386, 0.978724, -129.051
224, 3.73333, 189.315, 22.6135, 224.187, -85.5061, 229.182, 147.699, 0.818729, 106.264, 0.958476, -3.71138, 0.985862, -129.239
225, 3.74167, 190.003, 22.4859, 225.189, -85.6791, 230.269, 147.489, 0.823743, 106.154, 0.965191, -3.8604, 0.993033, -129.429
225, 3.75000, 190.694, 22.3569, 226.195, -85.8535, 231.357, 147.276, 0.828784, 106.043, 0.971947, -4.0109, 1.00024, -129.622
225, 3.75833, 191.387, 22.2264, 227.206, -86.0292, 232.447, 147.062, 0.833851, 105.93, 0.978746, -4.16293, 1.00747, -129.816
226, 3.76667, 192.083, 22.0943, 228.221, -86.2064, 233.54, 146.846, 0.838947, 105.816, 0.985588, -4.31651, 1.01474, -130.012
227, 3.77500, 192.782, 21.9607, 229.242, -86.385, 234.634, 146.628, 0.84407, 105.7, 0.992473, -4.47163, 1.02204, -130.211
227, 3.78333, 193.484, 21.8256, 230.267, -86.565, 235.729, 146.408, 0.849219, 105.582, 0.9994, -4.62832, 1.02937, -130.411
228, 3.79167, 194.189, 21.6889, 231.298, -86.7465, 236.827, 146.186, 0.854396, 105.463, 1.00637, -4.78663, 1.03673, -130.614
228, 3.80000, 194.896, 21.5508, 232.333, -86.9294, 237.926, 145.962, 0.859599, 105.342, 1.01339, -4.94653, 1.04412, -130.819
228, 3.80833, 195.605, 21.411, 233.372, -87.1138, 239.027, 145.736, 0.864828, 105.219, 1.02044, -5.10805, 1.05154, -131.026
229, 3.81667, 196.317, 21.2697, 234.417, -87.2998, 240.129, 145.508, 0.870085, 105.095, 1.02754, -5.27125, 1.05899, -131.234
230, 3.82500, 197.032, 21.1269, 235.466, -87.4872, 241.232, 145.278, 0.875366, 104.969, 1.03469, -5.43609, 1.06648, -131.445
230, 3.83333, 197.749, 20.9824, 236.521, -87.6763, 242.337, 145.046, 0.880674, 104.842, 1.04188, -5.60261, 1.07399, -131.658
231, 3.84167, 198.468, 20.8364, 237.58, -87.8669, 243.443, 144.813, 0.886009, 104.713, 1.04911, -5.77086, 1.08153, -131.874
231, 3.85000, 199.189, 20.6888, 238.643, -88.0591, 244.549, 144.577, 0.891368, 104.582, 1.05638, -5.94081, 1.0891, -132.091
231, 3.85833, 199.913, 20.5397, 239.711, -88.2528, 245.657, 144.339, 0.896752, 104.449, 1.0637, -6.11249, 1.0967, -132.31
232, 3.86667, 200.638, 20.3889, 240.784, -88.4483, 246.766, 144.1, 0.902163, 104.315, 1.07106, -6.28595, 1.10432, -132.531
233, 3.87500, 201.366, 20.2366, 241.862, -88.6453, 247.876, 143.858, 0.907597, 104.179, 1.07847, -6.46115, 1.11198, -132.755
233, 3.88333, 202.096, 20.0827, 242.944, -88.8441, 248.986, 143.615, 0.913057, 104.041, 1.08592, -6.63815, 1.11966, -132.98
234, 3.89167, 202.827, 19.9272, 244.03, -89.0445, 250.097, 143.369, 0.918541, 103.902, 1.09341, -6.81698, 1.12736, -133.208
234, 3.90000, 203.561, 19.7701, 245.121, -89.2466, 251.208, 143.122, 0.924049, 103.761, 1.10095, -6.99761, 1.1351, -133.438
234, 3.90833, 204.296, 19.6114, 246.217, -89.4504, 252.319, 142.872, 0.929581, 103.618, 1.10853, -7.18007, 1.14286, -133.669
235, 3.91667, 205.033, 19.451, 247.317, -89.656, 253.431, 142.621, 0.935137, 103.474, 1.11616, -7.36442, 1.15064, -133.903
236, 3.92500, 205.771, 19.2891, 248.421, -89.8633, 254.543, 142.368, 0.940717, 103.327, 1.12382, -7.55062, 1.15845, -134.139
236, 3.93333, 206.512, 19.1256, 249.529, -90.0724, 255.655, 142.112, 0.946319, 103.18, 1.13154, -7.73871, 1.16628, -134.377
237, 3.94167, 207.253, 18.9605, 250.642, -90.2833, 256.767, 141.855, 0.951945, 103.03, 1.13929, -7.92873, 1.17414, -134.617
237, 3.95000, 207.996, 18.7938, 251.759, -90.496, 257.878, 141.596, 0.957592, 102.879, 1.14709, -8.12065, 1.18201, -134.859
237, 3.95833, 208.741, 18.6254, 252.879, -90.7105, 258.989, 141.334, 0.963263, 102.726, 1.15493, -8.31451, 1.18991, -135.103
238, 3.96667, 209.486, 18.4555, 254.004, -90.9269, 260.1, 141.071, 0.968955, 102.571, 1.16281, -8.51034, 1.19784, -135.35
238, 3.97500, 210.233, 18.2839, 255.133, -91.145, 261.209, 140.806, 0.974669, 102.415, 1.17073, -8.70813, 1.20578, -135.598
239, 3.98333, 210.981, 18.1108, 256.266, -91.3651, 262.318, 140.539, 0.980405, 102.257, 1.1787, -8.90789, 1.21374, -135.848
240, 3.99167, 211.73, 17.936, 257.402, -91.5871, 263.426, 140.27, 0.986162, 102.097, 1.18671, -9.10968, 1.22173, -136.101
240, 4.00000, 212.48, 17.7596, 258.543, -91.8109, 264.533, 139.999, 0.991939, 101.936, 1.19476, -9.31346, 1.22973, -136.356
240, 4.00833, 213.231, 17.5817, 259.686, -92.0367, 265.639, 139.725, 0.997736, 101.773, 1.20285, -9.51927, 1.23775, -136.612
241, 4.01667, 213.983, 17.4021, 260.834, -92.2644, 266.743, 139.45, 1.00355, 101.608, 1.21099, -9.72715, 1.24578, -136.871
242, 4.02500, 214.736, 17.2209, 261.984, -92.4941, 267.846, 139.173, 1.00939, 101.441, 1.21916, -9.93706, 1.25384, -137.132
242, 4.03333, 215.489, 17.0381, 263.138, -92.7257, 268.946, 138.894, 1.01525, 101.273, 1.22737, -10.149, 1.26191, -137.395
243, 4.04167, 216.243, 16.8537, 264.296, -92.9593, 270.045, 138.613, 1.02113, 101.103, 1.23563, -10.3631, 1.26999, -137.66
243, 4.05000, 216.997, 16.6677, 265.456, -93.1949, 271.142, 138.33, 1.02702, 100.932, 1.24392, -10.5793, 1.27809, -137.927
243, 4.05833, 217.751, 16.4801, 266.619, -93.4325, 272.237, 138.046, 1.03293, 100.759, 1.25226, -10.7976, 1.2862, -138.196
244, 4.06667, 218.506, 16.2909, 267.785, -93.6721, 273.329, 137.759, 1.03886, 100.584, 1.26063, -11.018, 1.29432, -138.467
245, 4.07500, 219.262, 16.1001, 268.954, -93.9137, 274.419, 137.47, 1.04481, 100.407, 1.26904, -11.2405, 1.30246, -138.74
245, 4.08333, 220.017, 15.9077, 270.126, -94.1574, 275.506, 137.179, 1.05078, 100.229, 1.27749, -11.4652, 1.3106, -139.015
246, 4.09167, 220.772, 15.7138, 271.3, -94.4031, 276.59, 136.886, 1.05676, 100.049, 1.28597, -11.692, 1.31876, -139.293
246, 4.10000, 221.528, 15.5182, 272.476, -94.6509, 277.67, 136.592, 1.06276, 99.8673, 1.29449, -11.921, 1.32692, -139.572
246, 4.10833, 222.283, 15.3211, 273.655, -94.9008, 278.748, 136.295, 1.06877, 99.684, 1.30305, -12.1522, 1.33509, -139.853
247, 4.11667, 223.038, 15.1224, 274.835, -95.1528, 279.822, 135.996, 1.0748, 99.4991, 1.31164, -12.3856, 1.34327, -140.137
248, 4.12500, 223.793, 14.9222, 276.018, -95.4068, 280.892, 135.696, 1.08084, 99.3126, 1.32027, -12.6212, 1.35145, -140.422
248, 4.13333, 224.547, 14.7203, 277.202, -95.663, 281.958, 135.393, 1.0869, 99.1243, 1.32893, -12.8589, 1.35964, -140.71
249, 4.14167, 225.301, 14.5169, 278.388, -95.9213, 283.02, 135.089, 1.09298, 98.9345, 1.33763, -13.0989, 1.36783, -140.999
249, 4.15000, 226.054, 14.312, 279.576, -96.1817, 284.078, 134.783, 1.09906, 98.743, 1.34636, -13.3412, 1.37602, -141.291
249, 4.15833, 226.807, 14.1055, 280.764, -96.4442, 285.131, 134.474, 1.10516, 98.5499, 1.35512, -13.5856, 1.38421, -141.584
250, 4.16667, 227.559, 13.8974, 281.954, -96.7089, 286.179, 134.164, 1.11127, 98.3551, 1.36391, -13.8323, 1.3924, -141.88
251, 4.17500, 228.31, 13.6878, 283.145, -96.9757, 287.223, 133.852, 1.1174, 98.1588, 1.37273, -14.0812, 1.40059, -142.177
251, 4.18333, 229.06, 13.4767, 284.336, -97.2447, 288.261, 133.539, 1.12353, 97.9608, 1.38158, -14.3324, 1.40878, -142.476
252, 4.19167, 229.809, 13.264, 285.529, -97.5159, 289.294, 133.223, 1.12968, 97.7612, 1.39046, -14.5859, 1.41696, -142.778
252, 4.20000, 230.557, 13.0498, 286.721, -97.7892, 290.321, 132.905, 1.13584, 97.56, 1.39937, -14.8416, 1.42514, -143.081
252, 4.20833, 231.304, 12.8341, 287.914, -98.0647, 291.342, 132.586, 1.142, 97.3572, 1.40831, -15.0996, 1.43331, -143.386
253, 4.21667, 232.049, 12.6169, 289.107, -98.3425, 292.357, 132.264, 1.14818, 97.1529, 1.41727, -15.3598, 1.44148, -143.693
254, 4.22500, 232.793, 12.3982, 290.299, -98.6223, 293.366, 131.941, 1.15437, 96.9469, 1.42625, -15.6224, 1.44963, -144.003
254, 4.23333, 233.536, 12.1779, 291.491, -98.9044, 294.368, 131.616, 1.16056, 96.7394, 1.43526, -15.8872, 1.45777, -144.313
255, 4.24167, 234.276, 11.9562, 292.683, -99.1887, 295.364, 131.289, 1.16677, 96.5303, 1.4443, -16.1543, 1.46591, -144.626
255, 4.25000, 235.016, 11.733, 293.874, -99.4751, 296.352, 130.961, 1.17298, 96.3197, 1.45335, -16.4237, 1.47402, -144.941
255, 4.25833, 235.753, 11.5083, 295.064, -99.7637, 297.333, 130.63, 1.17919, 96.1075, 1.46243, -16.6953, 1.48213, -145.258
256, 4.26667, 236.488, 11.2822, 296.252, -100.055, 298.307, 130.298, 1.18542, 95.8938, 1.47152, -16.9693, 1.49022, -145.576
257, 4.27500, 237.221, 11.0546, 297.439, -100.348, 299.273, 129.964, 1.19165, 95.6785, 1.48063, -17.2455, 1.49829, -145.896
257, 4.28333, 237.953, 10.8255, 298.624, -100.643, 300.231, 129.629, 1.19788, 95.4618, 1.48976, -17.524, 1.50634, -146.218
258, 4.29167, 238.682, 10.595, 299.807, -100.94, 301.18, 129.291, 1.20412, 95.2435, 1.49891, -17.8049, 1.51437, -146.542
258, 4.30000, 239.408, 10.3631, 300.989, -101.24, 302.121, 128.952, 1.21036, 95.0237, 1.50807, -18.088, 1.52237, -146.868
258, 4.30833, 240.132, 10.1297, 302.167, -101.542, 303.054, 128.612, 1.21661, 94.8024, 1.51725, -18.3733, 1.53036, -147.195
259, 4.31667, 240.854, 9.89488, 303.343, -101.846, 303.977, 128.269, 1.22286, 94.5796, 1.52643, -18.661, 1.53832, -147.525
260, 4.32500, 241.573, 9.65869, 304.516, -102.152, 304.892, 127.925, 1.22911, 94.3554, 1.53563, -18.9509, 1.54625, -147.855
260, 4.33333, 242.289, 9.42111, 305.686, -102.46, 305.796, 127.58, 1.23536, 94.1297, 1.54484, -19.2431, 1.55415, -148.188
261, 4.34167, 243.003, 9.1821, 306.852, -102.771, 306.691, 127.232, 1.24162, 93.9025, 1.55405, -19.5376, 1.56203, -148.522
261, 4.35000, 243.713, 8.94174, 308.015, -103.084, 307.576, 126.884, 1.24787, 93.6739, 1.56327, -19.8343, 1.56987, -148.858
261, 4.35833, 244.42, 8.70001, 309.173, -103.399, 308.451, 126.533, 1.25412, 93.4438, 1.5725, -20.1333, 1.57768, -149.196
262, 4.36667, 245.125, 8.45689, 310.327, -103.716, 309.316, 126.181, 1.26038, 93.2123, 1.58173, -20.4345, 1.58546, -149.535
263, 4.37500, 245.826, 8.21245, 311.477, -104.035, 310.169, 125.828, 1.26663, 92.9794, 1.59096, -20.7379, 1.59319, -149.876
263, 4.38333, 246.523, 7.96667, 312.622, -104.357, 311.012, 125.473, 1.27288, 92.7452, 1.60019, -21.0436, 1.60089, -150.218
264, 4.39167, 247.218, 7.71953, 313.762, -104.68, 311.843, 125.116, 1.27912, 92.5095, 1.60942, -21.3515, 1.60856, -150.562
264, 4.40000, 247.908, 7.47111, 314.896, -105.006, 312.663, 124.758, 1.28537, 92.2724, 1.61865, -21.6616, 1.61618, -150.907
264, 4.40833, 248.595, 7.22137, 316.025, -105.333, 313.472, 124.399, 1.29161, 92.034, 1.62787, -21.9739, 1.62375, -151.254
265, 4.41667, 249.278, 6.97031, 317.148, -105.663, 314.268, 124.038, 1.29784, 91.7941, 1.63709, -22.2884, 1.63129, -151.602
265, 4.42500, 249.958, 6.71799, 318.264, -105.995, 315.052, 123.676, 1.30407, 91.553, 1.6463, -22.605, 1.63877, -151.952
266, 4.43333, 250.633, 6.4644, 319.374, -106.329, 315.824, 123.313, 1.31029, 91.3105, 1.6555, -22.9238, 1.64621, -152.303
267, 4.44167, 251.304, 6.20952, 320.477, -106.666, 316.583, 122.948, 1.31651, 91.0667, 1.66468, -23.2448, 1.6536, -152.655
267, 4.45000, 251.971, 5.95342, 321.573, -107.004, 317.329, 122.582, 1.32272, 90.8216, 1.67386, -23.5678, 1.66094, -153.009
267, 4.45833, 252.634, 5.69608, 322.662, -107.344, 318.063, 122.215, 1.32892, 90.5752, 1.68302, -23.893, 1.66823, -153.364
268, 4.46667, 253.293, 5.43748, 323.743, -107.686, 318.782, 121.847, 1.33511, 90.3275, 1.69216, -24.2202, 1.67546, -153.721
269, 4.47500, 253.947, 5.1777, 324.815, -108.03, 319.489, 121.477, 1.3413, 90.0786, 1.70128, -24.5496, 1.68264, -154.078
269, 4.48333, 254.596, 4.91671, 325.88, -108.376, 320.181, 121.107, 1.34747, 89.8283, 1.71039, -24.8809, 1.68976, -154.437
270, 4.49167, 255.24, 4.6545, 326.935, -108.725, 320.86, 120.735, 1.35363, 89.5768, 1.71947, -25.2144, 1.69682, -154.797
270, 4.50000, 255.88, 4.39115, 327.982, -109.075, 321.524, 120.362, 1.35978, 89.3241, 1.72853, -25.5498, 1.70382, -155.158
270, 4.50833, 256.515, 4.12663, 329.019, -109.427, 322.174, 119.988, 1.36592, 89.0702, 1.73756, -25.8872, 1.71076, -155.52
271, 4.51667, 257.145, 3.86093, 330.047, -109.781, 322.809, 119.613, 1.37204, 88.815, 1.74656, -26.2266, 1.71764, -155.884
272, 4.52500, 257.77, 3.59412, 331.065, -110.136, 323.429, 119.237, 1.37816, 88.5587, 1.75553, -26.5679, 1.72444, -156.248
272, 4.53333, 258.39, 3.32618, 332.073, -110.494, 324.034, 118.86, 1.38425, 88.3012, 1.76447, -26.9112, 1.73119, -156.613
273, 4.54167, 259.004, 3.0571, 333.07, -110.853, 324.625, 118.482, 1.39034, 88.0425, 1.77338, -27.2564, 1.73786, -156.98
273, 4.55000, 259.613, 2.78695, 334.057, -111.215, 325.199, 118.104, 1.3964, 87.7827, 1.78225, -27.6034, 1.74447, -157.347
273, 4.55833, 260.217, 2.51571, 335.032, -111.578, 325.759, 117.724, 1.40245, 87.5217, 1.79109, -27.9523, 1.751, -157.715
274, 4.56667, 260.815, 2.24337, 335.996, -111.943, 326.302, 117.344, 1.40849, 87.2596, 1.79988, -28.303, 1.75746, -158.084
275, 4.57500, 261.407, 1.97, 336.948, -112.309, 326.83, 116.963, 1.4145, 86.9964, 1.80863, -28.6555, 1.76385, -158.454
275, 4.58333, 261.993, 1.69558, 337.888, -112.677, 327.341, 116.581, 1.4205, 86.732, 1.81734, -29.0098, 1.77016, -158.825
276, 4.59167, 262.574, 1.4201, 338.816, -113.047, 327.836, 116.199, 1.42648, 86.4666, 1.826, -29.3658, 1.7764, -159.196
276, 4.60000, 263.149, 1.14363, 339.732, -113.419, 328.315, 115.816, 1.43244, 86.2001, 1.83462, -29.7235, 1.78256, -159.568
276, 4.60833, 263.717, 0.866151, 340.634, -113.792, 328.777, 115.432, 1.43838, 85.9326, 1.84318, -30.0829, 1.78863, -159.941
277, 4.61667, 264.28, 0.587651, 341.523, -114.167, 329.223, 115.048, 1.44429, 85.664, 1.85169, -30.4439, 1.79463, -160.314
278, 4.62500, 264.836, 0.308207, 342.399, -114.543, 329.652, 114.663, 1.45019, 85.3944, 1.86015, -30.8066, 1.80055, -160.688
278, 4.63333, 265.385, 0.0277989, 343.261, -114.921, 330.064, 114.278, 1.45606, 85.1238, 1.86855, -31.1708, 1.80638, -161.062
279, 4.64167, 265.929, -0.253591, 344.108, -115.3, 330.459, 113.892, 1.46191, 84.8521, 1.8769, -31.5365, 1.81213, -161.437
279, 4.65000, 266.466, -0.535883, 344.942, -115.681, 330.837, 113.506, 1.46773, 84.5795, 1.88519, -31.9038, 1.81779, -161.812
279, 4.65833, 266.996, -0.819094, 345.761, -116.063, 331.198, 113.12, 1.47353, 84.306, 1.89341, -32.2725, 1.82337, -162.188
280, 4.66667, 267.52, -1.10325, 346.565, -116.446, 331.541, 112.733, 1.47931, 84.0314, 1.90157, -32.6428, 1.82886, -162.564
281, 4.67500, 268.036, -1.38825, 347.354, -116.831, 331.867, 112.346, 1.48506, 83.7559, 1.90966, -33.0143, 1.83426, -162.94
281, 4.68333, 268.546, -1.67414, 348.127, -117.217, 332.176, 111.959, 1.49078, 83.4796, 1.91769, -33.3873, 1.83957, -163.317
282, 4.69167, 269.049, -1.96092, 348.885, -117.605, 332.467, 111.572, 1.49647, 83.2022, 1.92565, -33.7616, 1.84479, -163.694
282, 4.70000, 269.545, -2.24851, 349.627, -117.993, 332.74, 111.185, 1.50213, 82.924, 1.93353, -34.1372, 1.84992, -164.071
282, 4.70833, 270.033, -2.53694, 350.353, -118.383, 332.996, 110.797, 1.50777, 82.645, 1.94135, -34.514, 1.85496, -164.448
283, 4.71667, 270.515, -2.82621, 351.062, -118.774, 333.234, 110.409, 1.51338, 82.365, 1.94909, -34.8921, 1.8599, -164.825
284, 4.72500, 270.989, -3.11626, 351.755, -119.166, 333.455, 110.022, 1.51895, 82.0842, 1.95675, -35.2713, 1.86476, -165.202
284, 4.73333, 271.456, -3.40708, 352.431, -119.559, 333.657, 109.634, 1.5245, 81.8026, 1.96433, -35.6516, 1.86951, -165.579
285, 4.74167, 271.915, -3.69872, 353.09, -119.953, 333.842, 109.247, 1.53001, 81.5201, 1.97183, -36.0331, 1.87417, -165.957
285, 4.75000, 272.367, -3.99107, 353.731, -120.349, 334.01, 108.86, 1.53549, 81.2369, 1.97925, -36.4156, 1.87874, -166.334
285, 4.75833, 272.81, -4.28416, 354.355, -120.745, 334.159, 108.473, 1.54093, 80.9529, 1.98659, -36.7991, 1.88321, -166.711
286, 4.76667, 273.247, -4.57802, 354.962, -121.142, 334.291, 108.086, 1.54635, 80.668, 1.99384, -37.1836, 1.88758, -167.088
287, 4.77500, 273.675, -4.87254, 355.55, -121.54, 334.405, 107.699, 1.55173, 80.3825, 2.001, -37.569, 1.89186, -167.464
287, 4.78333, 274.096, -5.16776, 356.121, -121.939, 334.501, 107.313, 1.55707, 80.0962, 2.00808, -37.9553, 1.89604, -167.841
288, 4.79167, 274.508, -5.46368, 356.673, -122.338, 334.58, 106.927, 1.56237, 79.8092, 2.01506, -38.3424, 1.90012, -168.217
288, 4.80000, 274.913, -5.76023, 357.207, -122.738, 334.641, 106.541, 1.56764, 79.5215, 2.02195, -38.7304, 1.9041, -168.593
288, 4.80833, 275.309, -6.05743, 357.722, -123.139, 334.685, 106.156, 1.57287, 79.2331, 2.02875, -39.119, 1.90798, -168.968
289, 4.81667, 275.698, -6.35528, 358.219, -123.541, 334.711, 105.772, 1.57807, 78.944, 2.03546, -39.5085, 1.91177, -169.343
290, 4.82500, 276.078, -6.65371, 358.696, -123.943, 334.719, 105.388, 1.58322, 78.6543, 2.04206, -39.8985, 1.91546, -169.717
290, 4.83333, 276.449, -6.95273, 359.155, -124.346, 334.711, 105.004, 1.58834, 78.364, 2.04857, -40.2892, 1.91904, -170.091
291, 4.84167, 276.813, -7.25237, 359.595, -124.749, 334.685, 104.621, 1.59341, 78.073, 2.05498, -40.6805, 1.92253, -170.465
291, 4.85000, 277.167, -7.55252, 360.015, -125.153, 334.641, 104.239, 1.59845, 77.7814, 2.06129, -41.0723, 1.92592, -170.838
291, 4.85833, 277.513, -7.85322, 360.416, -125.557, 334.581, 103.857, 1.60344, 77.4893, 2.0675, -41.4645, 1.92921, -171.21
292, 4.86667, 277.851, -8.15448, 360.798, -125.962, 334.504, 103.476, 1.60839, 77.1966, 2.07361, -41.8573, 1.9324, -171.581
293, 4.87500, 278.18, -8.45621, 361.16, -126.367, 334.41, 103.096, 1.6133, 76.9033, 2.07961, -42.2504, 1.93549, -171.952
293, 4.88333, 278.5, -8.75842, 361.503, -126.772, 334.299, 102.716, 1.61816, 76.6095, 2.08551, -42.6439, 1.93848, -172.322
294, 4.89167, 278.811, -9.06114, 361.826, -127.178, 334.171, 102.338, 1.62298, 76.3152, 2.0913, -43.0377, 1.94137, -172.691
294, 4.90000, 279.114, -9.36428, 362.129, -127.583, 334.027, 101.96, 1.62775, 76.0204, 2.09698, -43.4317, 1.94417, -173.06
294, 4.90833, 279.407, -9.66786, 362.412, -127.989, 333.867, 101.583, 1.63248, 75.7251, 2.10256, -43.826, 1.94686, -173.427
295, 4.91667, 279.692, -9.97188, 362.675, -128.395, 333.691, 101.207, 1.63717, 75.4294, 2.10803, -44.2205, 1.94946, -173.794
296, 4.92500, 279.967, -10.2763, 362.919, -128.802, 333.498, 100.833, 1.6418, 75.1332, 2.11338, -44.615, 1.95196, -174.16
296, 4.93333, 280.234, -10.581, 363.142, -129.208, 333.29, 100.459, 1.64639, 74.8367, 2.11863, -45.0097, 1.95437, -174.525
297, 4.94167, 280.491, -10.8862, 363.346, -129.614, 333.066, 100.086, 1.65093, 74.5397, 2.12377, -45.4044, 1.95668, -174.888
297, 4.95000, 280.739, -11.1917, 363.53, -130.02, 332.826, 99.7143, 1.65543, 74.2423, 2.12879, -45.7991, 1.95889, -175.251
297, 4.95833, 280.978, -11.4974, 363.694, -130.426, 332.571, 99.3437, 1.65987, 73.9446, 2.1337, -46.1937, 1.961, -175.613
298, 4.96667, 281.207, -11.8036, 363.837, -130.832, 332.301, 98.9743, 1.66426, 73.6465, 2.1385, -46.5883, 1.96303, -175.973
299, 4.97500, 281.428, -12.1099, 363.961, -131.237, 332.016, 98.606, 1.66861, 73.3482, 2.14318, -46.9827, 1.96495, -176.332
299, 4.98333, 281.638, -12.4166, 364.065, -131.643, 331.716, 98.239, 1.6729, 73.0495, 2.14775, -47.3769, 1.96679, -176.691
300, 4.99167, 281.84, -12.7235, 364.15, -132.048, 331.401, 97.8732, 1.67714, 72.7505, 2.1522, -47.771, 1.96853, -177.048
300, 5.00000, 282.031, -13.0306, 364.214, -132.453, 331.072, 97.5087, 1.68133, 72.4513, 2.15654, -48.1647, 1.97017, -177.403
300, 5.00833, 282.214, -13.3379, 364.259, -132.857, 330.729, 97.1455, 1.68547, 72.1518, 2.16076, -48.5581, 1.97173, -177.758
301, 5.01667, 282.387, -13.6454, 364.284, -133.261, 330.372, 96.7836, 1.68955, 71.8521, 2.16487, -48.9512, 1.9732, -178.111
302, 5.02500, 282.55, -13.9531, 364.289, -133.665, 330.001, 96.4231, 1.69358, 71.5523, 2.16886, -49.3439, 1.97457, -178.463
302, 5.03333, 282.703, -14.2609, 364.275, -134.068, 329.617, 96.064, 1.69756, 71.2522, 2.17273, -49.7361, 1.97586, -178.814
303, 5.04167, 282.847, -14.5688, 364.241, -134.471, 329.219, 95.7063, 1.70148, 70.952, 2.17649, -50.1279, 1.97706, -179.163
303, 5.05000, 282.982, -14.8768, 364.188, -134.873, 328.809, 95.35, 1.70535, 70.6517, 2.18014, -50.5192, 1.97817, -179.51
303, 5.05833, 283.106, -15.1849, 364.115, -135.274, 328.385, 94.9952, 1.70916, 70.3512, 2.18366, -50.9098, 1.97919, -179.857
304, 5.06667, 283.221, -15.4931, 364.024, -135.675, 327.948, 94.6419, 1.71291, 70.0506, 2.18707, -51.3, 1.98013, 179.798
305, 5.07500, 283.327, -15.8013, 363.913, -136.075, 327.5, 94.2901, 1.71661, 69.75, 2.19036, -51.6894, 1.98099, 179.455
305, 5.08333, 283.422, -16.1095, 363.784, -136.474, 327.039, 93.9398, 1.72026, 69.4494, 2.19354, -52.0781, 1.98176, 179.113
306, 5.09167, 283.508, -16.4177, 363.636, -136.873, 326.566, 93.591, 1.72384, 69.1486, 2.1966, -52.4662, 1.98245, 178.773
306, 5.10000, 283.584, -16.7259, 363.469, -137.271, 326.081, 93.2439, 1.72737, 68.8479, 2.19955, -52.8535, 1.98306, 178.434
306, 5.10833, 283.65, -17.034, 363.283, -137.668, 325.585, 92.8983, 1.73084, 68.5472, 2.20238, -53.24, 1.98359, 178.096
307, 5.11667, 283.706, -17.3421, 363.08, -138.064, 325.078, 92.5544, 1.73425, 68.2466, 2.20509, -53.6257, 1.98404, 177.761
308, 5.12500, 283.753, -17.65, 362.858, -138.459, 324.559, 92.2121, 1.73761, 67.946, 2.20769, -54.0105, 1.98441, 177.426
308, 5.13333, 283.79, -17.9579, 362.618, -138.853, 324.03, 91.8714, 1.7409, 67.6455, 2.21018, -54.3944, 1.9847, 177.094
309, 5.14167, 283.817, -18.2656, 362.36, -139.247, 323.49, 91.5324, 1.74414, 67.345, 2.21255, -54.7774, 1.98492, 176.763
309, 5.15000, 283.834, -18.5731, 362.085, -139.639, 322.94, 91.1951, 1.74732, 67.0448, 2.21481, -55.1594, 1.98506, 176.434
309, 5.15833, 283.842, -18.8805, 361.792, -140.03, 322.38, 90.8594, 1.75044, 66.7446, 2.21695, -55.5404, 1.98513, 176.106
310, 5.16667, 283.84, -19.1877, 361.482, -140.42, 321.81, 90.5255, 1.7535, 66.4446, 2.21898, -55.9204, 1.98513, 175.78
311, 5.17500, 283.828, -19.4946, 361.155, -140.809, 321.231, 90.1933, 1.75649, 66.1449, 2.22091, -56.2992, 1.98505, 175.456
311, 5.18333, 283.807, -19.8013, 360.811, -141.197, 320.642, 89.8629, 1.75943, 65.8453, 2.22272, -56.677, 1.98491, 175.133
312, 5.19167, 283.775, -20.1078, 360.45, -141.584, 320.044, 89.5341, 1.76231, 65.5459, 2.22442, -57.0537, 1.98469, 174.812
312, 5.20000, 283.734, -20.4139, 360.072, -141.969, 319.437, 89.2072, 1.76513, 65.2469, 2.22601, -57.4291, 1.98441, 174.493
312, 5.20833, 283.684, -20.7197, 359.679, -142.353, 318.822, 88.882, 1.76788, 64.9481, 2.22749, -57.8034, 1.98406, 174.176
313, 5.21667, 283.624, -21.0253, 359.269, -142.736, 318.198, 88.5586, 1.77058, 64.6496, 2.22887, -58.1764, 1.98365, 173.86
314, 5.22500, 283.554, -21.3304, 358.844, -143.118, 317.566, 88.237, 1.77321, 64.3514, 2.23013, -58.5482, 1.98317, 173.546
314, 5.23333, 283.475, -21.6352, 358.403, -143.498, 316.926, 87.9172, 1.77579, 64.0536, 2.23129, -58.9187, 1.98263, 173.234
315, 5.24167, 283.386, -21.9396, 357.947, -143.877, 316.278, 87.5991, 1.7783, 63.7561, 2.23235, -59.2879, 1.98202, 172.924
315, 5.25000, 283.288, -22.2435, 357.475, -144.255, 315.623, 87.2829, 1.78075, 63.4591, 2.2333, -59.6557, 1.98136, 172.615
315, 5.25833, 283.181, -22.547, 356.989, -144.631, 314.96, 86.9686, 1.78314, 63.1624, 2.23415, -60.0222, 1.98064, 172.309
316, 5.26667, 283.064, -22.8501, 356.488, -145.006, 314.291, 86.656, 1.78547, 62.8662, 2.2349, -60.3873, 1.97985, 172.004
317, 5.27500, 282.937, -23.1526, 355.972, -145.379, 313.615, 86.3453, 1.78774, 62.5704, 2.23555, -60.7509, 1.97901, 171.701
317, 5.28333, 282.802, -23.4547, 355.442, -145.751, 312.932, 86.0364, 1.78995, 62.2751, 2.23609, -61.1131, 1.97812, 171.399
318, 5.29167, 282.657, -23.7562, 354.899, -146.121, 312.243, 85.7294, 1.79209, 61.9803, 2.23654, -61.4739, 1.97717, 171.1
318, 5.30000, 282.503, -24.0572, 354.342, -146.49, 311.547, 85.4242, 1.79418, 61.686, 2.23689, -61.8332, 1.97616, 170.802
318, 5.30833, 282.34, -24.3576, 353.771, -146.857, 310.846, 85.1208, 1.7962, 61.3923, 2.23714, -62.1909, 1.97511, 170.506
319, 5.31667, 282.168, -24.6575, 353.187, -147.223, 310.139, 84.8193, 1.79817, 61.0991, 2.23729, -62.5471, 1.974, 170.212
320, 5.32500, 281.988, -24.9567, 352.59, -147.587, 309.427, 84.5196, 1.80007, 60.8065, 2.23736, -62.9018, 1.97284, 169.919
320, 5.33333, 281.798, -25.2553, 351.981, -147.949, 308.709, 84.2218, 1.80191, 60.5145, 2.23733, -63.2548, 1.97163, 169.629
321, 5.34167, 281.599, -25.5533, 351.359, -148.31, 307.986, 83.9259, 1.80369, 60.2231, 2.2372, -63.6064, 1.97038, 169.34
321, 5.35000, 281.392, -25.8506, 350.725, -148.669, 307.258, 83.6318, 1.80542, 59.9323, 2.23699, -63.9562, 1.96907, 169.053
321, 5.35833, 281.176, -26.1471, 350.079, -149.027, 306.525, 83.3395, 1.80708, 59.6422, 2.23668, -64.3045, 1.96772, 168.768
322, 5.36667, 280.951, -26.4431, 349.421, -149.383, 305.788, 83.0491, 1.80868, 59.3528, 2.23629, -64.6511, 1.96633, 168.485
323, 5.37500, 280.718, -26.7382, 348.752, -149.737, 305.047, 82.7606, 1.81022, 59.0641, 2.23581, -64.996, 1.96489, 168.204
323, 5.38333, 280.476, -27.0326, 348.072, -150.089, 304.301, 82.4739, 1.81171, 58.7761, 2.23525, -65.3392, 1.96341, 167.924
324, 5.39167, 280.227, -27.3263, 347.381, -150.44, 303.551, 82.189, 1.81313, 58.4888, 2.2346, -65.6808, 1.96189, 167.646
324, 5.40000, 279.968, -27.6192, 346.68, -150.789, 302.798, 81.906, 1.8145, 58.2022, 2.23387, -66.0206, 1.96033, 167.37
324, 5.40833, 279.702, -27.9113, 345.968, -151.136, 302.041, 81.6249, 1.81581, 57.9165, 2.23305, -66.3587, 1.95873, 167.096
325, 5.41667, 279.428, -28.2026, 345.246, -151.481, 301.281, 81.3455, 1.81706, 57.6315, 2.23216, -66.6951, 1.95709, 166.824
326, 5.42500, 279.145, -28.493, 344.514, -151.825, 300.517, 81.0681, 1.81825, 57.3473, 2.23118, -67.0296, 1.95541, 166.553
326, 5.43333, 278.855, -28.7826, 343.772, -152.166, 299.75, 80.7924, 1.81938, 57.064, 2.23013, -67.3625, 1.95369, 166.285
327, 5.44167, 278.557, -29.0714, 343.022, -152.506, 298.981, 80.5186, 1.82046, 56.7815, 2.22901, -67.6936, 1.95194, 166.018
327, 5.45000, 278.251, -29.3592, 342.262, -152.845, 298.208, 80.2466, 1.82148, 56.4998, 2.2278, -68.0228, 1.95016, 165.752
327, 5.45833, 277.938, -29.6462, 341.493, -153.181, 297.433, 79.9764, 1.82244, 56.219, 2.22652, -68.3503, 1.94834, 165.489
328, 5.46667, 277.617, -29.9322, 340.716, -153.515, 296.656, 79.708, 1.82335, 55.9391, 2.22517, -68.6759, 1.94649, 165.227
329, 5.47500, 277.288, -30.2173, 339.93, -153.848, 295.876, 79.4414, 1.82421, 55.6601, 2.22375, -68.9997, 1.94461, 164.968
329, 5.48333, 276.953, -30.5015, 339.136, -154.179, 295.094, 79.1766, 1.82501, 55.3821, 2.22226, -69.3217, 1.9427, 164.71
330, 5.49167, 276.61, -30.7847, 338.335, -154.507, 294.31, 78.9136, 1.82575, 55.1049, 2.2207, -69.6419, 1.94075, 164.453
330, 5.50000, 276.26, -31.067, 337.526, -154.834, 293.525, 78.6525, 1.82644, 54.8287, 2.21908, -69.9602, 1.93878, 164.199
330, 5.50833, 275.903, -31.3482, 336.709, -155.159, 292.737, 78.393, 1.82707, 54.5535, 2.21739, -70.2767, 1.93678, 163.946
331, 5.51667, 275.539, -31.6285, 335.886, -155.483, 291.948, 78.1354, 1.82766, 54.2792, 2.21563, -70.5913, 1.93475, 163.695
332, 5.52500, 275.169, -31.9077, 335.055, -155.804, 291.158, 77.8795, 1.82819, 54.0059, 2.21381, -70.904, 1.9327, 163.446
332, 5.53333, 274.791, -32.1859, 334.218, -156.123, 290.366, 77.6254, 1.82867, 53.7337, 2.21193, -71.2149, 1.93062, 163.198
333, 5.54167, 274.408, -32.4631, 333.375, -156.441, 289.573, 77.373, 1.82909, 53.4624, 2.20999, -71.5239, 1.92852, 162.952
333, 5.55000, 274.017, -32.7392, 332.525, -156.756, 288.779, 77.1224, 1.82947, 53.1921, 2.20799, -71.831, 1.92639, 162.708
333, 5.55833, 273.621, -33.0143, 331.669, -157.07, 287.985, 76.8735, 1.82979, 52.923, 2.20593, -72.1362, 1.92424, 162.466
334, 5.56667, 273.218, -33.2883, 330.808, -157.382, 287.189, 76.6264, 1.83007, 52.6548, 2.20382, -72.4396, 1.92206, 162.225
335, 5.57500, 272.809, -33.5611, 329.941, -157.692, 286.393, 76.3809, 1.83029, 52.3877, 2.20165, -72.741, 1.91987, 161.986
335, 5.58333, 272.394, -33.8329, 329.069, -157.999, 285.596, 76.1372, 1.83047, 52.1217, 2.19942, -73.0406, 1.91765, 161.749
336, 5.59167, 271.973, -34.1036, 328.192, -158.305, 284.798, 75.8952, 1.8306, 51.8568, 2.19714, -73.3382, 1.91541, 161.513
336, 5.60000, 271.547, -34.3732, 327.31, -158.609, 284.001, 75.6548, 1.83068, 51.593, 2.19482, -73.634, 1.91316, 161.279
336, 5.60833, 271.114, -34.6416, 326.423, -158.912, 283.203, 75.4162, 1.83071, 51.3302, 2.19244, -73.9278, 1.91088, 161.047
337, 5.61667, 270.676, -34.9089, 325.532, -159.212, 282.405, 75.1792, 1.8307, 51.0686, 2.19001, -74.2198, 1.90859, 160.816
338, 5.62500, 270.233, -35.1751, 324.637, -159.51, 281.607, 74.9439, 1.83064, 50.8081, 2.18754, -74.5099, 1.90628, 160.587
338, 5.63333, 269.785, -35.4401, 323.737, -159.806, 280.809, 74.7103, 1.83053, 50.5488, 2.18502, -74.798, 1.90395, 160.36
339, 5.64167, 269.331, -35.7039, 322.834, -160.101, 280.01, 74.4782, 1.83038, 50.2905, 2.18245, -75.0843, 1.90161, 160.134
339, 5.65000, 268.872, -35.9666, 321.927, -160.393, 279.213, 74.2479, 1.83019, 50.0335, 2.17984, -75.3687, 1.89925, 159.91
339, 5.65833, 268.408, -36.228, 321.017, -160.684, 278.416, 74.0191, 1.82995, 49.7776, 2.17719, -75.6511, 1.89687, 159.687
340, 5.66667, 267.939, -36.4883, 320.104, -160.972, 277.619, 73.792, 1.82967, 49.5228, 2.17449, -75.9317, 1.89449, 159.466
341, 5.67500, 267.466, -36.7474, 319.187, -161.259, 276.822, 73.5665, 1.82935, 49.2692, 2.17176, -76.2104, 1.89208, 159.247
341, 5.68333, 266.987, -37.0053, 318.268, -161.544, 276.026, 73.3426, 1.82898, 49.0169, 2.16899, -76.4872, 1.88967, 159.029
342, 5.69167, 266.505, -37.262, 317.346, -161.826, 275.231, 73.1202, 1.82857, 48.7656, 2.16618, -76.7621, 1.88724, 158.813
342, 5.70000, 266.017, -37.5175, 316.421, -162.107, 274.437, 72.8995, 1.82813, 48.5156, 2.16333, -77.0351, 1.8848, 158.598
342, 5.70833, 265.526, -37.7717, 315.494, -162.386, 273.643, 72.6803, 1.82764, 48.2668, 2.16044, -77.3062, 1.88235, 158.385
343, 5.71667, 265.03, -38.0248, 314.565, -162.664, 272.851, 72.4627, 1.82711, 48.0192, 2.15752, -77.5755, 1.87989, 158.173
344, 5.72500, 264.53, -38.2765, 313.634, -162.939, 272.059, 72.2466, 1.82655, 47.7728, 2.15457, -77.8429, 1.87742, 157.963
344, 5.73333, 264.027, -38.5271, 312.701, -163.212, 271.268, 72.0321, 1.82594, 47.5276, 2.15158, -78.1084, 1.87494, 157.755
345, 5.74167, 263.519, -38.7764, 311.767, -163.483, 270.479, 71.8191, 1.8253, 47.2836, 2.14857, -78.372, 1.87245, 157.548
345, 5.75000, 263.008, -39.0245, 310.831, -163.753, 269.691, 71.6076, 1.82462, 47.0408, 2.14552, -78.6338, 1.86995, 157.342
345, 5.75833, 262.492, -39.2713, 309.894, -164.021, 268.903, 71.3976, 1.82391, 46.7993, 2.14244, -78.8938, 1.86744, 157.138
346, 5.76667, 261.974, -39.5169, 308.955, -164.286, 268.118, 71.1891, 1.82316, 46.559, 2.13934, -79.1519, 1.86492, 156.935
347, 5.77500, 261.452, -39.7612, 308.015, -164.55, 267.333, 70.9822, 1.82237, 46.3199, 2.1362, -79.4081, 1.8624, 156.734
347, 5.78333, 260.926, -40.0042, 307.075, -164.812, 266.55, 70.7767, 1.82155, 46.0821, 2.13304, -79.6625, 1.85987, 156.534
348, 5.79167, 260.397, -40.246, 306.134, -165.072, 265.769, 70.5726, 1.8207, 45.8455, 2.12986, -79.9151, 1.85733, 156.336
348, 5.80000, 259.865, -40.4866, 305.192, -165.331, 264.989, 70.37, 1.81981, 45.6102, 2.12665, -80.1658, 1.85479, 156.139
348, 5.80833, 259.331, -40.7258, 304.249, -165.587, 264.21, 70.1689, 1.81889, 45.3761, 2.12342, -80.4148, 1.85224, 155.944
349, 5.81667, 258.793, -40.9638, 303.307, -165.842, 263.433, 69.9692, 1.81794, 45.1432, 2.12016, -80.6619, 1.84969, 155.75
350, 5.82500, 258.252, -41.2005, 302.364, -166.095, 262.658, 69.7709, 1.81695, 44.9116, 2.11688, -80.9072, 1.84713, 155.557
350, 5.83333, 257.708, -41.436, 301.421, -166.346, 261.885, 69.574, 1.81594, 44.6813, 2.11358, -81.1508, 1.84456, 155.366
351, 5.84167, 257.162, -41.6702, 300.478, -166.595, 261.113, 69.3786, 1.81489, 44.4521, 2.11027, -81.3925, 1.842, 155.176
351, 5.85000, 256.614, -41.9031, 299.535, -166.842, 260.344, 69.1845, 1.81382, 44.2243, 2.10693, -81.6325, 1.83942, 154.988
351, 5.85833, 256.062, -42.1347, 298.593, -167.088, 259.576, 68.9918, 1.81272, 43.9977, 2.10357, -81.8707, 1.83685, 154.801
352, 5.86667, 255.509, -42.3651, 297.65, -167.332, 258.81, 68.8005, 1.81159, 43.7723, 2.1002, -82.1071, 1.83427, 154.615
353, 5.87500, 254.953, -42.5942, 296.709, -167.574, 258.046, 68.6106, 1.81043, 43.5482, 2.09681, -82.3418, 1.83169, 154.431
353, 5.88333, 254.395, -42.822, 295.768, -167.814, 257.284, 68.422, 1.80924, 43.3254, 2.0934, -82.5747, 1.82911, 154.248
354, 5.89167, 253.835, -43.0485, 294.828, -168.052, 256.524, 68.2348, 1.80803, 43.1038, 2.08998, -82.8059, 1.82652, 154.066
354, 5.90000, 253.273, -43.2738, 293.888, -168.289, 255.766, 68.0489, 1.80679, 42.8835, 2.08654, -83.0353, 1.82394, 153.885
354, 5.90833, 252.709, -43.4978, 292.95, -168.524, 255.01, 67.8643, 1.80552, 42.6644, 2.0831, -83.263, 1.82135, 153.706
355, 5.91667, 252.143, -43.7205, 292.012, -168.757, 254.256, 67.681, 1.80423, 42.4465, 2.07963, -83.4891, 1.81876, 153.528
356, 5.92500, 251.576, -43.9419, 291.076, -168.989, 253.504, 67.4991, 1.80291, 42.23, 2.07616, -83.7134, 1.81617, 153.352
356, 5.93333, 251.006, -44.1621, 290.141, -169.218, 252.755, 67.3184, 1.80157, 42.0147, 2.07267, -83.936, 1.81358, 153.177
357, 5.94167, 250.436, -44.381, 289.207, -169.447, 252.008, 67.1391, 1.80021, 41.8006, 2.06918, -84.1569, 1.81099, 153.003
357, 5.95000, 249.863, -44.5987, 288.275, -169.673, 251.263, 66.961, 1.79883, 41.5877, 2.06567, -84.3762, 1.8084, 152.83
357, 5.95833, 249.29, -44.815, 287.344, -169.898, 250.52, 66.7841, 1.79742, 41.3761, 2.06216, -84.5938, 1.80581, 152.658
358, 5.96667, 248.715, -45.0302, 286.415, -170.121, 249.779, 66.6086, 1.79599, 41.1658, 2.05863, -84.8097, 1.80322, 152.488
359, 5.97500, 248.138, -45.244, 285.487, -170.342, 249.041, 66.4342, 1.79454, 40.9567, 2.0551, -85.024, 1.80063, 152.319
359, 5.98333, 247.561, -45.4566, 284.561, -170.562, 248.306, 66.2611, 1.79307, 40.7488, 2.05156, -85.2367, 1.79804, 152.151
360, 5.99167, 246.982, -45.668, 283.637, -170.78, 247.572, 66.0893, 1.79157, 40.5422, 2.04801, -85.4477, 1.79546, 151.985
360, 6.00000, 246.403, -45.8781, 282.715, -170.996, 246.841, 65.9186, 1.79006, 40.3368, 2.04446, -85.6571, 1.79287, 151.819
360, 6.00833, 245.822, -46.0869, 281.795, -171.211, 246.112, 65.7492, 1.78853, 40.1326, 2.0409, -85.8649, 1.79029, 151.655
361, 6.01667, 245.241, -46.2945, 280.877, -171.424, 245.386, 65.581, 1.78698, 39.9297, 2.03734, -86.0711, 1.78771, 151.492
362, 6.02500, 244.658, -46.5009, 279.961, -171.635, 244.662, 65.4139, 1.78541, 39.7279, 2.03377, -86.2757, 1.78513, 151.33
362, 6.03333, 244.076, -46.706, 279.047, -171.845, 243.941, 65.2481, 1.78383, 39.5275, 2.03019, -86.4788, 1.78255, 151.169
363, 6.04167, 243.492, -46.9099, 278.135, -172.054, 243.222, 65.0833, 1.78222, 39.3282, 2.02662, -86.6803, 1.77998, 151.01
363, 6.05000, 242.908, -47.1125, 277.226, -172.26, 242.506, 64.9198, 1.7806, 39.1301, 2.02304, -86.8802, 1.7774, 150.851
363, 6.05833, 242.323, -47.3139, 276.319, -172.465, 241.792, 64.7574, 1.77897, 38.9333, 2.01946, -87.0786, 1.77484, 150.694
364, 6.06667, 241.738, -47.5141, 275.414, -172.669, 241.081, 64.5962, 1.77731, 38.7376, 2.01588, -87.2754, 1.77227, 150.538
365, 6.07500, 241.152, -47.7131, 274.512, -172.871, 240.372, 64.4361, 1.77564, 38.5431, 2.01229, -87.4708, 1.76971, 150.383
365, 6.08333, 240.566, -47.9108, 273.612, -173.072, 239.666, 64.2771, 1.77396, 38.3499, 2.0087, -87.6646, 1.76715, 150.229
366, 6.09167, 239.98, -48.1074, 272.715, -173.271, 238.962, 64.1193, 1.77226, 38.1578, 2.00512, -87.8569, 1.76459, 150.076
366, 6.10000, 239.393, -48.3027, 271.821, -173.468, 238.261, 63.9625, 1.77055, 37.967, 2.00153, -88.0477, 1.76204, 149.924
366, 6.10833, 238.806, -48.4968, 270.929, -173.664, 237.563, 63.8069, 1.76883, 37.7773, 1.99795, -88.237, 1.7595, 149.773
367, 6.11667, 238.22, -48.6898, 270.04, -173.859, 236.867, 63.6523, 1.76709, 37.5888, 1.99436, -88.4249, 1.75695, 149.624
368, 6.12500, 237.633, -48.8815, 269.154, -174.052, 236.174, 63.4988, 1.76533, 37.4015, 1.99078, -88.6113, 1.75441, 149.475
368, 6.13333, 237.046, -49.072, 268.27, -174.243, 235.483, 63.3464, 1.76357, 37.2153, 1.98719, -88.7962, 1.75188, 149.328
369, 6.14167, 236.459, -49.2614, 267.39, -174.433, 234.795, 63.1951, 1.76179, 37.0303, 1.98361, -88.9797, 1.74935, 149.181
369, 6.15000, 235.872, -49.4496, 266.512, -174.622, 234.109, 63.0448, 1.76, 36.8465, 1.98004, -89.1618, 1.74683, 149.036
369, 6.15833, 235.286, -49.6366, 265.637, -174.809, 233.427, 62.8956, 1.7582, 36.6638, 1.97646, -89.3425, 1.74431, 148.891
370, 6.16667, 234.699, -49.8224, 264.765, -174.995, 232.746, 62.7474, 1.75639, 36.4823, 1.97289, -89.5217, 1.74179, 148.748
371, 6.17500, 234.113, -50.0071, 263.896, -175.179, 232.069, 62.6002, 1.75457, 36.3019, 1.96932, -89.6996, 1.73928, 148.606
371, 6.18333, 233.528, -50.1906, 263.03, -175.362, 231.394, 62.4541, 1.75274, 36.1227, 1.96576, -89.876, 1.73678, 148.464
372, 6.19167, 232.942, -50.373, 262.167, -175.544, 230.722, 62.3089, 1.7509, 35.9446, 1.96219, -90.0511, 1.73428, 148.324
372, 6.20000, 232.357, -50.5542, 261.308, -175.724, 230.052, 62.1648, 1.74905, 35.7677, 1.95864, -90.2249, 1.73178, 148.185
372, 6.20833, 231.773, -50.7343, 260.451, -175.903, 229.385, 62.0217, 1.74719, 35.5919, 1.95509, -90.3972, 1.7293, 148.046
373, 6.21667, 231.188, -50.9132, 259.598, -176.08, 228.721, 61.8795, 1.74532, 35.4171, 1.95154, -90.5682, 1.72681, 147.909
374, 6.22500, 230.605, -51.091, 258.747, -176.256, 228.059, 61.7384, 1.74344, 35.2435, 1.948, -90.7379, 1.72434, 147.772
374, 6.23333, 230.022, -51.2677, 257.9, -176.431, 227.4, 61.5982, 1.74155, 35.0711, 1.94446, -90.9063, 1.72187, 147.637
375, 6.24167, 229.439, -51.4432, 257.056, -176.604, 226.744, 61.459, 1.73966, 34.8997, 1.94093, -91.0733, 1.7194, 147.502
375, 6.25000, 228.858, -51.6177, 256.215, -176.776, 226.09, 61.3207, 1.73776, 34.7294, 1.93741, -91.2391, 1.71694, 147.369
375, 6.25833, 228.277, -51.791, 255.378, -176.947, 225.44, 61.1834, 1.73585, 34.5602, 1.93389, -91.4035, 1.71449, 147.236
376, 6.26667, 227.696, -51.9632, 254.544, -177.116, 224.791, 61.0471, 1.73394, 34.3921, 1.93038, -91.5667, 1.71204, 147.104
377, 6.27500, 227.117, -52.1343, 253.713, -177.284, 224.146, 60.9116, 1.73201, 34.2251, 1.92688, -91.7286, 1.7096, 146.973
377, 6.28333, 226.538, -52.3044, 252.885, -177.451, 223.503, 60.7772, 1.73009, 34.0591, 1.92338, -91.8892, 1.70717, 146.843
378, 6.29167, 225.96, -52.4733, 252.061, -177.617, 222.862, 60.6436, 1.72815, 33.8942, 1.9199, -92.0486, 1.70474, 146.714
378, 6.30000, 225.383, -52.6412, 251.24, -177.781, 222.225, 60.5109, 1.72621, 33.7304, 1.91641, -92.2067, 1.70232, 146.586
378, 6.30833, 224.807, -52.808, 250.423, -177.944, 221.59, 60.3792, 1.72427, 33.5677, 1.91294, -92.3636, 1.69991, 146.459
379, 6.31667, 224.232, -52.9737, 249.609, -178.106, 220.957, 60.2483, 1.72232, 33.406, 1.90948, -92.5193, 1.6975, 146.333
380, 6.32500, 223.658, -53.1384, 248.798, -178.267, 220.328, 60.1183, 1.72036, 33.2453, 1.90602, -92.6738, 1.6951, 146.207
380, 6.33333, 223.085, -53.302, 247.99, -178.426, 219.701, 59.9893, 1.7184, 33.0857, 1.90257, -92.827, 1.69271, 146.083
381, 6.34167, 222.512, -53.4646, 247.186, -178.584, 219.076, 59.861, 1.71644, 32.9271, 1.89913, -92.9791, 1.69032, 145.959
381, 6.35000, 221.941, -53.6261, 246.386, -178.741, 218.455, 59.7337, 1.71447, 32.7695, 1.8957, -93.13, 1.68794, 145.836
381, 6.35833, 221.371, -53.7865, 245.589, -178.897, 217.836, 59.6072, 1.7125, 32.613, 1.89228, -93.2797, 1.68557, 145.714
382, 6.36667, 220.802, -53.946, 244.795, -179.051, 217.219, 59.4816, 1.71053, 32.4575, 1.88887, -93.4283, 1.6832, 145.593
383, 6.37500, 220.235, -54.1044, 244.005, -179.205, 216.606, 59.3568, 1.70855, 32.303, 1.88547, -93.5757, 1.68085, 145.472
383, 6.38333, 219.668, -54.2618, 243.218, -179.357, 215.994, 59.2329, 1.70657, 32.1495, 1.88207, -93.7219, 1.67849, 145.353
384, 6.39167, 219.103, -54.4182, 242.434, -179.508, 215.386, 59.1098, 1.70458, 31.9969, 1.87869, -93.867, 1.67615, 145.234
384, 6.40000, 218.539, -54.5736, 241.654, -179.658, 214.78, 58.9875, 1.70259, 31.8454, 1.87532, -94.011, 1.67381, 145.116
384, 6.40833, 217.976, -54.728, 240.878, -179.807, 214.177, 58.8661, 1.70061, 31.6949, 1.87195, -94.1539, 1.67148, 144.999
385, 6.41667, 217.414, -54.8814, 240.105, -179.954, 213.576, 58.7455, 1.69861, 31.5453, 1.8686, -94.2957, 1.66916, 144.882
386, 6.42500, 216.854, -55.0338, 239.335, 179.899, 212.978, 58.6256, 1.69662, 31.3968, 1.86525, -94.4363, 1.66685, 144.767
386, 6.43333, 216.295, -55.1852, 238.569, 179.754, 212.382, 58.5066, 1.69463, 31.2491, 1.86192, -94.5759, 1.66454, 144.652
387, 6.44167, 215.737, -55.3356, 237.806, 179.609, 211.789, 58.3884, 1.69263, 31.1025, 1.8586, -94.7145, 1.66224, 144.538
387, 6.45000, 215.18, -55.4851, 237.047, 179.466, 211.199, 58.271, 1.69063, 30.9568, 1.85529, -94.8519, 1.65995, 144.425
387, 6.45833, 214.626, -55.6336, 236.292, 179.324, 210.611, 58.1543, 1.68863, 30.812, 1.85199, -94.9883, 1.65766, 144.313
388, 6.46667, 214.072, -55.7812, 235.539, 179.183, 210.026, 58.0384, 1.68663, 30.6682, 1.84869, -95.1236, 1.65539, 144.201
389, 6.47500, 213.52, -55.9278, 234.79, 179.043, 209.444, 57.9233, 1.68463, 30.5253, 1.84542, -95.2579, 1.65312, 144.09
389, 6.48333, 212.969, -56.0734, 234.045, 178.904, 208.864, 57.809, 1.68263, 30.3834, 1.84215, -95.3911, 1.65086, 143.98
390, 6.49167, 212.42, -56.2182, 233.303, 178.766, 208.286, 57.6954, 1.68063, 30.2424, 1.83889, -95.5234, 1.6486, 143.87
390, 6.50000, 211.872, -56.3619, 232.565, 178.629, 207.711, 57.5826, 1.67862, 30.1023, 1.83564, -95.6546, 1.64635, 143.762
390, 6.50833, 211.325, -56.5048, 231.83, 178.493, 207.139, 57.4705, 1.67662, 29.9631, 1.83241, -95.7848, 1.64412, 143.654
391, 6.51667, 210.78, -56.6467, 231.098, 178.358, 206.569, 57.3591, 1.67462, 29.8248, 1.82918, -95.914, 1.64188, 143.546
392, 6.52500, 210.237, -56.7878, 230.37, 178.224, 206.001, 57.2485, 1.67262, 29.6874, 1.82597, -96.0422, 1.63966, 143.44
392, 6.53333, 209.695, -56.9279, 229.645, 178.091, 205.436, 57.1386, 1.67062, 29.551, 1.82277, -96.1695, 1.63745, 143.334
393, 6.54167, 209.155, -57.0671, 228.924, 177.959, 204.874, 57.0294, 1.66862, 29.4153, 1.81958, -96.2958, 1.63524, 143.229
393, 6.55000, 208.616, -57.2054, 228.206, 177.828, 204.314, 56.921, 1.66662, 29.2806, 1.8164, -96.4211, 1.63304, 143.125
393, 6.55833, 208.079, -57.3428, 227.492, 177.698, 203.757, 56.8132, 1.66462, 29.1468, 1.81324, -96.5454, 1.63084, 143.021
394, 6.56667, 207.543, -57.4794, 226.781, 177.569, 203.202, 56.7062, 1.66262, 29.0138, 1.81008, -96.6688, 1.62866, 142.918
395, 6.57500, 207.009, -57.6151, 226.073, 177.441, 202.649, 56.5999, 1.66062, 28.8817, 1.80694, -96.7913, 1.62648, 142.815
395, 6.58333, 206.476, -57.7498, 225.369, 177.314, 202.099, 56.4942, 1.65863, 28.7505, 1.80381, -96.9128, 1.62431, 142.714
396, 6.59167, 205.945, -57.8838, 224.668, 177.188, 201.552, 56.3892, 1.65663, 28.62, 1.80069, -97.0334, 1.62215, 142.613
396, 6.60000, 205.416, -58.0168, 223.971, 177.063, 201.007, 56.285, 1.65464, 28.4905, 1.79759, -97.1531, 1.62, 142.512
396, 6.60833, 204.888, -58.1491, 223.277, 176.939, 200.464, 56.1814, 1.65265, 28.3618, 1.79449, -97.2719, 1.61785, 142.413
397, 6.61667, 204.362, -58.2804, 222.586, 176.815, 199.924, 56.0784, 1.65066, 28.2339, 1.79141, -97.3898, 1.61572, 142.314
398, 6.62500, 203.838, -58.4109, 221.899, 176.693, 199.386, 55.9762, 1.64867, 28.1069, 1.78834, -97.5068, 1.61359, 142.215
398, 6.63333, 203.315, -58.5406, 221.215, 176.571, 198.85, 55.8746, 1.64669, 27.9806, 1.78528, -97.6229, 1.61146, 142.118
399, 6.64167, 202.794, -58.6695, 220.534, 176.45, 198.317, 55.7736, 1.64471, 27.8552, 1.78223, -97.7382, 1.60935, 142.021
399, 6.65000, 202.274, -58.7975, 219.857, 176.331, 197.787, 55.6733, 1.64273, 27.7306, 1.7792, -97.8526, 1.60724, 141.924
399, 6.65833, 201.757, -58.9247, 219.183, 176.212, 197.258, 55.5736, 1.64075, 27.6068, 1.77618, -97.9661, 1.60515, 141.828
400, 6.66667, 201.24, -59.0511, 218.512, 176.094, 196.732, 55.4746, 1.63877, 27.4838, 1.77317, -98.0788, 1.60306, 141.733
401, 6.67500, 200.726, -59.1767, 217.845, 175.977, 196.209, 55.3762, 1.6368, 27.3616, 1.77017, -98.1906, 1.60097, 141.639
401, 6.68333, 200.213, -59.3015, 217.18, 175.86, 195.688, 55.2785, 1.63483, 27.2402, 1.76718, -98.3016, 1.5989, 141.545
402, 6.69167, 199.702, -59.4255, 216.519, 175.745, 195.169, 55.1813, 1.63286, 27.1196, 1.76421, -98.4117, 1.59683, 141.451
402, 6.70000, 199.193, -59.5487, 215.862, 175.63, 194.652, 55.0848, 1.6309, 26.9997, 1.76125, -98.5211, 1.59477, 141.359
402, 6.70833, 198.685, -59.6711, 215.207, 175.516, 194.138, 54.9889, 1.62894, 26.8807, 1.7583, -98.6296, 1.59272, 141.267
403, 6.71667, 198.179, -59.7928, 214.556, 175.403, 193.626, 54.8936, 1.62698, 26.7624, 1.75536, -98.7373, 1.59068, 141.175
404, 6.72500, 197.675, -59.9137, 213.908, 175.291, 193.116, 54.799, 1.62502, 26.6448, 1.75244, -98.8442, 1.58864, 141.084
404, 6.73333, 197.173, -60.0337, 213.264, 175.18, 192.609, 54.7049, 1.62307, 26.528, 1.74953, -98.9503, 1.58661, 140.994
405, 6.74167, 196.672, -60.1531, 212.622, 175.069, 192.104, 54.6114, 1.62112, 26.412, 1.74663, -99.0557, 1.58459, 140.904
405, 6.75000, 196.173, -60.2717, 211.984, 174.959, 191.601, 54.5185, 1.61918, 26.2967, 1.74374, -99.1602, 1.58258, 140.815
405, 6.75833, 195.676, -60.3895, 211.348, 174.85, 191.101, 54.4262, 1.61724, 26.1821, 1.74086, -99.264, 1.58058, 140.726
406, 6.76667, 195.18, -60.5066, 210.716, 174.742, 190.602, 54.3344, 1.6153, 26.0683, 1.738, -99.367, 1.57858, 140.638
407, 6.77500, 194.686, -60.6229, 210.088, 174.635, 190.106, 54.2433, 1.61337, 25.9552, 1.73515, -99.4693, 1.57659, 140.551
407, 6.78333, 194.194, -60.7385, 209.462, 174.528, 189.612, 54.1527, 1.61144, 25.8428, 1.73231, -99.5708, 1.57461, 140.464
408, 6.79167, 193.703, -60.8534, 208.839, 174.422, 189.121, 54.0627, 1.60951, 25.7311, 1.72949, -99.6715, 1.57264, 140.377
408, 6.80000, 193.215, -60.9676, 208.22, 174.317, 188.631, 53.9732, 1.60759, 25.6202, 1.72667, -99.7715, 1.57067, 140.291
408, 6.80833, 192.728, -61.081, 207.603, 174.213, 188.144, 53.8843, 1.60567, 25.5099, 1.72387, -99.8708, 1.56871, 140.206
409, 6.81667, 192.243, -61.1937, 206.99, 174.109, 187.659, 53.796, 1.60376, 25.4004, 1.72108, -99.9694, 1.56676, 140.121
410, 6.82500, 191.759, -61.3057, 206.379, 174.006, 187.176, 53.7082, 1.60185, 25.2915, 1.7183, -100.067, 1.56482, 140.037
410, 6.83333, 191.278, -61.417, 205.772, 173.904, 186.696, 53.6209, 1.59994, 25.1834, 1.71554, -100.164, 1.56289, 139.953
411, 6.84167, 190.798, -61.5276, 205.168, 173.802, 186.217, 53.5342, 1.59804, 25.0759, 1.71278, -100.261, 1.56096, 139.87
411, 6.85000, 190.319, -61.6375, 204.567, 173.702, 185.741, 53.448, 1.59614, 24.9691, 1.71004, -100.356, 1.55904, 139.788
411, 6.85833, 189.843, -61.7468, 203.969, 173.602, 185.266, 53.3624, 1.59425, 24.863, 1.70732, -100.451, 1.55713, 139.706
412, 6.86667, 189.368, -61.8553, 203.373, 173.502, 184.794, 53.2773, 1.59236, 24.7576, 1.7046, -100.546, 1.55523, 139.624
413, 6.87500, 188.895, -61.9632, 202.781, 173.404, 184.324, 53.1927, 1.59048, 24.6528, 1.70189, -100.639, 1.55333, 139.543
413, 6.88333, 188.424, -62.0703, 202.192, 173.306, 183.856, 53.1087, 1.5886, 24.5487, 1.6992, -100.732, 1.55144, 139.462
414, 6.89167, 187.954, -62.1769, 201.605, 173.208, 183.39, 53.0251, 1.58672, 24.4453, 1.69652, -100.825, 1.54956, 139.382
414, 6.90000, 187.487, -62.2827, 201.022, 173.112, 182.927, 52.9421, 1.58485, 24.3425, 1.69385, -100.916, 1.54768, 139.303
414, 6.90833, 187.021, -62.3879, 200.442, 173.016, 182.465, 52.8595, 1.58298, 24.2403, 1.6912, -101.007, 1.54582, 139.224
415, 6.91667, 186.556, -62.4925, 199.864, 172.921, 182.005, 52.7775, 1.58112, 24.1388, 1.68855, -101.098, 1.54396, 139.145
416, 6.92500, 186.094, -62.5964, 199.289, 172.826, 181.548, 52.696, 1.57927, 24.0379, 1.68592, -101.187, 1.54211, 139.067
416, 6.93333, 185.633, -62.6996, 198.717, 172.732, 181.092, 52.6149, 1.57742, 23.9377, 1.6833, -101.276, 1.54026, 138.989
417, 6.94167, 185.174, -62.8022, 198.148, 172.639, 180.639, 52.5344, 1.57557, 23.8381, 1.68069, -101.365, 1.53843, 138.912
417, 6.95000, 184.717, -62.9042, 197.582, 172.546, 180.187, 52.4544, 1.57373, 23.7391, 1.67809, -101.453, 1.5366, 138.835
417, 6.95833, 184.261, -63.0055, 197.019, 172.454, 179.738, 52.3748, 1.57189, 23.6407, 1.67551, -101.54, 1.53478, 138.759
418, 6.96667, 183.807, -63.1063, 196.459, 172.363, 179.29, 52.2957, 1.57006, 23.543, 1.67293, -101.626, 1.53296, 138.684
418, 6.97500, 183.355, -63.2064, 195.901, 172.272, 178.845, 52.2171, 1.56823, 23.4458, 1.67037, -101.712, 1.53116, 138.608
419, 6.98333, 182.904, -63.3058, 195.346, 172.182, 178.401, 52.139, 1.56641, 23.3493, 1.66782, -101.797, 1.52936, 138.533
420, 6.99167, 182.456, -63.4047, 194.794, 172.092, 177.96, 52.0613, 1.56459, 23.2533, 1.66528, -101.882, 1.52756, 138.459
420, 7.00000, 182.008, -63.503, 194.245, 172.003, 177.52, 51.9841, 1.56278, 23.158, 1.66275, -101.966, 1.52578, 138.385
420, 7.00833, 181.563, -63.6006, 193.698, 171.915, 177.083, 51.9074, 1.56097, 23.0632, 1.66024, -102.05, 1.524, 138.312
421, 7.01667, 181.119, -63.6977, 193.154, 171.827, 176.647, 51.8311, 1.55917, 22.9691, 1.65773, -102.133, 1.52223, 138.239
422, 7.02500, 180.678, -63.7942, 192.613, 171.74, 176.213, 51.7553, 1.55737, 22.8755, 1.65524, -102.215, 1.52047, 138.166
422, 7.03333, 180.237, -63.89, 192.075, 171.654, 175.781, 51.6799, 1.55558, 22.7825, 1.65276, -102.297, 1.51871, 138.094
423, 7.04167, 179.799, -63.9854, 191.539, 171.568, 175.351, 51.605, 1.5538, 22.69, 1.65029, -102.378, 1.51696, 138.023
423, 7.05000, 179.362, -64.0801, 191.006, 171.483, 174.923, 51.5305, 1.55201, 22.5982, 1.64783, -102.459, 1.51522, 137.951
423, 7.05833, 178.927, -64.1742, 190.475, 171.398, 174.497, 51.4565, 1.55024, 22.5069, 1.64539, -102.539, 1.51349, 137.88
424, 7.06667, 178.493, -64.2678, 189.947, 171.314, 174.073, 51.3829, 1.54847, 22.4161, 1.64295, -102.618, 1.51176, 137.81
425, 7.07500, 178.061, -64.3608, 189.422, 171.23, 173.651, 51.3097, 1.5467, 22.326, 1.64053, -102.697, 1.51004, 137.74
425, 7.08333, 177.631, -64.4532, 188.9, 171.147, 173.23, 51.237, 1.54494, 22.2363, 1.63812, -102.775, 1.50833, 137.671
426, 7.09167, 177.203, -64.5451, 188.38, 171.065, 172.812, 51.1647, 1.54319, 22.1472, 1.63571, -102.853, 1.50662, 137.602
426, 7.10000, 176.776, -64.6364, 187.862, 170.983, 172.395, 51.0929, 1.54144, 22.0587, 1.63332, -102.931, 1.50492, 137.533
426, 7.10833, 176.351, -64.7272, 187.347, 170.901, 171.98, 51.0214, 1.53969, 21.9707, 1.63094, -103.007, 1.50323, 137.465
427, 7.11667, 175.927, -64.8174, 186.835, 170.82, 171.567, 50.9504, 1.53795, 21.8833, 1.62857, -103.084, 1.50154, 137.397
428, 7.12500, 175.506, -64.9071, 186.325, 170.74, 171.155, 50.8798, 1.53622, 21.7963, 1.62622, -103.159, 1.49986, 137.329
428, 7.13333, 175.086, -64.9962, 185.818, 170.66, 170.746, 50.8096, 1.53449, 21.71, 1.62387, -103.235, 1.49819, 137.262
429, 7.14167, 174.667, -65.0848, 185.313, 170.581, 170.338, 50.7398, 1.53277, 21.6241, 1.62154, -103.309, 1.49653, 137.195
429, 7.15000, 174.25, -65.1729, 184.811, 170.502, 169.932, 50.6704, 1.53105, 21.5387, 1.61921, -103.383, 1.49487, 137.129
429, 7.15833, 173.835, -65.2604, 184.311, 170.424, 169.528, 50.6014, 1.52934, 21.4539, 1.6169, -103.457, 1.49322, 137.063
430, 7.16667, 173.421, -65.3475, 183.814, 170.346, 169.125, 50.5328, 1.52763, 21.3696, 1.61459, -103.53, 1.49158, 136.998
431, 7.17500, 173.009, -65.434, 183.319, 170.269, 168.725, 50.4646, 1.52593, 21.2858, 1.6123, -103.603, 1.48994, 136.933
431, 7.18333, 172.599, -65.5199, 182.827, 170.193, 168.326, 50.3968, 1.52424, 21.2025, 1.61002, -103.675, 1.48831, 136.868
432, 7.19167, 172.19, -65.6054, 182.337, 170.116, 167.928, 50.3294, 1.52255, 21.1196, 1.60775, -103.747, 1.48668, 136.804
432, 7.20000, 171.783, -65.6904, 181.849, 170.041, 167.533, 50.2624, 1.52086, 21.0373, 1.60549, -103.818, 1.48507, 136.74
432, 7.20833, 171.377, -65.7748, 181.364, 169.965, 167.139, 50.1958, 1.51918, 20.9555, 1.60324, -103.889, 1.48346, 136.676
433, 7.21667, 170.974, -65.8588, 180.881, 169.891, 166.747, 50.1296, 1.51751, 20.8742, 1.601, -103.959, 1.48185, 136.613
434, 7.22500, 170.571, -65.9423, 180.4, 169.817, 166.357, 50.0637, 1.51584, 20.7934, 1.59877, -104.029, 1.48026, 136.55
434, 7.23333, 170.17, -66.0252, 179.922, 169.743, 165.968, 49.9982, 1.51418, 20.713, 1.59655, -104.098, 1.47867, 136.487
435, 7.24167, 169.771, -66.1077, 179.447, 169.67, 165.581, 49.9331, 1.51252, 20.6331, 1.59434, -104.167, 1.47708, 136.425
435, 7.25000, 169.374, -66.1897, 178.973, 169.597, 165.196, 49.8684, 1.51087, 20.5538, 1.59215, -104.235, 1.4755, 136.364
435, 7.25833, 168.978, -66.2712, 178.502, 169.524, 164.812, 49.804, 1.50922, 20.4748, 1.58996, -104.303, 1.47393, 136.302
436, 7.26667, 168.583, -66.3523, 178.033, 169.453, 164.43, 49.74, 1.50758, 20.3964, 1.58778, -104.371, 1.47237, 136.241
437, 7.27500, 168.19, -66.4328, 177.567, 169.381, 164.05, 49.6763, 1.50594, 20.3184, 1.58561, -104.438, 1.47081, 136.18
437, 7.28333, 167.799, -66.5129, 177.102, 169.31, 163.671, 49.6131, 1.50431, 20.2409, 1.58346, -104.504, 1.46926, 136.12
438, 7.29167, 167.409, -66.5925, 176.64, 169.24, 163.294, 49.5501, 1.50269, 20.1638, 1.58131, -104.57, 1.46771, 136.06
438, 7.30000, 167.021, -66.6717, 176.18, 169.17, 162.918, 49.4876, 1.50107, 20.0872, 1.57917, -104.636, 1.46618, 136
438, 7.30833, 166.634, -66.7504, 175.723, 169.1, 162.545, 49.4254, 1.49946, 20.011, 1.57705, -104.701, 1.46464, 135.941
439, 7.31667, 166.249, -66.8286, 175.267, 169.031, 162.172, 49.3635, 1.49785, 19.9353, 1.57493, -104.766, 1.46312, 135.882
439, 7.32500, 165.865, -66.9064, 174.814, 168.962, 161.802, 49.302, 1.49624, 19.86, 1.57282, -104.83, 1.4616, 135.823
440, 7.33333, 165.483, -66.9837, 174.363, 168.894, 161.433, 49.2408, 1.49465, 19.7852, 1.57073, -104.894, 1.46008, 135.765
441, 7.34167, 165.102, -67.0606, 173.914, 168.826, 161.065, 49.18, 1.49306, 19.7108, 1.56864, -104.958, 1.45858, 135.707
441, 7.35000, 164.723, -67.137, 173.468, 168.759, 160.699, 49.1195, 1.49147, 19.6369, 1.56656, -105.021, 1.45708, 135.65
441, 7.35833, 164.346, -67.213, 173.023, 168.692, 160.335, 49.0593, 1.48989, 19.5633, 1.56449, -105.084, 1.45558, 135.592
442, 7.36667, 163.97, -67.2886, 172.581, 168.625, 159.972, 48.9995, 1.48831, 19.4902, 1.56244, -105.146, 1.45409, 135.535
443, 7.37500, 163.595, -67.3637, 172.141, 168.559, 159.61, 48.94, 1.48674, 19.4176, 1.56039, -105.208, 1.45261, 135.479
443, 7.38333, 163.222, -67.4384, 171.703, 168.494, 159.251, 48.8809, 1.48518, 19.3453, 1.55835, -105.269, 1.45113, 135.422
444, 7.39167, 162.85, -67.5127, 171.267, 168.428, 158.892, 48.822, 1.48362, 19.2735, 1.55632, -105.33, 1.44966, 135.366
444, 7.40000, 162.48, -67.5865, 170.833, 168.363, 158.536, 48.7635, 1.48207, 19.2021, 1.5543, -105.391, 1.4482, 135.311
444, 7.40833, 162.111, -67.6599, 170.401, 168.299, 158.18, 48.7053, 1.48052, 19.1311, 1.55229, -105.451, 1.44674, 135.255
445, 7.41667, 161.744, -67.7329, 169.971, 168.235, 157.827, 48.6475, 1.47897, 19.0605, 1.55029, -105.511, 1.44529, 135.2
446, 7.42500, 161.378, -67.8055, 169.543, 168.171, 157.474, 48.5899, 1.47744, 18.9904, 1.5483, -105.571, 1.44384, 135.145
446, 7.43333, 161.014, -67.8776, 169.117, 168.108, 157.124, 48.5327, 1.4759, 18.9206, 1.54631, -105.63, 1.4424, 135.091
447, 7.44167, 160.651, -67.9494, 168.694, 168.045, 156.774, 48.4758, 1.47438, 18.8512, 1.54434, -105.689, 1.44097, 135.037
447, 7.45000, 160.289, -68.0207, 168.272, 167.982, 156.426, 48.4192, 1.47286, 18.7822, 1.54238, -105.747, 1.43954, 134.983
447, 7.45833, 159.929, -68.0917, 167.852, 167.92, 156.08, 48.3629, 1.47134, 18.7137, 1.54042, -105.805, 1.43812, 134.929
448, 7.46667, 159.571, -68.1622, 167.434, 167.858, 155.735, 48.3069, 1.46983, 18.6455, 1.53847, -105.863, 1.4367, 134.876
449, 7.47500, 159.214, -68.2323, 167.019, 167.797, 155.391, 48.2512, 1.46832, 18.5777, 1.53654, -105.92, 1.43529, 134.823
449, 7.48333, 158.858, -68.3021, 166.605, 167.736, 155.049, 48.1959, 1.46682, 18.5103, 1.53461, -105.977, 1.43389, 134.77
450, 7.49167, 158.503, -68.3714, 166.193, 167.675, 154.709, 48.1408, 1.46533, 18.4432, 1.53269, -106.034, 1.43249, 134.718
450, 7.50000, 158.15, -68.4404, 165.783, 167.615, 154.369, 48.086, 1.46384, 18.3766, 1.53078, -106.09, 1.43109, 134.666
450, 7.50833, 157.799, -68.509, 165.375, 167.555, 154.032, 48.0315, 1.46236, 18.3104, 1.52888, -106.146, 1.42971, 134.614
451, 7.51667, 157.449, -68.5772, 164.969, 167.496, 153.695, 47.9773, 1.46088, 18.2445, 1.52699, -106.201, 1.42833, 134.562
452, 7.52500, 157.1, -68.645, 164.565, 167.437, 153.36, 47.9235, 1.45941, 18.1789, 1.5251, -106.256, 1.42695, 134.511
452, 7.53333, 156.752, -68.7124, 164.163, 167.378, 153.027, 47.8699, 1.45794, 18.1138, 1.52323, -106.311, 1.42558, 134.46
453, 7.54167, 156.406, -68.7794, 163.762, 167.319, 152.694, 47.8165, 1.45647, 18.049, 1.52136, -106.365, 1.42421, 134.409
453, 7.55000, 156.062, -68.8461, 163.364, 167.261, 152.363, 47.7635, 1.45502, 17.9846, 1.51951, -106.419, 1.42285, 134.359
453, 7.55833, 155.718, -68.9124, 162.967, 167.203, 152.034, 47.7108, 1.45356, 17.9206, 1.51766, -106.473, 1.4215, 134.309
454, 7.56667, 155.376, -68.9783, 162.572, 167.146, 151.706, 47.6583, 1.45212, 17.8569, 1.51582, -106.527, 1.42015, 134.259
455, 7.57500, 155.036, -69.0439, 162.179, 167.089, 151.379, 47.6061, 1.45068, 17.7936, 1.51399, -106.58, 1.41881, 134.209
455, 7.58333, 154.696, -69.1091, 161.788, 167.032, 151.053, 47.5542, 1.44924, 17.7306, 1.51216, -106.632, 1.41747, 134.16
456, 7.59167, 154.358, -69.174, 161.398, 166.976, 150.729, 47.5026, 1.44781, 17.6679, 1.51035, -106.685, 1.41614, 134.111
456, 7.60000, 154.022, -69.2384, 161.011, 166.92, 150.406, 47.4512, 1.44638, 17.6057, 1.50854, -106.737, 1.41481, 134.062
456, 7.60833, 153.686, -69.3026, 160.625, 166.864, 150.085, 47.4001, 1.44496, 17.5437, 1.50674, -106.789, 1.41349, 134.014
457, 7.61667, 153.352, -69.3664, 160.241, 166.809, 149.765, 47.3493, 1.44354, 17.4822, 1.50495, -106.84, 1.41218, 133.965
458, 7.62500, 153.02, -69.4298, 159.859, 166.754, 149.446, 47.2988, 1.44213, 17.4209, 1.50317, -106.891, 1.41087, 133.917
458, 7.63333, 152.688, -69.4929, 159.478, 166.699, 149.128, 47.2485, 1.44073, 17.36, 1.5014, -106.942, 1.40956, 133.87
459, 7.64167, 152.358, -69.5556, 159.099, 166.644, 148.812, 47.1985, 1.43933, 17.2995, 1.49963, -106.993, 1.40826, 133.822
459, 7.65000, 152.029, -69.618, 158.722, 166.59, 148.497, 47.1487, 1.43793, 17.2392, 1.49788, -107.043, 1.40697, 133.775
459, 7.65833, 151.702, -69.68, 158.347, 166.537, 148.183, 47.0992, 1.43654, 17.1793, 1.49613, -107.093, 1.40568, 133.728
460, 7.66667, 151.376, -69.7418, 157.973, 166.483, 147.87, 47.05, 1.43516, 17.1198, 1.49439, -107.142, 1.4044, 133.681
461, 7.67500, 151.051, -69.8031, 157.601, 166.43, 147.559, 47.001, 1.43378, 17.0605, 1.49265, -107.192, 1.40312, 133.635
461, 7.68333, 150.727, -69.8642, 157.231, 166.377, 147.249, 46.9523, 1.4324, 17.0016, 1.49093, -107.241, 1.40184, 133.588
462, 7.69167, 150.404, -69.9249, 156.863, 166.325, 146.94, 46.9038, 1.43103, 16.943, 1.48921, -107.289, 1.40058, 133.542
462, 7.70000, 150.083, -69.9853, 156.496, 166.272, 146.633, 46.8556, 1.42967, 16.8847, 1.4875, -107.338, 1.39931, 133.497
462, 7.70833, 149.763, -70.0453, 156.13, 166.22, 146.327, 46.8077, 1.42831, 16.8268, 1.4858, -107.386, 1.39806, 133.451
463, 7.71667, 149.445, -70.1051, 155.767, 166.169, 146.022, 46.7599, 1.42695, 16.7692, 1.48411, -107.434, 1.3968, 133.406
464, 7.72500, 149.127, -70.1645, 155.405, 166.118, 145.718, 46.7125, 1.4256, 16.7118, 1.48242, -107.481, 1.39556, 133.361
464, 7.73333, 148.811, -70.2235, 155.045, 166.066, 145.415, 46.6652, 1.42425, 16.6548, 1.48074, -107.528, 1.39431, 133.316
465, 7.74167, 148.496, -70.2823, 154.686, 166.016, 145.114, 46.6183, 1.42291, 16.5981, 1.47907, -107.575, 1.39307, 133.271
465, 7.75000, 148.182, -70.3408, 154.329, 165.965, 144.814, 46.5715, 1.42158, 16.5417, 1.47741, -107.622, 1.39184, 133.227
465, 7.75833, 147.87, -70.3989, 153.973, 165.915, 144.515, 46.525, 1.42025, 16.4857, 1.47575, -107.668, 1.39061, 133.183
466, 7.76667, 147.558, -70.4568, 153.619, 165.865, 144.217, 46.4788, 1.41892, 16.4299, 1.4741, -107.714, 1.38939, 133.139
467, 7.77500, 147.248, -70.5143, 153.267, 165.816, 143.92, 46.4328, 1.4176, 16.3744, 1.47246, -107.76, 1.38817, 133.096
467, 7.78333, 146.939, -70.5715, 152.916, 165.766, 143.625, 46.387, 1.41629, 16.3192, 1.47083, -107.806, 1.38696, 133.052
468, 7.79167, 146.631, -70.6284, 152.567, 165.717, 143.33, 46.3414, 1.41498, 16.2643, 1.4692, -107.851, 1.38575, 133.009
468, 7.80000, 146.325, -70.685, 152.22, 165.669, 143.037, 46.2961, 1.41367, 16.2097, 1.46759, -107.896, 1.38455, 132.966
468, 7.80833, 146.02, -70.7413, 151.873, 165.62, 142.745, 46.251, 1.41237, 16.1554, 1.46597, -107.941, 1.38335, 132.923
469, 7.81667, 145.715, -70.7973, 151.529, 165.572, 142.454, 46.2061, 1.41107, 16.1014, 1.46437, -107.985, 1.38216, 132.881
470, 7.82500, 145.412, -70.853, 151.186, 165.524, 142.165, 46.1615, 1.40978, 16.0477, 1.46277, -108.029, 1.38097, 132.838
470, 7.83333, 145.11, -70.9085, 150.844, 165.476, 141.876, 46.1171, 1.40849, 15.9943, 1.46118, -108.073, 1.37979, 132.796
471, 7.84167, 144.81, -70.9636, 150.504, 165.429, 141.589, 46.0729, 1.40721, 15.9411, 1.4596, -108.117, 1.37861, 132.754
471, 7.85000, 144.51, -71.0184, 150.166, 165.382, 141.303, 46.029, 1.40593, 15.8882, 1.45803, -108.161, 1.37743, 132.713
471, 7.85833, 144.212, -71.073, 149.829, 165.335, 141.017, 45.9852, 1.40466, 15.8356, 1.45646, -108.204, 1.37626, 132.671
472, 7.86667, 143.914, -71.1272, 149.493, 165.289, 140.733, 45.9417, 1.40339, 15.7833, 1.4549, -108.247, 1.3751, 132.63
472, 7.87500, 143.618, -71.1812, 149.159, 165.242, 140.45, 45.8984, 1.40213, 15.7313, 1.45334, -108.289, 1.37394, 132.589
473, 7.88333, 143.323, -71.2349, 148.826, 165.196, 140.168, 45.8553, 1.40087, 15.6795, 1.4518, -108.332, 1.37278, 132.548
474, 7.89167, 143.029, -71.2883, 148.495, 165.15, 139.888, 45.8125, 1.39961, 15.6281, 1.45026, -108.374, 1.37163, 132.508
474, 7.90000, 142.737, -71.3415, 148.166, 165.105, 139.608, 45.7698, 1.39837, 15.5768, 1.44872, -108.416, 1.37048, 132.467
474, 7.90833, 142.445, -71.3943, 147.837, 165.059, 139.329, 45.7274, 1.39712, 15.5259, 1.4472, -108.458, 1.36934, 132.427
475, 7.91667, 142.155, -71.4469, 147.51, 165.014, 139.052, 45.6852, 1.39588, 15.4752, 1.44568, -108.499, 1.3682, 132.387
476, 7.92500, 141.865, -71.4992, 147.185, 164.97, 138.775, 45.6431, 1.39464, 15.4248, 1.44416, -108.54, 1.36707, 132.347
476, 7.93333, 141.577, -71.5513, 146.861, 164.925, 138.5, 45.6013, 1.39341, 15.3747, 1.44266, -108.581, 1.36594, 132.308
477, 7.94167, 141.29, -71.603, 146.538, 164.881, 138.226, 45.5597, 1.39219, 15.3248, 1.44116, -108.622, 1.36482, 132.268
477, 7.95000, 141.003, -71.6545, 146.217, 164.837, 137.952, 45.5183, 1.39096, 15.2752, 1.43967, -108.662, 1.3637, 132.229
477, 7.95833, 140.718, -71.7058, 145.897, 164.793, 137.68, 45.4771, 1.38975, 15.2258, 1.43818, -108.703, 1.36258, 132.19
478, 7.96667, 140.434, -71.7568, 145.578, 164.749, 137.409, 45.4361, 1.38853, 15.1767, 1.4367, -108.743, 1.36147, 132.151
479, 7.97500, 140.151, -71.8075, 145.261, 164.706, 137.139, 45.3954, 1.38732, 15.1278, 1.43523, -108.783, 1.36037, 132.113
479, 7.98333, 139.87, -71.8579, 144.945, 164.663, 136.87, 45.3548, 1.38612, 15.0792, 1.43376, -108.822, 1.35927, 132.074
480, 7.99167, 139.589, -71.9081, 144.631, 164.62, 136.601, 45.3144, 1.38492, 15.0309, 1.4323, -108.862, 1.35817, 132.036
480, 8.00000, 139.309, -71.9581, 144.318, 164.577, 136.334, 45.2742, 1.38372, 14.9828, 1.43085, -108.901, 1.35707, 131.998
480, 8.00833, 139.03, -72.0077, 144.006, 164.535, 136.068, 45.2342, 1.38253, 14.9349, 1.4294, -108.94, 1.35599, 131.96
481, 8.01667, 138.753, -72.0572, 143.696, 164.493, 135.803, 45.1944, 1.38135, 14.8873, 1.42796, -108.978, 1.3549, 131.923
482, 8.02500, 138.476, -72.1063, 143.386, 164.451, 135.539, 45.1548, 1.38017, 14.8399, 1.42652, -109.017, 1.35382, 131.885
482, 8.03333, 138.2, -72.1553, 143.079, 164.409, 135.276, 45.1154, 1.37899, 14.7928, 1.42509, -109.055, 1.35274, 131.848
483, 8.04167, 137.926, -72.2039, 142.772, 164.367, 135.014, 45.0762, 1.37781, 14.7459, 1.42367, -109.093, 1.35167, 131.811
483, 8.05000, 137.652, -72.2524, 142.467, 164.326, 134.753, 45.0372, 1.37664, 14.6993, 1.42226, -109.131, 1.3506, 131.774
483, 8.05833, 137.38, -72.3006, 142.163, 164.285, 134.493, 44.9983, 1.37548, 14.6529, 1.42085, -109.168, 1.34954, 131.737
484, 8.06667, 137.108, -72.3485, 141.86, 164.244, 134.234, 44.9597, 1.37432, 14.6067, 1.41944, -109.206, 1.34848, 131.701
485, 8.07500, 136.838, -72.3962, 141.559, 164.204, 133.975, 44.9212, 1.37316, 14.5608, 1.41805, -109.243, 1.34743, 131.664
485, 8.08333, 136.569, -72.4437, 141.259, 164.163, 133.718, 44.8829, 1.37201, 14.5151, 1.41666, -109.28, 1.34638, 131.628
486, 8.09167, 136.3, -72.4909, 140.96, 164.123, 133.462, 44.8448, 1.37086, 14.4696, 1.41527, -109.317, 1.34533, 131.592
486, 8.10000, 136.033, -72.5379, 140.662, 164.083, 133.207, 44.8069, 1.36972, 14.4244, 1.41389, -109.353, 1.34429, 131.556
486, 8.10833, 135.766, -72.5846, 140.366, 164.043, 132.952, 44.7692, 1.36858, 14.3794, 1.41252, -109.39, 1.34325, 131.52
487, 8.11667, 135.501, -72.6311, 140.07, 164.004, 132.699, 44.7316, 1.36744, 14.3346, 1.41115, -109.426, 1.34221, 131.485
488, 8.12500, 135.236, -72.6774, 139.777, 163.964, 132.447, 44.6943, 1.36631, 14.2901, 1.40979, -109.462, 1.34118, 131.45
488, 8.13333, 134.973, -72.7235, 139.484, 163.925, 132.195, 44.6571, 1.36519, 14.2457, 1.40843, -109.498, 1.34015, 131.414
489, 8.14167, 134.71, -72.7693, 139.192, 163.886, 131.944, 44.6201, 1.36406, 14.2016, 1.40709, -109.533, 1.33913, 131.379
489, 8.15000, 134.448, -72.8149, 138.902, 163.847, 131.695, 44.5832, 1.36295, 14.1577, 1.40574, -109.569, 1.33811, 131.345
489, 8.15833, 134.188, -72.8603, 138.613, 163.809, 131.446, 44.5466, 1.36183, 14.1141, 1.4044, -109.604, 1.3371, 131.31
490, 8.16667, 133.928, -72.9054, 138.325, 163.771, 131.198, 44.5101, 1.36072, 14.0706, 1.40307, -109.639, 1.33609, 131.276
491, 8.17500, 133.669, -72.9503, 138.038, 163.732, 130.951, 44.4738, 1.35961, 14.0274, 1.40175, -109.673, 1.33508, 131.241
491, 8.18333, 133.412, -72.995, 137.753, 163.694, 130.705, 44.4376, 1.35851, 13.9844, 1.40042, -109.708, 1.33408, 131.207
492, 8.19167, 133.155, -73.0395, 137.468, 163.657, 130.46, 44.4017, 1.35741, 13.9416, 1.39911, -109.742, 1.33308, 131.173
492, 8.20000, 132.899, -73.0838, 137.185, 163.619, 130.216, 44.3659, 1.35632, 13.899, 1.3978, -109.777, 1.33208, 131.139
492, 8.20833, 132.644, -73.1278, 136.903, 163.582, 129.973, 44.3302, 1.35523, 13.8566, 1.3965, -109.811, 1.33109, 131.106
493, 8.21667, 132.39, -73.1716, 136.622, 163.545, 129.73, 44.2948, 1.35414, 13.8144, 1.3952, -109.845, 1.3301, 131.072
493, 8.22500, 132.137, -73.2152, 136.342, 163.508, 129.489, 44.2595, 1.35306, 13.7725, 1.39391, -109.878, 1.32912, 131.039
494, 8.23333, 131.885, -73.2586, 136.063, 163.471, 129.248, 44.2243, 1.35198, 13.7307, 1.39262, -109.912, 1.32814, 131.006
495, 8.24167, 131.633, -73.3018, 135.786, 163.434, 129.008, 44.1894, 1.35091, 13.6892, 1.39134, -109.945, 1.32716, 130.973
495, 8.25000, 131.383, -73.3448, 135.509, 163.398, 128.769, 44.1545, 1.34984, 13.6478, 1.39006, -109.978, 1.32619, 130.94
495, 8.25833, 131.133, -73.3875, 135.234, 163.362, 128.531, 44.1199, 1.34877, 13.6067, 1.38879, -110.011, 1.32522, 130.907
496, 8.26667, 130.885, -73.4301, 134.96, 163.326, 128.294, 44.0854, 1.34771, 13.5658, 1.38753, -110.044, 1.32426, 130.874
497, 8.27500, 130.637, -73.4724, 134.687, 163.29, 128.058, 44.0511, 1.34665, 13.525, 1.38627, -110.076, 1.32329, 130.842
497, 8.28333, 130.391, -73.5146, 134.415, 163.254, 127.822, 44.0169, 1.3456, 13.4845, 1.38501, -110.109, 1.32234, 130.81
498, 8.29167, 130.145, -73.5565, 134.144, 163.219, 127.587, 43.9829, 1.34454, 13.4441, 1.38376, -110.141, 1.32138, 130.778
498, 8.30000, 129.9, -73.5983, 133.874, 163.183, 127.354, 43.9491, 1.3435, 13.404, 1.38252, -110.173, 1.32043, 130.746
498, 8.30833, 129.656, -73.6398, 133.605, 163.148, 127.121, 43.9154, 1.34245, 13.364, 1.38128, -110.205, 1.31948, 130.714
499, 8.31667, 129.412, -73.6811, 133.338, 163.113, 126.889, 43.8819, 1.34141, 13.3243, 1.38005, -110.237, 1.31854, 130.682
500, 8.32500, 129.17, -73.7223, 133.071, 163.078, 126.657, 43.8485, 1.34038, 13.2847, 1.37882, -110.268, 1.3176, 130.651
500, 8.33333, 128.928, -73.7632, 132.806, 163.044, 126.427, 43.8153, 1.33935, 13.2453, 1.37759, -110.3, 1.31666, 130.619
501, 8.34167, 128.688, -73.8039, 132.541, 163.009, 126.197, 43.7822, 1.33832, 13.2062, 1.37638, -110.331, 1.31573, 130.588
501, 8.35000, 128.448, -73.8445, 132.278, 162.975, 125.968, 43.7493, 1.33729, 13.1672, 1.37516, -110.362, 1.3148, 130.557
501, 8.35833, 128.209, -73.8848, 132.015, 162.941, 125.74, 43.7165, 1.33627, 13.1284, 1.37396, -110.393, 1.31388, 130.526
502, 8.36667, 127.971, -73.925, 131.754, 162.907, 125.513, 43.6839, 1.33526, 13.0897, 1.37275, -110.424, 1.31295, 130.495
503, 8.37500, 127.734, -73.9649, 131.493, 162.873, 125.286, 43.6514, 1.33424, 13.0513, 1.37156, -110.454, 1.31204, 130.465
503, 8.38333, 127.497, -74.0047, 131.234, 162.84, 125.061, 43.6191, 1.33323, 13.0131, 1.37036, -110.485, 1.31112, 130.434
504, 8.39167, 127.262, -74.0443, 130.976, 162.806, 124.836, 43.5869, 1.33223, 12.975, 1.36917, -110.515, 1.31021, 130.404
504, 8.40000, 127.027, -74.0837, 130.718, 162.773, 124.612, 43.5549, 1.33122, 12.9371, 1.36799, -110.545, 1.3093, 130.374
504, 8.40833, 126.793, -74.1229, 130.462, 162.74, 124.389, 43.523, 1.33023, 12.8994, 1.36681, -110.575, 1.3084, 130.344
505, 8.41667, 126.56, -74.1619, 130.207, 162.707, 124.166, 43.4912, 1.32923, 12.8619, 1.36564, -110.605, 1.30749, 130.314
506, 8.42500, 126.328, -74.2008, 129.953, 162.674, 123.944, 43.4596, 1.32824, 12.8245, 1.36447, -110.634, 1.3066, 130.284
506, 8.43333, 126.096, -74.2394, 129.699, 162.642, 123.724, 43.4282, 1.32725, 12.7874, 1.36331, -110.664, 1.3057, 130.254
507, 8.44167, 125.866, -74.2779, 129.447, 162.609, 123.503, 43.3969, 1.32627, 12.7504, 1.36215, -110.693, 1.30481, 130.225
507, 8.45000, 125.636, -74.3162, 129.196, 162.577, 123.284, 43.3657, 1.32528, 12.7136, 1.361, -110.722, 1.30392, 130.195
507, 8.45833, 125.407, -74.3543, 128.945, 162.545, 123.065, 43.3346, 1.32431, 12.6769, 1.35985, -110.751, 1.30304, 130.166
508, 8.46667, 125.179, -74.3923, 128.696, 162.513, 122.847, 43.3038, 1.32333, 12.6404, 1.3587, -110.78, 1.30216, 130.137
509, 8.47500, 124.951, -74.43, 128.447, 162.481, 122.63, 43.273, 1.32236, 12.6042, 1.35757, -110.809, 1.30128, 130.108
509, 8.48333, 124.725, -74.4676, 128.2, 162.449, 122.414, 43.2424, 1.3214, 12.568, 1.35643, -110.837, 1.3004, 130.079
510, 8.49167, 124.499, -74.505, 127.953, 162.418, 122.198, 43.2119, 1.32043, 12.5321, 1.3553, -110.866, 1.29953, 130.05
510, 8.50000, 124.274, -74.5422, 127.708, 162.387, 121.983, 43.1816, 1.31947, 12.4963, 1.35417, -110.894, 1.29866, 130.022
510, 8.50833, 124.05, -74.5793, 127.463, 162.355, 121.769, 43.1513, 1.31852, 12.4607, 1.35305, -110.922, 1.2978, 129.993
511, 8.51667, 123.826, -74.6162, 127.219, 162.324, 121.556, 43.1213, 1.31756, 12.4252, 1.35194, -110.95, 1.29693, 129.965
512, 8.52500, 123.603, -74.6529, 126.976, 162.293, 121.343, 43.0913, 1.31661, 12.3899, 1.35083, -110.978, 1.29608, 129.937
512, 8.53333, 123.382, -74.6894, 126.734, 162.263, 121.131, 43.0615, 1.31567, 12.3548, 1.34972, -111.006, 1.29522, 129.909
513, 8.54167, 123.16, -74.7258, 126.493, 162.232, 120.92, 43.0318, 1.31472, 12.3198, 1.34862, -111.033, 1.29437, 129.881
513, 8.55000, 122.94, -74.762, 126.253, 162.202, 120.71, 43.0023, 1.31378, 12.285, 1.34752, -111.061, 1.29352, 129.853
514, 8.55833, 122.72, -74.798, 126.014, 162.171, 120.5, 42.9729, 1.31285, 12.2504, 1.34642, -111.088, 1.29267, 129.825
514, 8.56667, 122.501, -74.8339, 125.776, 162.141, 120.291, 42.9436, 1.31192, 12.2159, 1.34534, -111.115, 1.29183, 129.797
514, 8.57500, 122.283, -74.8696, 125.539, 162.111, 120.082, 42.9144, 1.31099, 12.1816, 1.34425, -111.142, 1.29099, 129.77
515, 8.58333, 122.066, -74.9052, 125.302, 162.081, 119.875, 42.8854, 1.31006, 12.1474, 1.34317, -111.169, 1.29015, 129.743
516, 8.59167, 121.849, -74.9405, 125.067, 162.051, 119.668, 42.8565, 1.30914, 12.1134, 1.34209, -111.196, 1.28932, 129.715
516, 8.60000, 121.633, -74.9757, 124.832, 162.022, 119.462, 42.8277, 1.30822, 12.0796, 1.34102, -111.222, 1.28849, 129.688
517, 8.60833, 121.418, -75.0108, 124.598, 161.992, 119.256, 42.7991, 1.3073, 12.0459, 1.33995, -111.249, 1.28766, 129.661
517, 8.61667, 121.204, -75.0457, 124.365, 161.963, 119.051, 42.7706, 1.30639, 12.0123, 1.33889, -111.275, 1.28683, 129.634
518, 8.62500, 120.99, -75.0804, 124.133, 161.934, 118.847, 42.7422, 1.30548, 11.979, 1.33783, -111.301, 1.28601, 129.608
518, 8.63333, 120.777, -75.115, 123.902, 161.905, 118.644, 42.7139, 1.30457, 11.9457, 1.33678, -111.327, 1.28519, 129.581
518, 8.64167, 120.565, -75.1494, 123.672, 161.876, 118.441, 42.6857, 1.30367, 11.9126, 1.33573, -111.353, 1.28438, 129.554
519, 8.65000, 120.353, -75.1837, 123.442, 161.847, 118.239, 42.6577, 1.30277, 11.8797, 1.33468, -111.379, 1.28357, 129.528
520, 8.65833, 120.142, -75.2178, 123.213, 161.819, 118.037, 42.6298, 1.30187, 11.8469, 1.33364, -111.405, 1.28276, 129.502
520, 8.66667, 119.932, -75.2518, 122.986, 161.79, 117.836, 42.602, 1.30098, 11.8143, 1.3326, -111.43, 1.28195, 129.476
521, 8.67500, 119.723, -75.2856, 122.759, 161.762, 117.636, 42.5744, 1.30009, 11.7818, 1.33157, -111.456, 1.28114, 129.45
521, 8.68333, 119.514, -75.3192, 122.533, 161.733, 117.437, 42.5468, 1.2992, 11.7495, 1.33054, -111.481, 1.28034, 129.424
522, 8.69167, 119.306, -75.3527, 122.307, 161.705, 117.238, 42.5194, 1.29831, 11.7173, 1.32951, -111.506, 1.27955, 129.398
522, 8.70000, 119.099, -75.386, 122.083, 161.677, 117.04, 42.4921, 1.29743, 11.6853, 1.32849, -111.531, 1.27875, 129.372
522, 8.70833, 118.892, -75.4192, 121.859, 161.65, 116.843, 42.4649, 1.29655, 11.6534, 1.32748, -111.556, 1.27796, 129.346
523, 8.71667, 118.686, -75.4523, 121.636, 161.622, 116.646, 42.4378, 1.29568, 11.6216, 1.32646, -111.581, 1.27717, 129.321
524, 8.72500, 118.481, -75.4852, 121.414, 161.594, 116.45, 42.4108, 1.29481, 11.59, 1.32545, -111.606, 1.27638, 129.296
524, 8.73333, 118.277, -75.5179, 121.193, 161.567, 116.254, 42.384, 1.29394, 11.5585, 1.32445, -111.63, 1.2756, 129.27
525, 8.74167, 118.073, -75.5505, 120.973, 161.539, 116.059, 42.3573, 1.29307, 11.5272, 1.32345, -111.655, 1.27482, 129.245
525, 8.75000, 117.87, -75.583, 120.753, 161.512, 115.865, 42.3307, 1.29221, 11.496, 1.32245, -111.679, 1.27404, 129.22
526, 8.75833, 117.667, -75.6153, 120.534, 161.485, 115.671, 42.3042, 1.29135, 11.465, 1.32146, -111.703, 1.27326, 129.195
526, 8.76667, 117.465, -75.6475, 120.316, 161.458, 115.479, 42.2778, 1.29049, 11.434, 1.32047, -111.727, 1.27249, 129.17
527, 8.77500, 117.264, -75.6795, 120.099, 161.431, 115.286, 42.2515, 1.28964, 11.4033, 1.31948, -111.751, 1.27172, 129.146
527, 8.78333, 117.064, -75.7114, 119.883, 161.405, 115.095, 42.2253, 1.28879, 11.3726, 1.3185, -111.775, 1.27095, 129.121
528, 8.79167, 116.864, -75.7431, 119.667, 161.378, 114.903, 42.1993, 1.28794, 11.3421, 1.31752, -111.799, 1.27019, 129.096
528, 8.80000, 116.665, -75.7747, 119.452, 161.351, 114.713, 42.1733, 1.28709, 11.3118, 1.31655, -111.823, 1.26943, 129.072
529, 8.80833, 116.466, -75.8062, 119.238, 161.325, 114.523, 42.1475, 1.28625, 11.2815, 1.31558, -111.846, 1.26867, 129.048
529, 8.81667, 116.268, -75.8375, 119.025, 161.299, 114.334, 42.1218, 1.28541, 11.2514, 1.31461, -111.869, 1.26791, 129.023
530, 8.82500, 116.071, -75.8687, 118.812, 161.273, 114.145, 42.0962, 1.28458, 11.2215, 1.31365, -111.893, 1.26716, 128.999
530, 8.83333, 115.875, -75.8997, 118.6, 161.247, 113.957, 42.0706, 1.28374, 11.1916, 1.31269, -111.916, 1.26641, 128.975
531, 8.84167, 115.679, -75.9306, 118.389, 161.221, 113.77, 42.0452, 1.28291, 11.1619, 1.31173, -111.939, 1.26566, 128.951
531, 8.85000, 115.484, -75.9614, 118.179, 161.195, 113.583, 42.02, 1.28208, 11.1324, 1.31078, -111.962, 1.26492, 128.928
532, 8.85833, 115.289, -75.9921, 117.969, 161.169, 113.397, 41.9948, 1.28126, 11.1029, 1.30983, -111.985, 1.26417, 128.904
532, 8.86667, 115.095, -76.0226, 117.76, 161.144, 113.211, 41.9697, 1.28044, 11.0736, 1.30889, -112.007, 1.26343, 128.88
533, 8.87500, 114.902, -76.0529, 117.552, 161.118, 113.026, 41.9447, 1.27962, 11.0444, 1.30795, -112.03, 1.26269, 128.857
533, 8.88333, 114.709, -76.0832, 117.345, 161.093, 112.842, 41.9198, 1.2788, 11.0154, 1.30701, -112.053, 1.26196, 128.833
534, 8.89167, 114.517, -76.1133, 117.138, 161.068, 112.658, 41.8951, 1.27799, 10.9864, 1.30608, -112.075, 1.26123, 128.81
534, 8.90000, 114.325, -76.1432, 116.932, 161.043, 112.475, 41.8704, 1.27718, 10.9576, 1.30515, -112.097, 1.2605, 128.787
535, 8.90833, 114.134, -76.1731, 116.727, 161.018, 112.292, 41.8458, 1.27637, 10.929, 1.30422, -112.12, 1.25977, 128.764
535, 8.91667, 113.944, -76.2028, 116.523, 160.993, 112.11, 41.8214, 1.27557, 10.9004, 1.3033, -112.142, 1.25905, 128.741
536, 8.92500, 113.754, -76.2324, 116.319, 160.968, 111.929, 41.797, 1.27476, 10.872, 1.30238, -112.164, 1.25832, 128.718
536, 8.93333, 113.565, -76.2619, 116.116, 160.944, 111.748, 41.7727, 1.27397, 10.8437, 1.30147, -112.185, 1.2576, 128.695
537, 8.94167, 113.377, -76.2912, 115.913, 160.919, 111.568, 41.7486, 1.27317, 10.8155, 1.30056, -112.207, 1.25689, 128.672
537, 8.95000, 113.189, -76.3204, 115.712, 160.895, 111.388, 41.7245, 1.27237, 10.7874, 1.29965, -112.229, 1.25617, 128.65
538, 8.95833, 113.002, -76.3495, 115.511, 160.87, 111.209, 41.7006, 1.27158, 10.7595, 1.29874, -112.25, 1.25546, 128.627
538, 8.96667, 112.815, -76.3784, 115.311, 160.846, 111.03, 41.6767, 1.27079, 10.7316, 1.29784, -112.272, 1.25475, 128.605
539, 8.97500, 112.629, -76.4072, 115.111, 160.822, 110.852, 41.6529, 1.27001, 10.7039, 1.29694, -112.293, 1.25404, 128.582
539, 8.98333, 112.444, -76.436, 114.912, 160.798, 110.674, 41.6293, 1.26923, 10.6764, 1.29605, -112.315, 1.25334, 128.56
539, 8.99167, 112.259, -76.4645, 114.714, 160.774, 110.498, 41.6057, 1.26844, 10.6489, 1.29516, -112.336, 1.25264, 128.538
540, 9.00000, 112.075, -76.493, 114.516, 160.75, 110.321, 41.5822, 1.26767, 10.6215, 1.29427, -112.357, 1.25194, 128.516
541, 9.00833, 111.891, -76.5213, 114.32, 160.727, 110.145, 41.5589, 1.26689, 10.5943, 1.29339, -112.378, 1.25124, 128.494
541, 9.01667, 111.708, -76.5495, 114.123, 160.703, 109.97, 41.5356, 1.26612, 10.5672, 1.2925, -112.399, 1.25054, 128.472
542, 9.02500, 111.526, -76.5776, 113.928, 160.679, 109.795, 41.5124, 1.26535, 10.5402, 1.29163, -112.42, 1.24985, 128.45
542, 9.03333, 111.344, -76.6056, 113.733, 160.656, 109.621, 41.4893, 1.26458, 10.5133, 1.29075, -112.44, 1.24916, 128.428
543, 9.04167, 111.163, -76.6335, 113.539, 160.633, 109.447, 41.4663, 1.26382, 10.4865, 1.28988, -112.461, 1.24847, 128.407
543, 9.05000, 110.982, -76.6612, 113.346, 160.61, 109.274, 41.4434, 1.26306, 10.4599, 1.28901, -112.481, 1.24779, 128.385
543, 9.05833, 110.802, -76.6888, 113.153, 160.587, 109.102, 41.4206, 1.2623, 10.4333, 1.28815, -112.502, 1.24711, 128.364
544, 9.06667, 110.622, -76.7163, 112.961, 160.564, 108.93, 41.3979, 1.26154, 10.4069, 1.28729, -112.522, 1.24643, 128.342
545, 9.07500, 110.443, -76.7437, 112.769, 160.541, 108.758, 41.3752, 1.26078, 10.3806, 1.28643, -112.542, 1.24575, 128.321
545, 9.08333, 110.265, -76.771, 112.578, 160.518, 108.587, 41.3527, 1.26003, 10.3544, 1.28557, -112.562, 1.24507, 128.3
546, 9.09167, 110.087, -76.7981, 112.388, 160.495, 108.417, 41.3303, 1.25928, 10.3283, 1.28472, -112.582, 1.2444, 128.279
546, 9.10000, 109.909, -76.8252, 112.198, 160.473, 108.247, 41.3079, 1.25854, 10.3023, 1.28387, -112.602, 1.24373, 128.258
547, 9.10833, 109.732, -76.8521, 112.009, 160.45, 108.077, 41.2856, 1.25779, 10.2764, 1.28303, -112.622, 1.24306, 128.237
547, 9.11667, 109.556, -76.8789, 111.821, 160.428, 107.908, 41.2635, 1.25705, 10.2506, 1.28219, -112.642, 1.24239, 128.216
547, 9.12500, 109.38, -76.9056, 111.633, 160.405, 107.74, 41.2414, 1.25631, 10.225, 1.28135, -112.662, 1.24173, 128.195
548, 9.13333, 109.205, -76.9322, 111.446, 160.383, 107.572, 41.2194, 1.25557, 10.1994, 1.28051, -112.681, 1.24106, 128.174
549, 9.14167, 109.031, -76.9587, 111.26, 160.361, 107.405, 41.1975, 1.25484, 10.1739, 1.27968, -112.701, 1.2404, 128.154
549, 9.15000, 108.857, -76.9851, 111.074, 160.339, 107.238, 41.1757, 1.25411, 10.1486, 1.27885, -112.72, 1.23975, 128.133
550, 9.15833, 108.683, -77.0113, 110.889, 160.317, 107.071, 41.1539, 1.25338, 10.1234, 1.27802, -112.739, 1.23909, 128.113
550, 9.16667, 108.51, -77.0375, 110.704, 160.295, 106.906, 41.1323, 1.25265, 10.0982, 1.2772, -112.759, 1.23844, 128.092
551, 9.17500, 108.338, -77.0635, 110.521, 160.273, 106.74, 41.1107, 1.25193, 10.0732, 1.27638, -112.778, 1.23779, 128.072
551, 9.18333, 108.166, -77.0894, 110.337, 160.252, 106.575, 41.0892, 1.25121, 10.0483, 1.27556, -112.797, 1.23714, 128.052
552, 9.19167, 107.994, -77.1152, 110.154, 160.23, 106.411, 41.0678, 1.25049, 10.0234, 1.27475, -112.816, 1.23649, 128.032
552, 9.20000, 107.823, -77.141, 109.972, 160.209, 106.247, 41.0465, 1.24977, 9.99872, 1.27394, -112.835, 1.23585, 128.012
553, 9.20833, 107.653, -77.1666, 109.791, 160.187, 106.084, 41.0253, 1.24905, 9.9741, 1.27313, -112.853, 1.23521, 127.992
553, 9.21667, 107.483, -77.1921, 109.61, 160.166, 105.921, 41.0042, 1.24834, 9.94958, 1.27232, -112.872, 1.23457, 127.972
554, 9.22500, 107.314, -77.2175, 109.429, 160.145, 105.759, 40.9831, 1.24763, 9.92516, 1.27152, -112.891, 1.23393, 127.952
554, 9.23333, 107.145, -77.2428, 109.25, 160.124, 105.597, 40.9622, 1.24692, 9.90084, 1.27072, -112.909, 1.23329, 127.932
555, 9.24167, 106.977, -77.2679, 109.071, 160.103, 105.435, 40.9413, 1.24622, 9.87662, 1.26992, -112.928, 1.23266, 127.913
555, 9.25000, 106.809, -77.293, 108.892, 160.082, 105.274, 40.9205, 1.24551, 9.8525, 1.26913, -112.946, 1.23203, 127.893
556, 9.25833, 106.642, -77.318, 108.714, 160.061, 105.114, 40.8997, 1.24481, 9.82848, 1.26834, -112.965, 1.2314, 127.874
556, 9.26667, 106.475, -77.3429, 108.537, 160.04, 104.954, 40.8791, 1.24412, 9.80456, 1.26755, -112.983, 1.23077, 127.854
557, 9.27500, 106.309, -77.3677, 108.36, 160.019, 104.794, 40.8585, 1.24342, 9.78073, 1.26676, -113.001, 1.23015, 127.835
557, 9.28333, 106.143, -77.3923, 108.183, 159.999, 104.635, 40.8381, 1.24273, 9.75701, 1.26598, -113.019, 1.22952, 127.816
558, 9.29167, 105.978, -77.4169, 108.008, 159.978, 104.477, 40.8177, 1.24203, 9.73337, 1.2652, -113.037, 1.2289, 127.796
558, 9.30000, 105.813, -77.4414, 107.833, 159.958, 104.319, 40.7973, 1.24134, 9.70984, 1.26443, -113.055, 1.22828, 127.777
559, 9.30833, 105.649, -77.4658, 107.658, 159.937, 104.161, 40.7771, 1.24066, 9.6864, 1.26365, -113.073, 1.22767, 127.758
559, 9.31667, 105.485, -77.49, 107.484, 159.917, 104.004, 40.7569, 1.23997, 9.66305, 1.26288, -113.09, 1.22705, 127.739
560, 9.32500, 105.322, -77.5142, 107.311, 159.897, 103.847, 40.7368, 1.23929, 9.6398, 1.26211, -113.108, 1.22644, 127.72
560, 9.33333, 105.159, -77.5383, 107.138, 159.877, 103.691, 40.7168, 1.23861, 9.61664, 1.26135, -113.126, 1.22583, 127.702
561, 9.34167, 104.997, -77.5622, 106.965, 159.857, 103.535, 40.6969, 1.23793, 9.59358, 1.26059, -113.143, 1.22522, 127.683
561, 9.35000, 104.835, -77.5861, 106.794, 159.837, 103.38, 40.6771, 1.23726, 9.57061, 1.25983, -113.161, 1.22461, 127.664
562, 9.35833, 104.674, -77.6099, 106.622, 159.817, 103.225, 40.6573, 1.23658, 9.54773, 1.25907, -113.178, 1.22401, 127.646
562, 9.36667, 104.513, -77.6336, 106.452, 159.797, 103.071, 40.6376, 1.23591, 9.52494, 1.25831, -113.195, 1.22341, 127.627
563, 9.37500, 104.353, -77.6572, 106.282, 159.777, 102.917, 40.618, 1.23524, 9.50224, 1.25756, -113.212, 1.22281, 127.609
563, 9.38333, 104.193, -77.6807, 106.112, 159.758, 102.763, 40.5984, 1.23457, 9.47964, 1.25681, -113.23, 1.22221, 127.59
564, 9.39167, 104.033, -77.7041, 105.943, 159.738, 102.61, 40.5789, 1.23391, 9.45712, 1.25607, -113.247, 1.22161, 127.572
564, 9.40000, 103.874, -77.7274, 105.774, 159.719, 102.458, 40.5596, 1.23325, 9.4347, 1.25532, -113.264, 1.22102, 127.554
564, 9.40833, 103.716, -77.7506, 105.606, 159.699, 102.305, 40.5402, 1.23259, 9.41236, 1.25458, -113.281, 1.22042, 127.535
565, 9.41667, 103.558, -77.7737, 105.439, 159.68, 102.154, 40.521, 1.23193, 9.39011, 1.25384, -113.297, 1.21983, 127.517
566, 9.42500, 103.4, -77.7967, 105.272, 159.661, 102.002, 40.5018, 1.23127, 9.36795, 1.25311, -113.314, 1.21924, 127.499
566, 9.43333, 103.243, -77.8197, 105.106, 159.641, 101.851, 40.4827, 1.23062, 9.34588, 1.25237, -113.331, 1.21866, 127.481
567, 9.44167, 103.087, -77.8425, 104.94, 159.622, 101.701, 40.4637, 1.22997, 9.3239, 1.25164, -113.347, 1.21807, 127.463
567, 9.45000, 102.931, -77.8653, 104.774, 159.603, 101.551, 40.4447, 1.22932, 9.302, 1.25091, -113.364, 1.21749, 127.446
568, 9.45833, 102.775, -77.8879, 104.609, 159.584, 101.401, 40.4258, 1.22867, 9.2802, 1.25019, -113.381, 1.21691, 127.428
568, 9.46667, 102.62, -77.9105, 104.445, 159.566, 101.252, 40.407, 1.22802, 9.25847, 1.24947, -113.397, 1.21633, 127.41
568, 9.47500, 102.465, -77.933, 104.281, 159.547, 101.104, 40.3883, 1.22738, 9.23683, 1.24875, -113.413, 1.21575, 127.392
569, 9.48333, 102.311, -77.9554, 104.118, 159.528, 100.955, 40.3696, 1.22674, 9.21528, 1.24803, -113.43, 1.21518, 127.375
570, 9.49167, 102.157, -77.9777, 103.955, 159.509, 100.807, 40.351, 1.2261, 9.19381, 1.24731, -113.446, 1.2146, 127.357
570, 9.50000, 102.004, -77.9999, 103.793, 159.491, 100.66, 40.3325, 1.22546, 9.17243, 1.2466, -113.462, 1.21403, 127.34
571, 9.50833, 101.851, -78.022, 103.631, 159.472, 100.513, 40.314, 1.22482, 9.15113, 1.24589, -113.478, 1.21346, 127.323
571, 9.51667, 101.698, -78.0441, 103.47, 159.454, 100.366, 40.2957, 1.22419, 9.12991, 1.24518, -113.494, 1.21289, 127.305
572, 9.52500, 101.546, -78.066, 103.309, 159.436, 100.22, 40.2773, 1.22356, 9.10877, 1.24448, -113.51, 1.21233, 127.288
572, 9.53333, 101.394, -78.0879, 103.149, 159.417, 100.074, 40.2591, 1.22293, 9.08772, 1.24377, -113.526, 1.21176, 127.271
572, 9.54167, 101.243, -78.1096, 102.989, 159.399, 99.929, 40.2409, 1.2223, 9.06675, 1.24307, -113.542, 1.2112, 127.254
573, 9.55000, 101.092, -78.1313, 102.83, 159.381, 99.7841, 40.2228, 1.22168, 9.04586, 1.24238, -113.557, 1.21064, 127.237
574, 9.55833, 100.942, -78.1529, 102.671, 159.363, 99.6395, 40.2048, 1.22105, 9.02506, 1.24168, -113.573, 1.21008, 127.22
574, 9.56667, 100.792, -78.1745, 102.512, 159.345, 99.4954, 40.1868, 1.22043, 9.00433, 1.24099, -113.589, 1.20952, 127.203
575, 9.57500, 100.643, -78.1959, 102.355, 159.327, 99.3517, 40.1689, 1.21981, 8.98368, 1.2403, -113.604, 1.20897, 127.186
575, 9.58333, 100.494, -78.2172, 102.197, 159.309, 99.2083, 40.1511, 1.2192, 8.96312, 1.23961, -113.62, 1.20842, 127.169
576, 9.59167, 100.345, -78.2385, 102.04, 159.291, 99.0654, 40.1333, 1.21858, 8.94263, 1.23892, -113.635, 1.20786, 127.152
576, 9.60000, 100.197, -78.2597, 101.884, 159.273, 98.9229, 40.1156, 1.21797, 8.92222, 1.23824, -113.65, 1.20731, 127.136
577, 9.60833, 100.049, -78.2808, 101.728, 159.256, 98.7807, 40.0979, 1.21736, 8.90189, 1.23756, -113.666, 1.20677, 127.119
577, 9.61667, 99.9019, -78.3018, 101.572, 159.238, 98.639, 40.0804, 1.21675, 8.88164, 1.23688, -113.681, 1.20622, 127.103
578, 9.62500, 99.755, -78.3228, 101.417, 159.221, 98.4977, 40.0628, 1.21614, 8.86147, 1.2362, -113.696, 1.20567, 127.086
578, 9.63333, 99.6085, -78.3436, 101.263, 159.203, 98.3567, 40.0454, 1.21553, 8.84138, 1.23553, -113.711, 1.20513, 127.07
579, 9.64167, 99.4625, -78.3644, 101.109, 159.186, 98.2162, 40.028, 1.21493, 8.82135, 1.23486, -113.726, 1.20459, 127.053
579, 9.65000, 99.3168, -78.3851, 100.955, 159.169, 98.076, 40.0107, 1.21433, 8.80141, 1.23419, -113.741, 1.20405, 127.037
580, 9.65833, 99.1716, -78.4057, 100.802, 159.151, 97.9362, 39.9935, 1.21373, 8.78155, 1.23352, -113.756, 1.20351, 127.021
580, 9.66667, 99.0267, -78.4262, 100.649, 159.134, 97.7968, 39.9763, 1.21313, 8.76176, 1.23286, -113.771, 1.20298, 127.005
581, 9.67500, 98.8823, -78.4467, 100.497, 159.117, 97.6578, 39.9591, 1.21253, 8.74204, 1.23219, -113.785, 1.20244, 126.988
581, 9.68333, 98.7383, -78.467, 100.346, 159.1, 97.5192, 39.9421, 1.21194, 8.7224, 1.23153, -113.8, 1.20191, 126.972
582, 9.69167, 98.5947, -78.4873, 100.194, 159.083, 97.381, 39.9251, 1.21135, 8.70284, 1.23087, -113.815, 1.20138, 126.956
582, 9.70000, 98.4515, -78.5076, 100.043, 159.066, 97.2431, 39.9082, 1.21076, 8.68335, 1.23022, -113.829, 1.20085, 126.94
583, 9.70833, 98.3087, -78.5277, 99.893, 159.049, 97.1056, 39.8913, 1.21017, 8.66393, 1.22957, -113.844, 1.20032, 126.924
583, 9.71667, 98.1663, -78.5478, 99.743, 159.032, 96.9685, 39.8745, 1.20958, 8.64459, 1.22891, -113.858, 1.1998, 126.909
584, 9.72500, 98.0243, -78.5677, 99.5935, 159.016, 96.8318, 39.8577, 1.209, 8.62532, 1.22826, -113.873, 1.19927, 126.893
584, 9.73333, 97.8827, -78.5877, 99.4444, 158.999, 96.6954, 39.841, 1.20841, 8.60612, 1.22762, -113.887, 1.19875, 126.877
585, 9.74167, 97.7415, -78.6075, 99.2958, 158.982, 96.5594, 39.8244, 1.20783, 8.587, 1.22697, -113.902, 1.19823, 126.861
585, 9.75000, 97.6007, -78.6272, 99.1476, 158.966, 96.4238, 39.8078, 1.20725, 8.56794, 1.22633, -113.916, 1.19771, 126.846
586, 9.75833, 97.4603, -78.6469, 98.9998, 158.949, 96.2886, 39.7913, 1.20667, 8.54896, 1.22569, -113.93, 1.19719, 126.83
586, 9.76667, 97.3203, -78.6665, 98.8525, 158.933, 96.1537, 39.7749, 1.2061, 8.53005, 1.22505, -113.944, 1.19668, 126.815
587, 9.77500, 97.1806, -78.6861, 98.7056, 158.916, 96.0191, 39.7585, 1.20552, 8.51121, 1.22442, -113.958, 1.19616, 126.799
587, 9.78333, 97.0414, -78.7055, 98.5592, 158.9, 95.885, 39.7422, 1.20495, 8.49245, 1.22378, -113.972, 1.19565, 126.784
588, 9.79167, 96.9025, -78.7249, 98.4132, 158.884, 95.7512, 39.7259, 1.20438, 8.47375, 1.22315, -113.986, 1.19514, 126.769
588, 9.80000, 96.7641, -78.7442, 98.2676, 158.868, 95.6178, 39.7097, 1.20381, 8.45512, 1.22252, -114, 1.19463, 126.753
589, 9.80833, 96.626, -78.7634, 98.1224, 158.852, 95.4847, 39.6936, 1.20324, 8.43656, 1.22189, -114.014, 1.19412, 126.738
589, 9.81667, 96.4882, -78.7826, 97.9776, 158.835, 95.352, 39.6775, 1.20268, 8.41807, 1.22127, -114.028, 1.19362, 126.723
590, 9.82500, 96.3509, -78.8017, 97.8333, 158.819, 95.2196, 39.6615, 1.20211, 8.39965, 1.22064, -114.041, 1.19311, 126.708
590, 9.83333, 96.2139, -78.8207, 97.6894, 158.803, 95.0876, 39.6455, 1.20155, 8.3813, 1.22002, -114.055, 1.19261, 126.693
591, 9.84167, 96.0773, -78.8396, 97.5459, 158.788, 94.956, 39.6296, 1.20099, 8.36301, 1.2194, -114.069, 1.19211, 126.678
591, 9.85000, 95.9411, -78.8585, 97.4028, 158.772, 94.8247, 39.6137, 1.20043, 8.3448, 1.21879, -114.082, 1.19161, 126.663
592, 9.85833, 95.8053, -78.8773, 97.2602, 158.756, 94.6937, 39.5979, 1.19988, 8.32665, 1.21817, -114.096, 1.19111, 126.648
592, 9.86667, 95.6698, -78.896, 97.1179, 158.74, 94.5631, 39.5822, 1.19932, 8.30857, 1.21756, -114.109, 1.19061, 126.633
593, 9.87500, 95.5348, -78.9147, 96.9761, 158.725, 94.4329, 39.5665, 1.19877, 8.29055, 1.21695, -114.123, 1.19011, 126.618
593, 9.88333, 95.4, -78.9333, 96.8347, 158.709, 94.303, 39.5509, 1.19822, 8.2726, 1.21634, -114.136, 1.18962, 126.604
594, 9.89167, 95.2657, -78.9518, 96.6936, 158.693, 94.1734, 39.5353, 1.19767, 8.25472, 1.21573, -114.149, 1.18913, 126.589
594, 9.90000, 95.1317, -78.9702, 96.553, 158.678, 94.0442, 39.5198, 1.19712, 8.2369, 1.21513, -114.163, 1.18864, 126.574
595, 9.90833, 94.998, -78.9886, 96.4128, 158.662, 93.9153, 39.5043, 1.19657, 8.21915, 1.21452, -114.176, 1.18815, 126.56
595, 9.91667, 94.8648, -79.0069, 96.273, 158.647, 93.7868, 39.4889, 1.19603, 8.20146, 1.21392, -114.189, 1.18766, 126.545
596, 9.92500, 94.7319, -79.0252, 96.1336, 158.632, 93.6586, 39.4735, 1.19548, 8.18384, 1.21332, -114.202, 1.18717, 126.531
596, 9.93333, 94.5993, -79.0433, 95.9946, 158.616, 93.5308, 39.4582, 1.19494, 8.16629, 1.21273, -114.215, 1.18669, 126.516
597, 9.94167, 94.4671, -79.0614, 95.8559, 158.601, 93.4032, 39.443, 1.1944, 8.14879, 1.21213, -114.228, 1.18621, 126.502
597, 9.95000, 94.3353, -79.0795, 95.7177, 158.586, 93.276, 39.4278, 1.19386, 8.13136, 1.21154, -114.241, 1.18572, 126.488
598, 9.95833, 94.2038, -79.0975, 95.5799, 158.571, 93.1492, 39.4127, 1.19333, 8.114, 1.21095, -114.254, 1.18524, 126.473
598, 9.96667, 94.0727, -79.1153, 95.4424, 158.556, 93.0227, 39.3976, 1.19279, 8.09669, 1.21036, -114.267, 1.18477, 126.459
599, 9.97500, 93.9419, -79.1332, 95.3054, 158.541, 92.8965, 39.3826, 1.19226, 8.07946, 1.20977, -114.279, 1.18429, 126.445
599, 9.98333, 93.8115, -79.151, 95.1687, 158.526, 92.7706, 39.3676, 1.19173, 8.06228, 1.20919, -114.292, 1.18381, 126.431
600, 9.99167, 93.6814, -79.1687, 95.0324, 158.511, 92.6451, 39.3527, 1.1912, 8.04516, 1.2086, -114.305, 1.18334, 126.417
600, 10.00000, 93.5517, -79.1863, 94.8965, 158.496, 92.5199, 39.3378, 1.19067, 8.02811, 1.20802, -114.317, 1.18286, 126.403
601, 10.00833, 93.4223, -79.2039, 94.761, 158.481, 92.395, 39.323, 1.19014, 8.01112, 1.20744, -114.33, 1.18239, 126.389
601, 10.01667, 93.2933, -79.2214, 94.6259, 158.467, 92.2705, 39.3082, 1.18962, 7.99419, 1.20687, -114.343, 1.18192, 126.375
602, 10.02500, 93.1646, -79.2388, 94.4911, 158.452, 92.1462, 39.2935, 1.18909, 7.97732, 1.20629, -114.355, 1.18145, 126.361
602, 10.03333, 93.0362, -79.2562, 94.3568, 158.437, 92.0223, 39.2789, 1.18857, 7.96051, 1.20572, -114.368, 1.18099, 126.347
603, 10.04167, 92.9082, -79.2735, 94.2227, 158.423, 91.8987, 39.2643, 1.18805, 7.94376, 1.20514, -114.38, 1.18052, 126.333
603, 10.05000, 92.7805, -79.2908, 94.0891, 158.408, 91.7755, 39.2497, 1.18753, 7.92708, 1.20457, -114.392, 1.18006, 126.319
604, 10.05833, 92.6532, -79.3079, 93.9559, 158.394, 91.6525, 39.2352, 1.18701, 7.91045, 1.20401, -114.405, 1.17959, 126.306
604, 10.06667, 92.5262, -79.3251, 93.823, 158.379, 91.5299, 39.2207, 1.1865, 7.89388, 1.20344, -114.417, 1.17913, 126.292
605, 10.07500, 92.3996, -79.3421, 93.6904, 158.365, 91.4075, 39.2063, 1.18598, 7.87737, 1.20287, -114.429, 1.17867, 126.278
605, 10.08333, 92.2732, -79.3591, 93.5583, 158.351, 91.2855, 39.192, 1.18547, 7.86092, 1.20231, -114.441, 1.17821, 126.265
606, 10.09167, 92.1472, -79.3761, 93.4265, 158.336, 91.1638, 39.1777, 1.18496, 7.84453, 1.20175, -114.453, 1.17776, 126.251
606, 10.10000, 92.0216, -79.3929, 93.2951, 158.322, 91.0424, 39.1634, 1.18445, 7.8282, 1.20119, -114.465, 1.1773, 126.238
607, 10.10833, 91.8962, -79.4097, 93.164, 158.308, 90.9214, 39.1492, 1.18394, 7.81193, 1.20063, -114.477, 1.17684, 126.225
607, 10.11667, 91.7712, -79.4265, 93.0333, 158.294, 90.8006, 39.1351, 1.18343, 7.79571, 1.20008, -114.489, 1.17639, 126.211
608, 10.12500, 91.6466, -79.4432, 92.903, 158.28, 90.6802, 39.121, 1.18293, 7.77955, 1.19952, -114.501, 1.17594, 126.198
608, 10.13333, 91.5222, -79.4598, 92.773, 158.266, 90.56, 39.1069, 1.18242, 7.76345, 1.19897, -114.513, 1.17549, 126.185
609, 10.14167, 91.3982, -79.4764, 92.6434, 158.252, 90.4402, 39.0929, 1.18192, 7.7474, 1.19842, -114.525, 1.17504, 126.171
609, 10.15000, 91.2745, -79.4929, 92.5141, 158.238, 90.3206, 39.079, 1.18142, 7.73142, 1.19787, -114.537, 1.17459, 126.158
610, 10.15833, 91.1511, -79.5093, 92.3852, 158.224, 90.2014, 39.0651, 1.18092, 7.71549, 1.19733, -114.548, 1.17415, 126.145
610, 10.16667, 91.028, -79.5257, 92.2566, 158.21, 90.0824, 39.0512, 1.18042, 7.69961, 1.19678, -114.56, 1.1737, 126.132
611, 10.17500, 90.9053, -79.542, 92.1284, 158.196, 89.9638, 39.0374, 1.17993, 7.68379, 1.19624, -114.572, 1.17326, 126.119
611, 10.18333, 90.7828, -79.5583, 92.0005, 158.183, 89.8455, 39.0236, 1.17943, 7.66803, 1.1957, -114.583, 1.17281, 126.106
612, 10.19167, 90.6607, -79.5745, 91.873, 158.169, 89.7274, 39.0099, 1.17894, 7.65232, 1.19516, -114.595, 1.17237, 126.093
612, 10.20000, 90.5389, -79.5906, 91.7458, 158.155, 89.6097, 38.9962, 1.17845, 7.63667, 1.19462, -114.607, 1.17193, 126.08
613, 10.20833, 90.4175, -79.6067, 91.619, 158.142, 89.4922, 38.9826, 1.17796, 7.62107, 1.19408, -114.618, 1.17149, 126.067
613, 10.21667, 90.2963, -79.6228, 91.4925, 158.128, 89.3751, 38.969, 1.17747, 7.60553, 1.19355, -114.629, 1.17106, 126.054
614, 10.22500, 90.1754, -79.6387, 91.3664, 158.115, 89.2582, 38.9555, 1.17698, 7.59004, 1.19301, -114.641, 1.17062, 126.041
614, 10.23333, 90.0549, -79.6547, 91.2406, 158.101, 89.1416, 38.942, 1.17649, 7.5746, 1.19248, -114.652, 1.17019, 126.029
615, 10.24167, 89.9346, -79.6705, 91.1151, 158.088, 89.0254, 38.9286, 1.17601, 7.55922, 1.19195, -114.663, 1.16975, 126.016
615, 10.25000, 89.8147, -79.6863, 90.99, 158.074, 88.9094, 38.9152, 1.17553, 7.5439, 1.19143, -114.675, 1.16932, 126.003
616, 10.25833, 89.6951, -79.7021, 90.8652, 158.061, 88.7937, 38.9019, 1.17504, 7.52862, 1.1909, -114.686, 1.16889, 125.991
616, 10.26667, 89.5758, -79.7178, 90.7407, 158.048, 88.6783, 38.8886, 1.17456, 7.5134, 1.19038, -114.697, 1.16846, 125.978
617, 10.27500, 89.4568, -79.7334, 90.6166, 158.035, 88.5631, 38.8753, 1.17408, 7.49823, 1.18985, -114.708, 1.16803, 125.965
617, 10.28333, 89.3381, -79.749, 90.4928, 158.021, 88.4483, 38.8621, 1.17361, 7.48312, 1.18933, -114.719, 1.1676, 125.953
618, 10.29167, 89.2196, -79.7645, 90.3693, 158.008, 88.3337, 38.8489, 1.17313, 7.46805, 1.18881, -114.73, 1.16718, 125.94
618, 10.30000, 89.1015, -79.7799, 90.2462, 157.995, 88.2195, 38.8358, 1.17265, 7.45304, 1.18829, -114.741, 1.16675, 125.928
619, 10.30833, 88.9837, -79.7953, 90.1234, 157.982, 88.1055, 38.8228, 1.17218, 7.43809, 1.18778, -114.752, 1.16633, 125.916
619, 10.31667, 88.8662, -79.8107, 90.0009, 157.969, 87.9918, 38.8097, 1.17171, 7.42318, 1.18726, -114.763, 1.16591, 125.903
620, 10.32500, 88.749, -79.826, 89.8787, 157.956, 87.8783, 38.7967, 1.17124, 7.40832, 1.18675, -114.774, 1.16549, 125.891
620, 10.33333, 88.6321, -79.8412, 89.7569, 157.943, 87.7652, 38.7838, 1.17077, 7.39352, 1.18624, -114.785, 1.16507, 125.879
621, 10.34167, 88.5155, -79.8564, 89.6354, 157.93, 87.6523, 38.7709, 1.1703, 7.37876, 1.18573, -114.796, 1.16465, 125.867
621, 10.35000, 88.3991, -79.8716, 89.5142, 157.917, 87.5397, 38.7581, 1.16983, 7.36406, 1.18522, -114.807, 1.16423, 125.854
622, 10.35833, 88.2831, -79.8866, 89.3933, 157.905, 87.4274, 38.7452, 1.16937, 7.34941, 1.18471, -114.817, 1.16382, 125.842
622, 10.36667, 88.1674, -79.9017, 89.2728, 157.892, 87.3153, 38.7325, 1.1689, 7.3348, 1.18421, -114.828, 1.1634, 125.83
623, 10.37500, 88.0519, -79.9166, 89.1525, 157.879, 87.2036, 38.7198, 1.16844, 7.32025, 1.1837, -114.839, 1.16299, 125.818
623, 10.38333, 87.9368, -79.9316, 89.0326, 157.867, 87.0921, 38.7071, 1.16798, 7.30575, 1.1832, -114.849, 1.16258, 125.806
624, 10.39167, 87.8219, -79.9464, 88.913, 157.854, 86.9808, 38.6944, 1.16752, 7.2913, 1.1827, -114.86, 1.16216, 125.794
624, 10.40000, 87.7073, -79.9613, 88.7937, 157.841, 86.8699, 38.6819, 1.16706, 7.27689, 1.1822, -114.871, 1.16175, 125.782
625, 10.40833, 87.593, -79.976, 88.6747, 157.829, 86.7592, 38.6693, 1.1666, 7.26254, 1.1817, -114.881, 1.16135, 125.77
625, 10.41667, 87.479, -79.9907, 88.556, 157.816, 86.6488, 38.6568, 1.16615, 7.24823, 1.18121, -114.891, 1.16094, 125.758
626, 10.42500, 87.3652, -80.0054, 88.4377, 157.804, 86.5386, 38.6443, 1.16569, 7.23397, 1.18071, -114.902, 1.16053, 125.747
626, 10.43333, 87.2518, -80.02, 88.3196, 157.791, 86.4287, 38.6319, 1.16524, 7.21976, 1.18022, -114.912, 1.16013, 125.735
627, 10.44167, 87.1386, -80.0345, 88.2018, 157.779, 86.3191, 38.6195, 1.16479, 7.2056, 1.17973, -114.923, 1.15972, 125.723
627, 10.45000, 87.0257, -80.049, 88.0844, 157.767, 86.2097, 38.6072, 1.16434, 7.19149, 1.17924, -114.933, 1.15932, 125.711
628, 10.45833, 86.9131, -80.0635, 87.9673, 157.754, 86.1006, 38.5949, 1.16389, 7.17743, 1.17875, -114.943, 1.15892, 125.7
628, 10.46667, 86.8008, -80.0779, 87.8504, 157.742, 85.9918, 38.5826, 1.16344, 7.16341, 1.17826, -114.953, 1.15852, 125.688
629, 10.47500, 86.6887, -80.0922, 87.7339, 157.73, 85.8832, 38.5704, 1.16299, 7.14944, 1.17778, -114.964, 1.15812, 125.676
629, 10.48333, 86.5769, -80.1065, 87.6176, 157.718, 85.7749, 38.5582, 1.16255, 7.13551, 1.17729, -114.974, 1.15772, 125.665
630, 10.49167, 86.4654, -80.1208, 87.5017, 157.706, 85.6669, 38.5461, 1.1621, 7.12164, 1.17681, -114.984, 1.15732, 125.653
630, 10.50000, 86.3542, -80.135, 87.386, 157.693, 85.5591, 38.534, 1.16166, 7.10781, 1.17633, -114.994, 1.15693, 125.642
631, 10.50833, 86.2432, -80.1491, 87.2707, 157.681, 85.4515, 38.5219, 1.16122, 7.09402, 1.17585, -115.004, 1.15653, 125.63
631, 10.51667, 86.1325, -80.1632, 87.1556, 157.669, 85.3442, 38.5099, 1.16078, 7.08028, 1.17537, -115.014, 1.15614, 125.619
632, 10.52500, 86.0221, -80.1773, 87.0409, 157.657, 85.2372, 38.498, 1.16034, 7.06659, 1.1749, -115.024, 1.15575, 125.608
632, 10.53333, 85.912, -80.1913, 86.9264, 157.645, 85.1304, 38.486, 1.1599, 7.05295, 1.17442, -115.034, 1.15535, 125.596
633, 10.54167, 85.8021, -80.2053, 86.8122, 157.634, 85.0239, 38.4741, 1.15946, 7.03935, 1.17395, -115.044, 1.15496, 125.585
633, 10.55000, 85.6925, -80.2192, 86.6983, 157.622, 84.9176, 38.4623, 1.15902, 7.02579, 1.17347, -115.054, 1.15457, 125.574
634, 10.55833, 85.5832, -80.233, 86.5848, 157.61, 84.8116, 38.4504, 1.15859, 7.01228, 1.173, -115.064, 1.15419, 125.562
634, 10.56667, 85.4741, -80.2468, 86.4714, 157.598, 84.7059, 38.4387, 1.15816, 6.99882, 1.17253, -115.073, 1.1538, 125.551
635, 10.57500, 85.3653, -80.2606, 86.3584, 157.586, 84.6003, 38.4269, 1.15772, 6.9854, 1.17207, -115.083, 1.15341, 125.54
635, 10.58333, 85.2567, -80.2743, 86.2457, 157.575, 84.4951, 38.4152, 1.15729, 6.97202, 1.1716, -115.093, 1.15303, 125.529
636, 10.59167, 85.1484, -80.288, 86.1332, 157.563, 84.3901, 38.4036, 1.15686, 6.95869, 1.17113, -115.103, 1.15264, 125.518
636, 10.60000, 85.0404, -80.3016, 86.0211, 157.551, 84.2853, 38.3919, 1.15644, 6.94541, 1.17067, -115.112, 1.15226, 125.507
637, 10.60833, 84.9326, -80.3151, 85.9092, 157.54, 84.1808, 38.3804, 1.15601, 6.93216, 1.17021, -115.122, 1.15188, 125.496
637, 10.61667, 84.8251, -80.3287, 85.7976, 157.528, 84.0765, 38.3688, 1.15558, 6.91896, 1.16975, -115.132, 1.1515, 125.485
638, 10.62500, 84.7179, -80.3421, 85.6863, 157.517, 83.9724, 38.3573, 1.15516, 6.90581, 1.16929, -115.141, 1.15112, 125.474
638, 10.63333, 84.6109, -80.3556, 85.5752, 157.505, 83.8687, 38.3458, 1.15473, 6.8927, 1.16883, -115.151, 1.15074, 125.463
639, 10.64167, 84.5042, -80.369, 85.4645, 157.494, 83.7651, 38.3344, 1.15431, 6.87963, 1.16837, -115.16, 1.15037, 125.452
639, 10.65000, 84.3977, -80.3823, 85.354, 157.482, 83.6618, 38.323, 1.15389, 6.8666, 1.16792, -115.17, 1.14999, 125.441
640, 10.65833, 84.2915, -80.3956, 85.2438, 157.471, 83.5587, 38.3116, 1.15347, 6.85362, 1.16746, -115.179, 1.14961, 125.43
640, 10.66667, 84.1855, -80.4088, 85.1338, 157.459, 83.4559, 38.3003, 1.15305, 6.84068, 1.16701, -115.188, 1.14924, 125.42
641, 10.67500, 84.0798, -80.422, 85.0242, 157.448, 83.3533, 38.289, 1.15263, 6.82778, 1.16656, -115.198, 1.14887, 125.409
641, 10.68333, 83.9743, -80.4352, 84.9148, 157.437, 83.2509, 38.2778, 1.15222, 6.81493, 1.16611, -115.207, 1.1485, 125.398
642, 10.69167, 83.8691, -80.4483, 84.8056, 157.426, 83.1488, 38.2666, 1.1518, 6.80211, 1.16566, -115.216, 1.14812, 125.387
642, 10.70000, 83.7641, -80.4613, 84.6968, 157.414, 83.0469, 38.2554, 1.15139, 6.78934, 1.16521, -115.226, 1.14775, 125.377
643, 10.70833, 83.6594, -80.4744, 84.5882, 157.403, 82.9453, 38.2443, 1.15097, 6.77661, 1.16477, -115.235, 1.14739, 125.366
643, 10.71667, 83.555, -80.4873, 84.4799, 157.392, 82.8439, 38.2332, 1.15056, 6.76392, 1.16432, -115.244, 1.14702, 125.356
644, 10.72500, 83.4507, -80.5003, 84.3718, 157.381, 82.7427, 38.2221, 1.15015, 6.75127, 1.16388, -115.253, 1.14665, 125.345
644, 10.73333, 83.3468, -80.5132, 84.2641, 157.37, 82.6417, 38.2111, 1.14974, 6.73867, 1.16344, -115.262, 1.14629, 125.335
645, 10.74167, 83.243, -80.526, 84.1566, 157.359, 82.541, 38.2001, 1.14933, 6.7261, 1.16299, -115.272, 1.14592, 125.324
645, 10.75000, 83.1396, -80.5388, 84.0493, 157.348, 82.4405, 38.1891, 1.14892, 6.71358, 1.16256, -115.281, 1.14556, 125.314
646, 10.75833, 83.0363, -80.5515, 83.9423, 157.337, 82.3403, 38.1782, 1.14852, 6.70109, 1.16212, -115.29, 1.14519, 125.303
646, 10.76667, 82.9333, -80.5642, 83.8356, 157.326, 82.2402, 38.1673, 1.14811, 6.68865, 1.16168, -115.299, 1.14483, 125.293
647, 10.77500, 82.8306, -80.5769, 83.7291, 157.315, 82.1404, 38.1565, 1.14771, 6.67625, 1.16124, -115.308, 1.14447, 125.282
647, 10.78333, 82.7281, -80.5895, 83.6229, 157.304, 82.0409, 38.1457, 1.14731, 6.66388, 1.16081, -115.317, 1.14411, 125.272
648, 10.79167, 82.6258, -80.6021, 83.517, 157.293, 81.9415, 38.1349, 1.1469, 6.65156, 1.16038, -115.326, 1.14375, 125.262
648, 10.80000, 82.5238, -80.6147, 83.4113, 157.282, 81.8424, 38.1241, 1.1465, 6.63928, 1.15995, -115.334, 1.1434, 125.252
649, 10.80833, 82.422, -80.6271, 83.3059, 157.272, 81.7435, 38.1134, 1.1461, 6.62703, 1.15951, -115.343, 1.14304, 125.241
649, 10.81667, 82.3204, -80.6396, 83.2007, 157.261, 81.6449, 38.1027, 1.1457, 6.61483, 1.15909, -115.352, 1.14268, 125.231
650, 10.82500, 82.2191, -80.652, 83.0958, 157.25, 81.5464, 38.0921, 1.14531, 6.60266, 1.15866, -115.361, 1.14233, 125.221
650, 10.83333, 82.118, -80.6644, 82.9911, 157.24, 81.4482, 38.0815, 1.14491, 6.59054, 1.15823, -115.37, 1.14198, 125.211
651, 10.84167, 82.0172, -80.6767, 82.8867, 157.229, 81.3502, 38.0709, 1.14451, 6.57845, 1.1578, -115.378, 1.14162, 125.201
651, 10.85000, 81.9165, -80.689, 82.7825, 157.218, 81.2524, 38.0604, 1.14412, 6.5664, 1.15738, -115.387, 1.14127, 125.191
652, 10.85833, 81.8162, -80.7012, 82.6786, 157.208, 81.1549, 38.0499, 1.14373, 6.55439, 1.15696, -115.396, 1.14092, 125.181
652, 10.86667, 81.716, -80.7134, 82.5749, 157.197, 81.0575, 38.0394, 1.14334, 6.54242, 1.15654, -115.404, 1.14057, 125.171
653, 10.87500, 81.6161, -80.7256, 82.4715, 157.187, 80.9604, 38.029, 1.14294, 6.53048, 1.15611, -115.413, 1.14022, 125.161
653, 10.88333, 81.5164, -80.7377, 82.3684, 157.176, 80.8635, 38.0186, 1.14255, 6.51859, 1.1557, -115.422, 1.13987, 125.151
654, 10.89167, 81.4169, -80.7498, 82.2655, 157.166, 80.7668, 38.0082, 1.14217, 6.50673, 1.15528, -115.43, 1.13953, 125.141
654, 10.90000, 81.3177, -80.7618, 82.1628, 157.155, 80.6703, 37.9978, 1.14178, 6.49491, 1.15486, -115.439, 1.13918, 125.131
655, 10.90833, 81.2187, -80.7738, 82.0604, 157.145, 80.5741, 37.9875, 1.14139, 6.48313, 1.15444, -115.447, 1.13884, 125.121
655, 10.91667, 81.1199, -80.7858, 81.9582, 157.135, 80.478, 37.9773, 1.141, 6.47138, 1.15403, -115.456, 1.13849, 125.111
656, 10.92500, 81.0214, -80.7977, 81.8562, 157.124, 80.3822, 37.967, 1.14062, 6.45967, 1.15362, -115.464, 1.13815, 125.101
656, 10.93333, 80.9231, -80.8095, 81.7546, 157.114, 80.2866, 37.9568, 1.14024, 6.448, 1.1532, -115.473, 1.13781, 125.092
657, 10.94167, 80.825, -80.8214, 81.6531, 157.104, 80.1912, 37.9466, 1.13985, 6.43637, 1.15279, -115.481, 1.13746, 125.082
657, 10.95000, 80.7271, -80.8332, 81.5519, 157.094, 80.096, 37.9365, 1.13947, 6.42477, 1.15238, -115.489, 1.13712, 125.072
658, 10.95833, 80.6295, -80.8449, 81.4509, 157.083, 80.001, 37.9264, 1.13909, 6.41321, 1.15197, -115.498, 1.13678, 125.062
658, 10.96667, 80.532, -80.8566, 81.3502, 157.073, 79.9063, 37.9163, 1.13871, 6.40168, 1.15157, -115.506, 1.13645, 125.053
659, 10.97500, 80.4348, -80.8683, 81.2497, 157.063, 79.8117, 37.9063, 1.13833, 6.3902, 1.15116, -115.514, 1.13611, 125.043
659, 10.98333, 80.3379, -80.88, 81.1494, 157.053, 79.7174, 37.8963, 1.13795, 6.37875, 1.15076, -115.523, 1.13577, 125.034
660, 10.99167, 80.2411, -80.8915, 81.0494, 157.043, 79.6232, 37.8863, 1.13758, 6.36733, 1.15035, -115.531, 1.13544, 125.024
660, 11.00000, 80.1445, -80.9031, 80.9496, 157.033, 79.5293, 37.8763, 1.1372, 6.35595, 1.14995, -115.539, 1.1351, 125.014
661, 11.00833, 80.0482, -80.9146, 80.8501, 157.023, 79.4356, 37.8664, 1.13683, 6.3446, 1.14955, -115.547, 1.13477, 125.005
661, 11.01667, 79.9521, -80.9261, 80.7507, 157.013, 79.342, 37.8565, 1.13645, 6.33329, 1.14915, -115.555, 1.13443, 124.995
662, 11.02500, 79.8562, -80.9376, 80.6517, 157.003, 79.2487, 37.8467, 1.13608, 6.32202, 1.14875, -115.563, 1.1341, 124.986
662, 11.03333, 79.7605, -80.949, 80.5528, 156.993, 79.1556, 37.8368, 1.13571, 6.31078, 1.14835, -115.571, 1.13377, 124.977
663, 11.04167, 79.6651, -80.9603, 80.4542, 156.983, 79.0627, 37.827, 1.13534, 6.29958, 1.14795, -115.579, 1.13344, 124.967
663, 11.05000, 79.5698, -80.9717, 80.3558, 156.973, 78.97, 37.8173, 1.13497, 6.28841, 1.14755, -115.588, 1.13311, 124.958
664, 11.05833, 79.4748, -80.9829, 80.2576, 156.963, 78.8775, 37.8075, 1.1346, 6.27728, 1.14716, -115.596, 1.13278, 124.948
664, 11.06667, 79.38, -80.9942, 80.1597, 156.953, 78.7852, 37.7978, 1.13423, 6.26618, 1.14677, -115.604, 1.13245, 124.939
665, 11.07500, 79.2854, -81.0054, 80.062, 156.944, 78.6931, 37.7882, 1.13387, 6.25511, 1.14637, -115.611, 1.13213, 124.93
665, 11.08333, 79.191, -81.0166, 79.9645, 156.934, 78.6012, 37.7785, 1.1335, 6.24408, 1.14598, -115.619, 1.1318, 124.921
666, 11.09167, 79.0968, -81.0277, 79.8672, 156.924, 78.5095, 37.7689, 1.13314, 6.23309, 1.14559, -115.627, 1.13148, 124.911
666, 11.10000, 79.0028, -81.0388, 79.7702, 156.914, 78.418, 37.7593, 1.13277, 6.22212, 1.1452, -115.635, 1.13115, 124.902
667, 11.10833, 78.909, -81.0499, 79.6734, 156.905, 78.3267, 37.7498, 1.13241, 6.2112, 1.14481, -115.643, 1.13083, 124.893
667, 11.11667, 78.8155, -81.0609, 79.5768, 156.895, 78.2356, 37.7403, 1.13205, 6.2003, 1.14443, -115.651, 1.13051, 124.884
668, 11.12500, 78.7221, -81.0719, 79.4805, 156.886, 78.1447, 37.7308, 1.13169, 6.18944, 1.14404, -115.659, 1.13018, 124.875
668, 11.13333, 78.629, -81.0829, 79.3843, 156.876, 78.054, 37.7213, 1.13133, 6.17861, 1.14366, -115.666, 1.12986, 124.866
669, 11.14167, 78.5361, -81.0938, 79.2884, 156.866, 77.9634, 37.7119, 1.13097, 6.16782, 1.14327, -115.674, 1.12954, 124.857
669, 11.15000, 78.4433, -81.1047, 79.1927, 156.857, 77.8731, 37.7025, 1.13061, 6.15706, 1.14289, -115.682, 1.12922, 124.847
670, 11.15833, 78.3508, -81.1155, 79.0972, 156.847, 77.783, 37.6931, 1.13025, 6.14633, 1.14251, -115.69, 1.12891, 124.838
670, 11.16667, 78.2585, -81.1264, 79.002, 156.838, 77.693, 37.6838, 1.1299, 6.13563, 1.14213, -115.697, 1.12859, 124.829
671, 11.17500, 78.1664, -81.1371, 78.9069, 156.828, 77.6033, 37.6745, 1.12954, 6.12497, 1.14175, -115.705, 1.12827, 124.82
671, 11.18333, 78.0745, -81.1479, 78.8121, 156.819, 77.5137, 37.6652, 1.12919, 6.11434, 1.14137, -115.713, 1.12796, 124.812
672, 11.19167, 77.9827, -81.1586, 78.7175, 156.81, 77.4244, 37.6559, 1.12883, 6.10375, 1.14099, -115.72, 1.12764, 124.803
672, 11.20000, 77.8912, -81.1693, 78.6231, 156.8, 77.3352, 37.6467, 1.12848, 6.09318, 1.14061, -115.728, 1.12733, 124.794
673, 11.20833, 77.7999, -81.1799, 78.5289, 156.791, 77.2462, 37.6375, 1.12813, 6.08265, 1.14024, -115.735, 1.12701, 124.785
673, 11.21667, 77.7088, -81.1905, 78.4349, 156.782, 77.1574, 37.6283, 1.12778, 6.07215, 1.13986, -115.743, 1.1267, 124.776
674, 11.22500, 77.6179, -81.2011, 78.3412, 156.772, 77.0688, 37.6192, 1.12743, 6.06168, 1.13949, -115.75, 1.12639, 124.767
674, 11.23333, 77.5272, -81.2116, 78.2476, 156.763, 76.9804, 37.6101, 1.12708, 6.05125, 1.13912, -115.758, 1.12608, 124.758
675, 11.24167, 77.4367, -81.2221, 78.1543, 156.754, 76.8922, 37.601, 1.12673, 6.04084, 1.13875, -115.765, 1.12577, 124.75
675, 11.25000, 77.3463, -81.2326, 78.0612, 156.745, 76.8042, 37.5919, 1.12639, 6.03047, 1.13838, -115.773, 1.12546, 124.741
676, 11.25833, 77.2562, -81.243, 77.9683, 156.735, 76.7163, 37.5829, 1.12604, 6.02013, 1.13801, -115.78, 1.12515, 124.732
676, 11.26667, 77.1663, -81.2534, 77.8756, 156.726, 76.6286, 37.5739, 1.12569, 6.00982, 1.13764, -115.787, 1.12485, 124.724
677, 11.27500, 77.0766, -81.2637, 77.7831, 156.717, 76.5411, 37.5649, 1.12535, 5.99954, 1.13727, -115.795, 1.12454, 124.715
677, 11.28333, 76.987, -81.2741, 77.6908, 156.708, 76.4538, 37.556, 1.12501, 5.98929, 1.13691, -115.802, 1.12423, 124.706
678, 11.29167, 76.8977, -81.2844, 77.5987, 156.699, 76.3667, 37.5471, 1.12466, 5.97907, 1.13654, -115.809, 1.12393, 124.698
678, 11.30000, 76.8085, -81.2946, 77.5068, 156.69, 76.2798, 37.5382, 1.12432, 5.96889, 1.13618, -115.817, 1.12362, 124.689
679, 11.30833, 76.7196, -81.3048, 77.4152, 156.681, 76.193, 37.5293, 1.12398, 5.95873, 1.13581, -115.824, 1.12332, 124.68
679, 11.31667, 76.6308, -81.315, 77.3237, 156.672, 76.1065, 37.5205, 1.12364, 5.94861, 1.13545, -115.831, 1.12302, 124.672
680, 11.32500, 76.5423, -81.3252, 77.2324, 156.663, 76.0201, 37.5117, 1.1233, 5.93851, 1.13509, -115.838, 1.12272, 124.663
680, 11.33333, 76.4539, -81.3353, 77.1414, 156.654, 75.9339, 37.5029, 1.12297, 5.92845, 1.13473, -115.846, 1.12241, 124.655
681, 11.34167, 76.3657, -81.3454, 77.0505, 156.645, 75.8478, 37.4942, 1.12263, 5.91842, 1.13437, -115.853, 1.12211, 124.646
681, 11.35000, 76.2777, -81.3555, 76.9599, 156.636, 75.762, 37.4854, 1.12229, 5.90841, 1.13401, -115.86, 1.12181, 124.638
682, 11.35833, 76.1899, -81.3655, 76.8694, 156.627, 75.6763, 37.4767, 1.12196, 5.89844, 1.13366, -115.867, 1.12152, 124.63
682, 11.36667, 76.1022, -81.3755, 76.7792, 156.618, 75.5908, 37.4681, 1.12162, 5.88849, 1.1333, -115.874, 1.12122, 124.621
683, 11.37500, 76.0148, -81.3854, 76.6891, 156.609, 75.5055, 37.4594, 1.12129, 5.87858, 1.13294, -115.881, 1.12092, 124.613
683, 11.38333, 75.9275, -81.3954, 76.5993, 156.601, 75.4204, 37.4508, 1.12095, 5.8687, 1.13259, -115.888, 1.12062, 124.604
684, 11.39167, 75.8405, -81.4053, 76.5096, 156.592, 75.3354, 37.4422, 1.12062, 5.85884, 1.13224, -115.895, 1.12033, 124.596
684, 11.40000, 75.7536, -81.4151, 76.4201, 156.583, 75.2506, 37.4336, 1.12029, 5.84902, 1.13188, -115.902, 1.12003, 124.588
685, 11.40833, 75.6669, -81.425, 76.3309, 156.574, 75.166, 37.4251, 1.11996, 5.83922, 1.13153, -115.909, 1.11974, 124.58
685, 11.41667, 75.5804, -81.4348, 76.2418, 156.566, 75.0816, 37.4166, 1.11963, 5.82945, 1.13118, -115.916, 1.11945, 124.571
686, 11.42500, 75.494, -81.4445, 76.1529, 156.557, 74.9973, 37.4081, 1.1193, 5.81971, 1.13083, -115.923, 1.11915, 124.563
686, 11.43333, 75.4079, -81.4543, 76.0643, 156.548, 74.9132, 37.3996, 1.11898, 5.81, 1.13048, -115.93, 1.11886, 124.555
687, 11.44167, 75.3219, -81.464, 75.9758, 156.54, 74.8293, 37.3912, 1.11865, 5.80032, 1.13014, -115.937, 1.11857, 124.547
687, 11.45000, 75.2362, -81.4736, 75.8875, 156.531, 74.7456, 37.3828, 1.11832, 5.79067, 1.12979, -115.944, 1.11828, 124.538
688, 11.45833, 75.1506, -81.4833, 75.7994, 156.522, 74.662, 37.3744, 1.118, 5.78105, 1.12944, -115.951, 1.11799, 124.53
688, 11.46667, 75.0651, -81.4929, 75.7115, 156.514, 74.5786, 37.366, 1.11767, 5.77145, 1.1291, -115.958, 1.1177, 124.522
689, 11.47500, 74.9799, -81.5025, 75.6238, 156.505, 74.4954, 37.3577, 1.11735, 5.76189, 1.12875, -115.964, 1.11741, 124.514
689, 11.48333, 74.8948, -81.512, 75.5362, 156.497, 74.4123, 37.3494, 1.11703, 5.75235, 1.12841, -115.971, 1.11713, 124.506
690, 11.49167, 74.8099, -81.5215, 75.4489, 156.488, 74.3294, 37.3411, 1.1167, 5.74284, 1.12807, -115.978, 1.11684, 124.498
690, 11.50000, 74.7252, -81.531, 75.3618, 156.48, 74.2467, 37.3329, 1.11638, 5.73336, 1.12773, -115.985, 1.11655, 124.49
691, 11.50833, 74.6407, -81.5405, 75.2748, 156.471, 74.1642, 37.3246, 1.11606, 5.7239, 1.12739, -115.991, 1.11627, 124.482
691, 11.51667, 74.5564, -81.5499, 75.188, 156.463, 74.0818, 37.3164, 1.11574, 5.71448, 1.12705, -115.998, 1.11598, 124.474
692, 11.52500, 74.4722, -81.5593, 75.1014, 156.454, 73.9996, 37.3082, 1.11542, 5.70508, 1.12671, -116.005, 1.1157, 124.466
692, 11.53333, 74.3882, -81.5687, 75.0151, 156.446, 73.9175, 37.3001, 1.1151, 5.69571, 1.12637, -116.012, 1.11542, 124.458
693, 11.54167, 74.3044, -81.578, 74.9288, 156.438, 73.8356, 37.2919, 1.11479, 5.68636, 1.12604, -116.018, 1.11514, 124.45
693, 11.55000, 74.2207, -81.5873, 74.8428, 156.429, 73.7539, 37.2838, 1.11447, 5.67705, 1.1257, -116.025, 1.11485, 124.442
694, 11.55833, 74.1372, -81.5966, 74.757, 156.421, 73.6723, 37.2757, 1.11416, 5.66776, 1.12537, -116.031, 1.11457, 124.434
694, 11.56667, 74.0539, -81.6058, 74.6713, 156.413, 73.591, 37.2677, 1.11384, 5.65849, 1.12503, -116.038, 1.11429, 124.427
695, 11.57500, 73.9708, -81.6151, 74.5858, 156.404, 73.5097, 37.2597, 1.11353, 5.64926, 1.1247, -116.045, 1.11401, 124.419
695, 11.58333, 73.8878, -81.6242, 74.5006, 156.396, 73.4287, 37.2516, 1.11321, 5.64005, 1.12437, -116.051, 1.11374, 124.411
696, 11.59167, 73.805, -81.6334, 74.4154, 156.388, 73.3478, 37.2437, 1.1129, 5.63087, 1.12404, -116.058, 1.11346, 124.403
696, 11.60000, 73.7224, -81.6425, 74.3305, 156.38, 73.267, 37.2357, 1.11259, 5.62172, 1.12371, -116.064, 1.11318, 124.395
697, 11.60833, 73.64, -81.6516, 74.2458, 156.372, 73.1864, 37.2278, 1.11228, 5.61259, 1.12338, -116.071, 1.1129, 124.388
697, 11.61667, 73.5577, -81.6607, 74.1612, 156.363, 73.106, 37.2198, 1.11197, 5.60349, 1.12305, -116.077, 1.11263, 124.38
698, 11.62500, 73.4756, -81.6697, 74.0768, 156.355, 73.0258, 37.2119, 1.11166, 5.59441, 1.12272, -116.084, 1.11235, 124.372
698, 11.63333, 73.3937, -81.6787, 73.9926, 156.347, 72.9457, 37.2041, 1.11135, 5.58536, 1.12239, -116.09, 1.11208, 124.364
699, 11.64167, 73.3119, -81.6877, 73.9086, 156.339, 72.8657, 37.1962, 1.11104, 5.57634, 1.12207, -116.096, 1.1118, 124.357
699, 11.65000, 73.2303, -81.6967, 73.8247, 156.331, 72.786, 37.1884, 1.11073, 5.56734, 1.12174, -116.103, 1.11153, 124.349
700, 11.65833, 73.1489, -81.7056, 73.7411, 156.323, 72.7064, 37.1806, 1.11043, 5.55837, 1.12142, -116.109, 1.11126, 124.342
700, 11.66667, 73.0676, -81.7145, 73.6576, 156.315, 72.6269, 37.1729, 1.11012, 5.54943, 1.12109, -116.116, 1.11099, 124.334
701, 11.67500, 72.9865, -81.7234, 73.5742, 156.307, 72.5476, 37.1651, 1.10982, 5.54051, 1.12077, -116.122, 1.11072, 124.326
701, 11.68333, 72.9056, -81.7322, 73.4911, 156.299, 72.4685, 37.1574, 1.10951, 5.53162, 1.12045, -116.128, 1.11045, 124.319
702, 11.69167, 72.8248, -81.741, 73.4081, 156.291, 72.3895, 37.1497, 1.10921, 5.52275, 1.12013, -116.134, 1.11018, 124.311
702, 11.70000, 72.7442, -81.7498, 73.3253, 156.283, 72.3106, 37.142, 1.10891, 5.51391, 1.11981, -116.141, 1.10991, 124.304
703, 11.70833, 72.6637, -81.7585, 73.2427, 156.275, 72.232, 37.1343, 1.10861, 5.50509, 1.11949, -116.147, 1.10964, 124.296
703, 11.71667, 72.5835, -81.7673, 73.1602, 156.267, 72.1534, 37.1267, 1.1083, 5.4963, 1.11917, -116.153, 1.10937, 124.289
704, 11.72500, 72.5033, -81.776, 73.078, 156.259, 72.0751, 37.1191, 1.108, 5.48753, 1.11885, -116.159, 1.1091, 124.281
704, 11.73333, 72.4234, -81.7846, 72.9959, 156.251, 71.9969, 37.1115, 1.1077, 5.47879, 1.11854, -116.166, 1.10884, 124.274
705, 11.74167, 72.3436, -81.7933, 72.9139, 156.243, 71.9188, 37.1039, 1.10741, 5.47008, 1.11822, -116.172, 1.10857, 124.266
705, 11.75000, 72.264, -81.8019, 72.8321, 156.236, 71.8409, 37.0964, 1.10711, 5.46139, 1.1179, -116.178, 1.10831, 124.259
706, 11.75833, 72.1845, -81.8105, 72.7506, 156.228, 71.7631, 37.0889, 1.10681, 5.45272, 1.11759, -116.184, 1.10804, 124.252
706, 11.76667, 72.1052, -81.819, 72.6691, 156.22, 71.6855, 37.0814, 1.10651, 5.44408, 1.11728, -116.19, 1.10778, 124.244
707, 11.77500, 72.026, -81.8276, 72.5879, 156.212, 71.6081, 37.0739, 1.10622, 5.43546, 1.11696, -116.196, 1.10752, 124.237
707, 11.78333, 71.947, -81.8361, 72.5068, 156.204, 71.5308, 37.0665, 1.10592, 5.42687, 1.11665, -116.202, 1.10725, 124.23
708, 11.79167, 71.8682, -81.8446, 72.4258, 156.197, 71.4536, 37.059, 1.10563, 5.4183, 1.11634, -116.209, 1.10699, 124.222
708, 11.80000, 71.7895, -81.853, 72.3451, 156.189, 71.3767, 37.0516, 1.10533, 5.40976, 1.11603, -116.215, 1.10673, 124.215
709, 11.80833, 71.711, -81.8614, 72.2645, 156.181, 71.2998, 37.0442, 1.10504, 5.40124, 1.11572, -116.221, 1.10647, 124.208
709, 11.81667, 71.6327, -81.8698, 72.1841, 156.174, 71.2231, 37.0369, 1.10475, 5.39274, 1.11541, -116.227, 1.10621, 124.201
710, 11.82500, 71.5545, -81.8782, 72.1038, 156.166, 71.1466, 37.0295, 1.10446, 5.38427, 1.11511, -116.233, 1.10595, 124.193
710, 11.83333, 71.4764, -81.8865, 72.0237, 156.158, 71.0702, 37.0222, 1.10417, 5.37582, 1.1148, -116.239, 1.10569, 124.186
711, 11.84167, 71.3985, -81.8949, 71.9438, 156.151, 70.9939, 37.0149, 1.10388, 5.3674, 1.11449, -116.245, 1.10544, 124.179
711, 11.85000, 71.3208, -81.9031, 71.864, 156.143, 70.9178, 37.0076, 1.10359, 5.359, 1.11419, -116.251, 1.10518, 124.172
712, 11.85833, 71.2432, -81.9114, 71.7844, 156.136, 70.8419, 37.0004, 1.1033, 5.35063, 1.11388, -116.256, 1.10492, 124.165
712, 11.86667, 71.1658, -81.9196, 71.705, 156.128, 70.766, 36.9931, 1.10301, 5.34227, 1.11358, -116.262, 1.10467, 124.158
713, 11.87500, 71.0885, -81.9279, 71.6257, 156.12, 70.6904, 36.9859, 1.10272, 5.33395, 1.11328, -116.268, 1.10441, 124.15
713, 11.88333, 71.0114, -81.9361, 71.5466, 156.113, 70.6149, 36.9787, 1.10244, 5.32564, 1.11297, -116.274, 1.10416, 124.143
714, 11.89167, 70.9344, -81.9442, 71.4677, 156.105, 70.5395, 36.9716, 1.10215, 5.31736, 1.11267, -116.28, 1.1039, 124.136
714, 11.90000, 70.8576, -81.9523, 71.3889, 156.098, 70.4642, 36.9644, 1.10186, 5.3091, 1.11237, -116.286, 1.10365, 124.129
715, 11.90833, 70.7809, -81.9605, 71.3102, 156.091, 70.3892, 36.9573, 1.10158, 5.30086, 1.11207, -116.292, 1.1034, 124.122
715, 11.91667, 70.7044, -81.9685, 71.2318, 156.083, 70.3142, 36.9502, 1.1013, 5.29265, 1.11177, -116.298, 1.10314, 124.115
716, 11.92500, 70.628, -81.9766, 71.1534, 156.076, 70.2394, 36.9431, 1.10101, 5.28446, 1.11147, -116.303, 1.10289, 124.108
716, 11.93333, 70.5518, -81.9846, 71.0753, 156.068, 70.1648, 36.936, 1.10073, 5.2763, 1.11118, -116.309, 1.10264, 124.101
717, 11.94167, 70.4758, -81.9926, 70.9973, 156.061, 70.0902, 36.929, 1.10045, 5.26815, 1.11088, -116.315, 1.10239, 124.094
717, 11.95000, 70.3998, -82.0006, 70.9194, 156.054, 70.0159, 36.922, 1.10017, 5.26003, 1.11058, -116.321, 1.10214, 124.087
718, 11.95833, 70.3241, -82.0086, 70.8418, 156.046, 69.9417, 36.915, 1.09989, 5.25194, 1.11029, -116.326, 1.10189, 124.08
718, 11.96667, 70.2485, -82.0165, 70.7642, 156.039, 69.8676, 36.908, 1.09961, 5.24386, 1.10999, -116.332, 1.10164, 124.073
719, 11.97500, 70.173, -82.0244, 70.6869, 156.032, 69.7936, 36.901, 1.09933, 5.23581, 1.1097, -116.338, 1.1014, 124.067
719, 11.98333, 70.0977, -82.0323, 70.6096, 156.024, 69.7198, 36.8941, 1.09905, 5.22778, 1.1094, -116.343, 1.10115, 124.06
720, 11.99167, 70.0225, -82.0401, 70.5326, 156.017, 69.6461, 36.8872, 1.09877, 5.21977, 1.10911, -116.349, 1.1009, 124.053
720, 12.00000, 69.9475, -82.048, 70.4557, 156.01, 69.5726, 36.8803, 1.09849, 5.21178, 1.10882, -116.355, 1.10066, 124.046
721, 12.00833, 69.8726, -82.0558, 70.3789, 156.002, 69.4992, 36.8734, 1.09822, 5.20382, 1.10853, -116.36, 1.10041, 124.039
721, 12.01667, 69.7978, -82.0636, 70.3023, 155.995, 69.426, 36.8665, 1.09794, 5.19588, 1.10824, -116.366, 1.10017, 124.032
722, 12.02500, 69.7232, -82.0713, 70.2259, 155.988, 69.3529, 36.8597, 1.09766, 5.18796, 1.10795, -116.371, 1.09992, 124.026
722, 12.03333, 69.6488, -82.0791, 70.1496, 155.981, 69.2799, 36.8529, 1.09739, 5.18006, 1.10766, -116.377, 1.09968, 124.019
723, 12.04167, 69.5745, -82.0868, 70.0734, 155.974, 69.207, 36.8461, 1.09712, 5.17218, 1.10737, -116.383, 1.09943, 124.012
723, 12.05000, 69.5003, -82.0945, 69.9974, 155.967, 69.1343, 36.8393, 1.09684, 5.16433, 1.10709, -116.388, 1.09919, 124.005
724, 12.05833, 69.4263, -82.1021, 69.9216, 155.959, 69.0618, 36.8325, 1.09657, 5.1565, 1.1068, -116.394, 1.09895, 123.999
724, 12.06667, 69.3524, -82.1097, 69.8459, 155.952, 68.9893, 36.8258, 1.0963, 5.14869, 1.10651, -116.399, 1.09871, 123.992
725, 12.07500, 69.2787, -82.1174, 69.7704, 155.945, 68.9171, 36.8191, 1.09603, 5.1409, 1.10623, -116.405, 1.09847, 123.985
725, 12.08333, 69.2051, -82.1249, 69.695, 155.938, 68.8449, 36.8124, 1.09576, 5.13313, 1.10594, -116.41, 1.09823, 123.979
726, 12.09167, 69.1317, -82.1325, 69.6197, 155.931, 68.7729, 36.8057, 1.09549, 5.12538, 1.10566, -116.416, 1.09799, 123.972
726, 12.10000, 69.0584, -82.1401, 69.5446, 155.924, 68.701, 36.799, 1.09522, 5.11766, 1.10538, -116.421, 1.09775, 123.965
727, 12.10833, 68.9852, -82.1476, 69.4697, 155.917, 68.6292, 36.7924, 1.09495, 5.10995, 1.10509, -116.427, 1.09751, 123.959
727, 12.11667, 68.9122, -82.1551, 69.3949, 155.91, 68.5576, 36.7858, 1.09468, 5.10227, 1.10481, -116.432, 1.09727, 123.952
728, 12.12500, 68.8393, -82.1625, 69.3202, 155.903, 68.4861, 36.7792, 1.09441, 5.09461, 1.10453, -116.437, 1.09704, 123.946
728, 12.13333, 68.7665, -82.17, 69.2457, 155.896, 68.4148, 36.7726, 1.09415, 5.08697, 1.10425, -116.443, 1.0968, 123.939
729, 12.14167, 68.6939, -82.1774, 69.1714, 155.889, 68.3435, 36.766, 1.09388, 5.07935, 1.10397, -116.448, 1.09656, 123.932
729, 12.15000, 68.6215, -82.1848, 69.0972, 155.882, 68.2724, 36.7595, 1.09361, 5.07175, 1.10369, -116.453, 1.09633, 123.926
730, 12.15833, 68.5491, -82.1922, 69.0231, 155.875, 68.2015, 36.753, 1.09335, 5.06417, 1.10342, -116.459, 1.09609, 123.919
730, 12.16667, 68.4769, -82.1995, 68.9492, 155.868, 68.1306, 36.7465, 1.09308, 5.05661, 1.10314, -116.464, 1.09586, 123.913
731, 12.17500, 68.4049, -82.2069, 68.8754, 155.861, 68.06, 36.74, 1.09282, 5.04908, 1.10286, -116.469, 1.09562, 123.906
731, 12.18333, 68.3329, -82.2142, 68.8017, 155.854, 67.9894, 36.7335, 1.09256, 5.04156, 1.10259, -116.475, 1.09539, 123.9
732, 12.19167, 68.2612, -82.2215, 68.7282, 155.848, 67.9189, 36.7271, 1.09229, 5.03406, 1.10231, -116.48, 1.09516, 123.894
732, 12.20000, 68.1895, -82.2287, 68.6549, 155.841, 67.8486, 36.7206, 1.09203, 5.02659, 1.10204, -116.485, 1.09493, 123.887
733, 12.20833, 68.118, -82.2359, 68.5817, 155.834, 67.7785, 36.7142, 1.09177, 5.01913, 1.10176, -116.491, 1.09469, 123.881
733, 12.21667, 68.0466, -82.2432, 68.5086, 155.827, 67.7084, 36.7078, 1.09151, 5.0117, 1.10149, -116.496, 1.09446, 123.874
734, 12.22500, 67.9754, -82.2504, 68.4357, 155.82, 67.6385, 36.7015, 1.09125, 5.00428, 1.10122, -116.501, 1.09423, 123.868
734, 12.23333, 67.9043, -82.2575, 68.3629, 155.814, 67.5687, 36.6951, 1.09099, 4.99689, 1.10094, -116.506, 1.094, 123.862
735, 12.24167, 67.8333, -82.2647, 68.2903, 155.807, 67.499, 36.6888, 1.09073, 4.98951, 1.10067, -116.511, 1.09377, 123.855
735, 12.25000, 67.7624, -82.2718, 68.2178, 155.8, 67.4295, 36.6825, 1.09047, 4.98216, 1.1004, -116.517, 1.09354, 123.849
736, 12.25833, 67.6917, -82.2789, 68.1454, 155.793, 67.3601, 36.6762, 1.09022, 4.97482, 1.10013, -116.522, 1.09332, 123.843
736, 12.26667, 67.6212, -82.286, 68.0732, 155.787, 67.2908, 36.6699, 1.08996, 4.96751, 1.09986, -116.527, 1.09309, 123.836
737, 12.27500, 67.5507, -82.293, 68.0011, 155.78, 67.2216, 36.6636, 1.0897, 4.96021, 1.09959, -116.532, 1.09286, 123.83
737, 12.28333, 67.4804, -82.3001, 67.9291, 155.773, 67.1526, 36.6574, 1.08945, 4.95294, 1.09933, -116.537, 1.09263, 123.824
738, 12.29167, 67.4102, -82.3071, 67.8573, 155.766, 67.0837, 36.6511, 1.08919, 4.94568, 1.09906, -116.542, 1.09241, 123.817
738, 12.30000, 67.3402, -82.3141, 67.7856, 155.76, 67.0149, 36.6449, 1.08894, 4.93845, 1.09879, -116.547, 1.09218, 123.811
739, 12.30833, 67.2703, -82.3211, 67.7141, 155.753, 66.9462, 36.6387, 1.08868, 4.93123, 1.09853, -116.552, 1.09196, 123.805
739, 12.31667, 67.2005, -82.328, 67.6427, 155.747, 66.8777, 36.6326, 1.08843, 4.92403, 1.09826, -116.557, 1.09173, 123.799
740, 12.32500, 67.1308, -82.3349, 67.5714, 155.74, 66.8093, 36.6264, 1.08818, 4.91685, 1.098, -116.563, 1.09151, 123.793
740, 12.33333, 67.0613, -82.3418, 67.5003, 155.733, 66.741, 36.6203, 1.08792, 4.90969, 1.09773, -116.568, 1.09128, 123.786
741, 12.34167, 66.9919, -82.3487, 67.4293, 155.727, 66.6728, 36.6142, 1.08767, 4.90255, 1.09747, -116.573, 1.09106, 123.78
741, 12.35000, 66.9226, -82.3556, 67.3585, 155.72, 66.6048, 36.6081, 1.08742, 4.89543, 1.09721, -116.578, 1.09084, 123.774
742, 12.35833, 66.8535, -82.3624, 67.2878, 155.714, 66.5368, 36.602, 1.08717, 4.88833, 1.09694, -116.583, 1.09062, 123.768
742, 12.36667, 66.7844, -82.3692, 67.2172, 155.707, 66.469, 36.5959, 1.08692, 4.88125, 1.09668, -116.588, 1.0904, 123.762
743, 12.37500, 66.7155, -82.376, 67.1467, 155.701, 66.4014, 36.5899, 1.08667, 4.87418, 1.09642, -116.593, 1.09017, 123.756
743, 12.38333, 66.6468, -82.3828, 67.0764, 155.694, 66.3338, 36.5838, 1.08642, 4.86714, 1.09616, -116.597, 1.08995, 123.75
744, 12.39167, 66.5781, -82.3896, 67.0062, 155.688, 66.2664, 36.5778, 1.08617, 4.86011, 1.0959, -116.602, 1.08973, 123.744
744, 12.40000, 66.5096, -82.3963, 66.9361, 155.681, 66.199, 36.5718, 1.08592, 4.85311, 1.09564, -116.607, 1.08951, 123.738
745, 12.40833, 66.4413, -82.403, 66.8662, 155.675, 66.1319, 36.5659, 1.08568, 4.84612, 1.09538, -116.612, 1.0893, 123.732
745, 12.41667, 66.373, -82.4097, 66.7964, 155.668, 66.0648, 36.5599, 1.08543, 4.83915, 1.09513, -116.617, 1.08908, 123.725
746, 12.42500, 66.3049, -82.4164, 66.7268, 155.662, 65.9978, 36.554, 1.08518, 4.83219, 1.09487, -116.622, 1.08886, 123.719
746, 12.43333, 66.2369, -82.423, 66.6572, 155.655, 65.931, 36.548, 1.08494, 4.82526, 1.09461, -116.627, 1.08864, 123.713
747, 12.44167, 66.169, -82.4296, 66.5878, 155.649, 65.8643, 36.5421, 1.08469, 4.81835, 1.09436, -116.632, 1.08843, 123.707
747, 12.45000, 66.1012, -82.4363, 66.5185, 155.643, 65.7977, 36.5362, 1.08445, 4.81145, 1.0941, -116.637, 1.08821, 123.702
748, 12.45833, 66.0336, -82.4428, 66.4494, 155.636, 65.7312, 36.5304, 1.08421, 4.80457, 1.09385, -116.641, 1.08799, 123.696
748, 12.46667, 65.9661, -82.4494, 66.3804, 155.63, 65.6648, 36.5245, 1.08396, 4.79771, 1.09359, -116.646, 1.08778, 123.69
749, 12.47500, 65.8987, -82.456, 66.3115, 155.624, 65.5986, 36.5187, 1.08372, 4.79087, 1.09334, -116.651, 1.08756, 123.684
749, 12.48333, 65.8314, -82.4625, 66.2428, 155.617, 65.5324, 36.5128, 1.08348, 4.78404, 1.09309, -116.656, 1.08735, 123.678
750, 12.49167, 65.7643, -82.469, 66.1741, 155.611, 65.4664, 36.507, 1.08324, 4.77724, 1.09283, -116.661, 1.08713, 123.672
750, 12.50000, 65.6972, -82.4755, 66.1056, 155.605, 65.4005, 36.5012, 1.08299, 4.77045, 1.09258, -116.665, 1.08692, 123.666
751, 12.50833, 65.6303, -82.4819, 66.0373, 155.598, 65.3347, 36.4955, 1.08275, 4.76368, 1.09233, -116.67, 1.08671, 123.66
751, 12.51667, 65.5636, -82.4884, 65.969, 155.592, 65.2691, 36.4897, 1.08251, 4.75693, 1.09208, -116.675, 1.0865, 123.654
752, 12.52500, 65.4969, -82.4948, 65.9009, 155.586, 65.2035, 36.484, 1.08227, 4.75019, 1.09183, -116.68, 1.08628, 123.648
752, 12.53333, 65.4304, -82.5012, 65.8329, 155.58, 65.1381, 36.4782, 1.08204, 4.74348, 1.09158, -116.684, 1.08607, 123.643
753, 12.54167, 65.3639, -82.5076, 65.765, 155.573, 65.0728, 36.4725, 1.0818, 4.73678, 1.09133, -116.689, 1.08586, 123.637
753, 12.55000, 65.2976, -82.514, 65.6973, 155.567, 65.0076, 36.4668, 1.08156, 4.7301, 1.09109, -116.694, 1.08565, 123.631
754, 12.55833, 65.2315, -82.5203, 65.6297, 155.561, 64.9425, 36.4612, 1.08132, 4.72343, 1.09084, -116.698, 1.08544, 123.625
754, 12.56667, 65.1654, -82.5266, 65.5622, 155.555, 64.8775, 36.4555, 1.08108, 4.71679, 1.09059, -116.703, 1.08523, 123.62
755, 12.57500, 65.0995, -82.5329, 65.4948, 155.549, 64.8126, 36.4499, 1.08085, 4.71016, 1.09035, -116.708, 1.08502, 123.614
755, 12.58333, 65.0336, -82.5392, 65.4276, 155.543, 64.7479, 36.4443, 1.08061, 4.70355, 1.0901, -116.712, 1.08481, 123.608
756, 12.59167, 64.9679, -82.5455, 65.3604, 155.536, 64.6832, 36.4386, 1.08038, 4.69695, 1.08985, -116.717, 1.08461, 123.602
756, 12.60000, 64.9023, -82.5517, 65.2934, 155.53, 64.6187, 36.433, 1.08014, 4.69037, 1.08961, -116.722, 1.0844, 123.597
757, 12.60833, 64.8369, -82.558, 65.2266, 155.524, 64.5543, 36.4275, 1.07991, 4.68381, 1.08937, -116.726, 1.08419, 123.591
757, 12.61667, 64.7715, -82.5642, 65.1598, 155.518, 64.49, 36.4219, 1.07967, 4.67727, 1.08912, -116.731, 1.08399, 123.585
758, 12.62500, 64.7063, -82.5704, 65.0932, 155.512, 64.4258, 36.4164, 1.07944, 4.67074, 1.08888, -116.735, 1.08378, 123.58
758, 12.63333, 64.6412, -82.5765, 65.0267, 155.506, 64.3617, 36.4108, 1.07921, 4.66423, 1.08864, -116.74, 1.08357, 123.574
759, 12.64167, 64.5761, -82.5827, 64.9603, 155.5, 64.2977, 36.4053, 1.07898, 4.65774, 1.0884, -116.744, 1.08337, 123.568
759, 12.65000, 64.5113, -82.5888, 64.894, 155.494, 64.2339, 36.3998, 1.07875, 4.65127, 1.08816, -116.749, 1.08316, 123.563
760, 12.65833, 64.4465, -82.5949, 64.8279, 155.488, 64.1701, 36.3943, 1.07851, 4.64481, 1.08792, -116.754, 1.08296, 123.557
760, 12.66667, 64.3818, -82.601, 64.7618, 155.482, 64.1065, 36.3889, 1.07828, 4.63837, 1.08768, -116.758, 1.08276, 123.551
761, 12.67500, 64.3173, -82.6071, 64.6959, 155.476, 64.043, 36.3834, 1.07805, 4.63194, 1.08744, -116.763, 1.08255, 123.546
761, 12.68333, 64.2529, -82.6131, 64.6301, 155.47, 63.9795, 36.378, 1.07782, 4.62553, 1.0872, -116.767, 1.08235, 123.54
762, 12.69167, 64.1885, -82.6192, 64.5644, 155.464, 63.9162, 36.3726, 1.0776, 4.61914, 1.08696, -116.772, 1.08215, 123.535
762, 12.70000, 64.1243, -82.6252, 64.4989, 155.458, 63.853, 36.3672, 1.07737, 4.61277, 1.08672, -116.776, 1.08194, 123.529
763, 12.70833, 64.0602, -82.6312, 64.4335, 155.452, 63.7899, 36.3618, 1.07714, 4.60641, 1.08648, -116.78, 1.08174, 123.524
763, 12.71667, 63.9963, -82.6372, 64.3681, 155.446, 63.7269, 36.3564, 1.07691, 4.60007, 1.08625, -116.785, 1.08154, 123.518
764, 12.72500, 63.9324, -82.6431, 64.3029, 155.44, 63.6641, 36.3511, 1.07668, 4.59374, 1.08601, -116.789, 1.08134, 123.513
764, 12.73333, 63.8687, -82.6491, 64.2379, 155.434, 63.6013, 36.3457, 1.07646, 4.58743, 1.08578, -116.794, 1.08114, 123.507
765, 12.74167, 63.805, -82.655, 64.1729, 155.428, 63.5386, 36.3404, 1.07623, 4.58114, 1.08554, -116.798, 1.08094, 123.502
765, 12.75000, 63.7415, -82.6609, 64.108, 155.422, 63.4761, 36.3351, 1.07601, 4.57486, 1.08531, -116.803, 1.08074, 123.496
766, 12.75833, 63.6781, -82.6668, 64.0433, 155.416, 63.4136, 36.3298, 1.07578, 4.5686, 1.08507, -116.807, 1.08054, 123.491
766, 12.76667, 63.6148, -82.6726, 63.9787, 155.41, 63.3513, 36.3245, 1.07556, 4.56235, 1.08484, -116.811, 1.08035, 123.485
767, 12.77500, 63.5516, -82.6785, 63.9142, 155.405, 63.289, 36.3193, 1.07533, 4.55613, 1.08461, -116.816, 1.08015, 123.48
767, 12.78333, 63.4885, -82.6843, 63.8498, 155.399, 63.2269, 36.314, 1.07511, 4.54991, 1.08438, -116.82, 1.07995, 123.474
768, 12.79167, 63.4255, -82.6901, 63.7855, 155.393, 63.1648, 36.3088, 1.07489, 4.54372, 1.08414, -116.824, 1.07975, 123.469
768, 12.80000, 63.3626, -82.6959, 63.7214, 155.387, 63.1029, 36.3036, 1.07466, 4.53754, 1.08391, -116.829, 1.07956, 123.463
769, 12.80833, 63.2999, -82.7017, 63.6573, 155.381, 63.0411, 36.2983, 1.07444, 4.53137, 1.08368, -116.833, 1.07936, 123.458
769, 12.81667, 63.2372, -82.7075, 63.5934, 155.376, 62.9794, 36.2932, 1.07422, 4.52522, 1.08345, -116.837, 1.07917, 123.453
770, 12.82500, 63.1747, -82.7132, 63.5296, 155.37, 62.9178, 36.288, 1.074, 4.51909, 1.08322, -116.842, 1.07897, 123.447
770, 12.83333, 63.1123, -82.7189, 63.4659, 155.364, 62.8563, 36.2828, 1.07378, 4.51297, 1.08299, -116.846, 1.07878, 123.442
771, 12.84167, 63.0499, -82.7246, 63.4023, 155.358, 62.7949, 36.2777, 1.07356, 4.50687, 1.08277, -116.85, 1.07858, 123.437
771, 12.85000, 62.9877, -82.7303, 63.3388, 155.353, 62.7336, 36.2725, 1.07334, 4.50078, 1.08254, -116.854, 1.07839, 123.431
772, 12.85833, 62.9256, -82.736, 63.2755, 155.347, 62.6724, 36.2674, 1.07312, 4.49471, 1.08231, -116.859, 1.07819, 123.426
772, 12.86667, 62.8636, -82.7416, 63.2122, 155.341, 62.6113, 36.2623, 1.0729, 4.48865, 1.08208, -116.863, 1.078, 123.421
773, 12.87500, 62.8017, -82.7473, 63.1491, 155.335, 62.5503, 36.2572, 1.07268, 4.48261, 1.08186, -116.867, 1.07781, 123.415
773, 12.88333, 62.74, -82.7529, 63.086, 155.33, 62.4894, 36.2522, 1.07246, 4.47659, 1.08163, -116.871, 1.07762, 123.41
774, 12.89167, 62.6783, -82.7585, 63.0231, 155.324, 62.4286, 36.2471, 1.07225, 4.47058, 1.08141, -116.876, 1.07742, 123.405
774, 12.90000, 62.6167, -82.7641, 62.9603, 155.318, 62.3679, 36.2421, 1.07203, 4.46458, 1.08118, -116.88, 1.07723, 123.4
775, 12.90833, 62.5552, -82.7696, 62.8976, 155.313, 62.3073, 36.237, 1.07181, 4.4586, 1.08096, -116.884, 1.07704, 123.394
775, 12.91667, 62.4939, -82.7752, 62.835, 155.307, 62.2468, 36.232, 1.0716, 4.45264, 1.08073, -116.888, 1.07685, 123.389
776, 12.92500, 62.4326, -82.7807, 62.7725, 155.301, 62.1864, 36.227, 1.07138, 4.44669, 1.08051, -116.892, 1.07666, 123.384
776, 12.93333, 62.3715, -82.7862, 62.7102, 155.296, 62.1262, 36.2221, 1.07117, 4.44076, 1.08029, -116.896, 1.07647, 123.379
777, 12.94167, 62.3104, -82.7917, 62.6479, 155.29, 62.066, 36.2171, 1.07095, 4.43484, 1.08007, -116.901, 1.07628, 123.374
777, 12.95000, 62.2495, -82.7972, 62.5858, 155.285, 62.0059, 36.2121, 1.07074, 4.42893, 1.07984, -116.905, 1.07609, 123.368
778, 12.95833, 62.1886, -82.8026, 62.5237, 155.279, 61.9459, 36.2072, 1.07053, 4.42305, 1.07962, -116.909, 1.07591, 123.363
778, 12.96667, 62.1279, -82.8081, 62.4618, 155.273, 61.886, 36.2023, 1.07031, 4.41717, 1.0794, -116.913, 1.07572, 123.358
779, 12.97500, 62.0673, -82.8135, 62.3999, 155.268, 61.8262, 36.1973, 1.0701, 4.41131, 1.07918, -116.917, 1.07553, 123.353
779, 12.98333, 62.0067, -82.8189, 62.3382, 155.262, 61.7665, 36.1924, 1.06989, 4.40547, 1.07896, -116.921, 1.07534, 123.348
780, 12.99167, 61.9463, -82.8243, 62.2766, 155.257, 61.7069, 36.1876, 1.06968, 4.39964, 1.07874, -116.925, 1.07516, 123.343
780, 13.00000, 61.886, -82.8297, 62.2151, 155.251, 61.6474, 36.1827, 1.06947, 4.39382, 1.07852, -116.929, 1.07497, 123.338
781, 13.00833, 61.8258, -82.835, 62.1537, 155.246, 61.5881, 36.1778, 1.06925, 4.38802, 1.07831, -116.933, 1.07479, 123.333
781, 13.01667, 61.7656, -82.8404, 62.0924, 155.24, 61.5288, 36.173, 1.06904, 4.38224, 1.07809, -116.937, 1.0746, 123.327
782, 13.02500, 61.7056, -82.8457, 62.0312, 155.235, 61.4696, 36.1682, 1.06883, 4.37647, 1.07787, -116.941, 1.07441, 123.322
782, 13.03333, 61.6457, -82.851, 61.9701, 155.229, 61.4105, 36.1633, 1.06863, 4.37071, 1.07765, -116.945, 1.07423, 123.317
783, 13.04167, 61.5859, -82.8563, 61.9091, 155.224, 61.3514, 36.1585, 1.06842, 4.36497, 1.07744, -116.949, 1.07405, 123.312
783, 13.05000, 61.5262, -82.8616, 61.8483, 155.218, 61.2925, 36.1538, 1.06821, 4.35924, 1.07722, -116.953, 1.07386, 123.307
784, 13.05833, 61.4666, -82.8668, 61.7875, 155.213, 61.2337, 36.149, 1.068, 4.35353, 1.07701, -116.957, 1.07368, 123.302
784, 13.06667, 61.4071, -82.8721, 61.7268, 155.207, 61.175, 36.1442, 1.06779, 4.34783, 1.07679, -116.961, 1.0735, 123.297
785, 13.07500, 61.3476, -82.8773, 61.6663, 155.202, 61.1164, 36.1395, 1.06758, 4.34214, 1.07658, -116.965, 1.07331, 123.292
785, 13.08333, 61.2883, -82.8825, 61.6058, 155.197, 61.0579, 36.1347, 1.06738, 4.33647, 1.07636, -116.969, 1.07313, 123.287
786, 13.09167, 61.2291, -82.8877, 61.5454, 155.191, 60.9994, 36.13, 1.06717, 4.33081, 1.07615, -116.973, 1.07295, 123.282
786, 13.10000, 61.17, -82.8928, 61.4852, 155.186, 60.9411, 36.1253, 1.06697, 4.32517, 1.07594, -116.977, 1.07277, 123.277
787, 13.10833, 61.111, -82.898, 61.425, 155.18, 60.8829, 36.1206, 1.06676, 4.31954, 1.07573, -116.981, 1.07259, 123.272
787, 13.11667, 61.0521, -82.9031, 61.365, 155.175, 60.8247, 36.1159, 1.06656, 4.31393, 1.07551, -116.985, 1.07241, 123.267
788, 13.12500, 60.9932, -82.9083, 61.305, 155.17, 60.7666, 36.1113, 1.06635, 4.30833, 1.0753, -116.989, 1.07223, 123.262
788, 13.13333, 60.9345, -82.9134, 61.2452, 155.164, 60.7087, 36.1066, 1.06615, 4.30274, 1.07509, -116.993, 1.07205, 123.258
789, 13.14167, 60.8759, -82.9185, 61.1855, 155.159, 60.6508, 36.102, 1.06594, 4.29717, 1.07488, -116.997, 1.07187, 123.253
789, 13.15000, 60.8174, -82.9235, 61.1258, 155.154, 60.5931, 36.0974, 1.06574, 4.29161, 1.07467, -117.001, 1.07169, 123.248
790, 13.15833, 60.7589, -82.9286, 61.0663, 155.148, 60.5354, 36.0927, 1.06554, 4.28606, 1.07446, -117.005, 1.07151, 123.243
790, 13.16667, 60.7006, -82.9337, 61.0068, 155.143, 60.4778, 36.0881, 1.06533, 4.28053, 1.07425, -117.008, 1.07133, 123.238
791, 13.17500, 60.6424, -82.9387, 60.9475, 155.138, 60.4203, 36.0836, 1.06513, 4.27502, 1.07404, -117.012, 1.07115, 123.233
791, 13.18333, 60.5842, -82.9437, 60.8883, 155.133, 60.3629, 36.079, 1.06493, 4.26951, 1.07384, -117.016, 1.07098, 123.228
792, 13.19167, 60.5262, -82.9487, 60.8291, 155.127, 60.3056, 36.0744, 1.06473, 4.26402, 1.07363, -117.02, 1.0708, 123.223
792, 13.20000, 60.4683, -82.9537, 60.7701, 155.122, 60.2484, 36.0699, 1.06453, 4.25855, 1.07342, -117.024, 1.07062, 123.219
793, 13.20833, 60.4104, -82.9586, 60.7112, 155.117, 60.1912, 36.0653, 1.06433, 4.25308, 1.07322, -117.028, 1.07045, 123.214
793, 13.21667, 60.3526, -82.9636, 60.6523, 155.112, 60.1342, 36.0608, 1.06413, 4.24763, 1.07301, -117.031, 1.07027, 123.209
794, 13.22500, 60.295, -82.9685, 60.5936, 155.106, 60.0773, 36.0563, 1.06393, 4.2422, 1.0728, -117.035, 1.07009, 123.204
794, 13.23333, 60.2374, -82.9734, 60.5349, 155.101, 60.0204, 36.0518, 1.06373, 4.23677, 1.0726, -117.039, 1.06992, 123.199
795, 13.24167, 60.1799, -82.9783, 60.4764, 155.096, 59.9637, 36.0473, 1.06353, 4.23137, 1.07239, -117.043, 1.06974, 123.195
795, 13.25000, 60.1226, -82.9832, 60.4179, 155.091, 59.907, 36.0429, 1.06333, 4.22597, 1.07219, -117.047, 1.06957, 123.19
796, 13.25833, 60.0653, -82.9881, 60.3596, 155.085, 59.8504, 36.0384, 1.06314, 4.22059, 1.07198, -117.05, 1.0694, 123.185
796, 13.26667, 60.0081, -82.993, 60.3013, 155.08, 59.7939, 36.034, 1.06294, 4.21522, 1.07178, -117.054, 1.06922, 123.18
797, 13.27500, 59.951, -82.9978, 60.2432, 155.075, 59.7375, 36.0295, 1.06274, 4.20986, 1.07158, -117.058, 1.06905, 123.175
797, 13.28333, 59.894, -83.0026, 60.1851, 155.07, 59.6812, 36.0251, 1.06254, 4.20452, 1.07138, -117.062, 1.06888, 123.171
798, 13.29167, 59.8371, -83.0074, 60.1272, 155.065, 59.625, 36.0207, 1.06235, 4.19919, 1.07117, -117.065, 1.0687, 123.166
798, 13.30000, 59.7803, -83.0122, 60.0693, 155.06, 59.5689, 36.0163, 1.06215, 4.19387, 1.07097, -117.069, 1.06853, 123.161
799, 13.30833, 59.7236, -83.017, 60.0115, 155.055, 59.5128, 36.0119, 1.06196, 4.18857, 1.07077, -117.073, 1.06836, 123.157
799, 13.31667, 59.6669, -83.0218, 59.9539, 155.049, 59.4569, 36.0076, 1.06176, 4.18328, 1.07057, -117.076, 1.06819, 123.152
800, 13.32500, 59.6104, -83.0265, 59.8963, 155.044, 59.401, 36.0032, 1.06157, 4.178, 1.07037, -117.08, 1.06802, 123.147
800, 13.33333, 59.5539, -83.0313, 59.8388, 155.039, 59.3452, 35.9989, 1.06137, 4.17274, 1.07017, -117.084, 1.06785, 123.143
801, 13.34167, 59.4976, -83.036, 59.7814, 155.034, 59.2895, 35.9945, 1.06118, 4.16748, 1.06997, -117.088, 1.06768, 123.138
801, 13.35000, 59.4413, -83.0407, 59.7241, 155.029, 59.2339, 35.9902, 1.06099, 4.16225, 1.06977, -117.091, 1.06751, 123.133
802, 13.35833, 59.3851, -83.0454, 59.6669, 155.024, 59.1784, 35.9859, 1.06079, 4.15702, 1.06957, -117.095, 1.06734, 123.129
802, 13.36667, 59.3291, -83.05, 59.6098, 155.019, 59.123, 35.9816, 1.0606, 4.15181, 1.06937, -117.098, 1.06717, 123.124
803, 13.37500, 59.2731, -83.0547, 59.5528, 155.014, 59.0676, 35.9773, 1.06041, 4.14661, 1.06918, -117.102, 1.067, 123.119
803, 13.38333, 59.2172, -83.0593, 59.4959, 155.009, 59.0124, 35.9731, 1.06022, 4.14142, 1.06898, -117.106, 1.06683, 123.115
804, 13.39167, 59.1614, -83.064, 59.4391, 155.004, 58.9572, 35.9688, 1.06003, 4.13624, 1.06878, -117.109, 1.06666, 123.11
804, 13.40000, 59.1056, -83.0686, 59.3823, 154.999, 58.9021, 35.9646, 1.05983, 4.13108, 1.06859, -117.113, 1.06649, 123.106
805, 13.40833, 59.05, -83.0732, 59.3257, 154.994, 58.8471, 35.9603, 1.05964, 4.12593, 1.06839, -117.117, 1.06633, 123.101
805, 13.41667, 58.9945, -83.0778, 59.2692, 154.989, 58.7922, 35.9561, 1.05945, 4.12079, 1.06819, -117.12, 1.06616, 123.096
806, 13.42500, 58.939, -83.0823, 59.2127, 154.984, 58.7374, 35.9519, 1.05926, 4.11567, 1.068, -117.124, 1.06599, 123.092
806, 13.43333, 58.8836, -83.0869, 59.1563, 154.979, 58.6827, 35.9477, 1.05907, 4.11055, 1.0678, -117.127, 1.06583, 123.087
807, 13.44167, 58.8284, -83.0914, 59.1001, 154.974, 58.628, 35.9435, 1.05889, 4.10545, 1.06761, -117.131, 1.06566, 123.083
807, 13.45000, 58.7732, -83.096, 59.0439, 154.969, 58.5734, 35.9394, 1.0587, 4.10037, 1.06742, -117.134, 1.06549, 123.078
807, 13.45833, 58.7181, -83.1005, 58.9878, 154.964, 58.519, 35.9352, 1.05851, 4.09529, 1.06722, -117.138, 1.06533, 123.074
808, 13.46667, 58.6631, -83.105, 58.9318, 154.959, 58.4646, 35.9311, 1.05832, 4.09023, 1.06703, -117.141, 1.06516, 123.069
809, 13.47500, 58.6081, -83.1095, 58.8759, 154.954, 58.4102, 35.9269, 1.05813, 4.08518, 1.06684, -117.145, 1.065, 123.065
809, 13.48333, 58.5533, -83.1139, 58.8201, 154.949, 58.356, 35.9228, 1.05795, 4.08014, 1.06664, -117.149, 1.06484, 123.06
810, 13.49167, 58.4986, -83.1184, 58.7644, 154.944, 58.3019, 35.9187, 1.05776, 4.07511, 1.06645, -117.152, 1.06467, 123.056
810, 13.50000, 58.4439, -83.1228, 58.7088, 154.939, 58.2478, 35.9146, 1.05757, 4.0701, 1.06626, -117.156, 1.06451, 123.051
811, 13.50833, 58.3893, -83.1272, 58.6532, 154.934, 58.1938, 35.9105, 1.05739, 4.0651, 1.06607, -117.159, 1.06435, 123.047
811, 13.51667, 58.3348, -83.1317, 58.5978, 154.93, 58.1399, 35.9064, 1.0572, 4.06011, 1.06588, -117.163, 1.06418, 123.042
812, 13.52500, 58.2804, -83.1361, 58.5424, 154.925, 58.0861, 35.9024, 1.05702, 4.05513, 1.06569, -117.166, 1.06402, 123.038
812, 13.53333, 58.2261, -83.1404, 58.4871, 154.92, 58.0324, 35.8983, 1.05683, 4.05016, 1.0655, -117.169, 1.06386, 123.034
813, 13.54167, 58.1719, -83.1448, 58.4319, 154.915, 57.9787, 35.8943, 1.05665, 4.04521, 1.06531, -117.173, 1.0637, 123.029
813, 13.55000, 58.1177, -83.1492, 58.3769, 154.91, 57.9251, 35.8902, 1.05646, 4.04027, 1.06512, -117.176, 1.06353, 123.025
814, 13.55833, 58.0637, -83.1535, 58.3218, 154.905, 57.8717, 35.8862, 1.05628, 4.03534, 1.06493, -117.18, 1.06337, 123.02
814, 13.56667, 58.0097, -83.1578, 58.2669, 154.9, 57.8183, 35.8822, 1.0561, 4.03042, 1.06475, -117.183, 1.06321, 123.016
815, 13.57500, 57.9558, -83.1621, 58.2121, 154.896, 57.7649, 35.8782, 1.05591, 4.02551, 1.06456, -117.187, 1.06305, 123.012
815, 13.58333, 57.902, -83.1664, 58.1574, 154.891, 57.7117, 35.8742, 1.05573, 4.02062, 1.06437, -117.19, 1.06289, 123.007
816, 13.59167, 57.8483, -83.1707, 58.1027, 154.886, 57.6585, 35.8703, 1.05555, 4.01573, 1.06418, -117.194, 1.06273, 123.003
816, 13.60000, 57.7947, -83.175, 58.0481, 154.881, 57.6055, 35.8663, 1.05537, 4.01086, 1.064, -117.197, 1.06257, 122.998
816, 13.60833, 57.7411, -83.1793, 57.9936, 154.876, 57.5525, 35.8624, 1.05519, 4.006, 1.06381, -117.2, 1.06241, 122.994
817, 13.61667, 57.6877, -83.1835, 57.9392, 154.872, 57.4995, 35.8584, 1.055, 4.00116, 1.06363, -117.204, 1.06225, 122.99
818, 13.62500, 57.6343, -83.1877, 57.8849, 154.867, 57.4467, 35.8545, 1.05482, 3.99632, 1.06344, -117.207, 1.0621, 122.985
818, 13.63333, 57.581, -83.1919, 57.8307, 154.862, 57.3939, 35.8506, 1.05464, 3.9915, 1.06326, -117.211, 1.06194, 122.981
819, 13.64167, 57.5278, -83.1961, 57.7766, 154.857, 57.3413, 35.8467, 1.05446, 3.98668, 1.06307, -117.214, 1.06178, 122.977
819, 13.65000, 57.4746, -83.2003, 57.7225, 154.853, 57.2887, 35.8428, 1.05428, 3.98188, 1.06289, -117.217, 1.06162, 122.972
820, 13.65833, 57.4216, -83.2045, 57.6686, 154.848, 57.2362, 35.8389, 1.0541, 3.97709, 1.0627, -117.221, 1.06147, 122.968
820, 13.66667, 57.3686, -83.2087, 57.6147, 154.843, 57.1837, 35.835, 1.05393, 3.97231, 1.06252, -117.224, 1.06131, 122.964
821, 13.67500, 57.3157, -83.2128, 57.5609, 154.838, 57.1314, 35.8312, 1.05375, 3.96755, 1.06234, -117.227, 1.06115, 122.96
821, 13.68333, 57.2629, -83.2169, 57.5072, 154.834, 57.0791, 35.8273, 1.05357, 3.96279, 1.06215, -117.231, 1.061, 122.955
822, 13.69167, 57.2102, -83.2211, 57.4536, 154.829, 57.0269, 35.8235, 1.05339, 3.95805, 1.06197, -117.234, 1.06084, 122.951
822, 13.70000, 57.1576, -83.2252, 57.4, 154.824, 56.9748, 35.8197, 1.05321, 3.95331, 1.06179, -117.237, 1.06069, 122.947
823, 13.70833, 57.105, -83.2293, 57.3466, 154.82, 56.9227, 35.8159, 1.05304, 3.94859, 1.06161, -117.241, 1.06053, 122.943
823, 13.71667, 57.0525, -83.2334, 57.2932, 154.815, 56.8707, 35.8121, 1.05286, 3.94388, 1.06143, -117.244, 1.06038, 122.938
824, 13.72500, 57.0001, -83.2374, 57.2399, 154.81, 56.8189, 35.8083, 1.05268, 3.93918, 1.06125, -117.247, 1.06022, 122.934
824, 13.73333, 56.9478, -83.2415, 57.1867, 154.806, 56.767, 35.8045, 1.05251, 3.93449, 1.06107, -117.25, 1.06007, 122.93
824, 13.74167, 56.8956, -83.2455, 57.1336, 154.801, 56.7153, 35.8007, 1.05233, 3.92982, 1.06089, -117.254, 1.05991, 122.926
825, 13.75000, 56.8434, -83.2495, 57.0806, 154.796, 56.6637, 35.797, 1.05216, 3.92515, 1.06071, -117.257, 1.05976, 122.922
826, 13.75833, 56.7914, -83.2536, 57.0276, 154.792, 56.6121, 35.7932, 1.05198, 3.9205, 1.06053, -117.26, 1.05961, 122.917
826, 13.76667, 56.7394, -83.2576, 56.9747, 154.787, 56.5606, 35.7895, 1.05181, 3.91585, 1.06035, -117.263, 1.05945, 122.913
827, 13.77500, 56.6874, -83.2615, 56.9219, 154.782, 56.5092, 35.7858, 1.05163, 3.91122, 1.06017, -117.267, 1.0593, 122.909
827, 13.78333, 56.6356, -83.2655, 56.8692, 154.778, 56.4578, 35.782, 1.05146, 3.9066, 1.05999, -117.27, 1.05915, 122.905
828, 13.79167, 56.5839, -83.2695, 56.8166, 154.773, 56.4065, 35.7783, 1.05129, 3.90199, 1.05982, -117.273, 1.059, 122.901
828, 13.80000, 56.5322, -83.2734, 56.7641, 154.769, 56.3553, 35.7747, 1.05111, 3.89739, 1.05964, -117.276, 1.05884, 122.897
829, 13.80833, 56.4806, -83.2774, 56.7116, 154.764, 56.3042, 35.771, 1.05094, 3.8928, 1.05946, -117.28, 1.05869, 122.892
829, 13.81667, 56.4291, -83.2813, 56.6592, 154.76, 56.2532, 35.7673, 1.05077, 3.88822, 1.05929, -117.283, 1.05854, 122.888
830, 13.82500, 56.3776, -83.2852, 56.6069, 154.755, 56.2022, 35.7636, 1.05059, 3.88365, 1.05911, -117.286, 1.05839, 122.884
830, 13.83333, 56.3263, -83.2891, 56.5547, 154.75, 56.1513, 35.76, 1.05042, 3.8791, 1.05893, -117.289, 1.05824, 122.88
831, 13.84167, 56.275, -83.293, 56.5026, 154.746, 56.1005, 35.7563, 1.05025, 3.87455, 1.05876, -117.292, 1.05809, 122.876
831, 13.85000, 56.2238, -83.2968, 56.4505, 154.741, 56.0498, 35.7527, 1.05008, 3.87002, 1.05858, -117.295, 1.05794, 122.872
832, 13.85833, 56.1727, -83.3007, 56.3985, 154.737, 55.9991, 35.7491, 1.04991, 3.86549, 1.05841, -117.299, 1.05779, 122.868
832, 13.86667, 56.1216, -83.3046, 56.3466, 154.732, 55.9485, 35.7455, 1.04974, 3.86098, 1.05823, -117.302, 1.05764, 122.864
832, 13.87500, 56.0706, -83.3084, 56.2948, 154.728, 55.898, 35.7419, 1.04957, 3.85648, 1.05806, -117.305, 1.05749, 122.86
833, 13.88333, 56.0197, -83.3122, 56.2431, 154.723, 55.8475, 35.7383, 1.0494, 3.85198, 1.05789, -117.308, 1.05734, 122.856
834, 13.89167, 55.9689, -83.316, 56.1914, 154.719, 55.7972, 35.7347, 1.04923, 3.8475, 1.05771, -117.311, 1.0572, 122.852
834, 13.90000, 55.9182, -83.3198, 56.1399, 154.714, 55.7469, 35.7312, 1.04906, 3.84303, 1.05754, -117.314, 1.05705, 122.847
835, 13.90833, 55.8675, -83.3236, 56.0884, 154.71, 55.6966, 35.7276, 1.04889, 3.83857, 1.05737, -117.317, 1.0569, 122.843
835, 13.91667, 55.8169, -83.3274, 56.0369, 154.705, 55.6465, 35.7241, 1.04872, 3.83412, 1.0572, -117.321, 1.05675, 122.839
836, 13.92500, 55.7664, -83.3311, 55.9856, 154.701, 55.5964, 35.7205, 1.04855, 3.82968, 1.05703, -117.324, 1.05661, 122.835
836, 13.93333, 55.716, -83.3349, 55.9343, 154.696, 55.5464, 35.717, 1.04839, 3.82525, 1.05685, -117.327, 1.05646, 122.831
837, 13.94167, 55.6656, -83.3386, 55.8832, 154.692, 55.4965, 35.7135, 1.04822, 3.82083, 1.05668, -117.33, 1.05631, 122.827
837, 13.95000, 55.6154, -83.3423, 55.8321, 154.687, 55.4466, 35.71, 1.04805, 3.81643, 1.05651, -117.333, 1.05617, 122.823
838, 13.95833, 55.5651, -83.346, 55.781, 154.683, 55.3968, 35.7065, 1.04788, 3.81203, 1.05634, -117.336, 1.05602, 122.819
838, 13.96667, 55.515, -83.3497, 55.7301, 154.679, 55.3471, 35.703, 1.04772, 3.80764, 1.05617, -117.339, 1.05588, 122.815
839, 13.97500, 55.465, -83.3534, 55.6792, 154.674, 55.2975, 35.6995, 1.04755, 3.80326, 1.056, -117.342, 1.05573, 122.811
839, 13.98333, 55.415, -83.3571, 55.6284, 154.67, 55.2479, 35.6961, 1.04738, 3.7989, 1.05583, -117.345, 1.05559, 122.808
840, 13.99167, 55.3651, -83.3607, 55.5777, 154.665, 55.1984, 35.6926, 1.04722, 3.79454, 1.05566, -117.348, 1.05544, 122.804
840, 14.00000, 55.3152, -83.3644, 55.5271, 154.661, 55.149, 35.6892, 1.04705, 3.79019, 1.0555, -117.351, 1.0553, 122.8
841, 14.00833, 55.2655, -83.368, 55.4765, 154.657, 55.0997, 35.6858, 1.04689, 3.78586, 1.05533, -117.354, 1.05515, 122.796
841, 14.01667, 55.2158, -83.3716, 55.426, 154.652, 55.0504, 35.6823, 1.04672, 3.78153, 1.05516, -117.357, 1.05501, 122.792
841, 14.02500, 55.1662, -83.3752, 55.3756, 154.648, 55.0012, 35.6789, 1.04656, 3.77722, 1.05499, -117.36, 1.05487, 122.788
842, 14.03333, 55.1166, -83.3788, 55.3253, 154.643, 54.952, 35.6755, 1.0464, 3.77291, 1.05482, -117.363, 1.05472, 122.784
843, 14.04167, 55.0672, -83.3824, 55.275, 154.639, 54.903, 35.6721, 1.04623, 3.76861, 1.05466, -117.366, 1.05458, 122.78
843, 14.05000, 55.0178, -83.386, 55.2248, 154.635, 54.854, 35.6688, 1.04607, 3.76433, 1.05449, -117.369, 1.05444, 122.776
844, 14.05833, 54.9685, -83.3895, 55.1747, 154.63, 54.805, 35.6654, 1.04591, 3.76005, 1.05433, -117.372, 1.05429, 122.772
844, 14.06667, 54.9192, -83.3931, 55.1247, 154.626, 54.7562, 35.662, 1.04574, 3.75578, 1.05416, -117.375, 1.05415, 122.768
845, 14.07500, 54.8701, -83.3966, 55.0747, 154.622, 54.7074, 35.6587, 1.04558, 3.75153, 1.05399, -117.378, 1.05401, 122.764
845, 14.08333, 54.821, -83.4001, 55.0248, 154.617, 54.6587, 35.6553, 1.04542, 3.74728, 1.05383, -117.381, 1.05387, 122.761
846, 14.09167, 54.7719, -83.4036, 54.975, 154.613, 54.61, 35.652, 1.04526, 3.74305, 1.05366, -117.384, 1.05373, 122.757
846, 14.10000, 54.723, -83.4072, 54.9253, 154.609, 54.5615, 35.6487, 1.0451, 3.73882, 1.0535, -117.387, 1.05359, 122.753
847, 14.10833, 54.6741, -83.4106, 54.8756, 154.604, 54.513, 35.6454, 1.04493, 3.7346, 1.05334, -117.39, 1.05345, 122.749
847, 14.11667, 54.6253, -83.4141, 54.826, 154.6, 54.4645, 35.6421, 1.04477, 3.7304, 1.05317, -117.393, 1.05331, 122.745
848, 14.12500, 54.5766, -83.4176, 54.7765, 154.596, 54.4162, 35.6388, 1.04461, 3.7262, 1.05301, -117.396, 1.05317, 122.741
848, 14.13333, 54.5279, -83.421, 54.7271, 154.592, 54.3679, 35.6355, 1.04445, 3.72201, 1.05285, -117.399, 1.05303, 122.738
849, 14.14167, 54.4793, -83.4245, 54.6777, 154.587, 54.3196, 35.6322, 1.04429, 3.71784, 1.05268, -117.402, 1.05289, 122.734
849, 14.15000, 54.4308, -83.4279, 54.6284, 154.583, 54.2715, 35.629, 1.04413, 3.71367, 1.05252, -117.405, 1.05275, 122.73
849, 14.15833, 54.3823, -83.4313, 54.5792, 154.579, 54.2234, 35.6257, 1.04397, 3.70951, 1.05236, -117.408, 1.05261, 122.726
850, 14.16667, 54.334, -83.4347, 54.5301, 154.574, 54.1753, 35.6225, 1.04381, 3.70536, 1.0522, -117.411, 1.05247, 122.722
851, 14.17500, 54.2856, -83.4381, 54.481, 154.57, 54.1274, 35.6192, 1.04366, 3.70122, 1.05204, -117.414, 1.05233, 122.719
851, 14.18333, 54.2374, -83.4415, 54.432, 154.566, 54.0795, 35.616, 1.0435, 3.69709, 1.05187, -117.417, 1.05219, 122.715
852, 14.19167, 54.1892, -83.4449, 54.3831, 154.562, 54.0317, 35.6128, 1.04334, 3.69297, 1.05171, -117.419, 1.05206, 122.711
852, 14.20000, 54.1411, -83.4482, 54.3342, 154.558, 53.9839, 35.6096, 1.04318, 3.68886, 1.05155, -117.422, 1.05192, 122.707
853, 14.20833, 54.0931, -83.4516, 54.2855, 154.553, 53.9362, 35.6064, 1.04302, 3.68476, 1.05139, -117.425, 1.05178, 122.704
853, 14.21667, 54.0452, -83.4549, 54.2367, 154.549, 53.8886, 35.6032, 1.04287, 3.68067, 1.05123, -117.428, 1.05164, 122.7
854, 14.22500, 53.9973, -83.4582, 54.1881, 154.545, 53.8411, 35.6, 1.04271, 3.67659, 1.05107, -117.431, 1.05151, 122.696
854, 14.23333, 53.9495, -83.4615, 54.1395, 154.541, 53.7936, 35.5969, 1.04255, 3.67252, 1.05091, -117.434, 1.05137, 122.692
855, 14.24167, 53.9017, -83.4648, 54.091, 154.537, 53.7462, 35.5937, 1.0424, 3.66846, 1.05076, -117.437, 1.05123, 122.689
855, 14.25000, 53.854, -83.4681, 54.0426, 154.532, 53.6988, 35.5905, 1.04224, 3.6644, 1.0506, -117.44, 1.0511, 122.685
856, 14.25833, 53.8064, -83.4714, 53.9943, 154.528, 53.6515, 35.5874, 1.04208, 3.66036, 1.05044, -117.442, 1.05096, 122.681
856, 14.26667, 53.7589, -83.4747, 53.946, 154.524, 53.6043, 35.5843, 1.04193, 3.65632, 1.05028, -117.445, 1.05083, 122.677
857, 14.27500, 53.7114, -83.4779, 53.8978, 154.52, 53.5572, 35.5812, 1.04177, 3.6523, 1.05012, -117.448, 1.05069, 122.674
857, 14.28333, 53.664, -83.4812, 53.8496, 154.516, 53.5101, 35.5781, 1.04162, 3.64828, 1.04997, -117.451, 1.05056, 122.67
857, 14.29167, 53.6167, -83.4844, 53.8016, 154.512, 53.4631, 35.575, 1.04146, 3.64428, 1.04981, -117.454, 1.05042, 122.666
858, 14.30000, 53.5694, -83.4876, 53.7536, 154.507, 53.4161, 35.5719, 1.04131, 3.64028, 1.04965, -117.456, 1.05029, 122.663
859, 14.30833, 53.5222, -83.4908, 53.7056, 154.503, 53.3692, 35.5688, 1.04116, 3.63629, 1.0495, -117.459, 1.05015, 122.659
859, 14.31667, 53.4751, -83.494, 53.6578, 154.499, 53.3224, 35.5657, 1.041, 3.63231, 1.04934, -117.462, 1.05002, 122.655
860, 14.32500, 53.428, -83.4972, 53.61, 154.495, 53.2756, 35.5626, 1.04085, 3.62834, 1.04918, -117.465, 1.04989, 122.652
860, 14.33333, 53.381, -83.5004, 53.5623, 154.491, 53.229, 35.5596, 1.0407, 3.62438, 1.04903, -117.468, 1.04975, 122.648
861, 14.34167, 53.3341, -83.5036, 53.5146, 154.487, 53.1823, 35.5565, 1.04054, 3.62043, 1.04887, -117.47, 1.04962, 122.644
861, 14.35000, 53.2872, -83.5067, 53.467, 154.483, 53.1358, 35.5535, 1.04039, 3.61649, 1.04872, -117.473, 1.04949, 122.641
862, 14.35833, 53.2404, -83.5099, 53.4195, 154.479, 53.0893, 35.5505, 1.04024, 3.61255, 1.04856, -117.476, 1.04936, 122.637
862, 14.36667, 53.1937, -83.513, 53.3721, 154.474, 53.0428, 35.5475, 1.04009, 3.60863, 1.04841, -117.479, 1.04922, 122.634
863, 14.37500, 53.147, -83.5161, 53.3247, 154.47, 52.9965, 35.5445, 1.03993, 3.60471, 1.04826, -117.481, 1.04909, 122.63
863, 14.38333, 53.1004, -83.5192, 53.2774, 154.466, 52.9502, 35.5415, 1.03978, 3.60081, 1.0481, -117.484, 1.04896, 122.626
864, 14.39167, 53.0539, -83.5223, 53.2302, 154.462, 52.9039, 35.5385, 1.03963, 3.59691, 1.04795, -117.487, 1.04883, 122.623
864, 14.40000, 53.0074, -83.5254, 53.183, 154.458, 52.8577, 35.5355, 1.03948, 3.59302, 1.0478, -117.49, 1.0487, 122.619
865, 14.40833, 52.961, -83.5285, 53.1359, 154.454, 52.8116, 35.5325, 1.03933, 3.58914, 1.04764, -117.492, 1.04857, 122.616
865, 14.41667, 52.9147, -83.5316, 53.0888, 154.45, 52.7656, 35.5295, 1.03918, 3.58527, 1.04749, -117.495, 1.04844, 122.612
866, 14.42500, 52.8684, -83.5346, 53.0419, 154.446, 52.7196, 35.5266, 1.03903, 3.58141, 1.04734, -117.498, 1.04831, 122.608
866, 14.43333, 52.8222, -83.5377, 52.995, 154.442, 52.6737, 35.5236, 1.03888, 3.57756, 1.04719, -117.501, 1.04818, 122.605
866, 14.44167, 52.7761, -83.5407, 52.9482, 154.438, 52.6278, 35.5207, 1.03873, 3.57371, 1.04704, -117.503, 1.04805, 122.601
867, 14.45000, 52.73, -83.5437, 52.9014, 154.434, 52.582, 35.5178, 1.03858, 3.56988, 1.04689, -117.506, 1.04792, 122.598
868, 14.45833, 52.684, -83.5467, 52.8547, 154.43, 52.5363, 35.5149, 1.03843, 3.56605, 1.04674, -117.509, 1.04779, 122.594
868, 14.46667, 52.6381, -83.5497, 52.8081, 154.426, 52.4906, 35.512, 1.03828, 3.56223, 1.04659, -117.511, 1.04766, 122.591
869, 14.47500, 52.5922, -83.5527, 52.7615, 154.422, 52.445, 35.5091, 1.03814, 3.55842, 1.04643, -117.514, 1.04753, 122.587
869, 14.48333, 52.5464, -83.5557, 52.715, 154.418, 52.3994, 35.5062, 1.03799, 3.55462, 1.04629, -117.517, 1.0474, 122.584
870, 14.49167, 52.5007, -83.5587, 52.6686, 154.414, 52.354, 35.5033, 1.03784, 3.55083, 1.04614, -117.519, 1.04727, 122.58
870, 14.50000, 52.455, -83.5616, 52.6222, 154.41, 52.3085, 35.5004, 1.03769, 3.54705, 1.04599, -117.522, 1.04714, 122.577
871, 14.50833, 52.4094, -83.5646, 52.5759, 154.406, 52.2632, 35.4975, 1.03755, 3.54327, 1.04584, -117.525, 1.04702, 122.573
871, 14.51667, 52.3638, -83.5675, 52.5297, 154.402, 52.2179, 35.4947, 1.0374, 3.53951, 1.04569, -117.527, 1.04689, 122.57
872, 14.52500, 52.3183, -83.5704, 52.4835, 154.398, 52.1726, 35.4918, 1.03725, 3.53575, 1.04554, -117.53, 1.04676, 122.566
872, 14.53333, 52.2729, -83.5733, 52.4374, 154.394, 52.1275, 35.489, 1.03711, 3.532, 1.04539, -117.533, 1.04663, 122.563
873, 14.54167, 52.2275, -83.5762, 52.3913, 154.39, 52.0823, 35.4862, 1.03696, 3.52826, 1.04524, -117.535, 1.04651, 122.559
873, 14.55000, 52.1822, -83.5791, 52.3454, 154.386, 52.0373, 35.4833, 1.03681, 3.52453, 1.0451, -117.538, 1.04638, 122.556
874, 14.55833, 52.137, -83.582, 52.2995, 154.382, 51.9923, 35.4805, 1.03667, 3.52081, 1.04495, -117.541, 1.04625, 122.552
874, 14.56667, 52.0918, -83.5849, 52.2536, 154.378, 51.9474, 35.4777, 1.03652, 3.51709, 1.0448, -117.543, 1.04613, 122.549
874, 14.57500, 52.0467, -83.5878, 52.2078, 154.374, 51.9025, 35.4749, 1.03638, 3.51339, 1.04466, -117.546, 1.046, 122.545
875, 14.58333, 52.0017, -83.5906, 52.1621, 154.37, 51.8577, 35.4722, 1.03623, 3.50969, 1.04451, -117.548, 1.04588, 122.542
876, 14.59167, 51.9567, -83.5935, 52.1165, 154.367, 51.8129, 35.4694, 1.03609, 3.506, 1.04436, -117.551, 1.04575, 122.539
876, 14.60000, 51.9118, -83.5963, 52.0709, 154.363, 51.7683, 35.4666, 1.03594, 3.50232, 1.04422, -117.554, 1.04563, 122.535
877, 14.60833, 51.8669, -83.5991, 52.0254, 154.359, 51.7236, 35.4638, 1.0358, 3.49865, 1.04407, -117.556, 1.0455, 122.532
877, 14.61667, 51.8221, -83.6019, 51.9799, 154.355, 51.6791, 35.4611, 1.03566, 3.49498, 1.04393, -117.559, 1.04538, 122.528
878, 14.62500, 51.7774, -83.6047, 51.9345, 154.351, 51.6345, 35.4584, 1.03551, 3.49133, 1.04378, -117.561, 1.04525, 122.525
878, 14.63333, 51.7327, -83.6075, 51.8892, 154.347, 51.5901, 35.4556, 1.03537, 3.48768, 1.04364, -117.564, 1.04513, 122.521
879, 14.64167, 51.6881, -83.6103, 51.8439, 154.343, 51.5457, 35.4529, 1.03523, 3.48404, 1.04349, -117.566, 1.045, 122.518
879, 14.65000, 51.6436, -83.6131, 51.7987, 154.339, 51.5014, 35.4502, 1.03508, 3.48041, 1.04335, -117.569, 1.04488, 122.515
880, 14.65833, 51.5991, -83.6158, 51.7536, 154.335, 51.4571, 35.4475, 1.03494, 3.47679, 1.0432, -117.572, 1.04476, 122.511
880, 14.66667, 51.5547, -83.6186, 51.7085, 154.332, 51.4129, 35.4448, 1.0348, 3.47317, 1.04306, -117.574, 1.04463, 122.508
881, 14.67500, 51.5103, -83.6213, 51.6635, 154.328, 51.3687, 35.4421, 1.03466, 3.46957, 1.04292, -117.577, 1.04451, 122.505
881, 14.68333, 51.466, -83.624, 51.6186, 154.324, 51.3247, 35.4394, 1.03452, 3.46597, 1.04277, -117.579, 1.04439, 122.501
882, 14.69167, 51.4218, -83.6267, 51.5737, 154.32, 51.2806, 35.4367, 1.03437, 3.46238, 1.04263, -117.582, 1.04427, 122.498
882, 14.70000, 51.3776, -83.6295, 51.5288, 154.316, 51.2366, 35.434, 1.03423, 3.4588, 1.04249, -117.584, 1.04414, 122.494
882, 14.70833, 51.3335, -83.6322, 51.4841, 154.312, 51.1927, 35.4314, 1.03409, 3.45522, 1.04235, -117.587, 1.04402, 122.491
883, 14.71667, 51.2894, -83.6348, 51.4394, 154.308, 51.1489, 35.4287, 1.03395, 3.45166, 1.04221, -117.589, 1.0439, 122.488
884, 14.72500, 51.2454, -83.6375, 51.3947, 154.305, 51.1051, 35.4261, 1.03381, 3.4481, 1.04206, -117.592, 1.04378, 122.484
884, 14.73333, 51.2015, -83.6402, 51.3502, 154.301, 51.0613, 35.4235, 1.03367, 3.44455, 1.04192, -117.594, 1.04366, 122.481
885, 14.74167, 51.1576, -83.6428, 51.3056, 154.297, 51.0176, 35.4208, 1.03353, 3.44101, 1.04178, -117.597, 1.04354, 122.478
885, 14.75000, 51.1138, -83.6455, 51.2612, 154.293, 50.974, 35.4182, 1.03339, 3.43748, 1.04164, -117.599, 1.04342, 122.474
886, 14.75833, 51.07, -83.6481, 51.2168, 154.289, 50.9305, 35.4156, 1.03325, 3.43395, 1.0415, -117.602, 1.04329, 122.471
886, 14.76667, 51.0263, -83.6508, 51.1725, 154.286, 50.8869, 35.413, 1.03311, 3.43043, 1.04136, -117.604, 1.04317, 122.468
887, 14.77500, 50.9827, -83.6534, 51.1282, 154.282, 50.8435, 35.4104, 1.03297, 3.42692, 1.04122, -117.607, 1.04305, 122.465
887, 14.78333, 50.9391, -83.656, 51.084, 154.278, 50.8001, 35.4078, 1.03284, 3.42342, 1.04108, -117.609, 1.04293, 122.461
888, 14.79167, 50.8956, -83.6586, 51.0398, 154.274, 50.7568, 35.4052, 1.0327, 3.41993, 1.04094, -117.612, 1.04281, 122.458
888, 14.80000, 50.8521, -83.6612, 50.9957, 154.27, 50.7135, 35.4027, 1.03256, 3.41644, 1.0408, -117.614, 1.0427, 122.455
889, 14.80833, 50.8087, -83.6637, 50.9517, 154.267, 50.6702, 35.4001, 1.03242, 3.41297, 1.04066, -117.617, 1.04258, 122.451
889, 14.81667, 50.7654, -83.6663, 50.9077, 154.263, 50.6271, 35.3976, 1.03228, 3.4095, 1.04052, -117.619, 1.04246, 122.448
890, 14.82500, 50.7221, -83.6689, 50.8638, 154.259, 50.584, 35.395, 1.03215, 3.40603, 1.04039, -117.622, 1.04234, 122.445
890, 14.83333, 50.6788, -83.6714, 50.82, 154.255, 50.5409, 35.3925, 1.03201, 3.40258, 1.04025, -117.624, 1.04222, 122.442
891, 14.84167, 50.6357, -83.674, 50.7762, 154.252, 50.4979, 35.39, 1.03187, 3.39913, 1.04011, -117.627, 1.0421, 122.438
891, 14.85000, 50.5926, -83.6765, 50.7325, 154.248, 50.455, 35.3874, 1.03174, 3.39569, 1.03997, -117.629, 1.04198, 122.435
891, 14.85833, 50.5495, -83.679, 50.6888, 154.244, 50.4121, 35.3849, 1.0316, 3.39226, 1.03983, -117.631, 1.04187, 122.432
892, 14.86667, 50.5065, -83.6815, 50.6452, 154.241, 50.3693, 35.3824, 1.03146, 3.38884, 1.0397, -117.634, 1.04175, 122.429
893, 14.87500, 50.4636, -83.684, 50.6016, 154.237, 50.3265, 35.3799, 1.03133, 3.38543, 1.03956, -117.636, 1.04163, 122.426
893, 14.88333, 50.4207, -83.6865, 50.5582, 154.233, 50.2838, 35.3774, 1.03119, 3.38202, 1.03942, -117.639, 1.04151, 122.422
894, 14.89167, 50.3779, -83.689, 50.5147, 154.229, 50.2411, 35.375, 1.03106, 3.37862, 1.03929, -117.641, 1.0414, 122.419
894, 14.90000, 50.3351, -83.6915, 50.4714, 154.226, 50.1985, 35.3725, 1.03092, 3.37523, 1.03915, -117.643, 1.04128, 122.416
895, 14.90833, 50.2924, -83.6939, 50.428, 154.222, 50.1559, 35.37, 1.03079, 3.37184, 1.03902, -117.646, 1.04116, 122.413
895, 14.91667, 50.2498, -83.6964, 50.3848, 154.218, 50.1134, 35.3676, 1.03065, 3.36846, 1.03888, -117.648, 1.04105, 122.409
896, 14.92500, 50.2072, -83.6988, 50.3416, 154.215, 50.071, 35.3651, 1.03052, 3.3651, 1.03875, -117.651, 1.04093, 122.406
896, 14.93333, 50.1646, -83.7012, 50.2985, 154.211, 50.0286, 35.3627, 1.03038, 3.36173, 1.03861, -117.653, 1.04082, 122.403
897, 14.94167, 50.1222, -83.7037, 50.2554, 154.207, 49.9863, 35.3603, 1.03025, 3.35838, 1.03848, -117.655, 1.0407, 122.4
897, 14.95000, 50.0797, -83.7061, 50.2124, 154.204, 49.944, 35.3578, 1.03012, 3.35503, 1.03834, -117.658, 1.04058, 122.397
898, 14.95833, 50.0374, -83.7085, 50.1694, 154.2, 49.9018, 35.3554, 1.02998, 3.35169, 1.03821, -117.66, 1.04047, 122.394
898, 14.96667, 49.9951, -83.7109, 50.1265, 154.196, 49.8596, 35.353, 1.02985, 3.34836, 1.03807, -117.663, 1.04035, 122.39
899, 14.97500, 49.9528, -83.7132, 50.0836, 154.193, 49.8175, 35.3506, 1.02972, 3.34504, 1.03794, -117.665, 1.04024, 122.387
899, 14.98333, 49.9106, -83.7156, 50.0409, 154.189, 49.7755, 35.3482, 1.02958, 3.34172, 1.03781, -117.667, 1.04012, 122.384
899, 14.99167, 49.8685, -83.718, 49.9981, 154.185, 49.7335, 35.3458, 1.02945, 3.33841, 1.03767, -117.67, 1.04001, 122.381
900, 15.00000, 49.8264, -83.7203, 49.9554, 154.182, 49.6915, 35.3435, 1.02932, 3.33511, 1.03754, -117.672, 1.0399, 122.378
901, 15.00833, 49.7844, -83.7227, 49.9128, 154.178, 49.6496, 35.3411, 1.02919, 3.33182, 1.03741, -117.674, 1.03978, 122.375
901, 15.01667, 49.7424, -83.725, 49.8703, 154.174, 49.6078, 35.3387, 1.02905, 3.32853, 1.03728, -117.677, 1.03967, 122.372
902, 15.02500, 49.7005, -83.7273, 49.8278, 154.171, 49.566, 35.3364, 1.02892, 3.32525, 1.03714, -117.679, 1.03956, 122.368
902, 15.03333, 49.6586, -83.7297, 49.7853, 154.167, 49.5243, 35.334, 1.02879, 3.32198, 1.03701, -117.681, 1.03944, 122.365
903, 15.04167, 49.6168, -83.732, 49.7429, 154.163, 49.4826, 35.3317, 1.02866, 3.31871, 1.03688, -117.684, 1.03933, 122.362
903, 15.05000, 49.5751, -83.7343, 49.7006, 154.16, 49.4409, 35.3294, 1.02853, 3.31546, 1.03675, -117.686, 1.03922, 122.359
904, 15.05833, 49.5334, -83.7366, 49.6583, 154.156, 49.3994, 35.327, 1.0284, 3.31221, 1.03662, -117.688, 1.0391, 122.356
904, 15.06667, 49.4917, -83.7388, 49.6161, 154.153, 49.3578, 35.3247, 1.02827, 3.30896, 1.03649, -117.691, 1.03899, 122.353
905, 15.07500, 49.4502, -83.7411, 49.5739, 154.149, 49.3164, 35.3224, 1.02814, 3.30573, 1.03635, -117.693, 1.03888, 122.35
905, 15.08333, 49.4086, -83.7434, 49.5318, 154.145, 49.275, 35.3201, 1.02801, 3.3025, 1.03622, -117.695, 1.03877, 122.347
906, 15.09167, 49.3671, -83.7456, 49.4898, 154.142, 49.2336, 35.3178, 1.02788, 3.29928, 1.03609, -117.697, 1.03866, 122.344
906, 15.10000, 49.3257, -83.7479, 49.4478, 154.138, 49.1923, 35.3155, 1.02775, 3.29607, 1.03596, -117.7, 1.03854, 122.341
907, 15.10833, 49.2844, -83.7501, 49.4058, 154.135, 49.151, 35.3133, 1.02762, 3.29286, 1.03583, -117.702, 1.03843, 122.338
907, 15.11667, 49.243, -83.7523, 49.3639, 154.131, 49.1098, 35.311, 1.02749, 3.28966, 1.03571, -117.704, 1.03832, 122.335
907, 15.12500, 49.2018, -83.7546, 49.3221, 154.128, 49.0687, 35.3087, 1.02736, 3.28647, 1.03558, -117.707, 1.03821, 122.331
908, 15.13333, 49.1606, -83.7568, 49.2803, 154.124, 49.0276, 35.3065, 1.02723, 3.28328, 1.03545, -117.709, 1.0381, 122.328
909, 15.14167, 49.1194, -83.759, 49.2386, 154.12, 48.9865, 35.3042, 1.02711, 3.28011, 1.03532, -117.711, 1.03799, 122.325
909, 15.15000, 49.0783, -83.7611, 49.1969, 154.117, 48.9455, 35.302, 1.02698, 3.27694, 1.03519, -117.713, 1.03788, 122.322
910, 15.15833, 49.0373, -83.7633, 49.1553, 154.113, 48.9046, 35.2998, 1.02685, 3.27377, 1.03506, -117.716, 1.03777, 122.319
910, 15.16667, 48.9963, -83.7655, 49.1138, 154.11, 48.8637, 35.2975, 1.02672, 3.27062, 1.03493, -117.718, 1.03766, 122.316
911, 15.17500, 48.9554, -83.7677, 49.0723, 154.106, 48.8229, 35.2953, 1.02659, 3.26747, 1.03481, -117.72, 1.03755, 122.313
911, 15.18333, 48.9145, -83.7698, 49.0308, 154.103, 48.7821, 35.2931, 1.02647, 3.26432, 1.03468, -117.722, 1.03744, 122.31
912, 15.19167, 48.8736, -83.7719, 48.9894, 154.099, 48.7413, 35.2909, 1.02634, 3.26119, 1.03455, -117.725, 1.03733, 122.307
912, 15.20000, 48.8329, -83.7741, 48.9481, 154.096, 48.7006, 35.2887, 1.02621, 3.25806, 1.03442, -117.727, 1.03722, 122.304
913, 15.20833, 48.7922, -83.7762, 48.9068, 154.092, 48.66, 35.2865, 1.02609, 3.25494, 1.0343, -117.729, 1.03711, 122.301
913, 15.21667, 48.7515, -83.7783, 48.8656, 154.089, 48.6194, 35.2844, 1.02596, 3.25183, 1.03417, -117.731, 1.037, 122.298
914, 15.22500, 48.7109, -83.7804, 48.8244, 154.085, 48.5789, 35.2822, 1.02583, 3.24872, 1.03404, -117.734, 1.0369, 122.295
914, 15.23333, 48.6703, -83.7825, 48.7833, 154.082, 48.5384, 35.28, 1.02571, 3.24562, 1.03392, -117.736, 1.03679, 122.292
915, 15.24167, 48.6298, -83.7846, 48.7422, 154.078, 48.498, 35.2779, 1.02558, 3.24253, 1.03379, -117.738, 1.03668, 122.289
915, 15.25000, 48.5893, -83.7867, 48.7012, 154.075, 48.4576, 35.2757, 1.02546, 3.23944, 1.03367, -117.74, 1.03657, 122.286
916, 15.25833, 48.5489, -83.7888, 48.6602, 154.071, 48.4173, 35.2736, 1.02533, 3.23636, 1.03354, -117.742, 1.03646, 122.283
916, 15.26667, 48.5085, -83.7908, 48.6193, 154.068, 48.377, 35.2714, 1.02521, 3.23329, 1.03342, -117.745, 1.03636, 122.28
916, 15.27500, 48.4682, -83.7929, 48.5785, 154.064, 48.3367, 35.2693, 1.02508, 3.23022, 1.03329, -117.747, 1.03625, 122.277
917, 15.28333, 48.428, -83.7949, 48.5377, 154.061, 48.2966, 35.2672, 1.02496, 3.22716, 1.03317, -117.749, 1.03614, 122.274
918, 15.29167, 48.3878, -83.797, 48.4969, 154.057, 48.2564, 35.2651, 1.02483, 3.22411, 1.03304, -117.751, 1.03603, 122.272
918, 15.30000, 48.3476, -83.799, 48.4562, 154.054, 48.2163, 35.263, 1.02471, 3.22107, 1.03292, -117.753, 1.03593, 122.269
919, 15.30833, 48.3075, -83.801, 48.4156, 154.05, 48.1763, 35.2609, 1.02458, 3.21803, 1.03279, -117.756, 1.03582, 122.266
919, 15.31667, 48.2675, -83.803, 48.375, 154.047, 48.1363, 35.2588, 1.02446, 3.215, 1.03267, -117.758, 1.03572, 122.263
920, 15.32500, 48.2275, -83.805, 48.3344, 154.043, 48.0964, 35.2567, 1.02434, 3.21197, 1.03255, -117.76, 1.03561, 122.26
920, 15.33333, 48.1875, -83.807, 48.294, 154.04, 48.0565, 35.2546, 1.02421, 3.20896, 1.03242, -117.762, 1.0355, 122.257
921, 15.34167, 48.1477, -83.809, 48.2535, 154.036, 48.0167, 35.2525, 1.02409, 3.20594, 1.0323, -117.764, 1.0354, 122.254
921, 15.35000, 48.1078, -83.811, 48.2131, 154.033, 47.9769, 35.2505, 1.02397, 3.20294, 1.03218, -117.766, 1.03529, 122.251
922, 15.35833, 48.068, -83.8129, 48.1728, 154.03, 47.9372, 35.2484, 1.02384, 3.19994, 1.03205, -117.769, 1.03519, 122.248
922, 15.36667, 48.0283, -83.8149, 48.1325, 154.026, 47.8975, 35.2464, 1.02372, 3.19695, 1.03193, -117.771, 1.03508, 122.245
923, 15.37500, 47.9886, -83.8168, 48.0923, 154.023, 47.8578, 35.2443, 1.0236, 3.19397, 1.03181, -117.773, 1.03498, 122.242
923, 15.38333, 47.9489, -83.8188, 48.0521, 154.019, 47.8183, 35.2423, 1.02348, 3.19099, 1.03169, -117.775, 1.03487, 122.239
924, 15.39167, 47.9094, -83.8207, 48.012, 154.016, 47.7787, 35.2403, 1.02336, 3.18802, 1.03156, -117.777, 1.03477, 122.237
924, 15.40000, 47.8698, -83.8226, 47.9719, 154.012, 47.7392, 35.2382, 1.02323, 3.18506, 1.03144, -117.779, 1.03466, 122.234
924, 15.40833, 47.8303, -83.8245, 47.9319, 154.009, 47.6998, 35.2362, 1.02311, 3.1821, 1.03132, -117.781, 1.03456, 122.231
925, 15.41667, 47.7909, -83.8265, 47.8919, 154.006, 47.6604, 35.2342, 1.02299, 3.17915, 1.0312, -117.783, 1.03446, 122.228
926, 15.42500, 47.7515, -83.8283, 47.852, 154.002, 47.6211, 35.2322, 1.02287, 3.1762, 1.03108, -117.786, 1.03435, 122.225
926, 15.43333, 47.7122, -83.8302, 47.8122, 153.999, 47.5818, 35.2302, 1.02275, 3.17327, 1.03096, -117.788, 1.03425, 122.222
927, 15.44167, 47.6729, -83.8321, 47.7723, 153.995, 47.5425, 35.2283, 1.02263, 3.17033, 1.03084, -117.79, 1.03414, 122.219
927, 15.45000, 47.6336, -83.834, 47.7326, 153.992, 47.5033, 35.2263, 1.02251, 3.16741, 1.03072, -117.792, 1.03404, 122.216
928, 15.45833, 47.5944, -83.8358, 47.6929, 153.989, 47.4642, 35.2243, 1.02239, 3.16449, 1.0306, -117.794, 1.03394, 122.214
928, 15.46667, 47.5553, -83.8377, 47.6532, 153.985, 47.425, 35.2223, 1.02227, 3.16158, 1.03048, -117.796, 1.03384, 122.211
929, 15.47500, 47.5162, -83.8395, 47.6136, 153.982, 47.386, 35.2204, 1.02215, 3.15868, 1.03036, -117.798, 1.03373, 122.208
929, 15.48333, 47.4772, -83.8414, 47.574, 153.979, 47.347, 35.2184, 1.02203, 3.15578, 1.03024, -117.8, 1.03363, 122.205
930, 15.49167, 47.4382, -83.8432, 47.5345, 153.975, 47.308, 35.2165, 1.02191, 3.15289, 1.03012, -117.802, 1.03353, 122.202
930, 15.50000, 47.3992, -83.845, 47.495, 153.972, 47.2691, 35.2146, 1.02179, 3.15, 1.03, -117.804, 1.03343, 122.199
931, 15.50833, 47.3603, -83.8468, 47.4556, 153.968, 47.2302, 35.2126, 1.02167, 3.14712, 1.02988, -117.807, 1.03332, 122.197
931, 15.51667, 47.3215, -83.8486, 47.4162, 153.965, 47.1914, 35.2107, 1.02155, 3.14425, 1.02976, -117.809, 1.03322, 122.194
932, 15.52500, 47.2827, -83.8504, 47.3769, 153.962, 47.1526, 35.2088, 1.02143, 3.14138, 1.02965, -117.811, 1.03312, 122.191
932, 15.53333, 47.2439, -83.8522, 47.3377, 153.958, 47.1139, 35.2069, 1.02131, 3.13852, 1.02953, -117.813, 1.03302, 122.188
932, 15.54167, 47.2052, -83.854, 47.2984, 153.955, 47.0752, 35.205, 1.0212, 3.13567, 1.02941, -117.815, 1.03292, 122.185
933, 15.55000, 47.1666, -83.8558, 47.2593, 153.952, 47.0366, 35.2031, 1.02108, 3.13282, 1.02929, -117.817, 1.03282, 122.183
934, 15.55833, 47.128, -83.8575, 47.2202, 153.948, 46.998, 35.2012, 1.02096, 3.12998, 1.02917, -117.819, 1.03272, 122.18
934, 15.56667, 47.0894, -83.8593, 47.1811, 153.945, 46.9595, 35.1993, 1.02084, 3.12715, 1.02906, -117.821, 1.03262, 122.177
935, 15.57500, 47.0509, -83.861, 47.1421, 153.942, 46.921, 35.1974, 1.02073, 3.12432, 1.02894, -117.823, 1.03252, 122.174
935, 15.58333, 47.0124, -83.8628, 47.1031, 153.938, 46.8825, 35.1956, 1.02061, 3.1215, 1.02882, -117.825, 1.03242, 122.171
936, 15.59167, 46.974, -83.8645, 47.0642, 153.935, 46.8441, 35.1937, 1.02049, 3.11869, 1.02871, -117.827, 1.03232, 122.169
936, 15.60000, 46.9356, -83.8662, 47.0253, 153.932, 46.8058, 35.1919, 1.02037, 3.11588, 1.02859, -117.829, 1.03222, 122.166
937, 15.60833, 46.8973, -83.8679, 46.9865, 153.928, 46.7675, 35.19, 1.02026, 3.11308, 1.02847, -117.831, 1.03212, 122.163
937, 15.61667, 46.8591, -83.8696, 46.9477, 153.925, 46.7292, 35.1882, 1.02014, 3.11028, 1.02836, -117.833, 1.03202, 122.16
938, 15.62500, 46.8208, -83.8713, 46.909, 153.922, 46.691, 35.1863, 1.02002, 3.10749, 1.02824, -117.835, 1.03192, 122.158
938, 15.63333, 46.7827, -83.873, 46.8703, 153.919, 46.6528, 35.1845, 1.01991, 3.10471, 1.02813, -117.837, 1.03182, 122.155
939, 15.64167, 46.7445, -83.8747, 46.8317, 153.915, 46.6147, 35.1827, 1.01979, 3.10193, 1.02801, -117.839, 1.03172, 122.152
939, 15.65000, 46.7065, -83.8764, 46.7931, 153.912, 46.5766, 35.1809, 1.01968, 3.09916, 1.0279, -117.841, 1.03162, 122.149
940, 15.65833, 46.6684, -83.878, 46.7546, 153.909, 46.5386, 35.1791, 1.01956, 3.09639, 1.02778, -117.843, 1.03152, 122.147
940, 15.66667, 46.6304, -83.8797, 46.7161, 153.905, 46.5006, 35.1773, 1.01945, 3.09364, 1.02767, -117.845, 1.03142, 122.144
941, 15.67500, 46.5925, -83.8813, 46.6776, 153.902, 46.4627, 35.1755, 1.01933, 3.09088, 1.02755, -117.847, 1.03133, 122.141
941, 15.68333, 46.5546, -83.8829, 46.6392, 153.899, 46.4248, 35.1737, 1.01922, 3.08814, 1.02744, -117.849, 1.03123, 122.138
941, 15.69167, 46.5167, -83.8846, 46.6009, 153.896, 46.3869, 35.1719, 1.0191, 3.0854, 1.02732, -117.851, 1.03113, 122.136
942, 15.70000, 46.4789, -83.8862, 46.5626, 153.892, 46.3491, 35.1702, 1.01899, 3.08266, 1.02721, -117.853, 1.03103, 122.133
943, 15.70833, 46.4412, -83.8878, 46.5243, 153.889, 46.3114, 35.1684, 1.01887, 3.07994, 1.0271, -117.855, 1.03093, 122.13
943, 15.71667, 46.4035, -83.8894, 46.4861, 153.886, 46.2736, 35.1666, 1.01876, 3.07721, 1.02698, -117.857, 1.03084, 122.128
944, 15.72500, 46.3658, -83.891, 46.448, 153.883, 46.236, 35.1649, 1.01864, 3.0745, 1.02687, -117.859, 1.03074, 122.125
944, 15.73333, 46.3282, -83.8926, 46.4099, 153.879, 46.1983, 35.1631, 1.01853, 3.07179, 1.02676, -117.861, 1.03064, 122.122
945, 15.74167, 46.2906, -83.8942, 46.3718, 153.876, 46.1607, 35.1614, 1.01842, 3.06909, 1.02664, -117.863, 1.03055, 122.12
945, 15.75000, 46.2531, -83.8958, 46.3338, 153.873, 46.1232, 35.1597, 1.0183, 3.06639, 1.02653, -117.865, 1.03045, 122.117
946, 15.75833, 46.2156, -83.8973, 46.2958, 153.87, 46.0857, 35.1579, 1.01819, 3.0637, 1.02642, -117.867, 1.03035, 122.114
946, 15.76667, 46.1782, -83.8989, 46.2579, 153.866, 46.0483, 35.1562, 1.01808, 3.06101, 1.02631, -117.869, 1.03026, 122.112
947, 15.77500, 46.1408, -83.9004, 46.22, 153.863, 46.0109, 35.1545, 1.01797, 3.05833, 1.02619, -117.871, 1.03016, 122.109
947, 15.78333, 46.1035, -83.902, 46.1822, 153.86, 45.9735, 35.1528, 1.01785, 3.05566, 1.02608, -117.873, 1.03006, 122.106
948, 15.79167, 46.0662, -83.9035, 46.1444, 153.857, 45.9362, 35.1511, 1.01774, 3.05299, 1.02597, -117.875, 1.02997, 122.104
948, 15.80000, 46.0289, -83.905, 46.1067, 153.854, 45.8989, 35.1494, 1.01763, 3.05033, 1.02586, -117.877, 1.02987, 122.101
949, 15.80833, 45.9917, -83.9065, 46.069, 153.85, 45.8617, 35.1477, 1.01752, 3.04768, 1.02575, -117.879, 1.02978, 122.098
949, 15.81667, 45.9545, -83.908, 46.0314, 153.847, 45.8245, 35.146, 1.0174, 3.04503, 1.02564, -117.881, 1.02968, 122.096
949, 15.82500, 45.9174, -83.9095, 45.9938, 153.844, 45.7873, 35.1444, 1.01729, 3.04238, 1.02552, -117.882, 1.02959, 122.093
950, 15.83333, 45.8804, -83.911, 45.9562, 153.841, 45.7502, 35.1427, 1.01718, 3.03975, 1.02541, -117.884, 1.02949, 122.09
951, 15.84167, 45.8433, -83.9125, 45.9187, 153.838, 45.7132, 35.141, 1.01707, 3.03712, 1.0253, -117.886, 1.0294, 122.088
951, 15.85000, 45.8064, -83.914, 45.8812, 153.834, 45.6762, 35.1394, 1.01696, 3.03449, 1.02519, -117.888, 1.0293, 122.085
952, 15.85833, 45.7694, -83.9155, 45.8438, 153.831, 45.6392, 35.1377, 1.01685, 3.03187, 1.02508, -117.89, 1.02921, 122.082
952, 15.86667, 45.7325, -83.9169, 45.8065, 153.828, 45.6023, 35.1361, 1.01674, 3.02926, 1.02497, -117.892, 1.02911, 122.08
953, 15.87500, 45.6957, -83.9184, 45.7691, 153.825, 45.5654, 35.1345, 1.01663, 3.02665, 1.02486, -117.894, 1.02902, 122.077
953, 15.88333, 45.6589, -83.9198, 45.7319, 153.822, 45.5286, 35.1328, 1.01652, 3.02405, 1.02475, -117.896, 1.02893, 122.075
954, 15.89167, 45.6221, -83.9213, 45.6946, 153.818, 45.4918, 35.1312, 1.0164, 3.02145, 1.02464, -117.898, 1.02883, 122.072
954, 15.90000, 45.5854, -83.9227, 45.6574, 153.815, 45.455, 35.1296, 1.01629, 3.01886, 1.02453, -117.9, 1.02874, 122.069
955, 15.90833, 45.5487, -83.9241, 45.6203, 153.812, 45.4183, 35.128, 1.01618, 3.01628, 1.02443, -117.902, 1.02865, 122.067
955, 15.91667, 45.5121, -83.9255, 45.5832, 153.809, 45.3816, 35.1264, 1.01608, 3.0137, 1.02432, -117.903, 1.02855, 122.064
956, 15.92500, 45.4755, -83.9269, 45.5461, 153.806, 45.345, 35.1248, 1.01597, 3.01113, 1.02421, -117.905, 1.02846, 122.062
956, 15.93333, 45.439, -83.9283, 45.5091, 153.803, 45.3084, 35.1232, 1.01586, 3.00856, 1.0241, -117.907, 1.02837, 122.059
957, 15.94167, 45.4025, -83.9297, 45.4722, 153.799, 45.2719, 35.1216, 1.01575, 3.006, 1.02399, -117.909, 1.02827, 122.056
957, 15.95000, 45.366, -83.9311, 45.4352, 153.796, 45.2354, 35.12, 1.01564, 3.00345, 1.02388, -117.911, 1.02818, 122.054
957, 15.95833, 45.3296, -83.9325, 45.3984, 153.793, 45.1989, 35.1185, 1.01553, 3.0009, 1.02378, -117.913, 1.02809, 122.051
958, 15.96667, 45.2933, -83.9338, 45.3615, 153.79, 45.1625, 35.1169, 1.01542, 2.99835, 1.02367, -117.915, 1.028, 122.049
959, 15.97500, 45.2569, -83.9352, 45.3247, 153.787, 45.1261, 35.1153, 1.01531, 2.99582, 1.02356, -117.917, 1.0279, 122.046
959, 15.98333, 45.2207, -83.9366, 45.288, 153.784, 45.0898, 35.1138, 1.0152, 2.99328, 1.02345, -117.918, 1.02781, 122.043
960, 15.99167, 45.1844, -83.9379, 45.2513, 153.781, 45.0535, 35.1122, 1.0151, 2.99076, 1.02335, -117.92, 1.02772, 122.041
960, 16.00000, 45.1482, -83.9392, 45.2146, 153.777, 45.0173, 35.1107, 1.01499, 2.98824, 1.02324, -117.922, 1.02763, 122.038
961, 16.00833, 45.1121, -83.9406, 45.178, 153.774, 44.9811, 35.1092, 1.01488, 2.98572, 1.02313, -117.924, 1.02754, 122.036
961, 16.01667, 45.076, -83.9419, 45.1415, 153.771, 44.9449, 35.1076, 1.01477, 2.98321, 1.02303, -117.926, 1.02745, 122.033
962, 16.02500, 45.0399, -83.9432, 45.1049, 153.768, 44.9088, 35.1061, 1.01467, 2.98071, 1.02292, -117.928, 1.02735, 122.031
962, 16.03333, 45.0039, -83.9445, 45.0685, 153.765, 44.8727, 35.1046, 1.01456, 2.97821, 1.02281, -117.93, 1.02726, 122.028
963, 16.04167, 44.9679, -83.9458, 45.032, 153.762, 44.8367, 35.1031, 1.01445, 2.97572, 1.02271, -117.931, 1.02717, 122.026
963, 16.05000, 44.932, -83.9471, 44.9956, 153.759, 44.8007, 35.1016, 1.01434, 2.97323, 1.0226, -117.933, 1.02708, 122.023
964, 16.05833, 44.8961, -83.9484, 44.9593, 153.756, 44.7647, 35.1001, 1.01424, 2.97075, 1.0225, -117.935, 1.02699, 122.021
964, 16.06667, 44.8602, -83.9497, 44.923, 153.753, 44.7288, 35.0986, 1.01413, 2.96827, 1.02239, -117.937, 1.0269, 122.018
965, 16.07500, 44.8244, -83.9509, 44.8867, 153.749, 44.6929, 35.0971, 1.01402, 2.96581, 1.02229, -117.939, 1.02681, 122.016
965, 16.08333, 44.7887, -83.9522, 44.8505, 153.746, 44.6571, 35.0956, 1.01392, 2.96334, 1.02218, -117.94, 1.02672, 122.013
966, 16.09167, 44.7529, -83.9534, 44.8143, 153.743, 44.6213, 35.0942, 1.01381, 2.96088, 1.02208, -117.942, 1.02663, 122.01
966, 16.10000, 44.7173, -83.9547, 44.7782, 153.74, 44.5855, 35.0927, 1.01371, 2.95843, 1.02197, -117.944, 1.02654, 122.008
966, 16.10833, 44.6816, -83.9559, 44.7421, 153.737, 44.5498, 35.0913, 1.0136, 2.95598, 1.02187, -117.946, 1.02645, 122.005
967, 16.11667, 44.646, -83.9571, 44.706, 153.734, 44.5141, 35.0898, 1.01349, 2.95354, 1.02176, -117.948, 1.02636, 122.003
968, 16.12500, 44.6105, -83.9584, 44.67, 153.731, 44.4785, 35.0884, 1.01339, 2.9511, 1.02166, -117.95, 1.02627, 122
968, 16.13333, 44.575, -83.9596, 44.6341, 153.728, 44.4429, 35.0869, 1.01328, 2.94867, 1.02155, -117.951, 1.02618, 121.998
969, 16.14167, 44.5395, -83.9608, 44.5981, 153.725, 44.4074, 35.0855, 1.01318, 2.94625, 1.02145, -117.953, 1.0261, 121.995
969, 16.15000, 44.504, -83.962, 44.5623, 153.722, 44.3719, 35.0841, 1.01307, 2.94383, 1.02135, -117.955, 1.02601, 121.993
970, 16.15833, 44.4687, -83.9632, 44.5264, 153.719, 44.3364, 35.0826, 1.01297, 2.94141, 1.02124, -117.957, 1.02592, 121.991
970, 16.16667, 44.4333, -83.9644, 44.4906, 153.716, 44.301, 35.0812, 1.01287, 2.93901, 1.02114, -117.958, 1.02583, 121.988
971, 16.17500, 44.398, -83.9655, 44.4549, 153.713, 44.2656, 35.0798, 1.01276, 2.9366, 1.02104, -117.96, 1.02574, 121.986
971, 16.18333, 44.3627, -83.9667, 44.4192, 153.71, 44.2302, 35.0784, 1.01266, 2.9342, 1.02093, -117.962, 1.02565, 121.983
972, 16.19167, 44.3275, -83.9679, 44.3835, 153.707, 44.1949, 35.077, 1.01255, 2.93181, 1.02083, -117.964, 1.02557, 121.981
972, 16.20000, 44.2923, -83.969, 44.3479, 153.703, 44.1596, 35.0756, 1.01245, 2.92943, 1.02073, -117.966, 1.02548, 121.978
973, 16.20833, 44.2572, -83.9702, 44.3123, 153.7, 44.1244, 35.0742, 1.01235, 2.92704, 1.02063, -117.967, 1.02539, 121.976
973, 16.21667, 44.2221, -83.9713, 44.2767, 153.697, 44.0892, 35.0729, 1.01224, 2.92467, 1.02052, -117.969, 1.0253, 121.973
974, 16.22500, 44.187, -83.9725, 44.2412, 153.694, 44.0541, 35.0715, 1.01214, 2.9223, 1.02042, -117.971, 1.02522, 121.971
974, 16.23333, 44.152, -83.9736, 44.2058, 153.691, 44.019, 35.0701, 1.01204, 2.91993, 1.02032, -117.973, 1.02513, 121.968
974, 16.24167, 44.117, -83.9747, 44.1703, 153.688, 43.9839, 35.0688, 1.01193, 2.91757, 1.02022, -117.974, 1.02504, 121.966
975, 16.25000, 44.0821, -83.9758, 44.135, 153.685, 43.9489, 35.0674, 1.01183, 2.91522, 1.02012, -117.976, 1.02495, 121.963
976, 16.25833, 44.0472, -83.9769, 44.0996, 153.682, 43.9139, 35.0661, 1.01173, 2.91287, 1.02002, -117.978, 1.02487, 121.961
976, 16.26667, 44.0123, -83.978, 44.0643, 153.679, 43.8789, 35.0647, 1.01162, 2.91053, 1.01991, -117.98, 1.02478, 121.959
977, 16.27500, 43.9775, -83.9791, 44.0291, 153.676, 43.844, 35.0634, 1.01152, 2.90819, 1.01981, -117.981, 1.02469, 121.956
977, 16.28333, 43.9427, -83.9802, 43.9939, 153.673, 43.8091, 35.062, 1.01142, 2.90585, 1.01971, -117.983, 1.02461, 121.954
978, 16.29167, 43.908, -83.9812, 43.9587, 153.67, 43.7743, 35.0607, 1.01132, 2.90353, 1.01961, -117.985, 1.02452, 121.951
978, 16.30000, 43.8733, -83.9823, 43.9236, 153.667, 43.7395, 35.0594, 1.01122, 2.9012, 1.01951, -117.987, 1.02444, 121.949
979, 16.30833, 43.8386, -83.9834, 43.8885, 153.664, 43.7047, 35.0581, 1.01111, 2.89889, 1.01941, -117.988, 1.02435, 121.947
979, 16.31667, 43.804, -83.9844, 43.8534, 153.661, 43.67, 35.0568, 1.01101, 2.89658, 1.01931, -117.99, 1.02426, 121.944
980, 16.32500, 43.7694, -83.9855, 43.8184, 153.658, 43.6353, 35.0555, 1.01091, 2.89427, 1.01921, -117.992, 1.02418, 121.942
980, 16.33333, 43.7349, -83.9865, 43.7834, 153.655, 43.6007, 35.0542, 1.01081, 2.89197, 1.01911, -117.994, 1.02409, 121.939
981, 16.34167, 43.7004, -83.9875, 43.7485, 153.652, 43.5661, 35.0529, 1.01071, 2.88967, 1.01901, -117.995, 1.02401, 121.937
981, 16.35000, 43.6659, -83.9886, 43.7136, 153.649, 43.5315, 35.0516, 1.01061, 2.88738, 1.01891, -117.997, 1.02392, 121.935
982, 16.35833, 43.6315, -83.9896, 43.6788, 153.646, 43.497, 35.0503, 1.01051, 2.8851, 1.01881, -117.999, 1.02384, 121.932
982, 16.36667, 43.5971, -83.9906, 43.6439, 153.643, 43.4625, 35.0491, 1.01041, 2.88282, 1.01871, -118, 1.02375, 121.93
982, 16.37500, 43.5628, -83.9916, 43.6092, 153.64, 43.428, 35.0478, 1.01031, 2.88054, 1.01861, -118.002, 1.02367, 121.927
983, 16.38333, 43.5285, -83.9926, 43.5744, 153.637, 43.3936, 35.0465, 1.01021, 2.87827, 1.01852, -118.004, 1.02358, 121.925
984, 16.39167, 43.4942, -83.9936, 43.5397, 153.634, 43.3592, 35.0453, 1.01011, 2.87601, 1.01842, -118.005, 1.0235, 121.923
984, 16.40000, 43.46, -83.9946, 43.5051, 153.631, 43.3249, 35.044, 1.01001, 2.87375, 1.01832, -118.007, 1.02342, 121.92
985, 16.40833, 43.4258, -83.9955, 43.4705, 153.628, 43.2906, 35.0428, 1.00991, 2.8715, 1.01822, -118.009, 1.02333, 121.918
985, 16.41667, 43.3917, -83.9965, 43.4359, 153.625, 43.2563, 35.0416, 1.00981, 2.86925, 1.01812, -118.011, 1.02325, 121.916
986, 16.42500, 43.3576, -83.9974, 43.4014, 153.622, 43.2221, 35.0403, 1.00971, 2.867, 1.01802, -118.012, 1.02316, 121.913
986, 16.43333, 43.3235, -83.9984, 43.3669, 153.619, 43.1879, 35.0391, 1.00961, 2.86477, 1.01793, -118.014, 1.02308, 121.911
987, 16.44167, 43.2895, -83.9993, 43.3324, 153.617, 43.1538, 35.0379, 1.00951, 2.86253, 1.01783, -118.016, 1.023, 121.908
987, 16.45000, 43.2555, -84.0003, 43.298, 153.614, 43.1197, 35.0367, 1.00941, 2.86031, 1.01773, -118.017, 1.02291, 121.906
988, 16.45833, 43.2215, -84.0012, 43.2636, 153.611, 43.0856, 35.0355, 1.00931, 2.85808, 1.01763, -118.019, 1.02283, 121.904
988, 16.46667, 43.1876, -84.0021, 43.2293, 153.608, 43.0515, 35.0343, 1.00921, 2.85587, 1.01754, -118.021, 1.02275, 121.901
989, 16.47500, 43.1537, -84.003, 43.195, 153.605, 43.0175, 35.0331, 1.00911, 2.85365, 1.01744, -118.022, 1.02266, 121.899
989, 16.48333, 43.1199, -84.004, 43.1608, 153.602, 42.9836, 35.0319, 1.00901, 2.85145, 1.01734, -118.024, 1.02258, 121.897
990, 16.49167, 43.0861, -84.0049, 43.1265, 153.599, 42.9496, 35.0307, 1.00892, 2.84924, 1.01725, -118.026, 1.0225, 121.894
990, 16.50000, 43.0523, -84.0058, 43.0924, 153.596, 42.9158, 35.0295, 1.00882, 2.84705, 1.01715, -118.027, 1.02242, 121.892
991, 16.50833, 43.0186, -84.0066, 43.0582, 153.593, 42.8819, 35.0283, 1.00872, 2.84485, 1.01705, -118.029, 1.02233, 121.89
991, 16.51667, 42.9849, -84.0075, 43.0241, 153.59, 42.8481, 35.0272, 1.00862, 2.84267, 1.01696, -118.031, 1.02225, 121.887
991, 16.52500, 42.9513, -84.0084, 42.99, 153.587, 42.8143, 35.026, 1.00852, 2.84048, 1.01686, -118.032, 1.02217, 121.885
992, 16.53333, 42.9177, -84.0093, 42.956, 153.584, 42.7806, 35.0249, 1.00843, 2.83831, 1.01676, -118.034, 1.02209, 121.883
993, 16.54167, 42.8841, -84.0101, 42.922, 153.581, 42.7469, 35.0237, 1.00833, 2.83614, 1.01667, -118.036, 1.02201, 121.88
993, 16.55000, 42.8506, -84.011, 42.8881, 153.578, 42.7132, 35.0226, 1.00823, 2.83397, 1.01657, -118.037, 1.02192, 121.878
994, 16.55833, 42.8171, -84.0118, 42.8542, 153.576, 42.6796, 35.0214, 1.00814, 2.83181, 1.01648, -118.039, 1.02184, 121.876
994, 16.56667, 42.7836, -84.0126, 42.8203, 153.573, 42.646, 35.0203, 1.00804, 2.82965, 1.01638, -118.04, 1.02176, 121.874
995, 16.57500, 42.7502, -84.0135, 42.7865, 153.57, 42.6124, 35.0192, 1.00794, 2.8275, 1.01629, -118.042, 1.02168, 121.871
995, 16.58333, 42.7168, -84.0143, 42.7527, 153.567, 42.5789, 35.0181, 1.00785, 2.82535, 1.01619, -118.044, 1.0216, 121.869
996, 16.59167, 42.6834, -84.0151, 42.7189, 153.564, 42.5454, 35.0169, 1.00775, 2.82321, 1.0161, -118.045, 1.02152, 121.867
996, 16.60000, 42.6501, -84.0159, 42.6852, 153.561, 42.5119, 35.0158, 1.00765, 2.82107, 1.016, -118.047, 1.02144, 121.864
997, 16.60833, 42.6169, -84.0167, 42.6515, 153.558, 42.4785, 35.0147, 1.00756, 2.81894, 1.01591, -118.049, 1.02136, 121.862
997, 16.61667, 42.5836, -84.0175, 42.6179, 153.555, 42.4451, 35.0136, 1.00746, 2.81682, 1.01581, -118.05, 1.02128, 121.86
998, 16.62500, 42.5504, -84.0183, 42.5842, 153.552, 42.4118, 35.0125, 1.00736, 2.81469, 1.01572, -118.052, 1.0212, 121.858
998, 16.63333, 42.5173, -84.0191, 42.5507, 153.549, 42.3785, 35.0114, 1.00727, 2.81258, 1.01563, -118.053, 1.02112, 121.855
999, 16.64167, 42.4841, -84.0199, 42.5171, 153.547, 42.3452, 35.0104, 1.00717, 2.81047, 1.01553, -118.055, 1.02104, 121.853
999, 16.65000, 42.4511, -84.0206, 42.4836, 153.544, 42.312, 35.0093, 1.00708, 2.80836, 1.01544, -118.057, 1.02096, 121.851
999, 16.65833, 42.418, -84.0214, 42.4502, 153.541, 42.2788, 35.0082, 1.00698, 2.80626, 1.01535, -118.058, 1.02088, 121.849
1000, 16.66667, 42.385, -84.0222, 42.4168, 153.538, 42.2456, 35.0072, 1.00689, 2.80416, 1.01525, -118.06, 1.0208, 121.846
1001, 16.67500, 42.352, -84.0229, 42.3834, 153.535, 42.2125, 35.0061, 1.00679, 2.80207, 1.01516, -118.061, 1.02072, 121.844
1001, 16.68333, 42.3191, -84.0236, 42.35, 153.532, 42.1794, 35.005, 1.0067, 2.79998, 1.01507, -118.063, 1.02064, 121.842
1002, 16.69167, 42.2862, -84.0244, 42.3167, 153.529, 42.1463, 35.004, 1.0066, 2.7979, 1.01497, -118.065, 1.02056, 121.84
1002, 16.70000, 42.2533, -84.0251, 42.2835, 153.526, 42.1133, 35.003, 1.00651, 2.79582, 1.01488, -118.066, 1.02048, 121.837
1003, 16.70833, 42.2205, -84.0258, 42.2502, 153.524, 42.0803, 35.0019, 1.00641, 2.79375, 1.01479, -118.068, 1.0204, 121.835
1003, 16.71667, 42.1877, -84.0265, 42.217, 153.521, 42.0474, 35.0009, 1.00632, 2.79168, 1.0147, -118.069, 1.02032, 121.833
1004, 16.72500, 42.1549, -84.0272, 42.1839, 153.518, 42.0145, 34.9999, 1.00623, 2.78962, 1.0146, -118.071, 1.02024, 121.831
1004, 16.73333, 42.1222, -84.0279, 42.1507, 153.515, 41.9816, 34.9989, 1.00613, 2.78756, 1.01451, -118.073, 1.02016, 121.828
1005, 16.74167, 42.0895, -84.0286, 42.1176, 153.512, 41.9487, 34.9978, 1.00604, 2.78551, 1.01442, -118.074, 1.02008, 121.826
1005, 16.75000, 42.0568, -84.0293, 42.0846, 153.509, 41.9159, 34.9968, 1.00594, 2.78346, 1.01433, -118.076, 1.02001, 121.824
1006, 16.75833, 42.0242, -84.03, 42.0516, 153.506, 41.8831, 34.9958, 1.00585, 2.78142, 1.01424, -118.077, 1.01993, 121.822
1006, 16.76667, 41.9916, -84.0307, 42.0186, 153.504, 41.8504, 34.9948, 1.00576, 2.77938, 1.01414, -118.079, 1.01985, 121.819
1007, 16.77500, 41.9591, -84.0313, 41.9857, 153.501, 41.8177, 34.9938, 1.00566, 2.77735, 1.01405, -118.08, 1.01977, 121.817
1007, 16.78333, 41.9266, -84.032, 41.9527, 153.498, 41.785, 34.9929, 1.00557, 2.77532, 1.01396, -118.082, 1.01969, 121.815
1007, 16.79167, 41.8941, -84.0326, 41.9199, 153.495, 41.7524, 34.9919, 1.00548, 2.77329, 1.01387, -118.084, 1.01962, 121.813
1008, 16.80000, 41.8617, -84.0333, 41.887, 153.492, 41.7198, 34.9909, 1.00538, 2.77127, 1.01378, -118.085, 1.01954, 121.811
1009, 16.80833, 41.8293, -84.0339, 41.8542, 153.489, 41.6872, 34.9899, 1.00529, 2.76926, 1.01369, -118.087, 1.01946, 121.808
1009, 16.81667, 41.7969, -84.0346, 41.8215, 153.487, 41.6547, 34.989, 1.0052, 2.76725, 1.0136, -118.088, 1.01938, 121.806
1010, 16.82500, 41.7646, -84.0352, 41.7887, 153.484, 41.6222, 34.988, 1.00511, 2.76524, 1.01351, -118.09, 1.01931, 121.804
1010, 16.83333, 41.7323, -84.0358, 41.7561, 153.481, 41.5897, 34.9871, 1.00502, 2.76324, 1.01342, -118.091, 1.01923, 121.802
1011, 16.84167, 41.7, -84.0364, 41.7234, 153.478, 41.5573, 34.9861, 1.00492, 2.76125, 1.01333, -118.093, 1.01915, 121.8
1011, 16.85000, 41.6678, -84.037, 41.6908, 153.475, 41.5249, 34.9852, 1.00483, 2.75926, 1.01324, -118.094, 1.01908, 121.797
1012, 16.85833, 41.6356, -84.0376, 41.6582, 153.472, 41.4925, 34.9842, 1.00474, 2.75727, 1.01315, -118.096, 1.019, 121.795
1012, 16.86667, 41.6034, -84.0382, 41.6256, 153.47, 41.4602, 34.9833, 1.00465, 2.75529, 1.01306, -118.097, 1.01892, 121.793
1013, 16.87500, 41.5713, -84.0388, 41.5931, 153.467, 41.4279, 34.9824, 1.00456, 2.75332, 1.01297, -118.099, 1.01885, 121.791
1013, 16.88333, 41.5392, -84.0394, 41.5607, 153.464, 41.3956, 34.9815, 1.00446, 2.75134, 1.01288, -118.1, 1.01877, 121.789
1014, 16.89167, 41.5072, -84.0399, 41.5282, 153.461, 41.3634, 34.9805, 1.00437, 2.74938, 1.01279, -118.102, 1.01869, 121.787
1014, 16.90000, 41.4752, -84.0405, 41.4958, 153.458, 41.3312, 34.9796, 1.00428, 2.74742, 1.0127, -118.104, 1.01862, 121.784
1015, 16.90833, 41.4432, -84.0411, 41.4634, 153.456, 41.299, 34.9787, 1.00419, 2.74546, 1.01261, -118.105, 1.01854, 121.782
1015, 16.91667, 41.4112, -84.0416, 41.4311, 153.453, 41.2669, 34.9778, 1.0041, 2.7435, 1.01252, -118.107, 1.01847, 121.78
1016, 16.92500, 41.3793, -84.0422, 41.3988, 153.45, 41.2348, 34.9769, 1.00401, 2.74156, 1.01243, -118.108, 1.01839, 121.778
1016, 16.93333, 41.3475, -84.0427, 41.3665, 153.447, 41.2027, 34.9761, 1.00392, 2.73961, 1.01234, -118.11, 1.01832, 121.776
1016, 16.94167, 41.3156, -84.0432, 41.3343, 153.444, 41.1707, 34.9752, 1.00383, 2.73767, 1.01226, -118.111, 1.01824, 121.774
1017, 16.95000, 41.2838, -84.0437, 41.3021, 153.442, 41.1387, 34.9743, 1.00374, 2.73574, 1.01217, -118.113, 1.01817, 121.771
1018, 16.95833, 41.252, -84.0443, 41.2699, 153.439, 41.1067, 34.9734, 1.00365, 2.73381, 1.01208, -118.114, 1.01809, 121.769
1018, 16.96667, 41.2203, -84.0448, 41.2378, 153.436, 41.0748, 34.9726, 1.00356, 2.73189, 1.01199, -118.116, 1.01802, 121.767
1019, 16.97500, 41.1886, -84.0453, 41.2057, 153.433, 41.0429, 34.9717, 1.00347, 2.72997, 1.0119, -118.117, 1.01794, 121.765
1019, 16.98333, 41.1569, -84.0458, 41.1737, 153.431, 41.0111, 34.9708, 1.00338, 2.72805, 1.01182, -118.119, 1.01787, 121.763
1020, 16.99167, 41.1253, -84.0463, 41.1416, 153.428, 40.9792, 34.97, 1.00329, 2.72614, 1.01173, -118.12, 1.01779, 121.761
1020, 17.00000, 41.0937, -84.0467, 41.1096, 153.425, 40.9474, 34.9692, 1.0032, 2.72423, 1.01164, -118.122, 1.01772, 121.759
1021, 17.00833, 41.0621, -84.0472, 41.0777, 153.422, 40.9157, 34.9683, 1.00311, 2.72233, 1.01155, -118.123, 1.01764, 121.756
1021, 17.01667, 41.0305, -84.0477, 41.0458, 153.419, 40.8839, 34.9675, 1.00302, 2.72043, 1.01147, -118.125, 1.01757, 121.754
1022, 17.02500, 40.999, -84.0482, 41.0139, 153.417, 40.8522, 34.9667, 1.00293, 2.71854, 1.01138, -118.126, 1.01749, 121.752
1022, 17.03333, 40.9676, -84.0486, 40.982, 153.414, 40.8206, 34.9658, 1.00284, 2.71666, 1.01129, -118.128, 1.01742, 121.75
1023, 17.04167, 40.9361, -84.0491, 40.9502, 153.411, 40.7889, 34.965, 1.00275, 2.71477, 1.01121, -118.129, 1.01735, 121.748
1023, 17.05000, 40.9047, -84.0495, 40.9184, 153.408, 40.7573, 34.9642, 1.00266, 2.71289, 1.01112, -118.13, 1.01727, 121.746
1024, 17.05833, 40.8734, -84.0499, 40.8867, 153.406, 40.7258, 34.9634, 1.00258, 2.71102, 1.01103, -118.132, 1.0172, 121.744
1024, 17.06667, 40.842, -84.0504, 40.855, 153.403, 40.6942, 34.9626, 1.00249, 2.70915, 1.01095, -118.133, 1.01713, 121.742
1025, 17.07500, 40.8107, -84.0508, 40.8233, 153.4, 40.6627, 34.9618, 1.0024, 2.70728, 1.01086, -118.135, 1.01705, 121.74
1025, 17.08333, 40.7795, -84.0512, 40.7916, 153.397, 40.6313, 34.961, 1.00231, 2.70542, 1.01077, -118.136, 1.01698, 121.737
1026, 17.09167, 40.7482, -84.0516, 40.76, 153.395, 40.5998, 34.9602, 1.00222, 2.70357, 1.01069, -118.138, 1.01691, 121.735
1026, 17.10000, 40.717, -84.052, 40.7284, 153.392, 40.5684, 34.9594, 1.00214, 2.70172, 1.0106, -118.139, 1.01683, 121.733
1027, 17.10833, 40.6858, -84.0524, 40.6969, 153.389, 40.537, 34.9587, 1.00205, 2.69987, 1.01052, -118.141, 1.01676, 121.731
1027, 17.11667, 40.6547, -84.0528, 40.6654, 153.386, 40.5057, 34.9579, 1.00196, 2.69803, 1.01043, -118.142, 1.01669, 121.729
1028, 17.12500, 40.6236, -84.0532, 40.6339, 153.384, 40.4744, 34.9571, 1.00187, 2.69619, 1.01035, -118.144, 1.01661, 121.727
1028, 17.13333, 40.5925, -84.0536, 40.6024, 153.381, 40.4431, 34.9564, 1.00178, 2.69436, 1.01026, -118.145, 1.01654, 121.725
1029, 17.14167, 40.5615, -84.054, 40.571, 153.378, 40.4119, 34.9556, 1.0017, 2.69253, 1.01017, -118.147, 1.01647, 121.723
1029, 17.15000, 40.5305, -84.0543, 40.5396, 153.375, 40.3807, 34.9549, 1.00161, 2.6907, 1.01009, -118.148, 1.0164, 121.721
1030, 17.15833, 40.4995, -84.0547, 40.5083, 153.373, 40.3495, 34.9541, 1.00152, 2.68888, 1.01001, -118.149, 1.01632, 121.719
1030, 17.16667, 40.4686, -84.055, 40.477, 153.37, 40.3183, 34.9534, 1.00144, 2.68707, 1.00992, -118.151, 1.01625, 121.717
1031, 17.17500, 40.4377, -84.0554, 40.4457, 153.367, 40.2872, 34.9527, 1.00135, 2.68526, 1.00984, -118.152, 1.01618, 121.715
1031, 17.18333, 40.4068, -84.0557, 40.4145, 153.365, 40.2561, 34.9519, 1.00126, 2.68345, 1.00975, -118.154, 1.01611, 121.712
1032, 17.19167, 40.3759, -84.0561, 40.3832, 153.362, 40.2251, 34.9512, 1.00118, 2.68165, 1.00967, -118.155, 1.01604, 121.71
1032, 17.20000, 40.3451, -84.0564, 40.3521, 153.359, 40.194, 34.9505, 1.00109, 2.67985, 1.00958, -118.157, 1.01597, 121.708
1033, 17.20833, 40.3144, -84.0567, 40.3209, 153.356, 40.163, 34.9498, 1.001, 2.67806, 1.0095, -118.158, 1.01589, 121.706
1033, 17.21667, 40.2836, -84.057, 40.2898, 153.354, 40.1321, 34.9491, 1.00092, 2.67627, 1.00942, -118.159, 1.01582, 121.704
1034, 17.22500, 40.2529, -84.0573, 40.2587, 153.351, 40.1011, 34.9484, 1.00083, 2.67449, 1.00933, -118.161, 1.01575, 121.702
1034, 17.23333, 40.2222, -84.0576, 40.2277, 153.348, 40.0702, 34.9477, 1.00075, 2.67271, 1.00925, -118.162, 1.01568, 121.7
1035, 17.24167, 40.1916, -84.0579, 40.1966, 153.346, 40.0394, 34.947, 1.00066, 2.67093, 1.00916, -118.164, 1.01561, 121.698
1035, 17.25000, 40.1609, -84.0582, 40.1656, 153.343, 40.0085, 34.9463, 1.00057, 2.66916, 1.00908, -118.165, 1.01554, 121.696
1036, 17.25833, 40.1304, -84.0585, 40.1347, 153.34, 39.9777, 34.9456, 1.00049, 2.6674, 1.009, -118.167, 1.01547, 121.694
1036, 17.26667, 40.0998, -84.0588, 40.1038, 153.337, 39.947, 34.945, 1.0004, 2.66563, 1.00891, -118.168, 1.0154, 121.692
1037, 17.27500, 40.0693, -84.059, 40.0729, 153.335, 39.9162, 34.9443, 1.00032, 2.66388, 1.00883, -118.169, 1.01533, 121.69
1037, 17.28333, 40.0388, -84.0593, 40.042, 153.332, 39.8855, 34.9436, 1.00023, 2.66212, 1.00875, -118.171, 1.01526, 121.688
1038, 17.29167, 40.0083, -84.0596, 40.0112, 153.329, 39.8548, 34.943, 1.00015, 2.66037, 1.00867, -118.172, 1.01519, 121.686
1038, 17.30000, 39.9779, -84.0598, 39.9804, 153.327, 39.8242, 34.9423, 1.00006, 2.65863, 1.00858, -118.174, 1.01512, 121.684
1039, 17.30833, 39.9475, -84.0601, 39.9496, 153.324, 39.7936, 34.9417, 0.999979, 2.65689, 1.0085, -118.175, 1.01505, 121.682
1039, 17.31667, 39.9172, -84.0603, 39.9189, 153.321, 39.763, 34.941, 0.999894, 2.65516, 1.00842, -118.176, 1.01498, 121.68
1040, 17.32500, 39.8868, -84.0605, 39.8882, 153.319, 39.7324, 34.9404, 0.99981, 2.65342, 1.00834, -118.178, 1.01491, 121.678
1040, 17.33333, 39.8565, -84.0607, 39.8576, 153.316, 39.7019, 34.9398, 0.999725, 2.6517, 1.00825, -118.179, 1.01484, 121.676
1041, 17.34167, 39.8263, -84.061, 39.8269, 153.313, 39.6714, 34.9391, 0.999641, 2.64997, 1.00817, -118.181, 1.01477, 121.674
1041, 17.35000, 39.796, -84.0612, 39.7963, 153.311, 39.6409, 34.9385, 0.999557, 2.64826, 1.00809, -118.182, 1.0147, 121.672
1042, 17.35833, 39.7658, -84.0614, 39.7657, 153.308, 39.6105, 34.9379, 0.999473, 2.64654, 1.00801, -118.183, 1.01463, 121.67
1042, 17.36667, 39.7356, -84.0616, 39.7352, 153.305, 39.5801, 34.9373, 0.999389, 2.64483, 1.00793, -118.185, 1.01456, 121.668
1043, 17.37500, 39.7055, -84.0618, 39.7047, 153.303, 39.5497, 34.9367, 0.999305, 2.64313, 1.00785, -118.186, 1.01449, 121.666
1043, 17.38333, 39.6754, -84.062, 39.6742, 153.3, 39.5193, 34.9361, 0.999222, 2.64143, 1.00776, -118.187, 1.01442, 121.664
1044, 17.39167, 39.6453, -84.0621, 39.6438, 153.297, 39.489, 34.9355, 0.999138, 2.63973, 1.00768, -118.189, 1.01435, 121.662
1044, 17.40000, 39.6153, -84.0623, 39.6134, 153.295, 39.4587, 34.9349, 0.999055, 2.63804, 1.0076, -118.19, 1.01428, 121.66
1045, 17.40833, 39.5852, -84.0625, 39.583, 153.292, 39.4285, 34.9343, 0.998971, 2.63635, 1.00752, -118.192, 1.01421, 121.658
1045, 17.41667, 39.5552, -84.0626, 39.5526, 153.289, 39.3983, 34.9337, 0.998888, 2.63467, 1.00744, -118.193, 1.01415, 121.656
1046, 17.42500, 39.5253, -84.0628, 39.5223, 153.287, 39.3681, 34.9331, 0.998805, 2.63299, 1.00736, -118.194, 1.01408, 121.654
1046, 17.43333, 39.4954, -84.0629, 39.492, 153.284, 39.3379, 34.9326, 0.998722, 2.63131, 1.00728, -118.196, 1.01401, 121.652
1047, 17.44167, 39.4655, -84.0631, 39.4618, 153.281, 39.3078, 34.932, 0.99864, 2.62964, 1.0072, -118.197, 1.01394, 121.65
1047, 17.45000, 39.4356, -84.0632, 39.4316, 153.279, 39.2776, 34.9314, 0.998557, 2.62798, 1.00712, -118.198, 1.01387, 121.648
1048, 17.45833, 39.4058, -84.0633, 39.4014, 153.276, 39.2476, 34.9309, 0.998474, 2.62631, 1.00704, -118.2, 1.01381, 121.646
1048, 17.46667, 39.376, -84.0635, 39.3712, 153.273, 39.2175, 34.9303, 0.998392, 2.62466, 1.00696, -118.201, 1.01374, 121.644
1049, 17.47500, 39.3462, -84.0636, 39.3411, 153.271, 39.1875, 34.9298, 0.99831, 2.623, 1.00688, -118.202, 1.01367, 121.642
1049, 17.48333, 39.3164, -84.0637, 39.311, 153.268, 39.1575, 34.9292, 0.998227, 2.62135, 1.0068, -118.204, 1.0136, 121.64
1050, 17.49167, 39.2867, -84.0638, 39.2809, 153.265, 39.1276, 34.9287, 0.998145, 2.61971, 1.00672, -118.205, 1.01353, 121.638
1050, 17.50000, 39.257, -84.0639, 39.2509, 153.263, 39.0976, 34.9282, 0.998063, 2.61807, 1.00664, -118.206, 1.01347, 121.636
1051, 17.50833, 39.2274, -84.064, 39.2208, 153.26, 39.0677, 34.9277, 0.997982, 2.61643, 1.00656, -118.208, 1.0134, 121.634
1051, 17.51667, 39.1978, -84.0641, 39.1909, 153.257, 39.0379, 34.9271, 0.9979, 2.6148, 1.00648, -118.209, 1.01333, 121.632
1052, 17.52500, 39.1682, -84.0641, 39.1609, 153.255, 39.008, 34.9266, 0.997818, 2.61317, 1.0064, -118.211, 1.01327, 121.63
1052, 17.53333, 39.1386, -84.0642, 39.131, 153.252, 38.9782, 34.9261, 0.997737, 2.61155, 1.00632, -118.212, 1.0132, 121.628
1053, 17.54167, 39.1091, -84.0643, 39.1011, 153.25, 38.9484, 34.9256, 0.997656, 2.60993, 1.00624, -118.213, 1.01313, 121.626
1053, 17.55000, 39.0796, -84.0643, 39.0713, 153.247, 38.9187, 34.9251, 0.997574, 2.60831, 1.00616, -118.215, 1.01306, 121.624
1054, 17.55833, 39.0501, -84.0644, 39.0414, 153.244, 38.8889, 34.9246, 0.997493, 2.6067, 1.00609, -118.216, 1.013, 121.622
1054, 17.56667, 39.0207, -84.0644, 39.0116, 153.242, 38.8592, 34.9241, 0.997412, 2.60509, 1.00601, -118.217, 1.01293, 121.621
1055, 17.57500, 38.9912, -84.0645, 38.9819, 153.239, 38.8296, 34.9236, 0.997331, 2.60349, 1.00593, -118.218, 1.01287, 121.619
1055, 17.58333, 38.9619, -84.0645, 38.9521, 153.236, 38.7999, 34.9231, 0.99725, 2.60189, 1.00585, -118.22, 1.0128, 121.617
1056, 17.59167, 38.9325, -84.0646, 38.9224, 153.234, 38.7703, 34.9227, 0.99717, 2.6003, 1.00577, -118.221, 1.01273, 121.615
1056, 17.60000, 38.9032, -84.0646, 38.8927, 153.231, 38.7408, 34.9222, 0.997089, 2.59871, 1.00569, -118.222, 1.01267, 121.613
1057, 17.60833, 38.8739, -84.0646, 38.8631, 153.229, 38.7112, 34.9217, 0.997009, 2.59712, 1.00562, -118.224, 1.0126, 121.611
1057, 17.61667, 38.8446, -84.0646, 38.8335, 153.226, 38.6817, 34.9213, 0.996929, 2.59554, 1.00554, -118.225, 1.01253, 121.609
1058, 17.62500, 38.8154, -84.0646, 38.8039, 153.223, 38.6522, 34.9208, 0.996848, 2.59396, 1.00546, -118.226, 1.01247, 121.607
1058, 17.63333, 38.7862, -84.0646, 38.7743, 153.221, 38.6227, 34.9204, 0.996768, 2.59239, 1.00538, -118.228, 1.0124, 121.605
1059, 17.64167, 38.757, -84.0646, 38.7448, 153.218, 38.5933, 34.9199, 0.996688, 2.59082, 1.0053, -118.229, 1.01234, 121.603
1059, 17.65000, 38.7279, -84.0646, 38.7153, 153.216, 38.5639, 34.9195, 0.996609, 2.58925, 1.00523, -118.23, 1.01227, 121.601
1060, 17.65833, 38.6987, -84.0646, 38.6859, 153.213, 38.5345, 34.9191, 0.996529, 2.58769, 1.00515, -118.232, 1.01221, 121.599
1060, 17.66667, 38.6697, -84.0645, 38.6564, 153.21, 38.5051, 34.9186, 0.996449, 2.58614, 1.00507, -118.233, 1.01214, 121.597
1061, 17.67500, 38.6406, -84.0645, 38.627, 153.208, 38.4758, 34.9182, 0.99637, 2.58458, 1.005, -118.234, 1.01208, 121.596
1061, 17.68333, 38.6116, -84.0645, 38.5976, 153.205, 38.4465, 34.9178, 0.99629, 2.58304, 1.00492, -118.236, 1.01201, 121.594
1062, 17.69167, 38.5826, -84.0644, 38.5683, 153.203, 38.4173, 34.9174, 0.996211, 2.58149, 1.00484, -118.237, 1.01195, 121.592
1062, 17.70000, 38.5536, -84.0644, 38.539, 153.2, 38.388, 34.917, 0.996132, 2.57995, 1.00477, -118.238, 1.01188, 121.59
1063, 17.70833, 38.5247, -84.0643, 38.5097, 153.197, 38.3588, 34.9166, 0.996053, 2.57841, 1.00469, -118.239, 1.01182, 121.588
1063, 17.71667, 38.4957, -84.0642, 38.4804, 153.195, 38.3296, 34.9162, 0.995974, 2.57688, 1.00461, -118.241, 1.01175, 121.586
1063, 17.72500, 38.4669, -84.0642, 38.4512, 153.192, 38.3005, 34.9158, 0.995895, 2.57535, 1.00454, -118.242, 1.01169, 121.584
1064, 17.73333, 38.438, -84.0641, 38.422, 153.19, 38.2713, 34.9154, 0.995816, 2.57383, 1.00446, -118.243, 1.01162, 121.582
1065, 17.74167, 38.4092, -84.064, 38.3928, 153.187, 38.2422, 34.915, 0.995738, 2.57231, 1.00438, -118.245, 1.01156, 121.58
1065, 17.75000, 38.3804, -84.0639, 38.3637, 153.184, 38.2132, 34.9146, 0.995659, 2.57079, 1.00431, -118.246, 1.01149, 121.579
1065, 17.75833, 38.3516, -84.0638, 38.3345, 153.182, 38.1841, 34.9142, 0.995581, 2.56928, 1.00423, -118.247, 1.01143, 121.577
1066, 17.76667, 38.3229, -84.0637, 38.3055, 153.179, 38.1551, 34.9139, 0.995503, 2.56778, 1.00416, -118.248, 1.01137, 121.575
1067, 17.77500, 38.2941, -84.0636, 38.2764, 153.177, 38.1261, 34.9135, 0.995424, 2.56627, 1.00408, -118.25, 1.0113, 121.573
1067, 17.78333, 38.2655, -84.0635, 38.2474, 153.174, 38.0972, 34.9131, 0.995346, 2.56477, 1.004, -118.251, 1.01124, 121.571
1067, 17.79167, 38.2368, -84.0634, 38.2184, 153.171, 38.0682, 34.9128, 0.995268, 2.56328, 1.00393, -118.252, 1.01118, 121.569
1068, 17.80000, 38.2082, -84.0633, 38.1894, 153.169, 38.0393, 34.9124, 0.995191, 2.56179, 1.00385, -118.253, 1.01111, 121.567
1069, 17.80833, 38.1796, -84.0631, 38.1605, 153.166, 38.0105, 34.9121, 0.995113, 2.5603, 1.00378, -118.255, 1.01105, 121.565
1069, 17.81667, 38.151, -84.063, 38.1315, 153.164, 37.9816, 34.9118, 0.995035, 2.55882, 1.0037, -118.256, 1.01099, 121.564
1069, 17.82500, 38.1225, -84.0629, 38.1027, 153.161, 37.9528, 34.9114, 0.994958, 2.55734, 1.00363, -118.257, 1.01092, 121.562
1070, 17.83333, 38.0939, -84.0627, 38.0738, 153.159, 37.924, 34.9111, 0.99488, 2.55586, 1.00355, -118.258, 1.01086, 121.56
1071, 17.84167, 38.0655, -84.0626, 38.045, 153.156, 37.8952, 34.9108, 0.994803, 2.55439, 1.00348, -118.26, 1.0108, 121.558
1071, 17.85000, 38.037, -84.0624, 38.0162, 153.153, 37.8665, 34.9104, 0.994726, 2.55292, 1.0034, -118.261, 1.01073, 121.556
1071, 17.85833, 38.0086, -84.0622, 37.9874, 153.151, 37.8378, 34.9101, 0.994649, 2.55146, 1.00333, -118.262, 1.01067, 121.554
1072, 17.86667, 37.9802, -84.062, 37.9587, 153.148, 37.8091, 34.9098, 0.994572, 2.55, 1.00326, -118.263, 1.01061, 121.552
1073, 17.87500, 37.9518, -84.0619, 37.9299, 153.146, 37.7804, 34.9095, 0.994495, 2.54855, 1.00318, -118.265, 1.01054, 121.551
1073, 17.88333, 37.9234, -84.0617, 37.9013, 153.143, 37.7518, 34.9092, 0.994419, 2.5471, 1.00311, -118.266, 1.01048, 121.549
1073, 17.89167, 37.8951, -84.0615, 37.8726, 153.141, 37.7232, 34.9089, 0.994342, 2.54565, 1.00303, -118.267, 1.01042, 121.547
1074, 17.90000, 37.8668, -84.0613, 37.844, 153.138, 37.6946, 34.9086, 0.994265, 2.54421, 1.00296, -118.268, 1.01036, 121.545
1075, 17.90833, 37.8386, -84.0611, 37.8154, 153.136, 37.6661, 34.9083, 0.994189, 2.54277, 1.00289, -118.27, 1.01029, 121.543
1075, 17.91667, 37.8103, -84.0609, 37.7868, 153.133, 37.6375, 34.9081, 0.994113, 2.54133, 1.00281, -118.271, 1.01023, 121.541
1075, 17.92500, 37.7821, -84.0607, 37.7582, 153.13, 37.609, 34.9078, 0.994037, 2.5399, 1.00274, -118.272, 1.01017, 121.54
1076, 17.93333, 37.7539, -84.0604, 37.7297, 153.128, 37.5806, 34.9075, 0.99396, 2.53848, 1.00266, -118.273, 1.01011, 121.538
1077, 17.94167, 37.7258, -84.0602, 37.7012, 153.125, 37.5521, 34.9073, 0.993885, 2.53705, 1.00259, -118.275, 1.01005, 121.536
1077, 17.95000, 37.6977, -84.06, 37.6728, 153.123, 37.5237, 34.907, 0.993809, 2.53563, 1.00252, -118.276, 1.00998, 121.534
1077, 17.95833, 37.6696, -84.0597, 37.6443, 153.12, 37.4953, 34.9067, 0.993733, 2.53422, 1.00244, -118.277, 1.00992, 121.532
1078, 17.96667, 37.6415, -84.0595, 37.6159, 153.118, 37.467, 34.9065, 0.993657, 2.53281, 1.00237, -118.278, 1.00986, 121.53
1079, 17.97500, 37.6135, -84.0592, 37.5876, 153.115, 37.4386, 34.9062, 0.993582, 2.5314, 1.0023, -118.28, 1.0098, 121.529
1079, 17.98333, 37.5854, -84.059, 37.5592, 153.113, 37.4103, 34.906, 0.993506, 2.53, 1.00223, -118.281, 1.00974, 121.527
1079, 17.99167, 37.5574, -84.0587, 37.5309, 153.11, 37.382, 34.9058, 0.993431, 2.5286, 1.00215, -118.282, 1.00968, 121.525
1080, 18.00000, 37.5295, -84.0584, 37.5026, 153.108, 37.3538, 34.9055, 0.993356, 2.52721, 1.00208, -118.283, 1.00962, 121.523
1081, 18.00833, 37.5016, -84.0582, 37.4743, 153.105, 37.3255, 34.9053, 0.993281, 2.52581, 1.00201, -118.284, 1.00956, 121.521
1081, 18.01667, 37.4736, -84.0579, 37.4461, 153.103, 37.2973, 34.9051, 0.993206, 2.52443, 1.00194, -118.286, 1.00949, 121.52
1081, 18.02500, 37.4458, -84.0576, 37.4179, 153.1, 37.2692, 34.9049, 0.993131, 2.52304, 1.00186, -118.287, 1.00943, 121.518
1082, 18.03333, 37.4179, -84.0573, 37.3897, 153.097, 37.241, 34.9047, 0.993056, 2.52167, 1.00179, -118.288, 1.00937, 121.516
1083, 18.04167, 37.3901, -84.057, 37.3615, 153.095, 37.2129, 34.9044, 0.992981, 2.52029, 1.00172, -118.289, 1.00931, 121.514
1083, 18.05000, 37.3623, -84.0567, 37.3334, 153.092, 37.1848, 34.9042, 0.992907, 2.51892, 1.00165, -118.29, 1.00925, 121.512
1083, 18.05833, 37.3345, -84.0564, 37.3053, 153.09, 37.1567, 34.904, 0.992832, 2.51755, 1.00157, -118.292, 1.00919, 121.511
1084, 18.06667, 37.3068, -84.0561, 37.2772, 153.087, 37.1287, 34.9039, 0.992758, 2.51619, 1.0015, -118.293, 1.00913, 121.509
1085, 18.07500, 37.279, -84.0557, 37.2491, 153.085, 37.1006, 34.9037, 0.992683, 2.51483, 1.00143, -118.294, 1.00907, 121.507
1085, 18.08333, 37.2514, -84.0554, 37.2211, 153.082, 37.0727, 34.9035, 0.992609, 2.51347, 1.00136, -118.295, 1.00901, 121.505
1085, 18.09167, 37.2237, -84.0551, 37.1931, 153.08, 37.0447, 34.9033, 0.992535, 2.51212, 1.00129, -118.296, 1.00895, 121.503
1086, 18.10000, 37.1961, -84.0547, 37.1651, 153.077, 37.0167, 34.9031, 0.992461, 2.51077, 1.00122, -118.298, 1.00889, 121.502
1087, 18.10833, 37.1684, -84.0544, 37.1372, 153.075, 36.9888, 34.903, 0.992387, 2.50943, 1.00115, -118.299, 1.00883, 121.5
1087, 18.11667, 37.1409, -84.054, 37.1093, 153.072, 36.9609, 34.9028, 0.992314, 2.50809, 1.00107, -118.3, 1.00877, 121.498
1087, 18.12500, 37.1133, -84.0537, 37.0814, 153.07, 36.9331, 34.9026, 0.99224, 2.50676, 1.001, -118.301, 1.00871, 121.496
1088, 18.13333, 37.0858, -84.0533, 37.0535, 153.067, 36.9052, 34.9025, 0.992166, 2.50542, 1.00093, -118.302, 1.00865, 121.495
1089, 18.14167, 37.0583, -84.0529, 37.0257, 153.065, 36.8774, 34.9023, 0.992093, 2.5041, 1.00086, -118.304, 1.00859, 121.493
1089, 18.15000, 37.0308, -84.0526, 36.9979, 153.062, 36.8496, 34.9022, 0.99202, 2.50277, 1.00079, -118.305, 1.00853, 121.491
1089, 18.15833, 37.0033, -84.0522, 36.9701, 153.06, 36.8219, 34.9021, 0.991946, 2.50145, 1.00072, -118.306, 1.00847, 121.489
1090, 18.16667, 36.9759, -84.0518, 36.9423, 153.057, 36.7941, 34.9019, 0.991873, 2.50013, 1.00065, -118.307, 1.00841, 121.487
1091, 18.17500, 36.9485, -84.0514, 36.9146, 153.055, 36.7664, 34.9018, 0.9918, 2.49882, 1.00058, -118.308, 1.00835, 121.486
1091, 18.18333, 36.9211, -84.051, 36.8869, 153.052, 36.7387, 34.9017, 0.991727, 2.49751, 1.00051, -118.309, 1.0083, 121.484
1091, 18.19167, 36.8938, -84.0506, 36.8592, 153.05, 36.711, 34.9016, 0.991654, 2.49621, 1.00044, -118.311, 1.00824, 121.482
1092, 18.20000, 36.8664, -84.0502, 36.8316, 153.047, 36.6834, 34.9014, 0.991582, 2.49491, 1.00037, -118.312, 1.00818, 121.48
1093, 18.20833, 36.8391, -84.0497, 36.804, 153.045, 36.6558, 34.9013, 0.991509, 2.49361, 1.0003, -118.313, 1.00812, 121.479
1093, 18.21667, 36.8119, -84.0493, 36.7764, 153.042, 36.6282, 34.9012, 0.991436, 2.49232, 1.00023, -118.314, 1.00806, 121.477
1093, 18.22500, 36.7846, -84.0489, 36.7488, 153.04, 36.6007, 34.9011, 0.991364, 2.49103, 1.00016, -118.315, 1.008, 121.475
1094, 18.23333, 36.7574, -84.0484, 36.7212, 153.037, 36.5731, 34.901, 0.991292, 2.48974, 1.00009, -118.316, 1.00794, 121.473
1095, 18.24167, 36.7302, -84.048, 36.6937, 153.035, 36.5456, 34.9009, 0.991219, 2.48846, 1.00002, -118.318, 1.00788, 121.472
1095, 18.25000, 36.703, -84.0475, 36.6662, 153.032, 36.5181, 34.9008, 0.991147, 2.48718, 0.99995, -118.319, 1.00783, 121.47
1095, 18.25833, 36.6759, -84.0471, 36.6388, 153.03, 36.4907, 34.9008, 0.991075, 2.48591, 0.99988, -118.32, 1.00777, 121.468
1096, 18.26667, 36.6488, -84.0466, 36.6113, 153.027, 36.4632, 34.9007, 0.991003, 2.48464, 0.999811, -118.321, 1.00771, 121.466
1097, 18.27500, 36.6217, -84.0462, 36.5839, 153.025, 36.4358, 34.9006, 0.990931, 2.48337, 0.999742, -118.322, 1.00765, 121.465
1097, 18.28333, 36.5946, -84.0457, 36.5565, 153.022, 36.4084, 34.9006, 0.99086, 2.48211, 0.999673, -118.323, 1.00759, 121.463
1098, 18.29167, 36.5676, -84.0452, 36.5292, 153.02, 36.3811, 34.9005, 0.990788, 2.48085, 0.999604, -118.324, 1.00754, 121.461
1098, 18.30000, 36.5406, -84.0447, 36.5018, 153.017, 36.3537, 34.9004, 0.990717, 2.4796, 0.999535, -118.326, 1.00748, 121.46
1099, 18.30833, 36.5136, -84.0442, 36.4745, 153.015, 36.3264, 34.9004, 0.990645, 2.47835, 0.999466, -118.327, 1.00742, 121.458
1099, 18.31667, 36.4866, -84.0437, 36.4472, 153.012, 36.2991, 34.9003, 0.990574, 2.4771, 0.999397, -118.328, 1.00736, 121.456
1100, 18.32500, 36.4597, -84.0432, 36.42, 153.01, 36.2719, 34.9003, 0.990503, 2.47586, 0.999329, -118.329, 1.00731, 121.454
1100, 18.33333, 36.4328, -84.0427, 36.3927, 153.007, 36.2446, 34.9003, 0.990431, 2.47462, 0.99926, -118.33, 1.00725, 121.453
1101, 18.34167, 36.4059, -84.0422, 36.3655, 153.005, 36.2174, 34.9002, 0.99036, 2.47338, 0.999192, -118.331, 1.00719, 121.451
1101, 18.35000, 36.379, -84.0417, 36.3383, 153.002, 36.1902, 34.9002, 0.990289, 2.47215, 0.999123, -118.332, 1.00713, 121.449
1102, 18.35833, 36.3522, -84.0412, 36.3112, 153, 36.1631, 34.9002, 0.990219, 2.47092, 0.999055, -118.334, 1.00708, 121.447
1102, 18.36667, 36.3254, -84.0406, 36.284, 152.997, 36.1359, 34.9001, 0.990148, 2.4697, 0.998987, -118.335, 1.00702, 121.446
1103, 18.37500, 36.2986, -84.0401, 36.2569, 152.995, 36.1088, 34.9001, 0.990077, 2.46848, 0.998919, -118.336, 1.00696, 121.444
1103, 18.38333, 36.2718, -84.0395, 36.2299, 152.993, 36.0817, 34.9001, 0.990007, 2.46726, 0.998851, -118.337, 1.00691, 121.442
1104, 18.39167, 36.2451, -84.039, 36.2028, 152.99, 36.0547, 34.9001, 0.989936, 2.46605, 0.998783, -118.338, 1.00685, 121.441
1104, 18.40000, 36.2184, -84.0384, 36.1758, 152.988, 36.0276, 34.9001, 0.989866, 2.46484, 0.998716, -118.339, 1.00679, 121.439
1105, 18.40833, 36.1917, -84.0379, 36.1488, 152.985, 36.0006, 34.9001, 0.989796, 2.46363, 0.998648, -118.34, 1.00674, 121.437
1105, 18.41667, 36.165, -84.0373, 36.1218, 152.983, 35.9736, 34.9001, 0.989725, 2.46243, 0.99858, -118.341, 1.00668, 121.436
1106, 18.42500, 36.1384, -84.0367, 36.0948, 152.98, 35.9466, 34.9002, 0.989655, 2.46124, 0.998513, -118.343, 1.00662, 121.434
1106, 18.43333, 36.1118, -84.0361, 36.0679, 152.978, 35.9197, 34.9002, 0.989585, 2.46004, 0.998446, -118.344, 1.00657, 121.432
1107, 18.44167, 36.0852, -84.0356, 36.041, 152.975, 35.8928, 34.9002, 0.989515, 2.45885, 0.998378, -118.345, 1.00651, 121.43
1107, 18.45000, 36.0587, -84.035, 36.0141, 152.973, 35.8659, 34.9002, 0.989446, 2.45767, 0.998311, -118.346, 1.00645, 121.429
1108, 18.45833, 36.0321, -84.0344, 35.9872, 152.97, 35.839, 34.9003, 0.989376, 2.45648, 0.998244, -118.347, 1.0064, 121.427
1108, 18.46667, 36.0056, -84.0338, 35.9604, 152.968, 35.8122, 34.9003, 0.989306, 2.4553, 0.998177, -118.348, 1.00634, 121.425
1109, 18.47500, 35.9791, -84.0332, 35.9336, 152.965, 35.7853, 34.9003, 0.989237, 2.45413, 0.99811, -118.349, 1.00629, 121.424
1109, 18.48333, 35.9527, -84.0325, 35.9068, 152.963, 35.7585, 34.9004, 0.989167, 2.45296, 0.998044, -118.35, 1.00623, 121.422
1110, 18.49167, 35.9262, -84.0319, 35.8801, 152.961, 35.7317, 34.9004, 0.989098, 2.45179, 0.997977, -118.351, 1.00618, 121.42
1110, 18.50000, 35.8998, -84.0313, 35.8533, 152.958, 35.705, 34.9005, 0.989029, 2.45063, 0.99791, -118.353, 1.00612, 121.419
1111, 18.50833, 35.8734, -84.0307, 35.8266, 152.956, 35.6783, 34.9006, 0.98896, 2.44947, 0.997844, -118.354, 1.00606, 121.417
1111, 18.51667, 35.847, -84.03, 35.7999, 152.953, 35.6516, 34.9006, 0.988891, 2.44831, 0.997777, -118.355, 1.00601, 121.415
1112, 18.52500, 35.8207, -84.0294, 35.7733, 152.951, 35.6249, 34.9007, 0.988822, 2.44716, 0.997711, -118.356, 1.00595, 121.414
1112, 18.53333, 35.7944, -84.0287, 35.7467, 152.948, 35.5982, 34.9008, 0.988753, 2.44601, 0.997645, -118.357, 1.0059, 121.412
1113, 18.54167, 35.7681, -84.0281, 35.7201, 152.946, 35.5716, 34.9009, 0.988684, 2.44487, 0.997579, -118.358, 1.00584, 121.41
1113, 18.55000, 35.7418, -84.0274, 35.6935, 152.943, 35.545, 34.9009, 0.988616, 2.44373, 0.997513, -118.359, 1.00579, 121.409
1114, 18.55833, 35.7156, -84.0268, 35.6669, 152.941, 35.5184, 34.901, 0.988547, 2.44259, 0.997447, -118.36, 1.00573, 121.407
1114, 18.56667, 35.6894, -84.0261, 35.6404, 152.939, 35.4918, 34.9011, 0.988479, 2.44145, 0.997381, -118.361, 1.00568, 121.405
1115, 18.57500, 35.6632, -84.0254, 35.6139, 152.936, 35.4653, 34.9012, 0.98841, 2.44032, 0.997315, -118.362, 1.00562, 121.404
1115, 18.58333, 35.637, -84.0247, 35.5874, 152.934, 35.4388, 34.9013, 0.988342, 2.4392, 0.99725, -118.363, 1.00557, 121.402
1116, 18.59167, 35.6109, -84.024, 35.5609, 152.931, 35.4123, 34.9014, 0.988274, 2.43808, 0.997184, -118.365, 1.00551, 121.4
1116, 18.60000, 35.5847, -84.0233, 35.5345, 152.929, 35.3858, 34.9016, 0.988206, 2.43696, 0.997119, -118.366, 1.00546, 121.399
1117, 18.60833, 35.5586, -84.0226, 35.5081, 152.926, 35.3593, 34.9017, 0.988138, 2.43584, 0.997053, -118.367, 1.0054, 121.397
1117, 18.61667, 35.5326, -84.0219, 35.4817, 152.924, 35.3329, 34.9018, 0.98807, 2.43473, 0.996988, -118.368, 1.00535, 121.395
1118, 18.62500, 35.5065, -84.0212, 35.4553, 152.922, 35.3065, 34.9019, 0.988002, 2.43362, 0.996923, -118.369, 1.0053, 121.394
1118, 18.63333, 35.4805, -84.0205, 35.429, 152.919, 35.2801, 34.9021, 0.987934, 2.43252, 0.996858, -118.37, 1.00524, 121.392
1119, 18.64167, 35.4545, -84.0198, 35.4027, 152.917, 35.2538, 34.9022, 0.987867, 2.43142, 0.996793, -118.371, 1.00519, 121.39
1119, 18.65000, 35.4285, -84.019, 35.3764, 152.914, 35.2275, 34.9023, 0.987799, 2.43032, 0.996728, -118.372, 1.00513, 121.389
1120, 18.65833, 35.4025, -84.0183, 35.3501, 152.912, 35.2011, 34.9025, 0.987732, 2.42923, 0.996663, -118.373, 1.00508, 121.387
1120, 18.66667, 35.3766, -84.0175, 35.3238, 152.909, 35.1749, 34.9026, 0.987665, 2.42814, 0.996598, -118.374, 1.00503, 121.385
1121, 18.67500, 35.3507, -84.0168, 35.2976, 152.907, 35.1486, 34.9028, 0.987597, 2.42706, 0.996534, -118.375, 1.00497, 121.384
1121, 18.68333, 35.3248, -84.016, 35.2714, 152.905, 35.1224, 34.903, 0.98753, 2.42598, 0.996469, -118.376, 1.00492, 121.382
1122, 18.69167, 35.299, -84.0153, 35.2453, 152.902, 35.0961, 34.9031, 0.987463, 2.4249, 0.996405, -118.377, 1.00486, 121.38
1122, 18.70000, 35.2731, -84.0145, 35.2191, 152.9, 35.0699, 34.9033, 0.987396, 2.42382, 0.99634, -118.378, 1.00481, 121.379
1123, 18.70833, 35.2473, -84.0137, 35.193, 152.897, 35.0438, 34.9035, 0.987329, 2.42275, 0.996276, -118.38, 1.00476, 121.377
1123, 18.71667, 35.2215, -84.013, 35.1669, 152.895, 35.0176, 34.9037, 0.987262, 2.42169, 0.996212, -118.381, 1.0047, 121.376
1124, 18.72500, 35.1957, -84.0122, 35.1408, 152.892, 34.9915, 34.9038, 0.987196, 2.42062, 0.996148, -118.382, 1.00465, 121.374
1124, 18.73333, 35.17, -84.0114, 35.1147, 152.89, 34.9654, 34.904, 0.987129, 2.41956, 0.996084, -118.383, 1.0046, 121.372
1125, 18.74167, 35.1443, -84.0106, 35.0887, 152.888, 34.9393, 34.9042, 0.987063, 2.41851, 0.99602, -118.384, 1.00454, 121.371
1125, 18.75000, 35.1186, -84.0098, 35.0627, 152.885, 34.9132, 34.9044, 0.986996, 2.41746, 0.995956, -118.385, 1.00449, 121.369
1126, 18.75833, 35.0929, -84.009, 35.0367, 152.883, 34.8872, 34.9046, 0.98693, 2.41641, 0.995892, -118.386, 1.00444, 121.367
1126, 18.76667, 35.0673, -84.0082, 35.0108, 152.88, 34.8612, 34.9048, 0.986864, 2.41536, 0.995829, -118.387, 1.00439, 121.366
1127, 18.77500, 35.0416, -84.0073, 34.9848, 152.878, 34.8352, 34.9051, 0.986797, 2.41432, 0.995765, -118.388, 1.00433, 121.364
1127, 18.78333, 35.016, -84.0065, 34.9589, 152.875, 34.8092, 34.9053, 0.986731, 2.41329, 0.995702, -118.389, 1.00428, 121.363
1128, 18.79167, 34.9904, -84.0057, 34.933, 152.873, 34.7833, 34.9055, 0.986665, 2.41225, 0.995638, -118.39, 1.00423, 121.361
1128, 18.80000, 34.9649, -84.0049, 34.9071, 152.871, 34.7574, 34.9057, 0.9866, 2.41122, 0.995575, -118.391, 1.00418, 121.359
1129, 18.80833, 34.9393, -84.004, 34.8813, 152.868, 34.7315, 34.906, 0.986534, 2.4102, 0.995512, -118.392, 1.00412, 121.358
1129, 18.81667, 34.9138, -84.0032, 34.8555, 152.866, 34.7056, 34.9062, 0.986468, 2.40917, 0.995449, -118.393, 1.00407, 121.356
1130, 18.82500, 34.8883, -84.0023, 34.8297, 152.863, 34.6797, 34.9064, 0.986402, 2.40815, 0.995386, -118.394, 1.00402, 121.355
1130, 18.83333, 34.8629, -84.0015, 34.8039, 152.861, 34.6539, 34.9067, 0.986337, 2.40714, 0.995323, -118.395, 1.00397, 121.353
1131, 18.84167, 34.8374, -84.0006, 34.7782, 152.859, 34.6281, 34.9069, 0.986271, 2.40613, 0.99526, -118.396, 1.00391, 121.351
1131, 18.85000, 34.812, -83.9997, 34.7524, 152.856, 34.6023, 34.9072, 0.986206, 2.40512, 0.995197, -118.397, 1.00386, 121.35
1132, 18.85833, 34.7866, -83.9988, 34.7267, 152.854, 34.5765, 34.9075, 0.986141, 2.40411, 0.995134, -118.398, 1.00381, 121.348
1132, 18.86667, 34.7612, -83.998, 34.701, 152.851, 34.5508, 34.9077, 0.986076, 2.40311, 0.995072, -118.399, 1.00376, 121.347
1133, 18.87500, 34.7359, -83.9971, 34.6754, 152.849, 34.5251, 34.908, 0.986011, 2.40212, 0.995009, -118.4, 1.00371, 121.345
1133, 18.88333, 34.7106, -83.9962, 34.6497, 152.847, 34.4994, 34.9083, 0.985946, 2.40112, 0.994947, -118.401, 1.00365, 121.343
1134, 18.89167, 34.6852, -83.9953, 34.6241, 152.844, 34.4737, 34.9086, 0.985881, 2.40013, 0.994884, -118.402, 1.0036, 121.342
1134, 18.90000, 34.66, -83.9944, 34.5985, 152.842, 34.448, 34.9088, 0.985816, 2.39915, 0.994822, -118.403, 1.00355, 121.34
1135, 18.90833, 34.6347, -83.9935, 34.573, 152.839, 34.4224, 34.9091, 0.985751, 2.39817, 0.99476, -118.404, 1.0035, 121.339
1135, 18.91667, 34.6095, -83.9925, 34.5474, 152.837, 34.3968, 34.9094, 0.985686, 2.39719, 0.994698, -118.405, 1.00345, 121.337
1136, 18.92500, 34.5842, -83.9916, 34.5219, 152.835, 34.3712, 34.9097, 0.985622, 2.39621, 0.994636, -118.406, 1.0034, 121.335
1136, 18.93333, 34.559, -83.9907, 34.4964, 152.832, 34.3456, 34.91, 0.985557, 2.39524, 0.994574, -118.407, 1.00335, 121.334
1137, 18.94167, 34.5339, -83.9898, 34.4709, 152.83, 34.3201, 34.9103, 0.985493, 2.39427, 0.994512, -118.408, 1.00329, 121.332
1137, 18.95000, 34.5087, -83.9888, 34.4455, 152.827, 34.2945, 34.9107, 0.985429, 2.39331, 0.994451, -118.409, 1.00324, 121.331
1138, 18.95833, 34.4836, -83.9879, 34.42, 152.825, 34.269, 34.911, 0.985365, 2.39235, 0.994389, -118.41, 1.00319, 121.329
1138, 18.96667, 34.4585, -83.9869, 34.3946, 152.823, 34.2435, 34.9113, 0.9853, 2.39139, 0.994327, -118.411, 1.00314, 121.328
1139, 18.97500, 34.4334, -83.986, 34.3692, 152.82, 34.2181, 34.9116, 0.985236, 2.39044, 0.994266, -118.412, 1.00309, 121.326
1139, 18.98333, 34.4083, -83.985, 34.3439, 152.818, 34.1926, 34.912, 0.985173, 2.38949, 0.994204, -118.413, 1.00304, 121.324
1140, 18.99167, 34.3833, -83.984, 34.3185, 152.815, 34.1672, 34.9123, 0.985109, 2.38854, 0.994143, -118.414, 1.00299, 121.323
1140, 19.00000, 34.3583, -83.983, 34.2932, 152.813, 34.1418, 34.9126, 0.985045, 2.3876, 0.994082, -118.415, 1.00294, 121.321
1141, 19.00833, 34.3333, -83.9821, 34.2679, 152.811, 34.1165, 34.913, 0.984981, 2.38666, 0.994021, -118.416, 1.00289, 121.32
1141, 19.01667, 34.3083, -83.9811, 34.2426, 152.808, 34.0911, 34.9133, 0.984918, 2.38573, 0.99396, -118.417, 1.00284, 121.318
1142, 19.02500, 34.2834, -83.9801, 34.2174, 152.806, 34.0658, 34.9137, 0.984854, 2.38479, 0.993899, -118.418, 1.00279, 121.317
1142, 19.03333, 34.2584, -83.9791, 34.1921, 152.804, 34.0405, 34.914, 0.984791, 2.38387, 0.993838, -118.419, 1.00274, 121.315
1143, 19.04167, 34.2335, -83.9781, 34.1669, 152.801, 34.0152, 34.9144, 0.984727, 2.38294, 0.993777, -118.42, 1.00269, 121.313
1143, 19.05000, 34.2087, -83.9771, 34.1418, 152.799, 33.9899, 34.9148, 0.984664, 2.38202, 0.993716, -118.421, 1.00264, 121.312
1144, 19.05833, 34.1838, -83.9761, 34.1166, 152.796, 33.9646, 34.9152, 0.984601, 2.3811, 0.993656, -118.422, 1.00259, 121.31
1144, 19.06667, 34.159, -83.975, 34.0914, 152.794, 33.9394, 34.9155, 0.984538, 2.38019, 0.993595, -118.423, 1.00254, 121.309
1145, 19.07500, 34.1341, -83.974, 34.0663, 152.792, 33.9142, 34.9159, 0.984475, 2.37928, 0.993534, -118.424, 1.00249, 121.307
1145, 19.08333, 34.1093, -83.973, 34.0412, 152.789, 33.889, 34.9163, 0.984412, 2.37837, 0.993474, -118.425, 1.00244, 121.306
1146, 19.09167, 34.0846, -83.9719, 34.0161, 152.787, 33.8639, 34.9167, 0.984349, 2.37747, 0.993414, -118.426, 1.00239, 121.304
1146, 19.10000, 34.0598, -83.9709, 33.9911, 152.785, 33.8387, 34.9171, 0.984286, 2.37657, 0.993353, -118.427, 1.00234, 121.303
1147, 19.10833, 34.0351, -83.9698, 33.9661, 152.782, 33.8136, 34.9175, 0.984224, 2.37568, 0.993293, -118.428, 1.00229, 121.301
1147, 19.11667, 34.0104, -83.9688, 33.941, 152.78, 33.7885, 34.9179, 0.984161, 2.37478, 0.993233, -118.429, 1.00224, 121.299
1148, 19.12500, 33.9857, -83.9677, 33.9161, 152.777, 33.7634, 34.9183, 0.984099, 2.3739, 0.993173, -118.43, 1.00219, 121.298
1148, 19.13333, 33.961, -83.9667, 33.8911, 152.775, 33.7384, 34.9187, 0.984036, 2.37301, 0.993113, -118.431, 1.00214, 121.296
1149, 19.14167, 33.9364, -83.9656, 33.8661, 152.773, 33.7133, 34.9192, 0.983974, 2.37213, 0.993053, -118.432, 1.00209, 121.295
1149, 19.15000, 33.9117, -83.9645, 33.8412, 152.77, 33.6883, 34.9196, 0.983912, 2.37125, 0.992994, -118.433, 1.00204, 121.293
1150, 19.15833, 33.8871, -83.9634, 33.8163, 152.768, 33.6633, 34.92, 0.98385, 2.37038, 0.992934, -118.434, 1.00199, 121.292
1150, 19.16667, 33.8626, -83.9623, 33.7914, 152.766, 33.6383, 34.9205, 0.983787, 2.36951, 0.992874, -118.435, 1.00194, 121.29
1151, 19.17500, 33.838, -83.9612, 33.7666, 152.763, 33.6134, 34.9209, 0.983725, 2.36864, 0.992815, -118.436, 1.00189, 121.289
1151, 19.18333, 33.8135, -83.9601, 33.7417, 152.761, 33.5885, 34.9213, 0.983664, 2.36778, 0.992755, -118.437, 1.00184, 121.287
1152, 19.19167, 33.789, -83.959, 33.7169, 152.758, 33.5635, 34.9218, 0.983602, 2.36692, 0.992696, -118.438, 1.0018, 121.286
1152, 19.20000, 33.7645, -83.9579, 33.6921, 152.756, 33.5386, 34.9223, 0.98354, 2.36606, 0.992637, -118.439, 1.00175, 121.284
1153, 19.20833, 33.74, -83.9568, 33.6674, 152.754, 33.5138, 34.9227, 0.983478, 2.36521, 0.992578, -118.44, 1.0017, 121.283
1153, 19.21667, 33.7155, -83.9557, 33.6426, 152.751, 33.4889, 34.9232, 0.983417, 2.36436, 0.992518, -118.441, 1.00165, 121.281
1154, 19.22500, 33.6911, -83.9545, 33.6179, 152.749, 33.4641, 34.9236, 0.983355, 2.36352, 0.992459, -118.442, 1.0016, 121.28
1154, 19.23333, 33.6667, -83.9534, 33.5932, 152.747, 33.4393, 34.9241, 0.983294, 2.36268, 0.9924, -118.443, 1.00155, 121.278
1155, 19.24167, 33.6423, -83.9523, 33.5685, 152.744, 33.4145, 34.9246, 0.983233, 2.36184, 0.992342, -118.444, 1.0015, 121.276
1155, 19.25000, 33.6179, -83.9511, 33.5438, 152.742, 33.3897, 34.9251, 0.983171, 2.361, 0.992283, -118.445, 1.00146, 121.275
1156, 19.25833, 33.5936, -83.95, 33.5192, 152.74, 33.365, 34.9256, 0.98311, 2.36017, 0.992224, -118.446, 1.00141, 121.273
1156, 19.26667, 33.5693, -83.9488, 33.4945, 152.737, 33.3403, 34.9261, 0.983049, 2.35934, 0.992165, -118.447, 1.00136, 121.272
1157, 19.27500, 33.545, -83.9476, 33.4699, 152.735, 33.3155, 34.9266, 0.982988, 2.35852, 0.992107, -118.448, 1.00131, 121.27
1157, 19.28333, 33.5207, -83.9465, 33.4454, 152.732, 33.2909, 34.9271, 0.982927, 2.3577, 0.992048, -118.448, 1.00126, 121.269
1158, 19.29167, 33.4964, -83.9453, 33.4208, 152.73, 33.2662, 34.9276, 0.982867, 2.35688, 0.99199, -118.449, 1.00122, 121.267
1158, 19.30000, 33.4722, -83.9441, 33.3963, 152.728, 33.2415, 34.9281, 0.982806, 2.35607, 0.991932, -118.45, 1.00117, 121.266
1159, 19.30833, 33.4479, -83.9429, 33.3717, 152.725, 33.2169, 34.9286, 0.982745, 2.35526, 0.991873, -118.451, 1.00112, 121.264
1159, 19.31667, 33.4237, -83.9417, 33.3472, 152.723, 33.1923, 34.9291, 0.982685, 2.35446, 0.991815, -118.452, 1.00107, 121.263
1160, 19.32500, 33.3996, -83.9405, 33.3228, 152.721, 33.1677, 34.9296, 0.982624, 2.35365, 0.991757, -118.453, 1.00102, 121.261
1160, 19.33333, 33.3754, -83.9393, 33.2983, 152.718, 33.1432, 34.9302, 0.982564, 2.35285, 0.991699, -118.454, 1.00098, 121.26
1161, 19.34167, 33.3513, -83.9381, 33.2739, 152.716, 33.1186, 34.9307, 0.982503, 2.35206, 0.991641, -118.455, 1.00093, 121.258
1161, 19.35000, 33.3271, -83.9369, 33.2495, 152.714, 33.0941, 34.9313, 0.982443, 2.35127, 0.991583, -118.456, 1.00088, 121.257
1162, 19.35833, 33.3031, -83.9357, 33.2251, 152.711, 33.0696, 34.9318, 0.982383, 2.35048, 0.991525, -118.457, 1.00083, 121.255
1162, 19.36667, 33.279, -83.9344, 33.2007, 152.709, 33.0451, 34.9324, 0.982323, 2.34969, 0.991468, -118.458, 1.00079, 121.254
1163, 19.37500, 33.2549, -83.9332, 33.1763, 152.707, 33.0206, 34.9329, 0.982263, 2.34891, 0.99141, -118.459, 1.00074, 121.252
1163, 19.38333, 33.2309, -83.932, 33.152, 152.704, 32.9962, 34.9335, 0.982203, 2.34814, 0.991352, -118.46, 1.00069, 121.251
1164, 19.39167, 33.2069, -83.9307, 33.1277, 152.702, 32.9718, 34.934, 0.982143, 2.34736, 0.991295, -118.461, 1.00065, 121.249
1164, 19.40000, 33.1829, -83.9295, 33.1034, 152.7, 32.9474, 34.9346, 0.982083, 2.34659, 0.991237, -118.462, 1.0006, 121.248
1165, 19.40833, 33.1589, -83.9282, 33.0792, 152.697, 32.923, 34.9352, 0.982024, 2.34583, 0.99118, -118.462, 1.00055, 121.246
1165, 19.41667, 33.135, -83.927, 33.0549, 152.695, 32.8986, 34.9358, 0.981964, 2.34506, 0.991123, -118.463, 1.0005, 121.245
1166, 19.42500, 33.111, -83.9257, 33.0307, 152.692, 32.8743, 34.9363, 0.981905, 2.3443, 0.991066, -118.464, 1.00046, 121.243
1166, 19.43333, 33.0871, -83.9244, 33.0065, 152.69, 32.8499, 34.9369, 0.981845, 2.34355, 0.991009, -118.465, 1.00041, 121.242
1167, 19.44167, 33.0632, -83.9231, 32.9823, 152.688, 32.8256, 34.9375, 0.981786, 2.34279, 0.990951, -118.466, 1.00036, 121.24
1167, 19.45000, 33.0393, -83.9218, 32.9581, 152.685, 32.8013, 34.9381, 0.981727, 2.34205, 0.990894, -118.467, 1.00032, 121.239
1168, 19.45833, 33.0155, -83.9206, 32.934, 152.683, 32.7771, 34.9387, 0.981667, 2.3413, 0.990838, -118.468, 1.00027, 121.238
1168, 19.46667, 32.9917, -83.9193, 32.9099, 152.681, 32.7528, 34.9393, 0.981608, 2.34056, 0.990781, -118.469, 1.00023, 121.236
1169, 19.47500, 32.9679, -83.918, 32.8857, 152.678, 32.7286, 34.9399, 0.981549, 2.33982, 0.990724, -118.47, 1.00018, 121.235
1169, 19.48333, 32.9441, -83.9166, 32.8617, 152.676, 32.7044, 34.9406, 0.98149, 2.33908, 0.990667, -118.471, 1.00013, 121.233
1170, 19.49167, 32.9203, -83.9153, 32.8376, 152.674, 32.6802, 34.9412, 0.981431, 2.33835, 0.990611, -118.472, 1.00009, 121.232
1170, 19.50000, 32.8965, -83.914, 32.8136, 152.671, 32.656, 34.9418, 0.981373, 2.33763, 0.990554, -118.473, 1.00004, 121.23
1171, 19.50833, 32.8728, -83.9127, 32.7895, 152.669, 32.6319, 34.9424, 0.981314, 2.3369, 0.990498, -118.473, 0.999994, 121.229
1171, 19.51667, 32.8491, -83.9114, 32.7655, 152.667, 32.6077, 34.9431, 0.981255, 2.33618, 0.990441, -118.474, 0.999948, 121.227
1172, 19.52500, 32.8254, -83.91, 32.7416, 152.664, 32.5836, 34.9437, 0.981197, 2.33546, 0.990385, -118.475, 0.999902, 121.226
1172, 19.53333, 32.8017, -83.9087, 32.7176, 152.662, 32.5595, 34.9443, 0.981138, 2.33475, 0.990329, -118.476, 0.999856, 121.224
1173, 19.54167, 32.7781, -83.9073, 32.6936, 152.66, 32.5355, 34.945, 0.98108, 2.33404, 0.990273, -118.477, 0.999811, 121.223
1173, 19.55000, 32.7545, -83.906, 32.6697, 152.657, 32.5114, 34.9457, 0.981022, 2.33333, 0.990217, -118.478, 0.999765, 121.221
1174, 19.55833, 32.7309, -83.9046, 32.6458, 152.655, 32.4874, 34.9463, 0.980963, 2.33263, 0.990161, -118.479, 0.999719, 121.22
1174, 19.56667, 32.7073, -83.9032, 32.6219, 152.653, 32.4634, 34.947, 0.980905, 2.33193, 0.990105, -118.48, 0.999674, 121.218
1175, 19.57500, 32.6837, -83.9019, 32.5981, 152.65, 32.4394, 34.9476, 0.980847, 2.33124, 0.990049, -118.481, 0.999628, 121.217
1175, 19.58333, 32.6601, -83.9005, 32.5742, 152.648, 32.4154, 34.9483, 0.980789, 2.33054, 0.989993, -118.482, 0.999583, 121.216
1176, 19.59167, 32.6366, -83.8991, 32.5504, 152.646, 32.3914, 34.949, 0.980731, 2.32985, 0.989937, -118.482, 0.999537, 121.214
1176, 19.60000, 32.6131, -83.8977, 32.5266, 152.643, 32.3675, 34.9497, 0.980673, 2.32917, 0.989882, -118.483, 0.999492, 121.213
1177, 19.60833, 32.5896, -83.8963, 32.5028, 152.641, 32.3436, 34.9504, 0.980616, 2.32849, 0.989826, -118.484, 0.999447, 121.211
1177, 19.61667, 32.5661, -83.8949, 32.4791, 152.639, 32.3197, 34.9511, 0.980558, 2.32781, 0.98977, -118.485, 0.999402, 121.21
1178, 19.62500, 32.5427, -83.8935, 32.4553, 152.636, 32.2958, 34.9518, 0.9805, 2.32714, 0.989715, -118.486, 0.999356, 121.208
1178, 19.63333, 32.5193, -83.8921, 32.4316, 152.634, 32.2719, 34.9525, 0.980443, 2.32646, 0.98966, -118.487, 0.999311, 121.207
1179, 19.64167, 32.4958, -83.8907, 32.4079, 152.632, 32.2481, 34.9532, 0.980385, 2.3258, 0.989604, -118.488, 0.999266, 121.205
1179, 19.65000, 32.4724, -83.8893, 32.3842, 152.629, 32.2243, 34.9539, 0.980328, 2.32513, 0.989549, -118.489, 0.999222, 121.204
1180, 19.65833, 32.4491, -83.8878, 32.3605, 152.627, 32.2004, 34.9546, 0.980271, 2.32447, 0.989494, -118.489, 0.999177, 121.202
1180, 19.66667, 32.4257, -83.8864, 32.3369, 152.625, 32.1767, 34.9553, 0.980213, 2.32381, 0.989439, -118.49, 0.999132, 121.201
1181, 19.67500, 32.4024, -83.885, 32.3133, 152.622, 32.1529, 34.956, 0.980156, 2.32316, 0.989384, -118.491, 0.999087, 121.2
1181, 19.68333, 32.3791, -83.8835, 32.2897, 152.62, 32.1291, 34.9568, 0.980099, 2.32251, 0.989329, -118.492, 0.999043, 121.198
1182, 19.69167, 32.3558, -83.8821, 32.2661, 152.618, 32.1054, 34.9575, 0.980042, 2.32187, 0.989274, -118.493, 0.998998, 121.197
1182, 19.70000, 32.3325, -83.8806, 32.2425, 152.615, 32.0817, 34.9583, 0.979985, 2.32122, 0.989219, -118.494, 0.998954, 121.195
1183, 19.70833, 32.3092, -83.8791, 32.219, 152.613, 32.058, 34.959, 0.979929, 2.32058, 0.989164, -118.495, 0.998909, 121.194
1183, 19.71667, 32.286, -83.8777, 32.1954, 152.611, 32.0343, 34.9597, 0.979872, 2.31995, 0.98911, -118.496, 0.998865, 121.192
1184, 19.72500, 32.2628, -83.8762, 32.1719, 152.608, 32.0107, 34.9605, 0.979815, 2.31931, 0.989055, -118.496, 0.998821, 121.191
1184, 19.73333, 32.2396, -83.8747, 32.1485, 152.606, 31.987, 34.9613, 0.979759, 2.31869, 0.989001, -118.497, 0.998776, 121.19
1185, 19.74167, 32.2164, -83.8732, 32.125, 152.604, 31.9634, 34.962, 0.979702, 2.31806, 0.988946, -118.498, 0.998732, 121.188
1185, 19.75000, 32.1932, -83.8717, 32.1015, 152.601, 31.9398, 34.9628, 0.979646, 2.31744, 0.988892, -118.499, 0.998688, 121.187
1186, 19.75833, 32.1701, -83.8702, 32.0781, 152.599, 31.9162, 34.9636, 0.979589, 2.31682, 0.988837, -118.5, 0.998644, 121.185
1186, 19.76667, 32.147, -83.8687, 32.0547, 152.597, 31.8927, 34.9644, 0.979533, 2.31621, 0.988783, -118.501, 0.9986, 121.184
1187, 19.77500, 32.1239, -83.8672, 32.0313, 152.594, 31.8691, 34.9651, 0.979477, 2.3156, 0.988729, -118.502, 0.998556, 121.182
1187, 19.78333, 32.1008, -83.8657, 32.0079, 152.592, 31.8456, 34.9659, 0.979421, 2.31499, 0.988675, -118.502, 0.998513, 121.181
1188, 19.79167, 32.0777, -83.8642, 31.9846, 152.59, 31.8221, 34.9667, 0.979365, 2.31438, 0.988621, -118.503, 0.998469, 121.18
1188, 19.80000, 32.0547, -83.8627, 31.9612, 152.587, 31.7986, 34.9675, 0.979309, 2.31378, 0.988567, -118.504, 0.998425, 121.178
1188, 19.80833, 32.0317, -83.8611, 31.9379, 152.585, 31.7751, 34.9683, 0.979253, 2.31319, 0.988513, -118.505, 0.998381, 121.177
1189, 19.81667, 32.0086, -83.8596, 31.9146, 152.583, 31.7517, 34.9691, 0.979197, 2.31259, 0.988459, -118.506, 0.998338, 121.175
1190, 19.82500, 31.9856, -83.858, 31.8914, 152.581, 31.7283, 34.9699, 0.979141, 2.312, 0.988405, -118.507, 0.998294, 121.174
1190, 19.83333, 31.9627, -83.8565, 31.8681, 152.578, 31.7048, 34.9708, 0.979086, 2.31142, 0.988352, -118.508, 0.998251, 121.173
1190, 19.84167, 31.9397, -83.8549, 31.8449, 152.576, 31.6814, 34.9716, 0.97903, 2.31083, 0.988298, -118.508, 0.998208, 121.171
1191, 19.85000, 31.9168, -83.8534, 31.8216, 152.574, 31.6581, 34.9724, 0.978975, 2.31025, 0.988244, -118.509, 0.998164, 121.17
1192, 19.85833, 31.8939, -83.8518, 31.7984, 152.571, 31.6347, 34.9732, 0.978919, 2.30968, 0.988191, -118.51, 0.998121, 121.168
1192, 19.86667, 31.871, -83.8502, 31.7753, 152.569, 31.6114, 34.9741, 0.978864, 2.30911, 0.988138, -118.511, 0.998078, 121.167
1192, 19.87500, 31.8481, -83.8486, 31.7521, 152.567, 31.588, 34.9749, 0.978808, 2.30854, 0.988084, -118.512, 0.998035, 121.165
1193, 19.88333, 31.8253, -83.8471, 31.7289, 152.564, 31.5647, 34.9758, 0.978753, 2.30797, 0.988031, -118.513, 0.997992, 121.164
1194, 19.89167, 31.8024, -83.8455, 31.7058, 152.562, 31.5414, 34.9766, 0.978698, 2.30741, 0.987978, -118.513, 0.997949, 121.163
1194, 19.90000, 31.7796, -83.8439, 31.6827, 152.56, 31.5182, 34.9775, 0.978643, 2.30685, 0.987924, -118.514, 0.997906, 121.161
1194, 19.90833, 31.7568, -83.8423, 31.6596, 152.557, 31.4949, 34.9783, 0.978588, 2.3063, 0.987871, -118.515, 0.997863, 121.16
1195, 19.91667, 31.734, -83.8407, 31.6366, 152.555, 31.4717, 34.9792, 0.978533, 2.30574, 0.987818, -118.516, 0.99782, 121.158
1196, 19.92500, 31.7112, -83.8391, 31.6135, 152.553, 31.4485, 34.9801, 0.978478, 2.3052, 0.987765, -118.517, 0.997778, 121.157
1196, 19.93333, 31.6885, -83.8374, 31.5905, 152.55, 31.4253, 34.9809, 0.978424, 2.30465, 0.987712, -118.518, 0.997735, 121.156
1196, 19.94167, 31.6658, -83.8358, 31.5675, 152.548, 31.4021, 34.9818, 0.978369, 2.30411, 0.98766, -118.518, 0.997693, 121.154
1197, 19.95000, 31.6431, -83.8342, 31.5445, 152.546, 31.3789, 34.9827, 0.978314, 2.30358, 0.987607, -118.519, 0.99765, 121.153
1198, 19.95833, 31.6204, -83.8325, 31.5215, 152.543, 31.3558, 34.9836, 0.97826, 2.30304, 0.987554, -118.52, 0.997608, 121.151
1198, 19.96667, 31.5977, -83.8309, 31.4985, 152.541, 31.3326, 34.9845, 0.978205, 2.30251, 0.987501, -118.521, 0.997565, 121.15
1198, 19.97500, 31.575, -83.8292, 31.4756, 152.539, 31.3095, 34.9854, 0.978151, 2.30198, 0.987449, -118.522, 0.997523, 121.149
1199, 19.98333, 31.5524, -83.8276, 31.4527, 152.536, 31.2864, 34.9863, 0.978097, 2.30146, 0.987396, -118.523, 0.997481, 121.147
1200, 19.99167, 31.5298, -83.8259, 31.4298, 152.534, 31.2634, 34.9872, 0.978042, 2.30094, 0.987344, -118.523, 0.997438, 121.146
1200, 20.00000, 31.5072, -83.8243, 31.4069, 152.532, 31.2403, 34.9881, 0.977988, 2.30043, 0.987292, -118.524, 0.997396, 121.145
1200, 20.00833, 31.4846, -83.8226, 31.384, 152.53, 31.2173, 34.989, 0.977934, 2.29991, 0.987239, -118.525, 0.997354, 121.143
1201, 20.01667, 31.462, -83.8209, 31.3612, 152.527, 31.1943, 34.99, 0.97788, 2.2994, 0.987187, -118.526, 0.997312, 121.142
1202, 20.02500, 31.4395, -83.8192, 31.3384, 152.525, 31.1713, 34.9909, 0.977826, 2.2989, 0.987135, -118.527, 0.99727, 121.14
1202, 20.03333, 31.417, -83.8176, 31.3155, 152.523, 31.1483, 34.9918, 0.977772, 2.2984, 0.987083, -118.527, 0.997229, 121.139
1202, 20.04167, 31.3945, -83.8158, 31.2928, 152.52, 31.1253, 34.9928, 0.977719, 2.2979, 0.987031, -118.528, 0.997187, 121.138
1203, 20.05000, 31.372, -83.8142, 31.27, 152.518, 31.1024, 34.9937, 0.977665, 2.2974, 0.986979, -118.529, 0.997145, 121.136
1204, 20.05833, 31.3495, -83.8124, 31.2472, 152.516, 31.0794, 34.9947, 0.977611, 2.29691, 0.986927, -118.53, 0.997103, 121.135
1204, 20.06667, 31.3271, -83.8107, 31.2245, 152.513, 31.0565, 34.9956, 0.977558, 2.29642, 0.986875, -118.531, 0.997062, 121.133
1204, 20.07500, 31.3046, -83.809, 31.2018, 152.511, 31.0336, 34.9966, 0.977504, 2.29594, 0.986823, -118.532, 0.99702, 121.132
1205, 20.08333, 31.2822, -83.8073, 31.1791, 152.509, 31.0107, 34.9975, 0.977451, 2.29546, 0.986771, -118.532, 0.996979, 121.131
1206, 20.09167, 31.2598, -83.8056, 31.1564, 152.506, 30.9879, 34.9985, 0.977398, 2.29498, 0.98672, -118.533, 0.996937, 121.129
1206, 20.10000, 31.2374, -83.8038, 31.1337, 152.504, 30.965, 34.9995, 0.977344, 2.29451, 0.986668, -118.534, 0.996896, 121.128
1206, 20.10833, 31.2151, -83.8021, 31.1111, 152.502, 30.9422, 35.0005, 0.977291, 2.29404, 0.986616, -118.535, 0.996855, 121.127
1207, 20.11667, 31.1927, -83.8003, 31.0885, 152.5, 30.9194, 35.0014, 0.977238, 2.29357, 0.986565, -118.536, 0.996813, 121.125
1208, 20.12500, 31.1704, -83.7986, 31.0658, 152.497, 30.8966, 35.0024, 0.977185, 2.29311, 0.986513, -118.536, 0.996772, 121.124
1208, 20.13333, 31.1481, -83.7968, 31.0433, 152.495, 30.8738, 35.0034, 0.977132, 2.29265, 0.986462, -118.537, 0.996731, 121.123
1208, 20.14167, 31.1258, -83.7951, 31.0207, 152.493, 30.851, 35.0044, 0.977079, 2.29219, 0.986411, -118.538, 0.99669, 121.121
1209, 20.15000, 31.1035, -83.7933, 30.9981, 152.49, 30.8283, 35.0054, 0.977026, 2.29174, 0.98636, -118.539, 0.996649, 121.12
1210, 20.15833, 31.0813, -83.7915, 30.9756, 152.488, 30.8056, 35.0064, 0.976974, 2.29129, 0.986308, -118.54, 0.996608, 121.118
1210, 20.16667, 31.059, -83.7897, 30.9531, 152.486, 30.7829, 35.0075, 0.976921, 2.29084, 0.986257, -118.54, 0.996567, 121.117
1210, 20.17500, 31.0368, -83.7879, 30.9306, 152.483, 30.7602, 35.0085, 0.976869, 2.2904, 0.986206, -118.541, 0.996526, 121.116
1211, 20.18333, 31.0146, -83.7862, 30.9081, 152.481, 30.7375, 35.0095, 0.976816, 2.28996, 0.986155, -118.542, 0.996486, 121.114
1212, 20.19167, 30.9924, -83.7844, 30.8856, 152.479, 30.7149, 35.0105, 0.976764, 2.28953, 0.986104, -118.543, 0.996445, 121.113
1212, 20.20000, 30.9702, -83.7826, 30.8632, 152.476, 30.6922, 35.0116, 0.976711, 2.28909, 0.986053, -118.543, 0.996404, 121.112
1212, 20.20833, 30.9481, -83.7807, 30.8407, 152.474, 30.6696, 35.0126, 0.976659, 2.28867, 0.986003, -118.544, 0.996364, 121.11
1213, 20.21667, 30.926, -83.7789, 30.8183, 152.472, 30.647, 35.0136, 0.976607, 2.28824, 0.985952, -118.545, 0.996323, 121.109
1214, 20.22500, 30.9039, -83.7771, 30.7959, 152.47, 30.6244, 35.0147, 0.976555, 2.28782, 0.985901, -118.546, 0.996283, 121.108
1214, 20.23333, 30.8818, -83.7753, 30.7736, 152.467, 30.6018, 35.0157, 0.976503, 2.2874, 0.985851, -118.547, 0.996242, 121.106
1214, 20.24167, 30.8597, -83.7734, 30.7512, 152.465, 30.5793, 35.0168, 0.976451, 2.28699, 0.9858, -118.547, 0.996202, 121.105
1215, 20.25000, 30.8376, -83.7716, 30.7288, 152.463, 30.5567, 35.0179, 0.976399, 2.28658, 0.98575, -118.548, 0.996162, 121.104
1216, 20.25833, 30.8156, -83.7698, 30.7065, 152.46, 30.5342, 35.0189, 0.976347, 2.28617, 0.985699, -118.549, 0.996122, 121.102
1216, 20.26667, 30.7935, -83.7679, 30.6842, 152.458, 30.5117, 35.02, 0.976295, 2.28577, 0.985649, -118.55, 0.996082, 121.101
1216, 20.27500, 30.7715, -83.7661, 30.6619, 152.456, 30.4892, 35.0211, 0.976243, 2.28537, 0.985598, -118.55, 0.996041, 121.099
1217, 20.28333, 30.7495, -83.7642, 30.6397, 152.453, 30.4668, 35.0222, 0.976192, 2.28497, 0.985548, -118.551, 0.996001, 121.098
1218, 20.29167, 30.7276, -83.7623, 30.6174, 152.451, 30.4443, 35.0232, 0.97614, 2.28458, 0.985498, -118.552, 0.995962, 121.097
1218, 20.30000, 30.7056, -83.7604, 30.5952, 152.449, 30.4219, 35.0243, 0.976089, 2.28419, 0.985448, -118.553, 0.995922, 121.095
1218, 20.30833, 30.6837, -83.7586, 30.5729, 152.446, 30.3994, 35.0254, 0.976037, 2.2838, 0.985398, -118.554, 0.995882, 121.094
1219, 20.31667, 30.6618, -83.7567, 30.5507, 152.444, 30.377, 35.0265, 0.975986, 2.28342, 0.985348, -118.554, 0.995842, 121.093
1220, 20.32500, 30.6398, -83.7548, 30.5286, 152.442, 30.3547, 35.0276, 0.975935, 2.28304, 0.985298, -118.555, 0.995802, 121.091
1220, 20.33333, 30.618, -83.7529, 30.5064, 152.44, 30.3323, 35.0288, 0.975883, 2.28267, 0.985248, -118.556, 0.995763, 121.09
1220, 20.34167, 30.5961, -83.751, 30.4842, 152.437, 30.3099, 35.0299, 0.975832, 2.28229, 0.985198, -118.557, 0.995723, 121.089
1221, 20.35000, 30.5742, -83.7491, 30.4621, 152.435, 30.2876, 35.031, 0.975781, 2.28192, 0.985148, -118.557, 0.995684, 121.087
1222, 20.35833, 30.5524, -83.7472, 30.44, 152.433, 30.2653, 35.0321, 0.97573, 2.28156, 0.985099, -118.558, 0.995644, 121.086
1222, 20.36667, 30.5306, -83.7452, 30.4179, 152.43, 30.243, 35.0333, 0.975679, 2.2812, 0.985049, -118.559, 0.995605, 121.085
1223, 20.37500, 30.5088, -83.7433, 30.3958, 152.428, 30.2207, 35.0344, 0.975629, 2.28084, 0.984999, -118.56, 0.995565, 121.083
1223, 20.38333, 30.487, -83.7414, 30.3738, 152.426, 30.1984, 35.0355, 0.975578, 2.28049, 0.98495, -118.56, 0.995526, 121.082
1224, 20.39167, 30.4652, -83.7394, 30.3517, 152.423, 30.1762, 35.0367, 0.975527, 2.28014, 0.9849, -118.561, 0.995487, 121.081
1224, 20.40000, 30.4435, -83.7375, 30.3297, 152.421, 30.1539, 35.0378, 0.975477, 2.27979, 0.984851, -118.562, 0.995448, 121.079
1225, 20.40833, 30.4217, -83.7355, 30.3077, 152.419, 30.1317, 35.039, 0.975426, 2.27945, 0.984801, -118.563, 0.995408, 121.078
1225, 20.41667, 30.4, -83.7336, 30.2857, 152.417, 30.1095, 35.0402, 0.975376, 2.2791, 0.984752, -118.563, 0.995369, 121.077
1226, 20.42500, 30.3783, -83.7316, 30.2637, 152.414, 30.0873, 35.0413, 0.975325, 2.27877, 0.984703, -118.564, 0.99533, 121.075
1226, 20.43333, 30.3566, -83.7297, 30.2417, 152.412, 30.0651, 35.0425, 0.975275, 2.27844, 0.984654, -118.565, 0.995291, 121.074
1227, 20.44167, 30.335, -83.7277, 30.2198, 152.41, 30.043, 35.0437, 0.975225, 2.27811, 0.984605, -118.566, 0.995253, 121.073
1227, 20.45000, 30.3133, -83.7257, 30.1979, 152.407, 30.0208, 35.0449, 0.975175, 2.27778, 0.984555, -118.566, 0.995214, 121.072
1228, 20.45833, 30.2917, -83.7237, 30.1759, 152.405, 29.9987, 35.046, 0.975124, 2.27746, 0.984506, -118.567, 0.995175, 121.07
1228, 20.46667, 30.2701, -83.7217, 30.1541, 152.403, 29.9766, 35.0472, 0.975074, 2.27714, 0.984457, -118.568, 0.995136, 121.069
1229, 20.47500, 30.2485, -83.7197, 30.1322, 152.4, 29.9545, 35.0484, 0.975025, 2.27682, 0.984409, -118.569, 0.995098, 121.068
1229, 20.48333, 30.2269, -83.7177, 30.1103, 152.398, 29.9324, 35.0496, 0.974975, 2.27651, 0.98436, -118.569, 0.995059, 121.066
1230, 20.49167, 30.2053, -83.7157, 30.0885, 152.396, 29.9104, 35.0508, 0.974925, 2.2762, 0.984311, -118.57, 0.99502, 121.065
1230, 20.50000, 30.1838, -83.7137, 30.0667, 152.394, 29.8883, 35.0521, 0.974875, 2.2759, 0.984262, -118.571, 0.994982, 121.064
1231, 20.50833, 30.1623, -83.7117, 30.0448, 152.391, 29.8663, 35.0533, 0.974825, 2.2756, 0.984214, -118.572, 0.994943, 121.062
1231, 20.51667, 30.1407, -83.7097, 30.0231, 152.389, 29.8443, 35.0545, 0.974776, 2.2753, 0.984165, -118.572, 0.994905, 121.061
1232, 20.52500, 30.1192, -83.7076, 30.0013, 152.387, 29.8223, 35.0557, 0.974726, 2.275, 0.984116, -118.573, 0.994867, 121.06
1232, 20.53333, 30.0978, -83.7056, 29.9795, 152.384, 29.8003, 35.057, 0.974677, 2.27471, 0.984068, -118.574, 0.994829, 121.058
1233, 20.54167, 30.0763, -83.7035, 29.9578, 152.382, 29.7784, 35.0582, 0.974627, 2.27443, 0.984019, -118.575, 0.99479, 121.057
1233, 20.55000, 30.0548, -83.7015, 29.9361, 152.38, 29.7564, 35.0594, 0.974578, 2.27414, 0.983971, -118.575, 0.994752, 121.056
1234, 20.55833, 30.0334, -83.6994, 29.9143, 152.377, 29.7345, 35.0607, 0.974529, 2.27386, 0.983923, -118.576, 0.994714, 121.054
1234, 20.56667, 30.012, -83.6974, 29.8927, 152.375, 29.7126, 35.0619, 0.97448, 2.27359, 0.983874, -118.577, 0.994676, 121.053
1235, 20.57500, 29.9906, -83.6953, 29.871, 152.373, 29.6907, 35.0632, 0.974431, 2.27331, 0.983826, -118.577, 0.994638, 121.052
1235, 20.58333, 29.9692, -83.6932, 29.8493, 152.371, 29.6688, 35.0645, 0.974382, 2.27304, 0.983778, -118.578, 0.9946, 121.051
1236, 20.59167, 29.9479, -83.6911, 29.8277, 152.368, 29.6469, 35.0657, 0.974333, 2.27278, 0.98373, -118.579, 0.994562, 121.049
1236, 20.60000, 29.9265, -83.6891, 29.8061, 152.366, 29.6251, 35.067, 0.974284, 2.27251, 0.983682, -118.58, 0.994525, 121.048
1237, 20.60833, 29.9052, -83.687, 29.7844, 152.364, 29.6033, 35.0683, 0.974235, 2.27225, 0.983634, -118.58, 0.994487, 121.047
1237, 20.61667, 29.8839, -83.6849, 29.7629, 152.361, 29.5814, 35.0696, 0.974186, 2.272, 0.983586, -118.581, 0.994449, 121.045
1238, 20.62500, 29.8626, -83.6828, 29.7413, 152.359, 29.5596, 35.0709, 0.974138, 2.27175, 0.983538, -118.582, 0.994412, 121.044
1238, 20.63333, 29.8413, -83.6807, 29.7197, 152.357, 29.5379, 35.0722, 0.974089, 2.2715, 0.98349, -118.583, 0.994374, 121.043
1239, 20.64167, 29.82, -83.6786, 29.6982, 152.354, 29.5161, 35.0735, 0.974041, 2.27125, 0.983442, -118.583, 0.994336, 121.041
1239, 20.65000, 29.7988, -83.6764, 29.6767, 152.352, 29.4943, 35.0748, 0.973992, 2.27101, 0.983395, -118.584, 0.994299, 121.04
1240, 20.65833, 29.7775, -83.6743, 29.6551, 152.35, 29.4726, 35.0761, 0.973944, 2.27078, 0.983347, -118.585, 0.994262, 121.039
1240, 20.66667, 29.7563, -83.6722, 29.6336, 152.348, 29.4509, 35.0774, 0.973896, 2.27054, 0.983299, -118.585, 0.994224, 121.038
1241, 20.67500, 29.7351, -83.67, 29.6122, 152.345, 29.4291, 35.0787, 0.973847, 2.27031, 0.983252, -118.586, 0.994187, 121.036
1241, 20.68333, 29.7139, -83.6679, 29.5907, 152.343, 29.4075, 35.08, 0.973799, 2.27008, 0.983204, -118.587, 0.99415, 121.035
1242, 20.69167, 29.6928, -83.6657, 29.5693, 152.341, 29.3858, 35.0814, 0.973751, 2.26986, 0.983157, -118.588, 0.994113, 121.034
1242, 20.70000, 29.6716, -83.6636, 29.5478, 152.338, 29.3641, 35.0827, 0.973703, 2.26964, 0.983109, -118.588, 0.994075, 121.032
1243, 20.70833, 29.6505, -83.6614, 29.5264, 152.336, 29.3425, 35.0841, 0.973655, 2.26942, 0.983062, -118.589, 0.994038, 121.031
1243, 20.71667, 29.6293, -83.6592, 29.505, 152.334, 29.3208, 35.0854, 0.973607, 2.26921, 0.983015, -118.59, 0.994001, 121.03
1244, 20.72500, 29.6082, -83.6571, 29.4837, 152.331, 29.2992, 35.0868, 0.97356, 2.269, 0.982967, -118.59, 0.993964, 121.029
1244, 20.73333, 29.5871, -83.6549, 29.4623, 152.329, 29.2776, 35.0881, 0.973512, 2.2688, 0.98292, -118.591, 0.993927, 121.027
1245, 20.74167, 29.5661, -83.6527, 29.4409, 152.327, 29.256, 35.0895, 0.973464, 2.26859, 0.982873, -118.592, 0.993891, 121.026
1245, 20.75000, 29.545, -83.6505, 29.4196, 152.324, 29.2345, 35.0908, 0.973417, 2.26839, 0.982826, -118.592, 0.993854, 121.025
1246, 20.75833, 29.524, -83.6483, 29.3983, 152.322, 29.2129, 35.0922, 0.973369, 2.2682, 0.982779, -118.593, 0.993817, 121.023
1246, 20.76667, 29.503, -83.6461, 29.377, 152.32, 29.1914, 35.0936, 0.973322, 2.26801, 0.982732, -118.594, 0.99378, 121.022
1247, 20.77500, 29.4819, -83.6439, 29.3557, 152.318, 29.1699, 35.095, 0.973274, 2.26782, 0.982685, -118.595, 0.993744, 121.021
1247, 20.78333, 29.461, -83.6417, 29.3344, 152.315, 29.1484, 35.0964, 0.973227, 2.26763, 0.982638, -118.595, 0.993707, 121.02
1248, 20.79167, 29.44, -83.6395, 29.3132, 152.313, 29.1269, 35.0978, 0.97318, 2.26745, 0.982592, -118.596, 0.993671, 121.018
1248, 20.80000, 29.419, -83.6372, 29.292, 152.311, 29.1054, 35.0992, 0.973133, 2.26728, 0.982545, -118.597, 0.993634, 121.017
1249, 20.80833, 29.3981, -83.635, 29.2707, 152.308, 29.0839, 35.1006, 0.973086, 2.2671, 0.982498, -118.597, 0.993598, 121.016
1249, 20.81667, 29.3771, -83.6328, 29.2495, 152.306, 29.0625, 35.102, 0.973039, 2.26693, 0.982451, -118.598, 0.993561, 121.015
1250, 20.82500, 29.3562, -83.6305, 29.2284, 152.304, 29.041, 35.1034, 0.972992, 2.26676, 0.982405, -118.599, 0.993525, 121.013
1250, 20.83333, 29.3353, -83.6283, 29.2072, 152.301, 29.0196, 35.1048, 0.972945, 2.2666, 0.982358, -118.599, 0.993489, 121.012
1251, 20.84167, 29.3144, -83.626, 29.186, 152.299, 28.9982, 35.1062, 0.972898, 2.26644, 0.982312, -118.6, 0.993453, 121.011
1251, 20.85000, 29.2936, -83.6238, 29.1649, 152.297, 28.9768, 35.1077, 0.972851, 2.26629, 0.982265, -118.601, 0.993417, 121.009
1252, 20.85833, 29.2727, -83.6215, 29.1438, 152.295, 28.9555, 35.1091, 0.972805, 2.26613, 0.982219, -118.601, 0.99338, 121.008
1252, 20.86667, 29.2519, -83.6192, 29.1227, 152.292, 28.9341, 35.1105, 0.972758, 2.26598, 0.982173, -118.602, 0.993344, 121.007
1253, 20.87500, 29.2311, -83.6169, 29.1016, 152.29, 28.9128, 35.112, 0.972712, 2.26584, 0.982126, -118.603, 0.993308, 121.006
1253, 20.88333, 29.2103, -83.6146, 29.0805, 152.288, 28.8915, 35.1134, 0.972665, 2.2657, 0.98208, -118.603, 0.993273, 121.004
1254, 20.89167, 29.1895, -83.6124, 29.0594, 152.285, 28.8701, 35.1149, 0.972619, 2.26556, 0.982034, -118.604, 0.993237, 121.003
1254, 20.90000, 29.1687, -83.6101, 29.0384, 152.283, 28.8488, 35.1164, 0.972573, 2.26542, 0.981988, -118.605, 0.993201, 121.002
1255, 20.90833, 29.148, -83.6077, 29.0174, 152.281, 28.8276, 35.1178, 0.972526, 2.26529, 0.981942, -118.605, 0.993165, 121.001
1255, 20.91667, 29.1272, -83.6054, 28.9963, 152.278, 28.8063, 35.1193, 0.97248, 2.26516, 0.981896, -118.606, 0.993129, 120.999
1256, 20.92500, 29.1065, -83.6031, 28.9753, 152.276, 28.7851, 35.1208, 0.972434, 2.26504, 0.98185, -118.607, 0.993094, 120.998
1256, 20.93333, 29.0858, -83.6008, 28.9544, 152.274, 28.7638, 35.1223, 0.972388, 2.26492, 0.981804, -118.608, 0.993058, 120.997
1257, 20.94167, 29.0651, -83.5985, 28.9334, 152.271, 28.7426, 35.1238, 0.972342, 2.2648, 0.981758, -118.608, 0.993023, 120.996
1257, 20.95000, 29.0444, -83.5961, 28.9125, 152.269, 28.7214, 35.1252, 0.972297, 2.26469, 0.981712, -118.609, 0.992987, 120.994
1258, 20.95833, 29.0237, -83.5938, 28.8915, 152.267, 28.7002, 35.1267, 0.972251, 2.26458, 0.981666, -118.61, 0.992952, 120.993
1258, 20.96667, 29.0031, -83.5914, 28.8706, 152.265, 28.679, 35.1283, 0.972205, 2.26447, 0.98162, -118.61, 0.992916, 120.992
1259, 20.97500, 28.9825, -83.5891, 28.8497, 152.262, 28.6579, 35.1298, 0.972159, 2.26437, 0.981575, -118.611, 0.992881, 120.991
1259, 20.98333, 28.9618, -83.5867, 28.8288, 152.26, 28.6367, 35.1313, 0.972114, 2.26427, 0.981529, -118.612, 0.992846, 120.989
1260, 20.99167, 28.9412, -83.5844, 28.8079, 152.258, 28.6156, 35.1328, 0.972068, 2.26418, 0.981484, -118.612, 0.99281, 120.988
1260, 21.00000, 28.9207, -83.582, 28.7871, 152.255, 28.5945, 35.1343, 0.972023, 2.26408, 0.981438, -118.613, 0.992775, 120.987
1261, 21.00833, 28.9001, -83.5796, 28.7662, 152.253, 28.5734, 35.1359, 0.971978, 2.264, 0.981393, -118.614, 0.99274, 120.986
1261, 21.01667, 28.8795, -83.5772, 28.7454, 152.251, 28.5523, 35.1374, 0.971932, 2.26391, 0.981347, -118.614, 0.992705, 120.984
1262, 21.02500, 28.859, -83.5749, 28.7246, 152.248, 28.5312, 35.1389, 0.971887, 2.26383, 0.981302, -118.615, 0.99267, 120.983
1262, 21.03333, 28.8385, -83.5725, 28.7038, 152.246, 28.5102, 35.1405, 0.971842, 2.26375, 0.981256, -118.615, 0.992635, 120.982
1263, 21.04167, 28.818, -83.5701, 28.683, 152.244, 28.4891, 35.142, 0.971797, 2.26368, 0.981211, -118.616, 0.9926, 120.981
1263, 21.05000, 28.7975, -83.5676, 28.6623, 152.241, 28.4681, 35.1436, 0.971752, 2.26361, 0.981166, -118.617, 0.992565, 120.979
1264, 21.05833, 28.777, -83.5652, 28.6415, 152.239, 28.4471, 35.1452, 0.971707, 2.26354, 0.981121, -118.617, 0.99253, 120.978
1264, 21.06667, 28.7565, -83.5628, 28.6208, 152.237, 28.4261, 35.1467, 0.971662, 2.26348, 0.981076, -118.618, 0.992495, 120.977
1265, 21.07500, 28.7361, -83.5604, 28.6, 152.235, 28.4051, 35.1483, 0.971617, 2.26342, 0.98103, -118.619, 0.992461, 120.976
1265, 21.08333, 28.7156, -83.558, 28.5793, 152.232, 28.3841, 35.1499, 0.971573, 2.26336, 0.980985, -118.619, 0.992426, 120.974
1266, 21.09167, 28.6952, -83.5555, 28.5587, 152.23, 28.3632, 35.1515, 0.971528, 2.26331, 0.98094, -118.62, 0.992391, 120.973
1266, 21.10000, 28.6748, -83.5531, 28.538, 152.228, 28.3422, 35.1531, 0.971484, 2.26326, 0.980895, -118.621, 0.992357, 120.972
1267, 21.10833, 28.6544, -83.5506, 28.5173, 152.225, 28.3213, 35.1547, 0.971439, 2.26321, 0.980851, -118.621, 0.992322, 120.971
1267, 21.11667, 28.6341, -83.5482, 28.4967, 152.223, 28.3004, 35.1563, 0.971395, 2.26317, 0.980806, -118.622, 0.992288, 120.969
1268, 21.12500, 28.6137, -83.5457, 28.476, 152.221, 28.2795, 35.1579, 0.97135, 2.26313, 0.980761, -118.623, 0.992254, 120.968
1268, 21.13333, 28.5934, -83.5433, 28.4554, 152.218, 28.2586, 35.1595, 0.971306, 2.2631, 0.980716, -118.623, 0.992219, 120.967
1269, 21.14167, 28.573, -83.5408, 28.4348, 152.216, 28.2377, 35.1611, 0.971262, 2.26307, 0.980672, -118.624, 0.992185, 120.966
1269, 21.15000, 28.5527, -83.5383, 28.4143, 152.214, 28.2169, 35.1627, 0.971218, 2.26304, 0.980627, -118.625, 0.992151, 120.964
1270, 21.15833, 28.5324, -83.5358, 28.3937, 152.211, 28.196, 35.1644, 0.971174, 2.26302, 0.980582, -118.625, 0.992116, 120.963
1270, 21.16667, 28.5121, -83.5333, 28.3731, 152.209, 28.1752, 35.166, 0.97113, 2.26299, 0.980538, -118.626, 0.992082, 120.962
1271, 21.17500, 28.4919, -83.5308, 28.3526, 152.207, 28.1544, 35.1676, 0.971086, 2.26298, 0.980493, -118.626, 0.992048, 120.961
1271, 21.18333, 28.4716, -83.5283, 28.3321, 152.204, 28.1336, 35.1693, 0.971042, 2.26296, 0.980449, -118.627, 0.992014, 120.96
1272, 21.19167, 28.4514, -83.5258, 28.3116, 152.202, 28.1128, 35.1709, 0.970998, 2.26295, 0.980404, -118.628, 0.99198, 120.958
1272, 21.20000, 28.4311, -83.5233, 28.2911, 152.2, 28.0921, 35.1726, 0.970954, 2.26295, 0.98036, -118.628, 0.991946, 120.957
1273, 21.20833, 28.4109, -83.5208, 28.2706, 152.197, 28.0713, 35.1743, 0.970911, 2.26295, 0.980316, -118.629, 0.991912, 120.956
1273, 21.21667, 28.3907, -83.5183, 28.2501, 152.195, 28.0506, 35.1759, 0.970867, 2.26295, 0.980271, -118.63, 0.991878, 120.955
1274, 21.22500, 28.3706, -83.5157, 28.2297, 152.193, 28.0298, 35.1776, 0.970824, 2.26295, 0.980227, -118.63, 0.991845, 120.953
1274, 21.23333, 28.3504, -83.5132, 28.2092, 152.191, 28.0091, 35.1793, 0.97078, 2.26296, 0.980183, -118.631, 0.991811, 120.952
1275, 21.24167, 28.3302, -83.5106, 28.1888, 152.188, 27.9884, 35.181, 0.970737, 2.26297, 0.980139, -118.631, 0.991777, 120.951
1275, 21.25000, 28.3101, -83.5081, 28.1684, 152.186, 27.9677, 35.1827, 0.970694, 2.26299, 0.980095, -118.632, 0.991743, 120.95
1276, 21.25833, 28.29, -83.5055, 28.148, 152.184, 27.9471, 35.1844, 0.970651, 2.26301, 0.980051, -118.633, 0.99171, 120.949
1276, 21.26667, 28.2699, -83.503, 28.1277, 152.181, 27.9264, 35.1861, 0.970607, 2.26303, 0.980007, -118.633, 0.991676, 120.947
1277, 21.27500, 28.2498, -83.5004, 28.1073, 152.179, 27.9058, 35.1878, 0.970564, 2.26306, 0.979963, -118.634, 0.991643, 120.946
1277, 21.28333, 28.2297, -83.4978, 28.087, 152.177, 27.8851, 35.1895, 0.970521, 2.26309, 0.979919, -118.635, 0.991609, 120.945
1278, 21.29167, 28.2097, -83.4952, 28.0666, 152.174, 27.8645, 35.1912, 0.970478, 2.26312, 0.979875, -118.635, 0.991576, 120.944
1278, 21.30000, 28.1896, -83.4926, 28.0463, 152.172, 27.8439, 35.1929, 0.970436, 2.26316, 0.979831, -118.636, 0.991542, 120.942
1279, 21.30833, 28.1696, -83.4901, 28.026, 152.17, 27.8234, 35.1947, 0.970393, 2.2632, 0.979787, -118.636, 0.991509, 120.941
1279, 21.31667, 28.1496, -83.4875, 28.0057, 152.167, 27.8028, 35.1964, 0.97035, 2.26324, 0.979744, -118.637, 0.991476, 120.94
1280, 21.32500, 28.1295, -83.4848, 27.9855, 152.165, 27.7822, 35.1981, 0.970308, 2.26329, 0.9797, -118.638, 0.991443, 120.939
1280, 21.33333, 28.1096, -83.4822, 27.9652, 152.163, 27.7617, 35.1999, 0.970265, 2.26334, 0.979657, -118.638, 0.99141, 120.938
1281, 21.34167, 28.0896, -83.4796, 27.945, 152.16, 27.7411, 35.2016, 0.970223, 2.2634, 0.979613, -118.639, 0.991376, 120.936
1281, 21.35000, 28.0696, -83.477, 27.9247, 152.158, 27.7206, 35.2034, 0.97018, 2.26345, 0.979569, -118.639, 0.991343, 120.935
1282, 21.35833, 28.0497, -83.4744, 27.9045, 152.156, 27.7001, 35.2052, 0.970138, 2.26352, 0.979526, -118.64, 0.99131, 120.934
1282, 21.36667, 28.0297, -83.4717, 27.8843, 152.153, 27.6796, 35.2069, 0.970096, 2.26358, 0.979482, -118.641, 0.991277, 120.933
1283, 21.37500, 28.0098, -83.4691, 27.8641, 152.151, 27.6592, 35.2087, 0.970053, 2.26365, 0.979439, -118.641, 0.991244, 120.931
1283, 21.38333, 27.9899, -83.4664, 27.844, 152.149, 27.6387, 35.2105, 0.970011, 2.26372, 0.979396, -118.642, 0.991212, 120.93
1284, 21.39167, 27.97, -83.4638, 27.8238, 152.146, 27.6183, 35.2123, 0.969969, 2.2638, 0.979352, -118.642, 0.991179, 120.929
1284, 21.40000, 27.9502, -83.4611, 27.8037, 152.144, 27.5978, 35.2141, 0.969927, 2.26388, 0.979309, -118.643, 0.991146, 120.928
1285, 21.40833, 27.9303, -83.4585, 27.7835, 152.142, 27.5774, 35.2159, 0.969885, 2.26397, 0.979266, -118.644, 0.991113, 120.927
1285, 21.41667, 27.9105, -83.4558, 27.7634, 152.139, 27.557, 35.2177, 0.969844, 2.26405, 0.979223, -118.644, 0.991081, 120.925
1286, 21.42500, 27.8906, -83.4531, 27.7433, 152.137, 27.5366, 35.2195, 0.969802, 2.26414, 0.97918, -118.645, 0.991048, 120.924
1286, 21.43333, 27.8708, -83.4504, 27.7232, 152.135, 27.5162, 35.2213, 0.96976, 2.26424, 0.979137, -118.645, 0.991015, 120.923
1287, 21.44167, 27.851, -83.4477, 27.7032, 152.132, 27.4959, 35.2231, 0.969719, 2.26434, 0.979094, -118.646, 0.990983, 120.922
1287, 21.45000, 27.8312, -83.445, 27.6831, 152.13, 27.4755, 35.225, 0.969677, 2.26444, 0.979051, -118.647, 0.99095, 120.921
1288, 21.45833, 27.8115, -83.4423, 27.6631, 152.128, 27.4552, 35.2268, 0.969636, 2.26455, 0.979008, -118.647, 0.990918, 120.919
1288, 21.46667, 27.7917, -83.4396, 27.6431, 152.125, 27.4349, 35.2286, 0.969594, 2.26465, 0.978965, -118.648, 0.990885, 120.918
1289, 21.47500, 27.7719, -83.4369, 27.623, 152.123, 27.4146, 35.2305, 0.969553, 2.26477, 0.978922, -118.648, 0.990853, 120.917
1289, 21.48333, 27.7522, -83.4342, 27.603, 152.121, 27.3943, 35.2323, 0.969512, 2.26488, 0.978879, -118.649, 0.990821, 120.916
1290, 21.49167, 27.7325, -83.4314, 27.5831, 152.118, 27.374, 35.2342, 0.969471, 2.265, 0.978836, -118.65, 0.990789, 120.915
1290, 21.50000, 27.7128, -83.4287, 27.5631, 152.116, 27.3537, 35.236, 0.969429, 2.26513, 0.978794, -118.65, 0.990756, 120.913
1291, 21.50833, 27.6931, -83.426, 27.5431, 152.114, 27.3335, 35.2379, 0.969388, 2.26525, 0.978751, -118.651, 0.990724, 120.912
1291, 21.51667, 27.6734, -83.4232, 27.5232, 152.111, 27.3132, 35.2398, 0.969348, 2.26539, 0.978708, -118.651, 0.990692, 120.911
1292, 21.52500, 27.6538, -83.4205, 27.5033, 152.109, 27.293, 35.2417, 0.969307, 2.26552, 0.978666, -118.652, 0.99066, 120.91
1292, 21.53333, 27.6341, -83.4177, 27.4834, 152.107, 27.2728, 35.2435, 0.969266, 2.26566, 0.978623, -118.653, 0.990628, 120.909
1293, 21.54167, 27.6145, -83.4149, 27.4635, 152.104, 27.2526, 35.2454, 0.969225, 2.2658, 0.978581, -118.653, 0.990596, 120.907
1293, 21.55000, 27.5949, -83.4122, 27.4436, 152.102, 27.2324, 35.2473, 0.969185, 2.26595, 0.978538, -118.654, 0.990564, 120.906
1294, 21.55833, 27.5753, -83.4094, 27.4237, 152.1, 27.2122, 35.2492, 0.969144, 2.26609, 0.978496, -118.654, 0.990532, 120.905
1294, 21.56667, 27.5557, -83.4066, 27.4038, 152.097, 27.192, 35.2511, 0.969103, 2.26625, 0.978453, -118.655, 0.990501, 120.904
1295, 21.57500, 27.5361, -83.4038, 27.384, 152.095, 27.1719, 35.2531, 0.969063, 2.2664, 0.978411, -118.655, 0.990469, 120.903
1295, 21.58333, 27.5165, -83.401, 27.3642, 152.093, 27.1518, 35.255, 0.969023, 2.26656, 0.978369, -118.656, 0.990437, 120.901
1296, 21.59167, 27.497, -83.3982, 27.3444, 152.09, 27.1316, 35.2569, 0.968982, 2.26673, 0.978326, -118.657, 0.990405, 120.9
1296, 21.60000, 27.4775, -83.3954, 27.3246, 152.088, 27.1115, 35.2588, 0.968942, 2.26689, 0.978284, -118.657, 0.990374, 120.899
1297, 21.60833, 27.4579, -83.3926, 27.3048, 152.086, 27.0914, 35.2608, 0.968902, 2.26707, 0.978242, -118.658, 0.990342, 120.898
1297, 21.61667, 27.4384, -83.3898, 27.285, 152.083, 27.0714, 35.2627, 0.968862, 2.26724, 0.9782, -118.658, 0.990311, 120.897
1298, 21.62500, 27.4189, -83.3869, 27.2652, 152.081, 27.0513, 35.2647, 0.968822, 2.26742, 0.978158, -118.659, 0.990279, 120.896
1298, 21.63333, 27.3995, -83.3841, 27.2455, 152.079, 27.0312, 35.2666, 0.968782, 2.2676, 0.978116, -118.659, 0.990248, 120.894
1299, 21.64167, 27.38, -83.3813, 27.2258, 152.076, 27.0112, 35.2686, 0.968742, 2.26779, 0.978074, -118.66, 0.990216, 120.893
1299, 21.65000, 27.3605, -83.3784, 27.2061, 152.074, 26.9912, 35.2706, 0.968702, 2.26797, 0.978032, -118.66, 0.990185, 120.892
1300, 21.65833, 27.3411, -83.3756, 27.1864, 152.072, 26.9712, 35.2725, 0.968663, 2.26817, 0.97799, -118.661, 0.990154, 120.891
1300, 21.66667, 27.3217, -83.3727, 27.1667, 152.069, 26.9511, 35.2745, 0.968623, 2.26836, 0.977948, -118.662, 0.990122, 120.89
1301, 21.67500, 27.3023, -83.3698, 27.147, 152.067, 26.9312, 35.2765, 0.968584, 2.26856, 0.977906, -118.662, 0.990091, 120.888
1301, 21.68333, 27.2829, -83.367, 27.1273, 152.065, 26.9112, 35.2785, 0.968544, 2.26877, 0.977864, -118.663, 0.99006, 120.887
1302, 21.69167, 27.2635, -83.3641, 27.1077, 152.062, 26.8912, 35.2805, 0.968505, 2.26897, 0.977823, -118.663, 0.990029, 120.886
1302, 21.70000, 27.2441, -83.3612, 27.088, 152.06, 26.8713, 35.2825, 0.968466, 2.26918, 0.977781, -118.664, 0.989998, 120.885
1303, 21.70833, 27.2248, -83.3583, 27.0684, 152.057, 26.8513, 35.2845, 0.968426, 2.2694, 0.977739, -118.664, 0.989967, 120.884
1303, 21.71667, 27.2054, -83.3554, 27.0488, 152.055, 26.8314, 35.2865, 0.968387, 2.26962, 0.977697, -118.665, 0.989936, 120.883
1304, 21.72500, 27.1861, -83.3525, 27.0292, 152.053, 26.8115, 35.2885, 0.968348, 2.26984, 0.977656, -118.666, 0.989905, 120.881
1304, 21.73333, 27.1668, -83.3496, 27.0097, 152.05, 26.7916, 35.2906, 0.968309, 2.27006, 0.977614, -118.666, 0.989874, 120.88
1305, 21.74167, 27.1475, -83.3467, 26.9901, 152.048, 26.7717, 35.2926, 0.96827, 2.27029, 0.977573, -118.667, 0.989843, 120.879
1305, 21.75000, 27.1282, -83.3438, 26.9705, 152.046, 26.7519, 35.2946, 0.968231, 2.27053, 0.977531, -118.667, 0.989812, 120.878
1306, 21.75833, 27.1089, -83.3408, 26.951, 152.043, 26.732, 35.2967, 0.968192, 2.27076, 0.97749, -118.668, 0.989781, 120.877
1306, 21.76667, 27.0896, -83.3379, 26.9315, 152.041, 26.7121, 35.2987, 0.968154, 2.271, 0.977449, -118.668, 0.989751, 120.876
1307, 21.77500, 27.0704, -83.335, 26.912, 152.039, 26.6923, 35.3008, 0.968115, 2.27125, 0.977407, -118.669, 0.98972, 120.874
1307, 21.78333, 27.0512, -83.332, 26.8925, 152.036, 26.6725, 35.3028, 0.968077, 2.27149, 0.977366, -118.669, 0.989689, 120.873
1308, 21.79167, 27.0319, -83.3291, 26.873, 152.034, 26.6527, 35.3049, 0.968038, 2.27174, 0.977325, -118.67, 0.989659, 120.872
1308, 21.80000, 27.0127, -83.3261, 26.8535, 152.032, 26.6329, 35.307, 0.968, 2.272, 0.977283, -118.67, 0.989628, 120.871
1309, 21.80833, 26.9935, -83.3232, 26.8341, 152.029, 26.6131, 35.3091, 0.967961, 2.27226, 0.977242, -118.671, 0.989598, 120.87
1309, 21.81667, 26.9744, -83.3202, 26.8146, 152.027, 26.5933, 35.3112, 0.967923, 2.27252, 0.977201, -118.671, 0.989567, 120.868
1310, 21.82500, 26.9552, -83.3172, 26.7952, 152.024, 26.5736, 35.3133, 0.967885, 2.27278, 0.97716, -118.672, 0.989537, 120.867
1310, 21.83333, 26.936, -83.3142, 26.7758, 152.022, 26.5539, 35.3154, 0.967847, 2.27305, 0.977119, -118.673, 0.989506, 120.866
1311, 21.84167, 26.9169, -83.3112, 26.7564, 152.02, 26.5341, 35.3175, 0.967809, 2.27332, 0.977078, -118.673, 0.989476, 120.865
1311, 21.85000, 26.8978, -83.3082, 26.737, 152.017, 26.5144, 35.3196, 0.967771, 2.2736, 0.977037, -118.674, 0.989446, 120.864
1312, 21.85833, 26.8787, -83.3052, 26.7176, 152.015, 26.4947, 35.3217, 0.967733, 2.27388, 0.976996, -118.674, 0.989416, 120.863
1312, 21.86667, 26.8596, -83.3022, 26.6982, 152.013, 26.475, 35.3238, 0.967695, 2.27416, 0.976955, -118.675, 0.989385, 120.861
1313, 21.87500, 26.8405, -83.2992, 26.6789, 152.01, 26.4553, 35.326, 0.967657, 2.27445, 0.976914, -118.675, 0.989355, 120.86
1313, 21.88333, 26.8214, -83.2962, 26.6595, 152.008, 26.4357, 35.3281, 0.96762, 2.27474, 0.976873, -118.676, 0.989325, 120.859
1313, 21.89167, 26.8023, -83.2932, 26.6402, 152.005, 26.416, 35.3302, 0.967582, 2.27504, 0.976833, -118.676, 0.989295, 120.858
1314, 21.90000, 26.7833, -83.2901, 26.6209, 152.003, 26.3964, 35.3324, 0.967545, 2.27534, 0.976792, -118.677, 0.989265, 120.857
1315, 21.90833, 26.7643, -83.2871, 26.6016, 152.001, 26.3767, 35.3345, 0.967507, 2.27564, 0.976751, -118.677, 0.989235, 120.856
1315, 21.91667, 26.7452, -83.284, 26.5823, 151.998, 26.3571, 35.3367, 0.96747, 2.27594, 0.97671, -118.678, 0.989205, 120.854
1315, 21.92500, 26.7262, -83.281, 26.5631, 151.996, 26.3375, 35.3389, 0.967432, 2.27625, 0.97667, -118.678, 0.989175, 120.853
1316, 21.93333, 26.7072, -83.2779, 26.5438, 151.994, 26.3179, 35.341, 0.967395, 2.27656, 0.976629, -118.679, 0.989145, 120.852
1317, 21.94167, 26.6883, -83.2748, 26.5246, 151.991, 26.2984, 35.3432, 0.967358, 2.27688, 0.976589, -118.679, 0.989116, 120.851
1317, 21.95000, 26.6693, -83.2718, 26.5053, 151.989, 26.2788, 35.3454, 0.967321, 2.2772, 0.976548, -118.68, 0.989086, 120.85
1317, 21.95833, 26.6503, -83.2687, 26.4861, 151.986, 26.2592, 35.3476, 0.967284, 2.27753, 0.976508, -118.68, 0.989056, 120.849
1318, 21.96667, 26.6314, -83.2656, 26.4669, 151.984, 26.2397, 35.3498, 0.967247, 2.27785, 0.976467, -118.681, 0.989027, 120.848
1319, 21.97500, 26.6125, -83.2625, 26.4477, 151.982, 26.2202, 35.352, 0.96721, 2.27818, 0.976427, -118.681, 0.988997, 120.846
1319, 21.98333, 26.5936, -83.2594, 26.4286, 151.979, 26.2007, 35.3542, 0.967174, 2.27852, 0.976386, -118.682, 0.988967, 120.845
1319, 21.99167, 26.5746, -83.2563, 26.4094, 151.977, 26.1812, 35.3564, 0.967137, 2.27886, 0.976346, -118.682, 0.988938, 120.844
1320, 22.00000, 26.5558, -83.2532, 26.3902, 151.975, 26.1617, 35.3587, 0.9671, 2.2792, 0.976306, -118.683, 0.988908, 120.843
1321, 22.00833, 26.5369, -83.2501, 26.3711, 151.972, 26.1422, 35.3609, 0.967064, 2.27954, 0.976266, -118.683, 0.988879, 120.842
1321, 22.01667, 26.518, -83.247, 26.352, 151.97, 26.1227, 35.3631, 0.967028, 2.27989, 0.976225, -118.684, 0.988849, 120.841
1321, 22.02500, 26.4992, -83.2438, 26.3329, 151.967, 26.1033, 35.3654, 0.966991, 2.28025, 0.976185, -118.684, 0.98882, 120.839
1322, 22.03333, 26.4803, -83.2407, 26.3138, 151.965, 26.0838, 35.3676, 0.966955, 2.2806, 0.976145, -118.685, 0.988791, 120.838
1323, 22.04167, 26.4615, -83.2376, 26.2947, 151.963, 26.0644, 35.3699, 0.966919, 2.28096, 0.976105, -118.685, 0.988761, 120.837
1323, 22.05000, 26.4427, -83.2344, 26.2756, 151.96, 26.045, 35.3722, 0.966883, 2.28133, 0.976065, -118.686, 0.988732, 120.836
1323, 22.05833, 26.4239, -83.2313, 26.2566, 151.958, 26.0256, 35.3744, 0.966847, 2.2817, 0.976025, -118.686, 0.988703, 120.835
1324, 22.06667, 26.4051, -83.2281, 26.2375, 151.955, 26.0062, 35.3767, 0.966811, 2.28207, 0.975985, -118.687, 0.988674, 120.834
1325, 22.07500, 26.3863, -83.2249, 26.2185, 151.953, 25.9868, 35.379, 0.966775, 2.28244, 0.975945, -118.687, 0.988645, 120.833
1325, 22.08333, 26.3676, -83.2218, 26.1995, 151.951, 25.9674, 35.3813, 0.966739, 2.28282, 0.975905, -118.688, 0.988616, 120.831
1325, 22.09167, 26.3488, -83.2186, 26.1804, 151.948, 25.9481, 35.3836, 0.966703, 2.2832, 0.975865, -118.688, 0.988587, 120.83
1326, 22.10000, 26.3301, -83.2154, 26.1615, 151.946, 25.9288, 35.3859, 0.966668, 2.28359, 0.975825, -118.689, 0.988558, 120.829
1327, 22.10833, 26.3114, -83.2122, 26.1425, 151.943, 25.9094, 35.3882, 0.966632, 2.28398, 0.975785, -118.689, 0.988529, 120.828
1327, 22.11667, 26.2927, -83.209, 26.1235, 151.941, 25.8901, 35.3905, 0.966596, 2.28437, 0.975746, -118.69, 0.9885, 120.827
1327, 22.12500, 26.274, -83.2058, 26.1045, 151.939, 25.8708, 35.3928, 0.966561, 2.28477, 0.975706, -118.69, 0.988471, 120.826
1328, 22.13333, 26.2553, -83.2026, 26.0856, 151.936, 25.8515, 35.3951, 0.966526, 2.28517, 0.975666, -118.691, 0.988442, 120.825
1329, 22.14167, 26.2366, -83.1994, 26.0667, 151.934, 25.8322, 35.3975, 0.96649, 2.28557, 0.975627, -118.691, 0.988413, 120.823
1329, 22.15000, 26.218, -83.1961, 26.0478, 151.931, 25.813, 35.3998, 0.966455, 2.28598, 0.975587, -118.692, 0.988385, 120.822
1329, 22.15833, 26.1993, -83.1929, 26.0289, 151.929, 25.7937, 35.4022, 0.96642, 2.28639, 0.975547, -118.692, 0.988356, 120.821
1330, 22.16667, 26.1807, -83.1897, 26.01, 151.927, 25.7745, 35.4045, 0.966385, 2.28681, 0.975508, -118.693, 0.988327, 120.82
1331, 22.17500, 26.1621, -83.1864, 25.9911, 151.924, 25.7552, 35.4069, 0.96635, 2.28723, 0.975468, -118.693, 0.988299, 120.819
1331, 22.18333, 26.1435, -83.1832, 25.9722, 151.922, 25.736, 35.4092, 0.966315, 2.28765, 0.975429, -118.694, 0.98827, 120.818
1331, 22.19167, 26.1249, -83.1799, 25.9534, 151.919, 25.7168, 35.4116, 0.966281, 2.28807, 0.975389, -118.694, 0.988242, 120.817
1332, 22.20000, 26.1063, -83.1767, 25.9345, 151.917, 25.6976, 35.414, 0.966246, 2.2885, 0.97535, -118.695, 0.988213, 120.815
1333, 22.20833, 26.0877, -83.1734, 25.9157, 151.915, 25.6784, 35.4164, 0.966211, 2.28894, 0.975311, -118.695, 0.988185, 120.814
1333, 22.21667, 26.0692, -83.1701, 25.8969, 151.912, 25.6592, 35.4188, 0.966177, 2.28937, 0.975271, -118.696, 0.988156, 120.813
1333, 22.22500, 26.0506, -83.1668, 25.8781, 151.91, 25.6401, 35.4212, 0.966142, 2.28981, 0.975232, -118.696, 0.988128, 120.812
1334, 22.23333, 26.0321, -83.1635, 25.8593, 151.907, 25.6209, 35.4236, 0.966108, 2.29026, 0.975193, -118.697, 0.9881, 120.811
1335, 22.24167, 26.0136, -83.1602, 25.8405, 151.905, 25.6018, 35.426, 0.966074, 2.29071, 0.975153, -118.697, 0.988071, 120.81
1335, 22.25000, 25.9951, -83.1569, 25.8217, 151.903, 25.5827, 35.4284, 0.966039, 2.29116, 0.975114, -118.698, 0.988043, 120.809
1335, 22.25833, 25.9766, -83.1536, 25.803, 151.9, 25.5636, 35.4308, 0.966005, 2.29161, 0.975075, -118.698, 0.988015, 120.807
1336, 22.26667, 25.9581, -83.1503, 25.7842, 151.898, 25.5445, 35.4333, 0.965971, 2.29207, 0.975036, -118.698, 0.987987, 120.806
1337, 22.27500, 25.9396, -83.147, 25.7655, 151.895, 25.5254, 35.4357, 0.965937, 2.29253, 0.974997, -118.699, 0.987959, 120.805
1337, 22.28333, 25.9212, -83.1437, 25.7468, 151.893, 25.5063, 35.4382, 0.965903, 2.293, 0.974958, -118.699, 0.987931, 120.804
1337, 22.29167, 25.9027, -83.1403, 25.7281, 151.89, 25.4872, 35.4406, 0.965869, 2.29347, 0.974919, -118.7, 0.987903, 120.803
1338, 22.30000, 25.8843, -83.137, 25.7094, 151.888, 25.4682, 35.4431, 0.965836, 2.29394, 0.97488, -118.7, 0.987875, 120.802
1339, 22.30833, 25.8659, -83.1336, 25.6907, 151.886, 25.4492, 35.4455, 0.965802, 2.29442, 0.974841, -118.701, 0.987847, 120.801
1339, 22.31667, 25.8475, -83.1303, 25.6721, 151.883, 25.4301, 35.448, 0.965769, 2.2949, 0.974802, -118.701, 0.987819, 120.8
1339, 22.32500, 25.8291, -83.1269, 25.6534, 151.881, 25.4111, 35.4505, 0.965735, 2.29539, 0.974763, -118.702, 0.987791, 120.798
1340, 22.33333, 25.8107, -83.1236, 25.6348, 151.878, 25.3921, 35.453, 0.965702, 2.29587, 0.974724, -118.702, 0.987763, 120.797
1341, 22.34167, 25.7923, -83.1202, 25.6162, 151.876, 25.3731, 35.4555, 0.965668, 2.29637, 0.974685, -118.703, 0.987735, 120.796
1341, 22.35000, 25.774, -83.1168, 25.5975, 151.873, 25.3541, 35.458, 0.965635, 2.29686, 0.974647, -118.703, 0.987707, 120.795
1341, 22.35833, 25.7556, -83.1134, 25.5789, 151.871, 25.3352, 35.4605, 0.965602, 2.29736, 0.974608, -118.704, 0.98768, 120.794
1342, 22.36667, 25.7373, -83.11, 25.5603, 151.869, 25.3162, 35.463, 0.965569, 2.29786, 0.974569, -118.704, 0.987652, 120.793
1343, 22.37500, 25.719, -83.1066, 25.5418, 151.866, 25.2973, 35.4655, 0.965536, 2.29837, 0.97453, -118.704, 0.987624, 120.792
1343, 22.38333, 25.7006, -83.1032, 25.5232, 151.864, 25.2783, 35.468, 0.965503, 2.29888, 0.974492, -118.705, 0.987597, 120.79
1343, 22.39167, 25.6823, -83.0998, 25.5047, 151.861, 25.2594, 35.4706, 0.96547, 2.29939, 0.974453, -118.705, 0.987569, 120.789
1344, 22.40000, 25.6641, -83.0964, 25.4861, 151.859, 25.2405, 35.4731, 0.965437, 2.29991, 0.974415, -118.706, 0.987542, 120.788
1345, 22.40833, 25.6458, -83.093, 25.4676, 151.856, 25.2216, 35.4757, 0.965405, 2.30043, 0.974376, -118.706, 0.987514, 120.787
1345, 22.41667, 25.6275, -83.0895, 25.4491, 151.854, 25.2027, 35.4782, 0.965372, 2.30095, 0.974338, -118.707, 0.987487, 120.786
1345, 22.42500, 25.6093, -83.0861, 25.4306, 151.851, 25.1838, 35.4808, 0.96534, 2.30148, 0.974299, -118.707, 0.987459, 120.785
1346, 22.43333, 25.5911, -83.0827, 25.4121, 151.849, 25.165, 35.4833, 0.965307, 2.30201, 0.974261, -118.708, 0.987432, 120.784
1347, 22.44167, 25.5728, -83.0792, 25.3936, 151.847, 25.1461, 35.4859, 0.965275, 2.30255, 0.974222, -118.708, 0.987405, 120.783
1347, 22.45000, 25.5546, -83.0757, 25.3751, 151.844, 25.1273, 35.4885, 0.965243, 2.30309, 0.974184, -118.708, 0.987378, 120.781
1348, 22.45833, 25.5364, -83.0723, 25.3567, 151.842, 25.1084, 35.4911, 0.96521, 2.30363, 0.974145, -118.709, 0.98735, 120.78
1348, 22.46667, 25.5182, -83.0688, 25.3382, 151.839, 25.0896, 35.4937, 0.965178, 2.30418, 0.974107, -118.709, 0.987323, 120.779
1349, 22.47500, 25.5001, -83.0653, 25.3198, 151.837, 25.0708, 35.4963, 0.965146, 2.30473, 0.974069, -118.71, 0.987296, 120.778
1349, 22.48333, 25.4819, -83.0618, 25.3014, 151.834, 25.052, 35.4989, 0.965114, 2.30528, 0.974031, -118.71, 0.987269, 120.777
1350, 22.49167, 25.4638, -83.0584, 25.283, 151.832, 25.0332, 35.5015, 0.965083, 2.30584, 0.973992, -118.711, 0.987242, 120.776
1350, 22.50000, 25.4456, -83.0549, 25.2646, 151.829, 25.0145, 35.5041, 0.965051, 2.3064, 0.973954, -118.711, 0.987215, 120.775
1351, 22.50833, 25.4275, -83.0514, 25.2462, 151.827, 24.9957, 35.5068, 0.965019, 2.30696, 0.973916, -118.711, 0.987188, 120.774
1351, 22.51667, 25.4094, -83.0478, 25.2278, 151.824, 24.977, 35.5094, 0.964988, 2.30753, 0.973878, -118.712, 0.987161, 120.773
1352, 22.52500, 25.3913, -83.0443, 25.2095, 151.822, 24.9582, 35.5121, 0.964956, 2.3081, 0.97384, -118.712, 0.987134, 120.771
1352, 22.53333, 25.3732, -83.0408, 25.1911, 151.819, 24.9395, 35.5147, 0.964925, 2.30868, 0.973802, -118.713, 0.987107, 120.77
1353, 22.54167, 25.3551, -83.0373, 25.1728, 151.817, 24.9208, 35.5174, 0.964893, 2.30926, 0.973764, -118.713, 0.98708, 120.769
1353, 22.55000, 25.337, -83.0337, 25.1545, 151.815, 24.9021, 35.52, 0.964862, 2.30984, 0.973726, -118.713, 0.987053, 120.768
1354, 22.55833, 25.319, -83.0302, 25.1362, 151.812, 24.8834, 35.5227, 0.964831, 2.31042, 0.973688, -118.714, 0.987026, 120.767
1354, 22.56667, 25.3009, -83.0266, 25.1179, 151.81, 24.8647, 35.5254, 0.9648, 2.31101, 0.97365, -118.714, 0.987, 120.766
1355, 22.57500, 25.2829, -83.0231, 25.0996, 151.807, 24.846, 35.5281, 0.964769, 2.31161, 0.973612, -118.715, 0.986973, 120.765
1355, 22.58333, 25.2649, -83.0195, 25.0813, 151.805, 24.8274, 35.5308, 0.964738, 2.3122, 0.973574, -118.715, 0.986946, 120.764
1356, 22.59167, 25.2469, -83.016, 25.063, 151.802, 24.8087, 35.5335, 0.964707, 2.3128, 0.973536, -118.716, 0.98692, 120.762
1356, 22.60000, 25.2289, -83.0124, 25.0448, 151.8, 24.7901, 35.5362, 0.964676, 2.31341, 0.973499, -118.716, 0.986893, 120.761
1357, 22.60833, 25.2109, -83.0088, 25.0266, 151.797, 24.7715, 35.5389, 0.964646, 2.31402, 0.973461, -118.716, 0.986867, 120.76
1357, 22.61667, 25.1929, -83.0052, 25.0083, 151.795, 24.7529, 35.5416, 0.964615, 2.31463, 0.973423, -118.717, 0.98684, 120.759
1358, 22.62500, 25.175, -83.0016, 24.9901, 151.792, 24.7343, 35.5443, 0.964585, 2.31524, 0.973385, -118.717, 0.986814, 120.758
1358, 22.63333, 25.157, -82.998, 24.9719, 151.79, 24.7157, 35.5471, 0.964554, 2.31586, 0.973348, -118.718, 0.986787, 120.757
1359, 22.64167, 25.1391, -82.9944, 24.9537, 151.787, 24.6971, 35.5498, 0.964524, 2.31648, 0.97331, -118.718, 0.986761, 120.756
1359, 22.65000, 25.1212, -82.9908, 24.9355, 151.785, 24.6785, 35.5526, 0.964494, 2.31711, 0.973272, -118.718, 0.986734, 120.755
1360, 22.65833, 25.1033, -82.9872, 24.9174, 151.782, 24.66, 35.5553, 0.964464, 2.31774, 0.973235, -118.719, 0.986708, 120.754
1360, 22.66667, 25.0854, -82.9835, 24.8992, 151.78, 24.6414, 35.5581, 0.964434, 2.31837, 0.973197, -118.719, 0.986682, 120.752
1361, 22.67500, 25.0675, -82.9799, 24.8811, 151.777, 24.6229, 35.5609, 0.964404, 2.31901, 0.97316, -118.72, 0.986656, 120.751
1361, 22.68333, 25.0496, -82.9763, 24.863, 151.775, 24.6044, 35.5637, 0.964374, 2.31965, 0.973122, -118.72, 0.986629, 120.75
1362, 22.69167, 25.0317, -82.9726, 24.8448, 151.772, 24.5859, 35.5665, 0.964344, 2.32029, 0.973085, -118.72, 0.986603, 120.749
1362, 22.70000, 25.0139, -82.969, 24.8267, 151.77, 24.5674, 35.5692, 0.964314, 2.32094, 0.973047, -118.721, 0.986577, 120.748
1363, 22.70833, 24.996, -82.9653, 24.8086, 151.767, 24.5489, 35.5721, 0.964285, 2.32159, 0.97301, -118.721, 0.986551, 120.747
1363, 22.71667, 24.9782, -82.9616, 24.7905, 151.765, 24.5304, 35.5749, 0.964255, 2.32224, 0.972973, -118.722, 0.986525, 120.746
1364, 22.72500, 24.9604, -82.9579, 24.7725, 151.762, 24.5119, 35.5777, 0.964226, 2.3229, 0.972935, -118.722, 0.986499, 120.745
1364, 22.73333, 24.9426, -82.9543, 24.7544, 151.76, 24.4935, 35.5805, 0.964197, 2.32356, 0.972898, -118.722, 0.986473, 120.744
1365, 22.74167, 24.9248, -82.9506, 24.7364, 151.757, 24.475, 35.5833, 0.964167, 2.32423, 0.972861, -118.723, 0.986447, 120.743
1365, 22.75000, 24.907, -82.9469, 24.7183, 151.755, 24.4566, 35.5862, 0.964138, 2.3249, 0.972824, -118.723, 0.986421, 120.741
1366, 22.75833, 24.8892, -82.9432, 24.7003, 151.752, 24.4382, 35.589, 0.964109, 2.32557, 0.972786, -118.723, 0.986395, 120.74
1366, 22.76667, 24.8715, -82.9395, 24.6823, 151.75, 24.4198, 35.5919, 0.96408, 2.32625, 0.972749, -118.724, 0.986369, 120.739
1367, 22.77500, 24.8537, -82.9358, 24.6643, 151.747, 24.4014, 35.5947, 0.964051, 2.32692, 0.972712, -118.724, 0.986344, 120.738
1367, 22.78333, 24.836, -82.932, 24.6463, 151.745, 24.383, 35.5976, 0.964022, 2.32761, 0.972675, -118.725, 0.986318, 120.737
1368, 22.79167, 24.8183, -82.9283, 24.6283, 151.742, 24.3646, 35.6005, 0.963994, 2.32829, 0.972638, -118.725, 0.986292, 120.736
1368, 22.80000, 24.8005, -82.9246, 24.6104, 151.74, 24.3463, 35.6034, 0.963965, 2.32898, 0.972601, -118.725, 0.986266, 120.735
1369, 22.80833, 24.7828, -82.9208, 24.5924, 151.737, 24.3279, 35.6063, 0.963936, 2.32968, 0.972564, -118.726, 0.986241, 120.734
1369, 22.81667, 24.7652, -82.9171, 24.5745, 151.735, 24.3096, 35.6092, 0.963908, 2.33037, 0.972527, -118.726, 0.986215, 120.733
1370, 22.82500, 24.7475, -82.9133, 24.5565, 151.732, 24.2912, 35.6121, 0.96388, 2.33108, 0.97249, -118.727, 0.986189, 120.731
1370, 22.83333, 24.7298, -82.9096, 24.5386, 151.73, 24.2729, 35.615, 0.963851, 2.33178, 0.972453, -118.727, 0.986164, 120.73
1371, 22.84167, 24.7121, -82.9058, 24.5207, 151.727, 24.2546, 35.6179, 0.963823, 2.33249, 0.972416, -118.727, 0.986138, 120.729
1371, 22.85000, 24.6945, -82.902, 24.5028, 151.724, 24.2363, 35.6208, 0.963795, 2.3332, 0.972379, -118.728, 0.986113, 120.728
1372, 22.85833, 24.6769, -82.8982, 24.4849, 151.722, 24.218, 35.6238, 0.963767, 2.33391, 0.972342, -118.728, 0.986087, 120.727
1372, 22.86667, 24.6592, -82.8944, 24.467, 151.719, 24.1997, 35.6267, 0.963739, 2.33463, 0.972305, -118.728, 0.986062, 120.726
1373, 22.87500, 24.6416, -82.8907, 24.4492, 151.717, 24.1815, 35.6297, 0.963711, 2.33535, 0.972269, -118.729, 0.986037, 120.725
1373, 22.88333, 24.624, -82.8869, 24.4313, 151.714, 24.1632, 35.6326, 0.963684, 2.33608, 0.972232, -118.729, 0.986011, 120.724
1374, 22.89167, 24.6064, -82.883, 24.4135, 151.712, 24.145, 35.6356, 0.963656, 2.33681, 0.972195, -118.729, 0.985986, 120.723
1374, 22.90000, 24.5889, -82.8792, 24.3956, 151.709, 24.1267, 35.6386, 0.963629, 2.33754, 0.972158, -118.73, 0.985961, 120.722
1375, 22.90833, 24.5713, -82.8754, 24.3778, 151.707, 24.1085, 35.6416, 0.963601, 2.33828, 0.972122, -118.73, 0.985936, 120.72
1375, 22.91667, 24.5537, -82.8716, 24.36, 151.704, 24.0903, 35.6445, 0.963574, 2.33902, 0.972085, -118.73, 0.98591, 120.719
1376, 22.92500, 24.5362, -82.8677, 24.3422, 151.702, 24.0721, 35.6475, 0.963547, 2.33976, 0.972048, -118.731, 0.985885, 120.718
1376, 22.93333, 24.5187, -82.8639, 24.3244, 151.699, 24.0539, 35.6505, 0.963519, 2.34051, 0.972012, -118.731, 0.98586, 120.717
1377, 22.94167, 24.5012, -82.86, 24.3067, 151.696, 24.0357, 35.6536, 0.963492, 2.34126, 0.971975, -118.732, 0.985835, 120.716
1377, 22.95000, 24.4836, -82.8562, 24.2889, 151.694, 24.0175, 35.6566, 0.963465, 2.34201, 0.971939, -118.732, 0.98581, 120.715
1378, 22.95833, 24.4661, -82.8523, 24.2712, 151.691, 23.9994, 35.6596, 0.963438, 2.34277, 0.971902, -118.732, 0.985785, 120.714
1378, 22.96667, 24.4487, -82.8485, 24.2534, 151.689, 23.9812, 35.6626, 0.963412, 2.34353, 0.971866, -118.733, 0.98576, 120.713
1379, 22.97500, 24.4312, -82.8446, 24.2357, 151.686, 23.9631, 35.6657, 0.963385, 2.34429, 0.971829, -118.733, 0.985735, 120.712
1379, 22.98333, 24.4137, -82.8407, 24.218, 151.684, 23.945, 35.6687, 0.963358, 2.34506, 0.971793, -118.733, 0.98571, 120.711
1380, 22.99167, 24.3963, -82.8368, 24.2003, 151.681, 23.9269, 35.6718, 0.963332, 2.34583, 0.971757, -118.734, 0.985685, 120.71
1380, 23.00000, 24.3788, -82.8329, 24.1826, 151.678, 23.9087, 35.6749, 0.963305, 2.3466, 0.97172, -118.734, 0.98566, 120.708
1381, 23.00833, 24.3614, -82.829, 24.1649, 151.676, 23.8907, 35.6779, 0.963279, 2.34738, 0.971684, -118.734, 0.985636, 120.707
1381, 23.01667, 24.344, -82.8251, 24.1472, 151.673, 23.8726, 35.681, 0.963253, 2.34816, 0.971648, -118.735, 0.985611, 120.706
1382, 23.02500, 24.3266, -82.8212, 24.1296, 151.671, 23.8545, 35.6841, 0.963227, 2.34895, 0.971611, -118.735, 0.985586, 120.705
1382, 23.03333, 24.3092, -82.8173, 24.1119, 151.668, 23.8364, 35.6872, 0.963201, 2.34974, 0.971575, -118.735, 0.985561, 120.704
1383, 23.04167, 24.2918, -82.8133, 24.0943, 151.666, 23.8184, 35.6903, 0.963175, 2.35053, 0.971539, -118.736, 0.985537, 120.703
1383, 23.05000, 24.2744, -82.8094, 24.0767, 151.663, 23.8003, 35.6934, 0.963149, 2.35132, 0.971503, -118.736, 0.985512, 120.702
1384, 23.05833, 24.257, -82.8055, 24.0591, 151.66, 23.7823, 35.6966, 0.963123, 2.35212, 0.971466, -118.736, 0.985487, 120.701
1384, 23.06667, 24.2397, -82.8015, 24.0415, 151.658, 23.7643, 35.6997, 0.963097, 2.35292, 0.97143, -118.737, 0.985463, 120.7
1385, 23.07500, 24.2223, -82.7975, 24.0239, 151.655, 23.7463, 35.7028, 0.963072, 2.35373, 0.971394, -118.737, 0.985438, 120.699
1385, 23.08333, 24.205, -82.7936, 24.0063, 151.653, 23.7283, 35.706, 0.963046, 2.35454, 0.971358, -118.737, 0.985414, 120.698
1386, 23.09167, 24.1877, -82.7896, 23.9887, 151.65, 23.7103, 35.7091, 0.963021, 2.35535, 0.971322, -118.738, 0.985389, 120.696
1386, 23.10000, 24.1704, -82.7856, 23.9712, 151.647, 23.6923, 35.7123, 0.962996, 2.35617, 0.971286, -118.738, 0.985365, 120.695
1387, 23.10833, 24.1531, -82.7817, 23.9536, 151.645, 23.6744, 35.7155, 0.962971, 2.35699, 0.97125, -118.738, 0.98534, 120.694
1387, 23.11667, 24.1358, -82.7777, 23.9361, 151.642, 23.6564, 35.7186, 0.962946, 2.35781, 0.971214, -118.739, 0.985316, 120.693
1388, 23.12500, 24.1185, -82.7737, 23.9185, 151.64, 23.6384, 35.7218, 0.962921, 2.35863, 0.971178, -118.739, 0.985292, 120.692
1388, 23.13333, 24.1013, -82.7697, 23.901, 151.637, 23.6205, 35.725, 0.962896, 2.35946, 0.971142, -118.739, 0.985267, 120.691
1389, 23.14167, 24.084, -82.7656, 23.8835, 151.634, 23.6026, 35.7282, 0.962871, 2.3603, 0.971106, -118.739, 0.985243, 120.69
1389, 23.15000, 24.0668, -82.7616, 23.866, 151.632, 23.5847, 35.7314, 0.962846, 2.36113, 0.97107, -118.74, 0.985219, 120.689
1390, 23.15833, 24.0495, -82.7576, 23.8486, 151.629, 23.5668, 35.7347, 0.962822, 2.36197, 0.971035, -118.74, 0.985195, 120.688
1390, 23.16667, 24.0323, -82.7536, 23.8311, 151.627, 23.5489, 35.7379, 0.962797, 2.36282, 0.970999, -118.74, 0.985171, 120.687
1391, 23.17500, 24.0151, -82.7495, 23.8136, 151.624, 23.531, 35.7411, 0.962773, 2.36366, 0.970963, -118.741, 0.985146, 120.686
1391, 23.18333, 23.9979, -82.7455, 23.7962, 151.621, 23.5131, 35.7444, 0.962748, 2.36451, 0.970927, -118.741, 0.985122, 120.684
1392, 23.19167, 23.9807, -82.7414, 23.7787, 151.619, 23.4953, 35.7476, 0.962724, 2.36537, 0.970891, -118.741, 0.985098, 120.683
1392, 23.20000, 23.9635, -82.7374, 23.7613, 151.616, 23.4774, 35.7509, 0.9627, 2.36622, 0.970856, -118.742, 0.985074, 120.682
1393, 23.20833, 23.9464, -82.7333, 23.7439, 151.613, 23.4596, 35.7541, 0.962676, 2.36708, 0.97082, -118.742, 0.98505, 120.681
1393, 23.21667, 23.9292, -82.7292, 23.7265, 151.611, 23.4417, 35.7574, 0.962652, 2.36795, 0.970784, -118.742, 0.985026, 120.68
1394, 23.22500, 23.9121, -82.7252, 23.7091, 151.608, 23.4239, 35.7607, 0.962628, 2.36881, 0.970749, -118.743, 0.985002, 120.679
1394, 23.23333, 23.8949, -82.7211, 23.6917, 151.606, 23.4061, 35.764, 0.962605, 2.36968, 0.970713, -118.743, 0.984978, 120.678
1395, 23.24167, 23.8778, -82.717, 23.6743, 151.603, 23.3883, 35.7673, 0.962581, 2.37056, 0.970678, -118.743, 0.984955, 120.677
1395, 23.25000, 23.8607, -82.7129, 23.657, 151.6, 23.3705, 35.7706, 0.962557, 2.37143, 0.970642, -118.743, 0.984931, 120.676
1396, 23.25833, 23.8436, -82.7088, 23.6396, 151.598, 23.3527, 35.7739, 0.962534, 2.37231, 0.970607, -118.744, 0.984907, 120.675
1396, 23.26667, 23.8265, -82.7047, 23.6223, 151.595, 23.335, 35.7773, 0.962511, 2.3732, 0.970571, -118.744, 0.984883, 120.674
1397, 23.27500, 23.8094, -82.7005, 23.605, 151.592, 23.3172, 35.7806, 0.962488, 2.37408, 0.970536, -118.744, 0.984859, 120.673
1397, 23.28333, 23.7923, -82.6964, 23.5876, 151.59, 23.2995, 35.7839, 0.962465, 2.37497, 0.9705, -118.745, 0.984836, 120.671
1398, 23.29167, 23.7753, -82.6923, 23.5703, 151.587, 23.2817, 35.7873, 0.962442, 2.37587, 0.970465, -118.745, 0.984812, 120.67
1398, 23.30000, 23.7582, -82.6881, 23.553, 151.584, 23.264, 35.7906, 0.962419, 2.37676, 0.970429, -118.745, 0.984788, 120.669
1399, 23.30833, 23.7412, -82.684, 23.5358, 151.582, 23.2463, 35.794, 0.962396, 2.37766, 0.970394, -118.745, 0.984765, 120.668
1399, 23.31667, 23.7242, -82.6798, 23.5185, 151.579, 23.2286, 35.7974, 0.962373, 2.37857, 0.970359, -118.746, 0.984741, 120.667
1400, 23.32500, 23.7071, -82.6757, 23.5012, 151.576, 23.2109, 35.8008, 0.96235, 2.37947, 0.970323, -118.746, 0.984718, 120.666
1400, 23.33333, 23.6901, -82.6715, 23.484, 151.574, 23.1932, 35.8042, 0.962328, 2.38038, 0.970288, -118.746, 0.984694, 120.665
1401, 23.34167, 23.6731, -82.6673, 23.4667, 151.571, 23.1755, 35.8076, 0.962306, 2.38129, 0.970253, -118.747, 0.984671, 120.664
1401, 23.35000, 23.6562, -82.6631, 23.4495, 151.568, 23.1579, 35.811, 0.962283, 2.38221, 0.970218, -118.747, 0.984647, 120.663
1402, 23.35833, 23.6392, -82.659, 23.4323, 151.566, 23.1402, 35.8144, 0.962261, 2.38313, 0.970182, -118.747, 0.984624, 120.662
1402, 23.36667, 23.6222, -82.6548, 23.4151, 151.563, 23.1226, 35.8178, 0.962239, 2.38405, 0.970147, -118.747, 0.9846, 120.661
1403, 23.37500, 23.6053, -82.6506, 23.3979, 151.56, 23.1049, 35.8213, 0.962217, 2.38498, 0.970112, -118.748, 0.984577, 120.66
1403, 23.38333, 23.5883, -82.6463, 23.3807, 151.558, 23.0873, 35.8247, 0.962195, 2.38591, 0.970077, -118.748, 0.984554, 120.659
1404, 23.39167, 23.5714, -82.6421, 23.3635, 151.555, 23.0697, 35.8281, 0.962173, 2.38684, 0.970042, -118.748, 0.98453, 120.657
1404, 23.40000, 23.5545, -82.6379, 23.3463, 151.552, 23.0521, 35.8316, 0.962152, 2.38778, 0.970007, -118.748, 0.984507, 120.656
1405, 23.40833, 23.5375, -82.6337, 23.3292, 151.55, 23.0345, 35.8351, 0.96213, 2.38872, 0.969972, -118.749, 0.984484, 120.655
1405, 23.41667, 23.5206, -82.6294, 23.312, 151.547, 23.0169, 35.8386, 0.962109, 2.38966, 0.969936, -118.749, 0.984461, 120.654
1406, 23.42500, 23.5038, -82.6252, 23.2949, 151.544, 22.9993, 35.842, 0.962087, 2.3906, 0.969902, -118.749, 0.984438, 120.653
1406, 23.43333, 23.4869, -82.6209, 23.2778, 151.541, 22.9818, 35.8455, 0.962066, 2.39155, 0.969867, -118.749, 0.984414, 120.652
1407, 23.44167, 23.47, -82.6167, 23.2606, 151.539, 22.9642, 35.849, 0.962045, 2.3925, 0.969832, -118.75, 0.984391, 120.651
1407, 23.45000, 23.4531, -82.6124, 23.2435, 151.536, 22.9467, 35.8526, 0.962024, 2.39346, 0.969797, -118.75, 0.984368, 120.65
1408, 23.45833, 23.4363, -82.6082, 23.2265, 151.533, 22.9291, 35.8561, 0.962003, 2.39442, 0.969762, -118.75, 0.984345, 120.649
1408, 23.46667, 23.4195, -82.6039, 23.2094, 151.531, 22.9116, 35.8596, 0.961982, 2.39538, 0.969727, -118.75, 0.984322, 120.648
1409, 23.47500, 23.4026, -82.5996, 23.1923, 151.528, 22.8941, 35.8631, 0.961961, 2.39634, 0.969692, -118.751, 0.984299, 120.647
1409, 23.48333, 23.3858, -82.5953, 23.1752, 151.525, 22.8766, 35.8667, 0.961941, 2.39731, 0.969657, -118.751, 0.984276, 120.646
1410, 23.49167, 23.369, -82.591, 23.1582, 151.522, 22.8591, 35.8702, 0.96192, 2.39828, 0.969622, -118.751, 0.984253, 120.645
1410, 23.50000, 23.3522, -82.5867, 23.1411, 151.52, 22.8416, 35.8738, 0.9619, 2.39925, 0.969588, -118.751, 0.98423, 120.643
1411, 23.50833, 23.3354, -82.5824, 23.1241, 151.517, 22.8241, 35.8774, 0.96188, 2.40023, 0.969553, -118.752, 0.984208, 120.642
1411, 23.51667, 23.3186, -82.5781, 23.1071, 151.514, 22.8067, 35.881, 0.961859, 2.40121, 0.969518, -118.752, 0.984185, 120.641
1412, 23.52500, 23.3019, -82.5737, 23.0901, 151.512, 22.7892, 35.8846, 0.961839, 2.40219, 0.969483, -118.752, 0.984162, 120.64
1412, 23.53333, 23.2851, -82.5694, 23.0731, 151.509, 22.7718, 35.8882, 0.961819, 2.40318, 0.969449, -118.752, 0.984139, 120.639
1413, 23.54167, 23.2684, -82.5651, 23.0561, 151.506, 22.7543, 35.8918, 0.961799, 2.40417, 0.969414, -118.753, 0.984116, 120.638
1413, 23.55000, 23.2516, -82.5607, 23.0391, 151.503, 22.7369, 35.8954, 0.96178, 2.40516, 0.969379, -118.753, 0.984094, 120.637
1414, 23.55833, 23.2349, -82.5564, 23.0221, 151.501, 22.7195, 35.899, 0.96176, 2.40616, 0.969345, -118.753, 0.984071, 120.636
1414, 23.56667, 23.2182, -82.552, 23.0052, 151.498, 22.7021, 35.9026, 0.96174, 2.40715, 0.96931, -118.753, 0.984048, 120.635
1415, 23.57500, 23.2015, -82.5476, 22.9882, 151.495, 22.6847, 35.9063, 0.961721, 2.40816, 0.969276, -118.754, 0.984026, 120.634
1415, 23.58333, 23.1848, -82.5432, 22.9713, 151.492, 22.6673, 35.9099, 0.961702, 2.40916, 0.969241, -118.754, 0.984003, 120.633
1416, 23.59167, 23.1681, -82.5389, 22.9544, 151.49, 22.65, 35.9136, 0.961683, 2.41017, 0.969206, -118.754, 0.983981, 120.632
1416, 23.60000, 23.1514, -82.5345, 22.9375, 151.487, 22.6326, 35.9173, 0.961663, 2.41118, 0.969172, -118.754, 0.983958, 120.631
1417, 23.60833, 23.1348, -82.5301, 22.9206, 151.484, 22.6152, 35.921, 0.961644, 2.41219, 0.969137, -118.754, 0.983936, 120.63
1417, 23.61667, 23.1181, -82.5257, 22.9037, 151.481, 22.5979, 35.9247, 0.961626, 2.41321, 0.969103, -118.755, 0.983913, 120.628
1418, 23.62500, 23.1015, -82.5213, 22.8868, 151.479, 22.5806, 35.9284, 0.961607, 2.41423, 0.969069, -118.755, 0.983891, 120.627
1418, 23.63333, 23.0849, -82.5168, 22.8699, 151.476, 22.5632, 35.9321, 0.961588, 2.41525, 0.969034, -118.755, 0.983868, 120.626
1419, 23.64167, 23.0682, -82.5124, 22.853, 151.473, 22.5459, 35.9358, 0.96157, 2.41628, 0.969, -118.755, 0.983846, 120.625
1419, 23.65000, 23.0516, -82.508, 22.8362, 151.47, 22.5286, 35.9395, 0.961551, 2.41731, 0.968965, -118.755, 0.983824, 120.624
1420, 23.65833, 23.035, -82.5035, 22.8193, 151.467, 22.5113, 35.9432, 0.961533, 2.41834, 0.968931, -118.756, 0.983801, 120.623
1420, 23.66667, 23.0184, -82.4991, 22.8025, 151.465, 22.494, 35.947, 0.961515, 2.41937, 0.968897, -118.756, 0.983779, 120.622
1421, 23.67500, 23.0018, -82.4947, 22.7857, 151.462, 22.4768, 35.9507, 0.961496, 2.42041, 0.968863, -118.756, 0.983757, 120.621
1421, 23.68333, 22.9853, -82.4902, 22.7689, 151.459, 22.4595, 35.9545, 0.961478, 2.42145, 0.968828, -118.756, 0.983734, 120.62
1422, 23.69167, 22.9687, -82.4857, 22.7521, 151.456, 22.4423, 35.9583, 0.961461, 2.42249, 0.968794, -118.756, 0.983712, 120.619
1422, 23.70000, 22.9522, -82.4813, 22.7353, 151.453, 22.425, 35.962, 0.961443, 2.42354, 0.96876, -118.757, 0.98369, 120.618
1423, 23.70833, 22.9356, -82.4768, 22.7185, 151.451, 22.4078, 35.9658, 0.961425, 2.42459, 0.968726, -118.757, 0.983668, 120.617
1423, 23.71667, 22.9191, -82.4723, 22.7017, 151.448, 22.3905, 35.9696, 0.961408, 2.42564, 0.968691, -118.757, 0.983646, 120.616
1424, 23.72500, 22.9026, -82.4678, 22.6849, 151.445, 22.3733, 35.9734, 0.96139, 2.42669, 0.968657, -118.757, 0.983624, 120.615
1424, 23.73333, 22.886, -82.4633, 22.6682, 151.442, 22.3561, 35.9773, 0.961373, 2.42775, 0.968623, -118.757, 0.983602, 120.613
1425, 23.74167, 22.8695, -82.4588, 22.6514, 151.439, 22.3389, 35.9811, 0.961356, 2.42881, 0.968589, -118.758, 0.98358, 120.612
1425, 23.75000, 22.853, -82.4543, 22.6347, 151.437, 22.3217, 35.9849, 0.961339, 2.42988, 0.968555, -118.758, 0.983558, 120.611
1426, 23.75833, 22.8366, -82.4497, 22.618, 151.434, 22.3046, 35.9888, 0.961322, 2.43094, 0.968521, -118.758, 0.983536, 120.61
1426, 23.76667, 22.8201, -82.4452, 22.6013, 151.431, 22.2874, 35.9926, 0.961305, 2.43201, 0.968487, -118.758, 0.983514, 120.609
1427, 23.77500, 22.8036, -82.4407, 22.5846, 151.428, 22.2702, 35.9965, 0.961288, 2.43308, 0.968453, -118.758, 0.983492, 120.608
1427, 23.78333, 22.7872, -82.4361, 22.5679, 151.425, 22.2531, 36.0004, 0.961271, 2.43416, 0.968419, -118.759, 0.98347, 120.607
1428, 23.79167, 22.7707, -82.4316, 22.5512, 151.422, 22.236, 36.0042, 0.961255, 2.43524, 0.968385, -118.759, 0.983448, 120.606
1428, 23.80000, 22.7543, -82.427, 22.5345, 151.42, 22.2188, 36.0081, 0.961238, 2.43632, 0.968351, -118.759, 0.983426, 120.605
1429, 23.80833, 22.7379, -82.4225, 22.5179, 151.417, 22.2017, 36.012, 0.961222, 2.4374, 0.968317, -118.759, 0.983404, 120.604
1429, 23.81667, 22.7215, -82.4179, 22.5012, 151.414, 22.1846, 36.016, 0.961206, 2.43849, 0.968283, -118.759, 0.983383, 120.603
1430, 23.82500, 22.7051, -82.4133, 22.4846, 151.411, 22.1675, 36.0199, 0.96119, 2.43957, 0.968249, -118.759, 0.983361, 120.602
1430, 23.83333, 22.6887, -82.4087, 22.4679, 151.408, 22.1504, 36.0238, 0.961174, 2.44067, 0.968216, -118.76, 0.983339, 120.601
1431, 23.84167, 22.6723, -82.4041, 22.4513, 151.405, 22.1333, 36.0277, 0.961158, 2.44176, 0.968182, -118.76, 0.983317, 120.6
1431, 23.85000, 22.6559, -82.3995, 22.4347, 151.402, 22.1163, 36.0317, 0.961142, 2.44286, 0.968148, -118.76, 0.983296, 120.599
1432, 23.85833, 22.6395, -82.3949, 22.4181, 151.4, 22.0992, 36.0357, 0.961127, 2.44396, 0.968114, -118.76, 0.983274, 120.598
1432, 23.86667, 22.6232, -82.3903, 22.4015, 151.397, 22.0822, 36.0396, 0.961111, 2.44506, 0.96808, -118.76, 0.983253, 120.596
1433, 23.87500, 22.6068, -82.3857, 22.3849, 151.394, 22.0651, 36.0436, 0.961096, 2.44616, 0.968047, -118.76, 0.983231, 120.595
1433, 23.88333, 22.5905, -82.3811, 22.3684, 151.391, 22.0481, 36.0476, 0.961081, 2.44727, 0.968013, -118.761, 0.983209, 120.594
1434, 23.89167, 22.5742, -82.3764, 22.3518, 151.388, 22.0311, 36.0516, 0.961066, 2.44838, 0.967979, -118.761, 0.983188, 120.593
1434, 23.90000, 22.5579, -82.3718, 22.3352, 151.385, 22.0141, 36.0556, 0.961051, 2.44949, 0.967946, -118.761, 0.983166, 120.592
1435, 23.90833, 22.5416, -82.3671, 22.3187, 151.382, 21.9971, 36.0596, 0.961036, 2.45061, 0.967912, -118.761, 0.983145, 120.591
1435, 23.91667, 22.5253, -82.3625, 22.3022, 151.379, 21.9801, 36.0636, 0.961021, 2.45173, 0.967878, -118.761, 0.983123, 120.59
1436, 23.92500, 22.509, -82.3578, 22.2856, 151.376, 21.9631, 36.0677, 0.961006, 2.45285, 0.967845, -118.761, 0.983102, 120.589
1436, 23.93333, 22.4927, -82.3532, 22.2691, 151.374, 21.9461, 36.0717, 0.960992, 2.45397, 0.967811, -118.762, 0.983081, 120.588
1437, 23.94167, 22.4764, -82.3485, 22.2526, 151.371, 21.9291, 36.0758, 0.960977, 2.4551, 0.967778, -118.762, 0.983059, 120.587
1437, 23.95000, 22.4602, -82.3438, 22.2361, 151.368, 21.9122, 36.0798, 0.960963, 2.45622, 0.967744, -118.762, 0.983038, 120.586
1438, 23.95833, 22.4439, -82.3391, 22.2196, 151.365, 21.8952, 36.0839, 0.960949, 2.45735, 0.967711, -118.762, 0.983017, 120.585
1438, 23.96667, 22.4277, -82.3344, 22.2032, 151.362, 21.8783, 36.088, 0.960935, 2.45849, 0.967677, -118.762, 0.982995, 120.584
1438, 23.97500, 22.4115, -82.3297, 22.1867, 151.359, 21.8614, 36.0921, 0.960921, 2.45962, 0.967644, -118.762, 0.982974, 120.583
1439, 23.98333, 22.3953, -82.325, 22.1702, 151.356, 21.8445, 36.0962, 0.960907, 2.46076, 0.96761, -118.762, 0.982953, 120.582
1440, 23.99167, 22.379, -82.3203, 22.1538, 151.353, 21.8276, 36.1003, 0.960894, 2.4619, 0.967577, -118.762, 0.982932, 120.58
1440, 24.00000, 22.3628, -82.3155, 22.1374, 151.35, 21.8107, 36.1044, 0.96088, 2.46305, 0.967543, -118.763, 0.98291, 120.579
1440, 24.00833, 22.3467, -82.3108, 22.1209, 151.347, 21.7938, 36.1086, 0.960867, 2.46419, 0.96751, -118.763, 0.982889, 120.578
1441, 24.01667, 22.3305, -82.3061, 22.1045, 151.344, 21.7769, 36.1127, 0.960853, 2.46534, 0.967477, -118.763, 0.982868, 120.577
1442, 24.02500, 22.3143, -82.3013, 22.0881, 151.341, 21.76, 36.1169, 0.96084, 2.46649, 0.967443, -118.763, 0.982847, 120.576
1442, 24.03333, 22.2981, -82.2966, 22.0717, 151.338, 21.7432, 36.121, 0.960827, 2.46764, 0.96741, -118.763, 0.982826, 120.575
1443, 24.04167, 22.282, -82.2918, 22.0553, 151.335, 21.7263, 36.1252, 0.960814, 2.4688, 0.967377, -118.763, 0.982805, 120.574
1443, 24.05000, 22.2659, -82.287, 22.039, 151.333, 21.7095, 36.1294, 0.960801, 2.46996, 0.967343, -118.763, 0.982784, 120.573
1444, 24.05833, 22.2497, -82.2823, 22.0226, 151.33, 21.6926, 36.1336, 0.960789, 2.47112, 0.96731, -118.763, 0.982763, 120.572
1444, 24.06667, 22.2336, -82.2775, 22.0062, 151.327, 21.6758, 36.1378, 0.960776, 2.47228, 0.967277, -118.764, 0.982742, 120.571
1445, 24.07500, 22.2175, -82.2727, 21.9899, 151.324, 21.659, 36.142, 0.960764, 2.47345, 0.967244, -118.764, 0.982721, 120.57
1445, 24.08333, 22.2014, -82.2679, 21.9735, 151.321, 21.6422, 36.1462, 0.960751, 2.47461, 0.967211, -118.764, 0.9827, 120.569
1446, 24.09167, 22.1853, -82.2631, 21.9572, 151.318, 21.6254, 36.1505, 0.960739, 2.47578, 0.967177, -118.764, 0.982679, 120.568
1446, 24.10000, 22.1692, -82.2583, 21.9409, 151.315, 21.6086, 36.1547, 0.960727, 2.47695, 0.967144, -118.764, 0.982658, 120.567
1447, 24.10833, 22.1531, -82.2535, 21.9246, 151.312, 21.5919, 36.159, 0.960715, 2.47813, 0.967111, -118.764, 0.982637, 120.566
1447, 24.11667, 22.1371, -82.2486, 21.9083, 151.309, 21.5751, 36.1632, 0.960703, 2.4793, 0.967078, -118.764, 0.982617, 120.565
1448, 24.12500, 22.121, -82.2438, 21.892, 151.306, 21.5583, 36.1675, 0.960692, 2.48048, 0.967045, -118.764, 0.982596, 120.564
1448, 24.13333, 22.105, -82.239, 21.8757, 151.303, 21.5416, 36.1718, 0.96068, 2.48166, 0.967012, -118.764, 0.982575, 120.562
1449, 24.14167, 22.0889, -82.2341, 21.8594, 151.3, 21.5249, 36.1761, 0.960669, 2.48285, 0.966979, -118.765, 0.982554, 120.561
1449, 24.15000, 22.0729, -82.2293, 21.8432, 151.297, 21.5081, 36.1804, 0.960657, 2.48403, 0.966946, -118.765, 0.982534, 120.56
1450, 24.15833, 22.0569, -82.2244, 21.8269, 151.294, 21.4914, 36.1847, 0.960646, 2.48522, 0.966913, -118.765, 0.982513, 120.559
1450, 24.16667, 22.0409, -82.2195, 21.8107, 151.291, 21.4747, 36.189, 0.960635, 2.48641, 0.96688, -118.765, 0.982492, 120.558
1451, 24.17500, 22.0249, -82.2147, 21.7945, 151.288, 21.458, 36.1934, 0.960624, 2.4876, 0.966847, -118.765, 0.982472, 120.557
1451, 24.18333, 22.0089, -82.2098, 21.7782, 151.285, 21.4413, 36.1977, 0.960613, 2.4888, 0.966814, -118.765, 0.982451, 120.556
1452, 24.19167, 21.9929, -82.2049, 21.762, 151.282, 21.4246, 36.2021, 0.960603, 2.48999, 0.966781, -118.765, 0.98243, 120.555
1452, 24.20000, 21.9769, -82.2, 21.7458, 151.279, 21.408, 36.2064, 0.960592, 2.49119, 0.966748, -118.765, 0.98241, 120.554
1453, 24.20833, 21.9609, -82.1951, 21.7296, 151.276, 21.3913, 36.2108, 0.960582, 2.49239, 0.966715, -118.765, 0.982389, 120.553
1453, 24.21667, 21.945, -82.1902, 21.7134, 151.272, 21.3746, 36.2152, 0.960571, 2.49359, 0.966683, -118.765, 0.982369, 120.552
1454, 24.22500, 21.9291, -82.1853, 21.6973, 151.269, 21.358, 36.2196, 0.960561, 2.4948, 0.96665, -118.765, 0.982348, 120.551
1454, 24.23333, 21.9131, -82.1803, 21.6811, 151.266, 21.3414, 36.224, 0.960551, 2.496, 0.966617, -118.765, 0.982328, 120.55
1455, 24.24167, 21.8972, -82.1754, 21.6649, 151.263, 21.3247, 36.2284, 0.960541, 2.49721, 0.966584, -118.766, 0.982307, 120.549
1455, 24.25000, 21.8813, -82.1705, 21.6488, 151.26, 21.3081, 36.2329, 0.960531, 2.49842, 0.966551, -118.766, 0.982287, 120.548
1456, 24.25833, 21.8654, -82.1655, 21.6326, 151.257, 21.2915, 36.2373, 0.960522, 2.49963, 0.966519, -118.766, 0.982266, 120.547
1456, 24.26667, 21.8495, -82.1606, 21.6165, 151.254, 21.2749, 36.2418, 0.960512, 2.50085, 0.966486, -118.766, 0.982246, 120.546
1457, 24.27500, 21.8336, -82.1556, 21.6004, 151.251, 21.2583, 36.2462, 0.960503, 2.50207, 0.966453, -118.766, 0.982226, 120.544
1457, 24.28333, 21.8177, -82.1506, 21.5843, 151.248, 21.2418, 36.2507, 0.960494, 2.50328, 0.966421, -118.766, 0.982205, 120.543
1458, 24.29167, 21.8018, -82.1457, 21.5682, 151.245, 21.2252, 36.2552, 0.960485, 2.5045, 0.966388, -118.766, 0.982185, 120.542
1458, 24.30000, 21.786, -82.1407, 21.5521, 151.242, 21.2086, 36.2597, 0.960476, 2.50573, 0.966355, -118.766, 0.982165, 120.541
1459, 24.30833, 21.7701, -82.1357, 21.536, 151.239, 21.1921, 36.2642, 0.960467, 2.50695, 0.966323, -118.766, 0.982145, 120.54
1459, 24.31667, 21.7543, -82.1307, 21.5199, 151.236, 21.1755, 36.2687, 0.960458, 2.50818, 0.96629, -118.766, 0.982124, 120.539
1460, 24.32500, 21.7384, -82.1257, 21.5039, 151.232, 21.159, 36.2732, 0.960449, 2.5094, 0.966258, -118.766, 0.982104, 120.538
1460, 24.33333, 21.7226, -82.1207, 21.4878, 151.229, 21.1425, 36.2777, 0.960441, 2.51063, 0.966225, -118.766, 0.982084, 120.537
1461, 24.34167, 21.7068, -82.1157, 21.4718, 151.226, 21.126, 36.2823, 0.960433, 2.51186, 0.966193, -118.766, 0.982064, 120.536
1461, 24.35000, 21.691, -82.1106, 21.4557, 151.223, 21.1095, 36.2868, 0.960424, 2.5131, 0.96616, -118.766, 0.982044, 120.535
1462, 24.35833, 21.6752, -82.1056, 21.4397, 151.22, 21.093, 36.2914, 0.960416, 2.51433, 0.966128, -118.766, 0.982023, 120.534
1462, 24.36667, 21.6594, -82.1006, 21.4237, 151.217, 21.0765, 36.296, 0.960408, 2.51557, 0.966095, -118.766, 0.982003, 120.533
1463, 24.37500, 21.6436, -82.0955, 21.4077, 151.214, 21.06, 36.3006, 0.960401, 2.51681, 0.966063, -118.766, 0.981983, 120.532
1463, 24.38333, 21.6278, -82.0905, 21.3917, 151.211, 21.0435, 36.3052, 0.960393, 2.51804, 0.96603, -118.766, 0.981963, 120.531
1464, 24.39167, 21.6121, -82.0854, 21.3757, 151.207, 21.0271, 36.3098, 0.960385, 2.51929, 0.965998, -118.766, 0.981943, 120.53
1464, 24.40000, 21.5963, -82.0803, 21.3597, 151.204, 21.0106, 36.3144, 0.960378, 2.52053, 0.965966, -118.767, 0.981923, 120.529
1465, 24.40833, 21.5806, -82.0753, 21.3437, 151.201, 20.9942, 36.319, 0.960371, 2.52177, 0.965933, -118.767, 0.981903, 120.528
1465, 24.41667, 21.5648, -82.0702, 21.3277, 151.198, 20.9778, 36.3237, 0.960364, 2.52302, 0.965901, -118.767, 0.981883, 120.526
1466, 24.42500, 21.5491, -82.0651, 21.3118, 151.195, 20.9613, 36.3284, 0.960357, 2.52427, 0.965869, -118.767, 0.981863, 120.525
1466, 24.43333, 21.5334, -82.06, 21.2958, 151.192, 20.9449, 36.333, 0.96035, 2.52552, 0.965836, -118.767, 0.981843, 120.524
1467, 24.44167, 21.5177, -82.0549, 21.2799, 151.188, 20.9285, 36.3377, 0.960343, 2.52677, 0.965804, -118.767, 0.981824, 120.523
1467, 24.45000, 21.502, -82.0498, 21.264, 151.185, 20.9121, 36.3424, 0.960336, 2.52802, 0.965772, -118.767, 0.981804, 120.522
1468, 24.45833, 21.4863, -82.0447, 21.2481, 151.182, 20.8957, 36.3471, 0.96033, 2.52928, 0.96574, -118.767, 0.981784, 120.521
1468, 24.46667, 21.4706, -82.0395, 21.2322, 151.179, 20.8794, 36.3518, 0.960324, 2.53053, 0.965707, -118.767, 0.981764, 120.52
1469, 24.47500, 21.455, -82.0344, 21.2163, 151.176, 20.863, 36.3565, 0.960317, 2.53179, 0.965675, -118.767, 0.981744, 120.519
1469, 24.48333, 21.4393, -82.0293, 21.2004, 151.173, 20.8466, 36.3612, 0.960311, 2.53305, 0.965643, -118.767, 0.981724, 120.518
1470, 24.49167, 21.4236, -82.0241, 21.1845, 151.169, 20.8303, 36.366, 0.960306, 2.53431, 0.965611, -118.767, 0.981705, 120.517
1470, 24.50000, 21.408, -82.019, 21.1686, 151.166, 20.814, 36.3707, 0.9603, 2.53557, 0.965579, -118.767, 0.981685, 120.516
1471, 24.50833, 21.3924, -82.0138, 21.1527, 151.163, 20.7976, 36.3755, 0.960294, 2.53683, 0.965547, -118.767, 0.981665, 120.515
1471, 24.51667, 21.3767, -82.0086, 21.1369, 151.16, 20.7813, 36.3803, 0.960289, 2.53809, 0.965515, -118.767, 0.981646, 120.514
1472, 24.52500, 21.3611, -82.0035, 21.121, 151.156, 20.765, 36.3851, 0.960283, 2.53936, 0.965483, -118.767, 0.981626, 120.513
1472, 24.53333, 21.3455, -81.9983, 21.1052, 151.153, 20.7487, 36.3899, 0.960278, 2.54063, 0.96545, -118.767, 0.981606, 120.512
1473, 24.54167, 21.3299, -81.9931, 21.0894, 151.15, 20.7324, 36.3947, 0.960273, 2.54189, 0.965418, -118.767, 0.981587, 120.511
1473, 24.55000, 21.3143, -81.9879, 21.0736, 151.147, 20.7161, 36.3995, 0.960268, 2.54316, 0.965387, -118.767, 0.981567, 120.51
1474, 24.55833, 21.2987, -81.9827, 21.0577, 151.143, 20.6998, 36.4043, 0.960263, 2.54443, 0.965355, -118.767, 0.981547, 120.509
1474, 24.56667, 21.2831, -81.9775, 21.0419, 151.14, 20.6836, 36.4092, 0.960259, 2.54571, 0.965323, -118.767, 0.981528, 120.507
1475, 24.57500, 21.2676, -81.9723, 21.0262, 151.137, 20.6673, 36.414, 0.960254, 2.54698, 0.965291, -118.767, 0.981508, 120.506
1475, 24.58333, 21.252, -81.967, 21.0104, 151.134, 20.6511, 36.4189, 0.96025, 2.54825, 0.965259, -118.767, 0.981489, 120.505
1476, 24.59167, 21.2365, -81.9618, 20.9946, 151.13, 20.6348, 36.4237, 0.960245, 2.54953, 0.965227, -118.767, 0.981469, 120.504
1476, 24.60000, 21.2209, -81.9566, 20.9788, 151.127, 20.6186, 36.4286, 0.960241, 2.5508, 0.965195, -118.767, 0.98145, 120.503
1477, 24.60833, 21.2054, -81.9513, 20.9631, 151.124, 20.6024, 36.4335, 0.960237, 2.55208, 0.965163, -118.767, 0.98143, 120.502
1477, 24.61667, 21.1899, -81.9461, 20.9473, 151.121, 20.5862, 36.4384, 0.960234, 2.55336, 0.965131, -118.766, 0.981411, 120.501
1478, 24.62500, 21.1744, -81.9408, 20.9316, 151.117, 20.57, 36.4434, 0.96023, 2.55464, 0.9651, -118.766, 0.981391, 120.5
1478, 24.63333, 21.1589, -81.9355, 20.9159, 151.114, 20.5538, 36.4483, 0.960226, 2.55592, 0.965068, -118.766, 0.981372, 120.499
1479, 24.64167, 21.1434, -81.9303, 20.9001, 151.111, 20.5376, 36.4532, 0.960223, 2.5572, 0.965036, -118.766, 0.981353, 120.498
1479, 24.65000, 21.1279, -81.925, 20.8844, 151.107, 20.5214, 36.4582, 0.96022, 2.55848, 0.965004, -118.766, 0.981333, 120.497
1480, 24.65833, 21.1124, -81.9197, 20.8687, 151.104, 20.5052, 36.4632, 0.960217, 2.55977, 0.964972, -118.766, 0.981314, 120.496
1480, 24.66667, 21.0969, -81.9144, 20.853, 151.101, 20.4891, 36.4681, 0.960214, 2.56105, 0.964941, -118.766, 0.981295, 120.495
1481, 24.67500, 21.0815, -81.9091, 20.8373, 151.097, 20.4729, 36.4731, 0.960211, 2.56234, 0.964909, -118.766, 0.981275, 120.494
1481, 24.68333, 21.066, -81.9038, 20.8217, 151.094, 20.4568, 36.4781, 0.960208, 2.56362, 0.964877, -118.766, 0.981256, 120.493
1482, 24.69167, 21.0506, -81.8984, 20.806, 151.091, 20.4406, 36.4831, 0.960206, 2.56491, 0.964846, -118.766, 0.981237, 120.492
1482, 24.70000, 21.0351, -81.8931, 20.7903, 151.087, 20.4245, 36.4882, 0.960203, 2.5662, 0.964814, -118.766, 0.981218, 120.491
1483, 24.70833, 21.0197, -81.8878, 20.7747, 151.084, 20.4084, 36.4932, 0.960201, 2.56748, 0.964783, -118.766, 0.981198, 120.49
1483, 24.71667, 21.0043, -81.8824, 20.759, 151.081, 20.3923, 36.4983, 0.960199, 2.56877, 0.964751, -118.766, 0.981179, 120.489
1484, 24.72500, 20.9889, -81.8771, 20.7434, 151.077, 20.3762, 36.5033, 0.960197, 2.57006, 0.96472, -118.766, 0.98116, 120.487
1484, 24.73333, 20.9735, -81.8717, 20.7278, 151.074, 20.3601, 36.5084, 0.960195, 2.57135, 0.964688, -118.766, 0.981141, 120.486
1485, 24.74167, 20.9581, -81.8664, 20.7122, 151.07, 20.344, 36.5135, 0.960194, 2.57265, 0.964656, -118.766, 0.981122, 120.485
1485, 24.75000, 20.9427, -81.861, 20.6965, 151.067, 20.328, 36.5186, 0.960192, 2.57394, 0.964625, -118.766, 0.981103, 120.484
1486, 24.75833, 20.9273, -81.8556, 20.681, 151.064, 20.3119, 36.5237, 0.960191, 2.57523, 0.964594, -118.766, 0.981084, 120.483
1486, 24.76667, 20.9119, -81.8503, 20.6654, 151.06, 20.2959, 36.5288, 0.960189, 2.57652, 0.964562, -118.766, 0.981065, 120.482
1487, 24.77500, 20.8966, -81.8449, 20.6498, 151.057, 20.2798, 36.5339, 0.960188, 2.57782, 0.964531, -118.765, 0.981045, 120.481
1487, 24.78333, 20.8812, -81.8395, 20.6342, 151.053, 20.2638, 36.5391, 0.960187, 2.57911, 0.964499, -118.765, 0.981026, 120.48
1488, 24.79167, 20.8659, -81.8341, 20.6186, 151.05, 20.2478, 36.5442, 0.960187, 2.58041, 0.964468, -118.765, 0.981007, 120.479
1488, 24.80000, 20.8505, -81.8286, 20.6031, 151.047, 20.2318, 36.5494, 0.960186, 2.5817, 0.964437, -118.765, 0.980988, 120.478
1489, 24.80833, 20.8352, -81.8232, 20.5875, 151.043, 20.2158, 36.5545, 0.960185, 2.583, 0.964405, -118.765, 0.980969, 120.477
1489, 24.81667, 20.8199, -81.8178, 20.572, 151.04, 20.1998, 36.5597, 0.960185, 2.58429, 0.964374, -118.765, 0.980951, 120.476
1490, 24.82500, 20.8046, -81.8124, 20.5565, 151.036, 20.1838, 36.5649, 0.960185, 2.58559, 0.964343, -118.765, 0.980932, 120.475
1490, 24.83333, 20.7893, -81.8069, 20.5409, 151.033, 20.1678, 36.5701, 0.960185, 2.58689, 0.964311, -118.765, 0.980913, 120.474
1491, 24.84167, 20.774, -81.8015, 20.5254, 151.029, 20.1518, 36.5754, 0.960185, 2.58819, 0.96428, -118.765, 0.980894, 120.473
1491, 24.85000, 20.7587, -81.796, 20.5099, 151.026, 20.1359, 36.5806, 0.960185, 2.58948, 0.964249, -118.765, 0.980875, 120.472
1492, 24.85833, 20.7434, -81.7906, 20.4944, 151.022, 20.1199, 36.5858, 0.960185, 2.59078, 0.964218, -118.765, 0.980856, 120.471
1492, 24.86667, 20.7282, -81.7851, 20.4789, 151.019, 20.104, 36.5911, 0.960186, 2.59208, 0.964186, -118.764, 0.980837, 120.47
1493, 24.87500, 20.7129, -81.7796, 20.4635, 151.016, 20.088, 36.5964, 0.960187, 2.59338, 0.964155, -118.764, 0.980818, 120.469
1493, 24.88333, 20.6976, -81.7741, 20.448, 151.012, 20.0721, 36.6017, 0.960187, 2.59468, 0.964124, -118.764, 0.9808, 120.467
1494, 24.89167, 20.6824, -81.7686, 20.4325, 151.009, 20.0562, 36.607, 0.960188, 2.59598, 0.964093, -118.764, 0.980781, 120.466
1494, 24.90000, 20.6672, -81.7631, 20.4171, 151.005, 20.0403, 36.6123, 0.96019, 2.59728, 0.964062, -118.764, 0.980762, 120.465
1495, 24.90833, 20.6519, -81.7576, 20.4016, 151.002, 20.0244, 36.6176, 0.960191, 2.59857, 0.964031, -118.764, 0.980743, 120.464
1495, 24.91667, 20.6367, -81.7521, 20.3862, 150.998, 20.0085, 36.6229, 0.960192, 2.59987, 0.964, -118.764, 0.980724, 120.463
1496, 24.92500, 20.6215, -81.7466, 20.3708, 150.994, 19.9926, 36.6283, 0.960194, 2.60117, 0.963969, -118.764, 0.980706, 120.462
1496, 24.93333, 20.6063, -81.741, 20.3553, 150.991, 19.9767, 36.6336, 0.960196, 2.60247, 0.963938, -118.764, 0.980687, 120.461
1497, 24.94167, 20.5911, -81.7355, 20.3399, 150.987, 19.9609, 36.639, 0.960197, 2.60377, 0.963907, -118.763, 0.980668, 120.46
1497, 24.95000, 20.5759, -81.73, 20.3245, 150.984, 19.945, 36.6444, 0.960199, 2.60507, 0.963876, -118.763, 0.98065, 120.459
1498, 24.95833, 20.5608, -81.7244, 20.3091, 150.98, 19.9292, 36.6498, 0.960202, 2.60637, 0.963845, -118.763, 0.980631, 120.458
1498, 24.96667, 20.5456, -81.7189, 20.2937, 150.977, 19.9133, 36.6552, 0.960204, 2.60767, 0.963814, -118.763, 0.980612, 120.457
1499, 24.97500, 20.5304, -81.7133, 20.2784, 150.973, 19.8975, 36.6606, 0.960206, 2.60897, 0.963783, -118.763, 0.980594, 120.456
1499, 24.98333, 20.5153, -81.7077, 20.263, 150.97, 19.8817, 36.666, 0.960209, 2.61027, 0.963752, -118.763, 0.980575, 120.455
1500, 24.99167, 20.5001, -81.7021, 20.2476, 150.966, 19.8659, 36.6714, 0.960212, 2.61157, 0.963721, -118.763, 0.980557, 120.454
1500, 25.00000, 20.485, -81.6965, 20.2323, 150.962, 19.8501, 36.6769, 0.960215, 2.61287, 0.963691, -118.762, 0.980538, 120.453
1501, 25.00833, 20.4699, -81.691, 20.2169, 150.959, 19.8343, 36.6824, 0.960218, 2.61416, 0.96366, -118.762, 0.98052, 120.452
1501, 25.01667, 20.4547, -81.6854, 20.2016, 150.955, 19.8185, 36.6878, 0.960221, 2.61546, 0.963629, -118.762, 0.980501, 120.451
1502, 25.02500, 20.4396, -81.6797, 20.1863, 150.952, 19.8027, 36.6933, 0.960224, 2.61676, 0.963598, -118.762, 0.980483, 120.45
1502, 25.03333, 20.4245, -81.6741, 20.1709, 150.948, 19.787, 36.6988, 0.960228, 2.61806, 0.963567, -118.762, 0.980464, 120.449
1503, 25.04167, 20.4094, -81.6685, 20.1556, 150.944, 19.7712, 36.7043, 0.960232, 2.61936, 0.963537, -118.762, 0.980446, 120.448
1503, 25.05000, 20.3943, -81.6629, 20.1403, 150.941, 19.7554, 36.7099, 0.960235, 2.62065, 0.963506, -118.761, 0.980427, 120.446
1504, 25.05833, 20.3793, -81.6572, 20.125, 150.937, 19.7397, 36.7154, 0.960239, 2.62195, 0.963475, -118.761, 0.980409, 120.445
1504, 25.06667, 20.3642, -81.6516, 20.1097, 150.934, 19.724, 36.721, 0.960244, 2.62324, 0.963445, -118.761, 0.98039, 120.444
1505, 25.07500, 20.3491, -81.6459, 20.0944, 150.93, 19.7083, 36.7265, 0.960248, 2.62454, 0.963414, -118.761, 0.980372, 120.443
1505, 25.08333, 20.3341, -81.6403, 20.0792, 150.926, 19.6925, 36.7321, 0.960252, 2.62583, 0.963383, -118.761, 0.980353, 120.442
1506, 25.09167, 20.319, -81.6346, 20.0639, 150.923, 19.6768, 36.7377, 0.960257, 2.62713, 0.963353, -118.761, 0.980335, 120.441
1506, 25.10000, 20.304, -81.6289, 20.0487, 150.919, 19.6611, 36.7433, 0.960262, 2.62842, 0.963322, -118.76, 0.980317, 120.44
1507, 25.10833, 20.2889, -81.6233, 20.0334, 150.915, 19.6455, 36.7489, 0.960267, 2.62971, 0.963292, -118.76, 0.980298, 120.439
1507, 25.11667, 20.2739, -81.6176, 20.0182, 150.912, 19.6298, 36.7545, 0.960272, 2.63101, 0.963261, -118.76, 0.98028, 120.438
1508, 25.12500, 20.2589, -81.6119, 20.0029, 150.908, 19.6141, 36.7602, 0.960277, 2.6323, 0.963231, -118.76, 0.980262, 120.437
1508, 25.13333, 20.2439, -81.6062, 19.9877, 150.904, 19.5984, 36.7658, 0.960282, 2.63359, 0.9632, -118.76, 0.980244, 120.436
1509, 25.14167, 20.2289, -81.6004, 19.9725, 150.9, 19.5828, 36.7715, 0.960288, 2.63488, 0.96317, -118.76, 0.980225, 120.435
1509, 25.15000, 20.2139, -81.5947, 19.9573, 150.897, 19.5671, 36.7771, 0.960293, 2.63617, 0.963139, -118.759, 0.980207, 120.434
1510, 25.15833, 20.1989, -81.589, 19.9421, 150.893, 19.5515, 36.7828, 0.960299, 2.63746, 0.963109, -118.759, 0.980189, 120.433
1510, 25.16667, 20.1839, -81.5833, 19.9269, 150.889, 19.5359, 36.7885, 0.960305, 2.63874, 0.963079, -118.759, 0.98017, 120.432
1511, 25.17500, 20.169, -81.5775, 19.9117, 150.886, 19.5203, 36.7943, 0.960311, 2.64003, 0.963048, -118.759, 0.980152, 120.431
1511, 25.18333, 20.154, -81.5718, 19.8965, 150.882, 19.5047, 36.8, 0.960318, 2.64132, 0.963018, -118.759, 0.980134, 120.43
1512, 25.19167, 20.139, -81.566, 19.8814, 150.878, 19.4891, 36.8057, 0.960324, 2.6426, 0.962988, -118.758, 0.980116, 120.429
1512, 25.20000, 20.1241, -81.5603, 19.8662, 150.874, 19.4735, 36.8115, 0.960331, 2.64388, 0.962957, -118.758, 0.980098, 120.428
1513, 25.20833, 20.1092, -81.5545, 19.8511, 150.871, 19.4579, 36.8172, 0.960338, 2.64517, 0.962927, -118.758, 0.98008, 120.426
1513, 25.21667, 20.0942, -81.5487, 19.8359, 150.867, 19.4423, 36.823, 0.960344, 2.64645, 0.962897, -118.758, 0.980061, 120.425
1514, 25.22500, 20.0793, -81.5429, 19.8208, 150.863, 19.4268, 36.8288, 0.960352, 2.64773, 0.962867, -118.757, 0.980043, 120.424
1514, 25.23333, 20.0644, -81.5371, 19.8057, 150.859, 19.4112, 36.8346, 0.960359, 2.64901, 0.962836, -118.757, 0.980025, 120.423
1515, 25.24167, 20.0495, -81.5313, 19.7905, 150.855, 19.3957, 36.8404, 0.960366, 2.65029, 0.962806, -118.757, 0.980007, 120.422
1515, 25.25000, 20.0346, -81.5255, 19.7754, 150.852, 19.3801, 36.8462, 0.960374, 2.65156, 0.962776, -118.757, 0.979989, 120.421
1516, 25.25833, 20.0197, -81.5197, 19.7603, 150.848, 19.3646, 36.8521, 0.960381, 2.65284, 0.962746, -118.757, 0.979971, 120.42
1516, 25.26667, 20.0048, -81.5139, 19.7452, 150.844, 19.3491, 36.8579, 0.960389, 2.65411, 0.962716, -118.756, 0.979953, 120.419
1517, 25.27500, 19.9899, -81.5081, 19.7301, 150.84, 19.3336, 36.8638, 0.960397, 2.65538, 0.962686, -118.756, 0.979935, 120.418
1517, 25.28333, 19.9751, -81.5022, 19.7151, 150.836, 19.3181, 36.8697, 0.960405, 2.65666, 0.962656, -118.756, 0.979917, 120.417
1518, 25.29167, 19.9602, -81.4964, 19.7, 150.832, 19.3026, 36.8756, 0.960414, 2.65793, 0.962626, -118.756, 0.979899, 120.416
1518, 25.30000, 19.9454, -81.4905, 19.6849, 150.829, 19.2871, 36.8815, 0.960422, 2.65919, 0.962596, -118.755, 0.979881, 120.415
1519, 25.30833, 19.9305, -81.4847, 19.6699, 150.825, 19.2716, 36.8874, 0.960431, 2.66046, 0.962566, -118.755, 0.979863, 120.414
1519, 25.31667, 19.9157, -81.4788, 19.6548, 150.821, 19.2561, 36.8933, 0.96044, 2.66173, 0.962536, -118.755, 0.979845, 120.413
1520, 25.32500, 19.9008, -81.4729, 19.6398, 150.817, 19.2407, 36.8993, 0.960449, 2.66299, 0.962506, -118.755, 0.979827, 120.412
1520, 25.33333, 19.886, -81.467, 19.6247, 150.813, 19.2252, 36.9052, 0.960458, 2.66425, 0.962476, -118.754, 0.979809, 120.411
1521, 25.34167, 19.8712, -81.4612, 19.6097, 150.809, 19.2098, 36.9112, 0.960467, 2.66551, 0.962446, -118.754, 0.979791, 120.41
1521, 25.35000, 19.8564, -81.4553, 19.5947, 150.805, 19.1943, 36.9172, 0.960476, 2.66677, 0.962416, -118.754, 0.979773, 120.409
1522, 25.35833, 19.8416, -81.4494, 19.5797, 150.801, 19.1789, 36.9232, 0.960486, 2.66803, 0.962386, -118.754, 0.979755, 120.408
1522, 25.36667, 19.8268, -81.4435, 19.5647, 150.797, 19.1635, 36.9292, 0.960496, 2.66929, 0.962357, -118.753, 0.979738, 120.407
1523, 25.37500, 19.812, -81.4375, 19.5497, 150.793, 19.1481, 36.9352, 0.960506, 2.67054, 0.962327, -118.753, 0.97972, 120.405
1523, 25.38333, 19.7972, -81.4316, 19.5347, 150.79, 19.1327, 36.9412, 0.960516, 2.67179, 0.962297, -118.753, 0.979702, 120.404
1524, 25.39167, 19.7825, -81.4257, 19.5197, 150.786, 19.1173, 36.9473, 0.960526, 2.67304, 0.962267, -118.752, 0.979684, 120.403
1524, 25.40000, 19.7677, -81.4197, 19.5048, 150.782, 19.1019, 36.9533, 0.960536, 2.67429, 0.962238, -118.752, 0.979666, 120.402
1525, 25.40833, 19.753, -81.4138, 19.4898, 150.778, 19.0866, 36.9594, 0.960547, 2.67553, 0.962208, -118.752, 0.979648, 120.401
1525, 25.41667, 19.7382, -81.4078, 19.4748, 150.774, 19.0712, 36.9655, 0.960557, 2.67678, 0.962178, -118.752, 0.979631, 120.4
1526, 25.42500, 19.7235, -81.4019, 19.4599, 150.77, 19.0558, 36.9716, 0.960568, 2.67802, 0.962149, -118.751, 0.979613, 120.399
1526, 25.43333, 19.7087, -81.3959, 19.4449, 150.766, 19.0405, 36.9777, 0.960579, 2.67926, 0.962119, -118.751, 0.979595, 120.398
1527, 25.44167, 19.694, -81.3899, 19.43, 150.762, 19.0251, 36.9838, 0.96059, 2.6805, 0.962089, -118.751, 0.979577, 120.397
1527, 25.45000, 19.6793, -81.3839, 19.4151, 150.758, 19.0098, 36.99, 0.960602, 2.68173, 0.96206, -118.75, 0.97956, 120.396
1528, 25.45833, 19.6646, -81.3779, 19.4002, 150.754, 18.9945, 36.9961, 0.960613, 2.68297, 0.96203, -118.75, 0.979542, 120.395
1528, 25.46667, 19.6499, -81.3719, 19.3853, 150.75, 18.9792, 37.0023, 0.960625, 2.6842, 0.962001, -118.75, 0.979524, 120.394
1529, 25.47500, 19.6352, -81.3659, 19.3703, 150.746, 18.9639, 37.0085, 0.960637, 2.68543, 0.961971, -118.749, 0.979506, 120.393
1529, 25.48333, 19.6205, -81.3599, 19.3555, 150.742, 18.9486, 37.0147, 0.960648, 2.68666, 0.961942, -118.749, 0.979489, 120.392
1530, 25.49167, 19.6058, -81.3539, 19.3406, 150.738, 18.9333, 37.0209, 0.960661, 2.68788, 0.961913, -118.749, 0.979471, 120.391
1530, 25.50000, 19.5912, -81.3479, 19.3257, 150.733, 18.918, 37.0271, 0.960673, 2.6891, 0.961883, -118.749, 0.979454, 120.39
1531, 25.50833, 19.5765, -81.3418, 19.3108, 150.729, 18.9028, 37.0333, 0.960685, 2.69032, 0.961854, -118.748, 0.979436, 120.389
1531, 25.51667, 19.5618, -81.3358, 19.2959, 150.725, 18.8875, 37.0396, 0.960698, 2.69154, 0.961824, -118.748, 0.979418, 120.388
1532, 25.52500, 19.5472, -81.3297, 19.2811, 150.721, 18.8723, 37.0458, 0.960711, 2.69275, 0.961795, -118.748, 0.979401, 120.387
1532, 25.53333, 19.5325, -81.3237, 19.2662, 150.717, 18.857, 37.0521, 0.960724, 2.69397, 0.961766, -118.747, 0.979383, 120.386
1533, 25.54167, 19.5179, -81.3176, 19.2514, 150.713, 18.8418, 37.0584, 0.960737, 2.69518, 0.961737, -118.747, 0.979365, 120.385
1533, 25.55000, 19.5033, -81.3115, 19.2366, 150.709, 18.8266, 37.0647, 0.96075, 2.69638, 0.961707, -118.747, 0.979348, 120.383
1534, 25.55833, 19.4886, -81.3055, 19.2217, 150.705, 18.8113, 37.071, 0.960763, 2.69759, 0.961678, -118.746, 0.97933, 120.382
1534, 25.56667, 19.474, -81.2994, 19.2069, 150.701, 18.7961, 37.0773, 0.960777, 2.69879, 0.961649, -118.746, 0.979313, 120.381
1535, 25.57500, 19.4594, -81.2933, 19.1921, 150.696, 18.7809, 37.0836, 0.96079, 2.69999, 0.96162, -118.746, 0.979295, 120.38
1535, 25.58333, 19.4448, -81.2872, 19.1773, 150.692, 18.7657, 37.09, 0.960804, 2.70118, 0.961591, -118.745, 0.979278, 120.379
1536, 25.59167, 19.4302, -81.281, 19.1625, 150.688, 18.7506, 37.0964, 0.960818, 2.70238, 0.961561, -118.745, 0.97926, 120.378
1536, 25.60000, 19.4156, -81.2749, 19.1477, 150.684, 18.7354, 37.1027, 0.960832, 2.70357, 0.961532, -118.744, 0.979243, 120.377
1537, 25.60833, 19.4011, -81.2688, 19.1329, 150.68, 18.7202, 37.1091, 0.960847, 2.70475, 0.961503, -118.744, 0.979225, 120.376
1537, 25.61667, 19.3865, -81.2627, 19.1181, 150.676, 18.7051, 37.1155, 0.960861, 2.70594, 0.961474, -118.744, 0.979208, 120.375
1538, 25.62500, 19.3719, -81.2565, 19.1034, 150.671, 18.6899, 37.1219, 0.960876, 2.70712, 0.961445, -118.743, 0.97919, 120.374
1538, 25.63333, 19.3574, -81.2504, 19.0886, 150.667, 18.6748, 37.1284, 0.960891, 2.7083, 0.961416, -118.743, 0.979173, 120.373
1539, 25.64167, 19.3428, -81.2442, 19.0738, 150.663, 18.6596, 37.1348, 0.960906, 2.70947, 0.961387, -118.743, 0.979155, 120.372
1539, 25.65000, 19.3283, -81.238, 19.0591, 150.659, 18.6445, 37.1413, 0.960921, 2.71064, 0.961358, -118.742, 0.979138, 120.371
1540, 25.65833, 19.3137, -81.2319, 19.0444, 150.655, 18.6294, 37.1477, 0.960936, 2.71181, 0.96133, -118.742, 0.97912, 120.37
1540, 25.66667, 19.2992, -81.2257, 19.0296, 150.65, 18.6143, 37.1542, 0.960951, 2.71298, 0.961301, -118.742, 0.979103, 120.369
1541, 25.67500, 19.2847, -81.2195, 19.0149, 150.646, 18.5992, 37.1607, 0.960967, 2.71414, 0.961272, -118.741, 0.979086, 120.368
1541, 25.68333, 19.2702, -81.2133, 19.0002, 150.642, 18.5841, 37.1672, 0.960983, 2.7153, 0.961243, -118.741, 0.979068, 120.367
1542, 25.69167, 19.2557, -81.2071, 18.9855, 150.637, 18.5691, 37.1738, 0.960999, 2.71645, 0.961214, -118.74, 0.979051, 120.366
1542, 25.70000, 19.2412, -81.2009, 18.9708, 150.633, 18.554, 37.1803, 0.961015, 2.71761, 0.961185, -118.74, 0.979033, 120.365
1543, 25.70833, 19.2267, -81.1947, 18.9561, 150.629, 18.5389, 37.1869, 0.961031, 2.71876, 0.961157, -118.74, 0.979016, 120.364
1543, 25.71667, 19.2122, -81.1884, 18.9414, 150.625, 18.5239, 37.1934, 0.961047, 2.7199, 0.961128, -118.739, 0.978999, 120.363
1544, 25.72500, 19.1977, -81.1822, 18.9267, 150.62, 18.5088, 37.2, 0.961064, 2.72104, 0.961099, -118.739, 0.978981, 120.362
1544, 25.73333, 19.1832, -81.176, 18.912, 150.616, 18.4938, 37.2066, 0.961081, 2.72218, 0.961071, -118.738, 0.978964, 120.36
1545, 25.74167, 19.1688, -81.1697, 18.8973, 150.612, 18.4788, 37.2132, 0.961097, 2.72332, 0.961042, -118.738, 0.978947, 120.359
1545, 25.75000, 19.1543, -81.1635, 18.8827, 150.607, 18.4638, 37.2198, 0.961114, 2.72445, 0.961014, -118.738, 0.978929, 120.358
1546, 25.75833, 19.1399, -81.1572, 18.868, 150.603, 18.4487, 37.2265, 0.961132, 2.72557, 0.960985, -118.737, 0.978912, 120.357
1546, 25.76667, 19.1254, -81.1509, 18.8534, 150.599, 18.4337, 37.2331, 0.961149, 2.7267, 0.960956, -118.737, 0.978895, 120.356
1547, 25.77500, 19.111, -81.1446, 18.8387, 150.594, 18.4188, 37.2398, 0.961166, 2.72782, 0.960928, -118.736, 0.978877, 120.355
1547, 25.78333, 19.0965, -81.1384, 18.8241, 150.59, 18.4038, 37.2464, 0.961184, 2.72893, 0.9609, -118.736, 0.97886, 120.354
1548, 25.79167, 19.0821, -81.1321, 18.8095, 150.585, 18.3888, 37.2531, 0.961202, 2.73004, 0.960871, -118.735, 0.978843, 120.353
1548, 25.80000, 19.0677, -81.1258, 18.7949, 150.581, 18.3738, 37.2598, 0.96122, 2.73115, 0.960843, -118.735, 0.978826, 120.352
1549, 25.80833, 19.0533, -81.1195, 18.7802, 150.577, 18.3589, 37.2665, 0.961238, 2.73226, 0.960814, -118.735, 0.978808, 120.351
1549, 25.81667, 19.0389, -81.1131, 18.7656, 150.572, 18.3439, 37.2733, 0.961256, 2.73336, 0.960786, -118.734, 0.978791, 120.35
1550, 25.82500, 19.0245, -81.1068, 18.751, 150.568, 18.329, 37.28, 0.961275, 2.73445, 0.960758, -118.734, 0.978774, 120.349
1550, 25.83333, 19.0101, -81.1005, 18.7364, 150.563, 18.3141, 37.2868, 0.961293, 2.73554, 0.960729, -118.733, 0.978757, 120.348
1551, 25.84167, 18.9957, -81.0941, 18.7219, 150.559, 18.2991, 37.2935, 0.961312, 2.73663, 0.960701, -118.733, 0.97874, 120.347
1551, 25.85000, 18.9813, -81.0878, 18.7073, 150.554, 18.2842, 37.3003, 0.961331, 2.73772, 0.960673, -118.732, 0.978722, 120.346
1552, 25.85833, 18.967, -81.0814, 18.6927, 150.55, 18.2693, 37.3071, 0.96135, 2.73879, 0.960645, -118.732, 0.978705, 120.345
1552, 25.86667, 18.9526, -81.0751, 18.6781, 150.545, 18.2544, 37.3139, 0.961369, 2.73987, 0.960616, -118.731, 0.978688, 120.344
1553, 25.87500, 18.9383, -81.0687, 18.6636, 150.541, 18.2395, 37.3208, 0.961388, 2.74094, 0.960588, -118.731, 0.978671, 120.343
1553, 25.88333, 18.9239, -81.0623, 18.649, 150.536, 18.2246, 37.3276, 0.961408, 2.74201, 0.96056, -118.731, 0.978654, 120.342
1554, 25.89167, 18.9096, -81.0559, 18.6345, 150.532, 18.2098, 37.3345, 0.961428, 2.74307, 0.960532, -118.73, 0.978637, 120.341
1554, 25.90000, 18.8952, -81.0495, 18.6199, 150.527, 18.1949, 37.3413, 0.961448, 2.74413, 0.960504, -118.73, 0.97862, 120.34
1555, 25.90833, 18.8809, -81.0431, 18.6054, 150.523, 18.1801, 37.3482, 0.961468, 2.74518, 0.960476, -118.729, 0.978602, 120.339
1555, 25.91667, 18.8666, -81.0367, 18.5909, 150.518, 18.1652, 37.3551, 0.961488, 2.74623, 0.960448, -118.729, 0.978585, 120.338
1556, 25.92500, 18.8523, -81.0303, 18.5764, 150.514, 18.1504, 37.362, 0.961508, 2.74727, 0.96042, -118.728, 0.978568, 120.336
1556, 25.93333, 18.8379, -81.0239, 18.5619, 150.509, 18.1355, 37.3689, 0.961528, 2.74831, 0.960392, -118.728, 0.978551, 120.335
1557, 25.94167, 18.8236, -81.0174, 18.5474, 150.504, 18.1207, 37.3759, 0.961549, 2.74934, 0.960364, -118.727, 0.978534, 120.334
1557, 25.95000, 18.8093, -81.011, 18.5329, 150.5, 18.1059, 37.3828, 0.96157, 2.75037, 0.960337, -118.727, 0.978517, 120.333
1558, 25.95833, 18.7951, -81.0045, 18.5184, 150.495, 18.0911, 37.3898, 0.961591, 2.7514, 0.960309, -118.726, 0.9785, 120.332
1558, 25.96667, 18.7808, -80.9981, 18.5039, 150.491, 18.0763, 37.3967, 0.961612, 2.75242, 0.960281, -118.726, 0.978483, 120.331
1559, 25.97500, 18.7665, -80.9916, 18.4894, 150.486, 18.0615, 37.4037, 0.961633, 2.75343, 0.960253, -118.725, 0.978466, 120.33
1559, 25.98333, 18.7522, -80.9851, 18.4749, 150.481, 18.0468, 37.4107, 0.961654, 2.75444, 0.960225, -118.725, 0.978449, 120.329
1560, 25.99167, 18.738, -80.9786, 18.4605, 150.477, 18.032, 37.4178, 0.961676, 2.75545, 0.960198, -118.724, 0.978432, 120.328
1560, 26.00000, 18.7237, -80.9722, 18.446, 150.472, 18.0172, 37.4248, 0.961698, 2.75645, 0.96017, -118.724, 0.978415, 120.327
1561, 26.00833, 18.7095, -80.9657, 18.4316, 150.467, 18.0025, 37.4318, 0.961719, 2.75744, 0.960142, -118.723, 0.978398, 120.326
1561, 26.01667, 18.6952, -80.9592, 18.4171, 150.463, 17.9877, 37.4389, 0.961741, 2.75843, 0.960115, -118.723, 0.978381, 120.325
1562, 26.02500, 18.681, -80.9526, 18.4027, 150.458, 17.973, 37.446, 0.961764, 2.75942, 0.960087, -118.722, 0.978364, 120.324
1562, 26.03333, 18.6667, -80.9461, 18.3883, 150.453, 17.9583, 37.4531, 0.961786, 2.7604, 0.96006, -118.722, 0.978347, 120.323
1563, 26.04167, 18.6525, -80.9396, 18.3738, 150.448, 17.9436, 37.4602, 0.961808, 2.76137, 0.960032, -118.721, 0.97833, 120.322
1563, 26.05000, 18.6383, -80.933, 18.3594, 150.444, 17.9288, 37.4673, 0.961831, 2.76234, 0.960005, -118.721, 0.978313, 120.321
1564, 26.05833, 18.6241, -80.9265, 18.345, 150.439, 17.9142, 37.4744, 0.961854, 2.7633, 0.959977, -118.72, 0.978296, 120.32
1564, 26.06667, 18.6099, -80.9199, 18.3306, 150.434, 17.8995, 37.4815, 0.961877, 2.76426, 0.95995, -118.72, 0.978279, 120.319
1565, 26.07500, 18.5957, -80.9134, 18.3162, 150.429, 17.8848, 37.4887, 0.9619, 2.76522, 0.959923, -118.719, 0.978262, 120.318
1565, 26.08333, 18.5815, -80.9068, 18.3018, 150.425, 17.8701, 37.4959, 0.961923, 2.76616, 0.959895, -118.718, 0.978245, 120.317
1566, 26.09167, 18.5673, -80.9002, 18.2874, 150.42, 17.8554, 37.5031, 0.961946, 2.7671, 0.959868, -118.718, 0.978228, 120.316
1566, 26.10000, 18.5531, -80.8936, 18.2731, 150.415, 17.8408, 37.5103, 0.96197, 2.76804, 0.959841, -118.717, 0.978211, 120.315
1567, 26.10833, 18.539, -80.887, 18.2587, 150.41, 17.8261, 37.5175, 0.961993, 2.76897, 0.959814, -118.717, 0.978194, 120.314
1567, 26.11667, 18.5248, -80.8804, 18.2443, 150.405, 17.8115, 37.5247, 0.962017, 2.7699, 0.959786, -118.716, 0.978177, 120.313
1568, 26.12500, 18.5106, -80.8738, 18.23, 150.401, 17.7969, 37.5319, 0.962041, 2.77082, 0.959759, -118.716, 0.97816, 120.312
1568, 26.13333, 18.4965, -80.8672, 18.2156, 150.396, 17.7822, 37.5392, 0.962065, 2.77173, 0.959732, -118.715, 0.978143, 120.31
1569, 26.14167, 18.4823, -80.8606, 18.2013, 150.391, 17.7676, 37.5465, 0.96209, 2.77264, 0.959705, -118.715, 0.978127, 120.309
1569, 26.15000, 18.4682, -80.854, 18.1869, 150.386, 17.753, 37.5537, 0.962114, 2.77354, 0.959678, -118.714, 0.97811, 120.308
1570, 26.15833, 18.4541, -80.8473, 18.1726, 150.381, 17.7384, 37.561, 0.962139, 2.77443, 0.959651, -118.713, 0.978093, 120.307
1570, 26.16667, 18.4399, -80.8407, 18.1583, 150.376, 17.7238, 37.5683, 0.962163, 2.77532, 0.959624, -118.713, 0.978076, 120.306
1571, 26.17500, 18.4258, -80.834, 18.1439, 150.371, 17.7092, 37.5757, 0.962188, 2.77621, 0.959597, -118.712, 0.978059, 120.305
1571, 26.18333, 18.4117, -80.8273, 18.1296, 150.366, 17.6947, 37.583, 0.962213, 2.77709, 0.95957, -118.712, 0.978042, 120.304
1572, 26.19167, 18.3976, -80.8207, 18.1153, 150.361, 17.6801, 37.5904, 0.962238, 2.77796, 0.959543, -118.711, 0.978025, 120.303
1572, 26.20000, 18.3835, -80.814, 18.101, 150.357, 17.6656, 37.5977, 0.962264, 2.77882, 0.959516, -118.71, 0.978009, 120.302
1573, 26.20833, 18.3694, -80.8073, 18.0867, 150.352, 17.651, 37.6051, 0.962289, 2.77968, 0.95949, -118.71, 0.977992, 120.301
1573, 26.21667, 18.3553, -80.8006, 18.0724, 150.347, 17.6365, 37.6125, 0.962315, 2.78054, 0.959463, -118.709, 0.977975, 120.3
1574, 26.22500, 18.3412, -80.7939, 18.0581, 150.342, 17.6219, 37.6199, 0.96234, 2.78138, 0.959436, -118.709, 0.977958, 120.299
1574, 26.23333, 18.3271, -80.7872, 18.0439, 150.337, 17.6074, 37.6273, 0.962366, 2.78223, 0.959409, -118.708, 0.977941, 120.298
1575, 26.24167, 18.313, -80.7804, 18.0296, 150.332, 17.5929, 37.6348, 0.962392, 2.78306, 0.959383, -118.707, 0.977924, 120.297
1575, 26.25000, 18.299, -80.7737, 18.0153, 150.327, 17.5784, 37.6422, 0.962418, 2.78389, 0.959356, -118.707, 0.977908, 120.296
1576, 26.25833, 18.2849, -80.767, 18.0011, 150.322, 17.5639, 37.6497, 0.962445, 2.78471, 0.959329, -118.706, 0.977891, 120.295
1576, 26.26667, 18.2709, -80.7602, 17.9868, 150.317, 17.5494, 37.6572, 0.962471, 2.78552, 0.959303, -118.706, 0.977874, 120.294
1577, 26.27500, 18.2568, -80.7534, 17.9726, 150.311, 17.535, 37.6646, 0.962498, 2.78633, 0.959276, -118.705, 0.977857, 120.293
1577, 26.28333, 18.2428, -80.7467, 17.9583, 150.306, 17.5205, 37.6721, 0.962524, 2.78713, 0.95925, -118.704, 0.977841, 120.292
1578, 26.29167, 18.2287, -80.7399, 17.9441, 150.301, 17.506, 37.6797, 0.962551, 2.78793, 0.959223, -118.704, 0.977824, 120.291
1578, 26.30000, 18.2147, -80.7331, 17.9299, 150.296, 17.4916, 37.6872, 0.962578, 2.78872, 0.959197, -118.703, 0.977807, 120.29
1579, 26.30833, 18.2007, -80.7263, 17.9157, 150.291, 17.4771, 37.6947, 0.962606, 2.7895, 0.959171, -118.702, 0.97779, 120.289
1579, 26.31667, 18.1867, -80.7195, 17.9014, 150.286, 17.4627, 37.7023, 0.962633, 2.79027, 0.959144, -118.702, 0.977774, 120.288
1580, 26.32500, 18.1726, -80.7127, 17.8872, 150.281, 17.4483, 37.7099, 0.96266, 2.79104, 0.959118, -118.701, 0.977757, 120.287
1580, 26.33333, 18.1586, -80.7059, 17.873, 150.276, 17.4338, 37.7175, 0.962688, 2.7918, 0.959092, -118.701, 0.97774, 120.286
1581, 26.34167, 18.1446, -80.6991, 17.8588, 150.271, 17.4194, 37.7251, 0.962716, 2.79256, 0.959066, -118.7, 0.977723, 120.285
1581, 26.35000, 18.1306, -80.6922, 17.8446, 150.265, 17.405, 37.7327, 0.962744, 2.79331, 0.959039, -118.699, 0.977707, 120.284
1582, 26.35833, 18.1167, -80.6854, 17.8304, 150.26, 17.3906, 37.7403, 0.962772, 2.79405, 0.959013, -118.699, 0.97769, 120.283
1582, 26.36667, 18.1027, -80.6785, 17.8163, 150.255, 17.3763, 37.748, 0.9628, 2.79478, 0.958987, -118.698, 0.977673, 120.282
1583, 26.37500, 18.0887, -80.6717, 17.8021, 150.25, 17.3619, 37.7556, 0.962828, 2.79551, 0.958961, -118.697, 0.977657, 120.281
1583, 26.38333, 18.0747, -80.6648, 17.7879, 150.245, 17.3475, 37.7633, 0.962856, 2.79622, 0.958935, -118.697, 0.97764, 120.279
1584, 26.39167, 18.0608, -80.6579, 17.7738, 150.239, 17.3331, 37.771, 0.962885, 2.79694, 0.958909, -118.696, 0.977623, 120.278
1584, 26.40000, 18.0468, -80.651, 17.7596, 150.234, 17.3188, 37.7787, 0.962914, 2.79764, 0.958883, -118.695, 0.977606, 120.277
1585, 26.40833, 18.0329, -80.6441, 17.7455, 150.229, 17.3045, 37.7864, 0.962942, 2.79834, 0.958857, -118.695, 0.97759, 120.276
1585, 26.41667, 18.0189, -80.6372, 17.7313, 150.224, 17.2901, 37.7941, 0.962971, 2.79903, 0.958831, -118.694, 0.977573, 120.275
1586, 26.42500, 18.005, -80.6303, 17.7172, 150.218, 17.2758, 37.8019, 0.963001, 2.79971, 0.958806, -118.693, 0.977556, 120.274
1586, 26.43333, 17.991, -80.6234, 17.703, 150.213, 17.2615, 37.8096, 0.96303, 2.80039, 0.95878, -118.693, 0.97754, 120.273
1587, 26.44167, 17.9771, -80.6165, 17.6889, 150.208, 17.2472, 37.8174, 0.963059, 2.80105, 0.958754, -118.692, 0.977523, 120.272
1587, 26.45000, 17.9632, -80.6095, 17.6748, 150.202, 17.2329, 37.8252, 0.963089, 2.80171, 0.958728, -118.691, 0.977507, 120.271
1588, 26.45833, 17.9493, -80.6026, 17.6607, 150.197, 17.2186, 37.833, 0.963118, 2.80237, 0.958703, -118.69, 0.97749, 120.27
1588, 26.46667, 17.9353, -80.5956, 17.6466, 150.192, 17.2043, 37.8408, 0.963148, 2.80301, 0.958677, -118.69, 0.977473, 120.269
1589, 26.47500, 17.9214, -80.5887, 17.6325, 150.186, 17.19, 37.8486, 0.963178, 2.80365, 0.958652, -118.689, 0.977457, 120.268
1589, 26.48333, 17.9075, -80.5817, 17.6184, 150.181, 17.1758, 37.8565, 0.963208, 2.80428, 0.958626, -118.688, 0.97744, 120.267
1590, 26.49167, 17.8936, -80.5747, 17.6043, 150.176, 17.1615, 37.8643, 0.963238, 2.8049, 0.958601, -118.688, 0.977423, 120.266
1590, 26.50000, 17.8797, -80.5677, 17.5902, 150.17, 17.1472, 37.8722, 0.963269, 2.80552, 0.958575, -118.687, 0.977407, 120.265
1591, 26.50833, 17.8659, -80.5607, 17.5761, 150.165, 17.133, 37.8801, 0.963299, 2.80612, 0.95855, -118.686, 0.97739, 120.264
1591, 26.51667, 17.852, -80.5537, 17.562, 150.159, 17.1188, 37.888, 0.96333, 2.80672, 0.958524, -118.685, 0.977374, 120.263
1592, 26.52500, 17.8381, -80.5467, 17.548, 150.154, 17.1046, 37.8959, 0.96336, 2.80731, 0.958499, -118.685, 0.977357, 120.262
1592, 26.53333, 17.8242, -80.5397, 17.5339, 150.148, 17.0903, 37.9038, 0.963391, 2.80789, 0.958474, -118.684, 0.97734, 120.261
1593, 26.54167, 17.8104, -80.5326, 17.5198, 150.143, 17.0761, 37.9117, 0.963422, 2.80847, 0.958449, -118.683, 0.977324, 120.26
1593, 26.55000, 17.7965, -80.5256, 17.5058, 150.137, 17.0619, 37.9197, 0.963453, 2.80903, 0.958423, -118.683, 0.977307, 120.259
1594, 26.55833, 17.7827, -80.5185, 17.4917, 150.132, 17.0477, 37.9276, 0.963484, 2.80959, 0.958398, -118.682, 0.977291, 120.258
1594, 26.56667, 17.7688, -80.5115, 17.4777, 150.126, 17.0336, 37.9356, 0.963516, 2.81014, 0.958373, -118.681, 0.977274, 120.257
1595, 26.57500, 17.755, -80.5044, 17.4636, 150.121, 17.0194, 37.9436, 0.963547, 2.81069, 0.958348, -118.68, 0.977257, 120.256
1595, 26.58333, 17.7412, -80.4973, 17.4496, 150.115, 17.0052, 37.9516, 0.963579, 2.81122, 0.958323, -118.68, 0.977241, 120.255
1596, 26.59167, 17.7273, -80.4902, 17.4356, 150.11, 16.9911, 37.9596, 0.96361, 2.81175, 0.958298, -118.679, 0.977224, 120.254
1596, 26.60000, 17.7135, -80.4831, 17.4216, 150.104, 16.9769, 37.9677, 0.963642, 2.81226, 0.958273, -118.678, 0.977208, 120.253
1597, 26.60833, 17.6997, -80.476, 17.4076, 150.099, 16.9628, 37.9757, 0.963674, 2.81277, 0.958248, -118.677, 0.977191, 120.252
1597, 26.61667, 17.6859, -80.4689, 17.3935, 150.093, 16.9486, 37.9838, 0.963706, 2.81327, 0.958223, -118.676, 0.977175, 120.251
1598, 26.62500, 17.6721, -80.4618, 17.3795, 150.088, 16.9345, 37.9919, 0.963739, 2.81376, 0.958199, -118.676, 0.977158, 120.25
1598, 26.63333, 17.6583, -80.4547, 17.3655, 150.082, 16.9204, 38, 0.963771, 2.81425, 0.958174, -118.675, 0.977142, 120.249
1599, 26.64167, 17.6445, -80.4475, 17.3516, 150.076, 16.9063, 38.0081, 0.963803, 2.81472, 0.958149, -118.674, 0.977125, 120.248
1599, 26.65000, 17.6307, -80.4403, 17.3376, 150.071, 16.8922, 38.0162, 0.963836, 2.81519, 0.958124, -118.673, 0.977109, 120.247
1600, 26.65833, 17.6169, -80.4332, 17.3236, 150.065, 16.8781, 38.0243, 0.963868, 2.81565, 0.9581, -118.673, 0.977092, 120.246
1600, 26.66667, 17.6031, -80.426, 17.3096, 150.059, 16.864, 38.0325, 0.963901, 2.8161, 0.958075, -118.672, 0.977076, 120.245
1601, 26.67500, 17.5894, -80.4188, 17.2956, 150.054, 16.85, 38.0406, 0.963934, 2.81654, 0.958051, -118.671, 0.977059, 120.244
1601, 26.68333, 17.5756, -80.4116, 17.2817, 150.048, 16.8359, 38.0488, 0.963967, 2.81697, 0.958026, -118.67, 0.977042, 120.243
1602, 26.69167, 17.5618, -80.4044, 17.2677, 150.042, 16.8218, 38.057, 0.964, 2.81739, 0.958002, -118.669, 0.977026, 120.242
1602, 26.70000, 17.5481, -80.3972, 17.2538, 150.036, 16.8078, 38.0652, 0.964034, 2.81781, 0.957977, -118.669, 0.977009, 120.241
1603, 26.70833, 17.5343, -80.39, 17.2398, 150.031, 16.7937, 38.0734, 0.964067, 2.81821, 0.957953, -118.668, 0.976993, 120.24
1603, 26.71667, 17.5206, -80.3828, 17.2259, 150.025, 16.7797, 38.0816, 0.964101, 2.81861, 0.957929, -118.667, 0.976977, 120.239
1604, 26.72500, 17.5068, -80.3755, 17.2119, 150.019, 16.7657, 38.0899, 0.964134, 2.819, 0.957904, -118.666, 0.97696, 120.238
1604, 26.73333, 17.4931, -80.3683, 17.198, 150.013, 16.7517, 38.0981, 0.964168, 2.81938, 0.95788, -118.665, 0.976944, 120.237
1605, 26.74167, 17.4794, -80.361, 17.1841, 150.008, 16.7377, 38.1064, 0.964202, 2.81975, 0.957856, -118.665, 0.976927, 120.236
1605, 26.75000, 17.4656, -80.3538, 17.1701, 150.002, 16.7237, 38.1147, 0.964236, 2.82011, 0.957832, -118.664, 0.976911, 120.235
1606, 26.75833, 17.4519, -80.3465, 17.1562, 149.996, 16.7097, 38.123, 0.96427, 2.82046, 0.957808, -118.663, 0.976894, 120.234
1606, 26.76667, 17.4382, -80.3392, 17.1423, 149.99, 16.6957, 38.1313, 0.964304, 2.8208, 0.957784, -118.662, 0.976878, 120.233
1607, 26.77500, 17.4245, -80.3319, 17.1284, 149.984, 16.6817, 38.1396, 0.964338, 2.82114, 0.95776, -118.661, 0.976861, 120.232
1607, 26.78333, 17.4108, -80.3246, 17.1145, 149.978, 16.6678, 38.1479, 0.964373, 2.82146, 0.957736, -118.66, 0.976845, 120.231
1608, 26.79167, 17.3971, -80.3173, 17.1006, 149.972, 16.6538, 38.1563, 0.964407, 2.82177, 0.957712, -118.66, 0.976828, 120.23
1608, 26.80000, 17.3834, -80.31, 17.0867, 149.967, 16.6399, 38.1646, 0.964442, 2.82208, 0.957688, -118.659, 0.976812, 120.229
1609, 26.80833, 17.3697, -80.3026, 17.0728, 149.961, 16.6259, 38.173, 0.964477, 2.82238, 0.957664, -118.658, 0.976795, 120.228
1609, 26.81667, 17.356, -80.2953, 17.0589, 149.955, 16.612, 38.1814, 0.964511, 2.82266, 0.957641, -118.657, 0.976779, 120.227
1610, 26.82500, 17.3423, -80.2879, 17.045, 149.949, 16.5981, 38.1898, 0.964546, 2.82294, 0.957617, -118.656, 0.976763, 120.225
1610, 26.83333, 17.3287, -80.2806, 17.0312, 149.943, 16.5842, 38.1982, 0.964581, 2.82321, 0.957593, -118.655, 0.976746, 120.224
1611, 26.84167, 17.315, -80.2732, 17.0173, 149.937, 16.5702, 38.2067, 0.964616, 2.82347, 0.95757, -118.654, 0.97673, 120.223
1611, 26.85000, 17.3013, -80.2658, 17.0034, 149.931, 16.5563, 38.2151, 0.964652, 2.82372, 0.957546, -118.654, 0.976713, 120.222
1612, 26.85833, 17.2877, -80.2584, 16.9896, 149.925, 16.5425, 38.2236, 0.964687, 2.82396, 0.957523, -118.653, 0.976697, 120.221
1612, 26.86667, 17.274, -80.251, 16.9757, 149.919, 16.5286, 38.232, 0.964723, 2.82419, 0.957499, -118.652, 0.97668, 120.22
1613, 26.87500, 17.2604, -80.2436, 16.9619, 149.913, 16.5147, 38.2405, 0.964758, 2.82441, 0.957476, -118.651, 0.976664, 120.219
1613, 26.88333, 17.2467, -80.2362, 16.948, 149.907, 16.5008, 38.249, 0.964794, 2.82462, 0.957452, -118.65, 0.976648, 120.218
1614, 26.89167, 17.2331, -80.2287, 16.9342, 149.901, 16.487, 38.2575, 0.964829, 2.82482, 0.957429, -118.649, 0.976631, 120.217
1614, 26.90000, 17.2195, -80.2213, 16.9204, 149.894, 16.4731, 38.2661, 0.964865, 2.82501, 0.957406, -118.648, 0.976615, 120.216
1615, 26.90833, 17.2058, -80.2138, 16.9065, 149.888, 16.4593, 38.2746, 0.964901, 2.82519, 0.957383, -118.647, 0.976598, 120.215
1615, 26.91667, 17.1922, -80.2064, 16.8927, 149.882, 16.4455, 38.2832, 0.964937, 2.82536, 0.957359, -118.647, 0.976582, 120.214
1616, 26.92500, 17.1786, -80.1989, 16.8789, 149.876, 16.4316, 38.2917, 0.964973, 2.82553, 0.957336, -118.646, 0.976566, 120.213
1616, 26.93333, 17.165, -80.1914, 16.8651, 149.87, 16.4178, 38.3003, 0.96501, 2.82568, 0.957313, -118.645, 0.976549, 120.212
1617, 26.94167, 17.1514, -80.1839, 16.8513, 149.864, 16.404, 38.3089, 0.965046, 2.82582, 0.95729, -118.644, 0.976533, 120.211
1617, 26.95000, 17.1378, -80.1764, 16.8375, 149.858, 16.3902, 38.3175, 0.965082, 2.82595, 0.957267, -118.643, 0.976516, 120.21
1618, 26.95833, 17.1242, -80.1689, 16.8237, 149.851, 16.3764, 38.3261, 0.965119, 2.82607, 0.957244, -118.642, 0.9765, 120.209
1618, 26.96667, 17.1106, -80.1614, 16.8099, 149.845, 16.3626, 38.3348, 0.965155, 2.82619, 0.957222, -118.641, 0.976484, 120.208
1619, 26.97500, 17.097, -80.1538, 16.7961, 149.839, 16.3489, 38.3434, 0.965192, 2.82629, 0.957199, -118.64, 0.976467, 120.207
1619, 26.98333, 17.0834, -80.1463, 16.7823, 149.833, 16.3351, 38.3521, 0.965229, 2.82638, 0.957176, -118.639, 0.976451, 120.206
1620, 26.99167, 17.0698, -80.1387, 16.7685, 149.827, 16.3213, 38.3608, 0.965266, 2.82646, 0.957153, -118.638, 0.976435, 120.205
1620, 27.00000, 17.0563, -80.1311, 16.7548, 149.82, 16.3076, 38.3695, 0.965303, 2.82653, 0.957131, -118.637, 0.976418, 120.204
1621, 27.00833, 17.0427, -80.1236, 16.741, 149.814, 16.2938, 38.3782, 0.96534, 2.8266, 0.957108, -118.636, 0.976402, 120.203
1621, 27.01667, 17.0291, -80.116, 16.7272, 149.808, 16.2801, 38.3869, 0.965377, 2.82665, 0.957086, -118.636, 0.976386, 120.202
1622, 27.02500, 17.0156, -80.1084, 16.7135, 149.801, 16.2664, 38.3956, 0.965414, 2.82669, 0.957063, -118.635, 0.976369, 120.201
1622, 27.03333, 17.002, -80.1008, 16.6997, 149.795, 16.2527, 38.4044, 0.965452, 2.82672, 0.957041, -118.634, 0.976353, 120.2
1623, 27.04167, 16.9885, -80.0931, 16.6859, 149.789, 16.239, 38.4131, 0.965489, 2.82674, 0.957018, -118.633, 0.976337, 120.2
1623, 27.05000, 16.9749, -80.0855, 16.6722, 149.782, 16.2253, 38.4219, 0.965526, 2.82675, 0.956996, -118.632, 0.97632, 120.199
1624, 27.05833, 16.9614, -80.0779, 16.6585, 149.776, 16.2116, 38.4307, 0.965564, 2.82675, 0.956974, -118.631, 0.976304, 120.198
1624, 27.06667, 16.9479, -80.0702, 16.6447, 149.77, 16.1979, 38.4395, 0.965602, 2.82674, 0.956951, -118.63, 0.976288, 120.197
1625, 27.07500, 16.9343, -80.0625, 16.631, 149.763, 16.1842, 38.4483, 0.965639, 2.82672, 0.956929, -118.629, 0.976271, 120.196
1625, 27.08333, 16.9208, -80.0549, 16.6173, 149.757, 16.1705, 38.4571, 0.965677, 2.82669, 0.956907, -118.628, 0.976255, 120.195
1626, 27.09167, 16.9073, -80.0472, 16.6035, 149.75, 16.1569, 38.4659, 0.965715, 2.82665, 0.956885, -118.627, 0.976239, 120.194
1626, 27.10000, 16.8938, -80.0395, 16.5898, 149.744, 16.1432, 38.4748, 0.965753, 2.82659, 0.956863, -118.626, 0.976222, 120.193
1627, 27.10833, 16.8803, -80.0318, 16.5761, 149.737, 16.1296, 38.4836, 0.965791, 2.82653, 0.956841, -118.625, 0.976206, 120.192
1627, 27.11667, 16.8668, -80.024, 16.5624, 149.731, 16.1159, 38.4925, 0.965829, 2.82646, 0.956819, -118.624, 0.97619, 120.191
1628, 27.12500, 16.8533, -80.0163, 16.5487, 149.724, 16.1023, 38.5014, 0.965867, 2.82637, 0.956797, -118.623, 0.976173, 120.19
1628, 27.13333, 16.8398, -80.0086, 16.535, 149.718, 16.0887, 38.5103, 0.965905, 2.82628, 0.956776, -118.622, 0.976157, 120.189
1629, 27.14167, 16.8263, -80.0008, 16.5213, 149.711, 16.0751, 38.5192, 0.965944, 2.82617, 0.956754, -118.621, 0.976141, 120.188
1629, 27.15000, 16.8128, -79.993, 16.5076, 149.705, 16.0615, 38.5281, 0.965982, 2.82606, 0.956732, -118.62, 0.976125, 120.187
1630, 27.15833, 16.7993, -79.9853, 16.4939, 149.698, 16.0479, 38.5371, 0.966021, 2.82593, 0.956711, -118.619, 0.976108, 120.186
1630, 27.16667, 16.7858, -79.9775, 16.4802, 149.692, 16.0343, 38.546, 0.966059, 2.82579, 0.956689, -118.618, 0.976092, 120.185
1631, 27.17500, 16.7724, -79.9697, 16.4665, 149.685, 16.0207, 38.555, 0.966098, 2.82565, 0.956667, -118.617, 0.976076, 120.184
1631, 27.18333, 16.7589, -79.9619, 16.4529, 149.679, 16.0071, 38.564, 0.966137, 2.82549, 0.956646, -118.616, 0.976059, 120.183
1632, 27.19167, 16.7454, -79.9541, 16.4392, 149.672, 15.9936, 38.573, 0.966175, 2.82532, 0.956625, -118.615, 0.976043, 120.182
1632, 27.20000, 16.732, -79.9462, 16.4255, 149.665, 15.98, 38.582, 0.966214, 2.82514, 0.956603, -118.614, 0.976027, 120.181
1633, 27.20833, 16.7185, -79.9384, 16.4118, 149.659, 15.9665, 38.591, 0.966253, 2.82495, 0.956582, -118.613, 0.976011, 120.18
1633, 27.21667, 16.7051, -79.9305, 16.3982, 149.652, 15.9529, 38.6, 0.966292, 2.82474, 0.956561, -118.612, 0.975994, 120.179
1634, 27.22500, 16.6916, -79.9227, 16.3845, 149.645, 15.9394, 38.6091, 0.966331, 2.82453, 0.95654, -118.611, 0.975978, 120.178
1634, 27.23333, 16.6782, -79.9148, 16.3709, 149.639, 15.9259, 38.6181, 0.96637, 2.82431, 0.956518, -118.61, 0.975962, 120.177
1635, 27.24167, 16.6647, -79.9069, 16.3572, 149.632, 15.9124, 38.6272, 0.966409, 2.82407, 0.956497, -118.609, 0.975946, 120.176
1635, 27.25000, 16.6513, -79.899, 16.3436, 149.625, 15.8989, 38.6363, 0.966448, 2.82383, 0.956476, -118.608, 0.975929, 120.175
1636, 27.25833, 16.6379, -79.8911, 16.33, 149.618, 15.8854, 38.6454, 0.966488, 2.82357, 0.956455, -118.607, 0.975913, 120.174
1636, 27.26667, 16.6245, -79.8831, 16.3163, 149.612, 15.8719, 38.6545, 0.966527, 2.8233, 0.956434, -118.606, 0.975897, 120.173
1637, 27.27500, 16.611, -79.8752, 16.3027, 149.605, 15.8584, 38.6636, 0.966566, 2.82302, 0.956414, -118.605, 0.975881, 120.172
1637, 27.28333, 16.5976, -79.8672, 16.2891, 149.598, 15.8449, 38.6728, 0.966606, 2.82273, 0.956393, -118.604, 0.975864, 120.171
1638, 27.29167, 16.5842, -79.8593, 16.2755, 149.591, 15.8314, 38.6819, 0.966645, 2.82243, 0.956372, -118.603, 0.975848, 120.17
1638, 27.30000, 16.5708, -79.8513, 16.2618, 149.584, 15.818, 38.6911, 0.966685, 2.82212, 0.956351, -118.602, 0.975832, 120.169
1639, 27.30833, 16.5574, -79.8433, 16.2482, 149.577, 15.8045, 38.7002, 0.966724, 2.8218, 0.956331, -118.601, 0.975816, 120.168
1639, 27.31667, 16.544, -79.8353, 16.2346, 149.571, 15.7911, 38.7094, 0.966764, 2.82146, 0.95631, -118.6, 0.9758, 120.167
1640, 27.32500, 16.5306, -79.8273, 16.221, 149.564, 15.7776, 38.7186, 0.966803, 2.82112, 0.95629, -118.598, 0.975783, 120.166
1640, 27.33333, 16.5172, -79.8193, 16.2074, 149.557, 15.7642, 38.7278, 0.966843, 2.82076, 0.956269, -118.597, 0.975767, 120.165
1641, 27.34167, 16.5038, -79.8112, 16.1938, 149.55, 15.7508, 38.7371, 0.966883, 2.82039, 0.956249, -118.596, 0.975751, 120.164
1641, 27.35000, 16.4905, -79.8032, 16.1802, 149.543, 15.7374, 38.7463, 0.966923, 2.82001, 0.956229, -118.595, 0.975735, 120.163
1642, 27.35833, 16.4771, -79.7951, 16.1666, 149.536, 15.724, 38.7556, 0.966963, 2.81962, 0.956208, -118.594, 0.975719, 120.162
1642, 27.36667, 16.4637, -79.7871, 16.1531, 149.529, 15.7106, 38.7648, 0.967003, 2.81922, 0.956188, -118.593, 0.975702, 120.161
1643, 27.37500, 16.4504, -79.779, 16.1395, 149.522, 15.6972, 38.7741, 0.967043, 2.81881, 0.956168, -118.592, 0.975686, 120.16
1643, 27.38333, 16.437, -79.7709, 16.1259, 149.515, 15.6838, 38.7834, 0.967083, 2.81838, 0.956148, -118.591, 0.97567, 120.159
1644, 27.39167, 16.4236, -79.7628, 16.1123, 149.508, 15.6704, 38.7927, 0.967123, 2.81795, 0.956128, -118.59, 0.975654, 120.158
1644, 27.40000, 16.4103, -79.7547, 16.0988, 149.501, 15.6571, 38.802, 0.967163, 2.8175, 0.956108, -118.589, 0.975638, 120.157
1645, 27.40833, 16.3969, -79.7465, 16.0852, 149.494, 15.6437, 38.8113, 0.967203, 2.81704, 0.956088, -118.588, 0.975621, 120.157
1645, 27.41667, 16.3836, -79.7384, 16.0716, 149.487, 15.6304, 38.8207, 0.967243, 2.81658, 0.956068, -118.587, 0.975605, 120.156
1646, 27.42500, 16.3703, -79.7302, 16.0581, 149.48, 15.617, 38.83, 0.967283, 2.81609, 0.956048, -118.585, 0.975589, 120.155
1646, 27.43333, 16.3569, -79.722, 16.0445, 149.473, 15.6037, 38.8394, 0.967324, 2.8156, 0.956029, -118.584, 0.975573, 120.154
1647, 27.44167, 16.3436, -79.7138, 16.031, 149.466, 15.5904, 38.8488, 0.967364, 2.8151, 0.956009, -118.583, 0.975557, 120.153
1647, 27.45000, 16.3303, -79.7057, 16.0174, 149.458, 15.577, 38.8582, 0.967404, 2.81458, 0.95599, -118.582, 0.975541, 120.152
1648, 27.45833, 16.3169, -79.6974, 16.0039, 149.451, 15.5637, 38.8676, 0.967444, 2.81406, 0.95597, -118.581, 0.975524, 120.151
1648, 27.46667, 16.3036, -79.6892, 15.9904, 149.444, 15.5504, 38.877, 0.967485, 2.81352, 0.95595, -118.58, 0.975508, 120.15
1649, 27.47500, 16.2903, -79.681, 15.9768, 149.437, 15.5371, 38.8864, 0.967525, 2.81297, 0.955931, -118.579, 0.975492, 120.149
1649, 27.48333, 16.277, -79.6727, 15.9633, 149.43, 15.5238, 38.8958, 0.967566, 2.81241, 0.955912, -118.578, 0.975476, 120.148
1650, 27.49167, 16.2637, -79.6645, 15.9498, 149.423, 15.5106, 38.9053, 0.967606, 2.81184, 0.955892, -118.576, 0.97546, 120.147
1650, 27.50000, 16.2504, -79.6562, 15.9362, 149.415, 15.4973, 38.9148, 0.967647, 2.81126, 0.955873, -118.575, 0.975444, 120.146
1651, 27.50833, 16.2371, -79.6479, 15.9227, 149.408, 15.484, 38.9242, 0.967687, 2.81066, 0.955854, -118.574, 0.975428, 120.145
1651, 27.51667, 16.2238, -79.6396, 15.9092, 149.401, 15.4708, 38.9337, 0.967728, 2.81005, 0.955835, -118.573, 0.975412, 120.144
1652, 27.52500, 16.2105, -79.6313, 15.8957, 149.393, 15.4575, 38.9432, 0.967768, 2.80944, 0.955816, -118.572, 0.975395, 120.143
1652, 27.53333, 16.1972, -79.6229, 15.8822, 149.386, 15.4443, 38.9527, 0.967809, 2.80881, 0.955797, -118.571, 0.975379, 120.142
1653, 27.54167, 16.1839, -79.6146, 15.8687, 149.379, 15.4311, 38.9623, 0.96785, 2.80817, 0.955778, -118.57, 0.975363, 120.141
1653, 27.55000, 16.1707, -79.6062, 15.8552, 149.372, 15.4178, 38.9718, 0.96789, 2.80751, 0.955759, -118.568, 0.975347, 120.14
1654, 27.55833, 16.1574, -79.5979, 15.8417, 149.364, 15.4046, 38.9814, 0.967931, 2.80685, 0.95574, -118.567, 0.975331, 120.139
1654, 27.56667, 16.1441, -79.5895, 15.8282, 149.357, 15.3914, 38.9909, 0.967972, 2.80617, 0.955722, -118.566, 0.975315, 120.138
1655, 27.57500, 16.1309, -79.5811, 15.8147, 149.349, 15.3782, 39.0005, 0.968012, 2.80549, 0.955703, -118.565, 0.975299, 120.137
1655, 27.58333, 16.1176, -79.5727, 15.8012, 149.342, 15.365, 39.0101, 0.968053, 2.80479, 0.955684, -118.564, 0.975283, 120.137
1656, 27.59167, 16.1043, -79.5642, 15.7878, 149.335, 15.3518, 39.0197, 0.968094, 2.80408, 0.955666, -118.563, 0.975267, 120.136
1656, 27.60000, 16.0911, -79.5558, 15.7743, 149.327, 15.3386, 39.0293, 0.968135, 2.80336, 0.955647, -118.561, 0.975251, 120.135
1657, 27.60833, 16.0778, -79.5473, 15.7608, 149.32, 15.3255, 39.0389, 0.968175, 2.80262, 0.955629, -118.56, 0.975235, 120.134
1657, 27.61667, 16.0646, -79.5389, 15.7473, 149.312, 15.3123, 39.0486, 0.968216, 2.80188, 0.955611, -118.559, 0.975218, 120.133
1658, 27.62500, 16.0514, -79.5304, 15.7339, 149.305, 15.2991, 39.0582, 0.968257, 2.80112, 0.955592, -118.558, 0.975202, 120.132
1658, 27.63333, 16.0381, -79.5219, 15.7204, 149.297, 15.286, 39.0679, 0.968298, 2.80035, 0.955574, -118.557, 0.975186, 120.131
1659, 27.64167, 16.0249, -79.5134, 15.7069, 149.29, 15.2728, 39.0775, 0.968339, 2.79957, 0.955556, -118.556, 0.97517, 120.13
1659, 27.65000, 16.0117, -79.5048, 15.6935, 149.282, 15.2597, 39.0872, 0.968379, 2.79878, 0.955538, -118.554, 0.975154, 120.129
1660, 27.65833, 15.9984, -79.4963, 15.68, 149.275, 15.2466, 39.0969, 0.96842, 2.79798, 0.95552, -118.553, 0.975138, 120.128
1660, 27.66667, 15.9852, -79.4877, 15.6666, 149.267, 15.2335, 39.1066, 0.968461, 2.79717, 0.955502, -118.552, 0.975122, 120.127
1661, 27.67500, 15.972, -79.4792, 15.6531, 149.259, 15.2204, 39.1164, 0.968502, 2.79634, 0.955484, -118.551, 0.975106, 120.126
1661, 27.68333, 15.9588, -79.4706, 15.6397, 149.252, 15.2073, 39.1261, 0.968543, 2.7955, 0.955466, -118.55, 0.97509, 120.125
1662, 27.69167, 15.9456, -79.462, 15.6263, 149.244, 15.1942, 39.1358, 0.968584, 2.79465, 0.955448, -118.548, 0.975074, 120.124
1662, 27.70000, 15.9324, -79.4534, 15.6128, 149.237, 15.1811, 39.1456, 0.968625, 2.79379, 0.955431, -118.547, 0.975058, 120.123
1663, 27.70833, 15.9192, -79.4448, 15.5994, 149.229, 15.168, 39.1554, 0.968666, 2.79292, 0.955413, -118.546, 0.975042, 120.122
1663, 27.71667, 15.906, -79.4361, 15.586, 149.221, 15.1549, 39.1651, 0.968706, 2.79204, 0.955395, -118.545, 0.975026, 120.122
1664, 27.72500, 15.8928, -79.4275, 15.5725, 149.214, 15.1418, 39.1749, 0.968747, 2.79114, 0.955378, -118.544, 0.97501, 120.121
1664, 27.73333, 15.8796, -79.4188, 15.5591, 149.206, 15.1288, 39.1847, 0.968788, 2.79023, 0.95536, -118.542, 0.974994, 120.12
1665, 27.74167, 15.8664, -79.4101, 15.5457, 149.198, 15.1157, 39.1946, 0.968829, 2.78932, 0.955343, -118.541, 0.974978, 120.119
1665, 27.75000, 15.8532, -79.4014, 15.5323, 149.19, 15.1027, 39.2044, 0.96887, 2.78839, 0.955326, -118.54, 0.974962, 120.118
1666, 27.75833, 15.8401, -79.3927, 15.5189, 149.183, 15.0896, 39.2142, 0.968911, 2.78744, 0.955308, -118.539, 0.974946, 120.117
1666, 27.76667, 15.8269, -79.3839, 15.5055, 149.175, 15.0766, 39.2241, 0.968951, 2.78649, 0.955291, -118.537, 0.97493, 120.116
1667, 27.77500, 15.8137, -79.3752, 15.4921, 149.167, 15.0636, 39.2339, 0.968992, 2.78553, 0.955274, -118.536, 0.974914, 120.115
1667, 27.78333, 15.8006, -79.3664, 15.4787, 149.159, 15.0506, 39.2438, 0.969033, 2.78455, 0.955257, -118.535, 0.974898, 120.114
1668, 27.79167, 15.7874, -79.3577, 15.4653, 149.151, 15.0376, 39.2537, 0.969074, 2.78356, 0.95524, -118.534, 0.974882, 120.113
1668, 27.80000, 15.7742, -79.3489, 15.4519, 149.143, 15.0246, 39.2636, 0.969115, 2.78256, 0.955223, -118.532, 0.974866, 120.112
1669, 27.80833, 15.7611, -79.3401, 15.4385, 149.136, 15.0116, 39.2735, 0.969155, 2.78155, 0.955206, -118.531, 0.97485, 120.111
1669, 27.81667, 15.7479, -79.3312, 15.4251, 149.128, 14.9986, 39.2835, 0.969196, 2.78053, 0.955189, -118.53, 0.974834, 120.11
1670, 27.82500, 15.7348, -79.3224, 15.4117, 149.12, 14.9856, 39.2934, 0.969237, 2.77949, 0.955173, -118.529, 0.974818, 120.11
1670, 27.83333, 15.7217, -79.3135, 15.3983, 149.112, 14.9726, 39.3033, 0.969278, 2.77845, 0.955156, -118.527, 0.974802, 120.109
1671, 27.84167, 15.7085, -79.3047, 15.3849, 149.104, 14.9597, 39.3133, 0.969319, 2.77739, 0.955139, -118.526, 0.974786, 120.108
1671, 27.85000, 15.6954, -79.2958, 15.3716, 149.096, 14.9467, 39.3233, 0.969359, 2.77632, 0.955123, -118.525, 0.97477, 120.107
1672, 27.85833, 15.6822, -79.2869, 15.3582, 149.088, 14.9338, 39.3332, 0.9694, 2.77524, 0.955106, -118.524, 0.974755, 120.106
1672, 27.86667, 15.6691, -79.278, 15.3448, 149.08, 14.9208, 39.3432, 0.969441, 2.77415, 0.95509, -118.522, 0.974739, 120.105
1673, 27.87500, 15.656, -79.269, 15.3315, 149.072, 14.9079, 39.3532, 0.969481, 2.77305, 0.955074, -118.521, 0.974723, 120.104
1673, 27.88333, 15.6429, -79.2601, 15.3181, 149.064, 14.895, 39.3633, 0.969522, 2.77193, 0.955057, -118.52, 0.974707, 120.103
1674, 27.89167, 15.6298, -79.2511, 15.3047, 149.056, 14.882, 39.3733, 0.969562, 2.7708, 0.955041, -118.519, 0.974691, 120.102
1674, 27.90000, 15.6166, -79.2421, 15.2914, 149.048, 14.8691, 39.3833, 0.969603, 2.76967, 0.955025, -118.517, 0.974675, 120.101
1675, 27.90833, 15.6035, -79.2331, 15.278, 149.04, 14.8562, 39.3934, 0.969643, 2.76852, 0.955009, -118.516, 0.974659, 120.1
1675, 27.91667, 15.5904, -79.2241, 15.2647, 149.032, 14.8433, 39.4035, 0.969684, 2.76736, 0.954993, -118.515, 0.974643, 120.1
1676, 27.92500, 15.5773, -79.2151, 15.2513, 149.024, 14.8304, 39.4135, 0.969724, 2.76619, 0.954977, -118.513, 0.974627, 120.099
1676, 27.93333, 15.5642, -79.206, 15.238, 149.015, 14.8176, 39.4236, 0.969765, 2.765, 0.954961, -118.512, 0.974611, 120.098
1677, 27.94167, 15.5511, -79.197, 15.2246, 149.007, 14.8047, 39.4337, 0.969805, 2.76381, 0.954946, -118.511, 0.974596, 120.097
1677, 27.95000, 15.5381, -79.1879, 15.2113, 148.999, 14.7918, 39.4438, 0.969846, 2.7626, 0.95493, -118.509, 0.97458, 120.096
1678, 27.95833, 15.525, -79.1788, 15.198, 148.991, 14.7789, 39.454, 0.969886, 2.76138, 0.954914, -118.508, 0.974564, 120.095
1678, 27.96667, 15.5119, -79.1697, 15.1846, 148.983, 14.7661, 39.4641, 0.969926, 2.76015, 0.954899, -118.507, 0.974548, 120.094
1679, 27.97500, 15.4988, -79.1605, 15.1713, 148.974, 14.7532, 39.4742, 0.969967, 2.75891, 0.954883, -118.506, 0.974532, 120.093
1679, 27.98333, 15.4857, -79.1514, 15.158, 148.966, 14.7404, 39.4844, 0.970007, 2.75766, 0.954868, -118.504, 0.974516, 120.092
1680, 27.99167, 15.4727, -79.1422, 15.1447, 148.958, 14.7276, 39.4946, 0.970047, 2.7564, 0.954852, -118.503, 0.974501, 120.091
1680, 28.00000, 15.4596, -79.133, 15.1313, 148.95, 14.7147, 39.5047, 0.970087, 2.75512, 0.954837, -118.502, 0.974485, 120.091
1681, 28.00833, 15.4465, -79.1238, 15.118, 148.941, 14.7019, 39.5149, 0.970127, 2.75384, 0.954822, -118.5, 0.974469, 120.09
1681, 28.01667, 15.4335, -79.1146, 15.1047, 148.933, 14.6891, 39.5251, 0.970168, 2.75254, 0.954806, -118.499, 0.974453, 120.089
1682, 28.02500, 15.4204, -79.1054, 15.0914, 148.925, 14.6763, 39.5353, 0.970208, 2.75123, 0.954791, -118.498, 0.974437, 120.088
1682, 28.03333, 15.4074, -79.0961, 15.0781, 148.916, 14.6635, 39.5456, 0.970248, 2.74992, 0.954776, -118.496, 0.974422, 120.087
1683, 28.04167, 15.3943, -79.0869, 15.0648, 148.908, 14.6507, 39.5558, 0.970288, 2.74858, 0.954761, -118.495, 0.974406, 120.086
1683, 28.05000, 15.3813, -79.0776, 15.0515, 148.9, 14.6379, 39.5661, 0.970327, 2.74724, 0.954746, -118.494, 0.97439, 120.085
1684, 28.05833, 15.3682, -79.0683, 15.0382, 148.891, 14.6251, 39.5763, 0.970367, 2.74589, 0.954732, -118.492, 0.974374, 120.084
1684, 28.06667, 15.3552, -79.0589, 15.0249, 148.883, 14.6124, 39.5866, 0.970407, 2.74453, 0.954717, -118.491, 0.974358, 120.083
1685, 28.07500, 15.3422, -79.0496, 15.0116, 148.874, 14.5996, 39.5969, 0.970447, 2.74315, 0.954702, -118.49, 0.974343, 120.083
1685, 28.08333, 15.3291, -79.0402, 14.9983, 148.866, 14.5868, 39.6072, 0.970487, 2.74177, 0.954688, -118.488, 0.974327, 120.082
1686, 28.09167, 15.3161, -79.0309, 14.985, 148.857, 14.5741, 39.6175, 0.970526, 2.74037, 0.954673, -118.487, 0.974311, 120.081
1686, 28.10000, 15.3031, -79.0215, 14.9717, 148.849, 14.5614, 39.6278, 0.970566, 2.73896, 0.954659, -118.486, 0.974295, 120.08
1687, 28.10833, 15.2901, -79.0121, 14.9585, 148.84, 14.5486, 39.6381, 0.970605, 2.73754, 0.954644, -118.484, 0.97428, 120.079
1687, 28.11667, 15.277, -79.0026, 14.9452, 148.832, 14.5359, 39.6485, 0.970645, 2.73611, 0.95463, -118.483, 0.974264, 120.078
1688, 28.12500, 15.264, -78.9932, 14.9319, 148.823, 14.5232, 39.6588, 0.970684, 2.73467, 0.954616, -118.482, 0.974248, 120.077
1688, 28.13333, 15.251, -78.9837, 14.9186, 148.815, 14.5104, 39.6692, 0.970724, 2.73322, 0.954601, -118.48, 0.974233, 120.076
1689, 28.14167, 15.238, -78.9742, 14.9054, 148.806, 14.4977, 39.6795, 0.970763, 2.73175, 0.954587, -118.479, 0.974217, 120.075
1689, 28.15000, 15.225, -78.9647, 14.8921, 148.798, 14.485, 39.6899, 0.970802, 2.73028, 0.954573, -118.477, 0.974201, 120.075
1690, 28.15833, 15.212, -78.9552, 14.8788, 148.789, 14.4723, 39.7003, 0.970842, 2.72879, 0.954559, -118.476, 0.974186, 120.074
1690, 28.16667, 15.199, -78.9457, 14.8656, 148.78, 14.4597, 39.7107, 0.970881, 2.7273, 0.954545, -118.475, 0.97417, 120.073
1691, 28.17500, 15.186, -78.9361, 14.8523, 148.772, 14.447, 39.7211, 0.97092, 2.72579, 0.954531, -118.473, 0.974154, 120.072
1691, 28.18333, 15.173, -78.9265, 14.8391, 148.763, 14.4343, 39.7316, 0.970959, 2.72427, 0.954518, -118.472, 0.974138, 120.071
1692, 28.19167, 15.16, -78.9169, 14.8258, 148.754, 14.4216, 39.742, 0.970998, 2.72274, 0.954504, -118.471, 0.974123, 120.07
1692, 28.20000, 15.1471, -78.9073, 14.8125, 148.746, 14.409, 39.7525, 0.971037, 2.7212, 0.95449, -118.469, 0.974107, 120.069
1693, 28.20833, 15.1341, -78.8977, 14.7993, 148.737, 14.3963, 39.7629, 0.971076, 2.71965, 0.954477, -118.468, 0.974092, 120.068
1693, 28.21667, 15.1211, -78.888, 14.7861, 148.728, 14.3837, 39.7734, 0.971115, 2.71809, 0.954463, -118.466, 0.974076, 120.068
1694, 28.22500, 15.1081, -78.8783, 14.7728, 148.719, 14.371, 39.7839, 0.971153, 2.71652, 0.95445, -118.465, 0.97406, 120.067
1694, 28.23333, 15.0952, -78.8687, 14.7596, 148.711, 14.3584, 39.7944, 0.971192, 2.71494, 0.954436, -118.464, 0.974045, 120.066
1695, 28.24167, 15.0822, -78.8589, 14.7463, 148.702, 14.3458, 39.8049, 0.97123, 2.71335, 0.954423, -118.462, 0.974029, 120.065
1695, 28.25000, 15.0693, -78.8492, 14.7331, 148.693, 14.3331, 39.8154, 0.971269, 2.71174, 0.95441, -118.461, 0.974014, 120.064
1696, 28.25833, 15.0563, -78.8395, 14.7199, 148.684, 14.3205, 39.8259, 0.971307, 2.71013, 0.954397, -118.459, 0.973998, 120.063
1696, 28.26667, 15.0433, -78.8297, 14.7066, 148.675, 14.3079, 39.8365, 0.971346, 2.7085, 0.954384, -118.458, 0.973982, 120.062
1697, 28.27500, 15.0304, -78.8199, 14.6934, 148.666, 14.2953, 39.847, 0.971384, 2.70687, 0.954371, -118.457, 0.973967, 120.062
1697, 28.28333, 15.0174, -78.8101, 14.6802, 148.657, 14.2827, 39.8576, 0.971422, 2.70522, 0.954358, -118.455, 0.973951, 120.061
1698, 28.29167, 15.0045, -78.8003, 14.667, 148.649, 14.2701, 39.8682, 0.97146, 2.70357, 0.954345, -118.454, 0.973936, 120.06
1698, 28.30000, 14.9916, -78.7904, 14.6538, 148.64, 14.2575, 39.8788, 0.971498, 2.7019, 0.954332, -118.452, 0.97392, 120.059
1699, 28.30833, 14.9786, -78.7805, 14.6405, 148.631, 14.245, 39.8894, 0.971536, 2.70022, 0.954319, -118.451, 0.973905, 120.058
1699, 28.31667, 14.9657, -78.7707, 14.6273, 148.622, 14.2324, 39.9, 0.971574, 2.69854, 0.954307, -118.45, 0.973889, 120.057
1700, 28.32500, 14.9528, -78.7607, 14.6141, 148.613, 14.2198, 39.9106, 0.971612, 2.69684, 0.954294, -118.448, 0.973873, 120.056
1700, 28.33333, 14.9398, -78.7508, 14.6009, 148.604, 14.2073, 39.9212, 0.97165, 2.69513, 0.954282, -118.447, 0.973858, 120.056
1701, 28.34167, 14.9269, -78.7409, 14.5877, 148.595, 14.1947, 39.9319, 0.971687, 2.69341, 0.954269, -118.445, 0.973843, 120.055
1701, 28.35000, 14.914, -78.7309, 14.5745, 148.586, 14.1822, 39.9425, 0.971725, 2.69169, 0.954257, -118.444, 0.973827, 120.054
1702, 28.35833, 14.9011, -78.7209, 14.5613, 148.577, 14.1696, 39.9532, 0.971762, 2.68995, 0.954244, -118.442, 0.973812, 120.053
1702, 28.36667, 14.8882, -78.7109, 14.5481, 148.567, 14.1571, 39.9638, 0.9718, 2.6882, 0.954232, -118.441, 0.973796, 120.052
1703, 28.37500, 14.8753, -78.7009, 14.5349, 148.558, 14.1446, 39.9745, 0.971837, 2.68644, 0.95422, -118.44, 0.973781, 120.051
1703, 28.38333, 14.8624, -78.6908, 14.5217, 148.549, 14.1321, 39.9852, 0.971874, 2.68467, 0.954208, -118.438, 0.973765, 120.05
1704, 28.39167, 14.8495, -78.6807, 14.5085, 148.54, 14.1196, 39.9959, 0.971911, 2.68289, 0.954196, -118.437, 0.97375, 120.05
1704, 28.40000, 14.8366, -78.6706, 14.4953, 148.531, 14.1071, 40.0066, 0.971948, 2.6811, 0.954184, -118.435, 0.973734, 120.049
1705, 28.40833, 14.8237, -78.6605, 14.4822, 148.522, 14.0946, 40.0174, 0.971985, 2.6793, 0.954172, -118.434, 0.973719, 120.048
1705, 28.41667, 14.8108, -78.6504, 14.469, 148.513, 14.0821, 40.0281, 0.972022, 2.67749, 0.95416, -118.432, 0.973703, 120.047
1706, 28.42500, 14.7979, -78.6402, 14.4558, 148.503, 14.0696, 40.0389, 0.972059, 2.67568, 0.954149, -118.431, 0.973688, 120.046
1706, 28.43333, 14.785, -78.6301, 14.4426, 148.494, 14.0571, 40.0496, 0.972095, 2.67385, 0.954137, -118.429, 0.973673, 120.045
1707, 28.44167, 14.7721, -78.6199, 14.4294, 148.485, 14.0446, 40.0604, 0.972132, 2.67201, 0.954125, -118.428, 0.973657, 120.045
1707, 28.45000, 14.7593, -78.6096, 14.4163, 148.476, 14.0322, 40.0712, 0.972169, 2.67016, 0.954114, -118.426, 0.973642, 120.044
1708, 28.45833, 14.7464, -78.5994, 14.4031, 148.466, 14.0197, 40.082, 0.972205, 2.6683, 0.954102, -118.425, 0.973626, 120.043
1708, 28.46667, 14.7335, -78.5891, 14.3899, 148.457, 14.0073, 40.0928, 0.972241, 2.66643, 0.954091, -118.424, 0.973611, 120.042
1709, 28.47500, 14.7206, -78.5788, 14.3768, 148.448, 13.9948, 40.1036, 0.972277, 2.66456, 0.95408, -118.422, 0.973596, 120.041
1709, 28.48333, 14.7078, -78.5685, 14.3636, 148.438, 13.9824, 40.1144, 0.972313, 2.66267, 0.954068, -118.421, 0.97358, 120.04
1710, 28.49167, 14.6949, -78.5582, 14.3505, 148.429, 13.9699, 40.1253, 0.972349, 2.66077, 0.954057, -118.419, 0.973565, 120.04
1710, 28.50000, 14.6821, -78.5479, 14.3373, 148.42, 13.9575, 40.1361, 0.972385, 2.65887, 0.954046, -118.418, 0.97355, 120.039
1711, 28.50833, 14.6692, -78.5375, 14.3241, 148.41, 13.9451, 40.147, 0.972421, 2.65695, 0.954035, -118.416, 0.973534, 120.038
1711, 28.51667, 14.6564, -78.5271, 14.311, 148.401, 13.9327, 40.1579, 0.972457, 2.65502, 0.954024, -118.415, 0.973519, 120.037
1712, 28.52500, 14.6435, -78.5167, 14.2978, 148.391, 13.9203, 40.1688, 0.972492, 2.65309, 0.954013, -118.413, 0.973504, 120.036
1712, 28.53333, 14.6307, -78.5062, 14.2847, 148.382, 13.9078, 40.1797, 0.972528, 2.65115, 0.954003, -118.412, 0.973489, 120.035
1713, 28.54167, 14.6178, -78.4958, 14.2715, 148.373, 13.8954, 40.1906, 0.972563, 2.64919, 0.953992, -118.41, 0.973473, 120.035
1713, 28.55000, 14.605, -78.4853, 14.2584, 148.363, 13.8831, 40.2015, 0.972598, 2.64723, 0.953981, -118.409, 0.973458, 120.034
1714, 28.55833, 14.5922, -78.4748, 14.2453, 148.354, 13.8707, 40.2124, 0.972633, 2.64526, 0.953971, -118.407, 0.973443, 120.033
1714, 28.56667, 14.5793, -78.4642, 14.2321, 148.344, 13.8583, 40.2234, 0.972668, 2.64328, 0.95396, -118.406, 0.973428, 120.032
1715, 28.57500, 14.5665, -78.4537, 14.219, 148.334, 13.8459, 40.2343, 0.972703, 2.64129, 0.95395, -118.404, 0.973412, 120.031
1715, 28.58333, 14.5537, -78.4431, 14.2059, 148.325, 13.8336, 40.2453, 0.972738, 2.63929, 0.953939, -118.403, 0.973397, 120.031
1716, 28.59167, 14.5409, -78.4325, 14.1927, 148.315, 13.8212, 40.2562, 0.972773, 2.63728, 0.953929, -118.401, 0.973382, 120.03
1716, 28.60000, 14.528, -78.4219, 14.1796, 148.306, 13.8088, 40.2672, 0.972807, 2.63526, 0.953919, -118.4, 0.973367, 120.029
1717, 28.60833, 14.5152, -78.4112, 14.1665, 148.296, 13.7965, 40.2782, 0.972842, 2.63323, 0.953909, -118.398, 0.973351, 120.028
1717, 28.61667, 14.5024, -78.4006, 14.1534, 148.286, 13.7841, 40.2892, 0.972876, 2.6312, 0.953899, -118.397, 0.973336, 120.027
1718, 28.62500, 14.4896, -78.3899, 14.1402, 148.277, 13.7718, 40.3003, 0.972911, 2.62915, 0.953889, -118.395, 0.973321, 120.026
1718, 28.63333, 14.4768, -78.3792, 14.1271, 148.267, 13.7595, 40.3113, 0.972945, 2.6271, 0.953879, -118.394, 0.973306, 120.026
1719, 28.64167, 14.464, -78.3684, 14.114, 148.257, 13.7471, 40.3223, 0.972979, 2.62504, 0.953869, -118.392, 0.973291, 120.025
1719, 28.65000, 14.4512, -78.3577, 14.1009, 148.248, 13.7348, 40.3334, 0.973013, 2.62297, 0.953859, -118.391, 0.973276, 120.024
1720, 28.65833, 14.4384, -78.3469, 14.0878, 148.238, 13.7225, 40.3444, 0.973046, 2.62089, 0.953849, -118.389, 0.973261, 120.023
1720, 28.66667, 14.4256, -78.3361, 14.0747, 148.228, 13.7102, 40.3555, 0.97308, 2.6188, 0.95384, -118.388, 0.973246, 120.022
1721, 28.67500, 14.4129, -78.3252, 14.0616, 148.218, 13.6979, 40.3666, 0.973114, 2.6167, 0.95383, -118.386, 0.97323, 120.022
1721, 28.68333, 14.4001, -78.3144, 14.0485, 148.209, 13.6856, 40.3777, 0.973147, 2.61459, 0.953821, -118.385, 0.973215, 120.021
1722, 28.69167, 14.3873, -78.3035, 14.0354, 148.199, 13.6733, 40.3888, 0.97318, 2.61248, 0.953811, -118.383, 0.9732, 120.02
1722, 28.70000, 14.3745, -78.2926, 14.0223, 148.189, 13.661, 40.3999, 0.973213, 2.61036, 0.953802, -118.382, 0.973185, 120.019
1723, 28.70833, 14.3617, -78.2816, 14.0092, 148.179, 13.6488, 40.411, 0.973247, 2.60823, 0.953792, -118.38, 0.97317, 120.018
1723, 28.71667, 14.349, -78.2707, 13.9961, 148.169, 13.6365, 40.4222, 0.973279, 2.60609, 0.953783, -118.378, 0.973155, 120.018
1724, 28.72500, 14.3362, -78.2597, 13.983, 148.159, 13.6242, 40.4333, 0.973312, 2.60394, 0.953774, -118.377, 0.97314, 120.017
1724, 28.73333, 14.3234, -78.2487, 13.9699, 148.15, 13.612, 40.4445, 0.973345, 2.60178, 0.953765, -118.375, 0.973125, 120.016
1725, 28.74167, 14.3107, -78.2377, 13.9568, 148.14, 13.5997, 40.4557, 0.973377, 2.59962, 0.953756, -118.374, 0.97311, 120.015
1725, 28.75000, 14.2979, -78.2266, 13.9437, 148.13, 13.5875, 40.4669, 0.97341, 2.59744, 0.953747, -118.372, 0.973095, 120.014
1726, 28.75833, 14.2852, -78.2155, 13.9306, 148.12, 13.5752, 40.4781, 0.973442, 2.59526, 0.953738, -118.371, 0.97308, 120.014
1726, 28.76667, 14.2724, -78.2044, 13.9175, 148.11, 13.563, 40.4893, 0.973474, 2.59307, 0.953729, -118.369, 0.973065, 120.013
1727, 28.77500, 14.2597, -78.1933, 13.9045, 148.1, 13.5507, 40.5005, 0.973506, 2.59088, 0.953721, -118.368, 0.97305, 120.012
1727, 28.78333, 14.2469, -78.1821, 13.8914, 148.09, 13.5385, 40.5117, 0.973538, 2.58867, 0.953712, -118.366, 0.973035, 120.011
1728, 28.79167, 14.2342, -78.171, 13.8783, 148.08, 13.5263, 40.523, 0.97357, 2.58646, 0.953703, -118.365, 0.97302, 120.01
1728, 28.80000, 14.2215, -78.1598, 13.8652, 148.07, 13.5141, 40.5342, 0.973602, 2.58424, 0.953695, -118.363, 0.973005, 120.01
1729, 28.80833, 14.2087, -78.1485, 13.8522, 148.06, 13.5019, 40.5455, 0.973633, 2.58201, 0.953687, -118.361, 0.972991, 120.009
1729, 28.81667, 14.196, -78.1373, 13.8391, 148.049, 13.4897, 40.5568, 0.973665, 2.57977, 0.953678, -118.36, 0.972976, 120.008
1730, 28.82500, 14.1833, -78.126, 13.826, 148.039, 13.4775, 40.568, 0.973696, 2.57753, 0.95367, -118.358, 0.972961, 120.007
1730, 28.83333, 14.1706, -78.1147, 13.813, 148.029, 13.4653, 40.5793, 0.973727, 2.57527, 0.953662, -118.357, 0.972946, 120.006
1731, 28.84167, 14.1578, -78.1033, 13.7999, 148.019, 13.4531, 40.5907, 0.973758, 2.57301, 0.953654, -118.355, 0.972931, 120.006
1731, 28.85000, 14.1451, -78.092, 13.7869, 148.009, 13.4409, 40.602, 0.973789, 2.57075, 0.953645, -118.354, 0.972916, 120.005
1732, 28.85833, 14.1324, -78.0806, 13.7738, 147.999, 13.4287, 40.6133, 0.97382, 2.56847, 0.953637, -118.352, 0.972901, 120.004
1732, 28.86667, 14.1197, -78.0692, 13.7608, 147.989, 13.4166, 40.6247, 0.97385, 2.56619, 0.953629, -118.35, 0.972887, 120.003
1733, 28.87500, 14.107, -78.0577, 13.7477, 147.978, 13.4044, 40.636, 0.973881, 2.5639, 0.953622, -118.349, 0.972872, 120.003
1733, 28.88333, 14.0943, -78.0463, 13.7347, 147.968, 13.3923, 40.6474, 0.973911, 2.5616, 0.953614, -118.347, 0.972857, 120.002
1734, 28.89167, 14.0816, -78.0348, 13.7216, 147.958, 13.3801, 40.6588, 0.973941, 2.5593, 0.953606, -118.346, 0.972842, 120.001
1734, 28.90000, 14.0689, -78.0233, 13.7086, 147.948, 13.368, 40.6702, 0.973971, 2.55698, 0.953598, -118.344, 0.972827, 120
1735, 28.90833, 14.0562, -78.0117, 13.6955, 147.937, 13.3558, 40.6816, 0.974001, 2.55467, 0.953591, -118.343, 0.972813, 119.999
1735, 28.91667, 14.0435, -78.0002, 13.6825, 147.927, 13.3437, 40.693, 0.974031, 2.55234, 0.953583, -118.341, 0.972798, 119.999
1736, 28.92500, 14.0308, -77.9886, 13.6694, 147.917, 13.3315, 40.7044, 0.97406, 2.55001, 0.953576, -118.339, 0.972783, 119.998
1736, 28.93333, 14.0182, -77.9769, 13.6564, 147.906, 13.3194, 40.7158, 0.97409, 2.54767, 0.953569, -118.338, 0.972769, 119.997
1737, 28.94167, 14.0055, -77.9653, 13.6434, 147.896, 13.3073, 40.7273, 0.974119, 2.54532, 0.953561, -118.336, 0.972754, 119.996
1737, 28.95000, 13.9928, -77.9536, 13.6303, 147.885, 13.2952, 40.7387, 0.974148, 2.54296, 0.953554, -118.335, 0.972739, 119.996
1738, 28.95833, 13.9801, -77.9419, 13.6173, 147.875, 13.2831, 40.7502, 0.974177, 2.5406, 0.953547, -118.333, 0.972724, 119.995
1738, 28.96667, 13.9675, -77.9302, 13.6043, 147.865, 13.271, 40.7617, 0.974206, 2.53823, 0.95354, -118.331, 0.97271, 119.994
1739, 28.97500, 13.9548, -77.9184, 13.5913, 147.854, 13.2589, 40.7732, 0.974235, 2.53586, 0.953533, -118.33, 0.972695, 119.993
1739, 28.98333, 13.9421, -77.9066, 13.5782, 147.844, 13.2468, 40.7847, 0.974263, 2.53348, 0.953526, -118.328, 0.972681, 119.992
1740, 28.99167, 13.9295, -77.8948, 13.5652, 147.833, 13.2347, 40.7962, 0.974292, 2.53109, 0.953519, -118.327, 0.972666, 119.992
1740, 29.00000, 13.9168, -77.8829, 13.5522, 147.823, 13.2226, 40.8077, 0.97432, 2.52869, 0.953512, -118.325, 0.972651, 119.991
1741, 29.00833, 13.9042, -77.8711, 13.5392, 147.812, 13.2105, 40.8193, 0.974348, 2.52629, 0.953506, -118.323, 0.972637, 119.99
1741, 29.01667, 13.8915, -77.8592, 13.5262, 147.801, 13.1985, 40.8308, 0.974376, 2.52388, 0.953499, -118.322, 0.972622, 119.989
1742, 29.02500, 13.8789, -77.8473, 13.5132, 147.791, 13.1864, 40.8424, 0.974404, 2.52147, 0.953492, -118.32, 0.972608, 119.989
1742, 29.03333, 13.8662, -77.8353, 13.5001, 147.78, 13.1743, 40.854, 0.974432, 2.51905, 0.953486, -118.319, 0.972593, 119.988
1743, 29.04167, 13.8536, -77.8233, 13.4871, 147.77, 13.1623, 40.8656, 0.97446, 2.51662, 0.95348, -118.317, 0.972579, 119.987
1743, 29.05000, 13.841, -77.8113, 13.4741, 147.759, 13.1502, 40.8772, 0.974487, 2.51418, 0.953473, -118.315, 0.972564, 119.986
1744, 29.05833, 13.8283, -77.7992, 13.4611, 147.748, 13.1382, 40.8888, 0.974514, 2.51174, 0.953467, -118.314, 0.97255, 119.986
1744, 29.06667, 13.8157, -77.7872, 13.4481, 147.738, 13.1262, 40.9004, 0.974541, 2.5093, 0.953461, -118.312, 0.972535, 119.985
1745, 29.07500, 13.8031, -77.7751, 13.4351, 147.727, 13.1141, 40.9121, 0.974568, 2.50684, 0.953454, -118.31, 0.972521, 119.984
1745, 29.08333, 13.7905, -77.7629, 13.4221, 147.716, 13.1021, 40.9237, 0.974595, 2.50439, 0.953448, -118.309, 0.972506, 119.983
1746, 29.09167, 13.7779, -77.7508, 13.4091, 147.706, 13.0901, 40.9354, 0.974622, 2.50192, 0.953442, -118.307, 0.972492, 119.983
1746, 29.10000, 13.7652, -77.7386, 13.3961, 147.695, 13.0781, 40.947, 0.974648, 2.49945, 0.953436, -118.306, 0.972477, 119.982
1747, 29.10833, 13.7526, -77.7264, 13.3832, 147.684, 13.066, 40.9587, 0.974675, 2.49697, 0.953431, -118.304, 0.972463, 119.981
1747, 29.11667, 13.74, -77.7141, 13.3702, 147.673, 13.054, 40.9704, 0.974701, 2.49449, 0.953425, -118.302, 0.972448, 119.98
1748, 29.12500, 13.7274, -77.7019, 13.3572, 147.662, 13.042, 40.9821, 0.974727, 2.492, 0.953419, -118.301, 0.972434, 119.98
1748, 29.13333, 13.7148, -77.6896, 13.3442, 147.652, 13.03, 40.9938, 0.974753, 2.48951, 0.953413, -118.299, 0.97242, 119.979
1749, 29.14167, 13.7022, -77.6772, 13.3312, 147.641, 13.018, 41.0056, 0.974778, 2.48701, 0.953408, -118.297, 0.972405, 119.978
1749, 29.15000, 13.6896, -77.6649, 13.3182, 147.63, 13.006, 41.0173, 0.974804, 2.48451, 0.953402, -118.296, 0.972391, 119.977
1750, 29.15833, 13.677, -77.6525, 13.3053, 147.619, 12.9941, 41.0291, 0.974829, 2.482, 0.953397, -118.294, 0.972377, 119.977
1750, 29.16667, 13.6645, -77.64, 13.2923, 147.608, 12.9821, 41.0409, 0.974855, 2.47948, 0.953392, -118.292, 0.972362, 119.976
1751, 29.17500, 13.6519, -77.6276, 13.2793, 147.597, 12.9701, 41.0526, 0.97488, 2.47696, 0.953386, -118.291, 0.972348, 119.975
1751, 29.18333, 13.6393, -77.6151, 13.2663, 147.586, 12.9581, 41.0644, 0.974905, 2.47443, 0.953381, -118.289, 0.972334, 119.974
1752, 29.19167, 13.6267, -77.6026, 13.2534, 147.575, 12.9462, 41.0762, 0.974929, 2.4719, 0.953376, -118.287, 0.97232, 119.974
1752, 29.20000, 13.6141, -77.59, 13.2404, 147.564, 12.9342, 41.0881, 0.974954, 2.46936, 0.953371, -118.286, 0.972305, 119.973
1753, 29.20833, 13.6016, -77.5775, 13.2274, 147.553, 12.9223, 41.0999, 0.974978, 2.46682, 0.953366, -118.284, 0.972291, 119.972
1753, 29.21667, 13.589, -77.5649, 13.2145, 147.542, 12.9103, 41.1117, 0.975003, 2.46427, 0.953361, -118.282, 0.972277, 119.971
1754, 29.22500, 13.5764, -77.5522, 13.2015, 147.531, 12.8984, 41.1236, 0.975027, 2.46172, 0.953356, -118.281, 0.972263, 119.971
1754, 29.23333, 13.5639, -77.5396, 13.1886, 147.52, 12.8865, 41.1355, 0.975051, 2.45916, 0.953351, -118.279, 0.972248, 119.97
1755, 29.24167, 13.5513, -77.5269, 13.1756, 147.509, 12.8745, 41.1473, 0.975075, 2.45659, 0.953346, -118.277, 0.972234, 119.969
1755, 29.25000, 13.5388, -77.5141, 13.1627, 147.498, 12.8626, 41.1592, 0.975098, 2.45403, 0.953342, -118.276, 0.97222, 119.969
1756, 29.25833, 13.5262, -77.5014, 13.1497, 147.487, 12.8507, 41.1711, 0.975122, 2.45145, 0.953337, -118.274, 0.972206, 119.968
1756, 29.26667, 13.5137, -77.4886, 13.1368, 147.476, 12.8388, 41.1831, 0.975145, 2.44888, 0.953333, -118.272, 0.972192, 119.967
1757, 29.27500, 13.5011, -77.4758, 13.1238, 147.464, 12.8268, 41.195, 0.975168, 2.44629, 0.953328, -118.271, 0.972178, 119.966
1757, 29.28333, 13.4886, -77.4629, 13.1109, 147.453, 12.8149, 41.2069, 0.975191, 2.44371, 0.953324, -118.269, 0.972164, 119.966
1758, 29.29167, 13.4761, -77.45, 13.0979, 147.442, 12.803, 41.2189, 0.975214, 2.44111, 0.953319, -118.267, 0.97215, 119.965
1758, 29.30000, 13.4635, -77.4371, 13.085, 147.431, 12.7911, 41.2309, 0.975237, 2.43852, 0.953315, -118.266, 0.972135, 119.964
1759, 29.30833, 13.451, -77.4241, 13.072, 147.419, 12.7792, 41.2428, 0.975259, 2.43592, 0.953311, -118.264, 0.972121, 119.963
1759, 29.31667, 13.4385, -77.4112, 13.0591, 147.408, 12.7673, 41.2548, 0.975282, 2.43331, 0.953307, -118.262, 0.972107, 119.963
1760, 29.32500, 13.426, -77.3981, 13.0462, 147.397, 12.7555, 41.2668, 0.975304, 2.4307, 0.953303, -118.261, 0.972093, 119.962
1760, 29.33333, 13.4135, -77.3851, 13.0332, 147.386, 12.7436, 41.2789, 0.975326, 2.42809, 0.953299, -118.259, 0.972079, 119.961
1761, 29.34167, 13.4009, -77.372, 13.0203, 147.374, 12.7317, 41.2909, 0.975348, 2.42547, 0.953295, -118.257, 0.972065, 119.961
1761, 29.35000, 13.3884, -77.3589, 13.0074, 147.363, 12.7198, 41.3029, 0.97537, 2.42285, 0.953291, -118.256, 0.972051, 119.96
1762, 29.35833, 13.3759, -77.3458, 12.9945, 147.352, 12.708, 41.315, 0.975391, 2.42022, 0.953288, -118.254, 0.972037, 119.959
1762, 29.36667, 13.3634, -77.3326, 12.9815, 147.34, 12.6961, 41.3271, 0.975412, 2.41759, 0.953284, -118.252, 0.972024, 119.958
1763, 29.37500, 13.3509, -77.3194, 12.9686, 147.329, 12.6843, 41.3392, 0.975434, 2.41495, 0.95328, -118.25, 0.97201, 119.958
1763, 29.38333, 13.3384, -77.3061, 12.9557, 147.317, 12.6724, 41.3513, 0.975455, 2.41231, 0.953277, -118.249, 0.971996, 119.957
1764, 29.39167, 13.3259, -77.2929, 12.9428, 147.306, 12.6606, 41.3634, 0.975476, 2.40967, 0.953273, -118.247, 0.971982, 119.956
1764, 29.40000, 13.3134, -77.2796, 12.9299, 147.294, 12.6487, 41.3755, 0.975496, 2.40702, 0.95327, -118.245, 0.971968, 119.956
1765, 29.40833, 13.301, -77.2662, 12.917, 147.283, 12.6369, 41.3876, 0.975517, 2.40437, 0.953267, -118.244, 0.971954, 119.955
1765, 29.41667, 13.2885, -77.2528, 12.904, 147.271, 12.6251, 41.3998, 0.975537, 2.40172, 0.953263, -118.242, 0.97194, 119.954
1766, 29.42500, 13.276, -77.2394, 12.8911, 147.26, 12.6132, 41.412, 0.975557, 2.39906, 0.95326, -118.24, 0.971926, 119.953
1766, 29.43333, 13.2635, -77.226, 12.8782, 147.248, 12.6014, 41.4241, 0.975577, 2.3964, 0.953257, -118.238, 0.971913, 119.953
1767, 29.44167, 13.251, -77.2125, 12.8653, 147.237, 12.5896, 41.4363, 0.975597, 2.39373, 0.953254, -118.237, 0.971899, 119.952
1767, 29.45000, 13.2386, -77.199, 12.8524, 147.225, 12.5778, 41.4485, 0.975617, 2.39106, 0.953251, -118.235, 0.971885, 119.951
1768, 29.45833, 13.2261, -77.1855, 12.8395, 147.213, 12.566, 41.4608, 0.975636, 2.38839, 0.953248, -118.233, 0.971871, 119.951
1768, 29.46667, 13.2137, -77.1719, 12.8266, 147.202, 12.5542, 41.473, 0.975656, 2.38572, 0.953245, -118.232, 0.971858, 119.95
1769, 29.47500, 13.2012, -77.1583, 12.8137, 147.19, 12.5424, 41.4852, 0.975675, 2.38304, 0.953242, -118.23, 0.971844, 119.949
1769, 29.48333, 13.1887, -77.1446, 12.8008, 147.178, 12.5306, 41.4975, 0.975694, 2.38036, 0.95324, -118.228, 0.97183, 119.948
1770, 29.49167, 13.1763, -77.1309, 12.7879, 147.167, 12.5188, 41.5098, 0.975713, 2.37767, 0.953237, -118.226, 0.971816, 119.948
1770, 29.50000, 13.1638, -77.1172, 12.7751, 147.155, 12.507, 41.5221, 0.975732, 2.37498, 0.953234, -118.225, 0.971803, 119.947
1771, 29.50833, 13.1514, -77.1035, 12.7622, 147.143, 12.4952, 41.5344, 0.97575, 2.37229, 0.953232, -118.223, 0.971789, 119.946
1771, 29.51667, 13.139, -77.0897, 12.7493, 147.131, 12.4835, 41.5467, 0.975768, 2.36959, 0.953229, -118.221, 0.971775, 119.946
1772, 29.52500, 13.1265, -77.0759, 12.7364, 147.12, 12.4717, 41.559, 0.975787, 2.3669, 0.953227, -118.219, 0.971762, 119.945
1772, 29.53333, 13.1141, -77.062, 12.7235, 147.108, 12.4599, 41.5713, 0.975805, 2.3642, 0.953225, -118.218, 0.971748, 119.944
1773, 29.54167, 13.1017, -77.0481, 12.7106, 147.096, 12.4482, 41.5837, 0.975822, 2.36149, 0.953223, -118.216, 0.971735, 119.944
1773, 29.55000, 13.0892, -77.0342, 12.6978, 147.084, 12.4364, 41.5961, 0.97584, 2.35879, 0.95322, -118.214, 0.971721, 119.943
1774, 29.55833, 13.0768, -77.0202, 12.6849, 147.072, 12.4247, 41.6084, 0.975858, 2.35608, 0.953218, -118.212, 0.971708, 119.942
1774, 29.56667, 13.0644, -77.0062, 12.672, 147.06, 12.4129, 41.6208, 0.975875, 2.35336, 0.953216, -118.211, 0.971694, 119.941
1775, 29.57500, 13.052, -76.9922, 12.6592, 147.048, 12.4012, 41.6333, 0.975892, 2.35065, 0.953214, -118.209, 0.97168, 119.941
1775, 29.58333, 13.0396, -76.9781, 12.6463, 147.036, 12.3894, 41.6457, 0.975909, 2.34793, 0.953213, -118.207, 0.971667, 119.94
1776, 29.59167, 13.0272, -76.964, 12.6334, 147.024, 12.3777, 41.6581, 0.975926, 2.34521, 0.953211, -118.205, 0.971653, 119.939
1776, 29.60000, 13.0148, -76.9499, 12.6206, 147.012, 12.366, 41.6706, 0.975942, 2.34249, 0.953209, -118.204, 0.97164, 119.939
1777, 29.60833, 13.0024, -76.9357, 12.6077, 147, 12.3542, 41.683, 0.975959, 2.33977, 0.953207, -118.202, 0.971627, 119.938
1777, 29.61667, 12.99, -76.9215, 12.5948, 146.988, 12.3425, 41.6955, 0.975975, 2.33704, 0.953206, -118.2, 0.971613, 119.937
1778, 29.62500, 12.9776, -76.9073, 12.582, 146.976, 12.3308, 41.708, 0.975991, 2.33431, 0.953204, -118.198, 0.9716, 119.937
1778, 29.63333, 12.9652, -76.893, 12.5691, 146.964, 12.3191, 41.7205, 0.976007, 2.33158, 0.953203, -118.197, 0.971586, 119.936
1779, 29.64167, 12.9528, -76.8787, 12.5563, 146.952, 12.3074, 41.7331, 0.976023, 2.32885, 0.953201, -118.195, 0.971573, 119.935
1779, 29.65000, 12.9404, -76.8643, 12.5434, 146.94, 12.2957, 41.7456, 0.976039, 2.32611, 0.9532, -118.193, 0.971559, 119.935
1780, 29.65833, 12.928, -76.8499, 12.5306, 146.928, 12.284, 41.7582, 0.976054, 2.32337, 0.953199, -118.191, 0.971546, 119.934
1780, 29.66667, 12.9157, -76.8355, 12.5177, 146.916, 12.2723, 41.7707, 0.976069, 2.32063, 0.953198, -118.189, 0.971533, 119.933
1781, 29.67500, 12.9033, -76.821, 12.5049, 146.903, 12.2606, 41.7833, 0.976084, 2.31789, 0.953197, -118.188, 0.971519, 119.932
1781, 29.68333, 12.8909, -76.8065, 12.492, 146.891, 12.2489, 41.7959, 0.976099, 2.31515, 0.953196, -118.186, 0.971506, 119.932
1782, 29.69167, 12.8786, -76.792, 12.4792, 146.879, 12.2372, 41.8085, 0.976114, 2.3124, 0.953194, -118.184, 0.971493, 119.931
1782, 29.70000, 12.8662, -76.7774, 12.4664, 146.867, 12.2255, 41.8212, 0.976129, 2.30965, 0.953194, -118.182, 0.97148, 119.93
1783, 29.70833, 12.8539, -76.7628, 12.4535, 146.855, 12.2139, 41.8338, 0.976143, 2.30691, 0.953193, -118.181, 0.971466, 119.93
1783, 29.71667, 12.8415, -76.7481, 12.4407, 146.842, 12.2022, 41.8465, 0.976157, 2.30415, 0.953192, -118.179, 0.971453, 119.929
1784, 29.72500, 12.8292, -76.7334, 12.4279, 146.83, 12.1905, 41.8591, 0.976171, 2.3014, 0.953191, -118.177, 0.97144, 119.928
1784, 29.73333, 12.8168, -76.7187, 12.415, 146.818, 12.1789, 41.8718, 0.976185, 2.29865, 0.953191, -118.175, 0.971427, 119.928
1785, 29.74167, 12.8045, -76.7039, 12.4022, 146.805, 12.1672, 41.8845, 0.976199, 2.29589, 0.95319, -118.173, 0.971414, 119.927
1785, 29.75000, 12.7921, -76.6891, 12.3894, 146.793, 12.1556, 41.8972, 0.976212, 2.29314, 0.95319, -118.172, 0.9714, 119.926
1786, 29.75833, 12.7798, -76.6743, 12.3766, 146.78, 12.1439, 41.91, 0.976226, 2.29038, 0.953189, -118.17, 0.971387, 119.926
1786, 29.76667, 12.7675, -76.6594, 12.3637, 146.768, 12.1323, 41.9227, 0.976239, 2.28762, 0.953189, -118.168, 0.971374, 119.925
1787, 29.77500, 12.7551, -76.6445, 12.3509, 146.756, 12.1206, 41.9355, 0.976252, 2.28486, 0.953189, -118.166, 0.971361, 119.924
1787, 29.78333, 12.7428, -76.6295, 12.3381, 146.743, 12.109, 41.9483, 0.976265, 2.2821, 0.953188, -118.164, 0.971348, 119.924
1788, 29.79167, 12.7305, -76.6145, 12.3253, 146.731, 12.0974, 41.9611, 0.976278, 2.27933, 0.953188, -118.163, 0.971335, 119.923
1788, 29.80000, 12.7182, -76.5995, 12.3125, 146.718, 12.0858, 41.9739, 0.97629, 2.27657, 0.953188, -118.161, 0.971322, 119.922
1789, 29.80833, 12.7059, -76.5844, 12.2997, 146.705, 12.0741, 41.9867, 0.976302, 2.2738, 0.953188, -118.159, 0.971309, 119.922
1789, 29.81667, 12.6936, -76.5693, 12.2869, 146.693, 12.0625, 41.9995, 0.976314, 2.27104, 0.953188, -118.157, 0.971296, 119.921
1790, 29.82500, 12.6813, -76.5541, 12.2741, 146.68, 12.0509, 42.0124, 0.976326, 2.26827, 0.953188, -118.155, 0.971283, 119.92
1790, 29.83333, 12.669, -76.5389, 12.2613, 146.668, 12.0393, 42.0253, 0.976338, 2.2655, 0.953188, -118.153, 0.97127, 119.92
1791, 29.84167, 12.6567, -76.5237, 12.2485, 146.655, 12.0277, 42.0382, 0.97635, 2.26274, 0.953189, -118.152, 0.971257, 119.919
1791, 29.85000, 12.6444, -76.5084, 12.2357, 146.642, 12.0161, 42.0511, 0.976361, 2.25997, 0.953189, -118.15, 0.971244, 119.918
1792, 29.85833, 12.6321, -76.4931, 12.2229, 146.63, 12.0045, 42.064, 0.976373, 2.2572, 0.953189, -118.148, 0.971231, 119.918
1792, 29.86667, 12.6198, -76.4777, 12.2101, 146.617, 11.9929, 42.0769, 0.976384, 2.25442, 0.95319, -118.146, 0.971218, 119.917
1793, 29.87500, 12.6075, -76.4623, 12.1973, 146.604, 11.9813, 42.0899, 0.976395, 2.25165, 0.953191, -118.144, 0.971205, 119.916
1793, 29.88333, 12.5953, -76.4469, 12.1845, 146.592, 11.9697, 42.1028, 0.976406, 2.24888, 0.953191, -118.143, 0.971192, 119.916
1794, 29.89167, 12.583, -76.4314, 12.1717, 146.579, 11.9581, 42.1158, 0.976416, 2.24611, 0.953192, -118.141, 0.971179, 119.915
1794, 29.90000, 12.5707, -76.4159, 12.1589, 146.566, 11.9466, 42.1288, 0.976427, 2.24334, 0.953193, -118.139, 0.971166, 119.914
1795, 29.90833, 12.5584, -76.4003, 12.1461, 146.553, 11.935, 42.1418, 0.976437, 2.24056, 0.953193, -118.137, 0.971154, 119.914
1795, 29.91667, 12.5462, -76.3847, 12.1333, 146.54, 11.9234, 42.1549, 0.976447, 2.23779, 0.953194, -118.135, 0.971141, 119.913
1796, 29.92500, 12.5339, -76.3691, 12.1206, 146.527, 11.9119, 42.1679, 0.976457, 2.23502, 0.953195, -118.133, 0.971128, 119.912
1796, 29.93333, 12.5217, -76.3534, 12.1078, 146.514, 11.9003, 42.181, 0.976467, 2.23224, 0.953196, -118.131, 0.971115, 119.912
1797, 29.94167, 12.5094, -76.3377, 12.095, 146.502, 11.8888, 42.1941, 0.976476, 2.22947, 0.953197, -118.13, 0.971102, 119.911
1797, 29.95000, 12.4972, -76.3219, 12.0822, 146.489, 11.8772, 42.2072, 0.976485, 2.22669, 0.953198, -118.128, 0.97109, 119.91
1798, 29.95833, 12.4849, -76.3061, 12.0695, 146.476, 11.8657, 42.2203, 0.976495, 2.22392, 0.9532, -118.126, 0.971077, 119.91
1798, 29.96667, 12.4727, -76.2903, 12.0567, 146.463, 11.8541, 42.2334, 0.976504, 2.22115, 0.953201, -118.124, 0.971064, 119.909
1799, 29.97500, 12.4605, -76.2744, 12.0439, 146.45, 11.8426, 42.2466, 0.976513, 2.21837, 0.953202, -118.122, 0.971052, 119.908
1799, 29.98333, 12.4482, -76.2584, 12.0312, 146.437, 11.831, 42.2597, 0.976521, 2.2156, 0.953204, -118.12, 0.971039, 119.908
1800, 29.99167, 12.436, -76.2425, 12.0184, 146.424, 11.8195, 42.2729, 0.97653, 2.21282, 0.953205, -118.118, 0.971026, 119.907
1800, 30.00000, 12.4238, -76.2265, 12.0057, 146.41, 11.808, 42.2861, 0.976538, 2.21005, 0.953207, -118.117, 0.971014, 119.906
1801, 30.00833, 12.4116, -76.2104, 11.9929, 146.397, 11.7965, 42.2993, 0.976546, 2.20728, 0.953209, -118.115, 0.971001, 119.906
1801, 30.01667, 12.3994, -76.1943, 11.9801, 146.384, 11.7849, 42.3125, 0.976555, 2.2045, 0.95321, -118.113, 0.970988, 119.905
1802, 30.02500, 12.3871, -76.1782, 11.9674, 146.371, 11.7734, 42.3258, 0.976562, 2.20173, 0.953212, -118.111, 0.970976, 119.905
1802, 30.03333, 12.3749, -76.162, 11.9546, 146.358, 11.7619, 42.3391, 0.97657, 2.19896, 0.953214, -118.109, 0.970963, 119.904
1803, 30.04167, 12.3627, -76.1457, 11.9419, 146.345, 11.7504, 42.3523, 0.976578, 2.19619, 0.953216, -118.107, 0.970951, 119.903
1803, 30.05000, 12.3505, -76.1295, 11.9291, 146.331, 11.7389, 42.3656, 0.976585, 2.19342, 0.953218, -118.105, 0.970938, 119.903
1804, 30.05833, 12.3383, -76.1132, 11.9164, 146.318, 11.7274, 42.379, 0.976592, 2.19065, 0.95322, -118.103, 0.970926, 119.902
1804, 30.06667, 12.3261, -76.0968, 11.9037, 146.305, 11.7159, 42.3923, 0.976599, 2.18788, 0.953222, -118.102, 0.970913, 119.901
1805, 30.07500, 12.314, -76.0804, 11.8909, 146.292, 11.7044, 42.4056, 0.976606, 2.18511, 0.953224, -118.1, 0.970901, 119.901
1805, 30.08333, 12.3018, -76.0639, 11.8782, 146.278, 11.6929, 42.419, 0.976613, 2.18234, 0.953227, -118.098, 0.970888, 119.9
1806, 30.09167, 12.2896, -76.0475, 11.8654, 146.265, 11.6814, 42.4324, 0.976619, 2.17957, 0.953229, -118.096, 0.970876, 119.899
1806, 30.10000, 12.2774, -76.0309, 11.8527, 146.252, 11.67, 42.4458, 0.976625, 2.17681, 0.953231, -118.094, 0.970863, 119.899
1807, 30.10833, 12.2653, -76.0144, 11.84, 146.238, 11.6585, 42.4592, 0.976632, 2.17404, 0.953234, -118.092, 0.970851, 119.898
1807, 30.11667, 12.2531, -75.9977, 11.8273, 146.225, 11.647, 42.4727, 0.976638, 2.17127, 0.953236, -118.09, 0.970839, 119.897
1808, 30.12500, 12.2409, -75.9811, 11.8145, 146.211, 11.6356, 42.4861, 0.976643, 2.16851, 0.953239, -118.088, 0.970826, 119.897
1808, 30.13333, 12.2288, -75.9644, 11.8018, 146.198, 11.6241, 42.4996, 0.976649, 2.16575, 0.953242, -118.086, 0.970814, 119.896
1809, 30.14167, 12.2166, -75.9476, 11.7891, 146.184, 11.6126, 42.5131, 0.976655, 2.16299, 0.953244, -118.084, 0.970802, 119.896
1809, 30.15000, 12.2045, -75.9308, 11.7764, 146.171, 11.6012, 42.5266, 0.97666, 2.16023, 0.953247, -118.083, 0.970789, 119.895
1810, 30.15833, 12.1923, -75.914, 11.7636, 146.157, 11.5897, 42.5401, 0.976665, 2.15747, 0.95325, -118.081, 0.970777, 119.894
1810, 30.16667, 12.1802, -75.8971, 11.7509, 146.144, 11.5783, 42.5537, 0.97667, 2.15471, 0.953253, -118.079, 0.970765, 119.894
1811, 30.17500, 12.168, -75.8801, 11.7382, 146.13, 11.5668, 42.5672, 0.976675, 2.15195, 0.953256, -118.077, 0.970752, 119.893
1811, 30.18333, 12.1559, -75.8632, 11.7255, 146.116, 11.5554, 42.5808, 0.97668, 2.1492, 0.953259, -118.075, 0.97074, 119.892
1812, 30.19167, 12.1438, -75.8461, 11.7128, 146.103, 11.544, 42.5944, 0.976684, 2.14644, 0.953262, -118.073, 0.970728, 119.892
1812, 30.20000, 12.1316, -75.8291, 11.7001, 146.089, 11.5325, 42.6081, 0.976688, 2.14369, 0.953266, -118.071, 0.970716, 119.891
1813, 30.20833, 12.1195, -75.8119, 11.6874, 146.075, 11.5211, 42.6217, 0.976692, 2.14094, 0.953269, -118.069, 0.970704, 119.89
1813, 30.21667, 12.1074, -75.7948, 11.6747, 146.062, 11.5097, 42.6354, 0.976696, 2.13819, 0.953272, -118.067, 0.970691, 119.89
1814, 30.22500, 12.0953, -75.7776, 11.662, 146.048, 11.4983, 42.649, 0.9767, 2.13544, 0.953276, -118.065, 0.970679, 119.889
1814, 30.23333, 12.0832, -75.7603, 11.6493, 146.034, 11.4868, 42.6627, 0.976704, 2.1327, 0.953279, -118.063, 0.970667, 119.889
1815, 30.24167, 12.0711, -75.743, 11.6366, 146.02, 11.4754, 42.6764, 0.976707, 2.12995, 0.953283, -118.061, 0.970655, 119.888
1815, 30.25000, 12.059, -75.7257, 11.6239, 146.006, 11.464, 42.6902, 0.976711, 2.12721, 0.953287, -118.059, 0.970643, 119.887
1816, 30.25833, 12.0469, -75.7083, 11.6112, 145.993, 11.4526, 42.7039, 0.976714, 2.12447, 0.95329, -118.057, 0.970631, 119.887
1816, 30.26667, 12.0348, -75.6908, 11.5985, 145.979, 11.4412, 42.7177, 0.976717, 2.12173, 0.953294, -118.055, 0.970619, 119.886
1817, 30.27500, 12.0227, -75.6734, 11.5858, 145.965, 11.4298, 42.7315, 0.97672, 2.11899, 0.953298, -118.053, 0.970607, 119.885
1817, 30.28333, 12.0106, -75.6558, 11.5732, 145.951, 11.4184, 42.7453, 0.976722, 2.11626, 0.953302, -118.052, 0.970595, 119.885
1818, 30.29167, 11.9985, -75.6382, 11.5605, 145.937, 11.407, 42.7591, 0.976725, 2.11353, 0.953306, -118.05, 0.970583, 119.884
1818, 30.30000, 11.9864, -75.6206, 11.5478, 145.923, 11.3956, 42.773, 0.976727, 2.1108, 0.95331, -118.048, 0.970571, 119.884
1819, 30.30833, 11.9744, -75.6029, 11.5351, 145.909, 11.3843, 42.7868, 0.97673, 2.10807, 0.953314, -118.046, 0.970559, 119.883
1819, 30.31667, 11.9623, -75.5852, 11.5224, 145.895, 11.3729, 42.8007, 0.976732, 2.10534, 0.953319, -118.044, 0.970547, 119.882
1820, 30.32500, 11.9502, -75.5674, 11.5098, 145.881, 11.3615, 42.8146, 0.976733, 2.10262, 0.953323, -118.042, 0.970535, 119.882
1820, 30.33333, 11.9382, -75.5496, 11.4971, 145.867, 11.3501, 42.8286, 0.976735, 2.09989, 0.953327, -118.04, 0.970523, 119.881
1821, 30.34167, 11.9261, -75.5317, 11.4844, 145.852, 11.3388, 42.8425, 0.976737, 2.09717, 0.953332, -118.038, 0.970511, 119.88
1821, 30.35000, 11.9141, -75.5138, 11.4718, 145.838, 11.3274, 42.8565, 0.976738, 2.09446, 0.953336, -118.036, 0.970499, 119.88
1822, 30.35833, 11.902, -75.4959, 11.4591, 145.824, 11.316, 42.8704, 0.976739, 2.09174, 0.953341, -118.034, 0.970487, 119.879
1822, 30.36667, 11.89, -75.4779, 11.4464, 145.81, 11.3047, 42.8844, 0.97674, 2.08903, 0.953345, -118.032, 0.970475, 119.879
1823, 30.37500, 11.8779, -75.4598, 11.4338, 145.796, 11.2933, 42.8985, 0.976741, 2.08632, 0.95335, -118.03, 0.970463, 119.878
1823, 30.38333, 11.8659, -75.4417, 11.4211, 145.781, 11.282, 42.9125, 0.976742, 2.08361, 0.953355, -118.028, 0.970452, 119.877
1824, 30.39167, 11.8539, -75.4235, 11.4085, 145.767, 11.2706, 42.9266, 0.976742, 2.08091, 0.95336, -118.026, 0.97044, 119.877
1824, 30.40000, 11.8418, -75.4053, 11.3958, 145.753, 11.2593, 42.9407, 0.976743, 2.0782, 0.953365, -118.024, 0.970428, 119.876
1825, 30.40833, 11.8298, -75.3871, 11.3832, 145.738, 11.248, 42.9548, 0.976743, 2.0755, 0.95337, -118.022, 0.970416, 119.875
1825, 30.41667, 11.8178, -75.3687, 11.3705, 145.724, 11.2366, 42.9689, 0.976743, 2.07281, 0.953375, -118.02, 0.970404, 119.875
1826, 30.42500, 11.8058, -75.3504, 11.3579, 145.71, 11.2253, 42.983, 0.976743, 2.07011, 0.95338, -118.018, 0.970393, 119.874
1826, 30.43333, 11.7938, -75.332, 11.3452, 145.695, 11.214, 42.9972, 0.976743, 2.06742, 0.953385, -118.016, 0.970381, 119.874
1827, 30.44167, 11.7818, -75.3135, 11.3326, 145.681, 11.2026, 43.0114, 0.976742, 2.06473, 0.953391, -118.014, 0.970369, 119.873
1827, 30.45000, 11.7698, -75.295, 11.32, 145.666, 11.1913, 43.0256, 0.976742, 2.06205, 0.953396, -118.012, 0.970358, 119.872
1828, 30.45833, 11.7578, -75.2765, 11.3073, 145.652, 11.18, 43.0398, 0.976741, 2.05936, 0.953402, -118.01, 0.970346, 119.872
1828, 30.46667, 11.7458, -75.2579, 11.2947, 145.637, 11.1687, 43.0541, 0.97674, 2.05668, 0.953407, -118.008, 0.970334, 119.871
1829, 30.47500, 11.7338, -75.2392, 11.2821, 145.623, 11.1574, 43.0683, 0.976739, 2.05401, 0.953413, -118.006, 0.970323, 119.871
1829, 30.48333, 11.7218, -75.2205, 11.2694, 145.608, 11.1461, 43.0826, 0.976738, 2.05133, 0.953419, -118.004, 0.970311, 119.87
1830, 30.49167, 11.7098, -75.2017, 11.2568, 145.593, 11.1348, 43.0969, 0.976737, 2.04866, 0.953424, -118.002, 0.970299, 119.869
1830, 30.50000, 11.6979, -75.1829, 11.2442, 145.579, 11.1235, 43.1113, 0.976735, 2.046, 0.95343, -118, 0.970288, 119.869
1831, 30.50833, 11.6859, -75.164, 11.2316, 145.564, 11.1122, 43.1256, 0.976734, 2.04333, 0.953436, -117.998, 0.970276, 119.868
1831, 30.51667, 11.6739, -75.1451, 11.2189, 145.549, 11.1009, 43.14, 0.976732, 2.04067, 0.953442, -117.996, 0.970265, 119.867
1832, 30.52500, 11.662, -75.1262, 11.2063, 145.535, 11.0896, 43.1544, 0.97673, 2.03801, 0.953448, -117.994, 0.970253, 119.867
1832, 30.53333, 11.65, -75.1071, 11.1937, 145.52, 11.0783, 43.1688, 0.976728, 2.03536, 0.953454, -117.991, 0.970242, 119.866
1833, 30.54167, 11.6381, -75.0881, 11.1811, 145.505, 11.0671, 43.1832, 0.976726, 2.03271, 0.95346, -117.989, 0.97023, 119.866
1833, 30.55000, 11.6261, -75.069, 11.1685, 145.49, 11.0558, 43.1977, 0.976723, 2.03006, 0.953467, -117.987, 0.970219, 119.865
1834, 30.55833, 11.6142, -75.0498, 11.1559, 145.475, 11.0445, 43.2122, 0.976721, 2.02742, 0.953473, -117.985, 0.970207, 119.864
1834, 30.56667, 11.6022, -75.0305, 11.1433, 145.46, 11.0333, 43.2267, 0.976718, 2.02478, 0.95348, -117.983, 0.970196, 119.864
1835, 30.57500, 11.5903, -75.0113, 11.1307, 145.446, 11.022, 43.2412, 0.976715, 2.02214, 0.953486, -117.981, 0.970184, 119.863
1835, 30.58333, 11.5784, -74.9919, 11.1181, 145.431, 11.0107, 43.2557, 0.976712, 2.01951, 0.953493, -117.979, 0.970173, 119.863
1836, 30.59167, 11.5664, -74.9725, 11.1055, 145.416, 10.9995, 43.2703, 0.976709, 2.01688, 0.953499, -117.977, 0.970162, 119.862
1836, 30.60000, 11.5545, -74.9531, 11.0929, 145.401, 10.9882, 43.2849, 0.976705, 2.01425, 0.953506, -117.975, 0.97015, 119.861
1837, 30.60833, 11.5426, -74.9336, 11.0803, 145.386, 10.977, 43.2995, 0.976702, 2.01163, 0.953513, -117.973, 0.970139, 119.861
1837, 30.61667, 11.5307, -74.9141, 11.0677, 145.37, 10.9657, 43.3141, 0.976698, 2.00901, 0.95352, -117.971, 0.970127, 119.86
1838, 30.62500, 11.5188, -74.8945, 11.0551, 145.355, 10.9545, 43.3288, 0.976694, 2.0064, 0.953527, -117.969, 0.970116, 119.86
1838, 30.63333, 11.5069, -74.8748, 11.0425, 145.34, 10.9433, 43.3435, 0.976691, 2.00378, 0.953534, -117.967, 0.970105, 119.859
1839, 30.64167, 11.495, -74.8551, 11.0299, 145.325, 10.932, 43.3582, 0.976686, 2.00118, 0.953541, -117.965, 0.970093, 119.858
1839, 30.65000, 11.4831, -74.8354, 11.0173, 145.31, 10.9208, 43.3729, 0.976682, 1.99857, 0.953548, -117.963, 0.970082, 119.858
1840, 30.65833, 11.4712, -74.8155, 11.0048, 145.295, 10.9096, 43.3876, 0.976678, 1.99598, 0.953555, -117.96, 0.970071, 119.857
1840, 30.66667, 11.4593, -74.7957, 10.9922, 145.279, 10.8983, 43.4024, 0.976673, 1.99338, 0.953563, -117.958, 0.97006, 119.857
1841, 30.67500, 11.4474, -74.7757, 10.9796, 145.264, 10.8871, 43.4172, 0.976669, 1.99079, 0.95357, -117.956, 0.970048, 119.856
1841, 30.68333, 11.4356, -74.7558, 10.967, 145.249, 10.8759, 43.432, 0.976664, 1.9882, 0.953578, -117.954, 0.970037, 119.855
1842, 30.69167, 11.4237, -74.7357, 10.9545, 145.233, 10.8647, 43.4468, 0.976659, 1.98562, 0.953585, -117.952, 0.970026, 119.855
1842, 30.70000, 11.4118, -74.7156, 10.9419, 145.218, 10.8535, 43.4617, 0.976654, 1.98304, 0.953593, -117.95, 0.970015, 119.854
1843, 30.70833, 11.4, -74.6955, 10.9293, 145.203, 10.8423, 43.4766, 0.976648, 1.98047, 0.953601, -117.948, 0.970004, 119.854
1843, 30.71667, 11.3881, -74.6753, 10.9168, 145.187, 10.8311, 43.4915, 0.976643, 1.9779, 0.953608, -117.946, 0.969993, 119.853
1844, 30.72500, 11.3762, -74.655, 10.9042, 145.172, 10.8199, 43.5064, 0.976637, 1.97533, 0.953616, -117.944, 0.969981, 119.852
1844, 30.73333, 11.3644, -74.6347, 10.8917, 145.156, 10.8087, 43.5213, 0.976632, 1.97277, 0.953624, -117.941, 0.96997, 119.852
1845, 30.74167, 11.3525, -74.6144, 10.8791, 145.141, 10.7975, 43.5363, 0.976626, 1.97021, 0.953632, -117.939, 0.969959, 119.851
1845, 30.75000, 11.3407, -74.5939, 10.8665, 145.125, 10.7863, 43.5513, 0.97662, 1.96766, 0.95364, -117.937, 0.969948, 119.851
1846, 30.75833, 11.3289, -74.5735, 10.854, 145.11, 10.7751, 43.5663, 0.976614, 1.96511, 0.953649, -117.935, 0.969937, 119.85
1846, 30.76667, 11.317, -74.5529, 10.8414, 145.094, 10.7639, 43.5814, 0.976607, 1.96257, 0.953657, -117.933, 0.969926, 119.849
1847, 30.77500, 11.3052, -74.5323, 10.8289, 145.078, 10.7528, 43.5964, 0.976601, 1.96003, 0.953665, -117.931, 0.969915, 119.849
1847, 30.78333, 11.2934, -74.5117, 10.8163, 145.063, 10.7416, 43.6115, 0.976594, 1.9575, 0.953674, -117.929, 0.969904, 119.848
1848, 30.79167, 11.2816, -74.491, 10.8038, 145.047, 10.7304, 43.6266, 0.976588, 1.95497, 0.953682, -117.926, 0.969893, 119.848
1848, 30.80000, 11.2698, -74.4702, 10.7913, 145.031, 10.7193, 43.6418, 0.976581, 1.95244, 0.953691, -117.924, 0.969882, 119.847
1849, 30.80833, 11.258, -74.4494, 10.7787, 145.015, 10.7081, 43.6569, 0.976574, 1.94992, 0.9537, -117.922, 0.969871, 119.847
1849, 30.81667, 11.2462, -74.4285, 10.7662, 144.999, 10.6969, 43.6721, 0.976567, 1.9474, 0.953708, -117.92, 0.96986, 119.846
1850, 30.82500, 11.2344, -74.4076, 10.7537, 144.984, 10.6858, 43.6873, 0.976559, 1.94489, 0.953717, -117.918, 0.969849, 119.845
1850, 30.83333, 11.2226, -74.3866, 10.7411, 144.968, 10.6746, 43.7026, 0.976552, 1.94239, 0.953726, -117.916, 0.969838, 119.845
1851, 30.84167, 11.2108, -74.3655, 10.7286, 144.952, 10.6635, 43.7178, 0.976544, 1.93989, 0.953735, -117.913, 0.969827, 119.844
1851, 30.85000, 11.199, -74.3444, 10.7161, 144.936, 10.6523, 43.7331, 0.976537, 1.93739, 0.953744, -117.911, 0.969816, 119.844
1852, 30.85833, 11.1872, -74.3232, 10.7035, 144.92, 10.6412, 43.7484, 0.976529, 1.9349, 0.953753, -117.909, 0.969805, 119.843
1852, 30.86667, 11.1754, -74.302, 10.691, 144.904, 10.6301, 43.7637, 0.976521, 1.93241, 0.953763, -117.907, 0.969795, 119.842
1853, 30.87500, 11.1637, -74.2807, 10.6785, 144.888, 10.6189, 43.7791, 0.976513, 1.92993, 0.953772, -117.905, 0.969784, 119.842
1853, 30.88333, 11.1519, -74.2594, 10.666, 144.872, 10.6078, 43.7945, 0.976504, 1.92745, 0.953781, -117.902, 0.969773, 119.841
1854, 30.89167, 11.1402, -74.2379, 10.6535, 144.855, 10.5967, 43.8099, 0.976496, 1.92498, 0.953791, -117.9, 0.969762, 119.841
1854, 30.90000, 11.1284, -74.2165, 10.641, 144.839, 10.5856, 43.8253, 0.976487, 1.92252, 0.9538, -117.898, 0.969751, 119.84
1855, 30.90833, 11.1167, -74.1949, 10.6285, 144.823, 10.5744, 43.8407, 0.976479, 1.92005, 0.95381, -117.896, 0.96974, 119.839
1855, 30.91667, 11.1049, -74.1734, 10.6159, 144.807, 10.5633, 43.8562, 0.97647, 1.9176, 0.95382, -117.894, 0.96973, 119.839
1856, 30.92500, 11.0932, -74.1517, 10.6034, 144.791, 10.5522, 43.8717, 0.976461, 1.91515, 0.95383, -117.891, 0.969719, 119.838
1856, 30.93333, 11.0814, -74.13, 10.5909, 144.774, 10.5411, 43.8873, 0.976452, 1.9127, 0.95384, -117.889, 0.969708, 119.838
1857, 30.94167, 11.0697, -74.1082, 10.5784, 144.758, 10.53, 43.9028, 0.976443, 1.91026, 0.95385, -117.887, 0.969697, 119.837
1857, 30.95000, 11.058, -74.0864, 10.5659, 144.742, 10.5189, 43.9184, 0.976433, 1.90783, 0.95386, -117.885, 0.969687, 119.837
1858, 30.95833, 11.0463, -74.0645, 10.5534, 144.725, 10.5078, 43.934, 0.976424, 1.9054, 0.95387, -117.883, 0.969676, 119.836
1858, 30.96667, 11.0345, -74.0426, 10.5409, 144.709, 10.4967, 43.9496, 0.976414, 1.90297, 0.95388, -117.88, 0.969665, 119.835
1859, 30.97500, 11.0228, -74.0205, 10.5285, 144.692, 10.4856, 43.9653, 0.976404, 1.90055, 0.953891, -117.878, 0.969655, 119.835
1859, 30.98333, 11.0111, -73.9985, 10.516, 144.676, 10.4745, 43.981, 0.976395, 1.89814, 0.953901, -117.876, 0.969644, 119.834
1860, 30.99167, 10.9994, -73.9763, 10.5035, 144.659, 10.4635, 43.9967, 0.976385, 1.89573, 0.953912, -117.874, 0.969633, 119.834
1860, 31.00000, 10.9877, -73.9541, 10.491, 144.643, 10.4524, 44.0124, 0.976374, 1.89333, 0.953922, -117.871, 0.969623, 119.833
1861, 31.00833, 10.976, -73.9319, 10.4785, 144.626, 10.4413, 44.0282, 0.976364, 1.89093, 0.953933, -117.869, 0.969612, 119.833
1861, 31.01667, 10.9644, -73.9095, 10.466, 144.609, 10.4302, 44.0439, 0.976354, 1.88854, 0.953944, -117.867, 0.969602, 119.832
1862, 31.02500, 10.9527, -73.8872, 10.4536, 144.593, 10.4192, 44.0598, 0.976343, 1.88616, 0.953955, -117.865, 0.969591, 119.831
1862, 31.03333, 10.941, -73.8647, 10.4411, 144.576, 10.4081, 44.0756, 0.976332, 1.88378, 0.953966, -117.862, 0.96958, 119.831
1863, 31.04167, 10.9293, -73.8422, 10.4286, 144.559, 10.397, 44.0915, 0.976322, 1.8814, 0.953977, -117.86, 0.96957, 119.83
1863, 31.05000, 10.9177, -73.8196, 10.4161, 144.542, 10.386, 44.1073, 0.976311, 1.87904, 0.953988, -117.858, 0.969559, 119.83
1864, 31.05833, 10.906, -73.797, 10.4037, 144.526, 10.3749, 44.1233, 0.9763, 1.87667, 0.953999, -117.856, 0.969549, 119.829
1864, 31.06667, 10.8943, -73.7743, 10.3912, 144.509, 10.3639, 44.1392, 0.976288, 1.87432, 0.95401, -117.853, 0.969538, 119.828
1865, 31.07500, 10.8827, -73.7515, 10.3788, 144.492, 10.3528, 44.1552, 0.976277, 1.87197, 0.954022, -117.851, 0.969528, 119.828
1865, 31.08333, 10.871, -73.7287, 10.3663, 144.475, 10.3418, 44.1712, 0.976266, 1.86962, 0.954033, -117.849, 0.969517, 119.827
1866, 31.09167, 10.8594, -73.7058, 10.3538, 144.458, 10.3307, 44.1872, 0.976254, 1.86728, 0.954045, -117.846, 0.969507, 119.827
1866, 31.10000, 10.8478, -73.6828, 10.3414, 144.441, 10.3197, 44.2032, 0.976242, 1.86495, 0.954056, -117.844, 0.969496, 119.826
1867, 31.10833, 10.8361, -73.6598, 10.3289, 144.424, 10.3087, 44.2193, 0.97623, 1.86262, 0.954068, -117.842, 0.969486, 119.826
1867, 31.11667, 10.8245, -73.6367, 10.3165, 144.407, 10.2976, 44.2354, 0.976219, 1.8603, 0.95408, -117.839, 0.969476, 119.825
1868, 31.12500, 10.8129, -73.6136, 10.304, 144.39, 10.2866, 44.2515, 0.976206, 1.85799, 0.954092, -117.837, 0.969465, 119.824
1868, 31.13333, 10.8013, -73.5904, 10.2916, 144.372, 10.2756, 44.2677, 0.976194, 1.85568, 0.954104, -117.835, 0.969455, 119.824
1869, 31.14167, 10.7897, -73.5671, 10.2791, 144.355, 10.2646, 44.2839, 0.976182, 1.85338, 0.954116, -117.833, 0.969444, 119.823
1869, 31.15000, 10.7781, -73.5437, 10.2667, 144.338, 10.2536, 44.3001, 0.976169, 1.85108, 0.954128, -117.83, 0.969434, 119.823
1870, 31.15833, 10.7665, -73.5203, 10.2543, 144.321, 10.2425, 44.3163, 0.976157, 1.84879, 0.954141, -117.828, 0.969424, 119.822
1870, 31.16667, 10.7549, -73.4968, 10.2418, 144.303, 10.2315, 44.3326, 0.976144, 1.84651, 0.954153, -117.826, 0.969413, 119.822
1871, 31.17500, 10.7433, -73.4733, 10.2294, 144.286, 10.2205, 44.3489, 0.976131, 1.84423, 0.954166, -117.823, 0.969403, 119.821
1871, 31.18333, 10.7317, -73.4497, 10.217, 144.269, 10.2095, 44.3652, 0.976118, 1.84196, 0.954178, -117.821, 0.969393, 119.82
1872, 31.19167, 10.7201, -73.426, 10.2045, 144.251, 10.1985, 44.3816, 0.976105, 1.83969, 0.954191, -117.819, 0.969382, 119.82
1872, 31.20000, 10.7085, -73.4023, 10.1921, 144.234, 10.1875, 44.3979, 0.976092, 1.83743, 0.954204, -117.816, 0.969372, 119.819
1873, 31.20833, 10.697, -73.3784, 10.1797, 144.216, 10.1766, 44.4143, 0.976079, 1.83518, 0.954217, -117.814, 0.969362, 119.819
1873, 31.21667, 10.6854, -73.3546, 10.1672, 144.199, 10.1656, 44.4308, 0.976065, 1.83293, 0.95423, -117.811, 0.969351, 119.818
1874, 31.22500, 10.6739, -73.3306, 10.1548, 144.181, 10.1546, 44.4472, 0.976052, 1.8307, 0.954243, -117.809, 0.969341, 119.818
1874, 31.23333, 10.6623, -73.3066, 10.1424, 144.163, 10.1436, 44.4637, 0.976038, 1.82846, 0.954256, -117.807, 0.969331, 119.817
1875, 31.24167, 10.6508, -73.2825, 10.13, 144.146, 10.1326, 44.4802, 0.976024, 1.82624, 0.954269, -117.804, 0.969321, 119.817
1875, 31.25000, 10.6392, -73.2583, 10.1176, 144.128, 10.1217, 44.4968, 0.97601, 1.82402, 0.954283, -117.802, 0.969311, 119.816
1876, 31.25833, 10.6277, -73.2341, 10.1052, 144.11, 10.1107, 44.5134, 0.975996, 1.8218, 0.954296, -117.8, 0.9693, 119.815
1876, 31.26667, 10.6162, -73.2098, 10.0928, 144.093, 10.0997, 44.53, 0.975982, 1.8196, 0.95431, -117.797, 0.96929, 119.815
1877, 31.27500, 10.6046, -73.1855, 10.0804, 144.075, 10.0888, 44.5466, 0.975968, 1.8174, 0.954323, -117.795, 0.96928, 119.814
1877, 31.28333, 10.5931, -73.161, 10.068, 144.057, 10.0778, 44.5633, 0.975954, 1.8152, 0.954337, -117.792, 0.96927, 119.814
1878, 31.29167, 10.5816, -73.1366, 10.0556, 144.039, 10.0669, 44.5799, 0.975939, 1.81302, 0.954351, -117.79, 0.96926, 119.813
1878, 31.30000, 10.5701, -73.112, 10.0432, 144.021, 10.0559, 44.5967, 0.975924, 1.81084, 0.954365, -117.788, 0.96925, 119.813
1879, 31.30833, 10.5586, -73.0873, 10.0308, 144.003, 10.045, 44.6134, 0.97591, 1.80866, 0.954379, -117.785, 0.969239, 119.812
1879, 31.31667, 10.5471, -73.0626, 10.0184, 143.985, 10.034, 44.6302, 0.975895, 1.8065, 0.954393, -117.783, 0.969229, 119.812
1880, 31.32500, 10.5356, -73.0379, 10.006, 143.967, 10.0231, 44.647, 0.97588, 1.80434, 0.954407, -117.78, 0.969219, 119.811
1880, 31.33333, 10.5241, -73.013, 9.99359, 143.949, 10.0121, 44.6638, 0.975865, 1.80218, 0.954422, -117.778, 0.969209, 119.81
1881, 31.34167, 10.5126, -72.9881, 9.9812, 143.931, 10.0012, 44.6807, 0.97585, 1.80004, 0.954436, -117.776, 0.969199, 119.81
1881, 31.35000, 10.5011, -72.9631, 9.96881, 143.912, 9.99028, 44.6976, 0.975834, 1.7979, 0.954451, -117.773, 0.969189, 119.809
1882, 31.35833, 10.4897, -72.938, 9.95643, 143.894, 9.97936, 44.7145, 0.975819, 1.79577, 0.954465, -117.771, 0.969179, 119.809
1882, 31.36667, 10.4782, -72.9129, 9.94405, 143.876, 9.96843, 44.7314, 0.975803, 1.79364, 0.95448, -117.768, 0.969169, 119.808
1883, 31.37500, 10.4667, -72.8877, 9.93167, 143.857, 9.95752, 44.7484, 0.975788, 1.79153, 0.954495, -117.766, 0.969159, 119.808
1883, 31.38333, 10.4553, -72.8624, 9.9193, 143.839, 9.9466, 44.7654, 0.975772, 1.78941, 0.95451, -117.763, 0.969149, 119.807
1884, 31.39167, 10.4438, -72.8371, 9.90693, 143.821, 9.93569, 44.7825, 0.975756, 1.78731, 0.954525, -117.761, 0.969139, 119.806
1884, 31.40000, 10.4324, -72.8117, 9.89456, 143.802, 9.92478, 44.7995, 0.97574, 1.78521, 0.95454, -117.758, 0.969129, 119.806
1885, 31.40833, 10.4209, -72.7862, 9.88219, 143.784, 9.91388, 44.8166, 0.975724, 1.78313, 0.954556, -117.756, 0.969119, 119.805
1885, 31.41667, 10.4095, -72.7606, 9.86982, 143.765, 9.90298, 44.8338, 0.975708, 1.78104, 0.954571, -117.753, 0.969109, 119.805
1886, 31.42500, 10.3981, -72.735, 9.85746, 143.747, 9.89209, 44.8509, 0.975692, 1.77897, 0.954587, -117.751, 0.969099, 119.804
1886, 31.43333, 10.3867, -72.7092, 9.8451, 143.728, 9.88119, 44.8681, 0.975675, 1.7769, 0.954602, -117.748, 0.969089, 119.804
1887, 31.44167, 10.3753, -72.6835, 9.83274, 143.709, 9.8703, 44.8853, 0.975659, 1.77484, 0.954618, -117.746, 0.969079, 119.803
1887, 31.45000, 10.3638, -72.6576, 9.82038, 143.691, 9.85942, 44.9026, 0.975642, 1.77279, 0.954634, -117.743, 0.969069, 119.803
1888, 31.45833, 10.3524, -72.6317, 9.80803, 143.672, 9.84854, 44.9199, 0.975626, 1.77074, 0.95465, -117.741, 0.969059, 119.802
1888, 31.46667, 10.341, -72.6057, 9.79568, 143.653, 9.83766, 44.9372, 0.975609, 1.7687, 0.954666, -117.738, 0.96905, 119.802
1889, 31.47500, 10.3296, -72.5796, 9.78333, 143.634, 9.82678, 44.9545, 0.975592, 1.76667, 0.954682, -117.736, 0.96904, 119.801
1889, 31.48333, 10.3183, -72.5534, 9.77098, 143.615, 9.81591, 44.9719, 0.975575, 1.76465, 0.954698, -117.733, 0.96903, 119.8
1890, 31.49167, 10.3069, -72.5272, 9.75864, 143.596, 9.80505, 44.9893, 0.975558, 1.76263, 0.954715, -117.731, 0.96902, 119.8
1890, 31.50000, 10.2955, -72.5009, 9.7463, 143.577, 9.79418, 45.0067, 0.97554, 1.76062, 0.954731, -117.728, 0.96901, 119.799
1891, 31.50833, 10.2841, -72.4745, 9.73396, 143.558, 9.78332, 45.0242, 0.975523, 1.75862, 0.954748, -117.726, 0.969, 119.799
1891, 31.51667, 10.2728, -72.448, 9.72162, 143.539, 9.77246, 45.0417, 0.975506, 1.75663, 0.954765, -117.723, 0.968991, 119.798
1892, 31.52500, 10.2614, -72.4215, 9.70929, 143.52, 9.76161, 45.0592, 0.975488, 1.75464, 0.954781, -117.721, 0.968981, 119.798
1892, 31.53333, 10.25, -72.3949, 9.69695, 143.501, 9.75076, 45.0768, 0.97547, 1.75266, 0.954798, -117.718, 0.968971, 119.797
1893, 31.54167, 10.2387, -72.3682, 9.68462, 143.482, 9.73992, 45.0944, 0.975453, 1.75069, 0.954815, -117.716, 0.968961, 119.797
1893, 31.55000, 10.2274, -72.3414, 9.6723, 143.462, 9.72908, 45.112, 0.975435, 1.74873, 0.954833, -117.713, 0.968951, 119.796
1894, 31.55833, 10.216, -72.3146, 9.65997, 143.443, 9.71824, 45.1296, 0.975417, 1.74677, 0.95485, -117.711, 0.968942, 119.796
1894, 31.56667, 10.2047, -72.2877, 9.64765, 143.424, 9.7074, 45.1473, 0.975399, 1.74483, 0.954867, -117.708, 0.968932, 119.795
1895, 31.57500, 10.1934, -72.2607, 9.63533, 143.404, 9.69657, 45.165, 0.975381, 1.74289, 0.954885, -117.705, 0.968922, 119.794
1895, 31.58333, 10.1821, -72.2336, 9.62301, 143.385, 9.68575, 45.1828, 0.975362, 1.74095, 0.954903, -117.703, 0.968912, 119.794
1896, 31.59167, 10.1707, -72.2064, 9.61069, 143.365, 9.67492, 45.2006, 0.975344, 1.73903, 0.95492, -117.7, 0.968903, 119.793
1896, 31.60000, 10.1594, -72.1792, 9.59838, 143.346, 9.6641, 45.2184, 0.975326, 1.73711, 0.954938, -117.698, 0.968893, 119.793
1897, 31.60833, 10.1481, -72.1519, 9.58607, 143.326, 9.65329, 45.2362, 0.975307, 1.7352, 0.954956, -117.695, 0.968883, 119.792
1897, 31.61667, 10.1368, -72.1245, 9.57376, 143.307, 9.64247, 45.2541, 0.975288, 1.7333, 0.954974, -117.692, 0.968874, 119.792
1898, 31.62500, 10.1256, -72.097, 9.56145, 143.287, 9.63166, 45.272, 0.97527, 1.73141, 0.954993, -117.69, 0.968864, 119.791
1898, 31.63333, 10.1143, -72.0695, 9.54915, 143.267, 9.62086, 45.2899, 0.975251, 1.72953, 0.955011, -117.687, 0.968854, 119.791
1899, 31.64167, 10.103, -72.0418, 9.53684, 143.247, 9.61006, 45.3079, 0.975232, 1.72765, 0.955029, -117.685, 0.968844, 119.79
1899, 31.65000, 10.0917, -72.0141, 9.52454, 143.227, 9.59926, 45.3259, 0.975213, 1.72578, 0.955048, -117.682, 0.968835, 119.79
1900, 31.65833, 10.0805, -71.9864, 9.51225, 143.208, 9.58847, 45.344, 0.975194, 1.72392, 0.955067, -117.679, 0.968825, 119.789
1900, 31.66667, 10.0692, -71.9585, 9.49995, 143.188, 9.57767, 45.362, 0.975175, 1.72207, 0.955086, -117.677, 0.968816, 119.789
1901, 31.67500, 10.0579, -71.9305, 9.48766, 143.168, 9.56689, 45.3801, 0.975155, 1.72022, 0.955105, -117.674, 0.968806, 119.788
1901, 31.68333, 10.0467, -71.9025, 9.47537, 143.148, 9.5561, 45.3983, 0.975136, 1.71839, 0.955124, -117.671, 0.968796, 119.787
1902, 31.69167, 10.0355, -71.8744, 9.46308, 143.128, 9.54532, 45.4164, 0.975116, 1.71656, 0.955143, -117.669, 0.968787, 119.787
1902, 31.70000, 10.0242, -71.8462, 9.45079, 143.107, 9.53455, 45.4346, 0.975097, 1.71474, 0.955162, -117.666, 0.968777, 119.786
1903, 31.70833, 10.013, -71.8179, 9.43851, 143.087, 9.52378, 45.4529, 0.975077, 1.71292, 0.955182, -117.664, 0.968768, 119.786
1903, 31.71667, 10.0018, -71.7896, 9.42623, 143.067, 9.51301, 45.4711, 0.975057, 1.71112, 0.955201, -117.661, 0.968758, 119.785
1904, 31.72500, 9.99056, -71.7611, 9.41395, 143.047, 9.50224, 45.4894, 0.975038, 1.70933, 0.955221, -117.658, 0.968748, 119.785
1904, 31.73333, 9.97935, -71.7326, 9.40168, 143.026, 9.49148, 45.5078, 0.975018, 1.70754, 0.955241, -117.655, 0.968739, 119.784
1905, 31.74167, 9.96815, -71.704, 9.3894, 143.006, 9.48072, 45.5261, 0.974998, 1.70576, 0.955261, -117.653, 0.968729, 119.784
1905, 31.75000, 9.95695, -71.6753, 9.37713, 142.986, 9.46997, 45.5445, 0.974977, 1.70399, 0.955281, -117.65, 0.96872, 119.783
1906, 31.75833, 9.94576, -71.6465, 9.36486, 142.965, 9.45922, 45.563, 0.974957, 1.70223, 0.955301, -117.647, 0.96871, 119.783
1906, 31.76667, 9.93458, -71.6177, 9.35259, 142.944, 9.44847, 45.5814, 0.974937, 1.70047, 0.955322, -117.645, 0.968701, 119.782
1907, 31.77500, 9.9234, -71.5887, 9.34033, 142.924, 9.43773, 45.5999, 0.974917, 1.69873, 0.955342, -117.642, 0.968691, 119.782
1907, 31.78333, 9.91223, -71.5597, 9.32806, 142.903, 9.42699, 45.6185, 0.974896, 1.69699, 0.955363, -117.639, 0.968682, 119.781
1908, 31.79167, 9.90106, -71.5306, 9.3158, 142.883, 9.41626, 45.637, 0.974876, 1.69526, 0.955384, -117.637, 0.968672, 119.781
1908, 31.80000, 9.8899, -71.5014, 9.30355, 142.862, 9.40553, 45.6556, 0.974855, 1.69354, 0.955405, -117.634, 0.968663, 119.78
1909, 31.80833, 9.87875, -71.4721, 9.29129, 142.841, 9.3948, 45.6743, 0.974834, 1.69183, 0.955426, -117.631, 0.968653, 119.78
1909, 31.81667, 9.8676, -71.4427, 9.27904, 142.82, 9.38407, 45.6929, 0.974813, 1.69013, 0.955447, -117.628, 0.968644, 119.779
1910, 31.82500, 9.85646, -71.4133, 9.26679, 142.799, 9.37335, 45.7117, 0.974792, 1.68844, 0.955468, -117.626, 0.968634, 119.778
1910, 31.83333, 9.84533, -71.3838, 9.25454, 142.778, 9.36264, 45.7304, 0.974771, 1.68675, 0.95549, -117.623, 0.968625, 119.778
1911, 31.84167, 9.8342, -71.3541, 9.24229, 142.757, 9.35192, 45.7492, 0.97475, 1.68507, 0.955512, -117.62, 0.968616, 119.777
1911, 31.85000, 9.82308, -71.3244, 9.23005, 142.736, 9.34121, 45.768, 0.974729, 1.68341, 0.955533, -117.617, 0.968606, 119.777
1912, 31.85833, 9.81197, -71.2946, 9.2178, 142.715, 9.33051, 45.7868, 0.974708, 1.68175, 0.955555, -117.615, 0.968597, 119.776
1912, 31.86667, 9.80086, -71.2647, 9.20556, 142.694, 9.31981, 45.8057, 0.974687, 1.6801, 0.955577, -117.612, 0.968587, 119.776
1913, 31.87500, 9.78976, -71.2348, 9.19333, 142.673, 9.30911, 45.8246, 0.974665, 1.67845, 0.955599, -117.609, 0.968578, 119.775
1913, 31.88333, 9.77867, -71.2047, 9.18109, 142.651, 9.29841, 45.8435, 0.974644, 1.67682, 0.955622, -117.606, 0.968569, 119.775
1914, 31.89167, 9.76758, -71.1746, 9.16886, 142.63, 9.28772, 45.8625, 0.974622, 1.6752, 0.955644, -117.603, 0.968559, 119.774
1914, 31.90000, 9.7565, -71.1443, 9.15663, 142.609, 9.27704, 45.8815, 0.974601, 1.67358, 0.955667, -117.601, 0.96855, 119.774
1915, 31.90833, 9.74542, -71.114, 9.1444, 142.587, 9.26635, 45.9006, 0.974579, 1.67198, 0.955689, -117.598, 0.96854, 119.773
1915, 31.91667, 9.73435, -71.0836, 9.13217, 142.566, 9.25567, 45.9197, 0.974557, 1.67038, 0.955712, -117.595, 0.968531, 119.773
1916, 31.92500, 9.72329, -71.0531, 9.11995, 142.544, 9.245, 45.9388, 0.974535, 1.66879, 0.955735, -117.592, 0.968522, 119.772
1916, 31.93333, 9.71224, -71.0225, 9.10773, 142.522, 9.23433, 45.958, 0.974513, 1.66721, 0.955759, -117.589, 0.968512, 119.772
1917, 31.94167, 9.70119, -70.9918, 9.09551, 142.501, 9.22366, 45.9771, 0.974491, 1.66564, 0.955782, -117.587, 0.968503, 119.771
1917, 31.95000, 9.69015, -70.961, 9.08329, 142.479, 9.21299, 45.9964, 0.974469, 1.66408, 0.955805, -117.584, 0.968494, 119.771
1918, 31.95833, 9.67912, -70.9302, 9.07108, 142.457, 9.20233, 46.0156, 0.974447, 1.66253, 0.955829, -117.581, 0.968484, 119.77
1918, 31.96667, 9.66809, -70.8992, 9.05887, 142.435, 9.19167, 46.0349, 0.974425, 1.66099, 0.955853, -117.578, 0.968475, 119.77
1919, 31.97500, 9.65707, -70.8682, 9.04666, 142.413, 9.18102, 46.0543, 0.974402, 1.65945, 0.955877, -117.575, 0.968466, 119.769
1919, 31.98333, 9.64606, -70.837, 9.03445, 142.391, 9.17037, 46.0736, 0.97438, 1.65793, 0.955901, -117.572, 0.968456, 119.769
1920, 31.99167, 9.63505, -70.8058, 9.02224, 142.369, 9.15973, 46.093, 0.974358, 1.65641, 0.955925, -117.57, 0.968447, 119.768
1920, 32.00000, 9.62405, -70.7745, 9.01004, 142.347, 9.14909, 46.1125, 0.974335, 1.65491, 0.955949, -117.567, 0.968438, 119.768
1921, 32.00833, 9.61305, -70.7431, 8.99784, 142.325, 9.13845, 46.132, 0.974312, 1.65341, 0.955974, -117.564, 0.968429, 119.767
1921, 32.01667, 9.60207, -70.7116, 8.98564, 142.303, 9.12781, 46.1515, 0.97429, 1.65192, 0.955999, -117.561, 0.968419, 119.767
1922, 32.02500, 9.59109, -70.68, 8.97344, 142.281, 9.11718, 46.171, 0.974267, 1.65044, 0.956024, -117.558, 0.96841, 119.766
1922, 32.03333, 9.58012, -70.6483, 8.96125, 142.258, 9.10656, 46.1906, 0.974244, 1.64897, 0.956049, -117.555, 0.968401, 119.766
1923, 32.04167, 9.56915, -70.6165, 8.94906, 142.236, 9.09593, 46.2102, 0.974221, 1.64751, 0.956074, -117.552, 0.968392, 119.765
1923, 32.05000, 9.55819, -70.5846, 8.93687, 142.214, 9.08531, 46.2299, 0.974198, 1.64606, 0.956099, -117.549, 0.968382, 119.765
1924, 32.05833, 9.54724, -70.5527, 8.92468, 142.191, 9.0747, 46.2496, 0.974175, 1.64462, 0.956125, -117.546, 0.968373, 119.764
1924, 32.06667, 9.53629, -70.5206, 8.91249, 142.168, 9.06409, 46.2693, 0.974152, 1.64319, 0.95615, -117.543, 0.968364, 119.764
1925, 32.07500, 9.52536, -70.4884, 8.90031, 142.146, 9.05348, 46.2891, 0.974129, 1.64177, 0.956176, -117.54, 0.968355, 119.763
1925, 32.08333, 9.51443, -70.4562, 8.88813, 142.123, 9.04288, 46.3089, 0.974106, 1.64036, 0.956202, -117.538, 0.968345, 119.763
1926, 32.09167, 9.5035, -70.4238, 8.87595, 142.1, 9.03227, 46.3287, 0.974082, 1.63895, 0.956228, -117.535, 0.968336, 119.762
1926, 32.10000, 9.49259, -70.3914, 8.86378, 142.078, 9.02168, 46.3486, 0.974059, 1.63756, 0.956254, -117.532, 0.968327, 119.762
1927, 32.10833, 9.48168, -70.3588, 8.8516, 142.055, 9.01109, 46.3685, 0.974036, 1.63618, 0.956281, -117.529, 0.968318, 119.761
1927, 32.11667, 9.47078, -70.3262, 8.83943, 142.032, 9.0005, 46.3884, 0.974012, 1.6348, 0.956308, -117.526, 0.968309, 119.761
1928, 32.12500, 9.45988, -70.2934, 8.82726, 142.009, 8.98991, 46.4084, 0.973988, 1.63344, 0.956334, -117.523, 0.968299, 119.76
1928, 32.13333, 9.449, -70.2606, 8.81509, 141.986, 8.97933, 46.4285, 0.973965, 1.63208, 0.956361, -117.52, 0.96829, 119.76
1929, 32.14167, 9.43812, -70.2277, 8.80293, 141.963, 8.96875, 46.4485, 0.973941, 1.63074, 0.956389, -117.517, 0.968281, 119.759
1929, 32.15000, 9.42725, -70.1946, 8.79076, 141.939, 8.95818, 46.4686, 0.973917, 1.6294, 0.956416, -117.514, 0.968272, 119.759
1930, 32.15833, 9.41638, -70.1615, 8.7786, 141.916, 8.94761, 46.4888, 0.973894, 1.62808, 0.956443, -117.511, 0.968263, 119.758
1930, 32.16667, 9.40552, -70.1283, 8.76644, 141.893, 8.93704, 46.5089, 0.97387, 1.62676, 0.956471, -117.508, 0.968254, 119.758
1931, 32.17500, 9.39467, -70.0949, 8.75429, 141.869, 8.92648, 46.5291, 0.973846, 1.62546, 0.956499, -117.505, 0.968245, 119.757
1931, 32.18333, 9.38383, -70.0615, 8.74213, 141.846, 8.91592, 46.5494, 0.973822, 1.62416, 0.956527, -117.502, 0.968235, 119.757
1932, 32.19167, 9.37299, -70.028, 8.72998, 141.823, 8.90537, 46.5697, 0.973798, 1.62288, 0.956555, -117.499, 0.968226, 119.756
1932, 32.20000, 9.36217, -69.9944, 8.71783, 141.799, 8.89482, 46.59, 0.973774, 1.6216, 0.956583, -117.496, 0.968217, 119.756
1933, 32.20833, 9.35135, -69.9606, 8.70568, 141.775, 8.88427, 46.6104, 0.973749, 1.62033, 0.956612, -117.493, 0.968208, 119.755
1933, 32.21667, 9.34053, -69.9268, 8.69354, 141.752, 8.87373, 46.6308, 0.973725, 1.61908, 0.956641, -117.49, 0.968199, 119.755
1934, 32.22500, 9.32973, -69.8929, 8.6814, 141.728, 8.86319, 46.6512, 0.973701, 1.61783, 0.95667, -117.487, 0.96819, 119.754
1934, 32.23333, 9.31893, -69.8589, 8.66925, 141.704, 8.85266, 46.6717, 0.973676, 1.6166, 0.956699, -117.484, 0.968181, 119.754
1935, 32.24167, 9.30814, -69.8247, 8.65711, 141.68, 8.84212, 46.6922, 0.973652, 1.61537, 0.956728, -117.48, 0.968172, 119.753
1935, 32.25000, 9.29735, -69.7905, 8.64498, 141.656, 8.8316, 46.7127, 0.973628, 1.61415, 0.956757, -117.477, 0.968163, 119.753
1936, 32.25833, 9.28658, -69.7562, 8.63284, 141.632, 8.82107, 46.7333, 0.973603, 1.61295, 0.956787, -117.474, 0.968153, 119.752
1936, 32.26667, 9.27581, -69.7217, 8.62071, 141.608, 8.81055, 46.754, 0.973578, 1.61175, 0.956817, -117.471, 0.968144, 119.752
1937, 32.27500, 9.26505, -69.6872, 8.60858, 141.584, 8.80004, 46.7746, 0.973554, 1.61057, 0.956847, -117.468, 0.968135, 119.751
1937, 32.28333, 9.2543, -69.6526, 8.59645, 141.56, 8.78953, 46.7953, 0.973529, 1.60939, 0.956877, -117.465, 0.968126, 119.751
1938, 32.29167, 9.24356, -69.6178, 8.58433, 141.535, 8.77902, 46.8161, 0.973504, 1.60823, 0.956908, -117.462, 0.968117, 119.75
1938, 32.30000, 9.23282, -69.583, 8.5722, 141.511, 8.76851, 46.8368, 0.97348, 1.60707, 0.956938, -117.459, 0.968108, 119.75
1939, 32.30833, 9.22209, -69.548, 8.56008, 141.486, 8.75801, 46.8577, 0.973455, 1.60593, 0.956969, -117.456, 0.968099, 119.749
1939, 32.31667, 9.21137, -69.513, 8.54796, 141.462, 8.74752, 46.8785, 0.97343, 1.6048, 0.957, -117.453, 0.96809, 119.749
1940, 32.32500, 9.20066, -69.4778, 8.53584, 141.437, 8.73702, 46.8994, 0.973405, 1.60367, 0.957031, -117.449, 0.968081, 119.748
1940, 32.33333, 9.18995, -69.4425, 8.52373, 141.413, 8.72653, 46.9204, 0.97338, 1.60256, 0.957062, -117.446, 0.968072, 119.748
1941, 32.34167, 9.17926, -69.4072, 8.51161, 141.388, 8.71605, 46.9413, 0.973355, 1.60146, 0.957094, -117.443, 0.968063, 119.748
1941, 32.35000, 9.16857, -69.3717, 8.4995, 141.363, 8.70557, 46.9624, 0.97333, 1.60036, 0.957126, -117.44, 0.968054, 119.747
1942, 32.35833, 9.15789, -69.3361, 8.4874, 141.338, 8.69509, 46.9834, 0.973305, 1.59928, 0.957158, -117.437, 0.968045, 119.747
1942, 32.36667, 9.14721, -69.3004, 8.47529, 141.313, 8.68462, 47.0045, 0.973279, 1.59821, 0.95719, -117.434, 0.968036, 119.746
1943, 32.37500, 9.13655, -69.2646, 8.46318, 141.288, 8.67415, 47.0256, 0.973254, 1.59715, 0.957222, -117.431, 0.968027, 119.746
1943, 32.38333, 9.12589, -69.2287, 8.45108, 141.263, 8.66368, 47.0468, 0.973229, 1.5961, 0.957255, -117.427, 0.968018, 119.745
1944, 32.39167, 9.11525, -69.1927, 8.43898, 141.238, 8.65322, 47.068, 0.973203, 1.59506, 0.957288, -117.424, 0.968009, 119.745
1944, 32.40000, 9.10461, -69.1566, 8.42688, 141.213, 8.64276, 47.0893, 0.973178, 1.59403, 0.957321, -117.421, 0.968, 119.744
1945, 32.40833, 9.09397, -69.1204, 8.41479, 141.188, 8.63231, 47.1105, 0.973153, 1.59302, 0.957354, -117.418, 0.967991, 119.744
1945, 32.41667, 9.08335, -69.084, 8.40269, 141.162, 8.62186, 47.1319, 0.973127, 1.59201, 0.957387, -117.415, 0.967982, 119.743
1946, 32.42500, 9.07273, -69.0476, 8.3906, 141.137, 8.61141, 47.1532, 0.973102, 1.59101, 0.957421, -117.411, 0.967973, 119.743
1946, 32.43333, 9.06213, -69.011, 8.37851, 141.111, 8.60097, 47.1747, 0.973076, 1.59003, 0.957454, -117.408, 0.967964, 119.742
1947, 32.44167, 9.05153, -68.9743, 8.36642, 141.086, 8.59053, 47.1961, 0.973051, 1.58905, 0.957488, -117.405, 0.967955, 119.742
1947, 32.45000, 9.04094, -68.9376, 8.35434, 141.06, 8.5801, 47.2176, 0.973025, 1.58809, 0.957523, -117.402, 0.967946, 119.742
1948, 32.45833, 9.03036, -68.9007, 8.34225, 141.034, 8.56967, 47.2391, 0.972999, 1.58713, 0.957557, -117.398, 0.967937, 119.741
1948, 32.46667, 9.01978, -68.8637, 8.33017, 141.009, 8.55924, 47.2607, 0.972973, 1.58619, 0.957592, -117.395, 0.967928, 119.741
1949, 32.47500, 9.00922, -68.8266, 8.31809, 140.983, 8.54882, 47.2823, 0.972948, 1.58526, 0.957627, -117.392, 0.967919, 119.74
1949, 32.48333, 8.99866, -68.7894, 8.30602, 140.957, 8.5384, 47.3039, 0.972922, 1.58434, 0.957662, -117.389, 0.96791, 119.74
1950, 32.49167, 8.98811, -68.752, 8.29394, 140.931, 8.52799, 47.3256, 0.972896, 1.58343, 0.957697, -117.385, 0.967901, 119.739
1950, 32.50000, 8.97757, -68.7146, 8.28187, 140.905, 8.51758, 47.3473, 0.97287, 1.58253, 0.957733, -117.382, 0.967892, 119.739
1951, 32.50833, 8.96704, -68.677, 8.2698, 140.878, 8.50717, 47.3691, 0.972844, 1.58165, 0.957768, -117.379, 0.967884, 119.738
1951, 32.51667, 8.95652, -68.6394, 8.25772, 140.852, 8.49676, 47.3909, 0.972818, 1.58077, 0.957804, -117.376, 0.967875, 119.738
1952, 32.52500, 8.94601, -68.6016, 8.24566, 140.826, 8.48637, 47.4128, 0.972792, 1.57991, 0.957841, -117.372, 0.967866, 119.737
1952, 32.53333, 8.9355, -68.5637, 8.23359, 140.799, 8.47597, 47.4347, 0.972766, 1.57905, 0.957877, -117.369, 0.967857, 119.737
1953, 32.54167, 8.92501, -68.5257, 8.22153, 140.773, 8.46558, 47.4566, 0.97274, 1.57821, 0.957914, -117.366, 0.967848, 119.737
1953, 32.55000, 8.91452, -68.4875, 8.20947, 140.746, 8.45519, 47.4785, 0.972714, 1.57738, 0.95795, -117.362, 0.967839, 119.736
1954, 32.55833, 8.90404, -68.4493, 8.19741, 140.72, 8.44481, 47.5006, 0.972688, 1.57656, 0.957988, -117.359, 0.96783, 119.736
1954, 32.56667, 8.89357, -68.4109, 8.18535, 140.693, 8.43443, 47.5226, 0.972662, 1.57575, 0.958025, -117.356, 0.967821, 119.735
1955, 32.57500, 8.88311, -68.3725, 8.1733, 140.666, 8.42405, 47.5447, 0.972636, 1.57495, 0.958062, -117.352, 0.967812, 119.735
1955, 32.58333, 8.87266, -68.3339, 8.16125, 140.639, 8.41368, 47.5668, 0.97261, 1.57417, 0.9581, -117.349, 0.967803, 119.734
1956, 32.59167, 8.86222, -68.2952, 8.14919, 140.612, 8.40331, 47.589, 0.972583, 1.57339, 0.958138, -117.346, 0.967794, 119.734
1956, 32.60000, 8.85179, -68.2564, 8.13715, 140.585, 8.39295, 47.6112, 0.972557, 1.57263, 0.958177, -117.342, 0.967786, 119.734
1957, 32.60833, 8.84136, -68.2174, 8.1251, 140.558, 8.38259, 47.6335, 0.972531, 1.57188, 0.958215, -117.339, 0.967777, 119.733
1957, 32.61667, 8.83095, -68.1784, 8.11305, 140.531, 8.37223, 47.6558, 0.972504, 1.57114, 0.958254, -117.335, 0.967768, 119.733
1958, 32.62500, 8.82054, -68.1392, 8.10101, 140.503, 8.36188, 47.6781, 0.972478, 1.57041, 0.958293, -117.332, 0.967759, 119.732
1958, 32.63333, 8.81014, -68.0999, 8.08897, 140.476, 8.35153, 47.7005, 0.972452, 1.56969, 0.958332, -117.329, 0.96775, 119.732
1959, 32.64167, 8.79976, -68.0605, 8.07693, 140.448, 8.34119, 47.7229, 0.972425, 1.56899, 0.958372, -117.325, 0.967741, 119.731
1959, 32.65000, 8.78938, -68.021, 8.06489, 140.421, 8.33085, 47.7453, 0.972399, 1.56829, 0.958412, -117.322, 0.967732, 119.731
1960, 32.65833, 8.77901, -67.9813, 8.05286, 140.393, 8.32051, 47.7678, 0.972373, 1.56761, 0.958452, -117.318, 0.967724, 119.731
1960, 32.66667, 8.76865, -67.9415, 8.04083, 140.366, 8.31018, 47.7904, 0.972346, 1.56694, 0.958492, -117.315, 0.967715, 119.73
1961, 32.67500, 8.7583, -67.9017, 8.0288, 140.338, 8.29985, 47.813, 0.97232, 1.56628, 0.958532, -117.312, 0.967706, 119.73
1961, 32.68333, 8.74796, -67.8616, 8.01677, 140.31, 8.28953, 47.8356, 0.972293, 1.56564, 0.958573, -117.308, 0.967697, 119.729
1962, 32.69167, 8.73763, -67.8215, 8.00474, 140.282, 8.27921, 47.8583, 0.972266, 1.565, 0.958614, -117.305, 0.967688, 119.729
1962, 32.70000, 8.7273, -67.7813, 7.99271, 140.254, 8.26889, 47.881, 0.97224, 1.56438, 0.958655, -117.301, 0.967679, 119.728
1963, 32.70833, 8.71699, -67.7409, 7.98069, 140.226, 8.25858, 47.9037, 0.972213, 1.56377, 0.958697, -117.298, 0.967671, 119.728
1963, 32.71667, 8.70669, -67.7004, 7.96867, 140.197, 8.24827, 47.9265, 0.972187, 1.56317, 0.958739, -117.294, 0.967662, 119.728
1964, 32.72500, 8.69639, -67.6598, 7.95665, 140.169, 8.23796, 47.9493, 0.97216, 1.56258, 0.958781, -117.291, 0.967653, 119.727
1964, 32.73333, 8.68611, -67.619, 7.94463, 140.141, 8.22766, 47.9722, 0.972134, 1.562, 0.958823, -117.287, 0.967644, 119.727
1965, 32.74167, 8.67584, -67.5782, 7.93262, 140.112, 8.21737, 47.9951, 0.972107, 1.56144, 0.958866, -117.284, 0.967635, 119.726
1965, 32.75000, 8.66557, -67.5372, 7.92061, 140.084, 8.20707, 48.0181, 0.97208, 1.56089, 0.958908, -117.28, 0.967626, 119.726
1966, 32.75833, 8.65532, -67.4961, 7.90859, 140.055, 8.19678, 48.0411, 0.972054, 1.56035, 0.958952, -117.277, 0.967618, 119.726
1966, 32.76667, 8.64507, -67.4548, 7.89658, 140.026, 8.1865, 48.0641, 0.972027, 1.55982, 0.958995, -117.273, 0.967609, 119.725
1967, 32.77500, 8.63484, -67.4135, 7.88458, 139.997, 8.17622, 48.0872, 0.972, 1.55931, 0.959039, -117.27, 0.9676, 119.725
1967, 32.78333, 8.62462, -67.372, 7.87257, 139.968, 8.16594, 48.1103, 0.971973, 1.5588, 0.959083, -117.266, 0.967591, 119.724
1968, 32.79167, 8.6144, -67.3304, 7.86057, 139.939, 8.15567, 48.1335, 0.971947, 1.55831, 0.959127, -117.263, 0.967582, 119.724
1968, 32.80000, 8.6042, -67.2887, 7.84857, 139.91, 8.1454, 48.1567, 0.97192, 1.55784, 0.959171, -117.259, 0.967574, 119.724
1969, 32.80833, 8.594, -67.2468, 7.83657, 139.881, 8.13513, 48.1799, 0.971893, 1.55737, 0.959216, -117.256, 0.967565, 119.723
1969, 32.81667, 8.58382, -67.2048, 7.82457, 139.852, 8.12487, 48.2032, 0.971867, 1.55692, 0.959261, -117.252, 0.967556, 119.723
1970, 32.82500, 8.57365, -67.1627, 7.81257, 139.822, 8.11461, 48.2265, 0.97184, 1.55647, 0.959306, -117.249, 0.967547, 119.722
1970, 32.83333, 8.56348, -67.1205, 7.80058, 139.793, 8.10436, 48.2499, 0.971813, 1.55605, 0.959352, -117.245, 0.967539, 119.722
1971, 32.84167, 8.55333, -67.0781, 7.78858, 139.763, 8.09411, 48.2733, 0.971786, 1.55563, 0.959398, -117.241, 0.96753, 119.722
1971, 32.85000, 8.54319, -67.0356, 7.77659, 139.733, 8.08386, 48.2968, 0.971759, 1.55522, 0.959444, -117.238, 0.967521, 119.721
1972, 32.85833, 8.53305, -66.993, 7.76461, 139.704, 8.07362, 48.3203, 0.971733, 1.55483, 0.959491, -117.234, 0.967512, 119.721
1972, 32.86667, 8.52293, -66.9502, 7.75262, 139.674, 8.06338, 48.3438, 0.971706, 1.55445, 0.959537, -117.231, 0.967504, 119.721
1973, 32.87500, 8.51282, -66.9073, 7.74063, 139.644, 8.05315, 48.3674, 0.971679, 1.55409, 0.959584, -117.227, 0.967495, 119.72
1973, 32.88333, 8.50272, -66.8643, 7.72865, 139.614, 8.04292, 48.391, 0.971652, 1.55373, 0.959632, -117.223, 0.967486, 119.72
1974, 32.89167, 8.49263, -66.8211, 7.71667, 139.584, 8.03269, 48.4147, 0.971626, 1.55339, 0.959679, -117.22, 0.967477, 119.719
1974, 32.90000, 8.48255, -66.7779, 7.70469, 139.553, 8.02247, 48.4384, 0.971599, 1.55306, 0.959727, -117.216, 0.967469, 119.719
1975, 32.90833, 8.47248, -66.7345, 7.69271, 139.523, 8.01225, 48.4622, 0.971572, 1.55275, 0.959776, -117.213, 0.96746, 119.719
1975, 32.91667, 8.46242, -66.6909, 7.68074, 139.493, 8.00204, 48.486, 0.971545, 1.55245, 0.959824, -117.209, 0.967451, 119.718
1976, 32.92500, 8.45237, -66.6473, 7.66876, 139.462, 7.99183, 48.5098, 0.971518, 1.55216, 0.959873, -117.205, 0.967443, 119.718
1976, 32.93333, 8.44233, -66.6035, 7.65679, 139.432, 7.98162, 48.5337, 0.971492, 1.55188, 0.959922, -117.202, 0.967434, 119.718
1977, 32.94167, 8.43231, -66.5595, 7.64482, 139.401, 7.97142, 48.5576, 0.971465, 1.55161, 0.959972, -117.198, 0.967425, 119.717
1977, 32.95000, 8.42229, -66.5155, 7.63285, 139.37, 7.96122, 48.5816, 0.971438, 1.55136, 0.960022, -117.194, 0.967416, 119.717
1978, 32.95833, 8.41229, -66.4713, 7.62088, 139.339, 7.95102, 48.6056, 0.971411, 1.55112, 0.960072, -117.191, 0.967408, 119.717
1978, 32.96667, 8.40229, -66.4269, 7.60892, 139.308, 7.94083, 48.6296, 0.971384, 1.5509, 0.960122, -117.187, 0.967399, 119.716
1979, 32.97500, 8.39231, -66.3825, 7.59696, 139.277, 7.93065, 48.6537, 0.971358, 1.55068, 0.960173, -117.183, 0.96739, 119.716
1979, 32.98333, 8.38234, -66.3379, 7.585, 139.246, 7.92046, 48.6779, 0.971331, 1.55049, 0.960224, -117.18, 0.967382, 119.715
1980, 32.99167, 8.37238, -66.2931, 7.57303, 139.214, 7.91028, 48.702, 0.971304, 1.5503, 0.960275, -117.176, 0.967373, 119.715
1980, 33.00000, 8.36243, -66.2483, 7.56108, 139.183, 7.90011, 48.7263, 0.971277, 1.55013, 0.960327, -117.172, 0.967364, 119.715
1981, 33.00833, 8.35249, -66.2032, 7.54912, 139.151, 7.88994, 48.7505, 0.971251, 1.54997, 0.960379, -117.168, 0.967356, 119.714
1981, 33.01667, 8.34256, -66.1581, 7.53717, 139.12, 7.87977, 48.7748, 0.971224, 1.54982, 0.960431, -117.165, 0.967347, 119.714
1982, 33.02500, 8.33265, -66.1128, 7.52521, 139.088, 7.8696, 48.7992, 0.971197, 1.54968, 0.960484, -117.161, 0.967338, 119.714
1982, 33.03333, 8.32275, -66.0674, 7.51326, 139.056, 7.85945, 48.8236, 0.971171, 1.54956, 0.960537, -117.157, 0.96733, 119.713
1983, 33.04167, 8.31285, -66.0219, 7.50131, 139.024, 7.84929, 48.848, 0.971144, 1.54946, 0.96059, -117.153, 0.967321, 119.713
1983, 33.05000, 8.30297, -65.9762, 7.48937, 138.992, 7.83914, 48.8725, 0.971117, 1.54936, 0.960644, -117.15, 0.967312, 119.713
1984, 33.05833, 8.29311, -65.9304, 7.47742, 138.96, 7.82899, 48.897, 0.971091, 1.54928, 0.960698, -117.146, 0.967304, 119.712
1984, 33.06667, 8.28325, -65.8844, 7.46548, 138.928, 7.81884, 48.9216, 0.971064, 1.54922, 0.960753, -117.142, 0.967295, 119.712
1985, 33.07500, 8.2734, -65.8383, 7.45354, 138.895, 7.8087, 48.9462, 0.971038, 1.54916, 0.960807, -117.138, 0.967286, 119.712
1985, 33.08333, 8.26357, -65.792, 7.4416, 138.863, 7.79857, 48.9708, 0.971011, 1.54912, 0.960862, -117.135, 0.967278, 119.711
1986, 33.09167, 8.25375, -65.7457, 7.42966, 138.83, 7.78843, 48.9955, 0.970985, 1.5491, 0.960918, -117.131, 0.967269, 119.711
1986, 33.10000, 8.24394, -65.6991, 7.41772, 138.798, 7.7783, 49.0203, 0.970958, 1.54908, 0.960974, -117.127, 0.967261, 119.711
1987, 33.10833, 8.23414, -65.6525, 7.40579, 138.765, 7.76818, 49.045, 0.970931, 1.54908, 0.96103, -117.123, 0.967252, 119.711
1987, 33.11667, 8.22435, -65.6057, 7.39385, 138.732, 7.75806, 49.0699, 0.970905, 1.5491, 0.961086, -117.119, 0.967243, 119.71
1988, 33.12500, 8.21458, -65.5587, 7.38192, 138.699, 7.74794, 49.0947, 0.970879, 1.54913, 0.961143, -117.116, 0.967235, 119.71
1988, 33.13333, 8.20482, -65.5117, 7.36999, 138.666, 7.73783, 49.1196, 0.970852, 1.54917, 0.9612, -117.112, 0.967226, 119.71
1989, 33.14167, 8.19507, -65.4644, 7.35806, 138.633, 7.72772, 49.1446, 0.970826, 1.54922, 0.961258, -117.108, 0.967218, 119.709
1989, 33.15000, 8.18533, -65.4171, 7.34613, 138.599, 7.71761, 49.1696, 0.970799, 1.54929, 0.961315, -117.104, 0.967209, 119.709
1990, 33.15833, 8.17561, -65.3696, 7.33421, 138.566, 7.70751, 49.1946, 0.970773, 1.54938, 0.961374, -117.1, 0.967201, 119.709
1990, 33.16667, 8.16589, -65.3219, 7.32229, 138.532, 7.69741, 49.2197, 0.970747, 1.54947, 0.961432, -117.097, 0.967192, 119.708
1991, 33.17500, 8.15619, -65.2741, 7.31036, 138.499, 7.68731, 49.2448, 0.970721, 1.54959, 0.961491, -117.093, 0.967183, 119.708
1991, 33.18333, 8.14651, -65.2262, 7.29844, 138.465, 7.67722, 49.27, 0.970694, 1.54971, 0.961551, -117.089, 0.967175, 119.708
1992, 33.19167, 8.13683, -65.1781, 7.28653, 138.431, 7.66713, 49.2952, 0.970668, 1.54985, 0.96161, -117.085, 0.967166, 119.708
1992, 33.20000, 8.12717, -65.1299, 7.27461, 138.397, 7.65705, 49.3204, 0.970642, 1.55, 0.961671, -117.081, 0.967158, 119.707
1993, 33.20833, 8.11752, -65.0815, 7.26269, 138.363, 7.64697, 49.3457, 0.970616, 1.55017, 0.961731, -117.077, 0.967149, 119.707
1993, 33.21667, 8.10788, -65.033, 7.25078, 138.329, 7.6369, 49.3711, 0.97059, 1.55035, 0.961792, -117.073, 0.967141, 119.707
1994, 33.22500, 8.09826, -64.9844, 7.23887, 138.294, 7.62682, 49.3964, 0.970564, 1.55055, 0.961853, -117.069, 0.967132, 119.706
1994, 33.23333, 8.08865, -64.9356, 7.22696, 138.26, 7.61676, 49.4219, 0.970538, 1.55076, 0.961915, -117.066, 0.967124, 119.706
1995, 33.24167, 8.07905, -64.8866, 7.21505, 138.225, 7.60669, 49.4473, 0.970512, 1.55098, 0.961977, -117.062, 0.967115, 119.706
1995, 33.25000, 8.06946, -64.8375, 7.20314, 138.19, 7.59663, 49.4728, 0.970486, 1.55122, 0.962039, -117.058, 0.967107, 119.706
1996, 33.25833, 8.05989, -64.7883, 7.19124, 138.156, 7.58657, 49.4984, 0.97046, 1.55147, 0.962102, -117.054, 0.967098, 119.705
1996, 33.26667, 8.05033, -64.7389, 7.17933, 138.121, 7.57652, 49.524, 0.970434, 1.55174, 0.962165, -117.05, 0.96709, 119.705
1997, 33.27500, 8.04079, -64.6894, 7.16743, 138.086, 7.56647, 49.5496, 0.970408, 1.55202, 0.962229, -117.046, 0.967082, 119.705
1997, 33.28333, 8.03125, -64.6397, 7.15553, 138.051, 7.55642, 49.5753, 0.970383, 1.55231, 0.962293, -117.042, 0.967073, 119.705
1998, 33.29167, 8.02173, -64.5899, 7.14363, 138.015, 7.54638, 49.601, 0.970357, 1.55262, 0.962357, -117.038, 0.967065, 119.704
1998, 33.30000, 8.01223, -64.5399, 7.13173, 137.98, 7.53634, 49.6268, 0.970331, 1.55295, 0.962422, -117.034, 0.967056, 119.704
1999, 33.30833, 8.00274, -64.4898, 7.11984, 137.944, 7.52631, 49.6526, 0.970306, 1.55329, 0.962487, -117.03, 0.967048, 119.704
1999, 33.31667, 7.99326, -64.4395, 7.10794, 137.909, 7.51627, 49.6784, 0.97028, 1.55364, 0.962553, -117.026, 0.967039, 119.704
2000, 33.32500, 7.98379, -64.3891, 7.09605, 137.873, 7.50625, 49.7043, 0.970255, 1.55401, 0.962619, -117.022, 0.967031, 119.703
2000, 33.33333, 7.97434, -64.3385, 7.08416, 137.837, 7.49622, 49.7303, 0.970229, 1.55439, 0.962686, -117.018, 0.967023, 119.703
2001, 33.34167, 7.9649, -64.2878, 7.07227, 137.801, 7.4862, 49.7563, 0.970204, 1.55479, 0.962753, -117.015, 0.967014, 119.703
2001, 33.35000, 7.95548, -64.2369, 7.06038, 137.765, 7.47618, 49.7823, 0.970179, 1.5552, 0.96282, -117.011, 0.967006, 119.703
2002, 33.35833, 7.94607, -64.1859, 7.04849, 137.728, 7.46617, 49.8083, 0.970154, 1.55563, 0.962888, -117.007, 0.966998, 119.702
2002, 33.36667, 7.93667, -64.1348, 7.03661, 137.692, 7.45616, 49.8345, 0.970128, 1.55607, 0.962956, -117.003, 0.966989, 119.702
2003, 33.37500, 7.92729, -64.0834, 7.02472, 137.656, 7.44615, 49.8606, 0.970103, 1.55653, 0.963024, -116.999, 0.966981, 119.702
2003, 33.38333, 7.91792, -64.032, 7.01284, 137.619, 7.43615, 49.8868, 0.970078, 1.557, 0.963093, -116.995, 0.966973, 119.702
2003, 33.39167, 7.90857, -63.9803, 7.00096, 137.582, 7.42615, 49.913, 0.970053, 1.55748, 0.963163, -116.991, 0.966964, 119.702
2004, 33.40000, 7.89923, -63.9286, 6.98908, 137.545, 7.41616, 49.9393, 0.970028, 1.55799, 0.963233, -116.987, 0.966956, 119.701
2005, 33.40833, 7.8899, -63.8766, 6.9772, 137.508, 7.40616, 49.9656, 0.970003, 1.5585, 0.963303, -116.983, 0.966948, 119.701
2005, 33.41667, 7.88059, -63.8246, 6.96532, 137.471, 7.39617, 49.992, 0.969979, 1.55903, 0.963374, -116.979, 0.966939, 119.701
2006, 33.42500, 7.8713, -63.7723, 6.95345, 137.434, 7.38619, 50.0184, 0.969954, 1.55958, 0.963445, -116.975, 0.966931, 119.701
2006, 33.43333, 7.86201, -63.72, 6.94158, 137.396, 7.37621, 50.0449, 0.969929, 1.56014, 0.963517, -116.971, 0.966923, 119.7
2007, 33.44167, 7.85275, -63.6674, 6.9297, 137.359, 7.36623, 50.0714, 0.969905, 1.56072, 0.963589, -116.967, 0.966915, 119.7
2007, 33.45000, 7.84349, -63.6147, 6.91783, 137.321, 7.35626, 50.0979, 0.96988, 1.56131, 0.963661, -116.963, 0.966906, 119.7
2008, 33.45833, 7.83426, -63.5619, 6.90596, 137.283, 7.34628, 50.1245, 0.969856, 1.56192, 0.963735, -116.959, 0.966898, 119.7
2008, 33.46667, 7.82503, -63.5089, 6.8941, 137.245, 7.33632, 50.1511, 0.969832, 1.56254, 0.963808, -116.954, 0.96689, 119.7
2009, 33.47500, 7.81582, -63.4557, 6.88223, 137.207, 7.32635, 50.1778, 0.969807, 1.56318, 0.963882, -116.95, 0.966882, 119.7
2009, 33.48333, 7.80663, -63.4024, 6.87037, 137.169, 7.31639, 50.2045, 0.969783, 1.56383, 0.963956, -116.946, 0.966874, 119.699
2010, 33.49167, 7.79745, -63.349, 6.8585, 137.131, 7.30643, 50.2312, 0.969759, 1.5645, 0.964031, -116.942, 0.966866, 119.699
2010, 33.50000, 7.78829, -63.2954, 6.84664, 137.092, 7.29648, 50.258, 0.969735, 1.56518, 0.964107, -116.938, 0.966857, 119.699
2011, 33.50833, 7.77914, -63.2416, 6.83478, 137.054, 7.28653, 50.2849, 0.969711, 1.56588, 0.964183, -116.934, 0.966849, 119.699
2011, 33.51667, 7.77001, -63.1877, 6.82292, 137.015, 7.27658, 50.3117, 0.969688, 1.56659, 0.964259, -116.93, 0.966841, 119.699
2012, 33.52500, 7.76089, -63.1336, 6.81106, 136.976, 7.26664, 50.3387, 0.969664, 1.56732, 0.964336, -116.926, 0.966833, 119.699
2012, 33.53333, 7.75179, -63.0794, 6.79921, 136.937, 7.2567, 50.3656, 0.96964, 1.56807, 0.964413, -116.922, 0.966825, 119.698
2013, 33.54167, 7.7427, -63.025, 6.78735, 136.898, 7.24676, 50.3926, 0.969617, 1.56883, 0.964491, -116.918, 0.966817, 119.698
2013, 33.55000, 7.73363, -62.9704, 6.7755, 136.858, 7.23683, 50.4197, 0.969593, 1.56961, 0.964569, -116.914, 0.966809, 119.698
2014, 33.55833, 7.72458, -62.9157, 6.76364, 136.819, 7.2269, 50.4468, 0.96957, 1.5704, 0.964648, -116.91, 0.966801, 119.698
2014, 33.56667, 7.71554, -62.8608, 6.75179, 136.779, 7.21697, 50.4739, 0.969547, 1.57121, 0.964727, -116.906, 0.966793, 119.698
2015, 33.57500, 7.70652, -62.8058, 6.73994, 136.74, 7.20704, 50.5011, 0.969523, 1.57203, 0.964807, -116.902, 0.966785, 119.698
2015, 33.58333, 7.69751, -62.7507, 6.7281, 136.7, 7.19712, 50.5283, 0.9695, 1.57287, 0.964887, -116.898, 0.966777, 119.698
2016, 33.59167, 7.68852, -62.6953, 6.71625, 136.66, 7.1872, 50.5556, 0.969477, 1.57372, 0.964968, -116.894, 0.966769, 119.697
2016, 33.60000, 7.67954, -62.6398, 6.7044, 136.62, 7.17729, 50.5829, 0.969455, 1.5746, 0.965049, -116.889, 0.966761, 119.697
2017, 33.60833, 7.67059, -62.5842, 6.69256, 136.579, 7.16738, 50.6102, 0.969432, 1.57548, 0.965131, -116.885, 0.966753, 119.697
2017, 33.61667, 7.66164, -62.5284, 6.68071, 136.539, 7.15747, 50.6376, 0.969409, 1.57638, 0.965213, -116.881, 0.966745, 119.697
2018, 33.62500, 7.65272, -62.4724, 6.66887, 136.498, 7.14756, 50.665, 0.969387, 1.5773, 0.965296, -116.877, 0.966738, 119.697
2018, 33.63333, 7.64381, -62.4163, 6.65703, 136.458, 7.13766, 50.6925, 0.969364, 1.57824, 0.965379, -116.873, 0.96673, 119.697
2019, 33.64167, 7.63491, -62.36, 6.64519, 136.417, 7.12776, 50.72, 0.969342, 1.57919, 0.965463, -116.869, 0.966722, 119.697
2019, 33.65000, 7.62604, -62.3036, 6.63336, 136.376, 7.11787, 50.7475, 0.96932, 1.58015, 0.965547, -116.865, 0.966714, 119.697
2020, 33.65833, 7.61718, -62.247, 6.62152, 136.335, 7.10797, 50.7751, 0.969298, 1.58114, 0.965632, -116.861, 0.966706, 119.697
2020, 33.66667, 7.60833, -62.1902, 6.60968, 136.293, 7.09808, 50.8028, 0.969276, 1.58213, 0.965717, -116.857, 0.966699, 119.696
2021, 33.67500, 7.59951, -62.1333, 6.59785, 136.252, 7.0882, 50.8305, 0.969254, 1.58315, 0.965803, -116.853, 0.966691, 119.696
2021, 33.68333, 7.5907, -62.0762, 6.58602, 136.21, 7.07831, 50.8582, 0.969232, 1.58418, 0.96589, -116.848, 0.966683, 119.696
2022, 33.69167, 7.5819, -62.019, 6.57419, 136.168, 7.06843, 50.8859, 0.969211, 1.58523, 0.965977, -116.844, 0.966675, 119.696
2022, 33.70000, 7.57313, -61.9616, 6.56236, 136.126, 7.05855, 50.9137, 0.969189, 1.58629, 0.966065, -116.84, 0.966668, 119.696
2023, 33.70833, 7.56437, -61.904, 6.55053, 136.084, 7.04868, 50.9416, 0.969168, 1.58737, 0.966153, -116.836, 0.96666, 119.696
2023, 33.71667, 7.55563, -61.8463, 6.5387, 136.042, 7.03881, 50.9695, 0.969147, 1.58846, 0.966241, -116.832, 0.966653, 119.696
2024, 33.72500, 7.5469, -61.7884, 6.52687, 136, 7.02894, 50.9974, 0.969126, 1.58957, 0.966331, -116.828, 0.966645, 119.696
2024, 33.73333, 7.5382, -61.7304, 6.51505, 135.957, 7.01907, 51.0254, 0.969105, 1.5907, 0.96642, -116.824, 0.966637, 119.696
2025, 33.74167, 7.52951, -61.6722, 6.50322, 135.914, 7.00921, 51.0534, 0.969084, 1.59185, 0.966511, -116.82, 0.96663, 119.696
2025, 33.75000, 7.52084, -61.6139, 6.4914, 135.872, 6.99935, 51.0814, 0.969064, 1.59301, 0.966601, -116.815, 0.966622, 119.696
2026, 33.75833, 7.51219, -61.5554, 6.47958, 135.829, 6.98949, 51.1095, 0.969043, 1.59418, 0.966693, -116.811, 0.966615, 119.696
2026, 33.76667, 7.50355, -61.4967, 6.46776, 135.785, 6.97963, 51.1377, 0.969023, 1.59538, 0.966785, -116.807, 0.966607, 119.696
2027, 33.77500, 7.49493, -61.4378, 6.45594, 135.742, 6.96978, 51.1659, 0.969003, 1.59659, 0.966878, -116.803, 0.9666, 119.696
2027, 33.78333, 7.48633, -61.3788, 6.44412, 135.699, 6.95993, 51.1941, 0.968983, 1.59781, 0.966971, -116.799, 0.966593, 119.696
2028, 33.79167, 7.47775, -61.3197, 6.4323, 135.655, 6.95008, 51.2223, 0.968963, 1.59905, 0.967065, -116.795, 0.966585, 119.696
2028, 33.80000, 7.46919, -61.2604, 6.42049, 135.611, 6.94024, 51.2506, 0.968943, 1.60031, 0.967159, -116.791, 0.966578, 119.696
2029, 33.80833, 7.46064, -61.2009, 6.40868, 135.567, 6.9304, 51.279, 0.968923, 1.60159, 0.967254, -116.787, 0.966571, 119.696
2029, 33.81667, 7.45211, -61.1413, 6.39686, 135.523, 6.92056, 51.3074, 0.968904, 1.60288, 0.967349, -116.782, 0.966563, 119.696
2030, 33.82500, 7.44361, -61.0815, 6.38505, 135.479, 6.91072, 51.3358, 0.968885, 1.60419, 0.967445, -116.778, 0.966556, 119.696
2030, 33.83333, 7.43512, -61.0215, 6.37324, 135.434, 6.90089, 51.3642, 0.968865, 1.60552, 0.967542, -116.774, 0.966549, 119.696
2031, 33.84167, 7.42664, -60.9614, 6.36143, 135.39, 6.89105, 51.3928, 0.968846, 1.60686, 0.967639, -116.77, 0.966542, 119.696
2031, 33.85000, 7.41819, -60.9011, 6.34962, 135.345, 6.88123, 51.4213, 0.968828, 1.60822, 0.967737, -116.766, 0.966534, 119.696
2032, 33.85833, 7.40976, -60.8407, 6.33781, 135.3, 6.8714, 51.4499, 0.968809, 1.60959, 0.967836, -116.762, 0.966527, 119.696
2032, 33.86667, 7.40134, -60.7801, 6.32601, 135.255, 6.86157, 51.4785, 0.968791, 1.61098, 0.967935, -116.758, 0.96652, 119.696
2033, 33.87500, 7.39295, -60.7193, 6.3142, 135.21, 6.85175, 51.5072, 0.968772, 1.61239, 0.968035, -116.754, 0.966513, 119.696
2033, 33.88333, 7.38457, -60.6584, 6.3024, 135.164, 6.84193, 51.5359, 0.968754, 1.61382, 0.968135, -116.75, 0.966506, 119.696
2034, 33.89167, 7.37621, -60.5973, 6.29059, 135.118, 6.83212, 51.5647, 0.968736, 1.61526, 0.968236, -116.745, 0.966499, 119.696
2034, 33.90000, 7.36787, -60.5361, 6.27879, 135.073, 6.8223, 51.5934, 0.968718, 1.61672, 0.968338, -116.741, 0.966492, 119.696
2035, 33.90833, 7.35955, -60.4747, 6.26699, 135.027, 6.81249, 51.6223, 0.968701, 1.61819, 0.96844, -116.737, 0.966486, 119.696
2035, 33.91667, 7.35125, -60.4131, 6.25519, 134.981, 6.80268, 51.6511, 0.968683, 1.61968, 0.968543, -116.733, 0.966479, 119.696
2036, 33.92500, 7.34297, -60.3514, 6.24339, 134.934, 6.79287, 51.6801, 0.968666, 1.62119, 0.968646, -116.729, 0.966472, 119.696
2036, 33.93333, 7.33471, -60.2895, 6.2316, 134.888, 6.78306, 51.709, 0.968649, 1.62272, 0.96875, -116.725, 0.966465, 119.696
2037, 33.94167, 7.32647, -60.2275, 6.2198, 134.841, 6.77326, 51.738, 0.968632, 1.62426, 0.968855, -116.721, 0.966458, 119.696
2037, 33.95000, 7.31825, -60.1653, 6.208, 134.794, 6.76346, 51.767, 0.968616, 1.62582, 0.96896, -116.717, 0.966452, 119.696
2038, 33.95833, 7.31005, -60.1029, 6.19621, 134.747, 6.75366, 51.7961, 0.968599, 1.6274, 0.969066, -116.713, 0.966445, 119.696
2038, 33.96667, 7.30187, -60.0404, 6.18442, 134.7, 6.74386, 51.8252, 0.968583, 1.62899, 0.969173, -116.709, 0.966438, 119.697
2039, 33.97500, 7.29371, -59.9777, 6.17262, 134.653, 6.73406, 51.8544, 0.968567, 1.6306, 0.96928, -116.705, 0.966432, 119.697
2039, 33.98333, 7.28557, -59.9149, 6.16083, 134.605, 6.72427, 51.8836, 0.968551, 1.63223, 0.969388, -116.7, 0.966425, 119.697
2040, 33.99167, 7.27744, -59.8519, 6.14904, 134.557, 6.71448, 51.9128, 0.968535, 1.63387, 0.969497, -116.696, 0.966419, 119.697
2040, 34.00000, 7.26934, -59.7887, 6.13725, 134.51, 6.70469, 51.9421, 0.96852, 1.63553, 0.969606, -116.692, 0.966412, 119.697
2041, 34.00833, 7.26127, -59.7254, 6.12547, 134.461, 6.6949, 51.9714, 0.968505, 1.63721, 0.969716, -116.688, 0.966406, 119.697
2041, 34.01667, 7.25321, -59.662, 6.11368, 134.413, 6.68511, 52.0008, 0.96849, 1.6389, 0.969827, -116.684, 0.9664, 119.697
2042, 34.02500, 7.24517, -59.5983, 6.10189, 134.365, 6.67533, 52.0302, 0.968475, 1.64061, 0.969938, -116.68, 0.966394, 119.697
2042, 34.03333, 7.23715, -59.5346, 6.09011, 134.316, 6.66554, 52.0596, 0.96846, 1.64234, 0.97005, -116.676, 0.966387, 119.697
2043, 34.04167, 7.22915, -59.4706, 6.07833, 134.267, 6.65576, 52.0891, 0.968446, 1.64409, 0.970163, -116.672, 0.966381, 119.698
2043, 34.05000, 7.22118, -59.4065, 6.06654, 134.218, 6.64598, 52.1186, 0.968432, 1.64585, 0.970276, -116.668, 0.966375, 119.698
2044, 34.05833, 7.21322, -59.3423, 6.05476, 134.169, 6.6362, 52.1481, 0.968418, 1.64763, 0.97039, -116.664, 0.966369, 119.698
2044, 34.06667, 7.20529, -59.2778, 6.04298, 134.12, 6.62643, 52.1777, 0.968404, 1.64942, 0.970505, -116.66, 0.966363, 119.698
2045, 34.07500, 7.19738, -59.2133, 6.0312, 134.07, 6.61665, 52.2074, 0.968391, 1.65124, 0.970621, -116.656, 0.966357, 119.698
2045, 34.08333, 7.18948, -59.1486, 6.01942, 134.02, 6.60688, 52.237, 0.968377, 1.65306, 0.970737, -116.652, 0.966351, 119.698
2046, 34.09167, 7.18161, -59.0837, 6.00764, 133.97, 6.59711, 52.2667, 0.968364, 1.65491, 0.970853, -116.648, 0.966345, 119.699
2046, 34.10000, 7.17377, -59.0186, 5.99587, 133.92, 6.58734, 52.2965, 0.968352, 1.65677, 0.970971, -116.644, 0.966339, 119.699
2047, 34.10833, 7.16594, -58.9534, 5.98409, 133.87, 6.57757, 52.3263, 0.968339, 1.65865, 0.971089, -116.64, 0.966334, 119.699
2047, 34.11667, 7.15813, -58.8881, 5.97232, 133.819, 6.5678, 52.3561, 0.968327, 1.66055, 0.971208, -116.636, 0.966328, 119.699
2048, 34.12500, 7.15035, -58.8226, 5.96055, 133.769, 6.55803, 52.386, 0.968315, 1.66247, 0.971328, -116.632, 0.966322, 119.699
2048, 34.13333, 7.14259, -58.757, 5.94877, 133.718, 6.54827, 52.4159, 0.968303, 1.6644, 0.971448, -116.628, 0.966317, 119.7
2049, 34.14167, 7.13485, -58.6911, 5.937, 133.667, 6.5385, 52.4459, 0.968292, 1.66634, 0.971569, -116.624, 0.966311, 119.7
2049, 34.15000, 7.12713, -58.6252, 5.92523, 133.615, 6.52874, 52.4758, 0.96828, 1.66831, 0.971691, -116.62, 0.966306, 119.7
2050, 34.15833, 7.11944, -58.5591, 5.91346, 133.564, 6.51898, 52.5059, 0.968269, 1.67029, 0.971814, -116.616, 0.966301, 119.7
2050, 34.16667, 7.11176, -58.4928, 5.90169, 133.512, 6.50921, 52.5359, 0.968259, 1.67229, 0.971937, -116.612, 0.966295, 119.701
2051, 34.17500, 7.10412, -58.4264, 5.88992, 133.46, 6.49945, 52.5661, 0.968248, 1.6743, 0.972061, -116.608, 0.96629, 119.701
2051, 34.18333, 7.09649, -58.3598, 5.87816, 133.408, 6.4897, 52.5962, 0.968238, 1.67633, 0.972186, -116.605, 0.966285, 119.701
2052, 34.19167, 7.08888, -58.2931, 5.86639, 133.356, 6.47994, 52.6264, 0.968228, 1.67838, 0.972311, -116.601, 0.96628, 119.701
2052, 34.20000, 7.0813, -58.2262, 5.85463, 133.303, 6.47018, 52.6566, 0.968218, 1.68045, 0.972437, -116.597, 0.966275, 119.702
2053, 34.20833, 7.07374, -58.1592, 5.84286, 133.251, 6.46042, 52.6869, 0.968209, 1.68253, 0.972564, -116.593, 0.96627, 119.702
2053, 34.21667, 7.0662, -58.0921, 5.8311, 133.198, 6.45066, 52.7172, 0.9682, 1.68463, 0.972692, -116.589, 0.966265, 119.702
2054, 34.22500, 7.05869, -58.0248, 5.81934, 133.145, 6.44091, 52.7475, 0.968191, 1.68674, 0.972821, -116.585, 0.96626, 119.702
2054, 34.23333, 7.0512, -57.9573, 5.80758, 133.091, 6.43115, 52.7779, 0.968183, 1.68888, 0.97295, -116.581, 0.966255, 119.703
2055, 34.24167, 7.04373, -57.8897, 5.79582, 133.038, 6.4214, 52.8083, 0.968174, 1.69103, 0.97308, -116.578, 0.966251, 119.703
2055, 34.25000, 7.03628, -57.8219, 5.78406, 132.984, 6.41165, 52.8388, 0.968167, 1.69319, 0.973211, -116.574, 0.966246, 119.703
2056, 34.25833, 7.02886, -57.754, 5.7723, 132.93, 6.40189, 52.8693, 0.968159, 1.69537, 0.973342, -116.57, 0.966242, 119.704
2056, 34.26667, 7.02146, -57.686, 5.76055, 132.876, 6.39214, 52.8999, 0.968152, 1.69757, 0.973474, -116.566, 0.966237, 119.704
2057, 34.27500, 7.01409, -57.6178, 5.74879, 132.821, 6.38239, 52.9304, 0.968144, 1.69979, 0.973607, -116.562, 0.966233, 119.704
2057, 34.28333, 7.00674, -57.5495, 5.73704, 132.767, 6.37263, 52.9611, 0.968138, 1.70202, 0.973741, -116.559, 0.966229, 119.705
2058, 34.29167, 6.99941, -57.481, 5.72528, 132.712, 6.36288, 52.9917, 0.968131, 1.70426, 0.973876, -116.555, 0.966224, 119.705
2058, 34.30000, 6.99211, -57.4124, 5.71353, 132.657, 6.35313, 53.0224, 0.968125, 1.70653, 0.974011, -116.551, 0.96622, 119.705
2059, 34.30833, 6.98483, -57.3436, 5.70178, 132.602, 6.34338, 53.0532, 0.968119, 1.70881, 0.974147, -116.547, 0.966216, 119.706
2059, 34.31667, 6.97757, -57.2747, 5.69002, 132.546, 6.33363, 53.084, 0.968114, 1.71111, 0.974284, -116.544, 0.966212, 119.706
2060, 34.32500, 6.97034, -57.2056, 5.67828, 132.491, 6.32387, 53.1148, 0.968109, 1.71342, 0.974422, -116.54, 0.966209, 119.706
2060, 34.33333, 6.96313, -57.1365, 5.66653, 132.435, 6.31412, 53.1456, 0.968104, 1.71575, 0.974561, -116.536, 0.966205, 119.707
2061, 34.34167, 6.95595, -57.0671, 5.65478, 132.379, 6.30437, 53.1765, 0.9681, 1.71809, 0.9747, -116.533, 0.966201, 119.707
2061, 34.35000, 6.94879, -56.9977, 5.64303, 132.322, 6.29462, 53.2075, 0.968095, 1.72045, 0.97484, -116.529, 0.966198, 119.707
2062, 34.35833, 6.94166, -56.9281, 5.63129, 132.266, 6.28487, 53.2385, 0.968092, 1.72283, 0.974981, -116.526, 0.966194, 119.708
2062, 34.36667, 6.93455, -56.8583, 5.61954, 132.209, 6.27511, 53.2695, 0.968088, 1.72522, 0.975123, -116.522, 0.966191, 119.708
2063, 34.37500, 6.92746, -56.7885, 5.6078, 132.152, 6.26536, 53.3005, 0.968085, 1.72763, 0.975265, -116.518, 0.966188, 119.709
2063, 34.38333, 6.9204, -56.7185, 5.59605, 132.095, 6.25561, 53.3316, 0.968082, 1.73006, 0.975409, -116.515, 0.966184, 119.709
2064, 34.39167, 6.91336, -56.6483, 5.58431, 132.038, 6.24585, 53.3628, 0.96808, 1.7325, 0.975553, -116.511, 0.966181, 119.71
2064, 34.40000, 6.90635, -56.5781, 5.57257, 131.98, 6.2361, 53.394, 0.968078, 1.73496, 0.975698, -116.508, 0.966178, 119.71
2064, 34.40833, 6.89937, -56.5077, 5.56083, 131.922, 6.22634, 53.4252, 0.968076, 1.73743, 0.975844, -116.504, 0.966175, 119.71
2065, 34.41667, 6.8924, -56.4371, 5.54909, 131.864, 6.21659, 53.4565, 0.968074, 1.73992, 0.97599, -116.501, 0.966173, 119.711
2066, 34.42500, 6.88547, -56.3665, 5.53735, 131.805, 6.20683, 53.4878, 0.968073, 1.74242, 0.976138, -116.497, 0.96617, 119.711
2066, 34.43333, 6.87856, -56.2957, 5.52562, 131.747, 6.19707, 53.5191, 0.968073, 1.74494, 0.976286, -116.494, 0.966167, 119.712
2067, 34.44167, 6.87167, -56.2248, 5.51388, 131.688, 6.18731, 53.5505, 0.968073, 1.74748, 0.976435, -116.49, 0.966165, 119.712
2067, 34.45000, 6.86481, -56.1537, 5.50214, 131.629, 6.17756, 53.5819, 0.968073, 1.75003, 0.976585, -116.487, 0.966163, 119.713
2068, 34.45833, 6.85797, -56.0825, 5.49041, 131.57, 6.1678, 53.6134, 0.968073, 1.75259, 0.976736, -116.484, 0.96616, 119.713
2068, 34.46667, 6.85116, -56.0112, 5.47868, 131.51, 6.15803, 53.6449, 0.968074, 1.75517, 0.976888, -116.48, 0.966158, 119.714
2068, 34.47500, 6.84438, -55.9398, 5.46695, 131.451, 6.14827, 53.6765, 0.968075, 1.75777, 0.97704, -116.477, 0.966156, 119.714
2069, 34.48333, 6.83762, -55.8683, 5.45522, 131.391, 6.13851, 53.7081, 0.968077, 1.76038, 0.977193, -116.474, 0.966154, 119.715
2070, 34.49167, 6.83089, -55.7966, 5.44349, 131.33, 6.12874, 53.7397, 0.968079, 1.76301, 0.977348, -116.47, 0.966153, 119.715
2070, 34.50000, 6.82418, -55.7248, 5.43176, 131.27, 6.11898, 53.7714, 0.968081, 1.76565, 0.977503, -116.467, 0.966151, 119.716
2071, 34.50833, 6.8175, -55.6529, 5.42003, 131.209, 6.10921, 53.8031, 0.968084, 1.7683, 0.977658, -116.464, 0.96615, 119.716
2071, 34.51667, 6.81084, -55.5809, 5.4083, 131.148, 6.09944, 53.8349, 0.968087, 1.77097, 0.977815, -116.461, 0.966148, 119.717
2072, 34.52500, 6.80421, -55.5088, 5.39658, 131.087, 6.08967, 53.8667, 0.968091, 1.77366, 0.977973, -116.457, 0.966147, 119.717
2072, 34.53333, 6.79761, -55.4365, 5.38485, 131.026, 6.0799, 53.8985, 0.968095, 1.77635, 0.978131, -116.454, 0.966146, 119.718
2072, 34.54167, 6.79103, -55.3641, 5.37313, 130.964, 6.07012, 53.9304, 0.9681, 1.77907, 0.97829, -116.451, 0.966145, 119.719
2073, 34.55000, 6.78448, -55.2917, 5.36141, 130.902, 6.06034, 53.9624, 0.968104, 1.7818, 0.97845, -116.448, 0.966144, 119.719
2074, 34.55833, 6.77795, -55.2191, 5.34969, 130.84, 6.05057, 53.9943, 0.96811, 1.78454, 0.978611, -116.445, 0.966143, 119.72
2074, 34.56667, 6.77145, -55.1464, 5.33797, 130.777, 6.04079, 54.0264, 0.968116, 1.78729, 0.978773, -116.442, 0.966143, 119.72
2075, 34.57500, 6.76498, -55.0735, 5.32625, 130.715, 6.031, 54.0584, 0.968122, 1.79006, 0.978936, -116.439, 0.966142, 119.721
2075, 34.58333, 6.75853, -55.0006, 5.31453, 130.652, 6.02122, 54.0905, 0.968128, 1.79285, 0.9791, -116.436, 0.966142, 119.721
2076, 34.59167, 6.75211, -54.9276, 5.30281, 130.589, 6.01143, 54.1227, 0.968135, 1.79564, 0.979264, -116.433, 0.966142, 119.722
2076, 34.60000, 6.74572, -54.8545, 5.2911, 130.525, 6.00164, 54.1549, 0.968143, 1.79845, 0.979429, -116.43, 0.966141, 119.723
2076, 34.60833, 6.73936, -54.7812, 5.27939, 130.461, 5.99185, 54.1871, 0.968151, 1.80128, 0.979596, -116.427, 0.966142, 119.723
2077, 34.61667, 6.73301, -54.7079, 5.26767, 130.398, 5.98206, 54.2194, 0.968159, 1.80412, 0.979763, -116.424, 0.966142, 119.724
2078, 34.62500, 6.7267, -54.6344, 5.25596, 130.333, 5.97226, 54.2518, 0.968168, 1.80697, 0.979931, -116.421, 0.966142, 119.725
2078, 34.63333, 6.72042, -54.5609, 5.24425, 130.269, 5.96246, 54.2842, 0.968177, 1.80983, 0.980099, -116.418, 0.966143, 119.725
2079, 34.64167, 6.71415, -54.4873, 5.23254, 130.204, 5.95266, 54.3166, 0.968187, 1.81271, 0.980269, -116.415, 0.966143, 119.726
2079, 34.65000, 6.70792, -54.4135, 5.22084, 130.139, 5.94286, 54.3491, 0.968197, 1.8156, 0.98044, -116.413, 0.966144, 119.727
2080, 34.65833, 6.70172, -54.3397, 5.20913, 130.074, 5.93305, 54.3816, 0.968208, 1.8185, 0.980611, -116.41, 0.966145, 119.727
2080, 34.66667, 6.69554, -54.2658, 5.19742, 130.008, 5.92324, 54.4142, 0.968219, 1.82142, 0.980783, -116.407, 0.966146, 119.728
2080, 34.67500, 6.68938, -54.1918, 5.18572, 129.943, 5.91343, 54.4468, 0.968231, 1.82434, 0.980957, -116.405, 0.966148, 119.729
2081, 34.68333, 6.68326, -54.1177, 5.17402, 129.877, 5.90361, 54.4795, 0.968243, 1.82728, 0.981131, -116.402, 0.966149, 119.729
2082, 34.69167, 6.67716, -54.0435, 5.16232, 129.81, 5.89379, 54.5122, 0.968256, 1.83023, 0.981306, -116.399, 0.966151, 119.73
2082, 34.70000, 6.67109, -53.9692, 5.15062, 129.744, 5.88397, 54.5449, 0.968269, 1.8332, 0.981482, -116.397, 0.966153, 119.731
2083, 34.70833, 6.66505, -53.8949, 5.13892, 129.677, 5.87415, 54.5778, 0.968282, 1.83617, 0.981658, -116.394, 0.966155, 119.731
2083, 34.71667, 6.65903, -53.8204, 5.12722, 129.61, 5.86432, 54.6106, 0.968296, 1.83916, 0.981836, -116.392, 0.966157, 119.732
2084, 34.72500, 6.65304, -53.7459, 5.11553, 129.543, 5.85448, 54.6435, 0.968311, 1.84216, 0.982014, -116.389, 0.966159, 119.733
2084, 34.73333, 6.64708, -53.6713, 5.10383, 129.475, 5.84465, 54.6765, 0.968326, 1.84517, 0.982194, -116.387, 0.966162, 119.734
2084, 34.74167, 6.64115, -53.5966, 5.09214, 129.407, 5.83481, 54.7095, 0.968342, 1.84819, 0.982374, -116.384, 0.966165, 119.734
2085, 34.75000, 6.63524, -53.5219, 5.08045, 129.339, 5.82496, 54.7426, 0.968358, 1.85122, 0.982555, -116.382, 0.966167, 119.735
2086, 34.75833, 6.62936, -53.447, 5.06876, 129.27, 5.81511, 54.7757, 0.968374, 1.85426, 0.982737, -116.38, 0.96617, 119.736
2086, 34.76667, 6.62351, -53.3721, 5.05707, 129.202, 5.80526, 54.8089, 0.968392, 1.85731, 0.98292, -116.377, 0.966174, 119.737
2087, 34.77500, 6.61768, -53.2971, 5.04539, 129.133, 5.79541, 54.8421, 0.968409, 1.86037, 0.983104, -116.375, 0.966177, 119.738
2087, 34.78333, 6.61188, -53.2221, 5.0337, 129.063, 5.78555, 54.8754, 0.968427, 1.86345, 0.983289, -116.373, 0.966181, 119.738
2088, 34.79167, 6.60611, -53.147, 5.02202, 128.994, 5.77568, 54.9087, 0.968446, 1.86653, 0.983475, -116.371, 0.966185, 119.739
2088, 34.80000, 6.60037, -53.0718, 5.01034, 128.924, 5.76581, 54.9421, 0.968466, 1.86962, 0.983661, -116.369, 0.966189, 119.74
2088, 34.80833, 6.59465, -52.9965, 4.99866, 128.854, 5.75594, 54.9756, 0.968485, 1.87272, 0.983849, -116.367, 0.966193, 119.741
2089, 34.81667, 6.58897, -52.9212, 4.98698, 128.783, 5.74606, 55.0091, 0.968506, 1.87583, 0.984037, -116.365, 0.966197, 119.742
2090, 34.82500, 6.58331, -52.8459, 4.9753, 128.713, 5.73618, 55.0427, 0.968527, 1.87895, 0.984226, -116.363, 0.966202, 119.742
2090, 34.83333, 6.57767, -52.7705, 4.96363, 128.642, 5.72629, 55.0763, 0.968548, 1.88208, 0.984416, -116.361, 0.966207, 119.743
2091, 34.84167, 6.57207, -52.695, 4.95196, 128.57, 5.7164, 55.11, 0.96857, 1.88522, 0.984607, -116.359, 0.966212, 119.744
2091, 34.85000, 6.56649, -52.6194, 4.94028, 128.499, 5.70651, 55.1437, 0.968593, 1.88837, 0.984799, -116.357, 0.966217, 119.745
2092, 34.85833, 6.56094, -52.5439, 4.92862, 128.427, 5.69661, 55.1775, 0.968616, 1.89152, 0.984992, -116.355, 0.966223, 119.746
2092, 34.86667, 6.55542, -52.4682, 4.91695, 128.355, 5.6867, 55.2113, 0.96864, 1.89468, 0.985185, -116.353, 0.966228, 119.747
2092, 34.87500, 6.54992, -52.3925, 4.90528, 128.282, 5.67679, 55.2453, 0.968664, 1.89785, 0.98538, -116.352, 0.966234, 119.748
2093, 34.88333, 6.54445, -52.3168, 4.89362, 128.209, 5.66687, 55.2792, 0.968689, 1.90103, 0.985575, -116.35, 0.96624, 119.749
2094, 34.89167, 6.53901, -52.241, 4.88196, 128.136, 5.65695, 55.3133, 0.968714, 1.90421, 0.985771, -116.348, 0.966247, 119.749
2094, 34.90000, 6.5336, -52.1652, 4.8703, 128.063, 5.64702, 55.3474, 0.96874, 1.90741, 0.985968, -116.347, 0.966253, 119.75
2095, 34.90833, 6.52821, -52.0894, 4.85864, 127.989, 5.63709, 55.3816, 0.968767, 1.9106, 0.986166, -116.345, 0.96626, 119.751
2095, 34.91667, 6.52286, -52.0135, 4.84699, 127.915, 5.62715, 55.4158, 0.968794, 1.91381, 0.986365, -116.344, 0.966267, 119.752
2096, 34.92500, 6.51752, -51.9376, 4.83533, 127.841, 5.6172, 55.4501, 0.968822, 1.91702, 0.986565, -116.342, 0.966274, 119.753
2096, 34.93333, 6.51222, -51.8616, 4.82368, 127.767, 5.60725, 55.4845, 0.96885, 1.92024, 0.986766, -116.341, 0.966282, 119.754
2096, 34.94167, 6.50694, -51.7856, 4.81203, 127.692, 5.5973, 55.5189, 0.968879, 1.92346, 0.986967, -116.34, 0.966289, 119.755
2097, 34.95000, 6.5017, -51.7096, 4.80039, 127.617, 5.58733, 55.5534, 0.968909, 1.92669, 0.98717, -116.339, 0.966297, 119.756
2098, 34.95833, 6.49647, -51.6336, 4.78874, 127.541, 5.57737, 55.588, 0.968939, 1.92992, 0.987373, -116.337, 0.966306, 119.757
2098, 34.96667, 6.49128, -51.5575, 4.7771, 127.465, 5.56739, 55.6227, 0.96897, 1.93316, 0.987577, -116.336, 0.966314, 119.758
2099, 34.97500, 6.48611, -51.4814, 4.76546, 127.389, 5.55741, 55.6574, 0.969002, 1.9364, 0.987782, -116.335, 0.966323, 119.759
2099, 34.98333, 6.48097, -51.4053, 4.75382, 127.313, 5.54742, 55.6922, 0.969034, 1.93965, 0.987988, -116.334, 0.966332, 119.76
2100, 34.99167, 6.47586, -51.3292, 4.74219, 127.236, 5.53743, 55.7271, 0.969066, 1.9429, 0.988194, -116.333, 0.966341, 119.761
2100, 35.00000, 6.47078, -51.2531, 4.73056, 127.159, 5.52743, 55.762, 0.9691, 1.94616, 0.988402, -116.332, 0.966351, 119.762
2100, 35.00833, 6.46572, -51.1769, 4.71893, 127.082, 5.51742, 55.797, 0.969134, 1.94942, 0.98861, -116.331, 0.96636, 119.763
2101, 35.01667, 6.46068, -51.1007, 4.7073, 127.004, 5.50741, 55.8321, 0.969168, 1.95268, 0.988819, -116.33, 0.96637, 119.764
2102, 35.02500, 6.45568, -51.0246, 4.69568, 126.926, 5.49739, 55.8673, 0.969204, 1.95594, 0.989029, -116.33, 0.966381, 119.765
2102, 35.03333, 6.4507, -50.9484, 4.68405, 126.848, 5.48736, 55.9026, 0.96924, 1.95921, 0.98924, -116.329, 0.966391, 119.766
2103, 35.04167, 6.44575, -50.8722, 4.67243, 126.769, 5.47733, 55.9379, 0.969276, 1.96248, 0.989452, -116.328, 0.966402, 119.767
2103, 35.05000, 6.44083, -50.796, 4.66082, 126.691, 5.46729, 55.9733, 0.969313, 1.96575, 0.989664, -116.328, 0.966413, 119.768
2104, 35.05833, 6.43593, -50.7199, 4.64921, 126.611, 5.45724, 56.0088, 0.969351, 1.96902, 0.989878, -116.327, 0.966425, 119.769
2104, 35.06667, 6.43106, -50.6437, 4.63759, 126.532, 5.44718, 56.0444, 0.96939, 1.9723, 0.990092, -116.327, 0.966436, 119.77
2104, 35.07500, 6.42621, -50.5675, 4.62599, 126.452, 5.43712, 56.0801, 0.969429, 1.97557, 0.990307, -116.326, 0.966448, 119.771
2105, 35.08333, 6.42139, -50.4914, 4.61438, 126.372, 5.42705, 56.1159, 0.969469, 1.97885, 0.990523, -116.326, 0.96646, 119.772
2106, 35.09167, 6.4166, -50.4152, 4.60278, 126.291, 5.41697, 56.1517, 0.969509, 1.98212, 0.990739, -116.326, 0.966473, 119.773
2106, 35.10000, 6.41183, -50.3391, 4.59118, 126.21, 5.40688, 56.1877, 0.96955, 1.9854, 0.990957, -116.325, 0.966486, 119.774
2107, 35.10833, 6.40709, -50.2629, 4.57959, 126.129, 5.39679, 56.2237, 0.969592, 1.98867, 0.991175, -116.325, 0.966499, 119.775
2107, 35.11667, 6.40238, -50.1868, 4.56799, 126.047, 5.38668, 56.2598, 0.969635, 1.99194, 0.991394, -116.325, 0.966512, 119.776
2108, 35.12500, 6.39769, -50.1108, 4.55641, 125.966, 5.37657, 56.2961, 0.969678, 1.99522, 0.991614, -116.325, 0.966526, 119.777
2108, 35.13333, 6.39303, -50.0347, 4.54482, 125.883, 5.36646, 56.3324, 0.969722, 1.99849, 0.991834, -116.325, 0.96654, 119.779
2108, 35.14167, 6.38839, -49.9587, 4.53324, 125.801, 5.35633, 56.3688, 0.969766, 2.00176, 0.992056, -116.325, 0.966554, 119.78
2109, 35.15000, 6.38378, -49.8827, 4.52166, 125.718, 5.34619, 56.4053, 0.969812, 2.00502, 0.992278, -116.325, 0.966569, 119.781
2110, 35.15833, 6.3792, -49.8067, 4.51009, 125.635, 5.33605, 56.442, 0.969858, 2.00829, 0.992501, -116.326, 0.966584, 119.782
2110, 35.16667, 6.37464, -49.7308, 4.49851, 125.551, 5.3259, 56.4787, 0.969904, 2.01155, 0.992724, -116.326, 0.966599, 119.783
2111, 35.17500, 6.3701, -49.6549, 4.48695, 125.467, 5.31574, 56.5155, 0.969952, 2.01481, 0.992949, -116.326, 0.966615, 119.784
2111, 35.18333, 6.36559, -49.579, 4.47538, 125.383, 5.30557, 56.5525, 0.97, 2.01806, 0.993174, -116.327, 0.966631, 119.785
2112, 35.19167, 6.36111, -49.5032, 4.46382, 125.298, 5.29539, 56.5895, 0.970048, 2.02131, 0.9934, -116.327, 0.966647, 119.786
2112, 35.20000, 6.35665, -49.4274, 4.45227, 125.213, 5.28521, 56.6267, 0.970098, 2.02455, 0.993626, -116.328, 0.966664, 119.788
2112, 35.20833, 6.35221, -49.3517, 4.44071, 125.128, 5.27501, 56.6639, 0.970148, 2.02779, 0.993853, -116.329, 0.966681, 119.789
2113, 35.21667, 6.3478, -49.276, 4.42916, 125.042, 5.26481, 56.7013, 0.970199, 2.03103, 0.994082, -116.329, 0.966698, 119.79
2114, 35.22500, 6.34342, -49.2003, 4.41762, 124.956, 5.2546, 56.7388, 0.97025, 2.03425, 0.99431, -116.33, 0.966716, 119.791
2114, 35.23333, 6.33906, -49.1247, 4.40608, 124.87, 5.24438, 56.7764, 0.970303, 2.03748, 0.99454, -116.331, 0.966734, 119.792
2115, 35.24167, 6.33472, -49.0492, 4.39455, 124.783, 5.23414, 56.8142, 0.970356, 2.04069, 0.99477, -116.332, 0.966752, 119.793
2115, 35.25000, 6.33041, -48.9737, 4.38302, 124.696, 5.2239, 56.852, 0.97041, 2.0439, 0.995001, -116.333, 0.96677, 119.795
2116, 35.25833, 6.32612, -48.8983, 4.37149, 124.609, 5.21365, 56.89, 0.970464, 2.0471, 0.995232, -116.334, 0.966789, 119.796
2116, 35.26667, 6.32185, -48.823, 4.35997, 124.521, 5.20339, 56.9281, 0.970519, 2.05029, 0.995464, -116.335, 0.966809, 119.797
2116, 35.27500, 6.31761, -48.7477, 4.34845, 124.433, 5.19313, 56.9664, 0.970575, 2.05347, 0.995697, -116.337, 0.966829, 119.798
2117, 35.28333, 6.31339, -48.6725, 4.33694, 124.344, 5.18285, 57.0047, 0.970632, 2.05665, 0.995931, -116.338, 0.966849, 119.799
2118, 35.29167, 6.30919, -48.5973, 4.32543, 124.256, 5.17256, 57.0432, 0.970689, 2.05981, 0.996165, -116.339, 0.966869, 119.8
2118, 35.30000, 6.30502, -48.5223, 4.31392, 124.166, 5.16226, 57.0819, 0.970747, 2.06297, 0.9964, -116.341, 0.96689, 119.802
2119, 35.30833, 6.30087, -48.4473, 4.30243, 124.077, 5.15195, 57.1206, 0.970806, 2.06611, 0.996635, -116.342, 0.966911, 119.803
2119, 35.31667, 6.29674, -48.3723, 4.29093, 123.987, 5.14164, 57.1595, 0.970865, 2.06925, 0.996871, -116.344, 0.966933, 119.804
2120, 35.32500, 6.29263, -48.2975, 4.27944, 123.896, 5.13131, 57.1986, 0.970926, 2.07237, 0.997108, -116.346, 0.966955, 119.805
2120, 35.33333, 6.28855, -48.2228, 4.26796, 123.806, 5.12097, 57.2378, 0.970987, 2.07549, 0.997345, -116.348, 0.966977, 119.806
2120, 35.34167, 6.28449, -48.1481, 4.25648, 123.715, 5.11062, 57.2771, 0.971049, 2.07859, 0.997583, -116.349, 0.967, 119.808
2121, 35.35000, 6.28045, -48.0735, 4.24501, 123.623, 5.10027, 57.3166, 0.971111, 2.08167, 0.997821, -116.351, 0.967023, 119.809
2122, 35.35833, 6.27643, -47.999, 4.23354, 123.531, 5.0899, 57.3563, 0.971174, 2.08475, 0.99806, -116.354, 0.967046, 119.81
2122, 35.36667, 6.27243, -47.9246, 4.22208, 123.439, 5.07952, 57.3961, 0.971238, 2.08781, 0.9983, -116.356, 0.96707, 119.811
2123, 35.37500, 6.26846, -47.8503, 4.21063, 123.346, 5.06913, 57.4361, 0.971303, 2.09085, 0.99854, -116.358, 0.967094, 119.813
2123, 35.38333, 6.2645, -47.7761, 4.19918, 123.253, 5.05873, 57.4762, 0.971369, 2.09389, 0.99878, -116.36, 0.967119, 119.814
2124, 35.39167, 6.26057, -47.702, 4.18773, 123.16, 5.04832, 57.5165, 0.971435, 2.0969, 0.999021, -116.363, 0.967144, 119.815
2124, 35.40000, 6.25665, -47.628, 4.1763, 123.066, 5.0379, 57.5569, 0.971502, 2.09991, 0.999263, -116.365, 0.967169, 119.816
2124, 35.40833, 6.25276, -47.5541, 4.16487, 122.972, 5.02747, 57.5975, 0.97157, 2.10289, 0.999505, -116.368, 0.967195, 119.817
2125, 35.41667, 6.24889, -47.4803, 4.15344, 122.877, 5.01703, 57.6383, 0.971638, 2.10586, 0.999748, -116.37, 0.967221, 119.819
2126, 35.42500, 6.24503, -47.4066, 4.14202, 122.783, 5.00658, 57.6793, 0.971707, 2.10881, 0.999991, -116.373, 0.967248, 119.82
2126, 35.43333, 6.2412, -47.333, 4.13061, 122.687, 4.99612, 57.7204, 0.971777, 2.11175, 1.00023, -116.376, 0.967275, 119.821
2127, 35.44167, 6.23738, -47.2596, 4.1192, 122.591, 4.98564, 57.7618, 0.971848, 2.11467, 1.00048, -116.379, 0.967303, 119.822
2127, 35.45000, 6.23359, -47.1862, 4.1078, 122.495, 4.97516, 57.8033, 0.971919, 2.11756, 1.00072, -116.382, 0.967331, 119.824
2128, 35.45833, 6.22981, -47.113, 4.09641, 122.399, 4.96466, 57.845, 0.971992, 2.12044, 1.00097, -116.385, 0.967359, 119.825
2128, 35.46667, 6.22605, -47.0399, 4.08503, 122.302, 4.95416, 57.8869, 0.972064, 2.1233, 1.00121, -116.388, 0.967388, 119.826
2128, 35.47500, 6.22231, -46.9669, 4.07365, 122.205, 4.94364, 57.9289, 0.972138, 2.12614, 1.00146, -116.391, 0.967417, 119.827
2129, 35.48333, 6.21858, -46.8941, 4.06228, 122.107, 4.93311, 57.9712, 0.972213, 2.12896, 1.0017, -116.395, 0.967447, 119.828
2130, 35.49167, 6.21488, -46.8213, 4.05091, 122.009, 4.92257, 58.0137, 0.972288, 2.13176, 1.00195, -116.398, 0.967477, 119.83
2130, 35.50000, 6.21119, -46.7487, 4.03956, 121.91, 4.91202, 58.0564, 0.972364, 2.13454, 1.0022, -116.402, 0.967507, 119.831
2131, 35.50833, 6.20752, -46.6763, 4.02821, 121.811, 4.90146, 58.0993, 0.97244, 2.13729, 1.00245, -116.405, 0.967538, 119.832
2131, 35.51667, 6.20386, -46.6039, 4.01686, 121.712, 4.89089, 58.1424, 0.972518, 2.14003, 1.00269, -116.409, 0.96757, 119.833
2132, 35.52500, 6.20023, -46.5317, 4.00553, 121.612, 4.8803, 58.1857, 0.972596, 2.14273, 1.00294, -116.413, 0.967602, 119.835
2132, 35.53333, 6.1966, -46.4596, 3.99421, 121.512, 4.86971, 58.2292, 0.972675, 2.14542, 1.00319, -116.417, 0.967634, 119.836
2133, 35.54167, 6.193, -46.3877, 3.98289, 121.411, 4.8591, 58.273, 0.972755, 2.14808, 1.00344, -116.421, 0.967667, 119.837
2133, 35.55000, 6.18941, -46.3159, 3.97158, 121.31, 4.84849, 58.3169, 0.972835, 2.15072, 1.00369, -116.425, 0.9677, 119.838
2134, 35.55833, 6.18583, -46.2443, 3.96028, 121.209, 4.83786, 58.3612, 0.972916, 2.15333, 1.00393, -116.429, 0.967734, 119.839
2134, 35.56667, 6.18227, -46.1728, 3.94899, 121.107, 4.82722, 58.4056, 0.972998, 2.15591, 1.00418, -116.434, 0.967768, 119.841
2135, 35.57500, 6.17873, -46.1014, 3.9377, 121.005, 4.81657, 58.4503, 0.973081, 2.15847, 1.00443, -116.438, 0.967802, 119.842
2135, 35.58333, 6.17519, -46.0302, 3.92643, 120.902, 4.8059, 58.4952, 0.973164, 2.161, 1.00468, -116.443, 0.967837, 119.843
2136, 35.59167, 6.17168, -45.9591, 3.91516, 120.799, 4.79523, 58.5403, 0.973248, 2.16351, 1.00493, -116.447, 0.967873, 119.844
2136, 35.60000, 6.16817, -45.8882, 3.9039, 120.695, 4.78454, 58.5858, 0.973333, 2.16599, 1.00518, -116.452, 0.967909, 119.845
2137, 35.60833, 6.16468, -45.8175, 3.89266, 120.591, 4.77385, 58.6314, 0.973418, 2.16843, 1.00543, -116.457, 0.967945, 119.847
2137, 35.61667, 6.16121, -45.7469, 3.88142, 120.486, 4.76314, 58.6773, 0.973505, 2.17085, 1.00568, -116.462, 0.967982, 119.848
2138, 35.62500, 6.15774, -45.6764, 3.87019, 120.382, 4.75242, 58.7235, 0.973592, 2.17324, 1.00593, -116.467, 0.96802, 119.849
2138, 35.63333, 6.15429, -45.6062, 3.85897, 120.276, 4.74169, 58.77, 0.973679, 2.1756, 1.00619, -116.472, 0.968058, 119.85
2139, 35.64167, 6.15085, -45.536, 3.84776, 120.17, 4.73095, 58.8167, 0.973768, 2.17793, 1.00644, -116.477, 0.968096, 119.851
2139, 35.65000, 6.14742, -45.4661, 3.83656, 120.064, 4.7202, 58.8637, 0.973857, 2.18023, 1.00669, -116.482, 0.968135, 119.852
2140, 35.65833, 6.144, -45.3963, 3.82537, 119.957, 4.70943, 58.9109, 0.973947, 2.18249, 1.00694, -116.487, 0.968174, 119.854
2140, 35.66667, 6.1406, -45.3266, 3.81419, 119.85, 4.69866, 58.9585, 0.974037, 2.18472, 1.00719, -116.493, 0.968214, 119.855
2141, 35.67500, 6.1372, -45.2572, 3.80302, 119.743, 4.68787, 59.0063, 0.974128, 2.18692, 1.00744, -116.499, 0.968254, 119.856
2141, 35.68333, 6.13381, -45.1879, 3.79186, 119.635, 4.67708, 59.0545, 0.97422, 2.18909, 1.00769, -116.504, 0.968295, 119.857
2142, 35.69167, 6.13044, -45.1187, 3.78071, 119.526, 4.66627, 59.1029, 0.974313, 2.19122, 1.00794, -116.51, 0.968336, 119.858
2142, 35.70000, 6.12707, -45.0498, 3.76958, 119.417, 4.65545, 59.1516, 0.974406, 2.19332, 1.00819, -116.516, 0.968378, 119.859
2143, 35.70833, 6.12371, -44.981, 3.75845, 119.308, 4.64462, 59.2007, 0.9745, 2.19538, 1.00844, -116.522, 0.968421, 119.86
2143, 35.71667, 6.12037, -44.9124, 3.74733, 119.198, 4.63378, 59.25, 0.974595, 2.19741, 1.00869, -116.528, 0.968463, 119.862
2144, 35.72500, 6.11703, -44.8439, 3.73623, 119.088, 4.62293, 59.2997, 0.97469, 2.1994, 1.00894, -116.534, 0.968507, 119.863
2144, 35.73333, 6.1137, -44.7756, 3.72514, 118.977, 4.61206, 59.3497, 0.974787, 2.20136, 1.0092, -116.54, 0.96855, 119.864
2145, 35.74167, 6.11037, -44.7075, 3.71406, 118.865, 4.60119, 59.4, 0.974883, 2.20328, 1.00945, -116.547, 0.968595, 119.865
2145, 35.75000, 6.10705, -44.6396, 3.70299, 118.754, 4.5903, 59.4506, 0.974981, 2.20516, 1.0097, -116.553, 0.968639, 119.866
2146, 35.75833, 6.10374, -44.5719, 3.69194, 118.641, 4.57941, 59.5016, 0.975079, 2.207, 1.00995, -116.56, 0.968685, 119.867
2146, 35.76667, 6.10044, -44.5043, 3.68089, 118.529, 4.5685, 59.5529, 0.975178, 2.2088, 1.0102, -116.567, 0.968731, 119.868
2147, 35.77500, 6.09714, -44.4369, 3.66986, 118.415, 4.55759, 59.6046, 0.975277, 2.21056, 1.01045, -116.573, 0.968777, 119.869
2147, 35.78333, 6.09385, -44.3697, 3.65884, 118.302, 4.54666, 59.6566, 0.975377, 2.21229, 1.0107, -116.58, 0.968824, 119.87
2148, 35.79167, 6.09057, -44.3027, 3.64784, 118.188, 4.53572, 59.709, 0.975478, 2.21397, 1.01095, -116.587, 0.968871, 119.871
2148, 35.80000, 6.08729, -44.2358, 3.63685, 118.073, 4.52477, 59.7618, 0.975579, 2.21561, 1.0112, -116.594, 0.968919, 119.872
2149, 35.80833, 6.08401, -44.1692, 3.62587, 117.958, 4.51382, 59.8149, 0.975681, 2.21721, 1.01145, -116.602, 0.968967, 119.873
2149, 35.81667, 6.08074, -44.1027, 3.6149, 117.842, 4.50285, 59.8684, 0.975784, 2.21877, 1.01169, -116.609, 0.969016, 119.874
2150, 35.82500, 6.07747, -44.0364, 3.60395, 117.726, 4.49187, 59.9222, 0.975887, 2.22028, 1.01194, -116.616, 0.969065, 119.875
2150, 35.83333, 6.0742, -43.9703, 3.59301, 117.609, 4.48088, 59.9765, 0.975991, 2.22176, 1.01219, -116.624, 0.969115, 119.876
2151, 35.84167, 6.07094, -43.9043, 3.58208, 117.492, 4.46988, 60.0312, 0.976095, 2.22319, 1.01244, -116.632, 0.969166, 119.877
2151, 35.85000, 6.06768, -43.8386, 3.57117, 117.374, 4.45888, 60.0862, 0.9762, 2.22457, 1.01269, -116.639, 0.969217, 119.878
2152, 35.85833, 6.06442, -43.773, 3.56028, 117.256, 4.44786, 60.1416, 0.976306, 2.22591, 1.01293, -116.647, 0.969268, 119.879
2152, 35.86667, 6.06117, -43.7076, 3.5494, 117.138, 4.43683, 60.1975, 0.976412, 2.22721, 1.01318, -116.655, 0.96932, 119.88
2153, 35.87500, 6.05792, -43.6424, 3.53853, 117.018, 4.42579, 60.2538, 0.976519, 2.22846, 1.01343, -116.663, 0.969372, 119.881
2153, 35.88333, 6.05466, -43.5774, 3.52768, 116.899, 4.41475, 60.3105, 0.976626, 2.22966, 1.01367, -116.671, 0.969425, 119.881
2154, 35.89167, 6.05141, -43.5126, 3.51684, 116.778, 4.40369, 60.3676, 0.976734, 2.23082, 1.01392, -116.68, 0.969479, 119.882
2154, 35.90000, 6.04816, -43.4479, 3.50602, 116.658, 4.39263, 60.4252, 0.976842, 2.23193, 1.01416, -116.688, 0.969533, 119.883
2155, 35.90833, 6.04491, -43.3835, 3.49521, 116.536, 4.38156, 60.4832, 0.976951, 2.233, 1.01441, -116.696, 0.969587, 119.884
2155, 35.91667, 6.04165, -43.3192, 3.48442, 116.415, 4.37048, 60.5416, 0.977061, 2.23401, 1.01465, -116.705, 0.969643, 119.885
2156, 35.92500, 6.0384, -43.2551, 3.47365, 116.292, 4.35939, 60.6005, 0.977171, 2.23498, 1.01489, -116.714, 0.969698, 119.886
2156, 35.93333, 6.03514, -43.1912, 3.46289, 116.169, 4.34829, 60.6599, 0.977282, 2.2359, 1.01514, -116.722, 0.969754, 119.886
2157, 35.94167, 6.03189, -43.1275, 3.45215, 116.046, 4.33718, 60.7197, 0.977393, 2.23677, 1.01538, -116.731, 0.969811, 119.887
2157, 35.95000, 6.02863, -43.064, 3.44143, 115.922, 4.32607, 60.78, 0.977505, 2.23759, 1.01562, -116.74, 0.969868, 119.888
2158, 35.95833, 6.02536, -43.0006, 3.43072, 115.797, 4.31495, 60.8408, 0.977617, 2.23835, 1.01586, -116.749, 0.969926, 119.889
2158, 35.96667, 6.0221, -42.9374, 3.42003, 115.672, 4.30382, 60.902, 0.97773, 2.23907, 1.0161, -116.758, 0.969984, 119.889
2159, 35.97500, 6.01883, -42.8744, 3.40935, 115.547, 4.29268, 60.9638, 0.977843, 2.23974, 1.01634, -116.768, 0.970043, 119.89
2159, 35.98333, 6.01556, -42.8116, 3.3987, 115.42, 4.28153, 61.026, 0.977957, 2.24036, 1.01658, -116.777, 0.970102, 119.891
2160, 35.99167, 6.01228, -42.749, 3.38806, 115.294, 4.27038, 61.0888, 0.978071, 2.24092, 1.01682, -116.786, 0.970161, 119.891
2160, 36.00000, 6.009, -42.6865, 3.37744, 115.166, 4.25922, 61.152, 0.978185, 2.24143, 1.01706, -116.796, 0.970222, 119.892
2161, 36.00833, 6.00572, -42.6243, 3.36684, 115.038, 4.24806, 61.2158, 0.9783, 2.24189, 1.01729, -116.806, 0.970283, 119.893
2161, 36.01667, 6.00242, -42.5622, 3.35625, 114.91, 4.23688, 61.2802, 0.978416, 2.2423, 1.01753, -116.815, 0.970344, 119.893
2162, 36.02500, 5.99913, -42.5002, 3.34569, 114.781, 4.2257, 61.345, 0.978532, 2.24265, 1.01777, -116.825, 0.970406, 119.894
2162, 36.03333, 5.99582, -42.4385, 3.33514, 114.651, 4.21452, 61.4104, 0.978648, 2.24295, 1.018, -116.835, 0.970468, 119.894
2163, 36.04167, 5.99251, -42.3769, 3.32461, 114.521, 4.20333, 61.4763, 0.978765, 2.24319, 1.01823, -116.845, 0.970531, 119.895
2163, 36.05000, 5.9892, -42.3155, 3.31411, 114.39, 4.19213, 61.5428, 0.978882, 2.24338, 1.01847, -116.855, 0.970594, 119.895
2164, 36.05833, 5.98587, -42.2543, 3.30362, 114.259, 4.18093, 61.6099, 0.979, 2.24352, 1.0187, -116.866, 0.970658, 119.896
2164, 36.06667, 5.98254, -42.1933, 3.29315, 114.127, 4.16972, 61.6775, 0.979118, 2.24359, 1.01893, -116.876, 0.970722, 119.896
2165, 36.07500, 5.9792, -42.1324, 3.2827, 113.994, 4.15851, 61.7457, 0.979236, 2.24362, 1.01916, -116.887, 0.970787, 119.897
2165, 36.08333, 5.97585, -42.0717, 3.27227, 113.861, 4.14729, 61.8145, 0.979355, 2.24359, 1.01939, -116.897, 0.970853, 119.897
2166, 36.09167, 5.97249, -42.0111, 3.26186, 113.728, 4.13607, 61.8839, 0.979474, 2.2435, 1.01962, -116.908, 0.970919, 119.897
2166, 36.10000, 5.96912, -41.9508, 3.25148, 113.593, 4.12484, 61.9539, 0.979594, 2.24335, 1.01985, -116.918, 0.970985, 119.898
2167, 36.10833, 5.96575, -41.8905, 3.24111, 113.458, 4.11361, 62.0245, 0.979713, 2.24315, 1.02007, -116.929, 0.971052, 119.898
2167, 36.11667, 5.96236, -41.8305, 3.23077, 113.323, 4.10238, 62.0957, 0.979833, 2.24289, 1.0203, -116.94, 0.971119, 119.898
2168, 36.12500, 5.95896, -41.7706, 3.22044, 113.186, 4.09114, 62.1675, 0.979954, 2.24257, 1.02052, -116.951, 0.971187, 119.899
2168, 36.13333, 5.95555, -41.7109, 3.21014, 113.049, 4.0799, 62.24, 0.980075, 2.24219, 1.02075, -116.962, 0.971256, 119.899
2169, 36.14167, 5.95213, -41.6513, 3.19986, 112.912, 4.06865, 62.3131, 0.980196, 2.24176, 1.02097, -116.974, 0.971324, 119.899
2169, 36.15000, 5.9487, -41.5919, 3.1896, 112.774, 4.05741, 62.3868, 0.980317, 2.24127, 1.02119, -116.985, 0.971394, 119.899
2170, 36.15833, 5.94526, -41.5326, 3.17937, 112.635, 4.04616, 62.4612, 0.980438, 2.24072, 1.02141, -116.996, 0.971464, 119.9
2170, 36.16667, 5.9418, -41.4735, 3.16915, 112.496, 4.0349, 62.5363, 0.98056, 2.24011, 1.02163, -117.008, 0.971534, 119.9
2171, 36.17500, 5.93833, -41.4145, 3.15897, 112.356, 4.02365, 62.612, 0.980682, 2.23944, 1.02185, -117.019, 0.971605, 119.9
2171, 36.18333, 5.93485, -41.3557, 3.1488, 112.215, 4.0124, 62.6884, 0.980805, 2.23871, 1.02206, -117.031, 0.971676, 119.9
2172, 36.19167, 5.93135, -41.297, 3.13866, 112.073, 4.00114, 62.7655, 0.980927, 2.23792, 1.02228, -117.043, 0.971748, 119.9
2172, 36.20000, 5.92785, -41.2385, 3.12854, 111.931, 3.98988, 62.8433, 0.98105, 2.23707, 1.02249, -117.055, 0.97182, 119.9
2173, 36.20833, 5.92432, -41.1801, 3.11844, 111.789, 3.97863, 62.9218, 0.981173, 2.23616, 1.02271, -117.066, 0.971893, 119.9
2173, 36.21667, 5.92079, -41.1218, 3.10837, 111.645, 3.96737, 63.001, 0.981296, 2.23519, 1.02292, -117.078, 0.971966, 119.9
2174, 36.22500, 5.91723, -41.0637, 3.09832, 111.501, 3.95611, 63.0809, 0.98142, 2.23416, 1.02313, -117.091, 0.97204, 119.9
2174, 36.23333, 5.91367, -41.0057, 3.0883, 111.357, 3.94486, 63.1616, 0.981543, 2.23307, 1.02334, -117.103, 0.972114, 119.9
2175, 36.24167, 5.91008, -40.9478, 3.0783, 111.211, 3.9336, 63.2429, 0.981667, 2.23192, 1.02355, -117.115, 0.972189, 119.9
2175, 36.25000, 5.90649, -40.8901, 3.06833, 111.065, 3.92234, 63.3251, 0.981791, 2.23071, 1.02375, -117.127, 0.972264, 119.9
2176, 36.25833, 5.90287, -40.8325, 3.05838, 110.918, 3.91109, 63.4079, 0.981915, 2.22944, 1.02396, -117.14, 0.97234, 119.899
2176, 36.26667, 5.89924, -40.775, 3.04846, 110.771, 3.89984, 63.4916, 0.982039, 2.2281, 1.02416, -117.152, 0.972416, 119.899
2177, 36.27500, 5.89559, -40.7177, 3.03857, 110.623, 3.88859, 63.576, 0.982163, 2.22671, 1.02437, -117.165, 0.972492, 119.899
2177, 36.28333, 5.89193, -40.6604, 3.0287, 110.474, 3.87734, 63.6612, 0.982287, 2.22525, 1.02457, -117.177, 0.972569, 119.899
2178, 36.29167, 5.88825, -40.6033, 3.01886, 110.324, 3.86609, 63.7472, 0.982412, 2.22373, 1.02477, -117.19, 0.972646, 119.898
2178, 36.30000, 5.88455, -40.5462, 3.00904, 110.174, 3.85485, 63.8339, 0.982536, 2.22215, 1.02497, -117.203, 0.972724, 119.898
2179, 36.30833, 5.88083, -40.4893, 2.99925, 110.023, 3.84362, 63.9215, 0.982661, 2.2205, 1.02516, -117.216, 0.972802, 119.898
2179, 36.31667, 5.8771, -40.4325, 2.98949, 109.871, 3.83238, 64.0099, 0.982785, 2.2188, 1.02536, -117.229, 0.972881, 119.897
2180, 36.32500, 5.87334, -40.3758, 2.97976, 109.718, 3.82115, 64.0991, 0.98291, 2.21703, 1.02556, -117.242, 0.97296, 119.897
2180, 36.33333, 5.86957, -40.3192, 2.97005, 109.565, 3.80993, 64.1891, 0.983034, 2.2152, 1.02575, -117.255, 0.97304, 119.896
2181, 36.34167, 5.86578, -40.2627, 2.96038, 109.411, 3.79871, 64.28, 0.983159, 2.21331, 1.02594, -117.268, 0.973119, 119.896
2181, 36.35000, 5.86197, -40.2062, 2.95073, 109.256, 3.78749, 64.3717, 0.983284, 2.21136, 1.02613, -117.282, 0.9732, 119.895
2182, 36.35833, 5.85814, -40.1499, 2.94111, 109.101, 3.77629, 64.4642, 0.983408, 2.20934, 1.02632, -117.295, 0.973281, 119.895
2182, 36.36667, 5.85429, -40.0936, 2.93152, 108.945, 3.76508, 64.5577, 0.983533, 2.20727, 1.02651, -117.308, 0.973362, 119.894
2183, 36.37500, 5.85042, -40.0375, 2.92195, 108.788, 3.75389, 64.652, 0.983658, 2.20513, 1.02669, -117.322, 0.973443, 119.893
2183, 36.38333, 5.84653, -39.9814, 2.91242, 108.63, 3.7427, 64.7472, 0.983782, 2.20293, 1.02688, -117.335, 0.973525, 119.893
2184, 36.39167, 5.84262, -39.9253, 2.90292, 108.471, 3.73152, 64.8432, 0.983907, 2.20066, 1.02706, -117.349, 0.973608, 119.892
2184, 36.40000, 5.83868, -39.8694, 2.89344, 108.312, 3.72035, 64.9402, 0.984031, 2.19833, 1.02724, -117.363, 0.973691, 119.891
2185, 36.40833, 5.83473, -39.8135, 2.884, 108.152, 3.70919, 65.0381, 0.984155, 2.19595, 1.02742, -117.377, 0.973774, 119.89
2185, 36.41667, 5.83076, -39.7577, 2.87459, 107.991, 3.69803, 65.1369, 0.98428, 2.1935, 1.0276, -117.39, 0.973857, 119.89
2186, 36.42500, 5.82676, -39.7019, 2.86521, 107.829, 3.68689, 65.2366, 0.984404, 2.19098, 1.02777, -117.404, 0.973941, 119.889
2186, 36.43333, 5.82275, -39.6462, 2.85586, 107.667, 3.67575, 65.3373, 0.984528, 2.18841, 1.02795, -117.418, 0.974026, 119.888
2187, 36.44167, 5.81871, -39.5906, 2.84654, 107.503, 3.66463, 65.4389, 0.984652, 2.18577, 1.02812, -117.432, 0.97411, 119.887
2187, 36.45000, 5.81465, -39.535, 2.83725, 107.339, 3.65351, 65.5414, 0.984775, 2.18308, 1.02829, -117.446, 0.974195, 119.886
2188, 36.45833, 5.81056, -39.4794, 2.828, 107.174, 3.64241, 65.6449, 0.984899, 2.18032, 1.02846, -117.46, 0.974281, 119.885
2188, 36.46667, 5.80646, -39.4239, 2.81877, 107.008, 3.63132, 65.7494, 0.985022, 2.1775, 1.02863, -117.475, 0.974367, 119.884
2189, 36.47500, 5.80233, -39.3684, 2.80958, 106.842, 3.62024, 65.8549, 0.985145, 2.17461, 1.0288, -117.489, 0.974453, 119.883
2189, 36.48333, 5.79818, -39.3129, 2.80042, 106.674, 3.60917, 65.9613, 0.985268, 2.17167, 1.02896, -117.503, 0.974539, 119.881
2189, 36.49167, 5.79401, -39.2575, 2.7913, 106.506, 3.59811, 66.0688, 0.985391, 2.16867, 1.02912, -117.518, 0.974626, 119.88
2190, 36.50000, 5.78981, -39.2021, 2.78221, 106.337, 3.58707, 66.1772, 0.985514, 2.1656, 1.02929, -117.532, 0.974713, 119.879
2191, 36.50833, 5.78559, -39.1467, 2.77315, 106.167, 3.57605, 66.2867, 0.985636, 2.16248, 1.02945, -117.546, 0.9748, 119.878
2191, 36.51667, 5.78135, -39.0914, 2.76412, 105.996, 3.56503, 66.3972, 0.985758, 2.15929, 1.0296, -117.561, 0.974888, 119.876
2192, 36.52500, 5.77708, -39.036, 2.75513, 105.824, 3.55404, 66.5087, 0.98588, 2.15604, 1.02976, -117.575, 0.974976, 119.875
2192, 36.53333, 5.77279, -38.9807, 2.74618, 105.651, 3.54306, 66.6212, 0.986002, 2.15273, 1.02991, -117.59, 0.975065, 119.874
2193, 36.54167, 5.76848, -38.9253, 2.73726, 105.478, 3.53209, 66.7349, 0.986123, 2.14937, 1.03007, -117.605, 0.975154, 119.872
2193, 36.55000, 5.76414, -38.87, 2.72837, 105.303, 3.52114, 66.8495, 0.986244, 2.14594, 1.03022, -117.62, 0.975243, 119.871
2193, 36.55833, 5.75978, -38.8146, 2.71952, 105.128, 3.51021, 66.9652, 0.986365, 2.14245, 1.03037, -117.634, 0.975332, 119.869
2194, 36.56667, 5.75539, -38.7593, 2.71071, 104.952, 3.49929, 67.082, 0.986485, 2.13891, 1.03052, -117.649, 0.975422, 119.868
2195, 36.57500, 5.75099, -38.7039, 2.70193, 104.775, 3.48839, 67.1999, 0.986606, 2.1353, 1.03066, -117.664, 0.975511, 119.866
2195, 36.58333, 5.74655, -38.6485, 2.69318, 104.597, 3.47751, 67.3189, 0.986725, 2.13164, 1.03081, -117.679, 0.975602, 119.864
2196, 36.59167, 5.74209, -38.5931, 2.68448, 104.418, 3.46665, 67.439, 0.986845, 2.12791, 1.03095, -117.694, 0.975692, 119.863
2196, 36.60000, 5.73761, -38.5377, 2.67581, 104.238, 3.45581, 67.5602, 0.986964, 2.12413, 1.03109, -117.709, 0.975783, 119.861
2197, 36.60833, 5.7331, -38.4822, 2.66718, 104.057, 3.44499, 67.6825, 0.987082, 2.12029, 1.03123, -117.724, 0.975874, 119.859
2197, 36.61667, 5.72857, -38.4267, 2.65858, 103.876, 3.43419, 67.8059, 0.987201, 2.1164, 1.03136, -117.739, 0.975965, 119.857
2197, 36.62500, 5.72402, -38.3712, 2.65002, 103.693, 3.42341, 67.9305, 0.987319, 2.11244, 1.0315, -117.754, 0.976057, 119.855
2198, 36.63333, 5.71944, -38.3156, 2.6415, 103.509, 3.41265, 68.0562, 0.987436, 2.10843, 1.03163, -117.769, 0.976148, 119.853
2199, 36.64167, 5.71483, -38.2599, 2.63302, 103.325, 3.40192, 68.1831, 0.987553, 2.10436, 1.03176, -117.784, 0.97624, 119.851
2199, 36.65000, 5.7102, -38.2042, 2.62458, 103.139, 3.39121, 68.3111, 0.98767, 2.10024, 1.03189, -117.799, 0.976333, 119.849
2200, 36.65833, 5.70554, -38.1485, 2.61617, 102.953, 3.38052, 68.4403, 0.987786, 2.09605, 1.03202, -117.815, 0.976425, 119.847
2200, 36.66667, 5.70086, -38.0927, 2.60781, 102.766, 3.36985, 68.5707, 0.987902, 2.09182, 1.03215, -117.83, 0.976518, 119.845
2201, 36.67500, 5.69616, -38.0368, 2.59948, 102.577, 3.35921, 68.7023, 0.988017, 2.08752, 1.03227, -117.845, 0.976611, 119.843
2201, 36.68333, 5.69143, -37.9808, 2.59119, 102.388, 3.34859, 68.835, 0.988132, 2.08318, 1.03239, -117.861, 0.976704, 119.841
2201, 36.69167, 5.68668, -37.9248, 2.58295, 102.198, 3.338, 68.969, 0.988247, 2.07877, 1.03251, -117.876, 0.976797, 119.839
2202, 36.70000, 5.6819, -37.8687, 2.57474, 102.006, 3.32743, 69.1042, 0.988361, 2.07432, 1.03263, -117.891, 0.976891, 119.836
2203, 36.70833, 5.6771, -37.8125, 2.56657, 101.814, 3.31689, 69.2405, 0.988474, 2.0698, 1.03275, -117.907, 0.976984, 119.834
2203, 36.71667, 5.67227, -37.7562, 2.55845, 101.621, 3.30638, 69.3782, 0.988587, 2.06524, 1.03286, -117.922, 0.977078, 119.831
2204, 36.72500, 5.66741, -37.6998, 2.55036, 101.426, 3.29589, 69.517, 0.988699, 2.06062, 1.03298, -117.938, 0.977172, 119.829
2204, 36.73333, 5.66254, -37.6433, 2.54232, 101.231, 3.28543, 69.6571, 0.988811, 2.05595, 1.03309, -117.953, 0.977267, 119.827
2205, 36.74167, 5.65763, -37.5867, 2.53432, 101.035, 3.275, 69.7985, 0.988922, 2.05123, 1.0332, -117.969, 0.977361, 119.824
2205, 36.75000, 5.65271, -37.53, 2.52636, 100.837, 3.2646, 69.941, 0.989033, 2.04645, 1.03331, -117.984, 0.977456, 119.821
2205, 36.75833, 5.64776, -37.4732, 2.51844, 100.639, 3.25423, 70.0849, 0.989143, 2.04162, 1.03341, -118, 0.977551, 119.819
2206, 36.76667, 5.64278, -37.4162, 2.51057, 100.439, 3.24389, 70.2301, 0.989253, 2.03674, 1.03352, -118.015, 0.977645, 119.816
2207, 36.77500, 5.63778, -37.3592, 2.50273, 100.239, 3.23358, 70.3765, 0.989362, 2.03181, 1.03362, -118.031, 0.97774, 119.813
2207, 36.78333, 5.63275, -37.302, 2.49495, 100.037, 3.2233, 70.5242, 0.989471, 2.02683, 1.03372, -118.046, 0.977836, 119.811
2208, 36.79167, 5.62771, -37.2447, 2.4872, 99.8349, 3.21306, 70.6732, 0.989579, 2.0218, 1.03382, -118.062, 0.977931, 119.808
2208, 36.80000, 5.62263, -37.1872, 2.4795, 99.6313, 3.20284, 70.8235, 0.989686, 2.01673, 1.03392, -118.078, 0.978026, 119.805
2209, 36.80833, 5.61754, -37.1296, 2.47184, 99.4266, 3.19266, 70.9751, 0.989793, 2.0116, 1.03401, -118.093, 0.978122, 119.802
2209, 36.81667, 5.61241, -37.0718, 2.46423, 99.2209, 3.18252, 71.128, 0.989899, 2.00642, 1.0341, -118.109, 0.978218, 119.799
2209, 36.82500, 5.60727, -37.0139, 2.45666, 99.0141, 3.1724, 71.2823, 0.990004, 2.00119, 1.0342, -118.124, 0.978313, 119.796
2210, 36.83333, 5.6021, -36.9559, 2.44914, 98.8062, 3.16233, 71.4379, 0.990109, 1.99592, 1.03428, -118.14, 0.978409, 119.793
2211, 36.84167, 5.59691, -36.8976, 2.44166, 98.5973, 3.15228, 71.5948, 0.990213, 1.9906, 1.03437, -118.156, 0.978505, 119.79
2211, 36.85000, 5.59169, -36.8392, 2.43422, 98.3872, 3.14228, 71.753, 0.990317, 1.98524, 1.03446, -118.171, 0.978601, 119.787
2212, 36.85833, 5.58645, -36.7807, 2.42684, 98.1761, 3.13231, 71.9127, 0.99042, 1.97982, 1.03454, -118.187, 0.978698, 119.783
2212, 36.86667, 5.58119, -36.7219, 2.41949, 97.9639, 3.12237, 72.0736, 0.990522, 1.97436, 1.03463, -118.203, 0.978794, 119.78
2213, 36.87500, 5.5759, -36.663, 2.4122, 97.7506, 3.11248, 72.236, 0.990623, 1.96886, 1.03471, -118.219, 0.97889, 119.777
2213, 36.88333, 5.57059, -36.6039, 2.40495, 97.5362, 3.10262, 72.3997, 0.990724, 1.96331, 1.03479, -118.234, 0.978987, 119.773
2213, 36.89167, 5.56526, -36.5446, 2.39775, 97.3207, 3.0928, 72.5647, 0.990825, 1.95772, 1.03486, -118.25, 0.979083, 119.77
2214, 36.90000, 5.55991, -36.4851, 2.3906, 97.1041, 3.08302, 72.7312, 0.990924, 1.95208, 1.03494, -118.266, 0.979179, 119.766
2215, 36.90833, 5.55453, -36.4254, 2.38349, 96.8864, 3.07328, 72.899, 0.991023, 1.9464, 1.03501, -118.281, 0.979276, 119.763
2215, 36.91667, 5.54913, -36.3655, 2.37643, 96.6676, 3.06359, 73.0683, 0.991121, 1.94068, 1.03508, -118.297, 0.979373, 119.759
2216, 36.92500, 5.54371, -36.3054, 2.36942, 96.4476, 3.05393, 73.2389, 0.991218, 1.93492, 1.03515, -118.313, 0.979469, 119.756
2216, 36.93333, 5.53826, -36.2451, 2.36246, 96.2266, 3.04431, 73.4109, 0.991315, 1.92911, 1.03522, -118.328, 0.979566, 119.752
2217, 36.94167, 5.5328, -36.1846, 2.35555, 96.0044, 3.03474, 73.5844, 0.991411, 1.92326, 1.03529, -118.344, 0.979662, 119.748
2217, 36.95000, 5.52731, -36.1238, 2.34868, 95.7811, 3.02521, 73.7592, 0.991506, 1.91737, 1.03535, -118.36, 0.979759, 119.745
2217, 36.95833, 5.5218, -36.0628, 2.34187, 95.5566, 3.01572, 73.9355, 0.9916, 1.91145, 1.03542, -118.375, 0.979856, 119.741
2218, 36.96667, 5.51627, -36.0016, 2.3351, 95.331, 3.00628, 74.1132, 0.991694, 1.90548, 1.03548, -118.391, 0.979952, 119.737
2219, 36.97500, 5.51072, -35.9401, 2.32839, 95.1043, 2.99688, 74.2923, 0.991787, 1.89947, 1.03554, -118.407, 0.980049, 119.733
2219, 36.98333, 5.50515, -35.8785, 2.32172, 94.8765, 2.98753, 74.4728, 0.991879, 1.89342, 1.0356, -118.422, 0.980146, 119.729
2220, 36.99167, 5.49955, -35.8165, 2.31511, 94.6475, 2.97822, 74.6548, 0.991971, 1.88734, 1.03565, -118.438, 0.980242, 119.725
2220, 37.00000, 5.49394, -35.7543, 2.30855, 94.4173, 2.96896, 74.8382, 0.992061, 1.88122, 1.03571, -118.454, 0.980339, 119.721
2221, 37.00833, 5.48831, -35.6919, 2.30203, 94.1861, 2.95974, 75.0231, 0.992151, 1.87506, 1.03576, -118.469, 0.980436, 119.717
2221, 37.01667, 5.48265, -35.6292, 2.29557, 93.9536, 2.95057, 75.2094, 0.99224, 1.86887, 1.03581, -118.485, 0.980532, 119.712
2221, 37.02500, 5.47698, -35.5662, 2.28917, 93.7201, 2.94145, 75.3971, 0.992329, 1.86264, 1.03586, -118.5, 0.980629, 119.708
2222, 37.03333, 5.47129, -35.503, 2.28281, 93.4853, 2.93238, 75.5863, 0.992416, 1.85637, 1.03591, -118.516, 0.980725, 119.704
2223, 37.04167, 5.46558, -35.4394, 2.2765, 93.2495, 2.92336, 75.777, 0.992503, 1.85007, 1.03596, -118.532, 0.980822, 119.7
2223, 37.05000, 5.45985, -35.3757, 2.27025, 93.0124, 2.91439, 75.9691, 0.992589, 1.84374, 1.036, -118.547, 0.980918, 119.695
2224, 37.05833, 5.4541, -35.3116, 2.26406, 92.7743, 2.90547, 76.1627, 0.992674, 1.83737, 1.03604, -118.563, 0.981014, 119.691
2224, 37.06667, 5.44833, -35.2472, 2.25791, 92.5349, 2.8966, 76.3577, 0.992758, 1.83097, 1.03608, -118.578, 0.98111, 119.686
2225, 37.07500, 5.44254, -35.1826, 2.25182, 92.2944, 2.88778, 76.5542, 0.992842, 1.82453, 1.03612, -118.594, 0.981207, 119.682
2225, 37.08333, 5.43674, -35.1177, 2.24578, 92.0528, 2.87901, 76.7522, 0.992924, 1.81807, 1.03616, -118.609, 0.981303, 119.677
2225, 37.09167, 5.43091, -35.0524, 2.2398, 91.81, 2.8703, 76.9517, 0.993006, 1.81157, 1.0362, -118.625, 0.981399, 119.672
2226, 37.10000, 5.42508, -34.9869, 2.23387, 91.566, 2.86164, 77.1526, 0.993087, 1.80504, 1.03624, -118.64, 0.981495, 119.668
2227, 37.10833, 5.41922, -34.9211, 2.228, 91.321, 2.85303, 77.3549, 0.993168, 1.79849, 1.03627, -118.655, 0.98159, 119.663
2227, 37.11667, 5.41335, -34.8549, 2.22218, 91.0747, 2.84448, 77.5588, 0.993247, 1.7919, 1.0363, -118.671, 0.981686, 119.658
2228, 37.12500, 5.40746, -34.7884, 2.21642, 90.8273, 2.83598, 77.7642, 0.993326, 1.78528, 1.03633, -118.686, 0.981782, 119.653
2228, 37.13333, 5.40155, -34.7216, 2.21071, 90.5787, 2.82754, 77.9709, 0.993403, 1.77863, 1.03636, -118.702, 0.981877, 119.648
2229, 37.14167, 5.39563, -34.6545, 2.20506, 90.329, 2.81915, 78.1792, 0.99348, 1.77196, 1.03639, -118.717, 0.981972, 119.643
2229, 37.15000, 5.38969, -34.5871, 2.19946, 90.0782, 2.81082, 78.389, 0.993556, 1.76525, 1.03642, -118.732, 0.982068, 119.638
2229, 37.15833, 5.38374, -34.5193, 2.19392, 89.8262, 2.80255, 78.6002, 0.993631, 1.75852, 1.03644, -118.747, 0.982163, 119.633
2230, 37.16667, 5.37777, -34.4512, 2.18844, 89.573, 2.79433, 78.8129, 0.993706, 1.75177, 1.03646, -118.763, 0.982258, 119.628
2231, 37.17500, 5.37178, -34.3827, 2.18302, 89.3187, 2.78617, 79.0271, 0.993779, 1.74499, 1.03648, -118.778, 0.982352, 119.623
2231, 37.18333, 5.36579, -34.3139, 2.17765, 89.0633, 2.77808, 79.2427, 0.993852, 1.73818, 1.03651, -118.793, 0.982447, 119.618
2232, 37.19167, 5.35977, -34.2448, 2.17234, 88.8067, 2.77004, 79.4598, 0.993924, 1.73134, 1.03652, -118.808, 0.982542, 119.612
2232, 37.20000, 5.35375, -34.1753, 2.16709, 88.549, 2.76206, 79.6784, 0.993995, 1.72449, 1.03654, -118.823, 0.982636, 119.607
2233, 37.20833, 5.34771, -34.1054, 2.1619, 88.2902, 2.75414, 79.8985, 0.994065, 1.71761, 1.03656, -118.838, 0.98273, 119.602
2233, 37.21667, 5.34165, -34.0352, 2.15676, 88.0303, 2.74628, 80.12, 0.994134, 1.7107, 1.03657, -118.854, 0.982824, 119.596
2233, 37.22500, 5.33559, -33.9647, 2.15169, 87.7692, 2.73848, 80.3429, 0.994202, 1.70377, 1.03659, -118.869, 0.982918, 119.591
2234, 37.23333, 5.32951, -33.8937, 2.14667, 87.507, 2.73075, 80.5674, 0.99427, 1.69682, 1.0366, -118.884, 0.983011, 119.585
2235, 37.24167, 5.32342, -33.8224, 2.14172, 87.2437, 2.72308, 80.7933, 0.994337, 1.68985, 1.03661, -118.899, 0.983105, 119.58
2235, 37.25000, 5.31731, -33.7507, 2.13682, 86.9793, 2.71547, 81.0206, 0.994402, 1.68286, 1.03662, -118.914, 0.983198, 119.574
2236, 37.25833, 5.3112, -33.6786, 2.13199, 86.7138, 2.70792, 81.2494, 0.994467, 1.67585, 1.03663, -118.928, 0.983291, 119.568
2236, 37.26667, 5.30507, -33.6062, 2.12721, 86.4472, 2.70044, 81.4796, 0.994531, 1.66881, 1.03663, -118.943, 0.983384, 119.562
2237, 37.27500, 5.29894, -33.5333, 2.1225, 86.1795, 2.69302, 81.7113, 0.994594, 1.66176, 1.03664, -118.958, 0.983476, 119.557
2237, 37.28333, 5.29279, -33.4601, 2.11784, 85.9107, 2.68567, 81.9444, 0.994657, 1.65468, 1.03664, -118.973, 0.983568, 119.551
2237, 37.29167, 5.28663, -33.3865, 2.11325, 85.6408, 2.67838, 82.1789, 0.994718, 1.64759, 1.03664, -118.988, 0.983661, 119.545
2238, 37.30000, 5.28046, -33.3125, 2.10872, 85.3699, 2.67116, 82.4149, 0.994779, 1.64048, 1.03665, -119.003, 0.983752, 119.539
2239, 37.30833, 5.27429, -33.2381, 2.10425, 85.0979, 2.66401, 82.6522, 0.994838, 1.63336, 1.03665, -119.017, 0.983844, 119.533
2239, 37.31667, 5.2681, -33.1632, 2.09984, 84.8248, 2.65692, 82.8911, 0.994897, 1.62621, 1.03665, -119.032, 0.983936, 119.527
2240, 37.32500, 5.2619, -33.088, 2.0955, 84.5507, 2.6499, 83.1312, 0.994955, 1.61905, 1.03664, -119.047, 0.984027, 119.52
2240, 37.33333, 5.2557, -33.0124, 2.09122, 84.2755, 2.64295, 83.3728, 0.995012, 1.61187, 1.03664, -119.061, 0.984118, 119.514
2241, 37.34167, 5.24949, -32.9363, 2.087, 83.9993, 2.63607, 83.6158, 0.995068, 1.60468, 1.03664, -119.076, 0.984208, 119.508
2241, 37.35000, 5.24327, -32.8598, 2.08285, 83.7221, 2.62926, 83.8602, 0.995124, 1.59747, 1.03663, -119.09, 0.984299, 119.502
2241, 37.35833, 5.23704, -32.7829, 2.07875, 83.4439, 2.62251, 84.106, 0.995178, 1.59025, 1.03662, -119.105, 0.984389, 119.495
2242, 37.36667, 5.2308, -32.7056, 2.07473, 83.1646, 2.61584, 84.3531, 0.995232, 1.58301, 1.03661, -119.119, 0.984478, 119.489
2243, 37.37500, 5.22456, -32.6278, 2.07076, 82.8843, 2.60924, 84.6016, 0.995284, 1.57576, 1.03661, -119.134, 0.984568, 119.482
2243, 37.38333, 5.21831, -32.5496, 2.06686, 82.6031, 2.6027, 84.8514, 0.995336, 1.56849, 1.0366, -119.148, 0.984657, 119.476
2244, 37.39167, 5.21206, -32.471, 2.06303, 82.3209, 2.59624, 85.1026, 0.995387, 1.56122, 1.03658, -119.162, 0.984746, 119.469
2244, 37.40000, 5.2058, -32.3919, 2.05926, 82.0377, 2.58985, 85.3551, 0.995437, 1.55393, 1.03657, -119.177, 0.984835, 119.463
2245, 37.40833, 5.19953, -32.3124, 2.05555, 81.7536, 2.58353, 85.6089, 0.995486, 1.54663, 1.03656, -119.191, 0.984923, 119.456
2245, 37.41667, 5.19326, -32.2325, 2.05191, 81.4685, 2.57729, 85.8641, 0.995535, 1.53931, 1.03654, -119.205, 0.985011, 119.449
2245, 37.42500, 5.18699, -32.1521, 2.04834, 81.1825, 2.57112, 86.1205, 0.995582, 1.53199, 1.03653, -119.219, 0.985099, 119.442
2246, 37.43333, 5.18071, -32.0713, 2.04483, 80.8955, 2.56502, 86.3783, 0.995629, 1.52465, 1.03651, -119.233, 0.985186, 119.436
2247, 37.44167, 5.17443, -31.9899, 2.04139, 80.6077, 2.559, 86.6373, 0.995674, 1.51731, 1.03649, -119.248, 0.985273, 119.429
2247, 37.45000, 5.16814, -31.9082, 2.03801, 80.3189, 2.55305, 86.8976, 0.995719, 1.50996, 1.03647, -119.262, 0.98536, 119.422
2248, 37.45833, 5.16185, -31.826, 2.0347, 80.0293, 2.54717, 87.1591, 0.995763, 1.50259, 1.03645, -119.276, 0.985446, 119.415
2248, 37.46667, 5.15556, -31.7433, 2.03146, 79.7387, 2.54137, 87.4219, 0.995806, 1.49522, 1.03643, -119.29, 0.985532, 119.408
2249, 37.47500, 5.14926, -31.6601, 2.02828, 79.4474, 2.53565, 87.6859, 0.995849, 1.48784, 1.03641, -119.304, 0.985618, 119.401
2249, 37.48333, 5.14297, -31.5765, 2.02517, 79.1552, 2.53, 87.9512, 0.99589, 1.48045, 1.03639, -119.317, 0.985703, 119.393
2249, 37.49167, 5.13667, -31.4924, 2.02213, 78.8621, 2.52443, 88.2176, 0.99593, 1.47306, 1.03637, -119.331, 0.985788, 119.386
2250, 37.50000, 5.13037, -31.4079, 2.01916, 78.5683, 2.51894, 88.4852, 0.99597, 1.46566, 1.03634, -119.345, 0.985873, 119.379
2251, 37.50833, 5.12407, -31.3228, 2.01625, 78.2736, 2.51352, 88.754, 0.996009, 1.45825, 1.03632, -119.359, 0.985957, 119.371
2251, 37.51667, 5.11776, -31.2373, 2.01341, 77.9781, 2.50818, 89.024, 0.996047, 1.45083, 1.03629, -119.373, 0.986041, 119.364
2252, 37.52500, 5.11146, -31.1513, 2.01065, 77.6819, 2.50292, 89.2951, 0.996084, 1.44341, 1.03626, -119.386, 0.986124, 119.357
2252, 37.53333, 5.10516, -31.0648, 2.00794, 77.3849, 2.49774, 89.5673, 0.99612, 1.43599, 1.03623, -119.4, 0.986207, 119.349
2253, 37.54167, 5.09886, -30.9778, 2.00531, 77.0872, 2.49263, 89.8407, 0.996155, 1.42856, 1.0362, -119.414, 0.98629, 119.342
2253, 37.55000, 5.09256, -30.8903, 2.00275, 76.7887, 2.4876, 90.1152, 0.99619, 1.42112, 1.03618, -119.427, 0.986372, 119.334
2253, 37.55833, 5.08626, -30.8024, 2.00026, 76.4896, 2.48266, 90.3907, 0.996224, 1.41368, 1.03614, -119.441, 0.986453, 119.326
2254, 37.56667, 5.07997, -30.7139, 1.99783, 76.1897, 2.47779, 90.6673, 0.996256, 1.40624, 1.03611, -119.454, 0.986535, 119.318
2255, 37.57500, 5.07367, -30.6249, 1.99548, 75.8892, 2.473, 90.9449, 0.996288, 1.3988, 1.03608, -119.468, 0.986616, 119.311
2255, 37.58333, 5.06738, -30.5355, 1.99319, 75.5881, 2.4683, 91.2235, 0.996319, 1.39135, 1.03605, -119.481, 0.986696, 119.303
2256, 37.59167, 5.06109, -30.4455, 1.99098, 75.2862, 2.46367, 91.5032, 0.99635, 1.3839, 1.03601, -119.494, 0.986776, 119.295
2256, 37.60000, 5.0548, -30.355, 1.98883, 74.9838, 2.45912, 91.7839, 0.996379, 1.37644, 1.03598, -119.508, 0.986856, 119.287
2257, 37.60833, 5.04852, -30.2641, 1.98676, 74.6807, 2.45466, 92.0655, 0.996408, 1.36899, 1.03594, -119.521, 0.986935, 119.279
2257, 37.61667, 5.04224, -30.1725, 1.98475, 74.3771, 2.45028, 92.3481, 0.996435, 1.36153, 1.03591, -119.534, 0.987014, 119.271
2258, 37.62500, 5.03597, -30.0805, 1.98282, 74.0729, 2.44597, 92.6316, 0.996462, 1.35408, 1.03587, -119.547, 0.987092, 119.263
2258, 37.63333, 5.0297, -29.988, 1.98095, 73.7682, 2.44175, 92.9161, 0.996488, 1.34662, 1.03583, -119.56, 0.98717, 119.255
2259, 37.64167, 5.02344, -29.895, 1.97916, 73.4629, 2.43762, 93.2014, 0.996513, 1.33916, 1.0358, -119.574, 0.987247, 119.246
2259, 37.65000, 5.01718, -29.8014, 1.97744, 73.1571, 2.43356, 93.4876, 0.996538, 1.3317, 1.03576, -119.587, 0.987324, 119.238
2260, 37.65833, 5.01093, -29.7073, 1.97579, 72.8509, 2.42959, 93.7746, 0.996561, 1.32425, 1.03572, -119.6, 0.9874, 119.23
2260, 37.66667, 5.00468, -29.6127, 1.97421, 72.5441, 2.4257, 94.0625, 0.996584, 1.31679, 1.03568, -119.613, 0.987476, 119.221
2261, 37.67500, 4.99844, -29.5175, 1.9727, 72.2369, 2.42189, 94.3512, 0.996606, 1.30933, 1.03564, -119.626, 0.987551, 119.213
2261, 37.68333, 4.99221, -29.4219, 1.97127, 71.9293, 2.41817, 94.6407, 0.996627, 1.30188, 1.03559, -119.638, 0.987626, 119.204
2262, 37.69167, 4.98598, -29.3256, 1.9699, 71.6213, 2.41453, 94.9309, 0.996647, 1.29443, 1.03555, -119.651, 0.9877, 119.196
2262, 37.70000, 4.97977, -29.2289, 1.96861, 71.3129, 2.41097, 95.2219, 0.996667, 1.28698, 1.03551, -119.664, 0.987774, 119.187
2263, 37.70833, 4.97356, -29.1316, 1.96739, 71.0041, 2.4075, 95.5136, 0.996686, 1.27953, 1.03547, -119.677, 0.987847, 119.178
2263, 37.71667, 4.96736, -29.0338, 1.96624, 70.6949, 2.40411, 95.806, 0.996703, 1.27209, 1.03542, -119.69, 0.987919, 119.17
2264, 37.72500, 4.96117, -28.9354, 1.96516, 70.3855, 2.4008, 96.0991, 0.99672, 1.26464, 1.03538, -119.702, 0.987991, 119.161
2264, 37.73333, 4.95499, -28.8366, 1.96416, 70.0757, 2.39758, 96.3928, 0.996737, 1.25721, 1.03533, -119.715, 0.988063, 119.152
2265, 37.74167, 4.94881, -28.7371, 1.96323, 69.7657, 2.39445, 96.6871, 0.996752, 1.24977, 1.03529, -119.728, 0.988134, 119.143
2265, 37.75000, 4.94265, -28.6371, 1.96237, 69.4554, 2.3914, 96.982, 0.996767, 1.24234, 1.03524, -119.74, 0.988204, 119.134
2266, 37.75833, 4.9365, -28.5366, 1.96158, 69.1449, 2.38843, 97.2775, 0.99678, 1.23492, 1.03519, -119.753, 0.988274, 119.125
2266, 37.76667, 4.93036, -28.4355, 1.96087, 68.8341, 2.38555, 97.5736, 0.996793, 1.2275, 1.03515, -119.765, 0.988343, 119.116
2267, 37.77500, 4.92423, -28.3338, 1.96022, 68.5231, 2.38275, 97.8702, 0.996806, 1.22008, 1.0351, -119.778, 0.988412, 119.107
2267, 37.78333, 4.91812, -28.2316, 1.95966, 68.212, 2.38004, 98.1673, 0.996817, 1.21267, 1.03505, -119.79, 0.98848, 119.097
2268, 37.79167, 4.91201, -28.1289, 1.95916, 67.9007, 2.37741, 98.4649, 0.996828, 1.20527, 1.035, -119.803, 0.988547, 119.088
2268, 37.80000, 4.90592, -28.0256, 1.95873, 67.5893, 2.37487, 98.7629, 0.996837, 1.19787, 1.03495, -119.815, 0.988614, 119.079
2269, 37.80833, 4.89984, -27.9217, 1.95838, 67.2778, 2.37241, 99.0613, 0.996846, 1.19048, 1.0349, -119.827, 0.98868, 119.069
2269, 37.81667, 4.89377, -27.8173, 1.95811, 66.9662, 2.37004, 99.3602, 0.996855, 1.18309, 1.03485, -119.84, 0.988746, 119.06
2270, 37.82500, 4.88772, -27.7123, 1.9579, 66.6545, 2.36775, 99.6594, 0.996862, 1.17571, 1.0348, -119.852, 0.98881, 119.05
2270, 37.83333, 4.88168, -27.6067, 1.95777, 66.3428, 2.36555, 99.959, 0.996869, 1.16834, 1.03475, -119.864, 0.988874, 119.041
2271, 37.84167, 4.87566, -27.5006, 1.95771, 66.0311, 2.36343, 100.259, 0.996875, 1.16098, 1.0347, -119.876, 0.988938, 119.031
2271, 37.85000, 4.86965, -27.3939, 1.95772, 65.7194, 2.3614, 100.559, 0.99688, 1.15362, 1.03464, -119.888, 0.989001, 119.021
2272, 37.85833, 4.86366, -27.2867, 1.95781, 65.4077, 2.35945, 100.859, 0.996884, 1.14627, 1.03459, -119.9, 0.989063, 119.012
2272, 37.86667, 4.85768, -27.1788, 1.95797, 65.096, 2.35759, 101.16, 0.996888, 1.13893, 1.03454, -119.912, 0.989124, 119.002
2273, 37.87500, 4.85171, -27.0704, 1.9582, 64.7845, 2.35582, 101.461, 0.996891, 1.1316, 1.03449, -119.924, 0.989185, 118.992
2273, 37.88333, 4.84577, -26.9615, 1.95851, 64.473, 2.35413, 101.762, 0.996893, 1.12428, 1.03443, -119.936, 0.989245, 118.982
2274, 37.89167, 4.83984, -26.8519, 1.95889, 64.1616, 2.35252, 102.063, 0.996894, 1.11696, 1.03438, -119.948, 0.989305, 118.972
2274, 37.90000, 4.83393, -26.7418, 1.95934, 63.8504, 2.351, 102.365, 0.996895, 1.10966, 1.03432, -119.96, 0.989363, 118.962
2275, 37.90833, 4.82803, -26.6311, 1.95986, 63.5394, 2.34956, 102.666, 0.996894, 1.10237, 1.03427, -119.972, 0.989421, 118.952
2275, 37.91667, 4.82216, -26.5198, 1.96046, 63.2285, 2.34821, 102.968, 0.996894, 1.09508, 1.03421, -119.984, 0.989478, 118.942
2276, 37.92500, 4.8163, -26.408, 1.96113, 62.9178, 2.34695, 103.269, 0.996892, 1.0878, 1.03416, -119.996, 0.989535, 118.931
2276, 37.93333, 4.81046, -26.2955, 1.96187, 62.6074, 2.34577, 103.571, 0.996889, 1.08054, 1.0341, -120.008, 0.98959, 118.921
2277, 37.94167, 4.80464, -26.1825, 1.96269, 62.2972, 2.34467, 103.872, 0.996886, 1.07329, 1.03405, -120.019, 0.989645, 118.911
2277, 37.95000, 4.79884, -26.0689, 1.96358, 61.9873, 2.34366, 104.174, 0.996882, 1.06604, 1.03399, -120.031, 0.989699, 118.9
2278, 37.95833, 4.79306, -25.9547, 1.96454, 61.6777, 2.34273, 104.476, 0.996877, 1.05881, 1.03393, -120.043, 0.989752, 118.89
2278, 37.96667, 4.7873, -25.8399, 1.96557, 61.3684, 2.34188, 104.777, 0.996872, 1.05159, 1.03388, -120.054, 0.989805, 118.879
2279, 37.97500, 4.78156, -25.7246, 1.96668, 61.0595, 2.34112, 105.078, 0.996866, 1.04438, 1.03382, -120.066, 0.989856, 118.869
2279, 37.98333, 4.77584, -25.6086, 1.96786, 60.7509, 2.34045, 105.379, 0.996859, 1.03718, 1.03376, -120.078, 0.989907, 118.858
2280, 37.99167, 4.77014, -25.4921, 1.96911, 60.4427, 2.33985, 105.68, 0.996851, 1.03, 1.0337, -120.089, 0.989957, 118.847
2280, 38.00000, 4.76446, -25.3749, 1.97044, 60.1349, 2.33934, 105.981, 0.996843, 1.02282, 1.03365, -120.101, 0.990006, 118.836
2281, 38.00833, 4.75881, -25.2572, 1.97183, 59.8275, 2.33892, 106.282, 0.996834, 1.01566, 1.03359, -120.112, 0.990054, 118.825
2281, 38.01667, 4.75318, -25.1389, 1.9733, 59.5205, 2.33857, 106.582, 0.996824, 1.00852, 1.03353, -120.124, 0.990101, 118.815
2282, 38.02500, 4.74757, -25.02, 1.97484, 59.2141, 2.33831, 106.882, 0.996814, 1.00138, 1.03347, -120.135, 0.990148, 118.804
2282, 38.03333, 4.74199, -24.9005, 1.97646, 58.9081, 2.33813, 107.182, 0.996802, 0.994259, 1.03341, -120.147, 0.990193, 118.793
2283, 38.04167, 4.73643, -24.7804, 1.97814, 58.6026, 2.33803, 107.481, 0.99679, 0.98715, 1.03335, -120.158, 0.990238, 118.781
2283, 38.05000, 4.73089, -24.6597, 1.9799, 58.2977, 2.33802, 107.78, 0.996778, 0.980056, 1.03329, -120.169, 0.990282, 118.77
2284, 38.05833, 4.72538, -24.5384, 1.98173, 57.9933, 2.33809, 108.079, 0.996764, 0.972976, 1.03323, -120.181, 0.990324, 118.759
2284, 38.06667, 4.7199, -24.4166, 1.98363, 57.6895, 2.33823, 108.377, 0.99675, 0.965909, 1.03317, -120.192, 0.990366, 118.748
2285, 38.07500, 4.71444, -24.2941, 1.9856, 57.3863, 2.33846, 108.674, 0.996735, 0.958857, 1.03311, -120.203, 0.990407, 118.736
2285, 38.08333, 4.709, -24.171, 1.98765, 57.0837, 2.33877, 108.972, 0.99672, 0.95182, 1.03305, -120.215, 0.990447, 118.725
2286, 38.09167, 4.70359, -24.0473, 1.98976, 56.7816, 2.33916, 109.268, 0.996704, 0.944797, 1.03299, -120.226, 0.990486, 118.713
2286, 38.10000, 4.69821, -23.9231, 1.99195, 56.4803, 2.33963, 109.565, 0.996687, 0.937789, 1.03293, -120.237, 0.990523, 118.702
2287, 38.10833, 4.69286, -23.7982, 1.9942, 56.1796, 2.34018, 109.86, 0.996669, 0.930797, 1.03286, -120.248, 0.99056, 118.69
2287, 38.11667, 4.68753, -23.6727, 1.99653, 55.8796, 2.34081, 110.155, 0.996651, 0.92382, 1.0328, -120.259, 0.990596, 118.679
2288, 38.12500, 4.68223, -23.5467, 1.99893, 55.5803, 2.34152, 110.45, 0.996632, 0.916859, 1.03274, -120.271, 0.990631, 118.667
2288, 38.13333, 4.67696, -23.42, 2.0014, 55.2817, 2.3423, 110.744, 0.996612, 0.909914, 1.03268, -120.282, 0.990664, 118.655
2289, 38.14167, 4.67172, -23.2927, 2.00394, 54.9839, 2.34317, 111.037, 0.996592, 0.902984, 1.03262, -120.293, 0.990697, 118.643
2289, 38.15000, 4.6665, -23.1649, 2.00655, 54.6868, 2.34411, 111.33, 0.996571, 0.896072, 1.03255, -120.304, 0.990728, 118.631
2290, 38.15833, 4.66132, -23.0364, 2.00923, 54.3905, 2.34513, 111.621, 0.996549, 0.889176, 1.03249, -120.315, 0.990759, 118.619
2290, 38.16667, 4.65617, -22.9073, 2.01198, 54.0949, 2.34623, 111.913, 0.996526, 0.882297, 1.03243, -120.326, 0.990788, 118.607
2291, 38.17500, 4.65104, -22.7777, 2.0148, 53.8002, 2.3474, 112.203, 0.996503, 0.875435, 1.03237, -120.337, 0.990816, 118.595
2291, 38.18333, 4.64595, -22.6474, 2.01769, 53.5063, 2.34865, 112.493, 0.996479, 0.86859, 1.0323, -120.348, 0.990843, 118.583
2292, 38.19167, 4.64089, -22.5165, 2.02064, 53.2132, 2.34998, 112.781, 0.996455, 0.861762, 1.03224, -120.359, 0.990869, 118.57
2292, 38.20000, 4.63586, -22.3851, 2.02367, 52.921, 2.35138, 113.069, 0.99643, 0.854952, 1.03218, -120.37, 0.990894, 118.558
2293, 38.20833, 4.63087, -22.253, 2.02677, 52.6297, 2.35285, 113.356, 0.996404, 0.848161, 1.03211, -120.381, 0.990917, 118.546
2293, 38.21667, 4.6259, -22.1203, 2.02994, 52.3392, 2.3544, 113.643, 0.996377, 0.841386, 1.03205, -120.392, 0.990939, 118.533
2294, 38.22500, 4.62097, -21.987, 2.03317, 52.0497, 2.35602, 113.928, 0.99635, 0.834631, 1.03198, -120.403, 0.99096, 118.521
2294, 38.23333, 4.61607, -21.8532, 2.03647, 51.761, 2.35772, 114.212, 0.996322, 0.827895, 1.03192, -120.414, 0.99098, 118.508
2295, 38.24167, 4.61121, -21.7187, 2.03985, 51.4733, 2.35949, 114.496, 0.996294, 0.821176, 1.03186, -120.425, 0.990999, 118.496
2295, 38.25000, 4.60638, -21.5836, 2.04329, 51.1865, 2.36133, 114.779, 0.996264, 0.814478, 1.03179, -120.435, 0.991016, 118.483
2296, 38.25833, 4.60158, -21.4479, 2.04679, 50.9007, 2.36324, 115.06, 0.996235, 0.807798, 1.03173, -120.446, 0.991032, 118.47
2296, 38.26667, 4.59682, -21.3117, 2.05037, 50.6158, 2.36523, 115.341, 0.996204, 0.801137, 1.03166, -120.457, 0.991046, 118.457
2297, 38.27500, 4.59209, -21.1748, 2.05401, 50.332, 2.36728, 115.62, 0.996173, 0.794497, 1.0316, -120.468, 0.991059, 118.444
2297, 38.28333, 4.58741, -21.0373, 2.05772, 50.0491, 2.36941, 115.899, 0.996141, 0.787877, 1.03153, -120.479, 0.991071, 118.431
2298, 38.29167, 4.58275, -20.8993, 2.0615, 49.7672, 2.3716, 116.176, 0.996108, 0.781276, 1.03147, -120.49, 0.991082, 118.418
2298, 38.30000, 4.57814, -20.7606, 2.06535, 49.4864, 2.37386, 116.453, 0.996075, 0.774696, 1.0314, -120.501, 0.991091, 118.405
2299, 38.30833, 4.57356, -20.6213, 2.06926, 49.2066, 2.37619, 116.728, 0.996041, 0.768137, 1.03133, -120.511, 0.991099, 118.392
2299, 38.31667, 4.56902, -20.4815, 2.07324, 48.9278, 2.37859, 117.002, 0.996007, 0.761598, 1.03127, -120.522, 0.991105, 118.379
2300, 38.32500, 4.56451, -20.341, 2.07729, 48.65, 2.38106, 117.275, 0.995972, 0.755081, 1.0312, -120.533, 0.99111, 118.365
2300, 38.33333, 4.56005, -20.2, 2.0814, 48.3734, 2.38359, 117.547, 0.995936, 0.748585, 1.03114, -120.544, 0.991113, 118.352
2301, 38.34167, 4.55563, -20.0584, 2.08558, 48.0978, 2.38619, 117.818, 0.9959, 0.74211, 1.03107, -120.554, 0.991115, 118.339
2301, 38.35000, 4.55124, -19.9161, 2.08982, 47.8232, 2.38885, 118.087, 0.995863, 0.735657, 1.031, -120.565, 0.991115, 118.325
2302, 38.35833, 4.5469, -19.7733, 2.09413, 47.5498, 2.39158, 118.356, 0.995825, 0.729227, 1.03094, -120.576, 0.991114, 118.312
2302, 38.36667, 4.54259, -19.6299, 2.0985, 47.2775, 2.39437, 118.623, 0.995787, 0.722818, 1.03087, -120.587, 0.991111, 118.298
2303, 38.37500, 4.53833, -19.4859, 2.10294, 47.0063, 2.39723, 118.888, 0.995748, 0.716432, 1.0308, -120.597, 0.991107, 118.284
2303, 38.38333, 4.5341, -19.3414, 2.10745, 46.7362, 2.40015, 119.153, 0.995708, 0.71007, 1.03073, -120.608, 0.991101, 118.271
2304, 38.39167, 4.52992, -19.1962, 2.11202, 46.4672, 2.40313, 119.416, 0.995668, 0.703729, 1.03067, -120.619, 0.991094, 118.257
2304, 38.40000, 4.52578, -19.0505, 2.11666, 46.1994, 2.40617, 119.678, 0.995627, 0.697413, 1.0306, -120.63, 0.991085, 118.243
2305, 38.40833, 4.52169, -18.9042, 2.12135, 45.9327, 2.40927, 119.939, 0.995585, 0.69112, 1.03053, -120.64, 0.991074, 118.229
2305, 38.41667, 4.51763, -18.7573, 2.12612, 45.6671, 2.41243, 120.199, 0.995543, 0.68485, 1.03046, -120.651, 0.991061, 118.215
2306, 38.42500, 4.51363, -18.6098, 2.13095, 45.4027, 2.41565, 120.457, 0.9955, 0.678604, 1.03039, -120.662, 0.991047, 118.201
2306, 38.43333, 4.50966, -18.4618, 2.13584, 45.1395, 2.41893, 120.713, 0.995457, 0.672384, 1.03033, -120.672, 0.991031, 118.187
2307, 38.44167, 4.50574, -18.3131, 2.14079, 44.8774, 2.42227, 120.969, 0.995413, 0.666187, 1.03026, -120.683, 0.991014, 118.173
2307, 38.45000, 4.50187, -18.1639, 2.14581, 44.6166, 2.42566, 121.223, 0.995368, 0.660015, 1.03019, -120.694, 0.990994, 118.159
2308, 38.45833, 4.49804, -18.0142, 2.15089, 44.3569, 2.42911, 121.475, 0.995323, 0.653869, 1.03012, -120.705, 0.990973, 118.144
2308, 38.46667, 4.49425, -17.8638, 2.15604, 44.0983, 2.43262, 121.727, 0.995277, 0.647747, 1.03005, -120.715, 0.99095, 118.13
2309, 38.47500, 4.49052, -17.713, 2.16124, 43.841, 2.43618, 121.976, 0.99523, 0.641652, 1.02998, -120.726, 0.990925, 118.115
2309, 38.48333, 4.48683, -17.5615, 2.16651, 43.5849, 2.43979, 122.225, 0.995183, 0.635583, 1.02991, -120.737, 0.990899, 118.101
2310, 38.49167, 4.48318, -17.4095, 2.17185, 43.3299, 2.44346, 122.472, 0.995136, 0.629539, 1.02984, -120.747, 0.99087, 118.086
2310, 38.50000, 4.47959, -17.2569, 2.17724, 43.0762, 2.44718, 122.717, 0.995087, 0.623522, 1.02977, -120.758, 0.990839, 118.072
2311, 38.50833, 4.47605, -17.1038, 2.1827, 42.8237, 2.45095, 122.962, 0.995038, 0.617532, 1.0297, -120.769, 0.990807, 118.057
2311, 38.51667, 4.47255, -16.9501, 2.18822, 42.5724, 2.45478, 123.204, 0.994989, 0.611569, 1.02963, -120.78, 0.990773, 118.043
2312, 38.52500, 4.4691, -16.7959, 2.1938, 42.3223, 2.45865, 123.445, 0.994938, 0.605633, 1.02956, -120.79, 0.990736, 118.028
2312, 38.53333, 4.4657, -16.6412, 2.19944, 42.0734, 2.46257, 123.685, 0.994888, 0.599725, 1.02948, -120.801, 0.990698, 118.013
2313, 38.54167, 4.46236, -16.4859, 2.20514, 41.8257, 2.46654, 123.923, 0.994836, 0.593845, 1.02941, -120.812, 0.990657, 117.998
2313, 38.55000, 4.45906, -16.33, 2.21091, 41.5793, 2.47056, 124.16, 0.994784, 0.587993, 1.02934, -120.823, 0.990615, 117.983
2314, 38.55833, 4.45582, -16.1736, 2.21673, 41.3341, 2.47463, 124.395, 0.994732, 0.58217, 1.02927, -120.833, 0.99057, 117.968
2314, 38.56667, 4.45263, -16.0167, 2.22261, 41.09, 2.47874, 124.629, 0.994678, 0.576375, 1.02919, -120.844, 0.990524, 117.953
2314, 38.57500, 4.44949, -15.8593, 2.22856, 40.8473, 2.4829, 124.861, 0.994625, 0.57061, 1.02912, -120.855, 0.990475, 117.938
2315, 38.58333, 4.4464, -15.7014, 2.23457, 40.6057, 2.4871, 125.092, 0.99457, 0.564875, 1.02905, -120.866, 0.990424, 117.923
2316, 38.59167, 4.44337, -15.5429, 2.24063, 40.3654, 2.49134, 125.321, 0.994515, 0.559169, 1.02897, -120.876, 0.990371, 117.908
2316, 38.60000, 4.44039, -15.3839, 2.24676, 40.1263, 2.49563, 125.549, 0.99446, 0.553493, 1.0289, -120.887, 0.990315, 117.893
2317, 38.60833, 4.43747, -15.2244, 2.25294, 39.8885, 2.49996, 125.775, 0.994403, 0.547848, 1.02882, -120.898, 0.990258, 117.877
2317, 38.61667, 4.4346, -15.0644, 2.25919, 39.6518, 2.50433, 125.999, 0.994347, 0.542233, 1.02875, -120.909, 0.990198, 117.862
2318, 38.62500, 4.43179, -14.9039, 2.26549, 39.4164, 2.50874, 126.222, 0.994289, 0.53665, 1.02867, -120.92, 0.990136, 117.847
2318, 38.63333, 4.42903, -14.7429, 2.27185, 39.1822, 2.51319, 126.444, 0.994232, 0.531099, 1.0286, -120.93, 0.990071, 117.831
2318, 38.64167, 4.42633, -14.5814, 2.27828, 38.9493, 2.51768, 126.664, 0.994173, 0.525578, 1.02852, -120.941, 0.990004, 117.816
2319, 38.65000, 4.42369, -14.4194, 2.28476, 38.7175, 2.5222, 126.882, 0.994114, 0.520091, 1.02844, -120.952, 0.989935, 117.8
2320, 38.65833, 4.4211, -14.2569, 2.2913, 38.487, 2.52677, 127.099, 0.994054, 0.514635, 1.02837, -120.963, 0.989864, 117.785
2320, 38.66667, 4.41857, -14.094, 2.2979, 38.2577, 2.53136, 127.314, 0.993994, 0.509212, 1.02829, -120.974, 0.989789, 117.769
2321, 38.67500, 4.41611, -13.9305, 2.30455, 38.0297, 2.53599, 127.528, 0.993933, 0.503823, 1.02821, -120.985, 0.989713, 117.753
2321, 38.68333, 4.4137, -13.7667, 2.31127, 37.8028, 2.54066, 127.74, 0.993872, 0.498468, 1.02813, -120.996, 0.989634, 117.738
2322, 38.69167, 4.41135, -13.6023, 2.31804, 37.5772, 2.54536, 127.95, 0.99381, 0.493146, 1.02805, -121.006, 0.989552, 117.722
2322, 38.70000, 4.40906, -13.4375, 2.32487, 37.3528, 2.55009, 128.159, 0.993748, 0.487859, 1.02797, -121.017, 0.989468, 117.706
2322, 38.70833, 4.40683, -13.2723, 2.33176, 37.1296, 2.55485, 128.366, 0.993685, 0.482606, 1.02789, -121.028, 0.989382, 117.69
2323, 38.71667, 4.40467, -13.1066, 2.3387, 36.9075, 2.55964, 128.572, 0.993621, 0.477388, 1.02781, -121.039, 0.989292, 117.674
2324, 38.72500, 4.40256, -12.9405, 2.3457, 36.6867, 2.56446, 128.776, 0.993557, 0.472206, 1.02773, -121.05, 0.989201, 117.658
2324, 38.73333, 4.40052, -12.7739, 2.35276, 36.4671, 2.56931, 128.979, 0.993492, 0.46706, 1.02765, -121.061, 0.989106, 117.643
2325, 38.74167, 4.39854, -12.6069, 2.35988, 36.2487, 2.57419, 129.18, 0.993427, 0.461949, 1.02757, -121.072, 0.989009, 117.627
2325, 38.75000, 4.39663, -12.4395, 2.36705, 36.0315, 2.57909, 129.38, 0.993361, 0.456876, 1.02748, -121.083, 0.988909, 117.611
2326, 38.75833, 4.39478, -12.2717, 2.37428, 35.8155, 2.58401, 129.578, 0.993295, 0.451839, 1.0274, -121.094, 0.988806, 117.595
2326, 38.76667, 4.39299, -12.1035, 2.38157, 35.6006, 2.58897, 129.774, 0.993228, 0.44684, 1.02732, -121.105, 0.988701, 117.579
2326, 38.77500, 4.39127, -11.9349, 2.38891, 35.387, 2.59394, 129.969, 0.993161, 0.441878, 1.02723, -121.116, 0.988593, 117.563
2327, 38.78333, 4.38961, -11.7659, 2.3963, 35.1745, 2.59894, 130.162, 0.993093, 0.436955, 1.02715, -121.127, 0.988482, 117.546
2328, 38.79167, 4.38802, -11.5965, 2.40376, 34.9631, 2.60395, 130.354, 0.993025, 0.43207, 1.02706, -121.138, 0.988368, 117.53
2328, 38.80000, 4.3865, -11.4268, 2.41127, 34.753, 2.60899, 130.544, 0.992956, 0.427225, 1.02697, -121.149, 0.988251, 117.514
2329, 38.80833, 4.38504, -11.2567, 2.41883, 34.544, 2.61405, 130.732, 0.992887, 0.422418, 1.02689, -121.16, 0.988131, 117.498
2329, 38.81667, 4.38366, -11.0862, 2.42646, 34.3361, 2.61913, 130.919, 0.992817, 0.417652, 1.0268, -121.172, 0.988009, 117.482
2330, 38.82500, 4.38234, -10.9154, 2.43413, 34.1294, 2.62422, 131.105, 0.992746, 0.412925, 1.02671, -121.183, 0.987883, 117.466
2330, 38.83333, 4.38109, -10.7442, 2.44186, 33.9239, 2.62933, 131.288, 0.992675, 0.40824, 1.02662, -121.194, 0.987755, 117.449
2330, 38.84167, 4.3799, -10.5728, 2.44965, 33.7194, 2.63445, 131.471, 0.992604, 0.403595, 1.02653, -121.205, 0.987623, 117.433
2331, 38.85000, 4.37879, -10.401, 2.45749, 33.5161, 2.63959, 131.652, 0.992532, 0.398992, 1.02644, -121.216, 0.987488, 117.417
2332, 38.85833, 4.37775, -10.2288, 2.46539, 33.314, 2.64474, 131.831, 0.99246, 0.394431, 1.02635, -121.227, 0.987351, 117.401
2332, 38.86667, 4.37678, -10.0564, 2.47334, 33.1129, 2.64991, 132.009, 0.992387, 0.389912, 1.02625, -121.238, 0.98721, 117.385
2333, 38.87500, 4.37588, -9.8837, 2.48134, 32.913, 2.65508, 132.185, 0.992314, 0.385436, 1.02616, -121.25, 0.987066, 117.368
2333, 38.88333, 4.37505, -9.71071, 2.4894, 32.7141, 2.66027, 132.36, 0.99224, 0.381004, 1.02607, -121.261, 0.986919, 117.352
2334, 38.89167, 4.3743, -9.53742, 2.49752, 32.5164, 2.66546, 132.533, 0.992166, 0.376614, 1.02597, -121.272, 0.986769, 117.336
2334, 38.90000, 4.37362, -9.36389, 2.50568, 32.3197, 2.67067, 132.705, 0.992091, 0.372269, 1.02587, -121.283, 0.986616, 117.32
2334, 38.90833, 4.37301, -9.19011, 2.51391, 32.1241, 2.67588, 132.875, 0.992016, 0.367969, 1.02578, -121.295, 0.986459, 117.303
2335, 38.91667, 4.37247, -9.01606, 2.52218, 31.9296, 2.68109, 133.044, 0.99194, 0.363713, 1.02568, -121.306, 0.9863, 117.287
2336, 38.92500, 4.37201, -8.8418, 2.53051, 31.7362, 2.68631, 133.211, 0.991864, 0.359503, 1.02558, -121.317, 0.986137, 117.271
2336, 38.93333, 4.37162, -8.66732, 2.53889, 31.5438, 2.69154, 133.377, 0.991788, 0.355338, 1.02548, -121.329, 0.98597, 117.255
2337, 38.94167, 4.37131, -8.49261, 2.54733, 31.3524, 2.69676, 133.541, 0.991711, 0.35122, 1.02538, -121.34, 0.985801, 117.238
2337, 38.95000, 4.37107, -8.31771, 2.55582, 31.1621, 2.70199, 133.704, 0.991634, 0.347148, 1.02528, -121.351, 0.985628, 117.222
2338, 38.95833, 4.37091, -8.14263, 2.56436, 30.9729, 2.70722, 133.866, 0.991556, 0.343124, 1.02518, -121.363, 0.985452, 117.206
2338, 38.96667, 4.37083, -7.96735, 2.57296, 30.7846, 2.71245, 134.026, 0.991478, 0.339147, 1.02507, -121.374, 0.985272, 117.19
2338, 38.97500, 4.37082, -7.79192, 2.58161, 30.5974, 2.71768, 134.185, 0.991399, 0.335219, 1.02497, -121.385, 0.985089, 117.174
2339, 38.98333, 4.37089, -7.61635, 2.59031, 30.4112, 2.72291, 134.342, 0.991321, 0.331338, 1.02486, -121.397, 0.984903, 117.158
2340, 38.99167, 4.37104, -7.44061, 2.59906, 30.226, 2.72813, 134.498, 0.991241, 0.327507, 1.02475, -121.408, 0.984713, 117.142
2340, 39.00000, 4.37126, -7.26476, 2.60787, 30.0418, 2.73335, 134.652, 0.991162, 0.323725, 1.02465, -121.419, 0.98452, 117.126
2341, 39.00833, 4.37156, -7.08879, 2.61672, 29.8586, 2.73856, 134.805, 0.991082, 0.319992, 1.02454, -121.431, 0.984323, 117.11
2341, 39.01667, 4.37195, -6.9127, 2.62563, 29.6763, 2.74376, 134.957, 0.991001, 0.31631, 1.02443, -121.442, 0.984123, 117.094
2342, 39.02500, 4.37241, -6.73654, 2.63459, 29.495, 2.74896, 135.107, 0.990921, 0.312678, 1.02431, -121.454, 0.983919, 117.078
2342, 39.03333, 4.37295, -6.56029, 2.64361, 29.3147, 2.75415, 135.256, 0.99084, 0.309098, 1.0242, -121.465, 0.983712, 117.062
2342, 39.04167, 4.37357, -6.38397, 2.65267, 29.1353, 2.75933, 135.404, 0.990758, 0.305568, 1.02409, -121.477, 0.983501, 117.046
2343, 39.05000, 4.37427, -6.20761, 2.66179, 28.9569, 2.7645, 135.551, 0.990677, 0.302091, 1.02397, -121.488, 0.983287, 117.03
2344, 39.05833, 4.37505, -6.03121, 2.67096, 28.7793, 2.76965, 135.696, 0.990595, 0.298666, 1.02386, -121.5, 0.983069, 117.015
2344, 39.06667, 4.37591, -5.85477, 2.68018, 28.6027, 2.7748, 135.84, 0.990513, 0.295294, 1.02374, -121.511, 0.982848, 116.999
2345, 39.07500, 4.37686, -5.67833, 2.68945, 28.427, 2.77993, 135.982, 0.99043, 0.291974, 1.02362, -121.522, 0.982623, 116.984
2345, 39.08333, 4.37788, -5.5019, 2.69877, 28.2523, 2.78504, 136.124, 0.990347, 0.288709, 1.0235, -121.534, 0.982395, 116.968
2346, 39.09167, 4.37898, -5.32546, 2.70814, 28.0783, 2.79014, 136.264, 0.990264, 0.285497, 1.02338, -121.545, 0.982163, 116.953
2346, 39.10000, 4.38017, -5.14907, 2.71756, 27.9053, 2.79522, 136.403, 0.990181, 0.282339, 1.02326, -121.557, 0.981927, 116.937
2346, 39.10833, 4.38144, -4.97273, 2.72703, 27.7332, 2.80028, 136.54, 0.990097, 0.279236, 1.02313, -121.568, 0.981688, 116.922
2347, 39.11667, 4.38279, -4.79643, 2.73656, 27.5619, 2.80533, 136.677, 0.990013, 0.276188, 1.02301, -121.58, 0.981445, 116.907
2348, 39.12500, 4.38423, -4.62022, 2.74613, 27.3915, 2.81035, 136.812, 0.989929, 0.273195, 1.02288, -121.591, 0.981199, 116.892
2348, 39.13333, 4.38575, -4.44409, 2.75575, 27.2219, 2.81536, 136.946, 0.989845, 0.270259, 1.02275, -121.603, 0.980949, 116.877
2349, 39.14167, 4.38735, -4.26805, 2.76542, 27.0532, 2.82034, 137.079, 0.989761, 0.267378, 1.02262, -121.614, 0.980695, 116.862
2349, 39.15000, 4.38903, -4.09215, 2.77514, 26.8852, 2.8253, 137.211, 0.989676, 0.264553, 1.02249, -121.626, 0.980438, 116.847
2350, 39.15833, 4.39079, -3.91638, 2.78491, 26.7181, 2.83023, 137.342, 0.989591, 0.261786, 1.02236, -121.637, 0.980178, 116.832
2350, 39.16667, 4.39264, -3.74074, 2.79473, 26.5518, 2.83514, 137.472, 0.989506, 0.259075, 1.02222, -121.649, 0.979913, 116.817
2350, 39.17500, 4.39458, -3.56528, 2.8046, 26.3863, 2.84002, 137.6, 0.989421, 0.256423, 1.02209, -121.66, 0.979645, 116.803
2351, 39.18333, 4.39659, -3.39, 2.81452, 26.2216, 2.84488, 137.728, 0.989336, 0.253827, 1.02195, -121.672, 0.979374, 116.788
2352, 39.19167, 4.39869, -3.21489, 2.82448, 26.0576, 2.84971, 137.854, 0.98925, 0.25129, 1.02181, -121.683, 0.979099, 116.774
2352, 39.20000, 4.40088, -3.04001, 2.8345, 25.8945, 2.85451, 137.98, 0.989165, 0.248811, 1.02167, -121.694, 0.97882, 116.76
2353, 39.20833, 4.40314, -2.86535, 2.84456, 25.732, 2.85928, 138.104, 0.989079, 0.246391, 1.02153, -121.706, 0.978538, 116.746
2353, 39.21667, 4.40549, -2.69091, 2.85467, 25.5704, 2.86402, 138.228, 0.988993, 0.24403, 1.02139, -121.717, 0.978252, 116.732
2354, 39.22500, 4.40793, -2.51675, 2.86482, 25.4094, 2.86873, 138.35, 0.988908, 0.241728, 1.02124, -121.729, 0.977962, 116.718
2354, 39.23333, 4.41045, -2.34285, 2.87503, 25.2492, 2.8734, 138.472, 0.988822, 0.239485, 1.0211, -121.74, 0.97767, 116.704
2354, 39.24167, 4.41305, -2.16922, 2.88528, 25.0897, 2.87805, 138.593, 0.988736, 0.237301, 1.02095, -121.751, 0.977373, 116.691
2355, 39.25000, 4.41573, -1.99591, 2.89558, 24.9309, 2.88265, 138.713, 0.98865, 0.235178, 1.0208, -121.763, 0.977073, 116.677
2356, 39.25833, 4.4185, -1.82292, 2.90592, 24.7729, 2.88723, 138.831, 0.988564, 0.233115, 1.02065, -121.774, 0.97677, 116.664
2356, 39.26667, 4.42135, -1.65024, 2.91631, 24.6155, 2.89177, 138.95, 0.988478, 0.231111, 1.0205, -121.785, 0.976463, 116.651
2357, 39.27500, 4.42428, -1.47793, 2.92675, 24.4587, 2.89627, 139.067, 0.988392, 0.229169, 1.02034, -121.797, 0.976153, 116.638
2357, 39.28333, 4.4273, -1.30598, 2.93723, 24.3027, 2.90073, 139.183, 0.988306, 0.227286, 1.02019, -121.808, 0.97584, 116.625
2358, 39.29167, 4.4304, -1.13439, 2.94776, 24.1473, 2.90516, 139.299, 0.98822, 0.225464, 1.02003, -121.819, 0.975523, 116.612
2358, 39.30000, 4.43358, -0.96321, 2.95833, 23.9926, 2.90954, 139.414, 0.988135, 0.223703, 1.01987, -121.83, 0.975202, 116.6
2358, 39.30833, 4.43685, -0.79244, 2.96895, 23.8385, 2.91389, 139.528, 0.988049, 0.222003, 1.01971, -121.841, 0.974879, 116.588
2359, 39.31667, 4.4402, -0.622075, 2.97961, 23.685, 2.9182, 139.641, 0.987963, 0.220364, 1.01955, -121.853, 0.974552, 116.576
2360, 39.32500, 4.44362, -0.452169, 2.99032, 23.5322, 2.92246, 139.754, 0.987878, 0.218786, 1.01938, -121.864, 0.974221, 116.564
2360, 39.33333, 4.44713, -0.282717, 3.00107, 23.38, 2.92669, 139.866, 0.987792, 0.217269, 1.01922, -121.875, 0.973888, 116.552
2361, 39.34167, 4.45072, -0.113715, 3.01186, 23.2284, 2.93087, 139.977, 0.987707, 0.215813, 1.01905, -121.886, 0.973551, 116.54
2361, 39.35000, 4.4544, 0.0547836, 3.0227, 23.0774, 2.93501, 140.088, 0.987622, 0.214419, 1.01888, -121.897, 0.973212, 116.529
2362, 39.35833, 4.45815, 0.222783, 3.03358, 22.9269, 2.9391, 140.198, 0.987537, 0.213085, 1.01871, -121.908, 0.972869, 116.518
2362, 39.36667, 4.46198, 0.390288, 3.04451, 22.7771, 2.94315, 140.307, 0.987452, 0.211813, 1.01854, -121.919, 0.972523, 116.507
2362, 39.37500, 4.46589, 0.557246, 3.05547, 22.6278, 2.94716, 140.416, 0.987368, 0.210601, 1.01836, -121.93, 0.972174, 116.496
2363, 39.38333, 4.46988, 0.723661, 3.06648, 22.4791, 2.95112, 140.525, 0.987283, 0.209451, 1.01819, -121.94, 0.971822, 116.485
2364, 39.39167, 4.47395, 0.889539, 3.07753, 22.331, 2.95504, 140.633, 0.987199, 0.208361, 1.01801, -121.951, 0.971467, 116.475
2364, 39.40000, 4.4781, 1.05483, 3.08862, 22.1834, 2.9589, 140.74, 0.987115, 0.207333, 1.01783, -121.962, 0.97111, 116.465
2365, 39.40833, 4.48233, 1.21953, 3.09976, 22.0363, 2.96273, 140.847, 0.987032, 0.206365, 1.01765, -121.973, 0.970749, 116.455
2365, 39.41667, 4.48663, 1.38365, 3.11093, 21.8897, 2.9665, 140.954, 0.986948, 0.205457, 1.01747, -121.983, 0.970386, 116.445
2366, 39.42500, 4.49101, 1.54715, 3.12214, 21.7437, 2.97023, 141.06, 0.986866, 0.20461, 1.01728, -121.994, 0.97002, 116.436
2366, 39.43333, 4.49546, 1.71001, 3.1334, 21.5982, 2.97391, 141.165, 0.986783, 0.203823, 1.01709, -122.004, 0.969651, 116.427
2366, 39.44167, 4.49999, 1.87226, 3.14469, 21.4532, 2.97754, 141.271, 0.9867, 0.203096, 1.01691, -122.015, 0.96928, 116.418
2367, 39.45000, 4.5046, 2.03384, 3.15602, 21.3088, 2.98112, 141.376, 0.986619, 0.202429, 1.01672, -122.025, 0.968906, 116.409
2368, 39.45833, 4.50927, 2.19476, 3.16739, 21.1648, 2.98465, 141.48, 0.986537, 0.201822, 1.01653, -122.035, 0.96853, 116.4
2368, 39.46667, 4.51403, 2.35502, 3.1788, 21.0212, 2.98813, 141.585, 0.986456, 0.201273, 1.01633, -122.046, 0.968151, 116.392
2369, 39.47500, 4.51885, 2.51457, 3.19025, 20.8782, 2.99157, 141.689, 0.986375, 0.200784, 1.01614, -122.056, 0.96777, 116.384
2369, 39.48333, 4.52375, 2.67342, 3.20173, 20.7357, 2.99495, 141.793, 0.986294, 0.200353, 1.01594, -122.066, 0.967386, 116.376
2370, 39.49167, 4.52872, 2.83158, 3.21326, 20.5936, 2.99829, 141.896, 0.986214, 0.19998, 1.01574, -122.076, 0.967001, 116.369
2370, 39.50000, 4.53375, 2.989, 3.22481, 20.4519, 3.00157, 142, 0.986135, 0.199665, 1.01554, -122.086, 0.966613, 116.362
2370, 39.50833, 4.53886, 3.14568, 3.23641, 20.3107, 3.0048, 142.103, 0.986056, 0.199407, 1.01534, -122.096, 0.966223, 116.355
2371, 39.51667, 4.54404, 3.30164, 3.24804, 20.17, 3.00799, 142.207, 0.985977, 0.199207, 1.01514, -122.106, 0.965831, 116.348
2372, 39.52500, 4.54928, 3.45682, 3.2597, 20.0297, 3.01112, 142.31, 0.985899, 0.199063, 1.01493, -122.116, 0.965437, 116.342
2372, 39.53333, 4.55459, 3.61124, 3.2714, 19.8898, 3.0142, 142.413, 0.985822, 0.198975, 1.01473, -122.125, 0.965042, 116.336
2373, 39.54167, 4.55997, 3.76491, 3.28314, 19.7504, 3.01724, 142.516, 0.985745, 0.198943, 1.01452, -122.135, 0.964644, 116.33
2373, 39.55000, 4.56541, 3.91777, 3.2949, 19.6114, 3.02022, 142.618, 0.985668, 0.198966, 1.01431, -122.144, 0.964245, 116.324
2374, 39.55833, 4.57092, 4.06984, 3.3067, 19.4728, 3.02315, 142.721, 0.985592, 0.199044, 1.0141, -122.154, 0.963845, 116.319
2374, 39.56667, 4.57649, 4.22113, 3.31854, 19.3346, 3.02603, 142.824, 0.985517, 0.199175, 1.01389, -122.163, 0.963442, 116.314
2374, 39.57500, 4.58212, 4.37158, 3.3304, 19.1968, 3.02886, 142.927, 0.985442, 0.199361, 1.01367, -122.172, 0.963039, 116.309
2375, 39.58333, 4.58782, 4.52122, 3.3423, 19.0594, 3.03164, 143.03, 0.985368, 0.199598, 1.01346, -122.182, 0.962634, 116.305
2376, 39.59167, 4.59358, 4.67005, 3.35423, 18.9224, 3.03437, 143.134, 0.985295, 0.199889, 1.01324, -122.191, 0.962227, 116.301
2376, 39.60000, 4.59939, 4.81803, 3.36619, 18.7858, 3.03706, 143.237, 0.985222, 0.20023, 1.01302, -122.2, 0.96182, 116.297
2377, 39.60833, 4.60526, 4.96517, 3.37818, 18.6496, 3.03969, 143.34, 0.98515, 0.200623, 1.0128, -122.208, 0.961411, 116.293
2377, 39.61667, 4.61119, 5.11148, 3.3902, 18.5138, 3.04227, 143.444, 0.985078, 0.201066, 1.01258, -122.217, 0.961002, 116.29
2378, 39.62500, 4.61718, 5.25692, 3.40225, 18.3784, 3.04481, 143.548, 0.985008, 0.201559, 1.01236, -122.226, 0.960591, 116.287
2378, 39.63333, 4.62322, 5.4015, 3.41433, 18.2433, 3.0473, 143.652, 0.984938, 0.2021, 1.01213, -122.235, 0.96018, 116.284
2378, 39.64167, 4.62932, 5.54524, 3.42644, 18.1086, 3.04974, 143.756, 0.984868, 0.202689, 1.01191, -122.243, 0.959768, 116.282
2379, 39.65000, 4.63547, 5.68808, 3.43857, 17.9743, 3.05213, 143.86, 0.9848, 0.203326, 1.01168, -122.251, 0.959355, 116.28
2380, 39.65833, 4.64167, 5.83006, 3.45073, 17.8403, 3.05448, 143.965, 0.984732, 0.204009, 1.01145, -122.26, 0.958942, 116.278
2380, 39.66667, 4.64793, 5.97117, 3.46292, 17.7067, 3.05678, 144.07, 0.984664, 0.204737, 1.01122, -122.268, 0.958528, 116.277
2381, 39.67500, 4.65423, 6.11138, 3.47514, 17.5735, 3.05903, 144.176, 0.984598, 0.205511, 1.01099, -122.276, 0.958114, 116.276
2381, 39.68333, 4.66058, 6.2507, 3.48738, 17.4406, 3.06124, 144.281, 0.984532, 0.206328, 1.01076, -122.284, 0.957699, 116.275
2382, 39.69167, 4.66698, 6.38916, 3.49964, 17.308, 3.0634, 144.388, 0.984468, 0.207189, 1.01053, -122.292, 0.957285, 116.275
2382, 39.70000, 4.67343, 6.5267, 3.51193, 17.1759, 3.06552, 144.494, 0.984404, 0.208092, 1.0103, -122.299, 0.95687, 116.275
2383, 39.70833, 4.67992, 6.66335, 3.52425, 17.044, 3.0676, 144.601, 0.98434, 0.209036, 1.01006, -122.307, 0.956455, 116.275
2383, 39.71667, 4.68645, 6.79912, 3.53659, 16.9125, 3.06964, 144.709, 0.984278, 0.210021, 1.00982, -122.314, 0.956041, 116.275
2384, 39.72500, 4.69303, 6.93397, 3.54895, 16.7814, 3.07163, 144.816, 0.984216, 0.211045, 1.00959, -122.322, 0.955626, 116.276
2384, 39.73333, 4.69965, 7.06793, 3.56133, 16.6506, 3.07358, 144.925, 0.984156, 0.212108, 1.00935, -122.329, 0.955213, 116.277
2385, 39.74167, 4.70632, 7.201, 3.57374, 16.5201, 3.07549, 145.034, 0.984096, 0.213208, 1.00911, -122.336, 0.954799, 116.279
2385, 39.75000, 4.71302, 7.33315, 3.58616, 16.39, 3.07737, 145.143, 0.984037, 0.214345, 1.00887, -122.343, 0.954386, 116.28
2386, 39.75833, 4.71976, 7.4644, 3.59861, 16.2602, 3.0792, 145.253, 0.983979, 0.215518, 1.00863, -122.35, 0.953973, 116.282
2386, 39.76667, 4.72653, 7.59477, 3.61108, 16.1308, 3.081, 145.364, 0.983922, 0.216725, 1.00839, -122.356, 0.953561, 116.285
2387, 39.77500, 4.73335, 7.72422, 3.62357, 16.0017, 3.08276, 145.475, 0.983865, 0.217966, 1.00814, -122.363, 0.953151, 116.288
2387, 39.78333, 4.7402, 7.85278, 3.63607, 15.8729, 3.08448, 145.587, 0.98381, 0.21924, 1.0079, -122.369, 0.95274, 116.291
2388, 39.79167, 4.74708, 7.98045, 3.6486, 15.7444, 3.08617, 145.699, 0.983755, 0.220545, 1.00766, -122.376, 0.952331, 116.294
2388, 39.80000, 4.75399, 8.10721, 3.66114, 15.6163, 3.08783, 145.812, 0.983702, 0.221881, 1.00741, -122.382, 0.951923, 116.298
2389, 39.80833, 4.76094, 8.23307, 3.6737, 15.4886, 3.08945, 145.926, 0.983649, 0.223246, 1.00717, -122.388, 0.951516, 116.302
2389, 39.81667, 4.76792, 8.35806, 3.68628, 15.3611, 3.09104, 146.04, 0.983597, 0.22464, 1.00692, -122.394, 0.951111, 116.306
2390, 39.82500, 4.77492, 8.48214, 3.69888, 15.234, 3.0926, 146.155, 0.983546, 0.226062, 1.00667, -122.4, 0.950707, 116.311
2390, 39.83333, 4.78196, 8.60534, 3.71149, 15.1072, 3.09414, 146.271, 0.983496, 0.227509, 1.00642, -122.406, 0.950304, 116.315
2391, 39.84167, 4.78902, 8.72767, 3.72412, 14.9808, 3.09564, 146.388, 0.983447, 0.228983, 1.00618, -122.411, 0.949903, 116.321
2391, 39.85000, 4.7961, 8.8491, 3.73676, 14.8547, 3.09712, 146.505, 0.983399, 0.23048, 1.00593, -122.417, 0.949503, 116.326
2392, 39.85833, 4.80322, 8.96966, 3.74941, 14.7289, 3.09856, 146.623, 0.983352, 0.232, 1.00568, -122.422, 0.949105, 116.332
2392, 39.86667, 4.81035, 9.08937, 3.76208, 14.6034, 3.09999, 146.742, 0.983306, 0.233543, 1.00543, -122.427, 0.948709, 116.338
2393, 39.87500, 4.81751, 9.20819, 3.77477, 14.4783, 3.10139, 146.861, 0.983261, 0.235106, 1.00518, -122.432, 0.948315, 116.344
2393, 39.88333, 4.82469, 9.32615, 3.78746, 14.3535, 3.10277, 146.981, 0.983217, 0.23669, 1.00493, -122.437, 0.947923, 116.351
2394, 39.89167, 4.83189, 9.44327, 3.80017, 14.2291, 3.10413, 147.103, 0.983173, 0.238292, 1.00468, -122.442, 0.947533, 116.358
2394, 39.90000, 4.83911, 9.55952, 3.8129, 14.105, 3.10547, 147.224, 0.983131, 0.239912, 1.00443, -122.446, 0.947145, 116.366
2395, 39.90833, 4.84635, 9.67493, 3.82563, 13.9812, 3.10679, 147.347, 0.98309, 0.241549, 1.00418, -122.451, 0.946759, 116.373
2395, 39.91667, 4.8536, 9.78951, 3.83838, 13.8578, 3.10809, 147.471, 0.983049, 0.243202, 1.00393, -122.455, 0.946376, 116.381
2396, 39.92500, 4.86087, 9.90325, 3.85113, 13.7347, 3.10937, 147.595, 0.98301, 0.244868, 1.00367, -122.459, 0.945995, 116.389
2396, 39.93333, 4.86816, 10.0162, 3.8639, 13.6119, 3.11064, 147.72, 0.982971, 0.246549, 1.00342, -122.463, 0.945617, 116.398
2397, 39.94167, 4.87546, 10.1283, 3.87667, 13.4895, 3.1119, 147.846, 0.982934, 0.248242, 1.00317, -122.467, 0.945241, 116.406
2397, 39.95000, 4.88278, 10.2395, 3.88946, 13.3674, 3.11315, 147.973, 0.982897, 0.249946, 1.00292, -122.471, 0.944867, 116.415
2398, 39.95833, 4.8901, 10.35, 3.90225, 13.2457, 3.11438, 148.101, 0.982862, 0.25166, 1.00267, -122.474, 0.944497, 116.425
2398, 39.96667, 4.89744, 10.4597, 3.91505, 13.1243, 3.11561, 148.23, 0.982827, 0.253384, 1.00242, -122.478, 0.944129, 116.434
2399, 39.97500, 4.90479, 10.5686, 3.92786, 13.0033, 3.11682, 148.359, 0.982793, 0.255116, 1.00217, -122.481, 0.943764, 116.444
2399, 39.98333, 4.91215, 10.6767, 3.94068, 12.8826, 3.11803, 148.49, 0.982761, 0.256855, 1.00192, -122.484, 0.943403, 116.454
2400, 39.99167, 4.91951, 10.784, 3.95351, 12.7623, 3.11924, 148.621, 0.982729, 0.2586, 1.00166, -122.488, 0.943044, 116.464
2400, 40.00000, 4.92689, 10.8905, 3.96634, 12.6423, 3.12044, 148.753, 0.982698, 0.26035, 1.00141, -122.49, 0.942688, 116.475
2401, 40.00833, 4.93427, 10.9963, 3.97918, 12.5227, 3.12164, 148.887, 0.982668, 0.262105, 1.00116, -122.493, 0.942335, 116.486
2401, 40.01667, 4.94166, 11.1014, 3.99202, 12.4034, 3.12283, 149.021, 0.982639, 0.263862, 1.00091, -122.496, 0.941985, 116.497
2402, 40.02500, 4.94905, 11.2057, 4.00487, 12.2845, 3.12403, 149.155, 0.982611, 0.265622, 1.00066, -122.498, 0.941639, 116.508
2402, 40.03333, 4.95645, 11.3092, 4.01773, 12.1659, 3.12523, 149.291, 0.982584, 0.267383, 1.00041, -122.501, 0.941296, 116.52
2403, 40.04167, 4.96385, 11.4121, 4.03059, 12.0477, 3.12643, 149.428, 0.982558, 0.269144, 1.00017, -122.503, 0.940956, 116.531
2403, 40.05000, 4.97125, 11.5142, 4.04346, 11.9299, 3.12764, 149.566, 0.982532, 0.270904, 0.999917, -122.505, 0.94062, 116.543
2404, 40.05833, 4.97866, 11.6156, 4.05633, 11.8125, 3.12885, 149.704, 0.982508, 0.272662, 0.999669, -122.507, 0.940287, 116.555
2404, 40.06667, 4.98606, 11.7163, 4.0692, 11.6954, 3.13006, 149.843, 0.982485, 0.274418, 0.999422, -122.509, 0.939958, 116.568
2405, 40.07500, 4.99347, 11.8163, 4.08208, 11.5786, 3.13129, 149.984, 0.982462, 0.276171, 0.999175, -122.511, 0.939632, 116.581
2405, 40.08333, 5.00088, 11.9157, 4.09496, 11.4623, 3.13253, 150.125, 0.98244, 0.277919, 0.998928, -122.512, 0.93931, 116.593
2406, 40.09167, 5.00829, 12.0143, 4.10785, 11.3463, 3.13377, 150.267, 0.982419, 0.279661, 0.998683, -122.514, 0.938992, 116.606
2406, 40.10000, 5.01569, 12.1123, 4.12073, 11.2307, 3.13503, 150.41, 0.982399, 0.281398, 0.998438, -122.515, 0.938677, 116.62
2407, 40.10833, 5.0231, 12.2097, 4.13362, 11.1155, 3.1363, 150.553, 0.98238, 0.283127, 0.998193, -122.516, 0.938366, 116.633
2407, 40.11667, 5.0305, 12.3064, 4.14652, 11.0007, 3.13759, 150.698, 0.982362, 0.284849, 0.99795, -122.518, 0.938059, 116.647
2408, 40.12500, 5.0379, 12.4024, 4.15941, 10.8862, 3.13889, 150.843, 0.982345, 0.286562, 0.997707, -122.519, 0.937756, 116.661
2408, 40.13333, 5.04529, 12.4979, 4.17231, 10.7721, 3.14021, 150.99, 0.982328, 0.288266, 0.997465, -122.519, 0.937456, 116.675
2409, 40.14167, 5.05269, 12.5927, 4.1852, 10.6584, 3.14155, 151.137, 0.982313, 0.289959, 0.997224, -122.52, 0.93716, 116.689
2409, 40.15000, 5.06007, 12.6869, 4.1981, 10.5451, 3.14291, 151.285, 0.982298, 0.291641, 0.996983, -122.521, 0.936868, 116.703
2410, 40.15833, 5.06745, 12.7805, 4.211, 10.4322, 3.14429, 151.434, 0.982284, 0.293312, 0.996744, -122.521, 0.936581, 116.718
2410, 40.16667, 5.07483, 12.8736, 4.2239, 10.3197, 3.1457, 151.583, 0.98227, 0.29497, 0.996505, -122.521, 0.936297, 116.733
2411, 40.17500, 5.0822, 12.966, 4.2368, 10.2076, 3.14712, 151.734, 0.982258, 0.296615, 0.996268, -122.522, 0.936017, 116.747
2411, 40.18333, 5.08956, 13.0579, 4.2497, 10.0959, 3.14857, 151.885, 0.982246, 0.298246, 0.996031, -122.522, 0.935741, 116.762
2412, 40.19167, 5.09692, 13.1492, 4.26261, 9.98452, 3.15005, 152.037, 0.982235, 0.299863, 0.995795, -122.522, 0.935469, 116.778
2412, 40.20000, 5.10427, 13.24, 4.27551, 9.87359, 3.15156, 152.19, 0.982225, 0.301464, 0.99556, -122.522, 0.935201, 116.793
2413, 40.20833, 5.11161, 13.3302, 4.28841, 9.76306, 3.15309, 152.344, 0.982216, 0.303049, 0.995327, -122.521, 0.934937, 116.808
2413, 40.21667, 5.11894, 13.4199, 4.30131, 9.65293, 3.15465, 152.498, 0.982207, 0.304618, 0.995094, -122.521, 0.934677, 116.824
2414, 40.22500, 5.12627, 13.5091, 4.31421, 9.54321, 3.15625, 152.653, 0.982199, 0.30617, 0.994863, -122.521, 0.934422, 116.84
2414, 40.23333, 5.13358, 13.5978, 4.32711, 9.43389, 3.15787, 152.809, 0.982192, 0.307705, 0.994632, -122.52, 0.93417, 116.855
2415, 40.24167, 5.14089, 13.6859, 4.34001, 9.32497, 3.15953, 152.965, 0.982186, 0.309221, 0.994403, -122.519, 0.933922, 116.871
2415, 40.25000, 5.14819, 13.7736, 4.35291, 9.21648, 3.16122, 153.123, 0.98218, 0.310718, 0.994175, -122.519, 0.933679, 116.887
2416, 40.25833, 5.15547, 13.8608, 4.3658, 9.10839, 3.16295, 153.28, 0.982175, 0.312196, 0.993948, -122.518, 0.93344, 116.903
2416, 40.26667, 5.16275, 13.9475, 4.3787, 9.00071, 3.16471, 153.439, 0.982171, 0.313654, 0.993723, -122.517, 0.933205, 116.92
2417, 40.27500, 5.17002, 14.0337, 4.39159, 8.89345, 3.16651, 153.598, 0.982167, 0.315092, 0.993498, -122.516, 0.932974, 116.936
2417, 40.28333, 5.17728, 14.1195, 4.40449, 8.7866, 3.16834, 153.758, 0.982164, 0.316509, 0.993275, -122.515, 0.932747, 116.953
2418, 40.29167, 5.18453, 14.2048, 4.41738, 8.68017, 3.17022, 153.919, 0.982161, 0.317905, 0.993053, -122.513, 0.932524, 116.969
2418, 40.30000, 5.19176, 14.2897, 4.43027, 8.57416, 3.17214, 154.08, 0.982159, 0.31928, 0.992832, -122.512, 0.932305, 116.986
2419, 40.30833, 5.19899, 14.3741, 4.44316, 8.46857, 3.17409, 154.241, 0.982158, 0.320632, 0.992613, -122.51, 0.93209, 117.002
2419, 40.31667, 5.2062, 14.4581, 4.45604, 8.36339, 3.17609, 154.404, 0.982158, 0.321962, 0.992395, -122.509, 0.93188, 117.019
2420, 40.32500, 5.2134, 14.5417, 4.46893, 8.25864, 3.17813, 154.566, 0.982158, 0.323269, 0.992178, -122.507, 0.931673, 117.036
2420, 40.33333, 5.2206, 14.6249, 4.48181, 8.15431, 3.18021, 154.73, 0.982158, 0.324553, 0.991963, -122.505, 0.931471, 117.053
2421, 40.34167, 5.22778, 14.7077, 4.49469, 8.0504, 3.18234, 154.894, 0.982159, 0.325813, 0.991749, -122.503, 0.931273, 117.07
2421, 40.35000, 5.23495, 14.7901, 4.50757, 7.94692, 3.18451, 155.058, 0.982161, 0.327049, 0.991536, -122.502, 0.931078, 117.087
2422, 40.35833, 5.2421, 14.8721, 4.52045, 7.84387, 3.18672, 155.223, 0.982163, 0.328262, 0.991325, -122.5, 0.930888, 117.104
2422, 40.36667, 5.24925, 14.9537, 4.53332, 7.74123, 3.18899, 155.389, 0.982166, 0.32945, 0.991115, -122.497, 0.930702, 117.121
2423, 40.37500, 5.25639, 15.035, 4.5462, 7.63903, 3.19129, 155.554, 0.98217, 0.330613, 0.990907, -122.495, 0.93052, 117.139
2423, 40.38333, 5.26351, 15.1159, 4.55907, 7.53726, 3.19365, 155.721, 0.982173, 0.331751, 0.9907, -122.493, 0.930342, 117.156
2424, 40.39167, 5.27062, 15.1965, 4.57194, 7.4359, 3.19605, 155.887, 0.982178, 0.332864, 0.990494, -122.491, 0.930167, 117.173
2424, 40.40000, 5.27772, 15.2766, 4.5848, 7.33498, 3.19851, 156.054, 0.982183, 0.333951, 0.99029, -122.488, 0.929997, 117.19
2425, 40.40833, 5.28481, 15.3565, 4.59767, 7.2345, 3.20101, 156.222, 0.982188, 0.335013, 0.990087, -122.486, 0.929831, 117.208
2425, 40.41667, 5.29188, 15.436, 4.61053, 7.13443, 3.20356, 156.39, 0.982194, 0.336048, 0.989886, -122.483, 0.929668, 117.225
2426, 40.42500, 5.29895, 15.5152, 4.62339, 7.0348, 3.20616, 156.558, 0.9822, 0.337058, 0.989686, -122.48, 0.92951, 117.242
2426, 40.43333, 5.306, 15.5941, 4.63625, 6.93561, 3.20882, 156.726, 0.982207, 0.338042, 0.989487, -122.478, 0.929355, 117.26
2427, 40.44167, 5.31304, 15.6727, 4.6491, 6.83683, 3.21152, 156.895, 0.982214, 0.338999, 0.98929, -122.475, 0.929204, 117.277
2427, 40.45000, 5.32007, 15.7509, 4.66196, 6.7385, 3.21428, 157.064, 0.982221, 0.33993, 0.989095, -122.472, 0.929057, 117.295
2428, 40.45833, 5.32709, 15.8289, 4.67481, 6.64059, 3.21709, 157.234, 0.982229, 0.340834, 0.988901, -122.469, 0.928914, 117.312
2428, 40.46667, 5.3341, 15.9065, 4.68766, 6.54311, 3.21995, 157.404, 0.982238, 0.341711, 0.988709, -122.466, 0.928775, 117.33
2429, 40.47500, 5.3411, 15.9839, 4.7005, 6.44607, 3.22286, 157.573, 0.982246, 0.342562, 0.988518, -122.463, 0.928639, 117.347
2429, 40.48333, 5.34808, 16.061, 4.71335, 6.34946, 3.22583, 157.744, 0.982256, 0.343385, 0.988328, -122.46, 0.928507, 117.364
2430, 40.49167, 5.35506, 16.1378, 4.72619, 6.25327, 3.22885, 157.914, 0.982265, 0.344182, 0.98814, -122.457, 0.928378, 117.382
2430, 40.50000, 5.36202, 16.2144, 4.73904, 6.15752, 3.23193, 158.084, 0.982275, 0.344952, 0.987954, -122.453, 0.928254, 117.399
2431, 40.50833, 5.36897, 16.2907, 4.75188, 6.06221, 3.23506, 158.255, 0.982285, 0.345694, 0.987769, -122.45, 0.928132, 117.417
2431, 40.51667, 5.37592, 16.3667, 4.76471, 5.96731, 3.23825, 158.426, 0.982296, 0.34641, 0.987585, -122.447, 0.928015, 117.434
2432, 40.52500, 5.38285, 16.4425, 4.77755, 5.87285, 3.24149, 158.597, 0.982307, 0.347098, 0.987404, -122.443, 0.927901, 117.451
2432, 40.53333, 5.38977, 16.518, 4.79039, 5.77883, 3.24478, 158.768, 0.982318, 0.347759, 0.987223, -122.44, 0.92779, 117.469
2433, 40.54167, 5.39668, 16.5933, 4.80322, 5.68522, 3.24814, 158.939, 0.982329, 0.348394, 0.987044, -122.436, 0.927683, 117.486
2433, 40.55000, 5.40358, 16.6683, 4.81605, 5.59205, 3.25154, 159.11, 0.982341, 0.349001, 0.986867, -122.433, 0.92758, 117.503
2434, 40.55833, 5.41047, 16.7431, 4.82888, 5.49931, 3.25501, 159.281, 0.982353, 0.349581, 0.986691, -122.429, 0.927479, 117.521
2434, 40.56667, 5.41736, 16.8177, 4.84171, 5.40699, 3.25853, 159.453, 0.982365, 0.350134, 0.986516, -122.425, 0.927382, 117.538
2435, 40.57500, 5.42423, 16.8921, 4.85454, 5.3151, 3.2621, 159.624, 0.982378, 0.35066, 0.986344, -122.422, 0.927289, 117.555
2435, 40.58333, 5.43109, 16.9662, 4.86737, 5.22364, 3.26573, 159.795, 0.982391, 0.351159, 0.986172, -122.418, 0.927199, 117.572
2436, 40.59167, 5.43794, 17.0402, 4.88019, 5.1326, 3.26942, 159.966, 0.982404, 0.351631, 0.986002, -122.414, 0.927112, 117.589
2436, 40.60000, 5.44479, 17.1139, 4.89302, 5.04199, 3.27316, 160.138, 0.982417, 0.352076, 0.985834, -122.41, 0.927028, 117.606
2437, 40.60833, 5.45162, 17.1874, 4.90584, 4.95181, 3.27697, 160.309, 0.982431, 0.352495, 0.985667, -122.406, 0.926947, 117.623
2437, 40.61667, 5.45845, 17.2607, 4.91866, 4.86204, 3.28082, 160.48, 0.982445, 0.352887, 0.985501, -122.402, 0.92687, 117.64
2438, 40.62500, 5.46527, 17.3339, 4.93149, 4.7727, 3.28474, 160.651, 0.982459, 0.353253, 0.985338, -122.398, 0.926796, 117.657
2438, 40.63333, 5.47208, 17.4068, 4.94431, 4.68378, 3.28871, 160.822, 0.982473, 0.353592, 0.985175, -122.394, 0.926724, 117.674
2439, 40.64167, 5.47889, 17.4795, 4.95713, 4.59528, 3.29274, 160.993, 0.982487, 0.353905, 0.985014, -122.39, 0.926656, 117.691
2439, 40.65000, 5.48568, 17.5521, 4.96995, 4.5072, 3.29682, 161.164, 0.982502, 0.354191, 0.984855, -122.386, 0.926591, 117.708
2439, 40.65833, 5.49247, 17.6244, 4.98277, 4.41954, 3.30096, 161.334, 0.982517, 0.354452, 0.984697, -122.382, 0.926529, 117.724
2440, 40.66667, 5.49925, 17.6966, 4.99559, 4.33229, 3.30516, 161.504, 0.982531, 0.354687, 0.98454, -122.378, 0.926469, 117.741
2441, 40.67500, 5.50603, 17.7686, 5.00841, 4.24546, 3.30941, 161.675, 0.982547, 0.354896, 0.984385, -122.374, 0.926413, 117.758
2441, 40.68333, 5.51279, 17.8405, 5.02123, 4.15905, 3.31372, 161.845, 0.982562, 0.355079, 0.984231, -122.37, 0.926359, 117.774
2442, 40.69167, 5.51956, 17.9121, 5.03405, 4.07305, 3.31808, 162.015, 0.982577, 0.355237, 0.984079, -122.365, 0.926308, 117.791
2442, 40.70000, 5.52631, 17.9836, 5.04687, 3.98746, 3.3225, 162.184, 0.982593, 0.35537, 0.983928, -122.361, 0.92626, 117.807
2443, 40.70833, 5.53306, 18.055, 5.05969, 3.90228, 3.32698, 162.353, 0.982608, 0.355477, 0.983779, -122.357, 0.926215, 117.823
2443, 40.71667, 5.5398, 18.1261, 5.07251, 3.81751, 3.33151, 162.523, 0.982624, 0.35556, 0.983631, -122.352, 0.926172, 117.839
2443, 40.72500, 5.54654, 18.1972, 5.08533, 3.73315, 3.3361, 162.691, 0.98264, 0.355618, 0.983484, -122.348, 0.926132, 117.856
2444, 40.73333, 5.55327, 18.268, 5.09815, 3.6492, 3.34075, 162.86, 0.982656, 0.355651, 0.983339, -122.344, 0.926095, 117.872
2445, 40.74167, 5.56, 18.3387, 5.11098, 3.56564, 3.34545, 163.028, 0.982672, 0.355659, 0.983195, -122.339, 0.92606, 117.888
2445, 40.75000, 5.56672, 18.4093, 5.1238, 3.4825, 3.3502, 163.196, 0.982688, 0.355644, 0.983053, -122.335, 0.926027, 117.904
2446, 40.75833, 5.57344, 18.4797, 5.13662, 3.39976, 3.35501, 163.364, 0.982705, 0.355604, 0.982912, -122.331, 0.925998, 117.919
2446, 40.76667, 5.58015, 18.55, 5.14945, 3.31741, 3.35987, 163.531, 0.982721, 0.355541, 0.982772, -122.326, 0.92597, 117.935
2447, 40.77500, 5.58686, 18.6201, 5.16227, 3.23547, 3.36479, 163.698, 0.982737, 0.355454, 0.982634, -122.322, 0.925945, 117.951
2447, 40.78333, 5.59356, 18.6901, 5.1751, 3.15392, 3.36976, 163.865, 0.982754, 0.355344, 0.982497, -122.317, 0.925923, 117.967
2447, 40.79167, 5.60026, 18.7599, 5.18793, 3.07276, 3.37479, 164.031, 0.98277, 0.35521, 0.982362, -122.313, 0.925903, 117.982
2448, 40.80000, 5.60696, 18.8296, 5.20076, 2.99201, 3.37987, 164.197, 0.982787, 0.355053, 0.982228, -122.308, 0.925885, 117.998
2449, 40.80833, 5.61366, 18.8992, 5.21359, 2.91165, 3.385, 164.363, 0.982804, 0.354874, 0.982095, -122.304, 0.925869, 118.013
2449, 40.81667, 5.62035, 18.9686, 5.22643, 2.83166, 3.39019, 164.528, 0.98282, 0.354671, 0.981963, -122.299, 0.925856, 118.028
2450, 40.82500, 5.62704, 19.0379, 5.23926, 2.75208, 3.39542, 164.693, 0.982837, 0.354447, 0.981833, -122.294, 0.925844, 118.043
2450, 40.83333, 5.63372, 19.1071, 5.2521, 2.67288, 3.40071, 164.857, 0.982854, 0.3542, 0.981704, -122.29, 0.925835, 118.058
2451, 40.84167, 5.64041, 19.1761, 5.26494, 2.59406, 3.40606, 165.021, 0.982871, 0.353932, 0.981576, -122.285, 0.925829, 118.073
2451, 40.85000, 5.64709, 19.245, 5.27778, 2.51563, 3.41145, 165.184, 0.982888, 0.353642, 0.98145, -122.281, 0.925824, 118.088
2451, 40.85833, 5.65377, 19.3138, 5.29062, 2.43759, 3.4169, 165.348, 0.982904, 0.35333, 0.981325, -122.276, 0.925821, 118.103
2452, 40.86667, 5.66044, 19.3825, 5.30347, 2.35991, 3.4224, 165.51, 0.982921, 0.352997, 0.981201, -122.272, 0.92582, 118.118
2453, 40.87500, 5.66712, 19.451, 5.31632, 2.28262, 3.42794, 165.672, 0.982938, 0.352643, 0.981079, -122.267, 0.925821, 118.133
2453, 40.88333, 5.6738, 19.5194, 5.32917, 2.20571, 3.43354, 165.834, 0.982955, 0.352268, 0.980957, -122.262, 0.925824, 118.147
2454, 40.89167, 5.68047, 19.5877, 5.34202, 2.12916, 3.43919, 165.995, 0.982972, 0.351872, 0.980837, -122.258, 0.92583, 118.162
2454, 40.90000, 5.68715, 19.6559, 5.35488, 2.053, 3.44489, 166.156, 0.982989, 0.351457, 0.980718, -122.253, 0.925837, 118.176
2455, 40.90833, 5.69382, 19.7239, 5.36774, 1.9772, 3.45064, 166.316, 0.983006, 0.351021, 0.980601, -122.248, 0.925845, 118.19
2455, 40.91667, 5.70049, 19.7919, 5.3806, 1.90176, 3.45643, 166.476, 0.983023, 0.350565, 0.980484, -122.244, 0.925856, 118.204
2455, 40.92500, 5.70717, 19.8597, 5.39347, 1.8267, 3.46228, 166.635, 0.983039, 0.35009, 0.980369, -122.239, 0.925868, 118.219
2456, 40.93333, 5.71384, 19.9274, 5.40634, 1.75201, 3.46817, 166.794, 0.983056, 0.349595, 0.980255, -122.235, 0.925882, 118.233
2457, 40.94167, 5.72051, 19.995, 5.41921, 1.67766, 3.47412, 166.952, 0.983073, 0.349081, 0.980142, -122.23, 0.925898, 118.246
2457, 40.95000, 5.72719, 20.0624, 5.43208, 1.60369, 3.4801, 167.11, 0.98309, 0.348548, 0.98003, -122.225, 0.925916, 118.26
2458, 40.95833, 5.73386, 20.1298, 5.44496, 1.53007, 3.48614, 167.267, 0.983106, 0.347997, 0.97992, -122.221, 0.925935, 118.274
2458, 40.96667, 5.74054, 20.197, 5.45785, 1.45681, 3.49222, 167.423, 0.983123, 0.347427, 0.97981, -122.216, 0.925956, 118.288
2459, 40.97500, 5.74722, 20.2641, 5.47073, 1.3839, 3.49835, 167.579, 0.98314, 0.346838, 0.979702, -122.211, 0.925978, 118.301
2459, 40.98333, 5.75389, 20.3311, 5.48362, 1.31135, 3.50453, 167.735, 0.983157, 0.346232, 0.979595, -122.207, 0.926002, 118.315
2459, 40.99167, 5.76058, 20.398, 5.49652, 1.23914, 3.51075, 167.89, 0.983173, 0.345608, 0.979489, -122.202, 0.926027, 118.328
2460, 41.00000, 5.76726, 20.4648, 5.50942, 1.16729, 3.51702, 168.044, 0.98319, 0.344966, 0.979384, -122.197, 0.926054, 118.341
2461, 41.00833, 5.77394, 20.5315, 5.52232, 1.09578, 3.52333, 168.198, 0.983206, 0.344308, 0.97928, -122.193, 0.926083, 118.354
2461, 41.01667, 5.78063, 20.598, 5.53523, 1.02461, 3.52969, 168.351, 0.983222, 0.343632, 0.979177, -122.188, 0.926113, 118.367
2462, 41.02500, 5.78732, 20.6645, 5.54814, 0.953789, 3.53609, 168.504, 0.983239, 0.342939, 0.979075, -122.183, 0.926144, 118.38
2462, 41.03333, 5.79401, 20.7308, 5.56105, 0.88331, 3.54253, 168.656, 0.983255, 0.342229, 0.978974, -122.179, 0.926176, 118.393
2463, 41.04167, 5.8007, 20.797, 5.57397, 0.81316, 3.54902, 168.808, 0.983271, 0.341504, 0.978875, -122.174, 0.92621, 118.406
2463, 41.05000, 5.8074, 20.8632, 5.5869, 0.743356, 3.55555, 168.959, 0.983288, 0.340762, 0.978776, -122.17, 0.926246, 118.419
2463, 41.05833, 5.8141, 20.9292, 5.59983, 0.673885, 3.56212, 169.109, 0.983304, 0.340004, 0.978679, -122.165, 0.926282, 118.431
2464, 41.06667, 5.8208, 20.9951, 5.61276, 0.604738, 3.56874, 169.259, 0.98332, 0.33923, 0.978582, -122.16, 0.92632, 118.444
2465, 41.07500, 5.82751, 21.0608, 5.6257, 0.535929, 3.57539, 169.408, 0.983336, 0.338441, 0.978486, -122.156, 0.926359, 118.456
2465, 41.08333, 5.83422, 21.1265, 5.63864, 0.467448, 3.58209, 169.556, 0.983351, 0.337637, 0.978392, -122.151, 0.926399, 118.468
2466, 41.09167, 5.84094, 21.1921, 5.65159, 0.399285, 3.58883, 169.704, 0.983367, 0.336817, 0.978298, -122.147, 0.926441, 118.48
2466, 41.10000, 5.84766, 21.2575, 5.66455, 0.331454, 3.59561, 169.852, 0.983383, 0.335983, 0.978206, -122.142, 0.926483, 118.493
2467, 41.10833, 5.85438, 21.3229, 5.67751, 0.263945, 3.60243, 169.999, 0.983399, 0.335135, 0.978114, -122.137, 0.926527, 118.505
2467, 41.11667, 5.86111, 21.3881, 5.69047, 0.196747, 3.60929, 170.145, 0.983414, 0.334271, 0.978023, -122.133, 0.926572, 118.516
2467, 41.12500, 5.86784, 21.4532, 5.70344, 0.129876, 3.61618, 170.29, 0.98343, 0.333394, 0.977934, -122.128, 0.926618, 118.528
2468, 41.13333, 5.87457, 21.5182, 5.71642, 0.0633194, 3.62312, 170.435, 0.983445, 0.332503, 0.977845, -122.124, 0.926665, 118.54
2469, 41.14167, 5.88131, 21.5832, 5.7294, -0.0029312, 3.6301, 170.58, 0.98346, 0.331598, 0.977757, -122.119, 0.926713, 118.552
2469, 41.15000, 5.88806, 21.6479, 5.74239, -0.0688623, 3.63711, 170.724, 0.983475, 0.33068, 0.97767, -122.115, 0.926762, 118.563
2470, 41.15833, 5.89481, 21.7126, 5.75538, -0.134484, 3.64416, 170.867, 0.983491, 0.329748, 0.977584, -122.11, 0.926812, 118.575
2470, 41.16667, 5.90157, 21.7772, 5.76838, -0.199806, 3.65125, 171.009, 0.983506, 0.328803, 0.977499, -122.106, 0.926863, 118.586
2471, 41.17500, 5.90833, 21.8417, 5.78139, -0.264815, 3.65837, 171.151, 0.983521, 0.327845, 0.977415, -122.101, 0.926915, 118.597
2471, 41.18333, 5.9151, 21.906, 5.7944, -0.32952, 3.66553, 171.292, 0.983535, 0.326875, 0.977331, -122.097, 0.926968, 118.608
2471, 41.19167, 5.92187, 21.9702, 5.80742, -0.393932, 3.67273, 171.433, 0.98355, 0.325892, 0.977249, -122.092, 0.927022, 118.619
2472, 41.20000, 5.92865, 22.0344, 5.82044, -0.458037, 3.67997, 171.573, 0.983565, 0.324897, 0.977167, -122.088, 0.927076, 118.63
2473, 41.20833, 5.93543, 22.0984, 5.83347, -0.521845, 3.68723, 171.713, 0.983579, 0.32389, 0.977086, -122.083, 0.927132, 118.641
2473, 41.21667, 5.94222, 22.1623, 5.84651, -0.585365, 3.69454, 171.852, 0.983594, 0.322871, 0.977006, -122.079, 0.927188, 118.652
2474, 41.22500, 5.94902, 22.226, 5.85955, -0.648584, 3.70188, 171.99, 0.983608, 0.32184, 0.976927, -122.075, 0.927245, 118.663
2474, 41.23333, 5.95582, 22.2897, 5.8726, -0.711512, 3.70925, 172.127, 0.983622, 0.320798, 0.976849, -122.07, 0.927303, 118.673
2475, 41.24167, 5.96263, 22.3533, 5.88566, -0.774158, 3.71666, 172.264, 0.983636, 0.319744, 0.976771, -122.066, 0.927362, 118.684
2475, 41.25000, 5.96945, 22.4167, 5.89872, -0.836509, 3.7241, 172.401, 0.98365, 0.31868, 0.976695, -122.061, 0.927421, 118.694
2475, 41.25833, 5.97627, 22.4801, 5.91179, -0.898575, 3.73157, 172.536, 0.983664, 0.317604, 0.976619, -122.057, 0.927481, 118.705
2476, 41.26667, 5.9831, 22.5433, 5.92487, -0.960366, 3.73907, 172.672, 0.983678, 0.316518, 0.976544, -122.053, 0.927542, 118.715
2477, 41.27500, 5.98994, 22.6064, 5.93795, -1.02187, 3.74661, 172.806, 0.983692, 0.315421, 0.976469, -122.048, 0.927604, 118.725
2477, 41.28333, 5.99678, 22.6693, 5.95104, -1.08309, 3.75418, 172.94, 0.983705, 0.314314, 0.976396, -122.044, 0.927666, 118.735
2478, 41.29167, 6.00363, 22.7322, 5.96414, -1.14404, 3.76178, 173.073, 0.983719, 0.313197, 0.976323, -122.04, 0.927729, 118.745
2478, 41.30000, 6.01049, 22.795, 5.97724, -1.20471, 3.76942, 173.206, 0.983732, 0.31207, 0.976251, -122.035, 0.927793, 118.755
2479, 41.30833, 6.01735, 22.8576, 5.99035, -1.26511, 3.77708, 173.338, 0.983745, 0.310933, 0.97618, -122.031, 0.927857, 118.765
2479, 41.31667, 6.02422, 22.9201, 6.00347, -1.32524, 3.78477, 173.47, 0.983758, 0.309786, 0.976109, -122.027, 0.927922, 118.775
2479, 41.32500, 6.0311, 22.9825, 6.0166, -1.38509, 3.7925, 173.601, 0.983771, 0.30863, 0.976039, -122.022, 0.927987, 118.784
2480, 41.33333, 6.03799, 23.0448, 6.02973, -1.44468, 3.80025, 173.731, 0.983784, 0.307464, 0.97597, -122.018, 0.928053, 118.794
2481, 41.34167, 6.04489, 23.107, 6.04287, -1.50401, 3.80804, 173.861, 0.983797, 0.30629, 0.975902, -122.014, 0.928119, 118.803
2481, 41.35000, 6.05179, 23.169, 6.05602, -1.56307, 3.81585, 173.99, 0.98381, 0.305106, 0.975834, -122.01, 0.928186, 118.813
2482, 41.35833, 6.0587, 23.2309, 6.06917, -1.62186, 3.82369, 174.118, 0.983822, 0.303914, 0.975767, -122.006, 0.928254, 118.822
2482, 41.36667, 6.06562, 23.2927, 6.08234, -1.68041, 3.83156, 174.246, 0.983835, 0.302713, 0.975701, -122.001, 0.928322, 118.831
2483, 41.37500, 6.07254, 23.3544, 6.09551, -1.73868, 3.83946, 174.373, 0.983847, 0.301503, 0.975635, -121.997, 0.928391, 118.84
2483, 41.38333, 6.07948, 23.416, 6.10869, -1.7967, 3.84739, 174.5, 0.983859, 0.300286, 0.97557, -121.993, 0.92846, 118.849
2483, 41.39167, 6.08642, 23.4774, 6.12187, -1.85448, 3.85534, 174.626, 0.983871, 0.29906, 0.975506, -121.989, 0.928529, 118.858
2484, 41.40000, 6.09337, 23.5387, 6.13507, -1.91199, 3.86332, 174.751, 0.983883, 0.297826, 0.975442, -121.985, 0.928599, 118.867
2485, 41.40833, 6.10033, 23.5999, 6.14827, -1.96925, 3.87133, 174.876, 0.983895, 0.296585, 0.975379, -121.981, 0.92867, 118.876
2485, 41.41667, 6.1073, 23.661, 6.16148, -2.02627, 3.87936, 175.001, 0.983907, 0.295335, 0.975317, -121.977, 0.928741, 118.885
2486, 41.42500, 6.11427, 23.7219, 6.1747, -2.08304, 3.88742, 175.124, 0.983918, 0.294078, 0.975255, -121.973, 0.928812, 118.894
2486, 41.43333, 6.12126, 23.7828, 6.18792, -2.13956, 3.89551, 175.248, 0.98393, 0.292814, 0.975194, -121.969, 0.928883, 118.902
2487, 41.44167, 6.12825, 23.8435, 6.20116, -2.19585, 3.90362, 175.37, 0.983941, 0.291543, 0.975134, -121.964, 0.928955, 118.911
2487, 41.45000, 6.13525, 23.904, 6.2144, -2.25188, 3.91176, 175.492, 0.983953, 0.290264, 0.975074, -121.96, 0.929028, 118.919
2487, 41.45833, 6.14226, 23.9645, 6.22765, -2.30768, 3.91992, 175.613, 0.983964, 0.288979, 0.975014, -121.956, 0.929101, 118.927
2488, 41.46667, 6.14928, 24.0248, 6.24091, -2.36324, 3.92811, 175.734, 0.983975, 0.287687, 0.974956, -121.952, 0.929174, 118.936
2489, 41.47500, 6.15631, 24.085, 6.25417, -2.41857, 3.93632, 175.855, 0.983986, 0.286388, 0.974898, -121.948, 0.929247, 118.944
2489, 41.48333, 6.16335, 24.1451, 6.26745, -2.47365, 3.94456, 175.974, 0.983997, 0.285083, 0.97484, -121.945, 0.929321, 118.952
2490, 41.49167, 6.17039, 24.205, 6.28073, -2.52851, 3.95282, 176.093, 0.984007, 0.283771, 0.974783, -121.941, 0.929395, 118.96
2490, 41.50000, 6.17745, 24.2648, 6.29402, -2.58314, 3.9611, 176.212, 0.984018, 0.282453, 0.974727, -121.937, 0.929469, 118.968
2491, 41.50833, 6.18451, 24.3245, 6.30732, -2.63753, 3.96941, 176.33, 0.984028, 0.281129, 0.974671, -121.933, 0.929544, 118.976
2491, 41.51667, 6.19159, 24.384, 6.32063, -2.6917, 3.97774, 176.447, 0.984039, 0.279799, 0.974616, -121.929, 0.929619, 118.984
2491, 41.52500, 6.19867, 24.4435, 6.33395, -2.74564, 3.98609, 176.564, 0.984049, 0.278463, 0.974561, -121.925, 0.929694, 118.992
2492, 41.53333, 6.20576, 24.5027, 6.34727, -2.79936, 3.99446, 176.681, 0.984059, 0.277121, 0.974507, -121.921, 0.929769, 118.999
2493, 41.54167, 6.21286, 24.5619, 6.36061, -2.85285, 4.00286, 176.796, 0.984069, 0.275774, 0.974454, -121.917, 0.929845, 119.007
2493, 41.55000, 6.21997, 24.6209, 6.37395, -2.90613, 4.01128, 176.912, 0.984079, 0.274421, 0.9744, -121.913, 0.929921, 119.014
2494, 41.55833, 6.22709, 24.6798, 6.3873, -2.95918, 4.01972, 177.026, 0.984089, 0.273063, 0.974348, -121.91, 0.929997, 119.022
2494, 41.56667, 6.23421, 24.7386, 6.40067, -3.01202, 4.02818, 177.14, 0.984098, 0.2717, 0.974296, -121.906, 0.930073, 119.029
2495, 41.57500, 6.24135, 24.7972, 6.41404, -3.06464, 4.03667, 177.254, 0.984108, 0.270331, 0.974244, -121.902, 0.93015, 119.037
2495, 41.58333, 6.2485, 24.8557, 6.42741, -3.11704, 4.04517, 177.367, 0.984117, 0.268958, 0.974193, -121.898, 0.930227, 119.044
2495, 41.59167, 6.25565, 24.9141, 6.4408, -3.16924, 4.05369, 177.48, 0.984127, 0.267579, 0.974143, -121.895, 0.930304, 119.051
2496, 41.60000, 6.26282, 24.9723, 6.4542, -3.22121, 4.06224, 177.592, 0.984136, 0.266196, 0.974093, -121.891, 0.930381, 119.058
2497, 41.60833, 6.26999, 25.0304, 6.4676, -3.27298, 4.0708, 177.703, 0.984145, 0.264809, 0.974043, -121.887, 0.930458, 119.065
2497, 41.61667, 6.27718, 25.0883, 6.48102, -3.32455, 4.07939, 177.814, 0.984154, 0.263416, 0.973994, -121.883, 0.930535, 119.072
2498, 41.62500, 6.28437, 25.1462, 6.49444, -3.37591, 4.088, 177.924, 0.984163, 0.262019, 0.973946, -121.88, 0.930613, 119.079
2498, 41.63333, 6.29158, 25.2038, 6.50787, -3.42706, 4.09662, 178.034, 0.984172, 0.260618, 0.973898, -121.876, 0.930691, 119.086
2499, 41.64167, 6.29879, 25.2614, 6.52131, -3.47801, 4.10526, 178.144, 0.98418, 0.259213, 0.97385, -121.872, 0.930768, 119.093
2499, 41.65000, 6.30601, 25.3188, 6.53476, -3.52875, 4.11393, 178.253, 0.984189, 0.257804, 0.973803, -121.869, 0.930846, 119.1
2499, 41.65833, 6.31324, 25.3761, 6.54822, -3.5793, 4.12261, 178.361, 0.984197, 0.25639, 0.973756, -121.865, 0.930924, 119.106
2500, 41.66667, 6.32048, 25.4332, 6.56169, -3.62965, 4.13131, 178.469, 0.984206, 0.254973, 0.97371, -121.862, 0.931003, 119.113
2501, 41.67500, 6.32774, 25.4902, 6.57517, -3.6798, 4.14003, 178.576, 0.984214, 0.253552, 0.973664, -121.858, 0.931081, 119.12
2501, 41.68333, 6.335, 25.547, 6.58866, -3.72975, 4.14876, 178.683, 0.984222, 0.252127, 0.973619, -121.854, 0.931159, 119.126
2502, 41.69167, 6.34227, 25.6038, 6.60216, -3.77952, 4.15752, 178.79, 0.98423, 0.250698, 0.973574, -121.851, 0.931238, 119.133
2502, 41.70000, 6.34955, 25.6603, 6.61566, -3.82908, 4.16629, 178.895, 0.984238, 0.249266, 0.973529, -121.847, 0.931316, 119.139
2503, 41.70833, 6.35684, 25.7168, 6.62918, -3.87846, 4.17508, 179.001, 0.984246, 0.247831, 0.973485, -121.844, 0.931395, 119.145
2503, 41.71667, 6.36414, 25.7731, 6.6427, -3.92765, 4.18389, 179.106, 0.984253, 0.246392, 0.973442, -121.84, 0.931474, 119.151
2503, 41.72500, 6.37144, 25.8292, 6.65624, -3.97664, 4.19271, 179.21, 0.984261, 0.24495, 0.973399, -121.837, 0.931552, 119.158
2504, 41.73333, 6.37876, 25.8852, 6.66978, -4.02545, 4.20155, 179.314, 0.984268, 0.243505, 0.973356, -121.833, 0.931631, 119.164
2505, 41.74167, 6.38609, 25.9411, 6.68333, -4.07408, 4.21041, 179.417, 0.984276, 0.242056, 0.973313, -121.83, 0.93171, 119.17
2505, 41.75000, 6.39343, 25.9968, 6.6969, -4.12252, 4.21929, 179.52, 0.984283, 0.240605, 0.973271, -121.827, 0.931789, 119.176
2506, 41.75833, 6.40078, 26.0524, 6.71047, -4.17078, 4.22818, 179.623, 0.98429, 0.239151, 0.97323, -121.823, 0.931868, 119.182
2506, 41.76667, 6.40813, 26.1078, 6.72405, -4.21886, 4.23708, 179.725, 0.984297, 0.237694, 0.973188, -121.82, 0.931947, 119.188
2507, 41.77500, 6.4155, 26.1631, 6.73764, -4.26676, 4.24601, 179.827, 0.984304, 0.236234, 0.973148, -121.816, 0.932026, 119.194
2507, 41.78333, 6.42288, 26.2182, 6.75124, -4.31447, 4.25495, 179.928, 0.984311, 0.234772, 0.973107, -121.813, 0.932105, 119.199
2508, 41.79167, 6.43026, 26.2732, 6.76485, -4.36202, 4.2639, -179.972, 0.984318, 0.233307, 0.973067, -121.81, 0.932184, 119.205
2508, 41.80000, 6.43766, 26.3281, 6.77847, -4.40939, 4.27287, -179.871, 0.984324, 0.231839, 0.973027, -121.806, 0.932263, 119.211
2509, 41.80833, 6.44506, 26.3828, 6.7921, -4.45658, 4.28186, -179.772, 0.984331, 0.230369, 0.972988, -121.803, 0.932342, 119.216
2509, 41.81667, 6.45248, 26.4374, 6.80574, -4.5036, 4.29086, -179.672, 0.984337, 0.228897, 0.972949, -121.8, 0.932421, 119.222
2510, 41.82500, 6.4599, 26.4918, 6.81939, -4.55044, 4.29987, -179.574, 0.984344, 0.227423, 0.97291, -121.796, 0.9325, 119.227
2510, 41.83333, 6.46734, 26.546, 6.83305, -4.59712, 4.3089, -179.475, 0.98435, 0.225946, 0.972872, -121.793, 0.932579, 119.233
2511, 41.84167, 6.47478, 26.6002, 6.84672, -4.64363, 4.31795, -179.377, 0.984356, 0.224467, 0.972834, -121.79, 0.932658, 119.238
2511, 41.85000, 6.48223, 26.6542, 6.8604, -4.68997, 4.32701, -179.28, 0.984362, 0.222986, 0.972797, -121.787, 0.932737, 119.244
2512, 41.85833, 6.4897, 26.708, 6.87409, -4.73614, 4.33608, -179.183, 0.984368, 0.221504, 0.972759, -121.783, 0.932816, 119.249
2512, 41.86667, 6.49717, 26.7617, 6.88779, -4.78215, 4.34517, -179.086, 0.984374, 0.220019, 0.972723, -121.78, 0.932895, 119.254
2513, 41.87500, 6.50465, 26.8152, 6.9015, -4.82799, 4.35427, -178.99, 0.98438, 0.218532, 0.972686, -121.777, 0.932974, 119.259
2513, 41.88333, 6.51214, 26.8686, 6.91521, -4.87367, 4.36338, -178.894, 0.984385, 0.217044, 0.97265, -121.774, 0.933053, 119.265
2514, 41.89167, 6.51964, 26.9218, 6.92894, -4.9192, 4.37251, -178.798, 0.984391, 0.215554, 0.972614, -121.771, 0.933132, 119.27
2514, 41.90000, 6.52715, 26.9749, 6.94268, -4.96456, 4.38166, -178.703, 0.984396, 0.214062, 0.972578, -121.768, 0.93321, 119.275
2515, 41.90833, 6.53467, 27.0278, 6.95643, -5.00976, 4.39081, -178.609, 0.984402, 0.212569, 0.972543, -121.764, 0.933289, 119.28
2515, 41.91667, 6.5422, 27.0806, 6.97019, -5.0548, 4.39998, -178.515, 0.984407, 0.211074, 0.972508, -121.761, 0.933368, 119.285
2516, 41.92500, 6.54974, 27.1332, 6.98396, -5.09969, 4.40916, -178.421, 0.984412, 0.209578, 0.972474, -121.758, 0.933446, 119.29
2516, 41.93333, 6.55729, 27.1857, 6.99773, -5.14442, 4.41836, -178.328, 0.984417, 0.208081, 0.972439, -121.755, 0.933525, 119.294
2517, 41.94167, 6.56485, 27.2381, 7.01152, -5.189, 4.42757, -178.235, 0.984422, 0.206582, 0.972405, -121.752, 0.933603, 119.299
2517, 41.95000, 6.57241, 27.2902, 7.02532, -5.23342, 4.43679, -178.142, 0.984427, 0.205082, 0.972372, -121.749, 0.933682, 119.304
2518, 41.95833, 6.57999, 27.3423, 7.03913, -5.27769, 4.44602, -178.05, 0.984432, 0.203581, 0.972338, -121.746, 0.93376, 119.309
2518, 41.96667, 6.58757, 27.3942, 7.05295, -5.32182, 4.45527, -177.958, 0.984437, 0.202078, 0.972305, -121.743, 0.933838, 119.313
2519, 41.97500, 6.59517, 27.4459, 7.06678, -5.36579, 4.46453, -177.867, 0.984441, 0.200574, 0.972273, -121.74, 0.933916, 119.318
2519, 41.98333, 6.60277, 27.4974, 7.08061, -5.40962, 4.4738, -177.776, 0.984446, 0.19907, 0.97224, -121.737, 0.933995, 119.322
2520, 41.99167, 6.61039, 27.5489, 7.09446, -5.4533, 4.48308, -177.686, 0.98445, 0.197564, 0.972208, -121.734, 0.934073, 119.327
2520, 42.00000, 6.61801, 27.6001, 7.10832, -5.49683, 4.49238, -177.595, 0.984455, 0.196058, 0.972176, -121.731, 0.93415, 119.332
2521, 42.00833, 6.62564, 27.6513, 7.12219, -5.54022, 4.50168, -177.506, 0.984459, 0.19455, 0.972144, -121.728, 0.934228, 119.336
2521, 42.01667, 6.63328, 27.7022, 7.13607, -5.58347, 4.511, -177.416, 0.984463, 0.193042, 0.972113, -121.725, 0.934306, 119.34
2522, 42.02500, 6.64093, 27.753, 7.14996, -5.62657, 4.52033, -177.327, 0.984467, 0.191533, 0.972082, -121.722, 0.934384, 119.345
2522, 42.03333, 6.64859, 27.8037, 7.16386, -5.66953, 4.52967, -177.239, 0.984471, 0.190023, 0.972051, -121.719, 0.934461, 119.349
2523, 42.04167, 6.65626, 27.8542, 7.17777, -5.71235, 4.53903, -177.15, 0.984475, 0.188513, 0.972021, -121.716, 0.934538, 119.353
2523, 42.05000, 6.66393, 27.9045, 7.19169, -5.75503, 4.54839, -177.062, 0.984479, 0.187002, 0.97199, -121.713, 0.934616, 119.357
2524, 42.05833, 6.67162, 27.9547, 7.20562, -5.79757, 4.55777, -176.975, 0.984483, 0.18549, 0.97196, -121.711, 0.934693, 119.362
2524, 42.06667, 6.67931, 28.0048, 7.21956, -5.83998, 4.56716, -176.888, 0.984487, 0.183978, 0.971931, -121.708, 0.93477, 119.366
2525, 42.07500, 6.68702, 28.0547, 7.23351, -5.88225, 4.57655, -176.801, 0.98449, 0.182465, 0.971901, -121.705, 0.934847, 119.37
2525, 42.08333, 6.69473, 28.1044, 7.24747, -5.92439, 4.58596, -176.714, 0.984494, 0.180952, 0.971872, -121.702, 0.934924, 119.374
2526, 42.09167, 6.70245, 28.154, 7.26144, -5.96639, 4.59538, -176.628, 0.984497, 0.179438, 0.971843, -121.699, 0.935001, 119.378
2526, 42.10000, 6.71018, 28.2034, 7.27543, -6.00826, 4.60481, -176.542, 0.984501, 0.177925, 0.971814, -121.697, 0.935077, 119.382
2527, 42.10833, 6.71792, 28.2527, 7.28942, -6.05, 4.61425, -176.457, 0.984504, 0.176411, 0.971786, -121.694, 0.935154, 119.386
2527, 42.11667, 6.72567, 28.3018, 7.30342, -6.09161, 4.62371, -176.372, 0.984507, 0.174896, 0.971757, -121.691, 0.93523, 119.39
2528, 42.12500, 6.73343, 28.3507, 7.31743, -6.13309, 4.63317, -176.287, 0.98451, 0.173381, 0.971729, -121.688, 0.935306, 119.394
2528, 42.13333, 6.74119, 28.3995, 7.33146, -6.17443, 4.64264, -176.203, 0.984514, 0.171866, 0.971702, -121.685, 0.935383, 119.397
2529, 42.14167, 6.74896, 28.4482, 7.34549, -6.21566, 4.65212, -176.118, 0.984517, 0.170351, 0.971674, -121.683, 0.935459, 119.401
2529, 42.15000, 6.75675, 28.4967, 7.35953, -6.25675, 4.66162, -176.035, 0.984519, 0.168836, 0.971647, -121.68, 0.935534, 119.405
2530, 42.15833, 6.76454, 28.545, 7.37359, -6.29772, 4.67112, -175.951, 0.984522, 0.167321, 0.97162, -121.677, 0.93561, 119.409
2530, 42.16667, 6.77234, 28.5932, 7.38765, -6.33857, 4.68063, -175.868, 0.984525, 0.165806, 0.971593, -121.675, 0.935686, 119.412
2531, 42.17500, 6.78014, 28.6412, 7.40173, -6.37929, 4.69016, -175.785, 0.984528, 0.16429, 0.971566, -121.672, 0.935761, 119.416
2531, 42.18333, 6.78796, 28.6891, 7.41581, -6.41989, 4.69969, -175.703, 0.98453, 0.162775, 0.97154, -121.669, 0.935836, 119.42
2532, 42.19167, 6.79578, 28.7368, 7.42991, -6.46037, 4.70923, -175.621, 0.984533, 0.16126, 0.971514, -121.667, 0.935912, 119.423
2532, 42.20000, 6.80362, 28.7843, 7.44402, -6.50073, 4.71878, -175.539, 0.984535, 0.159745, 0.971488, -121.664, 0.935987, 119.427
2533, 42.20833, 6.81146, 28.8317, 7.45813, -6.54096, 4.72835, -175.458, 0.984538, 0.15823, 0.971462, -121.661, 0.936062, 119.43
2533, 42.21667, 6.81931, 28.8789, 7.47226, -6.58109, 4.73792, -175.376, 0.98454, 0.156715, 0.971436, -121.659, 0.936136, 119.434
2534, 42.22500, 6.82716, 28.926, 7.4864, -6.62109, 4.7475, -175.296, 0.984542, 0.155201, 0.971411, -121.656, 0.936211, 119.437
2534, 42.23333, 6.83503, 28.9729, 7.50055, -6.66097, 4.75709, -175.215, 0.984545, 0.153687, 0.971386, -121.654, 0.936285, 119.44
2535, 42.24167, 6.8429, 29.0197, 7.51471, -6.70074, 4.76669, -175.135, 0.984547, 0.152173, 0.971361, -121.651, 0.93636, 119.444
2535, 42.25000, 6.85078, 29.0663, 7.52887, -6.74039, 4.7763, -175.055, 0.984549, 0.150659, 0.971336, -121.649, 0.936434, 119.447
2536, 42.25833, 6.85867, 29.1128, 7.54305, -6.77993, 4.78592, -174.975, 0.984551, 0.149146, 0.971312, -121.646, 0.936508, 119.45
2536, 42.26667, 6.86657, 29.1591, 7.55725, -6.81936, 4.79555, -174.896, 0.984553, 0.147632, 0.971288, -121.643, 0.936582, 119.454
2537, 42.27500, 6.87448, 29.2052, 7.57145, -6.85867, 4.80518, -174.817, 0.984554, 0.14612, 0.971264, -121.641, 0.936655, 119.457
2537, 42.28333, 6.88239, 29.2512, 7.58566, -6.89787, 4.81483, -174.738, 0.984556, 0.144608, 0.97124, -121.638, 0.936729, 119.46
2538, 42.29167, 6.89031, 29.297, 7.59988, -6.93697, 4.82449, -174.66, 0.984558, 0.143096, 0.971216, -121.636, 0.936802, 119.463
2538, 42.30000, 6.89824, 29.3427, 7.61411, -6.97595, 4.83415, -174.581, 0.98456, 0.141585, 0.971192, -121.633, 0.936876, 119.466
2539, 42.30833, 6.90618, 29.3882, 7.62835, -7.01482, 4.84382, -174.504, 0.984561, 0.140074, 0.971169, -121.631, 0.936949, 119.469
2539, 42.31667, 6.91412, 29.4335, 7.64261, -7.05359, 4.8535, -174.426, 0.984563, 0.138564, 0.971146, -121.629, 0.937022, 119.472
2540, 42.32500, 6.92207, 29.4787, 7.65687, -7.09225, 4.86319, -174.349, 0.984564, 0.137054, 0.971123, -121.626, 0.937094, 119.476
2540, 42.33333, 6.93003, 29.5238, 7.67115, -7.1308, 4.87289, -174.272, 0.984565, 0.135545, 0.9711, -121.624, 0.937167, 119.479
2541, 42.34167, 6.938, 29.5686, 7.68543, -7.16925, 4.8826, -174.195, 0.984567, 0.134037, 0.971078, -121.621, 0.937239, 119.481
2541, 42.35000, 6.94597, 29.6134, 7.69973, -7.2076, 4.89232, -174.118, 0.984568, 0.132529, 0.971055, -121.619, 0.937312, 119.484
2542, 42.35833, 6.95396, 29.6579, 7.71404, -7.24583, 4.90204, -174.042, 0.984569, 0.131022, 0.971033, -121.616, 0.937384, 119.487
2542, 42.36667, 6.96195, 29.7023, 7.72835, -7.28398, 4.91178, -173.966, 0.98457, 0.129515, 0.971011, -121.614, 0.937456, 119.49
2543, 42.37500, 6.96994, 29.7466, 7.74268, -7.32201, 4.92152, -173.891, 0.984571, 0.12801, 0.970989, -121.612, 0.937527, 119.493
2543, 42.38333, 6.97794, 29.7907, 7.75702, -7.35994, 4.93127, -173.815, 0.984572, 0.126505, 0.970968, -121.609, 0.937599, 119.496
2544, 42.39167, 6.98596, 29.8346, 7.77137, -7.39778, 4.94103, -173.74, 0.984573, 0.125, 0.970946, -121.607, 0.937671, 119.499
2544, 42.40000, 6.99397, 29.8784, 7.78573, -7.43551, 4.9508, -173.665, 0.984574, 0.123497, 0.970925, -121.605, 0.937742, 119.501
2545, 42.40833, 7.002, 29.922, 7.8001, -7.47315, 4.96057, -173.591, 0.984575, 0.121994, 0.970903, -121.602, 0.937813, 119.504
2545, 42.41667, 7.01003, 29.9655, 7.81448, -7.51069, 4.97036, -173.516, 0.984576, 0.120492, 0.970882, -121.6, 0.937884, 119.507
2546, 42.42500, 7.01807, 30.0088, 7.82887, -7.54813, 4.98015, -173.442, 0.984577, 0.118992, 0.970862, -121.598, 0.937955, 119.509
2546, 42.43333, 7.02612, 30.0519, 7.84327, -7.58547, 4.98995, -173.368, 0.984577, 0.117492, 0.970841, -121.595, 0.938025, 119.512
2547, 42.44167, 7.03417, 30.0949, 7.85769, -7.62273, 4.99976, -173.295, 0.984578, 0.115992, 0.97082, -121.593, 0.938096, 119.515
2547, 42.45000, 7.04223, 30.1377, 7.87211, -7.65988, 5.00957, -173.221, 0.984578, 0.114494, 0.9708, -121.591, 0.938166, 119.517
2548, 42.45833, 7.0503, 30.1804, 7.88654, -7.69694, 5.0194, -173.148, 0.984579, 0.112997, 0.97078, -121.589, 0.938236, 119.52
2548, 42.46667, 7.05837, 30.2229, 7.90099, -7.73391, 5.02923, -173.075, 0.984579, 0.1115, 0.97076, -121.586, 0.938306, 119.522
2549, 42.47500, 7.06645, 30.2653, 7.91544, -7.77079, 5.03907, -173.003, 0.98458, 0.110005, 0.97074, -121.584, 0.938376, 119.525
2549, 42.48333, 7.07453, 30.3075, 7.92991, -7.80757, 5.04892, -172.931, 0.98458, 0.10851, 0.97072, -121.582, 0.938446, 119.527
2550, 42.49167, 7.08263, 30.3495, 7.94439, -7.84427, 5.05878, -172.858, 0.98458, 0.107017, 0.970701, -121.58, 0.938515, 119.53
2550, 42.50000, 7.09073, 30.3914, 7.95887, -7.88087, 5.06864, -172.787, 0.984581, 0.105524, 0.970681, -121.577, 0.938584, 119.532
2551, 42.50833, 7.09883, 30.4331, 7.97337, -7.91738, 5.07852, -172.715, 0.984581, 0.104033, 0.970662, -121.575, 0.938653, 119.535
2551, 42.51667, 7.10695, 30.4747, 7.98788, -7.95381, 5.0884, -172.644, 0.984581, 0.102542, 0.970643, -121.573, 0.938722, 119.537
2552, 42.52500, 7.11506, 30.5161, 8.0024, -7.99015, 5.09829, -172.572, 0.984581, 0.101053, 0.970624, -121.571, 0.938791, 119.539
2552, 42.53333, 7.12319, 30.5574, 8.01693, -8.02639, 5.10818, -172.501, 0.984581, 0.0995648, 0.970605, -121.569, 0.93886, 119.542
2553, 42.54167, 7.13132, 30.5985, 8.03147, -8.06256, 5.11809, -172.431, 0.984581, 0.0980776, 0.970586, -121.567, 0.938928, 119.544
2553, 42.55000, 7.13946, 30.6394, 8.04602, -8.09864, 5.128, -172.36, 0.984581, 0.0965916, 0.970568, -121.564, 0.938996, 119.546
2554, 42.55833, 7.1476, 30.6802, 8.06058, -8.13463, 5.13792, -172.29, 0.984581, 0.0951068, 0.970549, -121.562, 0.939064, 119.549
2554, 42.56667, 7.15575, 30.7209, 8.07516, -8.17054, 5.14785, -172.22, 0.98458, 0.093623, 0.970531, -121.56, 0.939132, 119.551
2555, 42.57500, 7.16391, 30.7614, 8.08974, -8.20637, 5.15778, -172.15, 0.98458, 0.0921404, 0.970513, -121.558, 0.9392, 119.553
2555, 42.58333, 7.17207, 30.8017, 8.10433, -8.24211, 5.16772, -172.081, 0.98458, 0.0906591, 0.970495, -121.556, 0.939267, 119.555
2556, 42.59167, 7.18023, 30.8418, 8.11894, -8.27777, 5.17768, -172.011, 0.98458, 0.0891788, 0.970477, -121.554, 0.939335, 119.557
2556, 42.60000, 7.18841, 30.8818, 8.13356, -8.31335, 5.18763, -171.942, 0.984579, 0.0876999, 0.970459, -121.552, 0.939402, 119.56
2557, 42.60833, 7.19658, 30.9217, 8.14818, -8.34885, 5.1976, -171.873, 0.984579, 0.0862221, 0.970442, -121.55, 0.939469, 119.562
2557, 42.61667, 7.20477, 30.9614, 8.16282, -8.38427, 5.20757, -171.804, 0.984578, 0.0847455, 0.970424, -121.548, 0.939536, 119.564
2558, 42.62500, 7.21296, 31.0009, 8.17747, -8.41961, 5.21756, -171.736, 0.984578, 0.0832702, 0.970407, -121.546, 0.939602, 119.566
2558, 42.63333, 7.22115, 31.0403, 8.19212, -8.45487, 5.22754, -171.668, 0.984577, 0.0817963, 0.97039, -121.544, 0.939669, 119.568
2559, 42.64167, 7.22936, 31.0796, 8.20679, -8.49005, 5.23754, -171.599, 0.984577, 0.0803234, 0.970372, -121.542, 0.939735, 119.57
2559, 42.65000, 7.23756, 31.1186, 8.22147, -8.52515, 5.24755, -171.532, 0.984576, 0.0788519, 0.970356, -121.54, 0.939801, 119.572
2560, 42.65833, 7.24577, 31.1576, 8.23616, -8.56018, 5.25756, -171.464, 0.984575, 0.0773818, 0.970339, -121.538, 0.939867, 119.574
2560, 42.66667, 7.25399, 31.1963, 8.25086, -8.59513, 5.26758, -171.396, 0.984574, 0.0759128, 0.970322, -121.536, 0.939933, 119.576
2561, 42.67500, 7.26221, 31.2349, 8.26558, -8.63001, 5.2776, -171.329, 0.984574, 0.0744453, 0.970306, -121.534, 0.939999, 119.578
2561, 42.68333, 7.27044, 31.2734, 8.2803, -8.66481, 5.28764, -171.262, 0.984573, 0.0729791, 0.970289, -121.532, 0.940064, 119.58
2562, 42.69167, 7.27867, 31.3117, 8.29503, -8.69954, 5.29768, -171.195, 0.984572, 0.0715141, 0.970273, -121.53, 0.94013, 119.582
2562, 42.70000, 7.28691, 31.3498, 8.30978, -8.73419, 5.30773, -171.129, 0.984571, 0.0700506, 0.970257, -121.528, 0.940195, 119.583
2563, 42.70833, 7.29515, 31.3878, 8.32453, -8.76877, 5.31779, -171.062, 0.98457, 0.0685885, 0.97024, -121.526, 0.94026, 119.585
2563, 42.71667, 7.3034, 31.4257, 8.3393, -8.80328, 5.32785, -170.996, 0.984569, 0.0671275, 0.970224, -121.524, 0.940324, 119.587
2564, 42.72500, 7.31165, 31.4633, 8.35407, -8.83772, 5.33792, -170.93, 0.984568, 0.0656682, 0.970209, -121.522, 0.940389, 119.589
2564, 42.73333, 7.31991, 31.5009, 8.36886, -8.87208, 5.348, -170.864, 0.984567, 0.0642102, 0.970193, -121.52, 0.940453, 119.591
2564, 42.74167, 7.32817, 31.5382, 8.38366, -8.90638, 5.35809, -170.798, 0.984566, 0.0627534, 0.970177, -121.518, 0.940518, 119.592
2565, 42.75000, 7.33644, 31.5755, 8.39847, -8.94061, 5.36819, -170.732, 0.984564, 0.0612982, 0.970162, -121.516, 0.940582, 119.594
2566, 42.75833, 7.34471, 31.6125, 8.41328, -8.97476, 5.37829, -170.667, 0.984563, 0.0598445, 0.970146, -121.514, 0.940646, 119.596
2566, 42.76667, 7.35298, 31.6495, 8.42811, -9.00885, 5.3884, -170.602, 0.984562, 0.058392, 0.970131, -121.512, 0.940709, 119.598
2567, 42.77500, 7.36126, 31.6862, 8.44295, -9.04287, 5.39852, -170.537, 0.984561, 0.0569411, 0.970116, -121.51, 0.940773, 119.599
2567, 42.78333, 7.36955, 31.7228, 8.4578, -9.07683, 5.40864, -170.472, 0.984559, 0.0554916, 0.970101, -121.508, 0.940836, 119.601
2568, 42.79167, 7.37784, 31.7593, 8.47267, -9.11071, 5.41878, -170.408, 0.984558, 0.0540434, 0.970086, -121.507, 0.940899, 119.603
2568, 42.80000, 7.38613, 31.7956, 8.48754, -9.14453, 5.42892, -170.343, 0.984556, 0.0525969, 0.970071, -121.505, 0.940962, 119.604
2568, 42.80833, 7.39443, 31.8317, 8.50242, -9.17829, 5.43906, -170.279, 0.984555, 0.0511518, 0.970056, -121.503, 0.941025, 119.606
2569, 42.81667, 7.40273, 31.8677, 8.51732, -9.21198, 5.44922, -170.215, 0.984553, 0.0497081, 0.970042, -121.501, 0.941088, 119.608
2570, 42.82500, 7.41103, 31.9036, 8.53222, -9.2456, 5.45938, -170.151, 0.984552, 0.048266, 0.970027, -121.499, 0.941151, 119.609
2570, 42.83333, 7.41934, 31.9393, 8.54713, -9.27916, 5.46955, -170.087, 0.98455, 0.0468254, 0.970013, -121.497, 0.941213, 119.611
2571, 42.84167, 7.42766, 31.9748, 8.56206, -9.31266, 5.47973, -170.024, 0.984549, 0.0453861, 0.969998, -121.496, 0.941275, 119.612
2571, 42.85000, 7.43598, 32.0102, 8.577, -9.3461, 5.48991, -169.96, 0.984547, 0.0439485, 0.969984, -121.494, 0.941337, 119.614
2572, 42.85833, 7.4443, 32.0454, 8.59194, -9.37947, 5.50011, -169.897, 0.984545, 0.0425124, 0.96997, -121.492, 0.941399, 119.615
2572, 42.86667, 7.45262, 32.0805, 8.6069, -9.41278, 5.51031, -169.834, 0.984544, 0.0410776, 0.969956, -121.49, 0.941461, 119.617
2572, 42.87500, 7.46095, 32.1155, 8.62187, -9.44603, 5.52052, -169.771, 0.984542, 0.0396446, 0.969942, -121.488, 0.941522, 119.618
2573, 42.88333, 7.46928, 32.1502, 8.63685, -9.47922, 5.53073, -169.708, 0.98454, 0.0382131, 0.969929, -121.487, 0.941584, 119.62
2574, 42.89167, 7.47762, 32.1849, 8.65184, -9.51236, 5.54096, -169.646, 0.984538, 0.0367829, 0.969915, -121.485, 0.941645, 119.621
2574, 42.90000, 7.48596, 32.2194, 8.66684, -9.54543, 5.55119, -169.583, 0.984536, 0.0353545, 0.969901, -121.483, 0.941706, 119.623
2575, 42.90833, 7.4943, 32.2537, 8.68185, -9.57844, 5.56142, -169.521, 0.984535, 0.0339276, 0.969888, -121.481, 0.941767, 119.624
2575, 42.91667, 7.50265, 32.2879, 8.69687, -9.61139, 5.57167, -169.459, 0.984533, 0.0325021, 0.969874, -121.48, 0.941827, 119.625
2576, 42.92500, 7.511, 32.3219, 8.7119, -9.64429, 5.58193, -169.397, 0.984531, 0.0310784, 0.969861, -121.478, 0.941888, 119.627
2576, 42.93333, 7.51935, 32.3558, 8.72695, -9.67713, 5.59219, -169.335, 0.984529, 0.0296562, 0.969848, -121.476, 0.941948, 119.628
2576, 42.94167, 7.52771, 32.3895, 8.742, -9.70991, 5.60246, -169.274, 0.984527, 0.0282354, 0.969835, -121.474, 0.942008, 119.629
2577, 42.95000, 7.53607, 32.4231, 8.75707, -9.74264, 5.61273, -169.212, 0.984525, 0.0268164, 0.969822, -121.473, 0.942068, 119.631
2578, 42.95833, 7.54443, 32.4566, 8.77214, -9.77531, 5.62302, -169.151, 0.984523, 0.0253989, 0.969809, -121.471, 0.942128, 119.632
2578, 42.96667, 7.55279, 32.4898, 8.78723, -9.80793, 5.63331, -169.09, 0.98452, 0.0239829, 0.969796, -121.469, 0.942188, 119.633
2579, 42.97500, 7.56116, 32.523, 8.80232, -9.84049, 5.64361, -169.029, 0.984518, 0.0225686, 0.969783, -121.468, 0.942247, 119.635
2579, 42.98333, 7.56953, 32.556, 8.81743, -9.87299, 5.65392, -168.968, 0.984516, 0.021156, 0.96977, -121.466, 0.942307, 119.636
2580, 42.99167, 7.57791, 32.5888, 8.83255, -9.90545, 5.66424, -168.907, 0.984514, 0.0197447, 0.969758, -121.464, 0.942366, 119.637
2580, 43.00000, 7.58628, 32.6215, 8.84767, -9.93785, 5.67456, -168.847, 0.984512, 0.0183353, 0.969745, -121.463, 0.942425, 119.638
2580, 43.00833, 7.59466, 32.6541, 8.86281, -9.9702, 5.68489, -168.786, 0.984509, 0.0169275, 0.969733, -121.461, 0.942484, 119.64
2581, 43.01667, 7.60305, 32.6865, 8.87796, -10.0025, 5.69523, -168.726, 0.984507, 0.0155211, 0.969721, -121.459, 0.942543, 119.641
2582, 43.02500, 7.61143, 32.7187, 8.89312, -10.0347, 5.70558, -168.666, 0.984505, 0.0141165, 0.969708, -121.458, 0.942601, 119.642
2582, 43.03333, 7.61982, 32.7508, 8.90829, -10.0669, 5.71593, -168.606, 0.984502, 0.0127135, 0.969696, -121.456, 0.942659, 119.643
2583, 43.04167, 7.62821, 32.7828, 8.92347, -10.0991, 5.72629, -168.546, 0.9845, 0.011312, 0.969684, -121.454, 0.942718, 119.644
2583, 43.05000, 7.6366, 32.8146, 8.93866, -10.1312, 5.73667, -168.487, 0.984497, 0.00991223, 0.969672, -121.453, 0.942776, 119.645
2584, 43.05833, 7.64499, 32.8462, 8.95387, -10.1632, 5.74704, -168.427, 0.984495, 0.00851415, 0.96966, -121.451, 0.942834, 119.647
2584, 43.06667, 7.65339, 32.8778, 8.96908, -10.1952, 5.75743, -168.368, 0.984493, 0.00711753, 0.969649, -121.45, 0.942891, 119.648
2584, 43.07500, 7.66178, 32.9091, 8.9843, -10.2272, 5.76783, -168.308, 0.98449, 0.00572273, 0.969637, -121.448, 0.942949, 119.649
2585, 43.08333, 7.67018, 32.9404, 8.99954, -10.2591, 5.77823, -168.249, 0.984487, 0.00432958, 0.969625, -121.446, 0.943006, 119.65
2586, 43.09167, 7.67859, 32.9715, 9.01478, -10.2909, 5.78864, -168.19, 0.984485, 0.0029379, 0.969614, -121.445, 0.943064, 119.651
2586, 43.10000, 7.68699, 33.0024, 9.03004, -10.3227, 5.79906, -168.131, 0.984482, 0.00154805, 0.969602, -121.443, 0.943121, 119.652
2587, 43.10833, 7.69539, 33.0332, 9.0453, -10.3545, 5.80949, -168.073, 0.98448, 0.00015985, 0.969591, -121.442, 0.943178, 119.653
2587, 43.11667, 7.7038, 33.0638, 9.06058, -10.3862, 5.81992, -168.014, 0.984477, -0.00122686, 0.96958, -121.44, 0.943234, 119.654
2588, 43.12500, 7.71221, 33.0943, 9.07586, -10.4178, 5.83036, -167.956, 0.984474, -0.00261173, 0.969568, -121.439, 0.943291, 119.655
2588, 43.13333, 7.72062, 33.1247, 9.09116, -10.4495, 5.84082, -167.897, 0.984472, -0.00399495, 0.969557, -121.437, 0.943348, 119.656
2588, 43.14167, 7.72903, 33.1549, 9.10647, -10.481, 5.85128, -167.839, 0.984469, -0.00537666, 0.969546, -121.435, 0.943404, 119.657
2589, 43.15000, 7.73745, 33.185, 9.12179, -10.5126, 5.86174, -167.781, 0.984466, -0.00675654, 0.969535, -121.434, 0.94346, 119.658
2590, 43.15833, 7.74586, 33.2149, 9.13711, -10.5441, 5.87222, -167.723, 0.984463, -0.00813474, 0.969524, -121.432, 0.943516, 119.659
2590, 43.16667, 7.75428, 33.2447, 9.15245, -10.5755, 5.88271, -167.665, 0.984461, -0.00951144, 0.969513, -121.431, 0.943572, 119.66
2591, 43.17500, 7.7627, 33.2743, 9.1678, -10.6069, 5.8932, -167.607, 0.984458, -0.0108863, 0.969503, -121.429, 0.943628, 119.661
2591, 43.18333, 7.77111, 33.3038, 9.18316, -10.6383, 5.9037, -167.55, 0.984455, -0.0122595, 0.969492, -121.428, 0.943683, 119.662
2592, 43.19167, 7.77954, 33.3332, 9.19853, -10.6696, 5.91421, -167.492, 0.984452, -0.0136311, 0.969481, -121.426, 0.943738, 119.663
2592, 43.20000, 7.78796, 33.3624, 9.21391, -10.7009, 5.92473, -167.435, 0.984449, -0.0150009, 0.969471, -121.425, 0.943794, 119.664
2592, 43.20833, 7.79638, 33.3915, 9.2293, -10.7321, 5.93525, -167.378, 0.984446, -0.0163691, 0.96946, -121.423, 0.943849, 119.665
2593, 43.21667, 7.8048, 33.4204, 9.24471, -10.7633, 5.94579, -167.321, 0.984443, -0.0177357, 0.96945, -121.422, 0.943904, 119.665
2594, 43.22500, 7.81322, 33.4492, 9.26012, -10.7944, 5.95633, -167.264, 0.98444, -0.0191004, 0.96944, -121.42, 0.943958, 119.666
2594, 43.23333, 7.82165, 33.4778, 9.27554, -10.8255, 5.96688, -167.207, 0.984437, -0.0204634, 0.969429, -121.419, 0.944013, 119.667
2595, 43.24167, 7.83007, 33.5063, 9.29097, -10.8566, 5.97745, -167.15, 0.984434, -0.021825, 0.969419, -121.418, 0.944068, 119.668
2595, 43.25000, 7.8385, 33.5347, 9.30642, -10.8877, 5.98802, -167.094, 0.984431, -0.0231846, 0.969409, -121.416, 0.944122, 119.669
2596, 43.25833, 7.84693, 33.5629, 9.32187, -10.9187, 5.99859, -167.037, 0.984428, -0.0245426, 0.969399, -121.415, 0.944176, 119.67
2596, 43.26667, 7.85535, 33.591, 9.33734, -10.9496, 6.00918, -166.981, 0.984425, -0.025899, 0.969389, -121.413, 0.94423, 119.67
2596, 43.27500, 7.86378, 33.619, 9.35281, -10.9805, 6.01978, -166.925, 0.984422, -0.0272536, 0.969379, -121.412, 0.944284, 119.671
2597, 43.28333, 7.87221, 33.6468, 9.36829, -11.0114, 6.03038, -166.868, 0.984419, -0.0286065, 0.969369, -121.41, 0.944338, 119.672
2598, 43.29167, 7.88063, 33.6744, 9.38379, -11.0423, 6.04099, -166.812, 0.984416, -0.0299578, 0.96936, -121.409, 0.944391, 119.673
2598, 43.30000, 7.88906, 33.702, 9.39929, -11.0731, 6.05161, -166.757, 0.984413, -0.0313073, 0.96935, -121.407, 0.944445, 119.674
2599, 43.30833, 7.89749, 33.7293, 9.41481, -11.1038, 6.06224, -166.701, 0.984409, -0.032655, 0.96934, -121.406, 0.944498, 119.674
2599, 43.31667, 7.90592, 33.7566, 9.43034, -11.1346, 6.07289, -166.645, 0.984406, -0.0340012, 0.969331, -121.405, 0.944551, 119.675
2600, 43.32500, 7.91435, 33.7837, 9.44587, -11.1653, 6.08353, -166.589, 0.984403, -0.0353456, 0.969321, -121.403, 0.944604, 119.676
2600, 43.33333, 7.92277, 33.8107, 9.46142, -11.196, 6.09419, -166.534, 0.9844, -0.0366882, 0.969312, -121.402, 0.944657, 119.677
2600, 43.34167, 7.9312, 33.8375, 9.47698, -11.2266, 6.10486, -166.479, 0.984397, -0.0380293, 0.969303, -121.4, 0.94471, 119.677
2601, 43.35000, 7.93963, 33.8642, 9.49254, -11.2572, 6.11553, -166.423, 0.984393, -0.0393685, 0.969293, -121.399, 0.944762, 119.678
2602, 43.35833, 7.94806, 33.8908, 9.50812, -11.2878, 6.12622, -166.368, 0.98439, -0.040706, 0.969284, -121.398, 0.944815, 119.679
2602, 43.36667, 7.95648, 33.9172, 9.52371, -11.3183, 6.13691, -166.313, 0.984387, -0.042042, 0.969275, -121.396, 0.944867, 119.679
2603, 43.37500, 7.96491, 33.9435, 9.53931, -11.3488, 6.14762, -166.258, 0.984383, -0.043376, 0.969266, -121.395, 0.944919, 119.68
2603, 43.38333, 7.97334, 33.9697, 9.55491, -11.3793, 6.15833, -166.203, 0.98438, -0.0447084, 0.969257, -121.394, 0.944971, 119.681
2604, 43.39167, 7.98176, 33.9957, 9.57053, -11.4097, 6.16905, -166.149, 0.984376, -0.0460392, 0.969248, -121.392, 0.945023, 119.681
2604, 43.40000, 7.99019, 34.0215, 9.58616, -11.4401, 6.17978, -166.094, 0.984373, -0.0473681, 0.969239, -121.391, 0.945074, 119.682
2604, 43.40833, 7.99861, 34.0473, 9.6018, -11.4705, 6.19052, -166.039, 0.98437, -0.0486953, 0.96923, -121.39, 0.945126, 119.682
2605, 43.41667, 8.00703, 34.0729, 9.61745, -11.5008, 6.20127, -165.985, 0.984366, -0.050021, 0.969221, -121.388, 0.945177, 119.683
2606, 43.42500, 8.01545, 34.0984, 9.63311, -11.5311, 6.21203, -165.931, 0.984363, -0.0513448, 0.969213, -121.387, 0.945229, 119.684
2606, 43.43333, 8.02388, 34.1237, 9.64878, -11.5614, 6.2228, -165.877, 0.984359, -0.0526668, 0.969204, -121.386, 0.94528, 119.684
2607, 43.44167, 8.0323, 34.1489, 9.66446, -11.5917, 6.23358, -165.822, 0.984356, -0.0539873, 0.969195, -121.384, 0.945331, 119.685
2607, 43.45000, 8.04071, 34.174, 9.68015, -11.6219, 6.24437, -165.768, 0.984352, -0.0553059, 0.969187, -121.383, 0.945382, 119.685
2608, 43.45833, 8.04913, 34.1989, 9.69585, -11.6521, 6.25517, -165.714, 0.984349, -0.0566228, 0.969178, -121.382, 0.945432, 119.686
2608, 43.46667, 8.05755, 34.2238, 9.71156, -11.6823, 6.26597, -165.661, 0.984345, -0.0579382, 0.96917, -121.38, 0.945483, 119.687
2608, 43.47500, 8.06596, 34.2484, 9.72728, -11.7124, 6.27679, -165.607, 0.984342, -0.0592516, 0.969162, -121.379, 0.945533, 119.687
2609, 43.48333, 8.07438, 34.273, 9.74301, -11.7425, 6.28762, -165.553, 0.984338, -0.0605633, 0.969153, -121.378, 0.945584, 119.688
2610, 43.49167, 8.08279, 34.2974, 9.75875, -11.7726, 6.29846, -165.5, 0.984334, -0.0618735, 0.969145, -121.376, 0.945634, 119.688
2610, 43.50000, 8.0912, 34.3217, 9.7745, -11.8026, 6.3093, -165.446, 0.984331, -0.0631818, 0.969137, -121.375, 0.945684, 119.689
2611, 43.50833, 8.09961, 34.3458, 9.79026, -11.8327, 6.32016, -165.393, 0.984327, -0.0644884, 0.969129, -121.374, 0.945734, 119.689
2611, 43.51667, 8.10802, 34.3698, 9.80603, -11.8627, 6.33103, -165.34, 0.984324, -0.0657934, 0.969121, -121.373, 0.945783, 119.69
2612, 43.52500, 8.11642, 34.3937, 9.82181, -11.8926, 6.3419, -165.286, 0.98432, -0.0670965, 0.969113, -121.371, 0.945833, 119.69
2612, 43.53333, 8.12482, 34.4174, 9.8376, -11.9226, 6.35279, -165.233, 0.984316, -0.0683979, 0.969105, -121.37, 0.945882, 119.691
2612, 43.54167, 8.13323, 34.4411, 9.8534, -11.9525, 6.36369, -165.18, 0.984312, -0.0696977, 0.969097, -121.369, 0.945932, 119.691
2613, 43.55000, 8.14163, 34.4646, 9.86921, -11.9824, 6.37459, -165.128, 0.984309, -0.0709956, 0.969089, -121.368, 0.945981, 119.692
2614, 43.55833, 8.15002, 34.4879, 9.88503, -12.0123, 6.38551, -165.075, 0.984305, -0.0722918, 0.969081, -121.366, 0.94603, 119.692
2614, 43.56667, 8.15842, 34.5112, 9.90086, -12.0422, 6.39644, -165.022, 0.984301, -0.0735865, 0.969074, -121.365, 0.946079, 119.692
2615, 43.57500, 8.16681, 34.5343, 9.9167, -12.072, 6.40738, -164.969, 0.984298, -0.0748793, 0.969066, -121.364, 0.946128, 119.693
2615, 43.58333, 8.1752, 34.5572, 9.93255, -12.1018, 6.41832, -164.917, 0.984294, -0.0761703, 0.969059, -121.363, 0.946177, 119.693
2616, 43.59167, 8.18359, 34.5801, 9.94841, -12.1316, 6.42929, -164.864, 0.98429, -0.0774598, 0.969051, -121.361, 0.946225, 119.694
2616, 43.60000, 8.19198, 34.6028, 9.96428, -12.1613, 6.44025, -164.812, 0.984286, -0.0787474, 0.969043, -121.36, 0.946274, 119.694
2616, 43.60833, 8.20036, 34.6254, 9.98016, -12.1911, 6.45123, -164.76, 0.984282, -0.0800333, 0.969036, -121.359, 0.946322, 119.694
2617, 43.61667, 8.20874, 34.6478, 9.99605, -12.2208, 6.46223, -164.708, 0.984279, -0.0813176, 0.969029, -121.358, 0.94637, 119.695
2618, 43.62500, 8.21712, 34.6702, 10.0119, -12.2505, 6.47323, -164.656, 0.984275, -0.0826, 0.969021, -121.357, 0.946418, 119.695
2618, 43.63333, 8.22549, 34.6924, 10.0279, -12.2801, 6.48424, -164.604, 0.984271, -0.0838807, 0.969014, -121.355, 0.946466, 119.696
2619, 43.64167, 8.23386, 34.7144, 10.0438, -12.3098, 6.49526, -164.552, 0.984267, -0.0851598, 0.969007, -121.354, 0.946514, 119.696
2619, 43.65000, 8.24223, 34.7364, 10.0597, -12.3394, 6.5063, -164.5, 0.984263, -0.0864371, 0.969, -121.353, 0.946561, 119.696
2620, 43.65833, 8.2506, 34.7582, 10.0756, -12.369, 6.51734, -164.448, 0.984259, -0.0877126, 0.968993, -121.352, 0.946609, 119.697
2620, 43.66667, 8.25896, 34.7799, 10.0916, -12.3986, 6.5284, -164.396, 0.984255, -0.0889866, 0.968986, -121.351, 0.946656, 119.697
2620, 43.67500, 8.26732, 34.8015, 10.1075, -12.4282, 6.53946, -164.345, 0.984251, -0.0902587, 0.968979, -121.349, 0.946703, 119.697
2621, 43.68333, 8.27568, 34.8229, 10.1235, -12.4577, 6.55054, -164.293, 0.984247, -0.091529, 0.968972, -121.348, 0.946751, 119.698
2622, 43.69167, 8.28403, 34.8443, 10.1395, -12.4873, 6.56163, -164.242, 0.984243, -0.0927978, 0.968965, -121.347, 0.946798, 119.698
2622, 43.70000, 8.29238, 34.8655, 10.1555, -12.5168, 6.57273, -164.19, 0.984239, -0.0940647, 0.968958, -121.346, 0.946845, 119.698
2623, 43.70833, 8.30073, 34.8865, 10.1715, -12.5463, 6.58384, -164.139, 0.984235, -0.0953299, 0.968951, -121.345, 0.946891, 119.699
2623, 43.71667, 8.30907, 34.9075, 10.1875, -12.5757, 6.59496, -164.088, 0.984231, -0.0965935, 0.968944, -121.344, 0.946938, 119.699
2624, 43.72500, 8.31741, 34.9283, 10.2035, -12.6052, 6.6061, -164.037, 0.984227, -0.0978552, 0.968938, -121.342, 0.946984, 119.699
2624, 43.73333, 8.32575, 34.949, 10.2195, -12.6346, 6.61724, -163.986, 0.984223, -0.0991153, 0.968931, -121.341, 0.947031, 119.699
2624, 43.74167, 8.33408, 34.9696, 10.2355, -12.6641, 6.6284, -163.935, 0.984219, -0.100374, 0.968924, -121.34, 0.947077, 119.7
2625, 43.75000, 8.34241, 34.99, 10.2516, -12.6935, 6.63957, -163.884, 0.984215, -0.10163, 0.968918, -121.339, 0.947123, 119.7
2626, 43.75833, 8.35073, 35.0104, 10.2676, -12.7228, 6.65075, -163.833, 0.984211, -0.102885, 0.968911, -121.338, 0.947169, 119.7
2626, 43.76667, 8.35905, 35.0306, 10.2837, -12.7522, 6.66194, -163.783, 0.984207, -0.104138, 0.968905, -121.337, 0.947215, 119.701
2627, 43.77500, 8.36737, 35.0507, 10.2998, -12.7816, 6.67314, -163.732, 0.984203, -0.10539, 0.968898, -121.336, 0.947261, 119.701
2627, 43.78333, 8.37568, 35.0706, 10.3159, -12.8109, 6.68436, -163.681, 0.984199, -0.10664, 0.968892, -121.334, 0.947307, 119.701
2628, 43.79167, 8.38399, 35.0905, 10.332, -12.8402, 6.69559, -163.631, 0.984195, -0.107888, 0.968886, -121.333, 0.947352, 119.701
2628, 43.80000, 8.39229, 35.1102, 10.3481, -12.8695, 6.70682, -163.58, 0.984191, -0.109134, 0.96888, -121.332, 0.947398, 119.701
2628, 43.80833, 8.40059, 35.1298, 10.3642, -12.8988, 6.71807, -163.53, 0.984187, -0.110378, 0.968873, -121.331, 0.947443, 119.702
2629, 43.81667, 8.40888, 35.1493, 10.3803, -12.9281, 6.72934, -163.48, 0.984183, -0.111621, 0.968867, -121.33, 0.947488, 119.702
2630, 43.82500, 8.41717, 35.1687, 10.3964, -12.9574, 6.74061, -163.43, 0.984179, -0.112862, 0.968861, -121.329, 0.947533, 119.702
2630, 43.83333, 8.42546, 35.1879, 10.4126, -12.9866, 6.7519, -163.38, 0.984174, -0.114102, 0.968855, -121.328, 0.947578, 119.702
2631, 43.84167, 8.43374, 35.2071, 10.4287, -13.0159, 6.7632, -163.329, 0.98417, -0.11534, 0.968849, -121.327, 0.947623, 119.702
2631, 43.85000, 8.44201, 35.2261, 10.4449, -13.0451, 6.77451, -163.28, 0.984166, -0.116576, 0.968843, -121.326, 0.947668, 119.703
2632, 43.85833, 8.45028, 35.245, 10.461, -13.0743, 6.78584, -163.23, 0.984162, -0.11781, 0.968837, -121.325, 0.947712, 119.703
2632, 43.86667, 8.45855, 35.2637, 10.4772, -13.1035, 6.79717, -163.18, 0.984158, -0.119042, 0.968831, -121.324, 0.947757, 119.703
2633, 43.87500, 8.46681, 35.2824, 10.4934, -13.1327, 6.80852, -163.13, 0.984154, -0.120273, 0.968825, -121.322, 0.947801, 119.703
2633, 43.88333, 8.47506, 35.3009, 10.5096, -13.1619, 6.81988, -163.08, 0.984149, -0.121502, 0.96882, -121.321, 0.947845, 119.703
2634, 43.89167, 8.48331, 35.3194, 10.5258, -13.191, 6.83126, -163.031, 0.984145, -0.12273, 0.968814, -121.32, 0.947889, 119.703
2634, 43.90000, 8.49156, 35.3377, 10.542, -13.2202, 6.84265, -162.981, 0.984141, -0.123955, 0.968808, -121.319, 0.947933, 119.704
2635, 43.90833, 8.4998, 35.3558, 10.5582, -13.2493, 6.85404, -162.932, 0.984137, -0.125179, 0.968803, -121.318, 0.947977, 119.704
2635, 43.91667, 8.50803, 35.3739, 10.5744, -13.2785, 6.86546, -162.882, 0.984133, -0.126402, 0.968797, -121.317, 0.948021, 119.704
2636, 43.92500, 8.51626, 35.3919, 10.5907, -13.3076, 6.87688, -162.833, 0.984128, -0.127622, 0.968791, -121.316, 0.948065, 119.704
2636, 43.93333, 8.52448, 35.4097, 10.6069, -13.3367, 6.88832, -162.784, 0.984124, -0.128841, 0.968786, -121.315, 0.948108, 119.704
2637, 43.94167, 8.5327, 35.4274, 10.6232, -13.3658, 6.89977, -162.735, 0.98412, -0.130058, 0.96878, -121.314, 0.948152, 119.704
2637, 43.95000, 8.54091, 35.4451, 10.6394, -13.3949, 6.91124, -162.686, 0.984115, -0.131273, 0.968775, -121.313, 0.948195, 119.704
2638, 43.95833, 8.54912, 35.4626, 10.6557, -13.4239, 6.92272, -162.637, 0.984111, -0.132487, 0.96877, -121.312, 0.948238, 119.704
2638, 43.96667, 8.55732, 35.4799, 10.672, -13.453, 6.93421, -162.588, 0.984107, -0.133699, 0.968764, -121.311, 0.948281, 119.704
2639, 43.97500, 8.56551, 35.4972, 10.6883, -13.4821, 6.94571, -162.539, 0.984103, -0.134909, 0.968759, -121.31, 0.948324, 119.704
2639, 43.98333, 8.5737, 35.5144, 10.7046, -13.5111, 6.95723, -162.49, 0.984098, -0.136118, 0.968754, -121.309, 0.948367, 119.705
2640, 43.99167, 8.58188, 35.5314, 10.7209, -13.5402, 6.96876, -162.441, 0.984094, -0.137325, 0.968749, -121.308, 0.94841, 119.705
2640, 44.00000, 8.59005, 35.5483, 10.7372, -13.5692, 6.98031, -162.392, 0.98409, -0.13853, 0.968743, -121.307, 0.948453, 119.705
2641, 44.00833, 8.59822, 35.5652, 10.7536, -13.5982, 6.99186, -162.344, 0.984085, -0.139733, 0.968738, -121.306, 0.948495, 119.705
2641, 44.01667, 8.60638, 35.5819, 10.7699, -13.6272, 7.00344, -162.295, 0.984081, -0.140935, 0.968733, -121.305, 0.948538, 119.705
2642, 44.02500, 8.61454, 35.5985, 10.7862, -13.6562, 7.01502, -162.247, 0.984077, -0.142135, 0.968728, -121.304, 0.94858, 119.705
2642, 44.03333, 8.62269, 35.615, 10.8026, -13.6852, 7.02662, -162.198, 0.984072, -0.143333, 0.968723, -121.303, 0.948622, 119.705
2643, 44.04167, 8.63083, 35.6313, 10.819, -13.7142, 7.03824, -162.15, 0.984068, -0.144529, 0.968718, -121.302, 0.948664, 119.705
2643, 44.05000, 8.63897, 35.6476, 10.8353, -13.7432, 7.04987, -162.102, 0.984064, -0.145724, 0.968713, -121.301, 0.948706, 119.705
2644, 44.05833, 8.64709, 35.6637, 10.8517, -13.7722, 7.06151, -162.053, 0.984059, -0.146917, 0.968709, -121.3, 0.948748, 119.705
2644, 44.06667, 8.65522, 35.6798, 10.8681, -13.8012, 7.07316, -162.005, 0.984055, -0.148109, 0.968704, -121.299, 0.94879, 119.705
2645, 44.07500, 8.66333, 35.6957, 10.8845, -13.8301, 7.08483, -161.957, 0.98405, -0.149298, 0.968699, -121.298, 0.948832, 119.705
2645, 44.08333, 8.67144, 35.7115, 10.9009, -13.8591, 7.09652, -161.909, 0.984046, -0.150486, 0.968694, -121.297, 0.948873, 119.705
2646, 44.09167, 8.67954, 35.7273, 10.9173, -13.8881, 7.10822, -161.861, 0.984042, -0.151673, 0.96869, -121.296, 0.948915, 119.705
2646, 44.10000, 8.68763, 35.7429, 10.9337, -13.917, 7.11993, -161.813, 0.984037, -0.152857, 0.968685, -121.295, 0.948956, 119.705
2647, 44.10833, 8.69572, 35.7584, 10.9502, -13.946, 7.13166, -161.765, 0.984033, -0.15404, 0.96868, -121.294, 0.948998, 119.705
2647, 44.11667, 8.7038, 35.7738, 10.9666, -13.9749, 7.1434, -161.718, 0.984028, -0.155221, 0.968676, -121.293, 0.949039, 119.705
2648, 44.12500, 8.71187, 35.7891, 10.983, -14.0038, 7.15516, -161.67, 0.984024, -0.156401, 0.968671, -121.292, 0.94908, 119.705
2648, 44.13333, 8.71993, 35.8042, 10.9995, -14.0328, 7.16693, -161.622, 0.98402, -0.157578, 0.968667, -121.291, 0.949121, 119.705
2649, 44.14167, 8.72799, 35.8193, 11.016, -14.0617, 7.17871, -161.575, 0.984015, -0.158754, 0.968662, -121.29, 0.949162, 119.705
2649, 44.15000, 8.73604, 35.8343, 11.0324, -14.0906, 7.19052, -161.527, 0.984011, -0.159929, 0.968658, -121.289, 0.949202, 119.705
2650, 44.15833, 8.74408, 35.8491, 11.0489, -14.1195, 7.20233, -161.48, 0.984006, -0.161101, 0.968653, -121.288, 0.949243, 119.705
2650, 44.16667, 8.75211, 35.8639, 11.0654, -14.1485, 7.21416, -161.432, 0.984002, -0.162272, 0.968649, -121.287, 0.949284, 119.705
2651, 44.17500, 8.76013, 35.8786, 11.0819, -14.1774, 7.22601, -161.385, 0.983997, -0.163441, 0.968645, -121.286, 0.949324, 119.705
2651, 44.18333, 8.76815, 35.8931, 11.0984, -14.2063, 7.23787, -161.338, 0.983993, -0.164609, 0.968641, -121.285, 0.949364, 119.705
2652, 44.19167, 8.77616, 35.9075, 11.1149, -14.2352, 7.24975, -161.291, 0.983988, -0.165774, 0.968636, -121.285, 0.949405, 119.705
2652, 44.20000, 8.78416, 35.9219, 11.1314, -14.2641, 7.26164, -161.243, 0.983984, -0.166938, 0.968632, -121.284, 0.949445, 119.705
2653, 44.20833, 8.79215, 35.9361, 11.148, -14.293, 7.27355, -161.196, 0.983979, -0.168101, 0.968628, -121.283, 0.949485, 119.704
2653, 44.21667, 8.80013, 35.9503, 11.1645, -14.3219, 7.28547, -161.149, 0.983975, -0.169261, 0.968624, -121.282, 0.949525, 119.704
2654, 44.22500, 8.80811, 35.9643, 11.1811, -14.3508, 7.29741, -161.102, 0.98397, -0.17042, 0.96862, -121.281, 0.949565, 119.704
2654, 44.23333, 8.81607, 35.9782, 11.1976, -14.3797, 7.30936, -161.055, 0.983966, -0.171577, 0.968616, -121.28, 0.949604, 119.704
2655, 44.24167, 8.82403, 35.992, 11.2142, -14.4086, 7.32133, -161.009, 0.983961, -0.172733, 0.968612, -121.279, 0.949644, 119.704
2655, 44.25000, 8.83198, 36.0058, 11.2307, -14.4375, 7.33332, -160.962, 0.983957, -0.173887, 0.968608, -121.278, 0.949683, 119.704
2656, 44.25833, 8.83992, 36.0194, 11.2473, -14.4664, 7.34532, -160.915, 0.983952, -0.175039, 0.968604, -121.277, 0.949723, 119.704
2656, 44.26667, 8.84785, 36.0329, 11.2639, -14.4953, 7.35734, -160.868, 0.983948, -0.176189, 0.9686, -121.276, 0.949762, 119.704
2657, 44.27500, 8.85577, 36.0463, 11.2805, -14.5242, 7.36937, -160.822, 0.983943, -0.177338, 0.968596, -121.275, 0.949802, 119.704
2657, 44.28333, 8.86368, 36.0597, 11.2971, -14.5531, 7.38142, -160.775, 0.983939, -0.178485, 0.968593, -121.274, 0.949841, 119.704
2658, 44.29167, 8.87158, 36.0729, 11.3137, -14.582, 7.39349, -160.729, 0.983934, -0.17963, 0.968589, -121.274, 0.94988, 119.703
2658, 44.30000, 8.87948, 36.086, 11.3303, -14.6109, 7.40557, -160.682, 0.98393, -0.180774, 0.968585, -121.273, 0.949919, 119.703
2659, 44.30833, 8.88736, 36.099, 11.3469, -14.6398, 7.41767, -160.636, 0.983925, -0.181916, 0.968581, -121.272, 0.949958, 119.703
2659, 44.31667, 8.89524, 36.112, 11.3636, -14.6687, 7.42979, -160.59, 0.983921, -0.183056, 0.968578, -121.271, 0.949996, 119.703
2660, 44.32500, 8.9031, 36.1248, 11.3802, -14.6976, 7.44192, -160.544, 0.983916, -0.184194, 0.968574, -121.27, 0.950035, 119.703
2660, 44.33333, 8.91096, 36.1375, 11.3968, -14.7265, 7.45407, -160.497, 0.983912, -0.185331, 0.968571, -121.269, 0.950074, 119.703
2661, 44.34167, 8.91881, 36.1502, 11.4135, -14.7554, 7.46623, -160.451, 0.983907, -0.186466, 0.968567, -121.268, 0.950112, 119.703
2661, 44.35000, 8.92664, 36.1627, 11.4302, -14.7843, 7.47842, -160.405, 0.983902, -0.187599, 0.968564, -121.267, 0.95015, 119.702
2662, 44.35833, 8.93447, 36.1752, 11.4468, -14.8132, 7.49061, -160.359, 0.983898, -0.188731, 0.96856, -121.267, 0.950189, 119.702
2662, 44.36667, 8.94229, 36.1875, 11.4635, -14.8421, 7.50283, -160.313, 0.983893, -0.189861, 0.968557, -121.266, 0.950227, 119.702
2663, 44.37500, 8.95009, 36.1997, 11.4802, -14.871, 7.51506, -160.268, 0.983889, -0.190989, 0.968553, -121.265, 0.950265, 119.702
2663, 44.38333, 8.95789, 36.2119, 11.4969, -14.8999, 7.52731, -160.222, 0.983884, -0.192116, 0.96855, -121.264, 0.950303, 119.702
2664, 44.39167, 8.96568, 36.224, 11.5136, -14.9288, 7.53958, -160.176, 0.98388, -0.19324, 0.968547, -121.263, 0.950341, 119.702
2664, 44.40000, 8.97345, 36.2359, 11.5303, -14.9577, 7.55187, -160.13, 0.983875, -0.194363, 0.968544, -121.262, 0.950379, 119.701
2665, 44.40833, 8.98122, 36.2478, 11.547, -14.9866, 7.56417, -160.085, 0.98387, -0.195485, 0.96854, -121.261, 0.950416, 119.701
2665, 44.41667, 8.98898, 36.2596, 11.5637, -15.0156, 7.57649, -160.039, 0.983866, -0.196605, 0.968537, -121.261, 0.950454, 119.701
2666, 44.42500, 8.99672, 36.2713, 11.5804, -15.0445, 7.58883, -159.994, 0.983861, -0.197722, 0.968534, -121.26, 0.950492, 119.701
2666, 44.43333, 9.00445, 36.2829, 11.5972, -15.0734, 7.60118, -159.948, 0.983857, -0.198839, 0.968531, -121.259, 0.950529, 119.701
2667, 44.44167, 9.01218, 36.2944, 11.6139, -15.1023, 7.61356, -159.903, 0.983852, -0.199953, 0.968528, -121.258, 0.950566, 119.701
2667, 44.45000, 9.01989, 36.3058, 11.6306, -15.1313, 7.62595, -159.857, 0.983847, -0.201066, 0.968525, -121.257, 0.950604, 119.7
2668, 44.45833, 9.02759, 36.3171, 11.6474, -15.1602, 7.63835, -159.812, 0.983843, -0.202177, 0.968522, -121.256, 0.950641, 119.7
2668, 44.46667, 9.03528, 36.3283, 11.6641, -15.1891, 7.65078, -159.767, 0.983838, -0.203287, 0.968519, -121.255, 0.950678, 119.7
2669, 44.47500, 9.04296, 36.3395, 11.6809, -15.2181, 7.66323, -159.722, 0.983834, -0.204394, 0.968516, -121.255, 0.950715, 119.7
2669, 44.48333, 9.05063, 36.3505, 11.6977, -15.247, 7.67569, -159.677, 0.983829, -0.2055, 0.968513, -121.254, 0.950752, 119.699
2670, 44.49167, 9.05829, 36.3615, 11.7145, -15.276, 7.68817, -159.632, 0.983824, -0.206605, 0.96851, -121.253, 0.950789, 119.699
2670, 44.50000, 9.06594, 36.3723, 11.7312, -15.3049, 7.70067, -159.587, 0.98382, -0.207707, 0.968507, -121.252, 0.950826, 119.699
2671, 44.50833, 9.07357, 36.3831, 11.748, -15.3339, 7.71319, -159.542, 0.983815, -0.208808, 0.968504, -121.251, 0.950862, 119.699
2671, 44.51667, 9.08119, 36.3938, 11.7648, -15.3629, 7.72572, -159.497, 0.983811, -0.209907, 0.968502, -121.251, 0.950899, 119.699
2672, 44.52500, 9.08881, 36.4044, 11.7816, -15.3918, 7.73828, -159.452, 0.983806, -0.211005, 0.968499, -121.25, 0.950935, 119.698
2672, 44.53333, 9.09641, 36.4149, 11.7985, -15.4208, 7.75085, -159.408, 0.983801, -0.2121, 0.968496, -121.249, 0.950972, 119.698
2673, 44.54167, 9.10399, 36.4253, 11.8153, -15.4498, 7.76345, -159.363, 0.983797, -0.213195, 0.968494, -121.248, 0.951008, 119.698
2673, 44.55000, 9.11157, 36.4357, 11.8321, -15.4788, 7.77606, -159.318, 0.983792, -0.214287, 0.968491, -121.247, 0.951044, 119.698
2674, 44.55833, 9.11913, 36.4459, 11.8489, -15.5078, 7.78869, -159.274, 0.983787, -0.215377, 0.968488, -121.246, 0.95108, 119.697
2674, 44.56667, 9.12669, 36.4561, 11.8658, -15.5368, 7.80134, -159.229, 0.983783, -0.216466, 0.968486, -121.246, 0.951116, 119.697
2675, 44.57500, 9.13423, 36.4662, 11.8826, -15.5658, 7.81401, -159.185, 0.983778, -0.217554, 0.968483, -121.245, 0.951152, 119.697
2675, 44.58333, 9.14176, 36.4762, 11.8995, -15.5948, 7.82669, -159.14, 0.983774, -0.218639, 0.968481, -121.244, 0.951188, 119.697
2676, 44.59167, 9.14927, 36.4861, 11.9163, -15.6239, 7.8394, -159.096, 0.983769, -0.219723, 0.968478, -121.243, 0.951224, 119.696
2676, 44.60000, 9.15677, 36.4959, 11.9332, -15.6529, 7.85213, -159.052, 0.983764, -0.220805, 0.968476, -121.242, 0.951259, 119.696
2677, 44.60833, 9.16427, 36.5056, 11.95, -15.6819, 7.86487, -159.008, 0.98376, -0.221885, 0.968474, -121.242, 0.951295, 119.696
2677, 44.61667, 9.17175, 36.5153, 11.9669, -15.711, 7.87764, -158.963, 0.983755, -0.222964, 0.968471, -121.241, 0.951331, 119.695
2678, 44.62500, 9.17921, 36.5249, 11.9838, -15.74, 7.89042, -158.919, 0.98375, -0.224041, 0.968469, -121.24, 0.951366, 119.695
2678, 44.63333, 9.18666, 36.5344, 12.0007, -15.7691, 7.90323, -158.875, 0.983746, -0.225116, 0.968467, -121.239, 0.951401, 119.695
2679, 44.64167, 9.1941, 36.5438, 12.0176, -15.7981, 7.91605, -158.831, 0.983741, -0.226189, 0.968464, -121.239, 0.951437, 119.695
2679, 44.65000, 9.20153, 36.5531, 12.0345, -15.8272, 7.9289, -158.788, 0.983737, -0.227261, 0.968462, -121.238, 0.951472, 119.694
2680, 44.65833, 9.20895, 36.5624, 12.0514, -15.8563, 7.94176, -158.744, 0.983732, -0.228331, 0.96846, -121.237, 0.951507, 119.694
2680, 44.66667, 9.21635, 36.5715, 12.0683, -15.8854, 7.95465, -158.7, 0.983727, -0.2294, 0.968458, -121.236, 0.951542, 119.694
2681, 44.67500, 9.22374, 36.5806, 12.0852, -15.9145, 7.96756, -158.656, 0.983723, -0.230466, 0.968456, -121.235, 0.951577, 119.693
2681, 44.68333, 9.23111, 36.5896, 12.1021, -15.9436, 7.98048, -158.613, 0.983718, -0.231531, 0.968454, -121.235, 0.951612, 119.693
2682, 44.69167, 9.23847, 36.5986, 12.119, -15.9727, 7.99343, -158.569, 0.983713, -0.232594, 0.968452, -121.234, 0.951647, 119.693
2682, 44.70000, 9.24582, 36.6074, 12.1359, -16.0018, 8.00639, -158.525, 0.983709, -0.233656, 0.96845, -121.233, 0.951681, 119.692
2683, 44.70833, 9.25316, 36.6162, 12.1529, -16.031, 8.01938, -158.482, 0.983704, -0.234715, 0.968448, -121.232, 0.951716, 119.692
2683, 44.71667, 9.26048, 36.6249, 12.1698, -16.0601, 8.03239, -158.439, 0.9837, -0.235773, 0.968446, -121.232, 0.95175, 119.692
2684, 44.72500, 9.26779, 36.6335, 12.1868, -16.0893, 8.04542, -158.395, 0.983695, -0.23683, 0.968444, -121.231, 0.951785, 119.691
2684, 44.73333, 9.27508, 36.642, 12.2037, -16.1184, 8.05847, -158.352, 0.98369, -0.237884, 0.968442, -121.23, 0.951819, 119.691
2685, 44.74167, 9.28236, 36.6505, 12.2207, -16.1476, 8.07154, -158.309, 0.983686, -0.238937, 0.96844, -121.229, 0.951853, 119.691
2685, 44.75000, 9.28963, 36.6589, 12.2376, -16.1768, 8.08463, -158.266, 0.983681, -0.239988, 0.968438, -121.229, 0.951888, 119.69
2686, 44.75833, 9.29688, 36.6672, 12.2546, -16.206, 8.09774, -158.223, 0.983676, -0.241038, 0.968437, -121.228, 0.951922, 119.69
2686, 44.76667, 9.30412, 36.6754, 12.2716, -16.2352, 8.11088, -158.179, 0.983672, -0.242085, 0.968435, -121.227, 0.951956, 119.69
2687, 44.77500, 9.31134, 36.6836, 12.2885, -16.2644, 8.12403, -158.137, 0.983667, -0.243131, 0.968433, -121.226, 0.95199, 119.689
2687, 44.78333, 9.31855, 36.6917, 12.3055, -16.2936, 8.13721, -158.094, 0.983662, -0.244176, 0.968432, -121.226, 0.952024, 119.689
2688, 44.79167, 9.32575, 36.6997, 12.3225, -16.3228, 8.15041, -158.051, 0.983658, -0.245218, 0.96843, -121.225, 0.952057, 119.689
2688, 44.80000, 9.33293, 36.7076, 12.3395, -16.3521, 8.16363, -158.008, 0.983653, -0.246259, 0.968428, -121.224, 0.952091, 119.688
2689, 44.80833, 9.34009, 36.7155, 12.3565, -16.3813, 8.17687, -157.965, 0.983649, -0.247298, 0.968427, -121.223, 0.952125, 119.688
2689, 44.81667, 9.34725, 36.7233, 12.3735, -16.4106, 8.19013, -157.923, 0.983644, -0.248335, 0.968425, -121.223, 0.952158, 119.688
2689, 44.82500, 9.35438, 36.731, 12.3905, -16.4398, 8.20341, -157.88, 0.983639, -0.249371, 0.968424, -121.222, 0.952192, 119.687
2690, 44.83333, 9.36151, 36.7387, 12.4075, -16.4691, 8.21672, -157.837, 0.983635, -0.250405, 0.968422, -121.221, 0.952225, 119.687
2691, 44.84167, 9.36861, 36.7463, 12.4245, -16.4984, 8.23005, -157.795, 0.98363, -0.251437, 0.968421, -121.221, 0.952259, 119.687
2691, 44.85000, 9.37571, 36.7538, 12.4415, -16.5277, 8.2434, -157.753, 0.983625, -0.252467, 0.968419, -121.22, 0.952292, 119.686
2692, 44.85833, 9.38278, 36.7612, 12.4585, -16.557, 8.25678, -157.71, 0.983621, -0.253496, 0.968418, -121.219, 0.952325, 119.686
2692, 44.86667, 9.38985, 36.7686, 12.4756, -16.5863, 8.27017, -157.668, 0.983616, -0.254523, 0.968417, -121.218, 0.952358, 119.685
2693, 44.87500, 9.39689, 36.7759, 12.4926, -16.6157, 8.28359, -157.626, 0.983612, -0.255548, 0.968415, -121.218, 0.952391, 119.685
2693, 44.88333, 9.40393, 36.7831, 12.5096, -16.645, 8.29703, -157.584, 0.983607, -0.256572, 0.968414, -121.217, 0.952424, 119.685
2693, 44.89167, 9.41094, 36.7903, 12.5267, -16.6744, 8.3105, -157.541, 0.983602, -0.257594, 0.968413, -121.216, 0.952457, 119.684
2694, 44.90000, 9.41794, 36.7974, 12.5437, -16.7038, 8.32398, -157.499, 0.983598, -0.258614, 0.968412, -121.216, 0.95249, 119.684
2695, 44.90833, 9.42493, 36.8044, 12.5608, -16.7331, 8.33749, -157.457, 0.983593, -0.259632, 0.96841, -121.215, 0.952522, 119.683
2695, 44.91667, 9.4319, 36.8114, 12.5778, -16.7625, 8.35102, -157.416, 0.983589, -0.260649, 0.968409, -121.214, 0.952555, 119.683
2696, 44.92500, 9.43885, 36.8183, 12.5949, -16.7919, 8.36458, -157.374, 0.983584, -0.261663, 0.968408, -121.213, 0.952588, 119.683
2696, 44.93333, 9.44579, 36.8251, 12.6119, -16.8214, 8.37815, -157.332, 0.983579, -0.262676, 0.968407, -121.213, 0.95262, 119.682
2697, 44.94167, 9.45272, 36.8319, 12.629, -16.8508, 8.39176, -157.29, 0.983575, -0.263688, 0.968406, -121.212, 0.952652, 119.682
2697, 44.95000, 9.45962, 36.8386, 12.646, -16.8802, 8.40538, -157.249, 0.98357, -0.264697, 0.968405, -121.211, 0.952685, 119.681
2697, 44.95833, 9.46651, 36.8452, 12.6631, -16.9097, 8.41903, -157.207, 0.983566, -0.265705, 0.968404, -121.211, 0.952717, 119.681
2698, 44.96667, 9.47339, 36.8518, 12.6802, -16.9392, 8.4327, -157.166, 0.983561, -0.266711, 0.968403, -121.21, 0.952749, 119.681
2699, 44.97500, 9.48024, 36.8583, 12.6972, -16.9686, 8.44639, -157.124, 0.983556, -0.267716, 0.968402, -121.209, 0.952781, 119.68
2699, 44.98333, 9.48709, 36.8647, 12.7143, -16.9981, 8.46011, -157.083, 0.983552, -0.268718, 0.968401, -121.209, 0.952813, 119.68
2700, 44.99167, 9.49391, 36.8711, 12.7314, -17.0276, 8.47385, -157.041, 0.983547, -0.269719, 0.9684, -121.208, 0.952845, 119.679
2700, 45.00000, 9.50072, 36.8775, 12.7485, -17.0571, 8.48762, -157, 0.983543, -0.270718, 0.9684, -121.207, 0.952877, 119.679
2701, 45.00833, 9.50751, 36.8837, 12.7656, -17.0867, 8.50141, -156.959, 0.983538, -0.271716, 0.968399, -121.206, 0.952909, 119.679
2701, 45.01667, 9.51429, 36.8899, 12.7827, -17.1162, 8.51522, -156.918, 0.983533, -0.272712, 0.968398, -121.206, 0.952941, 119.678
2701, 45.02500, 9.52105, 36.8961, 12.7998, -17.1458, 8.52906, -156.877, 0.983529, -0.273706, 0.968397, -121.205, 0.952973, 119.678
2702, 45.03333, 9.52779, 36.9021, 12.8168, -17.1753, 8.54292, -156.836, 0.983524, -0.274698, 0.968397, -121.204, 0.953004, 119.677
2703, 45.04167, 9.53452, 36.9082, 12.834, -17.2049, 8.55681, -156.795, 0.98352, -0.275688, 0.968396, -121.204, 0.953036, 119.677
2703, 45.05000, 9.54122, 36.9141, 12.8511, -17.2345, 8.57072, -156.754, 0.983515, -0.276677, 0.968395, -121.203, 0.953067, 119.676
2704, 45.05833, 9.54792, 36.9201, 12.8682, -17.2641, 8.58465, -156.713, 0.983511, -0.277664, 0.968395, -121.202, 0.953098, 119.676
2704, 45.06667, 9.55459, 36.9259, 12.8853, -17.2938, 8.59861, -156.673, 0.983506, -0.278649, 0.968394, -121.202, 0.95313, 119.675
2705, 45.07500, 9.56125, 36.9317, 12.9024, -17.3234, 8.6126, -156.632, 0.983502, -0.279632, 0.968394, -121.201, 0.953161, 119.675
2705, 45.08333, 9.56789, 36.9374, 12.9195, -17.353, 8.6266, -156.591, 0.983497, -0.280614, 0.968393, -121.2, 0.953192, 119.675
2705, 45.09167, 9.57451, 36.9431, 12.9366, -17.3827, 8.64064, -156.551, 0.983492, -0.281594, 0.968392, -121.2, 0.953223, 119.674
2706, 45.10000, 9.58111, 36.9488, 12.9537, -17.4124, 8.6547, -156.511, 0.983488, -0.282572, 0.968392, -121.199, 0.953254, 119.674
2707, 45.10833, 9.5877, 36.9543, 12.9708, -17.4421, 8.66878, -156.47, 0.983483, -0.283549, 0.968392, -121.198, 0.953285, 119.673
2707, 45.11667, 9.59427, 36.9599, 12.988, -17.4718, 8.68289, -156.43, 0.983479, -0.284523, 0.968391, -121.198, 0.953316, 119.673
2708, 45.12500, 9.60082, 36.9653, 13.0051, -17.5015, 8.69702, -156.39, 0.983474, -0.285496, 0.968391, -121.197, 0.953347, 119.672
2708, 45.13333, 9.60736, 36.9707, 13.0222, -17.5312, 8.71118, -156.35, 0.98347, -0.286467, 0.968391, -121.196, 0.953378, 119.672
2709, 45.14167, 9.61387, 36.9761, 13.0393, -17.561, 8.72537, -156.309, 0.983465, -0.287437, 0.96839, -121.196, 0.953408, 119.671
2709, 45.15000, 9.62037, 36.9814, 13.0565, -17.5907, 8.73958, -156.269, 0.983461, -0.288404, 0.96839, -121.195, 0.953439, 119.671
2709, 45.15833, 9.62685, 36.9867, 13.0736, -17.6205, 8.75381, -156.23, 0.983456, -0.28937, 0.96839, -121.194, 0.95347, 119.67
2710, 45.16667, 9.63331, 36.9919, 13.0907, -17.6503, 8.76807, -156.19, 0.983452, -0.290334, 0.96839, -121.194, 0.9535, 119.67
2711, 45.17500, 9.63976, 36.997, 13.1079, -17.6801, 8.78236, -156.15, 0.983447, -0.291297, 0.968389, -121.193, 0.953531, 119.669
2711, 45.18333, 9.64618, 37.0021, 13.125, -17.7099, 8.79667, -156.11, 0.983443, -0.292257, 0.968389, -121.193, 0.953561, 119.669
2712, 45.19167, 9.65259, 37.0072, 13.1421, -17.7398, 8.81101, -156.071, 0.983438, -0.293216, 0.968389, -121.192, 0.953591, 119.669
2712, 45.20000, 9.65898, 37.0122, 13.1593, -17.7696, 8.82537, -156.031, 0.983434, -0.294173, 0.968389, -121.191, 0.953621, 119.668
2713, 45.20833, 9.66535, 37.0172, 13.1764, -17.7995, 8.83976, -155.992, 0.983429, -0.295128, 0.968389, -121.191, 0.953651, 119.668
2713, 45.21667, 9.6717, 37.0221, 13.1935, -17.8293, 8.85418, -155.952, 0.983425, -0.296082, 0.968389, -121.19, 0.953682, 119.667
2713, 45.22500, 9.67803, 37.0269, 13.2107, -17.8592, 8.86862, -155.913, 0.98342, -0.297034, 0.968389, -121.189, 0.953712, 119.667
2714, 45.23333, 9.68434, 37.0318, 13.2278, -17.8891, 8.88309, -155.873, 0.983416, -0.297984, 0.968389, -121.189, 0.953741, 119.666
2715, 45.24167, 9.69064, 37.0365, 13.245, -17.9191, 8.89759, -155.834, 0.983411, -0.298932, 0.968389, -121.188, 0.953771, 119.666
2715, 45.25000, 9.69692, 37.0413, 13.2621, -17.949, 8.91211, -155.795, 0.983407, -0.299878, 0.968389, -121.187, 0.953801, 119.665
2716, 45.25833, 9.70317, 37.046, 13.2793, -17.9789, 8.92666, -155.756, 0.983403, -0.300823, 0.96839, -121.187, 0.953831, 119.665
2716, 45.26667, 9.70941, 37.0506, 13.2964, -18.0089, 8.94124, -155.717, 0.983398, -0.301766, 0.96839, -121.186, 0.953861, 119.664
2717, 45.27500, 9.71563, 37.0552, 13.3136, -18.0389, 8.95584, -155.678, 0.983394, -0.302707, 0.96839, -121.185, 0.95389, 119.664
2717, 45.28333, 9.72183, 37.0598, 13.3307, -18.0689, 8.97047, -155.639, 0.983389, -0.303646, 0.96839, -121.185, 0.95392, 119.663
2717, 45.29167, 9.72801, 37.0643, 13.3479, -18.0989, 8.98512, -155.601, 0.983385, -0.304584, 0.96839, -121.184, 0.953949, 119.663
2718, 45.30000, 9.73417, 37.0687, 13.365, -18.1289, 8.99981, -155.562, 0.98338, -0.30552, 0.968391, -121.184, 0.953978, 119.662
2719, 45.30833, 9.74031, 37.0732, 13.3822, -18.1589, 9.01452, -155.523, 0.983376, -0.306454, 0.968391, -121.183, 0.954008, 119.662
2719, 45.31667, 9.74644, 37.0776, 13.3993, -18.189, 9.02925, -155.485, 0.983372, -0.307386, 0.968391, -121.182, 0.954037, 119.661
2720, 45.32500, 9.75254, 37.0819, 13.4165, -18.2191, 9.04402, -155.446, 0.983367, -0.308317, 0.968392, -121.182, 0.954066, 119.661
2720, 45.33333, 9.75862, 37.0862, 13.4336, -18.2491, 9.05881, -155.408, 0.983363, -0.309245, 0.968392, -121.181, 0.954095, 119.66
2721, 45.34167, 9.76468, 37.0905, 13.4508, -18.2792, 9.07363, -155.37, 0.983358, -0.310172, 0.968393, -121.18, 0.954124, 119.66
2721, 45.35000, 9.77073, 37.0947, 13.4679, -18.3094, 9.08848, -155.332, 0.983354, -0.311097, 0.968393, -121.18, 0.954153, 119.659
2721, 45.35833, 9.77675, 37.0989, 13.4851, -18.3395, 9.10335, -155.293, 0.98335, -0.312021, 0.968394, -121.179, 0.954182, 119.658
2722, 45.36667, 9.78275, 37.1031, 13.5022, -18.3696, 9.11825, -155.255, 0.983345, -0.312942, 0.968394, -121.179, 0.954211, 119.658
2723, 45.37500, 9.78873, 37.1072, 13.5194, -18.3998, 9.13318, -155.217, 0.983341, -0.313862, 0.968395, -121.178, 0.95424, 119.657
2723, 45.38333, 9.7947, 37.1113, 13.5365, -18.4299, 9.14814, -155.18, 0.983337, -0.31478, 0.968395, -121.177, 0.954269, 119.657
2724, 45.39167, 9.80064, 37.1153, 13.5537, -18.4601, 9.16313, -155.142, 0.983332, -0.315696, 0.968396, -121.177, 0.954298, 119.656
2724, 45.40000, 9.80656, 37.1194, 13.5708, -18.4903, 9.17814, -155.104, 0.983328, -0.316611, 0.968397, -121.176, 0.954326, 119.656
2725, 45.40833, 9.81246, 37.1233, 13.588, -18.5206, 9.19318, -155.066, 0.983324, -0.317523, 0.968397, -121.176, 0.954355, 119.655
2725, 45.41667, 9.81835, 37.1273, 13.6051, -18.5508, 9.20826, -155.029, 0.983319, -0.318434, 0.968398, -121.175, 0.954383, 119.655
2725, 45.42500, 9.82421, 37.1312, 13.6223, -18.581, 9.22335, -154.991, 0.983315, -0.319343, 0.968399, -121.174, 0.954412, 119.654
2726, 45.43333, 9.83005, 37.1351, 13.6394, -18.6113, 9.23848, -154.954, 0.983311, -0.32025, 0.9684, -121.174, 0.95444, 119.654
2727, 45.44167, 9.83587, 37.139, 13.6566, -18.6416, 9.25364, -154.917, 0.983306, -0.321156, 0.968401, -121.173, 0.954468, 119.653
2727, 45.45000, 9.84166, 37.1428, 13.6737, -18.6719, 9.26882, -154.879, 0.983302, -0.32206, 0.968402, -121.173, 0.954497, 119.653
2728, 45.45833, 9.84744, 37.1466, 13.6908, -18.7022, 9.28403, -154.842, 0.983298, -0.322961, 0.968402, -121.172, 0.954525, 119.652
2728, 45.46667, 9.8532, 37.1503, 13.708, -18.7325, 9.29928, -154.805, 0.983293, -0.323862, 0.968403, -121.171, 0.954553, 119.652
2729, 45.47500, 9.85894, 37.1541, 13.7251, -18.7628, 9.31454, -154.768, 0.983289, -0.32476, 0.968404, -121.171, 0.954581, 119.651
2729, 45.48333, 9.86465, 37.1578, 13.7423, -18.7932, 9.32984, -154.731, 0.983285, -0.325656, 0.968405, -121.17, 0.954609, 119.65
2729, 45.49167, 9.87035, 37.1615, 13.7594, -18.8236, 9.34517, -154.694, 0.983281, -0.326551, 0.968406, -121.17, 0.954637, 119.65
2730, 45.50000, 9.87602, 37.1651, 13.7765, -18.8539, 9.36053, -154.658, 0.983276, -0.327444, 0.968407, -121.169, 0.954665, 119.649
2731, 45.50833, 9.88167, 37.1687, 13.7937, -18.8843, 9.37591, -154.621, 0.983272, -0.328335, 0.968409, -121.168, 0.954692, 119.649
2731, 45.51667, 9.8873, 37.1723, 13.8108, -18.9147, 9.39133, -154.585, 0.983268, -0.329224, 0.96841, -121.168, 0.95472, 119.648
2732, 45.52500, 9.89291, 37.1759, 13.8279, -18.9452, 9.40677, -154.548, 0.983264, -0.330112, 0.968411, -121.167, 0.954748, 119.648
2732, 45.53333, 9.8985, 37.1795, 13.8451, -18.9756, 9.42225, -154.512, 0.98326, -0.330998, 0.968412, -121.167, 0.954776, 119.647
2733, 45.54167, 9.90407, 37.183, 13.8622, -19.0061, 9.43775, -154.475, 0.983255, -0.331882, 0.968413, -121.166, 0.954803, 119.647
2733, 45.55000, 9.90961, 37.1865, 13.8793, -19.0365, 9.45328, -154.439, 0.983251, -0.332764, 0.968414, -121.166, 0.954831, 119.646
2733, 45.55833, 9.91513, 37.19, 13.8964, -19.067, 9.46885, -154.403, 0.983247, -0.333644, 0.968416, -121.165, 0.954858, 119.645
2734, 45.56667, 9.92063, 37.1934, 13.9136, -19.0975, 9.48444, -154.367, 0.983243, -0.334522, 0.968417, -121.164, 0.954885, 119.645
2735, 45.57500, 9.92611, 37.1969, 13.9307, -19.128, 9.50006, -154.331, 0.983239, -0.335399, 0.968418, -121.164, 0.954913, 119.644
2735, 45.58333, 9.93157, 37.2003, 13.9478, -19.1586, 9.51571, -154.295, 0.983234, -0.336274, 0.96842, -121.163, 0.95494, 119.644
2736, 45.59167, 9.93701, 37.2037, 13.9649, -19.1891, 9.53139, -154.259, 0.98323, -0.337147, 0.968421, -121.163, 0.954967, 119.643
2736, 45.60000, 9.94242, 37.2071, 13.982, -19.2197, 9.5471, -154.224, 0.983226, -0.338018, 0.968423, -121.162, 0.954994, 119.643
2737, 45.60833, 9.94781, 37.2104, 13.9991, -19.2502, 9.56284, -154.188, 0.983222, -0.338888, 0.968424, -121.161, 0.955022, 119.642
2737, 45.61667, 9.95318, 37.2138, 14.0162, -19.2808, 9.57862, -154.153, 0.983218, -0.339756, 0.968426, -121.161, 0.955049, 119.641
2737, 45.62500, 9.95853, 37.2171, 14.0333, -19.3114, 9.59442, -154.117, 0.983214, -0.340621, 0.968427, -121.16, 0.955076, 119.641
2738, 45.63333, 9.96386, 37.2204, 14.0504, -19.3421, 9.61025, -154.082, 0.98321, -0.341485, 0.968429, -121.16, 0.955102, 119.64
2739, 45.64167, 9.96916, 37.2237, 14.0675, -19.3727, 9.62611, -154.047, 0.983206, -0.342348, 0.96843, -121.159, 0.955129, 119.64
2739, 45.65000, 9.97444, 37.227, 14.0846, -19.4033, 9.642, -154.011, 0.983202, -0.343208, 0.968432, -121.159, 0.955156, 119.639
2740, 45.65833, 9.9797, 37.2303, 14.1017, -19.434, 9.65792, -153.976, 0.983198, -0.344067, 0.968433, -121.158, 0.955183, 119.639
2740, 45.66667, 9.98494, 37.2335, 14.1188, -19.4647, 9.67388, -153.941, 0.983194, -0.344924, 0.968435, -121.157, 0.955209, 119.638
2741, 45.67500, 9.99015, 37.2367, 14.1359, -19.4954, 9.68986, -153.907, 0.983189, -0.345779, 0.968437, -121.157, 0.955236, 119.637
2741, 45.68333, 9.99534, 37.24, 14.153, -19.5261, 9.70587, -153.872, 0.983185, -0.346632, 0.968439, -121.156, 0.955263, 119.637
2741, 45.69167, 10.0005, 37.2432, 14.17, -19.5568, 9.72192, -153.837, 0.983181, -0.347483, 0.96844, -121.156, 0.955289, 119.636
2742, 45.70000, 10.0057, 37.2464, 14.1871, -19.5875, 9.738, -153.803, 0.983177, -0.348333, 0.968442, -121.155, 0.955316, 119.636
2743, 45.70833, 10.0108, 37.2496, 14.2042, -19.6182, 9.7541, -153.768, 0.983173, -0.34918, 0.968444, -121.155, 0.955342, 119.635
2743, 45.71667, 10.0159, 37.2528, 14.2212, -19.649, 9.77024, -153.734, 0.983169, -0.350026, 0.968446, -121.154, 0.955368, 119.634
2744, 45.72500, 10.021, 37.2559, 14.2383, -19.6798, 9.78641, -153.699, 0.983165, -0.350871, 0.968448, -121.154, 0.955395, 119.634
2744, 45.73333, 10.026, 37.2591, 14.2554, -19.7106, 9.80261, -153.665, 0.983162, -0.351713, 0.96845, -121.153, 0.955421, 119.633
2745, 45.74167, 10.031, 37.2623, 14.2724, -19.7414, 9.81884, -153.631, 0.983158, -0.352553, 0.968452, -121.152, 0.955447, 119.633
2745, 45.75000, 10.0361, 37.2654, 14.2895, -19.7722, 9.8351, -153.597, 0.983154, -0.353392, 0.968454, -121.152, 0.955473, 119.632
2745, 45.75833, 10.041, 37.2686, 14.3065, -19.803, 9.85139, -153.563, 0.98315, -0.354229, 0.968456, -121.151, 0.955499, 119.631
2746, 45.76667, 10.046, 37.2717, 14.3235, -19.8338, 9.86772, -153.529, 0.983146, -0.355064, 0.968458, -121.151, 0.955525, 119.631
2747, 45.77500, 10.0509, 37.2748, 14.3406, -19.8647, 9.88407, -153.495, 0.983142, -0.355897, 0.96846, -121.15, 0.955551, 119.63
2747, 45.78333, 10.0559, 37.278, 14.3576, -19.8956, 9.90046, -153.462, 0.983138, -0.356729, 0.968462, -121.15, 0.955577, 119.63
2748, 45.79167, 10.0607, 37.2811, 14.3746, -19.9264, 9.91687, -153.428, 0.983134, -0.357558, 0.968464, -121.149, 0.955603, 119.629
2748, 45.80000, 10.0656, 37.2842, 14.3917, -19.9573, 9.93332, -153.395, 0.98313, -0.358386, 0.968467, -121.149, 0.955628, 119.628
2749, 45.80833, 10.0705, 37.2873, 14.4087, -19.9882, 9.9498, -153.362, 0.983126, -0.359212, 0.968469, -121.148, 0.955654, 119.628
2749, 45.81667, 10.0753, 37.2905, 14.4257, -20.0192, 9.96632, -153.328, 0.983122, -0.360036, 0.968471, -121.148, 0.95568, 119.627
2749, 45.82500, 10.0801, 37.2936, 14.4427, -20.0501, 9.98286, -153.295, 0.983119, -0.360858, 0.968473, -121.147, 0.955705, 119.627
2750, 45.83333, 10.0849, 37.2967, 14.4597, -20.081, 9.99944, -153.262, 0.983115, -0.361679, 0.968476, -121.146, 0.955731, 119.626
2751, 45.84167, 10.0896, 37.2998, 14.4767, -20.112, 10.016, -153.229, 0.983111, -0.362498, 0.968478, -121.146, 0.955756, 119.625
2751, 45.85000, 10.0943, 37.3029, 14.4937, -20.143, 10.0327, -153.196, 0.983107, -0.363315, 0.96848, -121.145, 0.955782, 119.625
2752, 45.85833, 10.099, 37.3061, 14.5106, -20.174, 10.0494, -153.164, 0.983103, -0.36413, 0.968483, -121.145, 0.955807, 119.624
2752, 45.86667, 10.1037, 37.3092, 14.5276, -20.205, 10.0661, -153.131, 0.9831, -0.364943, 0.968485, -121.144, 0.955833, 119.624
2753, 45.87500, 10.1084, 37.3123, 14.5446, -20.236, 10.0828, -153.098, 0.983096, -0.365754, 0.968488, -121.144, 0.955858, 119.623
2753, 45.88333, 10.113, 37.3155, 14.5616, -20.267, 10.0996, -153.066, 0.983092, -0.366564, 0.96849, -121.143, 0.955883, 119.622
2753, 45.89167, 10.1176, 37.3186, 14.5785, -20.298, 10.1164, -153.034, 0.983088, -0.367372, 0.968493, -121.143, 0.955908, 119.622
2754, 45.90000, 10.1222, 37.3218, 14.5955, -20.3291, 10.1332, -153.001, 0.983085, -0.368178, 0.968495, -121.142, 0.955933, 119.621
2755, 45.90833, 10.1268, 37.3249, 14.6124, -20.3601, 10.1501, -152.969, 0.983081, -0.368982, 0.968498, -121.142, 0.955958, 119.62
2755, 45.91667, 10.1313, 37.3281, 14.6294, -20.3912, 10.167, -152.937, 0.983077, -0.369784, 0.968501, -121.141, 0.955983, 119.62
2756, 45.92500, 10.1358, 37.3313, 14.6463, -20.4223, 10.1839, -152.905, 0.983074, -0.370585, 0.968503, -121.141, 0.956008, 119.619
2756, 45.93333, 10.1403, 37.3345, 14.6632, -20.4533, 10.2008, -152.874, 0.98307, -0.371383, 0.968506, -121.14, 0.956033, 119.619
2757, 45.94167, 10.1448, 37.3377, 14.6801, -20.4845, 10.2178, -152.842, 0.983066, -0.37218, 0.968509, -121.139, 0.956058, 119.618
2757, 45.95000, 10.1492, 37.3409, 14.697, -20.5156, 10.2349, -152.81, 0.983063, -0.372975, 0.968512, -121.139, 0.956083, 119.617
2758, 45.95833, 10.1537, 37.3441, 14.714, -20.5467, 10.2519, -152.779, 0.983059, -0.373768, 0.968515, -121.138, 0.956108, 119.617
2758, 45.96667, 10.158, 37.3473, 14.7309, -20.5778, 10.269, -152.747, 0.983056, -0.37456, 0.968517, -121.138, 0.956132, 119.616
2759, 45.97500, 10.1624, 37.3505, 14.7477, -20.609, 10.2861, -152.716, 0.983052, -0.375349, 0.96852, -121.137, 0.956157, 119.615
2759, 45.98333, 10.1668, 37.3538, 14.7646, -20.6401, 10.3033, -152.685, 0.983048, -0.376137, 0.968523, -121.137, 0.956182, 119.615
2760, 45.99167, 10.1711, 37.3571, 14.7815, -20.6713, 10.3205, -152.654, 0.983045, -0.376923, 0.968526, -121.136, 0.956206, 119.614
2760, 46.00000, 10.1754, 37.3603, 14.7984, -20.7025, 10.3377, -152.623, 0.983041, -0.377707, 0.968529, -121.136, 0.956231, 119.614
2761, 46.00833, 10.1797, 37.3636, 14.8152, -20.7337, 10.355, -152.592, 0.983038, -0.37849, 0.968532, -121.135, 0.956255, 119.613
2761, 46.01667, 10.1839, 37.367, 14.8321, -20.7649, 10.3722, -152.561, 0.983034, -0.37927, 0.968535, -121.135, 0.956279, 119.612
2762, 46.02500, 10.1881, 37.3703, 14.849, -20.7961, 10.3896, -152.531, 0.983031, -0.380049, 0.968538, -121.134, 0.956304, 119.612
2762, 46.03333, 10.1923, 37.3737, 14.8658, -20.8273, 10.4069, -152.5, 0.983027, -0.380826, 0.968541, -121.134, 0.956328, 119.611
2763, 46.04167, 10.1965, 37.377, 14.8826, -20.8585, 10.4243, -152.47, 0.983024, -0.381601, 0.968544, -121.133, 0.956352, 119.61
2763, 46.05000, 10.2006, 37.3804, 14.8995, -20.8898, 10.4417, -152.44, 0.98302, -0.382374, 0.968548, -121.133, 0.956376, 119.61
2764, 46.05833, 10.2048, 37.3838, 14.9163, -20.921, 10.4592, -152.409, 0.983017, -0.383146, 0.968551, -121.132, 0.9564, 119.609
2764, 46.06667, 10.2089, 37.3873, 14.9331, -20.9523, 10.4767, -152.379, 0.983014, -0.383915, 0.968554, -121.132, 0.956424, 119.609
2765, 46.07500, 10.213, 37.3907, 14.9499, -20.9835, 10.4942, -152.349, 0.98301, -0.384683, 0.968557, -121.131, 0.956448, 119.608
2765, 46.08333, 10.217, 37.3942, 14.9667, -21.0148, 10.5117, -152.319, 0.983007, -0.385449, 0.968561, -121.131, 0.956472, 119.607
2766, 46.09167, 10.221, 37.3977, 14.9835, -21.0461, 10.5293, -152.29, 0.983003, -0.386213, 0.968564, -121.13, 0.956496, 119.607
2766, 46.10000, 10.225, 37.4012, 15.0002, -21.0774, 10.5469, -152.26, 0.983, -0.386976, 0.968567, -121.13, 0.95652, 119.606
2767, 46.10833, 10.229, 37.4048, 15.017, -21.1087, 10.5646, -152.231, 0.982997, -0.387736, 0.968571, -121.129, 0.956544, 119.605
2767, 46.11667, 10.233, 37.4084, 15.0338, -21.14, 10.5823, -152.201, 0.982993, -0.388495, 0.968574, -121.129, 0.956568, 119.605
2768, 46.12500, 10.2369, 37.412, 15.0505, -21.1713, 10.6, -152.172, 0.98299, -0.389252, 0.968578, -121.128, 0.956592, 119.604
2768, 46.13333, 10.2408, 37.4156, 15.0672, -21.2026, 10.6177, -152.143, 0.982987, -0.390007, 0.968581, -121.128, 0.956615, 119.603
2769, 46.14167, 10.2447, 37.4193, 15.084, -21.234, 10.6355, -152.114, 0.982984, -0.390761, 0.968585, -121.127, 0.956639, 119.603
2769, 46.15000, 10.2485, 37.423, 15.1007, -21.2653, 10.6533, -152.085, 0.98298, -0.391512, 0.968588, -121.127, 0.956662, 119.602
2770, 46.15833, 10.2524, 37.4267, 15.1174, -21.2967, 10.6712, -152.056, 0.982977, -0.392262, 0.968592, -121.126, 0.956686, 119.601
2770, 46.16667, 10.2562, 37.4304, 15.1341, -21.328, 10.6891, -152.027, 0.982974, -0.39301, 0.968596, -121.126, 0.956709, 119.601
2771, 46.17500, 10.26, 37.4342, 15.1508, -21.3594, 10.707, -151.998, 0.982971, -0.393756, 0.968599, -121.125, 0.956733, 119.6
2771, 46.18333, 10.2637, 37.438, 15.1675, -21.3908, 10.7249, -151.97, 0.982968, -0.3945, 0.968603, -121.125, 0.956756, 119.6
2772, 46.19167, 10.2674, 37.4419, 15.1842, -21.4222, 10.7429, -151.942, 0.982964, -0.395243, 0.968607, -121.124, 0.956779, 119.599
2772, 46.20000, 10.2711, 37.4458, 15.2008, -21.4535, 10.7609, -151.913, 0.982961, -0.395984, 0.968611, -121.124, 0.956803, 119.598
2773, 46.20833, 10.2748, 37.4497, 15.2175, -21.4849, 10.779, -151.885, 0.982958, -0.396723, 0.968614, -121.123, 0.956826, 119.598
2773, 46.21667, 10.2785, 37.4537, 15.2341, -21.5163, 10.7971, -151.857, 0.982955, -0.39746, 0.968618, -121.123, 0.956849, 119.597
2774, 46.22500, 10.2821, 37.4577, 15.2508, -21.5477, 10.8152, -151.829, 0.982952, -0.398195, 0.968622, -121.122, 0.956872, 119.596
2774, 46.23333, 10.2857, 37.4617, 15.2674, -21.5792, 10.8333, -151.801, 0.982949, -0.398929, 0.968626, -121.122, 0.956895, 119.596
2775, 46.24167, 10.2893, 37.4658, 15.284, -21.6106, 10.8515, -151.774, 0.982946, -0.399661, 0.96863, -121.121, 0.956918, 119.595
2775, 46.25000, 10.2929, 37.4699, 15.3006, -21.642, 10.8697, -151.746, 0.982943, -0.400391, 0.968634, -121.121, 0.956941, 119.594
2776, 46.25833, 10.2964, 37.474, 15.3172, -21.6734, 10.888, -151.719, 0.98294, -0.401119, 0.968638, -121.12, 0.956964, 119.594
2776, 46.26667, 10.2999, 37.4782, 15.3338, -21.7049, 10.9063, -151.691, 0.982937, -0.401845, 0.968642, -121.12, 0.956987, 119.593
2777, 46.27500, 10.3034, 37.4824, 15.3504, -21.7363, 10.9246, -151.664, 0.982934, -0.40257, 0.968646, -121.119, 0.95701, 119.592
2777, 46.28333, 10.3068, 37.4867, 15.3669, -21.7678, 10.943, -151.637, 0.982931, -0.403293, 0.96865, -121.119, 0.957033, 119.592
2778, 46.29167, 10.3103, 37.491, 15.3835, -21.7992, 10.9613, -151.61, 0.982928, -0.404014, 0.968655, -121.118, 0.957056, 119.591
2778, 46.30000, 10.3137, 37.4954, 15.4, -21.8307, 10.9798, -151.583, 0.982925, -0.404733, 0.968659, -121.118, 0.957078, 119.59
2779, 46.30833, 10.3171, 37.4998, 15.4165, -21.8621, 10.9982, -151.557, 0.982922, -0.405451, 0.968663, -121.117, 0.957101, 119.59
2779, 46.31667, 10.3204, 37.5042, 15.433, -21.8936, 11.0167, -151.53, 0.982919, -0.406167, 0.968667, -121.117, 0.957124, 119.589
2780, 46.32500, 10.3238, 37.5087, 15.4496, -21.925, 11.0352, -151.504, 0.982917, -0.406881, 0.968672, -121.116, 0.957146, 119.588
2780, 46.33333, 10.3271, 37.5133, 15.466, -21.9565, 11.0538, -151.477, 0.982914, -0.407593, 0.968676, -121.116, 0.957169, 119.588
2781, 46.34167, 10.3303, 37.5179, 15.4825, -21.988, 11.0724, -151.451, 0.982911, -0.408303, 0.96868, -121.115, 0.957191, 119.587
2781, 46.35000, 10.3336, 37.5225, 15.499, -22.0195, 11.091, -151.425, 0.982908, -0.409012, 0.968685, -121.115, 0.957214, 119.586
2782, 46.35833, 10.3368, 37.5272, 15.5155, -22.051, 11.1097, -151.399, 0.982905, -0.409719, 0.968689, -121.114, 0.957236, 119.586
2782, 46.36667, 10.34, 37.532, 15.5319, -22.0824, 11.1283, -151.373, 0.982903, -0.410424, 0.968694, -121.114, 0.957258, 119.585
2783, 46.37500, 10.3432, 37.5368, 15.5483, -22.1139, 11.1471, -151.347, 0.9829, -0.411127, 0.968698, -121.113, 0.957281, 119.584
2783, 46.38333, 10.3464, 37.5416, 15.5648, -22.1454, 11.1658, -151.322, 0.982897, -0.411829, 0.968703, -121.113, 0.957303, 119.584
2784, 46.39167, 10.3495, 37.5465, 15.5812, -22.1769, 11.1846, -151.296, 0.982895, -0.412529, 0.968707, -121.112, 0.957325, 119.583
2784, 46.40000, 10.3526, 37.5515, 15.5976, -22.2084, 11.2034, -151.271, 0.982892, -0.413227, 0.968712, -121.112, 0.957347, 119.582
2785, 46.40833, 10.3557, 37.5565, 15.614, -22.2399, 11.2223, -151.246, 0.982889, -0.413923, 0.968716, -121.111, 0.957369, 119.582
2785, 46.41667, 10.3588, 37.5615, 15.6303, -22.2714, 11.2412, -151.221, 0.982887, -0.414618, 0.968721, -121.111, 0.957392, 119.581
2786, 46.42500, 10.3618, 37.5667, 15.6467, -22.3029, 11.2601, -151.196, 0.982884, -0.41531, 0.968726, -121.11, 0.957414, 119.58
2786, 46.43333, 10.3648, 37.5718, 15.663, -22.3344, 11.2791, -151.171, 0.982882, -0.416001, 0.968731, -121.11, 0.957435, 119.58
2787, 46.44167, 10.3678, 37.5771, 15.6794, -22.3659, 11.2981, -151.146, 0.982879, -0.416691, 0.968735, -121.109, 0.957457, 119.579
2787, 46.45000, 10.3708, 37.5824, 15.6957, -22.3974, 11.3171, -151.121, 0.982877, -0.417378, 0.96874, -121.109, 0.957479, 119.578
2788, 46.45833, 10.3737, 37.5877, 15.712, -22.4289, 11.3362, -151.097, 0.982874, -0.418064, 0.968745, -121.108, 0.957501, 119.578
2788, 46.46667, 10.3766, 37.5931, 15.7283, -22.4604, 11.3553, -151.072, 0.982872, -0.418748, 0.96875, -121.108, 0.957523, 119.577
2789, 46.47500, 10.3795, 37.5986, 15.7446, -22.4919, 11.3744, -151.048, 0.982869, -0.419431, 0.968755, -121.108, 0.957545, 119.576
2789, 46.48333, 10.3824, 37.6042, 15.7609, -22.5234, 11.3935, -151.024, 0.982867, -0.420111, 0.96876, -121.107, 0.957566, 119.576
2790, 46.49167, 10.3852, 37.6098, 15.7771, -22.5549, 11.4127, -151, 0.982864, -0.42079, 0.968765, -121.107, 0.957588, 119.575
2790, 46.50000, 10.388, 37.6154, 15.7934, -22.5864, 11.432, -150.976, 0.982862, -0.421467, 0.96877, -121.106, 0.95761, 119.574
2791, 46.50833, 10.3908, 37.6212, 15.8096, -22.6179, 11.4512, -150.953, 0.982859, -0.422143, 0.968775, -121.106, 0.957631, 119.574
2791, 46.51667, 10.3936, 37.627, 15.8258, -22.6494, 11.4705, -150.929, 0.982857, -0.422817, 0.96878, -121.105, 0.957653, 119.573
2792, 46.52500, 10.3963, 37.6328, 15.842, -22.6809, 11.4899, -150.906, 0.982855, -0.423489, 0.968785, -121.105, 0.957675, 119.572
2792, 46.53333, 10.399, 37.6388, 15.8582, -22.7124, 11.5092, -150.882, 0.982853, -0.424159, 0.96879, -121.104, 0.957696, 119.572
2793, 46.54167, 10.4017, 37.6448, 15.8744, -22.7439, 11.5286, -150.859, 0.98285, -0.424827, 0.968796, -121.104, 0.957717, 119.571
2793, 46.55000, 10.4044, 37.6509, 15.8906, -22.7754, 11.5481, -150.836, 0.982848, -0.425494, 0.968801, -121.103, 0.957739, 119.57
2794, 46.55833, 10.407, 37.657, 15.9067, -22.8069, 11.5675, -150.813, 0.982846, -0.426159, 0.968806, -121.103, 0.95776, 119.57
2794, 46.56667, 10.4096, 37.6632, 15.9228, -22.8383, 11.587, -150.79, 0.982844, -0.426823, 0.968812, -121.102, 0.957781, 119.569
2795, 46.57500, 10.4122, 37.6695, 15.939, -22.8698, 11.6066, -150.768, 0.982841, -0.427485, 0.968817, -121.102, 0.957803, 119.568
2795, 46.58333, 10.4148, 37.6759, 15.9551, -22.9013, 11.6261, -150.745, 0.982839, -0.428145, 0.968822, -121.101, 0.957824, 119.568
2796, 46.59167, 10.4173, 37.6823, 15.9712, -22.9328, 11.6457, -150.723, 0.982837, -0.428803, 0.968828, -121.101, 0.957845, 119.567
2796, 46.60000, 10.4199, 37.6888, 15.9872, -22.9643, 11.6653, -150.7, 0.982835, -0.42946, 0.968833, -121.101, 0.957866, 119.566
2797, 46.60833, 10.4224, 37.6954, 16.0033, -22.9957, 11.685, -150.678, 0.982833, -0.430115, 0.968839, -121.1, 0.957887, 119.566
2797, 46.61667, 10.4248, 37.702, 16.0193, -23.0272, 11.7047, -150.656, 0.982831, -0.430768, 0.968844, -121.1, 0.957908, 119.565
2798, 46.62500, 10.4273, 37.7088, 16.0354, -23.0586, 11.7244, -150.634, 0.982829, -0.43142, 0.96885, -121.099, 0.957929, 119.564
2798, 46.63333, 10.4297, 37.7156, 16.0514, -23.0901, 11.7442, -150.612, 0.982827, -0.43207, 0.968856, -121.099, 0.95795, 119.564
2799, 46.64167, 10.4321, 37.7225, 16.0674, -23.1215, 11.764, -150.591, 0.982825, -0.432718, 0.968861, -121.098, 0.957971, 119.563
2799, 46.65000, 10.4345, 37.7295, 16.0834, -23.153, 11.7838, -150.569, 0.982823, -0.433365, 0.968867, -121.098, 0.957992, 119.562
2800, 46.65833, 10.4368, 37.7365, 16.0993, -23.1844, 11.8037, -150.548, 0.982821, -0.434009, 0.968873, -121.097, 0.958013, 119.562
2800, 46.66667, 10.4392, 37.7436, 16.1153, -23.2159, 11.8236, -150.527, 0.982819, -0.434653, 0.968878, -121.097, 0.958034, 119.561
2801, 46.67500, 10.4415, 37.7509, 16.1312, -23.2473, 11.8435, -150.505, 0.982817, -0.435294, 0.968884, -121.096, 0.958055, 119.56
2801, 46.68333, 10.4438, 37.7582, 16.1472, -23.2787, 11.8635, -150.485, 0.982816, -0.435934, 0.96889, -121.096, 0.958075, 119.56
2802, 46.69167, 10.446, 37.7655, 16.1631, -23.3101, 11.8835, -150.464, 0.982814, -0.436573, 0.968896, -121.096, 0.958096, 119.559
2802, 46.70000, 10.4482, 37.773, 16.179, -23.3415, 11.9035, -150.443, 0.982812, -0.437209, 0.968902, -121.095, 0.958117, 119.558
2803, 46.70833, 10.4505, 37.7806, 16.1948, -23.3729, 11.9236, -150.422, 0.98281, -0.437844, 0.968908, -121.095, 0.958137, 119.558
2803, 46.71667, 10.4526, 37.7882, 16.2107, -23.4043, 11.9437, -150.402, 0.982809, -0.438478, 0.968914, -121.094, 0.958158, 119.557
2804, 46.72500, 10.4548, 37.7959, 16.2266, -23.4357, 11.9638, -150.382, 0.982807, -0.43911, 0.96892, -121.094, 0.958179, 119.556
2804, 46.73333, 10.457, 37.8037, 16.2424, -23.4671, 11.984, -150.361, 0.982805, -0.43974, 0.968926, -121.093, 0.958199, 119.556
2805, 46.74167, 10.4591, 37.8116, 16.2582, -23.4984, 12.0042, -150.341, 0.982804, -0.440368, 0.968932, -121.093, 0.95822, 119.555
2805, 46.75000, 10.4612, 37.8196, 16.274, -23.5298, 12.0244, -150.322, 0.982802, -0.440995, 0.968938, -121.092, 0.95824, 119.554
2806, 46.75833, 10.4632, 37.8277, 16.2898, -23.5611, 12.0447, -150.302, 0.9828, -0.44162, 0.968944, -121.092, 0.95826, 119.554
2806, 46.76667, 10.4653, 37.8359, 16.3055, -23.5925, 12.0649, -150.282, 0.982799, -0.442244, 0.96895, -121.091, 0.958281, 119.553
2807, 46.77500, 10.4673, 37.8442, 16.3213, -23.6238, 12.0853, -150.263, 0.982797, -0.442866, 0.968957, -121.091, 0.958301, 119.552
2807, 46.78333, 10.4693, 37.8525, 16.337, -23.6551, 12.1056, -150.243, 0.982796, -0.443486, 0.968963, -121.091, 0.958321, 119.552
2808, 46.79167, 10.4713, 37.861, 16.3527, -23.6865, 12.126, -150.224, 0.982794, -0.444105, 0.968969, -121.09, 0.958342, 119.551
2808, 46.80000, 10.4733, 37.8695, 16.3684, -23.7178, 12.1464, -150.205, 0.982793, -0.444722, 0.968976, -121.09, 0.958362, 119.55
2809, 46.80833, 10.4752, 37.8782, 16.3841, -23.749, 12.1669, -150.186, 0.982791, -0.445338, 0.968982, -121.089, 0.958382, 119.55
2809, 46.81667, 10.4771, 37.8869, 16.3998, -23.7803, 12.1874, -150.167, 0.98279, -0.445952, 0.968988, -121.089, 0.958402, 119.549
2810, 46.82500, 10.479, 37.8958, 16.4154, -23.8116, 12.2079, -150.148, 0.982789, -0.446565, 0.968995, -121.088, 0.958422, 119.548
2810, 46.83333, 10.4809, 37.9047, 16.4311, -23.8428, 12.2285, -150.13, 0.982787, -0.447175, 0.969001, -121.088, 0.958442, 119.548
2811, 46.84167, 10.4827, 37.9138, 16.4467, -23.8741, 12.249, -150.111, 0.982786, -0.447785, 0.969008, -121.088, 0.958462, 119.547
2811, 46.85000, 10.4845, 37.9229, 16.4623, -23.9053, 12.2697, -150.093, 0.982785, -0.448393, 0.969015, -121.087, 0.958482, 119.546
2812, 46.85833, 10.4863, 37.9321, 16.4779, -23.9365, 12.2903, -150.075, 0.982783, -0.448999, 0.969021, -121.087, 0.958502, 119.546
2812, 46.86667, 10.4881, 37.9415, 16.4934, -23.9677, 12.311, -150.057, 0.982782, -0.449603, 0.969028, -121.086, 0.958522, 119.545
2813, 46.87500, 10.4899, 37.9509, 16.509, -23.9989, 12.3317, -150.039, 0.982781, -0.450206, 0.969035, -121.086, 0.958542, 119.544
2813, 46.88333, 10.4916, 37.9605, 16.5245, -24.0301, 12.3524, -150.021, 0.98278, -0.450808, 0.969041, -121.085, 0.958562, 119.544
2814, 46.89167, 10.4933, 37.9701, 16.54, -24.0613, 12.3732, -150.004, 0.982779, -0.451408, 0.969048, -121.085, 0.958582, 119.543
2814, 46.90000, 10.495, 37.9799, 16.5555, -24.0924, 12.394, -149.986, 0.982778, -0.452006, 0.969055, -121.084, 0.958602, 119.542
2814, 46.90833, 10.4967, 37.9898, 16.571, -24.1236, 12.4149, -149.969, 0.982777, -0.452603, 0.969062, -121.084, 0.958621, 119.542
2815, 46.91667, 10.4983, 37.9997, 16.5864, -24.1547, 12.4357, -149.952, 0.982775, -0.453199, 0.969069, -121.084, 0.958641, 119.541
2816, 46.92500, 10.4999, 38.0098, 16.6019, -24.1858, 12.4566, -149.935, 0.982774, -0.453793, 0.969076, -121.083, 0.958661, 119.54
2816, 46.93333, 10.5015, 38.02, 16.6173, -24.2169, 12.4776, -149.918, 0.982773, -0.454385, 0.969083, -121.083, 0.95868, 119.54
2817, 46.94167, 10.5031, 38.0303, 16.6327, -24.248, 12.4986, -149.901, 0.982773, -0.454976, 0.96909, -121.082, 0.9587, 119.539
2817, 46.95000, 10.5047, 38.0407, 16.6481, -24.279, 12.5195, -149.885, 0.982772, -0.455565, 0.969097, -121.082, 0.958719, 119.538
2818, 46.95833, 10.5062, 38.0512, 16.6634, -24.3101, 12.5406, -149.868, 0.982771, -0.456153, 0.969104, -121.081, 0.958739, 119.538
2818, 46.96667, 10.5077, 38.0618, 16.6788, -24.3411, 12.5616, -149.852, 0.98277, -0.45674, 0.969111, -121.081, 0.958759, 119.537
2818, 46.97500, 10.5092, 38.0726, 16.6941, -24.3721, 12.5827, -149.835, 0.982769, -0.457324, 0.969118, -121.081, 0.958778, 119.536
2819, 46.98333, 10.5107, 38.0834, 16.7094, -24.4031, 12.6039, -149.819, 0.982768, -0.457908, 0.969125, -121.08, 0.958798, 119.536
2820, 46.99167, 10.5122, 38.0944, 16.7247, -24.4341, 12.625, -149.803, 0.982767, -0.45849, 0.969132, -121.08, 0.958817, 119.535
2820, 47.00000, 10.5136, 38.1055, 16.74, -24.465, 12.6462, -149.788, 0.982767, -0.45907, 0.96914, -121.079, 0.958836, 119.534
2821, 47.00833, 10.515, 38.1167, 16.7552, -24.496, 12.6674, -149.772, 0.982766, -0.459649, 0.969147, -121.079, 0.958856, 119.534
2821, 47.01667, 10.5164, 38.128, 16.7705, -24.5269, 12.6887, -149.756, 0.982765, -0.460227, 0.969154, -121.079, 0.958875, 119.533
2822, 47.02500, 10.5178, 38.1395, 16.7857, -24.5578, 12.7099, -149.741, 0.982765, -0.460803, 0.969162, -121.078, 0.958894, 119.532
2822, 47.03333, 10.5191, 38.151, 16.8009, -24.5887, 12.7312, -149.726, 0.982764, -0.461377, 0.969169, -121.078, 0.958913, 119.532
2822, 47.04167, 10.5205, 38.1627, 16.8161, -24.6195, 12.7526, -149.711, 0.982764, -0.461951, 0.969177, -121.077, 0.958933, 119.531
2823, 47.05000, 10.5218, 38.1745, 16.8312, -24.6504, 12.7739, -149.696, 0.982763, -0.462522, 0.969184, -121.077, 0.958952, 119.53
2824, 47.05833, 10.5231, 38.1864, 16.8464, -24.6812, 12.7953, -149.681, 0.982763, -0.463093, 0.969192, -121.076, 0.958971, 119.53
2824, 47.06667, 10.5244, 38.1984, 16.8615, -24.712, 12.8168, -149.666, 0.982762, -0.463662, 0.969199, -121.076, 0.95899, 119.529
2825, 47.07500, 10.5256, 38.2106, 16.8766, -24.7428, 12.8382, -149.651, 0.982762, -0.464229, 0.969207, -121.076, 0.959009, 119.528
2825, 47.08333, 10.5269, 38.2229, 16.8917, -24.7735, 12.8597, -149.637, 0.982761, -0.464795, 0.969215, -121.075, 0.959028, 119.528
2826, 47.09167, 10.5281, 38.2353, 16.9068, -24.8043, 12.8812, -149.623, 0.982761, -0.46536, 0.969222, -121.075, 0.959047, 119.527
2826, 47.10000, 10.5293, 38.2478, 16.9218, -24.835, 12.9028, -149.609, 0.98276, -0.465923, 0.96923, -121.074, 0.959066, 119.526
2826, 47.10833, 10.5304, 38.2604, 16.9368, -24.8657, 12.9244, -149.595, 0.98276, -0.466485, 0.969238, -121.074, 0.959085, 119.526
2827, 47.11667, 10.5316, 38.2732, 16.9518, -24.8964, 12.946, -149.581, 0.98276, -0.467046, 0.969246, -121.074, 0.959104, 119.525
2828, 47.12500, 10.5327, 38.2861, 16.9668, -24.927, 12.9676, -149.567, 0.98276, -0.467605, 0.969253, -121.073, 0.959123, 119.524
2828, 47.13333, 10.5339, 38.2992, 16.9818, -24.9577, 12.9893, -149.553, 0.982759, -0.468163, 0.969261, -121.073, 0.959142, 119.524
2829, 47.14167, 10.535, 38.3123, 16.9967, -24.9883, 13.011, -149.54, 0.982759, -0.468719, 0.969269, -121.072, 0.959161, 119.523
2829, 47.15000, 10.5361, 38.3256, 17.0117, -25.0188, 13.0327, -149.527, 0.982759, -0.469274, 0.969277, -121.072, 0.95918, 119.522
2830, 47.15833, 10.5371, 38.339, 17.0266, -25.0494, 13.0545, -149.513, 0.982759, -0.469828, 0.969285, -121.071, 0.959199, 119.522
2830, 47.16667, 10.5382, 38.3526, 17.0415, -25.0799, 13.0763, -149.5, 0.982759, -0.47038, 0.969293, -121.071, 0.959217, 119.521
2830, 47.17500, 10.5392, 38.3663, 17.0563, -25.1104, 13.0981, -149.487, 0.982759, -0.470931, 0.969301, -121.071, 0.959236, 119.52
2831, 47.18333, 10.5402, 38.3801, 17.0712, -25.1409, 13.1199, -149.475, 0.982759, -0.471481, 0.96931, -121.07, 0.959255, 119.52
2832, 47.19167, 10.5412, 38.3941, 17.086, -25.1714, 13.1418, -149.462, 0.982759, -0.47203, 0.969318, -121.07, 0.959273, 119.519
2832, 47.20000, 10.5422, 38.4081, 17.1008, -25.2018, 13.1637, -149.449, 0.982759, -0.472577, 0.969326, -121.069, 0.959292, 119.518
2833, 47.20833, 10.5431, 38.4224, 17.1156, -25.2322, 13.1856, -149.437, 0.982759, -0.473122, 0.969334, -121.069, 0.959311, 119.518
2833, 47.21667, 10.5441, 38.4367, 17.1304, -25.2626, 13.2076, -149.425, 0.982759, -0.473667, 0.969343, -121.069, 0.959329, 119.517
2834, 47.22500, 10.545, 38.4512, 17.1451, -25.2929, 13.2296, -149.413, 0.982759, -0.47421, 0.969351, -121.068, 0.959348, 119.516
2834, 47.23333, 10.5459, 38.4658, 17.1598, -25.3233, 13.2516, -149.401, 0.98276, -0.474752, 0.969359, -121.068, 0.959366, 119.516
2834, 47.24167, 10.5468, 38.4806, 17.1746, -25.3536, 13.2737, -149.389, 0.98276, -0.475293, 0.969368, -121.067, 0.959385, 119.515
2835, 47.25000, 10.5477, 38.4955, 17.1892, -25.3838, 13.2957, -149.377, 0.98276, -0.475832, 0.969376, -121.067, 0.959403, 119.514
2836, 47.25833, 10.5485, 38.5105, 17.2039, -25.4141, 13.3178, -149.366, 0.98276, -0.47637, 0.969385, -121.067, 0.959422, 119.514
2836, 47.26667, 10.5494, 38.5257, 17.2186, -25.4443, 13.34, -149.354, 0.982761, -0.476907, 0.969393, -121.066, 0.95944, 119.513
2837, 47.27500, 10.5502, 38.541, 17.2332, -25.4745, 13.3621, -149.343, 0.982761, -0.477443, 0.969402, -121.066, 0.959459, 119.513
2837, 47.28333, 10.551, 38.5565, 17.2478, -25.5046, 13.3843, -149.332, 0.982762, -0.477977, 0.96941, -121.065, 0.959477, 119.512
2838, 47.29167, 10.5518, 38.5721, 17.2624, -25.5347, 13.4065, -149.321, 0.982762, -0.47851, 0.969419, -121.065, 0.959495, 119.511
2838, 47.30000, 10.5526, 38.5879, 17.2769, -25.5648, 13.4288, -149.31, 0.982763, -0.479042, 0.969428, -121.065, 0.959514, 119.511
2838, 47.30833, 10.5533, 38.6038, 17.2915, -25.5949, 13.4511, -149.299, 0.982763, -0.479573, 0.969436, -121.064, 0.959532, 119.51
2839, 47.31667, 10.5541, 38.6198, 17.306, -25.6249, 13.4734, -149.289, 0.982764, -0.480102, 0.969445, -121.064, 0.95955, 119.509
2840, 47.32500, 10.5548, 38.636, 17.3205, -25.6549, 13.4957, -149.278, 0.982764, -0.480631, 0.969454, -121.063, 0.959569, 119.509
2840, 47.33333, 10.5555, 38.6523, 17.335, -25.6849, 13.518, -149.268, 0.982765, -0.481158, 0.969463, -121.063, 0.959587, 119.508
2841, 47.34167, 10.5562, 38.6688, 17.3494, -25.7148, 13.5404, -149.258, 0.982766, -0.481684, 0.969472, -121.063, 0.959605, 119.507
2841, 47.35000, 10.5569, 38.6854, 17.3639, -25.7447, 13.5628, -149.248, 0.982766, -0.482209, 0.969481, -121.062, 0.959623, 119.507
2842, 47.35833, 10.5576, 38.7022, 17.3783, -25.7746, 13.5853, -149.238, 0.982767, -0.482732, 0.96949, -121.062, 0.959641, 119.506
2842, 47.36667, 10.5582, 38.7191, 17.3927, -25.8045, 13.6077, -149.228, 0.982768, -0.483255, 0.969499, -121.062, 0.959659, 119.505
2842, 47.37500, 10.5588, 38.7361, 17.4071, -25.8343, 13.6302, -149.219, 0.982769, -0.483776, 0.969508, -121.061, 0.959678, 119.505
2843, 47.38333, 10.5595, 38.7533, 17.4214, -25.864, 13.6527, -149.209, 0.982769, -0.484296, 0.969517, -121.061, 0.959696, 119.504
2844, 47.39167, 10.5601, 38.7707, 17.4358, -25.8938, 13.6753, -149.2, 0.98277, -0.484815, 0.969526, -121.06, 0.959714, 119.503
2844, 47.40000, 10.5607, 38.7882, 17.4501, -25.9235, 13.6978, -149.191, 0.982771, -0.485333, 0.969535, -121.06, 0.959732, 119.503
2845, 47.40833, 10.5613, 38.8059, 17.4644, -25.9532, 13.7204, -149.182, 0.982772, -0.48585, 0.969544, -121.06, 0.95975, 119.502
2845, 47.41667, 10.5618, 38.8237, 17.4786, -25.9828, 13.743, -149.173, 0.982773, -0.486365, 0.969554, -121.059, 0.959768, 119.501
2846, 47.42500, 10.5624, 38.8417, 17.4929, -26.0124, 13.7657, -149.164, 0.982774, -0.48688, 0.969563, -121.059, 0.959786, 119.501
2846, 47.43333, 10.5629, 38.8598, 17.5071, -26.042, 13.7884, -149.155, 0.982775, -0.487393, 0.969572, -121.058, 0.959804, 119.5
2846, 47.44167, 10.5634, 38.8781, 17.5213, -26.0715, 13.8111, -149.147, 0.982777, -0.487906, 0.969582, -121.058, 0.959821, 119.5
2847, 47.45000, 10.564, 38.8965, 17.5355, -26.101, 13.8338, -149.138, 0.982778, -0.488417, 0.969591, -121.058, 0.959839, 119.499
2848, 47.45833, 10.5645, 38.9151, 17.5497, -26.1305, 13.8565, -149.13, 0.982779, -0.488927, 0.9696, -121.057, 0.959857, 119.498
2848, 47.46667, 10.5649, 38.9338, 17.5638, -26.1599, 13.8793, -149.122, 0.98278, -0.489436, 0.96961, -121.057, 0.959875, 119.498
2849, 47.47500, 10.5654, 38.9527, 17.5779, -26.1893, 13.9021, -149.114, 0.982781, -0.489945, 0.96962, -121.057, 0.959893, 119.497
2849, 47.48333, 10.5659, 38.9718, 17.592, -26.2186, 13.9249, -149.106, 0.982783, -0.490452, 0.969629, -121.056, 0.959911, 119.496
2850, 47.49167, 10.5663, 38.991, 17.6061, -26.2479, 13.9478, -149.098, 0.982784, -0.490958, 0.969639, -121.056, 0.959928, 119.496
2850, 47.50000, 10.5668, 39.0104, 17.6202, -26.2772, 13.9707, -149.091, 0.982785, -0.491463, 0.969648, -121.055, 0.959946, 119.495
2850, 47.50833, 10.5672, 39.0299, 17.6342, -26.3064, 13.9936, -149.083, 0.982787, -0.491967, 0.969658, -121.055, 0.959964, 119.494
2851, 47.51667, 10.5676, 39.0496, 17.6482, -26.3356, 14.0165, -149.076, 0.982788, -0.49247, 0.969668, -121.055, 0.959982, 119.494
2852, 47.52500, 10.568, 39.0694, 17.6622, -26.3648, 14.0394, -149.069, 0.98279, -0.492972, 0.969678, -121.054, 0.959999, 119.493
2852, 47.53333, 10.5684, 39.0894, 17.6762, -26.3939, 14.0624, -149.061, 0.982791, -0.493473, 0.969687, -121.054, 0.960017, 119.493
2853, 47.54167, 10.5688, 39.1096, 17.6901, -26.423, 14.0854, -149.055, 0.982793, -0.493973, 0.969697, -121.054, 0.960035, 119.492
2853, 47.55000, 10.5692, 39.1299, 17.7041, -26.452, 14.1084, -149.048, 0.982795, -0.494472, 0.969707, -121.053, 0.960052, 119.491
2854, 47.55833, 10.5695, 39.1504, 17.718, -26.481, 14.1315, -149.041, 0.982796, -0.49497, 0.969717, -121.053, 0.96007, 119.491
2854, 47.56667, 10.5699, 39.1711, 17.7318, -26.51, 14.1545, -149.034, 0.982798, -0.495467, 0.969727, -121.052, 0.960088, 119.49
2854, 47.57500, 10.5702, 39.1919, 17.7457, -26.5389, 14.1776, -149.028, 0.9828, -0.495963, 0.969737, -121.052, 0.960105, 119.489
2855, 47.58333, 10.5706, 39.2129, 17.7595, -26.5677, 14.2008, -149.022, 0.982801, -0.496459, 0.969747, -121.052, 0.960123, 119.489
2856, 47.59167, 10.5709, 39.234, 17.7734, -26.5966, 14.2239, -149.016, 0.982803, -0.496953, 0.969757, -121.051, 0.96014, 119.488
2856, 47.60000, 10.5712, 39.2553, 17.7872, -26.6254, 14.2471, -149.01, 0.982805, -0.497446, 0.969768, -121.051, 0.960158, 119.487
2857, 47.60833, 10.5715, 39.2768, 17.8009, -26.6541, 14.2703, -149.004, 0.982807, -0.497939, 0.969778, -121.051, 0.960175, 119.487
2857, 47.61667, 10.5718, 39.2984, 17.8147, -26.6828, 14.2935, -148.998, 0.982809, -0.498431, 0.969788, -121.05, 0.960193, 119.486
2858, 47.62500, 10.5721, 39.3203, 17.8284, -26.7115, 14.3167, -148.992, 0.982811, -0.498921, 0.969798, -121.05, 0.96021, 119.486
2858, 47.63333, 10.5724, 39.3422, 17.8421, -26.7401, 14.34, -148.987, 0.982813, -0.499411, 0.969809, -121.05, 0.960228, 119.485
2858, 47.64167, 10.5726, 39.3644, 17.8558, -26.7687, 14.3632, -148.982, 0.982815, -0.4999, 0.969819, -121.049, 0.960245, 119.484
2859, 47.65000, 10.5729, 39.3867, 17.8695, -26.7972, 14.3865, -148.976, 0.982817, -0.500388, 0.969829, -121.049, 0.960262, 119.484
2860, 47.65833, 10.5731, 39.4091, 17.8831, -26.8257, 14.4099, -148.971, 0.982819, -0.500876, 0.96984, -121.049, 0.96028, 119.483
2860, 47.66667, 10.5734, 39.4318, 17.8968, -26.8541, 14.4332, -148.966, 0.982822, -0.501362, 0.96985, -121.048, 0.960297, 119.482
2861, 47.67500, 10.5736, 39.4546, 17.9104, -26.8825, 14.4566, -148.961, 0.982824, -0.501848, 0.969861, -121.048, 0.960315, 119.482
2861, 47.68333, 10.5738, 39.4776, 17.924, -26.9108, 14.48, -148.957, 0.982826, -0.502333, 0.969871, -121.047, 0.960332, 119.481
2862, 47.69167, 10.574, 39.5007, 17.9375, -26.9391, 14.5034, -148.952, 0.982828, -0.502817, 0.969882, -121.047, 0.960349, 119.481
2862, 47.70000, 10.5743, 39.5241, 17.951, -26.9674, 14.5268, -148.948, 0.982831, -0.5033, 0.969893, -121.047, 0.960367, 119.48
2862, 47.70833, 10.5745, 39.5476, 17.9646, -26.9956, 14.5503, -148.943, 0.982833, -0.503782, 0.969903, -121.046, 0.960384, 119.479
2863, 47.71667, 10.5747, 39.5712, 17.9781, -27.0237, 14.5738, -148.939, 0.982835, -0.504264, 0.969914, -121.046, 0.960401, 119.479
2864, 47.72500, 10.5749, 39.5951, 17.9915, -27.0519, 14.5973, -148.935, 0.982838, -0.504745, 0.969925, -121.046, 0.960418, 119.478
2864, 47.73333, 10.575, 39.6191, 18.005, -27.0799, 14.6208, -148.931, 0.98284, -0.505225, 0.969936, -121.045, 0.960436, 119.477
2865, 47.74167, 10.5752, 39.6432, 18.0184, -27.1079, 14.6444, -148.927, 0.982843, -0.505704, 0.969947, -121.045, 0.960453, 119.477
2865, 47.75000, 10.5754, 39.6676, 18.0318, -27.1359, 14.6679, -148.923, 0.982846, -0.506183, 0.969957, -121.045, 0.96047, 119.476
2866, 47.75833, 10.5756, 39.6921, 18.0452, -27.1638, 14.6915, -148.92, 0.982848, -0.506661, 0.969968, -121.044, 0.960487, 119.476
2866, 47.76667, 10.5757, 39.7168, 18.0586, -27.1917, 14.7151, -148.916, 0.982851, -0.507138, 0.969979, -121.044, 0.960504, 119.475
2866, 47.77500, 10.5759, 39.7417, 18.0719, -27.2195, 14.7387, -148.913, 0.982854, -0.507614, 0.96999, -121.044, 0.960522, 119.474
2867, 47.78333, 10.576, 39.7667, 18.0852, -27.2473, 14.7624, -148.91, 0.982856, -0.50809, 0.970001, -121.043, 0.960539, 119.474
2868, 47.79167, 10.5762, 39.792, 18.0985, -27.275, 14.7861, -148.907, 0.982859, -0.508565, 0.970012, -121.043, 0.960556, 119.473
2868, 47.80000, 10.5763, 39.8173, 18.1118, -27.3027, 14.8098, -148.904, 0.982862, -0.509039, 0.970024, -121.043, 0.960573, 119.473
2869, 47.80833, 10.5764, 39.8429, 18.1251, -27.3303, 14.8335, -148.901, 0.982865, -0.509513, 0.970035, -121.042, 0.96059, 119.472
2869, 47.81667, 10.5766, 39.8687, 18.1383, -27.3579, 14.8572, -148.898, 0.982868, -0.509986, 0.970046, -121.042, 0.960607, 119.471
2870, 47.82500, 10.5767, 39.8946, 18.1515, -27.3854, 14.881, -148.896, 0.982871, -0.510458, 0.970057, -121.042, 0.960624, 119.471
2870, 47.83333, 10.5768, 39.9207, 18.1647, -27.4129, 14.9047, -148.893, 0.982874, -0.51093, 0.970069, -121.041, 0.960641, 119.47
2870, 47.84167, 10.5769, 39.947, 18.1779, -27.4403, 14.9285, -148.891, 0.982877, -0.511401, 0.97008, -121.041, 0.960658, 119.47
2871, 47.85000, 10.5771, 39.9734, 18.191, -27.4676, 14.9523, -148.889, 0.98288, -0.511871, 0.970091, -121.041, 0.960675, 119.469
2872, 47.85833, 10.5772, 40, 18.2042, -27.4949, 14.9762, -148.887, 0.982883, -0.512341, 0.970103, -121.04, 0.960692, 119.468
2872, 47.86667, 10.5773, 40.0268, 18.2173, -27.5222, 15, -148.885, 0.982886, -0.51281, 0.970114, -121.04, 0.96071, 119.468
2873, 47.87500, 10.5774, 40.0538, 18.2303, -27.5494, 15.0239, -148.883, 0.982889, -0.513279, 0.970126, -121.04, 0.960726, 119.467
2873, 47.88333, 10.5775, 40.081, 18.2434, -27.5766, 15.0478, -148.881, 0.982893, -0.513747, 0.970137, -121.039, 0.960743, 119.466
2874, 47.89167, 10.5776, 40.1083, 18.2564, -27.6037, 15.0717, -148.879, 0.982896, -0.514215, 0.970149, -121.039, 0.96076, 119.466
2874, 47.90000, 10.5777, 40.1358, 18.2695, -27.6307, 15.0956, -148.878, 0.982899, -0.514681, 0.970161, -121.039, 0.960777, 119.465
2874, 47.90833, 10.5778, 40.1635, 18.2825, -27.6577, 15.1195, -148.877, 0.982903, -0.515148, 0.970172, -121.038, 0.960794, 119.465
2875, 47.91667, 10.5779, 40.1914, 18.2954, -27.6846, 15.1435, -148.875, 0.982906, -0.515614, 0.970184, -121.038, 0.960811, 119.464
2876, 47.92500, 10.578, 40.2194, 18.3084, -27.7115, 15.1675, -148.874, 0.98291, -0.516079, 0.970196, -121.038, 0.960828, 119.463
2876, 47.93333, 10.5781, 40.2477, 18.3213, -27.7383, 15.1915, -148.873, 0.982913, -0.516544, 0.970208, -121.037, 0.960845, 119.463
2877, 47.94167, 10.5782, 40.2761, 18.3342, -27.7651, 15.2155, -148.872, 0.982917, -0.517008, 0.970219, -121.037, 0.960862, 119.462
2877, 47.95000, 10.5783, 40.3047, 18.3471, -27.7918, 15.2395, -148.872, 0.98292, -0.517472, 0.970231, -121.037, 0.960879, 119.462
2878, 47.95833, 10.5784, 40.3334, 18.36, -27.8185, 15.2636, -148.871, 0.982924, -0.517935, 0.970243, -121.036, 0.960896, 119.461
2878, 47.96667, 10.5784, 40.3624, 18.3729, -27.8451, 15.2876, -148.87, 0.982928, -0.518398, 0.970255, -121.036, 0.960913, 119.46
2878, 47.97500, 10.5785, 40.3915, 18.3857, -27.8716, 15.3117, -148.87, 0.982931, -0.51886, 0.970267, -121.036, 0.96093, 119.46
2879, 47.98333, 10.5786, 40.4208, 18.3985, -27.8981, 15.3358, -148.87, 0.982935, -0.519322, 0.970279, -121.035, 0.960947, 119.459
2880, 47.99167, 10.5787, 40.4503, 18.4113, -27.9245, 15.36, -148.869, 0.982939, -0.519783, 0.970291, -121.035, 0.960963, 119.459
2880, 48.00000, 10.5788, 40.48, 18.424, -27.9509, 15.3841, -148.869, 0.982943, -0.520244, 0.970303, -121.035, 0.96098, 119.458
2881, 48.00833, 10.5789, 40.5098, 18.4368, -27.9772, 15.4082, -148.869, 0.982947, -0.520705, 0.970316, -121.034, 0.960997, 119.458
2881, 48.01667, 10.579, 40.5399, 18.4495, -28.0034, 15.4324, -148.87, 0.98295, -0.521165, 0.970328, -121.034, 0.961014, 119.457
2882, 48.02500, 10.5791, 40.5701, 18.4622, -28.0296, 15.4566, -148.87, 0.982954, -0.521624, 0.97034, -121.034, 0.961031, 119.456
2882, 48.03333, 10.5792, 40.6004, 18.4749, -28.0558, 15.4808, -148.87, 0.982958, -0.522084, 0.970352, -121.033, 0.961047, 119.456
2883, 48.04167, 10.5793, 40.631, 18.4875, -28.0819, 15.505, -148.871, 0.982962, -0.522542, 0.970365, -121.033, 0.961064, 119.455
2883, 48.05000, 10.5794, 40.6618, 18.5002, -28.1079, 15.5293, -148.871, 0.982967, -0.523001, 0.970377, -121.033, 0.961081, 119.455
2884, 48.05833, 10.5795, 40.6927, 18.5128, -28.1338, 15.5535, -148.872, 0.982971, -0.523459, 0.970389, -121.033, 0.961098, 119.454
2884, 48.06667, 10.5796, 40.7238, 18.5254, -28.1597, 15.5778, -148.873, 0.982975, -0.523917, 0.970402, -121.032, 0.961115, 119.453
2885, 48.07500, 10.5797, 40.7551, 18.538, -28.1856, 15.6021, -148.874, 0.982979, -0.524374, 0.970414, -121.032, 0.961131, 119.453
2885, 48.08333, 10.5798, 40.7866, 18.5505, -28.2113, 15.6264, -148.875, 0.982983, -0.524831, 0.970427, -121.032, 0.961148, 119.452
2886, 48.09167, 10.5799, 40.8182, 18.5631, -28.2371, 15.6507, -148.876, 0.982988, -0.525288, 0.97044, -121.031, 0.961165, 119.452
2886, 48.10000, 10.5801, 40.8501, 18.5756, -28.2627, 15.675, -148.877, 0.982992, -0.525745, 0.970452, -121.031, 0.961182, 119.451
2887, 48.10833, 10.5802, 40.8821, 18.5881, -28.2883, 15.6994, -148.879, 0.982997, -0.526201, 0.970465, -121.031, 0.961198, 119.45
2887, 48.11667, 10.5803, 40.9143, 18.6006, -28.3138, 15.7237, -148.88, 0.983001, -0.526657, 0.970478, -121.03, 0.961215, 119.45
2888, 48.12500, 10.5804, 40.9467, 18.613, -28.3393, 15.7481, -148.882, 0.983005, -0.527112, 0.97049, -121.03, 0.961232, 119.449
2888, 48.13333, 10.5806, 40.9792, 18.6254, -28.3647, 15.7725, -148.884, 0.98301, -0.527568, 0.970503, -121.03, 0.961249, 119.449
2889, 48.14167, 10.5807, 41.012, 18.6379, -28.3901, 15.7969, -148.886, 0.983015, -0.528023, 0.970516, -121.03, 0.961265, 119.448
2889, 48.15000, 10.5809, 41.0449, 18.6502, -28.4153, 15.8213, -148.887, 0.983019, -0.528477, 0.970529, -121.029, 0.961282, 119.448
2890, 48.15833, 10.581, 41.078, 18.6626, -28.4405, 15.8458, -148.89, 0.983024, -0.528932, 0.970542, -121.029, 0.961299, 119.447
2890, 48.16667, 10.5812, 41.1113, 18.675, -28.4657, 15.8702, -148.892, 0.983029, -0.529386, 0.970555, -121.029, 0.961315, 119.446
2891, 48.17500, 10.5813, 41.1448, 18.6873, -28.4908, 15.8947, -148.894, 0.983033, -0.52984, 0.970568, -121.028, 0.961332, 119.446
2891, 48.18333, 10.5815, 41.1784, 18.6996, -28.5158, 15.9192, -148.896, 0.983038, -0.530294, 0.970581, -121.028, 0.961349, 119.445
2892, 48.19167, 10.5817, 41.2122, 18.7119, -28.5408, 15.9437, -148.899, 0.983043, -0.530748, 0.970594, -121.028, 0.961365, 119.445
2892, 48.20000, 10.5818, 41.2463, 18.7242, -28.5657, 15.9682, -148.901, 0.983048, -0.531201, 0.970607, -121.027, 0.961382, 119.444
2893, 48.20833, 10.582, 41.2804, 18.7364, -28.5905, 15.9927, -148.904, 0.983053, -0.531654, 0.97062, -121.027, 0.961399, 119.444
2893, 48.21667, 10.5822, 41.3148, 18.7487, -28.6153, 16.0172, -148.907, 0.983058, -0.532108, 0.970633, -121.027, 0.961415, 119.443
2894, 48.22500, 10.5824, 41.3494, 18.7609, -28.64, 16.0418, -148.91, 0.983063, -0.532561, 0.970647, -121.027, 0.961432, 119.442
2894, 48.23333, 10.5826, 41.3841, 18.7731, -28.6646, 16.0663, -148.913, 0.983068, -0.533013, 0.97066, -121.026, 0.961449, 119.442
2895, 48.24167, 10.5828, 41.419, 18.7852, -28.6892, 16.0909, -148.916, 0.983073, -0.533466, 0.970673, -121.026, 0.961465, 119.441
2895, 48.25000, 10.583, 41.4541, 18.7974, -28.7137, 16.1155, -148.919, 0.983078, -0.533919, 0.970686, -121.026, 0.961482, 119.441
2896, 48.25833, 10.5833, 41.4894, 18.8095, -28.7382, 16.1401, -148.922, 0.983083, -0.534371, 0.9707, -121.025, 0.961499, 119.44
2896, 48.26667, 10.5835, 41.5248, 18.8216, -28.7625, 16.1647, -148.926, 0.983088, -0.534823, 0.970713, -121.025, 0.961515, 119.44
2897, 48.27500, 10.5838, 41.5604, 18.8337, -28.7868, 16.1893, -148.929, 0.983094, -0.535276, 0.970727, -121.025, 0.961532, 119.439
2897, 48.28333, 10.584, 41.5962, 18.8458, -28.8111, 16.214, -148.933, 0.983099, -0.535728, 0.97074, -121.025, 0.961549, 119.438
2898, 48.29167, 10.5843, 41.6322, 18.8579, -28.8353, 16.2386, -148.937, 0.983104, -0.53618, 0.970754, -121.024, 0.961565, 119.438
2898, 48.30000, 10.5845, 41.6684, 18.8699, -28.8594, 16.2633, -148.941, 0.98311, -0.536632, 0.970767, -121.024, 0.961582, 119.437
2899, 48.30833, 10.5848, 41.7047, 18.8819, -28.8834, 16.2879, -148.945, 0.983115, -0.537084, 0.970781, -121.024, 0.961598, 119.437
2899, 48.31667, 10.5851, 41.7413, 18.8939, -28.9074, 16.3126, -148.949, 0.983121, -0.537536, 0.970795, -121.024, 0.961615, 119.436
2900, 48.32500, 10.5854, 41.778, 18.9059, -28.9313, 16.3373, -148.953, 0.983126, -0.537987, 0.970809, -121.023, 0.961632, 119.436
2900, 48.33333, 10.5857, 41.8148, 18.9179, -28.9551, 16.362, -148.957, 0.983132, -0.538439, 0.970822, -121.023, 0.961648, 119.435
2901, 48.34167, 10.5861, 41.8519, 18.9298, -28.9789, 16.3868, -148.961, 0.983137, -0.538891, 0.970836, -121.023, 0.961665, 119.435
2901, 48.35000, 10.5864, 41.8891, 18.9417, -29.0026, 16.4115, -148.966, 0.983143, -0.539343, 0.97085, -121.022, 0.961682, 119.434
2902, 48.35833, 10.5867, 41.9265, 18.9536, -29.0262, 16.4362, -148.97, 0.983149, -0.539795, 0.970864, -121.022, 0.961698, 119.433
2902, 48.36667, 10.5871, 41.9641, 18.9655, -29.0498, 16.461, -148.975, 0.983154, -0.540247, 0.970878, -121.022, 0.961715, 119.433
2903, 48.37500, 10.5874, 42.0019, 18.9774, -29.0732, 16.4857, -148.98, 0.98316, -0.540698, 0.970892, -121.022, 0.961731, 119.432
2903, 48.38333, 10.5878, 42.0398, 18.9892, -29.0967, 16.5105, -148.984, 0.983166, -0.54115, 0.970906, -121.021, 0.961748, 119.432
2904, 48.39167, 10.5882, 42.0779, 19.0011, -29.12, 16.5353, -148.989, 0.983172, -0.541602, 0.97092, -121.021, 0.961765, 119.431
2904, 48.40000, 10.5886, 42.1162, 19.0129, -29.1433, 16.5601, -148.994, 0.983178, -0.542054, 0.970934, -121.021, 0.961781, 119.431
2905, 48.40833, 10.589, 42.1547, 19.0247, -29.1665, 16.5849, -148.999, 0.983184, -0.542506, 0.970948, -121.021, 0.961798, 119.43
2905, 48.41667, 10.5894, 42.1933, 19.0365, -29.1896, 16.6097, -149.005, 0.98319, -0.542958, 0.970962, -121.02, 0.961815, 119.43
2906, 48.42500, 10.5899, 42.2321, 19.0482, -29.2127, 16.6346, -149.01, 0.983196, -0.543411, 0.970976, -121.02, 0.961831, 119.429
2906, 48.43333, 10.5903, 42.2711, 19.06, -29.2357, 16.6594, -149.015, 0.983202, -0.543863, 0.970991, -121.02, 0.961848, 119.428
2907, 48.44167, 10.5908, 42.3103, 19.0717, -29.2586, 16.6842, -149.021, 0.983208, -0.544315, 0.971005, -121.02, 0.961864, 119.428
2907, 48.45000, 10.5913, 42.3496, 19.0834, -29.2815, 16.7091, -149.026, 0.983214, -0.544768, 0.971019, -121.019, 0.961881, 119.427
2908, 48.45833, 10.5918, 42.3891, 19.0951, -29.3043, 16.734, -149.032, 0.98322, -0.54522, 0.971034, -121.019, 0.961898, 119.427
2908, 48.46667, 10.5923, 42.4288, 19.1067, -29.327, 16.7588, -149.038, 0.983227, -0.545673, 0.971048, -121.019, 0.961914, 119.426
2909, 48.47500, 10.5928, 42.4686, 19.1184, -29.3496, 16.7837, -149.044, 0.983233, -0.546126, 0.971063, -121.019, 0.961931, 119.426
2909, 48.48333, 10.5933, 42.5086, 19.13, -29.3722, 16.8086, -149.05, 0.983239, -0.546579, 0.971077, -121.018, 0.961947, 119.425
2910, 48.49167, 10.5939, 42.5488, 19.1416, -29.3947, 16.8335, -149.056, 0.983246, -0.547033, 0.971092, -121.018, 0.961964, 119.425
2910, 48.50000, 10.5944, 42.5892, 19.1532, -29.4171, 16.8584, -149.062, 0.983252, -0.547486, 0.971106, -121.018, 0.961981, 119.424
2911, 48.50833, 10.595, 42.6297, 19.1648, -29.4395, 16.8834, -149.068, 0.983259, -0.54794, 0.971121, -121.018, 0.961997, 119.424
2911, 48.51667, 10.5956, 42.6704, 19.1764, -29.4617, 16.9083, -149.074, 0.983265, -0.548394, 0.971135, -121.017, 0.962014, 119.423
2912, 48.52500, 10.5962, 42.7113, 19.1879, -29.4839, 16.9332, -149.081, 0.983272, -0.548848, 0.97115, -121.017, 0.962031, 119.422
2912, 48.53333, 10.5968, 42.7523, 19.1995, -29.5061, 16.9582, -149.087, 0.983278, -0.549302, 0.971165, -121.017, 0.962047, 119.422
2913, 48.54167, 10.5975, 42.7935, 19.211, -29.5281, 16.9831, -149.094, 0.983285, -0.549756, 0.97118, -121.017, 0.962064, 119.421
2913, 48.55000, 10.5981, 42.8349, 19.2225, -29.5501, 17.0081, -149.1, 0.983292, -0.550211, 0.971194, -121.016, 0.96208, 119.421
2914, 48.55833, 10.5988, 42.8764, 19.2339, -29.572, 17.0331, -149.107, 0.983298, -0.550666, 0.971209, -121.016, 0.962097, 119.42
2914, 48.56667, 10.5995, 42.9181, 19.2454, -29.5939, 17.0581, -149.114, 0.983305, -0.551121, 0.971224, -121.016, 0.962114, 119.42
2915, 48.57500, 10.6002, 42.96, 19.2569, -29.6156, 17.083, -149.121, 0.983312, -0.551577, 0.971239, -121.016, 0.96213, 119.419
2915, 48.58333, 10.6009, 43.002, 19.2683, -29.6373, 17.108, -149.128, 0.983319, -0.552033, 0.971254, -121.015, 0.962147, 119.419
2916, 48.59167, 10.6016, 43.0442, 19.2797, -29.6589, 17.133, -149.135, 0.983326, -0.552489, 0.971269, -121.015, 0.962164, 119.418
2916, 48.60000, 10.6024, 43.0866, 19.2911, -29.6805, 17.1581, -149.142, 0.983333, -0.552945, 0.971284, -121.015, 0.96218, 119.418
2917, 48.60833, 10.6032, 43.1291, 19.3025, -29.7019, 17.1831, -149.149, 0.98334, -0.553402, 0.971299, -121.015, 0.962197, 119.417
2917, 48.61667, 10.604, 43.1718, 19.3138, -29.7233, 17.2081, -149.156, 0.983347, -0.553859, 0.971314, -121.015, 0.962214, 119.417
2918, 48.62500, 10.6048, 43.2147, 19.3252, -29.7446, 17.2331, -149.164, 0.983354, -0.554316, 0.97133, -121.014, 0.96223, 119.416
2918, 48.63333, 10.6056, 43.2577, 19.3365, -29.7659, 17.2582, -149.171, 0.983361, -0.554774, 0.971345, -121.014, 0.962247, 119.416
2919, 48.64167, 10.6065, 43.3009, 19.3478, -29.787, 17.2832, -149.179, 0.983368, -0.555232, 0.97136, -121.014, 0.962264, 119.415
2919, 48.65000, 10.6073, 43.3442, 19.3591, -29.8081, 17.3083, -149.187, 0.983375, -0.55569, 0.971375, -121.014, 0.96228, 119.414
2920, 48.65833, 10.6082, 43.3877, 19.3704, -29.8291, 17.3334, -149.194, 0.983382, -0.556149, 0.971391, -121.013, 0.962297, 119.414
2920, 48.66667, 10.6091, 43.4313, 19.3817, -29.8501, 17.3584, -149.202, 0.98339, -0.556608, 0.971406, -121.013, 0.962314, 119.413
2921, 48.67500, 10.61, 43.4752, 19.393, -29.8709, 17.3835, -149.21, 0.983397, -0.557067, 0.971421, -121.013, 0.962331, 119.413
2921, 48.68333, 10.611, 43.5191, 19.4042, -29.8917, 17.4086, -149.218, 0.983404, -0.557527, 0.971437, -121.013, 0.962347, 119.412
2922, 48.69167, 10.6119, 43.5633, 19.4154, -29.9124, 17.4337, -149.226, 0.983412, -0.557987, 0.971452, -121.013, 0.962364, 119.412
2922, 48.70000, 10.6129, 43.6075, 19.4266, -29.933, 17.4588, -149.234, 0.983419, -0.558448, 0.971468, -121.012, 0.962381, 119.411
2923, 48.70833, 10.6139, 43.652, 19.4378, -29.9536, 17.4839, -149.242, 0.983427, -0.558909, 0.971483, -121.012, 0.962397, 119.411
2923, 48.71667, 10.615, 43.6966, 19.449, -29.9741, 17.509, -149.251, 0.983434, -0.55937, 0.971499, -121.012, 0.962414, 119.41
2924, 48.72500, 10.616, 43.7413, 19.4602, -29.9945, 17.5341, -149.259, 0.983442, -0.559832, 0.971515, -121.012, 0.962431, 119.41
2924, 48.73333, 10.6171, 43.7862, 19.4713, -30.0148, 17.5592, -149.267, 0.983449, -0.560295, 0.97153, -121.012, 0.962448, 119.409
2925, 48.74167, 10.6182, 43.8313, 19.4825, -30.035, 17.5843, -149.276, 0.983457, -0.560757, 0.971546, -121.011, 0.962464, 119.409
2925, 48.75000, 10.6193, 43.8765, 19.4936, -30.0552, 17.6095, -149.285, 0.983465, -0.561221, 0.971562, -121.011, 0.962481, 119.408
2926, 48.75833, 10.6204, 43.9219, 19.5047, -30.0753, 17.6346, -149.293, 0.983472, -0.561684, 0.971578, -121.011, 0.962498, 119.408
2926, 48.76667, 10.6215, 43.9674, 19.5158, -30.0953, 17.6597, -149.302, 0.98348, -0.562149, 0.971594, -121.011, 0.962515, 119.407
2927, 48.77500, 10.6227, 44.013, 19.5269, -30.1153, 17.6849, -149.311, 0.983488, -0.562613, 0.971609, -121.01, 0.962531, 119.407
2927, 48.78333, 10.6239, 44.0588, 19.5379, -30.1351, 17.71, -149.32, 0.983496, -0.563079, 0.971625, -121.01, 0.962548, 119.406
2928, 48.79167, 10.6251, 44.1048, 19.549, -30.1549, 17.7352, -149.329, 0.983504, -0.563544, 0.971641, -121.01, 0.962565, 119.406
2928, 48.80000, 10.6264, 44.1509, 19.56, -30.1746, 17.7604, -149.338, 0.983512, -0.564011, 0.971657, -121.01, 0.962582, 119.405
2929, 48.80833, 10.6276, 44.1972, 19.571, -30.1942, 17.7855, -149.347, 0.98352, -0.564477, 0.971673, -121.01, 0.962599, 119.405
2929, 48.81667, 10.6289, 44.2436, 19.582, -30.2138, 17.8107, -149.356, 0.983528, -0.564945, 0.971689, -121.009, 0.962615, 119.404
2930, 48.82500, 10.6302, 44.2901, 19.593, -30.2332, 17.8359, -149.365, 0.983536, -0.565413, 0.971706, -121.009, 0.962632, 119.404
2930, 48.83333, 10.6316, 44.3368, 19.604, -30.2526, 17.8611, -149.374, 0.983544, -0.565881, 0.971722, -121.009, 0.962649, 119.403
2931, 48.84167, 10.6329, 44.3836, 19.615, -30.272, 17.8862, -149.384, 0.983552, -0.56635, 0.971738, -121.009, 0.962666, 119.403
2931, 48.85000, 10.6343, 44.4306, 19.6259, -30.2912, 17.9114, -149.393, 0.98356, -0.56682, 0.971754, -121.009, 0.962683, 119.402
2932, 48.85833, 10.6357, 44.4777, 19.6369, -30.3103, 17.9366, -149.403, 0.983569, -0.56729, 0.97177, -121.009, 0.9627, 119.402
2932, 48.86667, 10.6372, 44.525, 19.6478, -30.3294, 17.9618, -149.412, 0.983577, -0.56776, 0.971787, -121.008, 0.962716, 119.401
2933, 48.87500, 10.6386, 44.5724, 19.6587, -30.3484, 17.987, -149.422, 0.983585, -0.568232, 0.971803, -121.008, 0.962733, 119.4
2933, 48.88333, 10.6401, 44.6199, 19.6696, -30.3673, 18.0122, -149.432, 0.983593, -0.568704, 0.971819, -121.008, 0.96275, 119.4
2934, 48.89167, 10.6416, 44.6676, 19.6805, -30.3862, 18.0375, -149.442, 0.983602, -0.569176, 0.971836, -121.008, 0.962767, 119.399
2934, 48.90000, 10.6431, 44.7154, 19.6914, -30.4049, 18.0627, -149.452, 0.98361, -0.569649, 0.971852, -121.008, 0.962784, 119.399
2935, 48.90833, 10.6447, 44.7633, 19.7023, -30.4236, 18.0879, -149.461, 0.983619, -0.570123, 0.971869, -121.007, 0.962801, 119.398
2935, 48.91667, 10.6463, 44.8114, 19.7131, -30.4422, 18.1131, -149.471, 0.983627, -0.570598, 0.971885, -121.007, 0.962818, 119.398
2936, 48.92500, 10.6479, 44.8596, 19.724, -30.4608, 18.1383, -149.482, 0.983636, -0.571073, 0.971902, -121.007, 0.962835, 119.397
2936, 48.93333, 10.6495, 44.908, 19.7348, -30.4792, 18.1636, -149.492, 0.983644, -0.571548, 0.971918, -121.007, 0.962852, 119.397
2937, 48.94167, 10.6511, 44.9565, 19.7456, -30.4976, 18.1888, -149.502, 0.983653, -0.572025, 0.971935, -121.007, 0.962869, 119.396
2937, 48.95000, 10.6528, 45.0051, 19.7564, -30.5158, 18.214, -149.512, 0.983662, -0.572502, 0.971952, -121.007, 0.962886, 119.396
2938, 48.95833, 10.6545, 45.0538, 19.7672, -30.534, 18.2393, -149.522, 0.98367, -0.57298, 0.971969, -121.006, 0.962903, 119.395
2938, 48.96667, 10.6563, 45.1027, 19.778, -30.5522, 18.2645, -149.533, 0.983679, -0.573458, 0.971985, -121.006, 0.96292, 119.395
2939, 48.97500, 10.658, 45.1517, 19.7888, -30.5702, 18.2897, -149.543, 0.983688, -0.573937, 0.972002, -121.006, 0.962937, 119.394
2939, 48.98333, 10.6598, 45.2008, 19.7995, -30.5882, 18.315, -149.554, 0.983697, -0.574417, 0.972019, -121.006, 0.962954, 119.394
2940, 48.99167, 10.6616, 45.2501, 19.8103, -30.6061, 18.3402, -149.564, 0.983706, -0.574898, 0.972036, -121.006, 0.962971, 119.393
2940, 49.00000, 10.6635, 45.2995, 19.821, -30.6239, 18.3655, -149.575, 0.983715, -0.575379, 0.972053, -121.005, 0.962988, 119.393
2941, 49.00833, 10.6654, 45.349, 19.8317, -30.6416, 18.3908, -149.586, 0.983724, -0.575861, 0.97207, -121.005, 0.963005, 119.392
2941, 49.01667, 10.6673, 45.3986, 19.8424, -30.6593, 18.416, -149.596, 0.983733, -0.576344, 0.972087, -121.005, 0.963022, 119.392
2942, 49.02500, 10.6692, 45.4484, 19.8531, -30.6768, 18.4413, -149.607, 0.983742, -0.576827, 0.972104, -121.005, 0.963039, 119.391
2942, 49.03333, 10.6711, 45.4983, 19.8638, -30.6943, 18.4665, -149.618, 0.983751, -0.577311, 0.972121, -121.005, 0.963056, 119.391
2943, 49.04167, 10.6731, 45.5483, 19.8745, -30.7117, 18.4918, -149.629, 0.98376, -0.577797, 0.972138, -121.005, 0.963073, 119.39
2943, 49.05000, 10.6751, 45.5984, 19.8852, -30.729, 18.5171, -149.64, 0.983769, -0.578282, 0.972155, -121.005, 0.96309, 119.39
2944, 49.05833, 10.6772, 45.6486, 19.8958, -30.7463, 18.5423, -149.651, 0.983778, -0.578769, 0.972172, -121.004, 0.963107, 119.389
2944, 49.06667, 10.6792, 45.699, 19.9065, -30.7635, 18.5676, -149.662, 0.983787, -0.579256, 0.972189, -121.004, 0.963124, 119.389
2945, 49.07500, 10.6813, 45.7495, 19.9171, -30.7805, 18.5929, -149.673, 0.983797, -0.579744, 0.972207, -121.004, 0.963141, 119.388
2945, 49.08333, 10.6835, 45.8001, 19.9278, -30.7975, 18.6182, -149.685, 0.983806, -0.580233, 0.972224, -121.004, 0.963159, 119.388
2946, 49.09167, 10.6856, 45.8508, 19.9384, -30.8145, 18.6434, -149.696, 0.983815, -0.580723, 0.972241, -121.004, 0.963176, 119.387
2946, 49.10000, 10.6878, 45.9016, 19.949, -30.8313, 18.6687, -149.707, 0.983825, -0.581214, 0.972259, -121.004, 0.963193, 119.387
2947, 49.10833, 10.69, 45.9525, 19.9596, -30.8481, 18.694, -149.719, 0.983834, -0.581705, 0.972276, -121.003, 0.96321, 119.386
2947, 49.11667, 10.6923, 46.0036, 19.9702, -30.8648, 18.7193, -149.73, 0.983844, -0.582197, 0.972293, -121.003, 0.963227, 119.386
2948, 49.12500, 10.6945, 46.0547, 19.9808, -30.8814, 18.7446, -149.742, 0.983853, -0.58269, 0.972311, -121.003, 0.963244, 119.386
2948, 49.13333, 10.6968, 46.106, 19.9913, -30.8979, 18.7698, -149.753, 0.983863, -0.583184, 0.972328, -121.003, 0.963262, 119.385
2949, 49.14167, 10.6992, 46.1574, 20.0019, -30.9143, 18.7951, -149.765, 0.983872, -0.583679, 0.972346, -121.003, 0.963279, 119.385
2949, 49.15000, 10.7015, 46.2089, 20.0125, -30.9307, 18.8204, -149.776, 0.983882, -0.584174, 0.972364, -121.003, 0.963296, 119.384
2950, 49.15833, 10.7039, 46.2604, 20.023, -30.947, 18.8457, -149.788, 0.983891, -0.584671, 0.972381, -121.003, 0.963313, 119.384
2950, 49.16667, 10.7063, 46.3121, 20.0335, -30.9632, 18.871, -149.8, 0.983901, -0.585168, 0.972399, -121.002, 0.963331, 119.383
2951, 49.17500, 10.7088, 46.3639, 20.0441, -30.9793, 18.8963, -149.812, 0.983911, -0.585666, 0.972417, -121.002, 0.963348, 119.383
2951, 49.18333, 10.7113, 46.4158, 20.0546, -30.9953, 18.9216, -149.824, 0.983921, -0.586166, 0.972434, -121.002, 0.963365, 119.382
2952, 49.19167, 10.7138, 46.4678, 20.0651, -31.0113, 18.9469, -149.836, 0.98393, -0.586666, 0.972452, -121.002, 0.963383, 119.382
2952, 49.20000, 10.7164, 46.5199, 20.0756, -31.0272, 18.9722, -149.848, 0.98394, -0.587166, 0.97247, -121.002, 0.9634, 119.381
2953, 49.20833, 10.7189, 46.5721, 20.0861, -31.043, 18.9975, -149.86, 0.98395, -0.587668, 0.972488, -121.002, 0.963417, 119.381
2953, 49.21667, 10.7215, 46.6245, 20.0966, -31.0587, 19.0228, -149.872, 0.98396, -0.588171, 0.972506, -121.002, 0.963435, 119.38
2954, 49.22500, 10.7242, 46.6768, 20.1071, -31.0743, 19.0481, -149.884, 0.98397, -0.588675, 0.972524, -121.001, 0.963452, 119.38
2954, 49.23333, 10.7269, 46.7293, 20.1175, -31.0899, 19.0734, -149.896, 0.98398, -0.589179, 0.972542, -121.001, 0.963469, 119.379
2955, 49.24167, 10.7296, 46.7819, 20.128, -31.1054, 19.0987, -149.908, 0.98399, -0.589685, 0.97256, -121.001, 0.963487, 119.379
2955, 49.25000, 10.7323, 46.8346, 20.1384, -31.1208, 19.124, -149.92, 0.984, -0.590191, 0.972578, -121.001, 0.963504, 119.378
2956, 49.25833, 10.7351, 46.8874, 20.1489, -31.1361, 19.1493, -149.933, 0.98401, -0.590699, 0.972596, -121.001, 0.963522, 119.378
2956, 49.26667, 10.7379, 46.9403, 20.1593, -31.1513, 19.1746, -149.945, 0.98402, -0.591207, 0.972614, -121.001, 0.963539, 119.377
2957, 49.27500, 10.7407, 46.9932, 20.1698, -31.1665, 19.1999, -149.957, 0.98403, -0.591716, 0.972632, -121.001, 0.963557, 119.377
2957, 49.28333, 10.7436, 47.0463, 20.1802, -31.1815, 19.2252, -149.97, 0.984041, -0.592227, 0.97265, -121.001, 0.963574, 119.376
2958, 49.29167, 10.7465, 47.0994, 20.1906, -31.1965, 19.2505, -149.982, 0.984051, -0.592738, 0.972668, -121, 0.963592, 119.376
2958, 49.30000, 10.7494, 47.1526, 20.201, -31.2114, 19.2758, -149.995, 0.984061, -0.59325, 0.972687, -121, 0.963609, 119.375
2959, 49.30833, 10.7524, 47.2059, 20.2114, -31.2263, 19.3011, -150.008, 0.984071, -0.593763, 0.972705, -121, 0.963627, 119.375
2959, 49.31667, 10.7554, 47.2593, 20.2218, -31.241, 19.3264, -150.02, 0.984082, -0.594278, 0.972723, -121, 0.963644, 119.374
2960, 49.32500, 10.7584, 47.3128, 20.2322, -31.2557, 19.3517, -150.033, 0.984092, -0.594793, 0.972742, -121, 0.963662, 119.374
2960, 49.33333, 10.7615, 47.3664, 20.2426, -31.2703, 19.3769, -150.046, 0.984103, -0.595309, 0.97276, -121, 0.963679, 119.373
2961, 49.34167, 10.7646, 47.42, 20.253, -31.2848, 19.4023, -150.058, 0.984113, -0.595826, 0.972778, -121, 0.963697, 119.373
2961, 49.35000, 10.7677, 47.4737, 20.2634, -31.2992, 19.4275, -150.071, 0.984124, -0.596345, 0.972797, -121, 0.963714, 119.372
2962, 49.35833, 10.7709, 47.5275, 20.2737, -31.3136, 19.4528, -150.084, 0.984134, -0.596864, 0.972815, -121, 0.963732, 119.372
2962, 49.36667, 10.7741, 47.5814, 20.2841, -31.3278, 19.4781, -150.097, 0.984145, -0.597384, 0.972834, -120.999, 0.96375, 119.371
2963, 49.37500, 10.7773, 47.6354, 20.2944, -31.342, 19.5034, -150.11, 0.984155, -0.597906, 0.972852, -120.999, 0.963767, 119.371
2963, 49.38333, 10.7806, 47.6894, 20.3048, -31.3561, 19.5287, -150.123, 0.984166, -0.598428, 0.972871, -120.999, 0.963785, 119.371
2964, 49.39167, 10.7839, 47.7435, 20.3151, -31.3702, 19.554, -150.136, 0.984177, -0.598951, 0.97289, -120.999, 0.963803, 119.37
2964, 49.40000, 10.7872, 47.7977, 20.3255, -31.3841, 19.5793, -150.149, 0.984187, -0.599476, 0.972908, -120.999, 0.96382, 119.37
2965, 49.40833, 10.7906, 47.8519, 20.3358, -31.398, 19.6046, -150.162, 0.984198, -0.600002, 0.972927, -120.999, 0.963838, 119.369
2965, 49.41667, 10.794, 47.9063, 20.3461, -31.4118, 19.6299, -150.175, 0.984209, -0.600528, 0.972946, -120.999, 0.963856, 119.369
2966, 49.42500, 10.7974, 47.9606, 20.3565, -31.4255, 19.6552, -150.188, 0.98422, -0.601056, 0.972965, -120.999, 0.963874, 119.368
2966, 49.43333, 10.8009, 48.0151, 20.3668, -31.4391, 19.6805, -150.202, 0.98423, -0.601585, 0.972983, -120.999, 0.963891, 119.368
2967, 49.44167, 10.8044, 48.0696, 20.3771, -31.4526, 19.7058, -150.215, 0.984241, -0.602115, 0.973002, -120.999, 0.963909, 119.367
2967, 49.45000, 10.8079, 48.1242, 20.3874, -31.4661, 19.7311, -150.228, 0.984252, -0.602646, 0.973021, -120.998, 0.963927, 119.367
2968, 49.45833, 10.8115, 48.1789, 20.3977, -31.4795, 19.7564, -150.241, 0.984263, -0.603178, 0.97304, -120.998, 0.963945, 119.366
2968, 49.46667, 10.8151, 48.2336, 20.408, -31.4928, 19.7817, -150.255, 0.984274, -0.603711, 0.973059, -120.998, 0.963963, 119.366
2969, 49.47500, 10.8188, 48.2884, 20.4183, -31.506, 19.807, -150.268, 0.984285, -0.604245, 0.973078, -120.998, 0.963981, 119.365
2969, 49.48333, 10.8225, 48.3432, 20.4286, -31.5192, 19.8323, -150.282, 0.984296, -0.60478, 0.973097, -120.998, 0.963998, 119.365
2970, 49.49167, 10.8262, 48.3981, 20.4389, -31.5323, 19.8576, -150.295, 0.984307, -0.605317, 0.973116, -120.998, 0.964016, 119.364
2970, 49.50000, 10.8299, 48.4531, 20.4491, -31.5452, 19.8828, -150.309, 0.984318, -0.605855, 0.973135, -120.998, 0.964034, 119.364
2971, 49.50833, 10.8337, 48.5081, 20.4594, -31.5582, 19.9081, -150.322, 0.98433, -0.606393, 0.973155, -120.998, 0.964052, 119.363
2971, 49.51667, 10.8376, 48.5631, 20.4697, -31.571, 19.9334, -150.336, 0.984341, -0.606933, 0.973174, -120.998, 0.96407, 119.363
2972, 49.52500, 10.8414, 48.6183, 20.48, -31.5837, 19.9587, -150.349, 0.984352, -0.607474, 0.973193, -120.998, 0.964088, 119.362
2972, 49.53333, 10.8453, 48.6735, 20.4902, -31.5964, 19.984, -150.363, 0.984363, -0.608016, 0.973212, -120.998, 0.964106, 119.362
2973, 49.54167, 10.8492, 48.7287, 20.5005, -31.609, 20.0093, -150.377, 0.984375, -0.60856, 0.973231, -120.998, 0.964124, 119.362
2973, 49.55000, 10.8532, 48.784, 20.5108, -31.6215, 20.0345, -150.39, 0.984386, -0.609104, 0.973251, -120.997, 0.964142, 119.361
2974, 49.55833, 10.8572, 48.8393, 20.521, -31.634, 20.0598, -150.404, 0.984397, -0.60965, 0.97327, -120.997, 0.96416, 119.361
2974, 49.56667, 10.8613, 48.8947, 20.5313, -31.6463, 20.0851, -150.418, 0.984409, -0.610197, 0.97329, -120.997, 0.964178, 119.36
2975, 49.57500, 10.8653, 48.9501, 20.5415, -31.6586, 20.1104, -150.432, 0.98442, -0.610744, 0.973309, -120.997, 0.964196, 119.36
2975, 49.58333, 10.8695, 49.0056, 20.5518, -31.6708, 20.1356, -150.446, 0.984432, -0.611294, 0.973328, -120.997, 0.964214, 119.359
2976, 49.59167, 10.8736, 49.0611, 20.562, -31.6829, 20.1609, -150.46, 0.984443, -0.611844, 0.973348, -120.997, 0.964232, 119.359
2976, 49.60000, 10.8778, 49.1167, 20.5723, -31.695, 20.1862, -150.473, 0.984455, -0.612395, 0.973368, -120.997, 0.964251, 119.358
2977, 49.60833, 10.882, 49.1723, 20.5825, -31.7069, 20.2114, -150.487, 0.984466, -0.612948, 0.973387, -120.997, 0.964269, 119.358
2977, 49.61667, 10.8863, 49.2279, 20.5928, -31.7188, 20.2367, -150.501, 0.984478, -0.613502, 0.973407, -120.997, 0.964287, 119.357
2978, 49.62500, 10.8906, 49.2836, 20.603, -31.7306, 20.262, -150.515, 0.984489, -0.614057, 0.973426, -120.997, 0.964305, 119.357
2978, 49.63333, 10.8949, 49.3393, 20.6132, -31.7424, 20.2872, -150.529, 0.984501, -0.614613, 0.973446, -120.997, 0.964323, 119.356
2979, 49.64167, 10.8993, 49.3951, 20.6235, -31.754, 20.3125, -150.543, 0.984513, -0.615171, 0.973466, -120.997, 0.964342, 119.356
2979, 49.65000, 10.9037, 49.4509, 20.6337, -31.7656, 20.3378, -150.558, 0.984524, -0.61573, 0.973485, -120.997, 0.96436, 119.355
2980, 49.65833, 10.9081, 49.5067, 20.6439, -31.7771, 20.363, -150.572, 0.984536, -0.616289, 0.973505, -120.997, 0.964378, 119.355
2980, 49.66667, 10.9126, 49.5626, 20.6542, -31.7885, 20.3883, -150.586, 0.984548, -0.616851, 0.973525, -120.997, 0.964396, 119.354
2981, 49.67500, 10.9171, 49.6185, 20.6644, -31.7998, 20.4135, -150.6, 0.98456, -0.617413, 0.973545, -120.996, 0.964415, 119.354
2981, 49.68333, 10.9217, 49.6745, 20.6746, -31.8111, 20.4388, -150.614, 0.984572, -0.617976, 0.973565, -120.996, 0.964433, 119.354
2982, 49.69167, 10.9263, 49.7304, 20.6848, -31.8223, 20.464, -150.628, 0.984583, -0.618541, 0.973585, -120.996, 0.964451, 119.353
2982, 49.70000, 10.9309, 49.7864, 20.6951, -31.8334, 20.4893, -150.643, 0.984595, -0.619107, 0.973605, -120.996, 0.96447, 119.353
2983, 49.70833, 10.9356, 49.8424, 20.7053, -31.8444, 20.5145, -150.657, 0.984607, -0.619675, 0.973625, -120.996, 0.964488, 119.352
2983, 49.71667, 10.9403, 49.8985, 20.7155, -31.8554, 20.5398, -150.671, 0.984619, -0.620243, 0.973645, -120.996, 0.964506, 119.352
2984, 49.72500, 10.945, 49.9546, 20.7257, -31.8663, 20.565, -150.686, 0.984631, -0.620813, 0.973665, -120.996, 0.964525, 119.351
2984, 49.73333, 10.9498, 50.0107, 20.736, -31.8771, 20.5903, -150.7, 0.984643, -0.621384, 0.973685, -120.996, 0.964543, 119.351
2985, 49.74167, 10.9546, 50.0668, 20.7462, -31.8878, 20.6155, -150.714, 0.984655, -0.621956, 0.973705, -120.996, 0.964562, 119.35
2985, 49.75000, 10.9595, 50.1229, 20.7564, -31.8984, 20.6407, -150.729, 0.984667, -0.62253, 0.973725, -120.996, 0.96458, 119.35
2986, 49.75833, 10.9644, 50.1791, 20.7666, -31.909, 20.666, -150.743, 0.98468, -0.623105, 0.973745, -120.996, 0.964599, 119.349
2986, 49.76667, 10.9693, 50.2353, 20.7768, -31.9195, 20.6912, -150.758, 0.984692, -0.623681, 0.973766, -120.996, 0.964617, 119.349
2987, 49.77500, 10.9743, 50.2915, 20.7871, -31.9299, 20.7164, -150.772, 0.984704, -0.624258, 0.973786, -120.996, 0.964636, 119.348
2987, 49.78333, 10.9793, 50.3477, 20.7973, -31.9403, 20.7417, -150.787, 0.984716, -0.624837, 0.973806, -120.996, 0.964654, 119.348
2988, 49.79167, 10.9843, 50.404, 20.8075, -31.9505, 20.7669, -150.801, 0.984728, -0.625417, 0.973826, -120.996, 0.964673, 119.347
2988, 49.80000, 10.9894, 50.4602, 20.8177, -31.9607, 20.7921, -150.816, 0.984741, -0.625998, 0.973847, -120.996, 0.964692, 119.347
2989, 49.80833, 10.9945, 50.5165, 20.8279, -31.9708, 20.8174, -150.83, 0.984753, -0.62658, 0.973867, -120.996, 0.96471, 119.347
2989, 49.81667, 10.9997, 50.5728, 20.8382, -31.9809, 20.8426, -150.845, 0.984765, -0.627164, 0.973888, -120.996, 0.964729, 119.346
2990, 49.82500, 11.0049, 50.6291, 20.8484, -31.9908, 20.8678, -150.86, 0.984778, -0.627749, 0.973908, -120.996, 0.964747, 119.346
2990, 49.83333, 11.0101, 50.6854, 20.8586, -32.0007, 20.893, -150.874, 0.98479, -0.628336, 0.973929, -120.996, 0.964766, 119.345
2991, 49.84167, 11.0154, 50.7417, 20.8688, -32.0105, 20.9182, -150.889, 0.984802, -0.628923, 0.973949, -120.996, 0.964785, 119.345
2991, 49.85000, 11.0207, 50.798, 20.8791, -32.0203, 20.9434, -150.904, 0.984815, -0.629512, 0.97397, -120.996, 0.964804, 119.344
2992, 49.85833, 11.026, 50.8543, 20.8893, -32.0299, 20.9686, -150.918, 0.984827, -0.630103, 0.97399, -120.996, 0.964822, 119.344
2992, 49.86667, 11.0314, 50.9107, 20.8995, -32.0395, 20.9939, -150.933, 0.98484, -0.630694, 0.974011, -120.996, 0.964841, 119.343
2993, 49.87500, 11.0368, 50.967, 20.9097, -32.049, 21.0191, -150.948, 0.984852, -0.631287, 0.974032, -120.996, 0.96486, 119.343
2993, 49.88333, 11.0423, 51.0233, 20.92, -32.0585, 21.0443, -150.962, 0.984865, -0.631881, 0.974052, -120.996, 0.964879, 119.342
2994, 49.89167, 11.0478, 51.0797, 20.9302, -32.0678, 21.0695, -150.977, 0.984878, -0.632477, 0.974073, -120.996, 0.964898, 119.342
2994, 49.90000, 11.0533, 51.136, 20.9404, -32.0771, 21.0947, -150.992, 0.98489, -0.633074, 0.974094, -120.996, 0.964916, 119.341
2995, 49.90833, 11.0589, 51.1923, 20.9507, -32.0863, 21.1199, -151.007, 0.984903, -0.633672, 0.974115, -120.995, 0.964935, 119.341
2995, 49.91667, 11.0645, 51.2487, 20.9609, -32.0955, 21.1451, -151.022, 0.984916, -0.634272, 0.974136, -120.995, 0.964954, 119.341
2996, 49.92500, 11.0702, 51.305, 20.9711, -32.1045, 21.1702, -151.037, 0.984928, -0.634873, 0.974156, -120.995, 0.964973, 119.34
2996, 49.93333, 11.0759, 51.3614, 20.9814, -32.1135, 21.1954, -151.051, 0.984941, -0.635475, 0.974177, -120.995, 0.964992, 119.34
2997, 49.94167, 11.0816, 51.4177, 20.9916, -32.1225, 21.2206, -151.066, 0.984954, -0.636079, 0.974198, -120.995, 0.965011, 119.339
2997, 49.95000, 11.0874, 51.474, 21.0019, -32.1313, 21.2458, -151.081, 0.984967, -0.636684, 0.974219, -120.995, 0.96503, 119.339
2998, 49.95833, 11.0932, 51.5303, 21.0121, -32.1401, 21.271, -151.096, 0.984979, -0.63729, 0.97424, -120.995, 0.965049, 119.338
2998, 49.96667, 11.099, 51.5866, 21.0224, -32.1488, 21.2962, -151.111, 0.984992, -0.637898, 0.974261, -120.995, 0.965068, 119.338
2999, 49.97500, 11.1049, 51.6429, 21.0326, -32.1574, 21.3214, -151.126, 0.985005, -0.638507, 0.974282, -120.995, 0.965087, 119.337
2999, 49.98333, 11.1108, 51.6992, 21.0429, -32.166, 21.3465, -151.141, 0.985018, -0.639117, 0.974304, -120.995, 0.965106, 119.337
3000, 49.99167, 11.1168, 51.7555, 21.0532, -32.1744, 21.3717, -151.156, 0.985031, -0.639729, 0.974325, -120.995, 0.965125, 119.336
3000, 50.00000, 11.1228, 51.8118, 21.0634, -32.1828, 21.3969, -151.171, 0.985044, -0.640342, 0.974346, -120.995, 0.965144, 119.336
3001, 50.00833, 11.1288, 51.868, 21.0737, -32.1912, 21.422, -151.186, 0.985057, -0.640956, 0.974367, -120.995, 0.965164, 119.335
3001, 50.01667, 11.1349, 51.9243, 21.084, -32.1994, 21.4472, -151.201, 0.98507, -0.641572, 0.974388, -120.995, 0.965183, 119.335
3002, 50.02500, 11.141, 51.9805, 21.0942, -32.2076, 21.4724, -151.216, 0.985083, -0.642189, 0.97441, -120.995, 0.965202, 119.334
3002, 50.03333, 11.1472, 52.0367, 21.1045, -32.2157, 21.4975, -151.231, 0.985096, -0.642808, 0.974431, -120.995, 0.965221, 119.334
3003, 50.04167, 11.1534, 52.0929, 21.1148, -32.2238, 21.5227, -151.246, 0.985109, -0.643428, 0.974452, -120.995, 0.96524, 119.334
3003, 50.05000, 11.1596, 52.149, 21.1251, -32.2318, 21.5479, -151.261, 0.985122, -0.644049, 0.974474, -120.995, 0.96526, 119.333
3004, 50.05833, 11.1659, 52.2052, 21.1354, -32.2397, 21.573, -151.277, 0.985135, -0.644672, 0.974495, -120.995, 0.965279, 119.333
3004, 50.06667, 11.1722, 52.2613, 21.1457, -32.2475, 21.5982, -151.292, 0.985149, -0.645296, 0.974517, -120.995, 0.965298, 119.332
3005, 50.07500, 11.1785, 52.3174, 21.156, -32.2553, 21.6233, -151.307, 0.985162, -0.645921, 0.974538, -120.995, 0.965317, 119.332
3005, 50.08333, 11.1849, 52.3735, 21.1663, -32.263, 21.6485, -151.322, 0.985175, -0.646548, 0.97456, -120.995, 0.965337, 119.331
3006, 50.09167, 11.1913, 52.4296, 21.1766, -32.2706, 21.6736, -151.337, 0.985188, -0.647176, 0.974581, -120.995, 0.965356, 119.331
3006, 50.10000, 11.1978, 52.4856, 21.1869, -32.2781, 21.6987, -151.352, 0.985202, -0.647806, 0.974603, -120.995, 0.965376, 119.33
3007, 50.10833, 11.2043, 52.5416, 21.1972, -32.2856, 21.7239, -151.367, 0.985215, -0.648437, 0.974624, -120.996, 0.965395, 119.33
3007, 50.11667, 11.2108, 52.5976, 21.2075, -32.293, 21.749, -151.383, 0.985228, -0.64907, 0.974646, -120.996, 0.965414, 119.329
3008, 50.12500, 11.2174, 52.6535, 21.2178, -32.3004, 21.7742, -151.398, 0.985242, -0.649703, 0.974668, -120.996, 0.965434, 119.329
3008, 50.13333, 11.224, 52.7095, 21.2282, -32.3076, 21.7993, -151.413, 0.985255, -0.650339, 0.974689, -120.996, 0.965453, 119.328
3009, 50.14167, 11.2307, 52.7654, 21.2385, -32.3148, 21.8244, -151.428, 0.985269, -0.650975, 0.974711, -120.996, 0.965473, 119.328
3009, 50.15000, 11.2374, 52.8212, 21.2488, -32.322, 21.8496, -151.443, 0.985282, -0.651613, 0.974733, -120.996, 0.965492, 119.328
3010, 50.15833, 11.2441, 52.877, 21.2592, -32.329, 21.8747, -151.459, 0.985295, -0.652253, 0.974755, -120.996, 0.965512, 119.327
3010, 50.16667, 11.2509, 52.9328, 21.2695, -32.336, 21.8998, -151.474, 0.985309, -0.652894, 0.974777, -120.996, 0.965532, 119.327
3011, 50.17500, 11.2577, 52.9886, 21.2799, -32.3429, 21.9249, -151.489, 0.985322, -0.653536, 0.974799, -120.996, 0.965551, 119.326
3011, 50.18333, 11.2645, 53.0443, 21.2902, -32.3498, 21.9501, -151.505, 0.985336, -0.65418, 0.97482, -120.996, 0.965571, 119.326
3012, 50.19167, 11.2714, 53.1, 21.3006, -32.3566, 21.9752, -151.52, 0.98535, -0.654825, 0.974842, -120.996, 0.96559, 119.325
3012, 50.20000, 11.2783, 53.1557, 21.311, -32.3633, 22.0003, -151.535, 0.985363, -0.655472, 0.974864, -120.996, 0.96561, 119.325
3013, 50.20833, 11.2853, 53.2113, 21.3214, -32.3699, 22.0254, -151.55, 0.985377, -0.656119, 0.974886, -120.996, 0.96563, 119.324
3013, 50.21667, 11.2923, 53.2668, 21.3317, -32.3765, 22.0505, -151.566, 0.98539, -0.656769, 0.974908, -120.996, 0.965649, 119.324
3014, 50.22500, 11.2993, 53.3224, 21.3421, -32.383, 22.0756, -151.581, 0.985404, -0.65742, 0.974931, -120.996, 0.965669, 119.323
3014, 50.23333, 11.3064, 53.3779, 21.3525, -32.3895, 22.1007, -151.596, 0.985418, -0.658072, 0.974953, -120.996, 0.965689, 119.323
3015, 50.24167, 11.3135, 53.4333, 21.3629, -32.3958, 22.1258, -151.612, 0.985432, -0.658726, 0.974975, -120.996, 0.965709, 119.322
3015, 50.25000, 11.3206, 53.4887, 21.3733, -32.4021, 22.1509, -151.627, 0.985445, -0.659381, 0.974997, -120.996, 0.965729, 119.322
3016, 50.25833, 11.3278, 53.5441, 21.3837, -32.4084, 22.176, -151.642, 0.985459, -0.660037, 0.975019, -120.996, 0.965748, 119.321
3016, 50.26667, 11.3351, 53.5994, 21.3942, -32.4146, 22.2011, -151.658, 0.985473, -0.660695, 0.975042, -120.996, 0.965768, 119.321
3017, 50.27500, 11.3423, 53.6547, 21.4046, -32.4207, 22.2262, -151.673, 0.985487, -0.661355, 0.975064, -120.996, 0.965788, 119.32
3017, 50.28333, 11.3496, 53.7099, 21.415, -32.4267, 22.2513, -151.689, 0.985501, -0.662016, 0.975086, -120.996, 0.965808, 119.32
3018, 50.29167, 11.357, 53.7651, 21.4255, -32.4327, 22.2764, -151.704, 0.985514, -0.662678, 0.975108, -120.996, 0.965828, 119.32
3018, 50.30000, 11.3644, 53.8202, 21.4359, -32.4386, 22.3015, -151.719, 0.985528, -0.663342, 0.975131, -120.996, 0.965848, 119.319
3019, 50.30833, 11.3718, 53.8753, 21.4464, -32.4444, 22.3266, -151.735, 0.985542, -0.664007, 0.975153, -120.996, 0.965868, 119.319
3019, 50.31667, 11.3792, 53.9303, 21.4568, -32.4502, 22.3517, -151.75, 0.985556, -0.664673, 0.975176, -120.996, 0.965888, 119.318
3020, 50.32500, 11.3867, 53.9853, 21.4673, -32.4559, 22.3768, -151.765, 0.98557, -0.665341, 0.975198, -120.996, 0.965908, 119.318
3020, 50.33333, 11.3942, 54.0402, 21.4778, -32.4615, 22.4019, -151.781, 0.985584, -0.666011, 0.975221, -120.996, 0.965928, 119.317
3021, 50.34167, 11.4018, 54.0951, 21.4882, -32.4671, 22.4269, -151.796, 0.985598, -0.666682, 0.975243, -120.996, 0.965948, 119.317
3021, 50.35000, 11.4094, 54.1499, 21.4987, -32.4726, 22.452, -151.812, 0.985612, -0.667354, 0.975266, -120.997, 0.965968, 119.316
3022, 50.35833, 11.4171, 54.2046, 21.5092, -32.4781, 22.4771, -151.827, 0.985626, -0.668028, 0.975289, -120.997, 0.965988, 119.316
3022, 50.36667, 11.4248, 54.2594, 21.5197, -32.4835, 22.5022, -151.843, 0.98564, -0.668704, 0.975311, -120.997, 0.966008, 119.315
3023, 50.37500, 11.4325, 54.314, 21.5303, -32.4888, 22.5272, -151.858, 0.985654, -0.66938, 0.975334, -120.997, 0.966028, 119.315
3023, 50.38333, 11.4402, 54.3686, 21.5408, -32.494, 22.5523, -151.873, 0.985668, -0.670059, 0.975357, -120.997, 0.966049, 119.314
3024, 50.39167, 11.448, 54.4231, 21.5513, -32.4992, 22.5774, -151.889, 0.985683, -0.670738, 0.975379, -120.997, 0.966069, 119.314
3024, 50.40000, 11.4559, 54.4776, 21.5618, -32.5043, 22.6024, -151.904, 0.985697, -0.671419, 0.975402, -120.997, 0.966089, 119.313
3025, 50.40833, 11.4637, 54.532, 21.5724, -32.5094, 22.6275, -151.92, 0.985711, -0.672102, 0.975425, -120.997, 0.966109, 119.313
3025, 50.41667, 11.4716, 54.5864, 21.5829, -32.5144, 22.6526, -151.935, 0.985725, -0.672786, 0.975448, -120.997, 0.96613, 119.313
3026, 50.42500, 11.4796, 54.6407, 21.5935, -32.5193, 22.6776, -151.951, 0.985739, -0.673472, 0.975471, -120.997, 0.96615, 119.312
3026, 50.43333, 11.4876, 54.6949, 21.6041, -32.5242, 22.7027, -151.966, 0.985754, -0.674159, 0.975494, -120.997, 0.96617, 119.312
3027, 50.44167, 11.4956, 54.7491, 21.6146, -32.529, 22.7278, -151.982, 0.985768, -0.674847, 0.975516, -120.997, 0.966191, 119.311
3027, 50.45000, 11.5036, 54.8032, 21.6252, -32.5338, 22.7528, -151.997, 0.985782, -0.675537, 0.97554, -120.997, 0.966211, 119.311
3028, 50.45833, 11.5117, 54.8572, 21.6358, -32.5384, 22.7779, -152.012, 0.985797, -0.676228, 0.975563, -120.997, 0.966231, 119.31
3028, 50.46667, 11.5199, 54.9112, 21.6464, -32.5431, 22.8029, -152.028, 0.985811, -0.676921, 0.975586, -120.997, 0.966252, 119.31
3029, 50.47500, 11.528, 54.9651, 21.657, -32.5476, 22.828, -152.043, 0.985825, -0.677615, 0.975609, -120.997, 0.966272, 119.309
3029, 50.48333, 11.5362, 55.019, 21.6677, -32.5521, 22.853, -152.059, 0.98584, -0.678311, 0.975632, -120.998, 0.966293, 119.309
3030, 50.49167, 11.5445, 55.0727, 21.6783, -32.5565, 22.8781, -152.074, 0.985854, -0.679008, 0.975655, -120.998, 0.966313, 119.308
3030, 50.50000, 11.5528, 55.1264, 21.6889, -32.5609, 22.9031, -152.09, 0.985869, -0.679707, 0.975678, -120.998, 0.966334, 119.308
3031, 50.50833, 11.5611, 55.1801, 21.6996, -32.5652, 22.9282, -152.105, 0.985883, -0.680407, 0.975701, -120.998, 0.966354, 119.307
3031, 50.51667, 11.5694, 55.2336, 21.7103, -32.5695, 22.9532, -152.121, 0.985897, -0.681109, 0.975725, -120.998, 0.966375, 119.307
3032, 50.52500, 11.5778, 55.2871, 21.7209, -32.5736, 22.9783, -152.136, 0.985912, -0.681812, 0.975748, -120.998, 0.966395, 119.306
3032, 50.53333, 11.5863, 55.3406, 21.7316, -32.5778, 23.0033, -152.152, 0.985926, -0.682517, 0.975771, -120.998, 0.966416, 119.306
3033, 50.54167, 11.5947, 55.3939, 21.7423, -32.5818, 23.0284, -152.167, 0.985941, -0.683223, 0.975794, -120.998, 0.966437, 119.305
3033, 50.55000, 11.6032, 55.4472, 21.753, -32.5858, 23.0534, -152.183, 0.985956, -0.68393, 0.975818, -120.998, 0.966457, 119.305
3034, 50.55833, 11.6118, 55.5004, 21.7637, -32.5898, 23.0784, -152.198, 0.98597, -0.684639, 0.975841, -120.998, 0.966478, 119.304
3034, 50.56667, 11.6203, 55.5535, 21.7744, -32.5937, 23.1035, -152.214, 0.985985, -0.68535, 0.975865, -120.998, 0.966499, 119.304
3035, 50.57500, 11.6289, 55.6066, 21.7851, -32.5975, 23.1285, -152.229, 0.985999, -0.686062, 0.975888, -120.998, 0.96652, 119.303
3035, 50.58333, 11.6376, 55.6596, 21.7959, -32.6013, 23.1535, -152.245, 0.986014, -0.686775, 0.975912, -120.999, 0.96654, 119.303
3036, 50.59167, 11.6463, 55.7125, 21.8066, -32.605, 23.1786, -152.26, 0.986029, -0.68749, 0.975935, -120.999, 0.966561, 119.302
3036, 50.60000, 11.655, 55.7653, 21.8174, -32.6086, 23.2036, -152.275, 0.986043, -0.688207, 0.975959, -120.999, 0.966582, 119.302
3037, 50.60833, 11.6637, 55.8181, 21.8281, -32.6122, 23.2286, -152.291, 0.986058, -0.688924, 0.975982, -120.999, 0.966603, 119.302
3037, 50.61667, 11.6725, 55.8707, 21.8389, -32.6157, 23.2537, -152.306, 0.986073, -0.689644, 0.976006, -120.999, 0.966624, 119.301
3038, 50.62500, 11.6814, 55.9233, 21.8497, -32.6192, 23.2787, -152.322, 0.986088, -0.690365, 0.97603, -120.999, 0.966644, 119.301
3038, 50.63333, 11.6902, 55.9758, 21.8605, -32.6226, 23.3037, -152.337, 0.986102, -0.691087, 0.976054, -120.999, 0.966665, 119.3
3039, 50.64167, 11.6991, 56.0283, 21.8713, -32.6259, 23.3288, -152.353, 0.986117, -0.691811, 0.976077, -120.999, 0.966686, 119.3
3039, 50.65000, 11.7081, 56.0806, 21.8821, -32.6292, 23.3538, -152.368, 0.986132, -0.692536, 0.976101, -120.999, 0.966707, 119.299
3040, 50.65833, 11.717, 56.1329, 21.893, -32.6325, 23.3788, -152.384, 0.986147, -0.693263, 0.976125, -120.999, 0.966728, 119.299
3040, 50.66667, 11.726, 56.1851, 21.9038, -32.6357, 23.4038, -152.399, 0.986162, -0.693991, 0.976149, -121, 0.966749, 119.298
3041, 50.67500, 11.7351, 56.2372, 21.9147, -32.6388, 23.4289, -152.415, 0.986176, -0.694721, 0.976173, -121, 0.96677, 119.298
3041, 50.68333, 11.7442, 56.2892, 21.9255, -32.6418, 23.4539, -152.43, 0.986191, -0.695452, 0.976197, -121, 0.966791, 119.297
3042, 50.69167, 11.7533, 56.3412, 21.9364, -32.6448, 23.4789, -152.446, 0.986206, -0.696185, 0.97622, -121, 0.966813, 119.297
3042, 50.70000, 11.7624, 56.393, 21.9473, -32.6478, 23.5039, -152.461, 0.986221, -0.696919, 0.976244, -121, 0.966834, 119.296
3043, 50.70833, 11.7716, 56.4448, 21.9582, -32.6507, 23.5289, -152.476, 0.986236, -0.697655, 0.976268, -121, 0.966855, 119.296
3043, 50.71667, 11.7808, 56.4965, 21.9691, -32.6535, 23.554, -152.492, 0.986251, -0.698392, 0.976292, -121, 0.966876, 119.295
3044, 50.72500, 11.7901, 56.5481, 21.98, -32.6563, 23.579, -152.507, 0.986266, -0.69913, 0.976317, -121, 0.966897, 119.295
3044, 50.73333, 11.7994, 56.5996, 21.991, -32.659, 23.604, -152.523, 0.986281, -0.699871, 0.976341, -121, 0.966918, 119.294
3045, 50.74167, 11.8087, 56.651, 22.0019, -32.6617, 23.629, -152.538, 0.986296, -0.700612, 0.976365, -121.001, 0.96694, 119.294
3045, 50.75000, 11.8181, 56.7024, 22.0128, -32.6643, 23.654, -152.554, 0.986311, -0.701355, 0.976389, -121.001, 0.966961, 119.293
3046, 50.75833, 11.8275, 56.7536, 22.0238, -32.6669, 23.679, -152.569, 0.986326, -0.7021, 0.976413, -121.001, 0.966982, 119.293
3046, 50.76667, 11.8369, 56.8048, 22.0348, -32.6694, 23.7041, -152.584, 0.986341, -0.702846, 0.976438, -121.001, 0.967004, 119.292
3047, 50.77500, 11.8464, 56.8559, 22.0458, -32.6718, 23.7291, -152.6, 0.986356, -0.703593, 0.976462, -121.001, 0.967025, 119.292
3047, 50.78333, 11.8559, 56.9068, 22.0568, -32.6742, 23.7541, -152.615, 0.986371, -0.704342, 0.976486, -121.001, 0.967046, 119.291
3048, 50.79167, 11.8654, 56.9577, 22.0678, -32.6765, 23.7791, -152.631, 0.986386, -0.705093, 0.97651, -121.001, 0.967068, 119.291
3048, 50.80000, 11.875, 57.0085, 22.0788, -32.6788, 23.8041, -152.646, 0.986402, -0.705845, 0.976535, -121.001, 0.967089, 119.29
3049, 50.80833, 11.8846, 57.0592, 22.0899, -32.6811, 23.8291, -152.662, 0.986417, -0.706599, 0.976559, -121.001, 0.96711, 119.29
3049, 50.81667, 11.8942, 57.1099, 22.1009, -32.6832, 23.8542, -152.677, 0.986432, -0.707354, 0.976584, -121.002, 0.967132, 119.289
3050, 50.82500, 11.9039, 57.1604, 22.112, -32.6853, 23.8792, -152.692, 0.986447, -0.70811, 0.976608, -121.002, 0.967153, 119.289
3050, 50.83333, 11.9136, 57.2108, 22.1231, -32.6874, 23.9042, -152.708, 0.986462, -0.708868, 0.976633, -121.002, 0.967175, 119.288
3051, 50.84167, 11.9234, 57.2611, 22.1341, -32.6894, 23.9292, -152.723, 0.986478, -0.709627, 0.976657, -121.002, 0.967197, 119.288
3051, 50.85000, 11.9331, 57.3114, 22.1452, -32.6914, 23.9542, -152.738, 0.986493, -0.710388, 0.976682, -121.002, 0.967218, 119.287
3052, 50.85833, 11.9429, 57.3615, 22.1564, -32.6933, 23.9792, -152.754, 0.986508, -0.711151, 0.976706, -121.002, 0.96724, 119.287
3052, 50.86667, 11.9528, 57.4116, 22.1675, -32.6952, 24.0043, -152.769, 0.986523, -0.711915, 0.976731, -121.002, 0.967261, 119.286
3053, 50.87500, 11.9627, 57.4616, 22.1786, -32.697, 24.0293, -152.785, 0.986539, -0.71268, 0.976756, -121.002, 0.967283, 119.286
3053, 50.88333, 11.9726, 57.5114, 22.1898, -32.6987, 24.0543, -152.8, 0.986554, -0.713447, 0.97678, -121.003, 0.967305, 119.285
3054, 50.89167, 11.9825, 57.5612, 22.2009, -32.7004, 24.0793, -152.815, 0.986569, -0.714215, 0.976805, -121.003, 0.967326, 119.285
3054, 50.90000, 11.9925, 57.6109, 22.2121, -32.7021, 24.1043, -152.831, 0.986585, -0.714985, 0.97683, -121.003, 0.967348, 119.284
3055, 50.90833, 12.0025, 57.6604, 22.2233, -32.7037, 24.1293, -152.846, 0.9866, -0.715756, 0.976855, -121.003, 0.96737, 119.284
3055, 50.91667, 12.0126, 57.7099, 22.2345, -32.7052, 24.1543, -152.861, 0.986616, -0.716529, 0.97688, -121.003, 0.967392, 119.283
3056, 50.92500, 12.0227, 57.7593, 22.2457, -32.7067, 24.1794, -152.877, 0.986631, -0.717303, 0.976905, -121.003, 0.967413, 119.283
3056, 50.93333, 12.0328, 57.8086, 22.257, -32.7081, 24.2044, -152.892, 0.986646, -0.718079, 0.976929, -121.003, 0.967435, 119.282
3057, 50.94167, 12.0429, 57.8577, 22.2682, -32.7095, 24.2294, -152.907, 0.986662, -0.718857, 0.976954, -121.004, 0.967457, 119.282
3057, 50.95000, 12.0531, 57.9068, 22.2795, -32.7109, 24.2544, -152.922, 0.986677, -0.719635, 0.976979, -121.004, 0.967479, 119.281
3058, 50.95833, 12.0633, 57.9558, 22.2907, -32.7121, 24.2794, -152.938, 0.986693, -0.720415, 0.977004, -121.004, 0.967501, 119.281
3058, 50.96667, 12.0736, 58.0047, 22.302, -32.7134, 24.3045, -152.953, 0.986708, -0.721197, 0.977029, -121.004, 0.967523, 119.28
3059, 50.97500, 12.0839, 58.0535, 22.3133, -32.7146, 24.3295, -152.968, 0.986724, -0.72198, 0.977054, -121.004, 0.967545, 119.28
3059, 50.98333, 12.0942, 58.1022, 22.3246, -32.7157, 24.3545, -152.984, 0.986739, -0.722765, 0.97708, -121.004, 0.967567, 119.279
3060, 50.99167, 12.1045, 58.1507, 22.336, -32.7168, 24.3795, -152.999, 0.986755, -0.723551, 0.977105, -121.004, 0.967589, 119.279
3060, 51.00000, 12.1149, 58.1992, 22.3473, -32.7178, 24.4045, -153.014, 0.98677, -0.724339, 0.97713, -121.005, 0.967611, 119.278
3061, 51.00833, 12.1253, 58.2476, 22.3587, -32.7188, 24.4296, -153.029, 0.986786, -0.725128, 0.977155, -121.005, 0.967633, 119.278
3061, 51.01667, 12.1358, 58.2959, 22.37, -32.7198, 24.4546, -153.045, 0.986802, -0.725919, 0.97718, -121.005, 0.967655, 119.277
3062, 51.02500, 12.1463, 58.3441, 22.3814, -32.7207, 24.4796, -153.06, 0.986817, -0.726711, 0.977206, -121.005, 0.967677, 119.277
3062, 51.03333, 12.1568, 58.3921, 22.3928, -32.7215, 24.5046, -153.075, 0.986833, -0.727504, 0.977231, -121.005, 0.967699, 119.276
3063, 51.04167, 12.1673, 58.4401, 22.4042, -32.7223, 24.5297, -153.09, 0.986848, -0.728299, 0.977256, -121.005, 0.967721, 119.276
3063, 51.05000, 12.1779, 58.488, 22.4156, -32.7231, 24.5547, -153.105, 0.986864, -0.729096, 0.977282, -121.006, 0.967743, 119.275
3064, 51.05833, 12.1885, 58.5357, 22.4271, -32.7238, 24.5797, -153.121, 0.98688, -0.729894, 0.977307, -121.006, 0.967766, 119.275
3064, 51.06667, 12.1991, 58.5834, 22.4385, -32.7244, 24.6047, -153.136, 0.986895, -0.730693, 0.977333, -121.006, 0.967788, 119.274
3065, 51.07500, 12.2098, 58.6309, 22.45, -32.725, 24.6298, -153.151, 0.986911, -0.731494, 0.977358, -121.006, 0.96781, 119.274
3065, 51.08333, 12.2205, 58.6784, 22.4615, -32.7256, 24.6548, -153.166, 0.986927, -0.732297, 0.977384, -121.006, 0.967833, 119.273
3066, 51.09167, 12.2313, 58.7257, 22.473, -32.7261, 24.6798, -153.181, 0.986943, -0.733101, 0.977409, -121.006, 0.967855, 119.273
3066, 51.10000, 12.242, 58.773, 22.4845, -32.7266, 24.7049, -153.196, 0.986958, -0.733906, 0.977435, -121.007, 0.967877, 119.272
3067, 51.10833, 12.2528, 58.8201, 22.496, -32.727, 24.7299, -153.212, 0.986974, -0.734713, 0.97746, -121.007, 0.9679, 119.272
3067, 51.11667, 12.2637, 58.8671, 22.5075, -32.7273, 24.7549, -153.227, 0.98699, -0.735521, 0.977486, -121.007, 0.967922, 119.271
3068, 51.12500, 12.2745, 58.914, 22.5191, -32.7277, 24.78, -153.242, 0.987006, -0.736331, 0.977512, -121.007, 0.967944, 119.271
3068, 51.13333, 12.2854, 58.9608, 22.5307, -32.7279, 24.805, -153.257, 0.987021, -0.737142, 0.977538, -121.007, 0.967967, 119.27
3069, 51.14167, 12.2964, 59.0076, 22.5423, -32.7282, 24.8301, -153.272, 0.987037, -0.737955, 0.977563, -121.007, 0.967989, 119.27
3069, 51.15000, 12.3073, 59.0542, 22.5539, -32.7284, 24.8551, -153.287, 0.987053, -0.738769, 0.977589, -121.008, 0.968012, 119.269
3070, 51.15833, 12.3183, 59.1007, 22.5655, -32.7285, 24.8801, -153.302, 0.987069, -0.739585, 0.977615, -121.008, 0.968034, 119.269
3070, 51.16667, 12.3293, 59.147, 22.5771, -32.7286, 24.9052, -153.317, 0.987085, -0.740402, 0.977641, -121.008, 0.968057, 119.268
3071, 51.17500, 12.3404, 59.1933, 22.5887, -32.7287, 24.9302, -153.332, 0.987101, -0.741221, 0.977667, -121.008, 0.968079, 119.268
3071, 51.18333, 12.3515, 59.2395, 22.6004, -32.7287, 24.9553, -153.348, 0.987117, -0.742041, 0.977693, -121.008, 0.968102, 119.267
3072, 51.19167, 12.3626, 59.2856, 22.6121, -32.7286, 24.9804, -153.363, 0.987132, -0.742863, 0.977719, -121.008, 0.968125, 119.267
3072, 51.20000, 12.3737, 59.3315, 22.6238, -32.7285, 25.0054, -153.378, 0.987148, -0.743686, 0.977745, -121.009, 0.968147, 119.266
3073, 51.20833, 12.3849, 59.3774, 22.6355, -32.7284, 25.0305, -153.393, 0.987164, -0.74451, 0.977771, -121.009, 0.96817, 119.266
3073, 51.21667, 12.3961, 59.4231, 22.6472, -32.7282, 25.0555, -153.408, 0.98718, -0.745336, 0.977797, -121.009, 0.968193, 119.265
3074, 51.22500, 12.4073, 59.4687, 22.6589, -32.728, 25.0806, -153.423, 0.987196, -0.746164, 0.977823, -121.009, 0.968215, 119.265
3074, 51.23333, 12.4186, 59.5142, 22.6707, -32.7278, 25.1056, -153.438, 0.987212, -0.746993, 0.977849, -121.009, 0.968238, 119.264
3075, 51.24167, 12.4299, 59.5597, 22.6825, -32.7275, 25.1307, -153.453, 0.987228, -0.747823, 0.977875, -121.009, 0.968261, 119.264
3075, 51.25000, 12.4412, 59.605, 22.6943, -32.7271, 25.1558, -153.468, 0.987244, -0.748655, 0.977901, -121.01, 0.968284, 119.263
3076, 51.25833, 12.4526, 59.6501, 22.7061, -32.7267, 25.1808, -153.483, 0.98726, -0.749488, 0.977928, -121.01, 0.968307, 119.263
3076, 51.26667, 12.464, 59.6952, 22.7179, -32.7263, 25.2059, -153.498, 0.987276, -0.750323, 0.977954, -121.01, 0.968329, 119.262
3077, 51.27500, 12.4754, 59.7402, 22.7297, -32.7258, 25.231, -153.513, 0.987292, -0.75116, 0.97798, -121.01, 0.968352, 119.261
3077, 51.28333, 12.4869, 59.7851, 22.7416, -32.7253, 25.2561, -153.527, 0.987308, -0.751997, 0.978007, -121.01, 0.968375, 119.261
3078, 51.29167, 12.4983, 59.8298, 22.7534, -32.7248, 25.2811, -153.542, 0.987325, -0.752837, 0.978033, -121.011, 0.968398, 119.26
3078, 51.30000, 12.5098, 59.8745, 22.7653, -32.7241, 25.3062, -153.557, 0.987341, -0.753677, 0.978059, -121.011, 0.968421, 119.26
3079, 51.30833, 12.5214, 59.919, 22.7772, -32.7235, 25.3313, -153.572, 0.987357, -0.754519, 0.978086, -121.011, 0.968444, 119.259
3079, 51.31667, 12.533, 59.9634, 22.7891, -32.7228, 25.3564, -153.587, 0.987373, -0.755363, 0.978112, -121.011, 0.968467, 119.259
3080, 51.32500, 12.5445, 60.0077, 22.801, -32.7221, 25.3815, -153.602, 0.987389, -0.756208, 0.978139, -121.011, 0.96849, 119.258
3080, 51.33333, 12.5562, 60.0519, 22.813, -32.7213, 25.4066, -153.617, 0.987405, -0.757054, 0.978165, -121.012, 0.968513, 119.258
3081, 51.34167, 12.5678, 60.096, 22.8249, -32.7205, 25.4317, -153.632, 0.987421, -0.757902, 0.978192, -121.012, 0.968536, 119.257
3081, 51.35000, 12.5795, 60.14, 22.8369, -32.7197, 25.4568, -153.647, 0.987437, -0.758752, 0.978219, -121.012, 0.96856, 119.257
3082, 51.35833, 12.5912, 60.1838, 22.8489, -32.7188, 25.4819, -153.661, 0.987454, -0.759603, 0.978245, -121.012, 0.968583, 119.256
3082, 51.36667, 12.603, 60.2276, 22.8609, -32.7179, 25.507, -153.676, 0.98747, -0.760455, 0.978272, -121.012, 0.968606, 119.256
3083, 51.37500, 12.6148, 60.2712, 22.873, -32.7169, 25.5321, -153.691, 0.987486, -0.761309, 0.978299, -121.013, 0.968629, 119.255
3083, 51.38333, 12.6266, 60.3147, 22.885, -32.7159, 25.5572, -153.706, 0.987502, -0.762164, 0.978325, -121.013, 0.968652, 119.255
3084, 51.39167, 12.6384, 60.3582, 22.8971, -32.7148, 25.5823, -153.721, 0.987519, -0.763021, 0.978352, -121.013, 0.968676, 119.254
3084, 51.40000, 12.6502, 60.4015, 22.9091, -32.7137, 25.6074, -153.736, 0.987535, -0.763879, 0.978379, -121.013, 0.968699, 119.254
3085, 51.40833, 12.6621, 60.4446, 22.9212, -32.7126, 25.6325, -153.75, 0.987551, -0.764738, 0.978406, -121.013, 0.968722, 119.253
3085, 51.41667, 12.6741, 60.4877, 22.9333, -32.7114, 25.6577, -153.765, 0.987567, -0.7656, 0.978433, -121.014, 0.968745, 119.252
3086, 51.42500, 12.686, 60.5307, 22.9455, -32.7102, 25.6828, -153.78, 0.987584, -0.766462, 0.97846, -121.014, 0.968769, 119.252
3086, 51.43333, 12.698, 60.5735, 22.9576, -32.709, 25.7079, -153.795, 0.9876, -0.767326, 0.978487, -121.014, 0.968792, 119.251
3087, 51.44167, 12.71, 60.6163, 22.9698, -32.7077, 25.733, -153.809, 0.987616, -0.768191, 0.978514, -121.014, 0.968816, 119.251
3087, 51.45000, 12.722, 60.6589, 22.982, -32.7064, 25.7582, -153.824, 0.987633, -0.769058, 0.978541, -121.014, 0.968839, 119.25
3088, 51.45833, 12.7341, 60.7014, 22.9941, -32.705, 25.7833, -153.839, 0.987649, -0.769926, 0.978568, -121.015, 0.968863, 119.25
3088, 51.46667, 12.7462, 60.7438, 23.0064, -32.7036, 25.8085, -153.853, 0.987665, -0.770796, 0.978595, -121.015, 0.968886, 119.249
3089, 51.47500, 12.7583, 60.7861, 23.0186, -32.7022, 25.8336, -153.868, 0.987682, -0.771667, 0.978622, -121.015, 0.96891, 119.249
3089, 51.48333, 12.7704, 60.8283, 23.0308, -32.7007, 25.8588, -153.883, 0.987698, -0.77254, 0.978649, -121.015, 0.968933, 119.248
3090, 51.49167, 12.7826, 60.8704, 23.0431, -32.6992, 25.8839, -153.897, 0.987714, -0.773414, 0.978677, -121.016, 0.968957, 119.248
3090, 51.50000, 12.7948, 60.9123, 23.0554, -32.6976, 25.9091, -153.912, 0.987731, -0.774289, 0.978704, -121.016, 0.96898, 119.247
3091, 51.50833, 12.807, 60.9541, 23.0677, -32.6961, 25.9342, -153.927, 0.987747, -0.775166, 0.978731, -121.016, 0.969004, 119.247
3091, 51.51667, 12.8193, 60.9959, 23.08, -32.6944, 25.9594, -153.941, 0.987764, -0.776045, 0.978759, -121.016, 0.969028, 119.246
3092, 51.52500, 12.8316, 61.0375, 23.0923, -32.6928, 25.9846, -153.956, 0.98778, -0.776925, 0.978786, -121.016, 0.969051, 119.245
3092, 51.53333, 12.8439, 61.079, 23.1047, -32.6911, 26.0097, -153.971, 0.987796, -0.777806, 0.978813, -121.017, 0.969075, 119.245
3093, 51.54167, 12.8562, 61.1204, 23.1171, -32.6893, 26.0349, -153.985, 0.987813, -0.778688, 0.978841, -121.017, 0.969099, 119.244
3093, 51.55000, 12.8686, 61.1616, 23.1294, -32.6876, 26.0601, -154, 0.987829, -0.779573, 0.978868, -121.017, 0.969122, 119.244
3094, 51.55833, 12.881, 61.2028, 23.1418, -32.6858, 26.0853, -154.014, 0.987846, -0.780458, 0.978896, -121.017, 0.969146, 119.243
3094, 51.56667, 12.8934, 61.2438, 23.1543, -32.6839, 26.1105, -154.029, 0.987862, -0.781345, 0.978923, -121.018, 0.96917, 119.243
3095, 51.57500, 12.9058, 61.2848, 23.1667, -32.682, 26.1357, -154.043, 0.987879, -0.782233, 0.978951, -121.018, 0.969194, 119.242
3095, 51.58333, 12.9183, 61.3256, 23.1792, -32.6801, 26.1609, -154.058, 0.987895, -0.783123, 0.978979, -121.018, 0.969218, 119.242
3096, 51.59167, 12.9308, 61.3663, 23.1916, -32.6782, 26.1861, -154.072, 0.987912, -0.784015, 0.979006, -121.018, 0.969242, 119.241
3096, 51.60000, 12.9433, 61.4069, 23.2041, -32.6762, 26.2113, -154.087, 0.987928, -0.784907, 0.979034, -121.018, 0.969266, 119.24
3097, 51.60833, 12.9559, 61.4473, 23.2166, -32.6742, 26.2365, -154.101, 0.987945, -0.785801, 0.979062, -121.019, 0.96929, 119.24
3097, 51.61667, 12.9685, 61.4877, 23.2292, -32.6721, 26.2617, -154.116, 0.987962, -0.786697, 0.979089, -121.019, 0.969314, 119.239
3098, 51.62500, 12.9811, 61.528, 23.2417, -32.67, 26.2869, -154.13, 0.987978, -0.787594, 0.979117, -121.019, 0.969338, 119.239
3098, 51.63333, 12.9937, 61.5681, 23.2543, -32.6679, 26.3122, -154.145, 0.987995, -0.788492, 0.979145, -121.019, 0.969362, 119.238
3099, 51.64167, 13.0064, 61.6081, 23.2669, -32.6658, 26.3374, -154.159, 0.988011, -0.789392, 0.979173, -121.02, 0.969386, 119.238
3099, 51.65000, 13.019, 61.648, 23.2795, -32.6636, 26.3626, -154.174, 0.988028, -0.790293, 0.979201, -121.02, 0.96941, 119.237
3100, 51.65833, 13.0318, 61.6878, 23.2921, -32.6613, 26.3879, -154.188, 0.988045, -0.791196, 0.979229, -121.02, 0.969434, 119.237
3100, 51.66667, 13.0445, 61.7275, 23.3047, -32.6591, 26.4131, -154.202, 0.988061, -0.7921, 0.979257, -121.02, 0.969458, 119.236
3101, 51.67500, 13.0573, 61.7671, 23.3174, -32.6568, 26.4384, -154.217, 0.988078, -0.793006, 0.979285, -121.021, 0.969482, 119.235
3101, 51.68333, 13.0701, 61.8065, 23.33, -32.6545, 26.4636, -154.231, 0.988094, -0.793912, 0.979313, -121.021, 0.969506, 119.235
3102, 51.69167, 13.0829, 61.8459, 23.3427, -32.6521, 26.4889, -154.245, 0.988111, -0.794821, 0.979341, -121.021, 0.96953, 119.234
3102, 51.70000, 13.0957, 61.8851, 23.3554, -32.6497, 26.5141, -154.26, 0.988128, -0.79573, 0.979369, -121.021, 0.969555, 119.234
3103, 51.70833, 13.1086, 61.9242, 23.3682, -32.6473, 26.5394, -154.274, 0.988144, -0.796642, 0.979397, -121.022, 0.969579, 119.233
3103, 51.71667, 13.1215, 61.9632, 23.3809, -32.6448, 26.5647, -154.288, 0.988161, -0.797554, 0.979426, -121.022, 0.969603, 119.233
3104, 51.72500, 13.1344, 62.0021, 23.3937, -32.6424, 26.59, -154.303, 0.988178, -0.798468, 0.979454, -121.022, 0.969628, 119.232
3104, 51.73333, 13.1473, 62.0409, 23.4065, -32.6398, 26.6153, -154.317, 0.988195, -0.799384, 0.979482, -121.022, 0.969652, 119.231
3105, 51.74167, 13.1603, 62.0795, 23.4193, -32.6373, 26.6406, -154.331, 0.988211, -0.8003, 0.97951, -121.023, 0.969676, 119.231
3105, 51.75000, 13.1733, 62.1181, 23.4321, -32.6347, 26.6659, -154.346, 0.988228, -0.801219, 0.979539, -121.023, 0.969701, 119.23
3106, 51.75833, 13.1863, 62.1565, 23.4449, -32.6321, 26.6912, -154.36, 0.988245, -0.802138, 0.979567, -121.023, 0.969725, 119.23
3106, 51.76667, 13.1994, 62.1949, 23.4578, -32.6294, 26.7165, -154.374, 0.988262, -0.803059, 0.979596, -121.023, 0.96975, 119.229
3107, 51.77500, 13.2124, 62.2331, 23.4707, -32.6268, 26.7418, -154.388, 0.988278, -0.803982, 0.979624, -121.024, 0.969774, 119.229
3107, 51.78333, 13.2255, 62.2712, 23.4836, -32.6241, 26.7671, -154.402, 0.988295, -0.804905, 0.979653, -121.024, 0.969799, 119.228
3108, 51.79167, 13.2387, 62.3092, 23.4965, -32.6213, 26.7924, -154.417, 0.988312, -0.805831, 0.979681, -121.024, 0.969823, 119.228
3108, 51.80000, 13.2518, 62.347, 23.5094, -32.6185, 26.8178, -154.431, 0.988329, -0.806757, 0.97971, -121.024, 0.969848, 119.227
3109, 51.80833, 13.265, 62.3848, 23.5224, -32.6157, 26.8431, -154.445, 0.988345, -0.807685, 0.979738, -121.025, 0.969872, 119.226
3109, 51.81667, 13.2782, 62.4224, 23.5354, -32.6129, 26.8685, -154.459, 0.988362, -0.808615, 0.979767, -121.025, 0.969897, 119.226
3110, 51.82500, 13.2914, 62.46, 23.5483, -32.6101, 26.8938, -154.473, 0.988379, -0.809546, 0.979796, -121.025, 0.969922, 119.225
3110, 51.83333, 13.3046, 62.4974, 23.5614, -32.6072, 26.9192, -154.487, 0.988396, -0.810478, 0.979824, -121.025, 0.969946, 119.225
3111, 51.84167, 13.3179, 62.5347, 23.5744, -32.6042, 26.9445, -154.501, 0.988413, -0.811411, 0.979853, -121.026, 0.969971, 119.224
3111, 51.85000, 13.3312, 62.5719, 23.5874, -32.6013, 26.9699, -154.516, 0.98843, -0.812346, 0.979882, -121.026, 0.969996, 119.223
3112, 51.85833, 13.3445, 62.609, 23.6005, -32.5983, 26.9953, -154.53, 0.988446, -0.813283, 0.979911, -121.026, 0.97002, 119.223
3112, 51.86667, 13.3579, 62.646, 23.6136, -32.5953, 27.0207, -154.544, 0.988463, -0.814221, 0.97994, -121.026, 0.970045, 119.222
3113, 51.87500, 13.3712, 62.6828, 23.6267, -32.5923, 27.046, -154.558, 0.98848, -0.81516, 0.979969, -121.027, 0.97007, 119.222
3113, 51.88333, 13.3846, 62.7196, 23.6398, -32.5892, 27.0714, -154.572, 0.988497, -0.8161, 0.979998, -121.027, 0.970095, 119.221
3114, 51.89167, 13.398, 62.7562, 23.653, -32.5861, 27.0968, -154.586, 0.988514, -0.817042, 0.980027, -121.027, 0.97012, 119.221
3114, 51.90000, 13.4115, 62.7927, 23.6661, -32.583, 27.1222, -154.6, 0.988531, -0.817986, 0.980056, -121.027, 0.970145, 119.22
3115, 51.90833, 13.4249, 62.8291, 23.6793, -32.5798, 27.1477, -154.614, 0.988548, -0.81893, 0.980085, -121.028, 0.970169, 119.219
3115, 51.91667, 13.4384, 62.8654, 23.6925, -32.5766, 27.1731, -154.628, 0.988565, -0.819876, 0.980114, -121.028, 0.970194, 119.219
3116, 51.92500, 13.4519, 62.9016, 23.7057, -32.5734, 27.1985, -154.642, 0.988582, -0.820824, 0.980143, -121.028, 0.970219, 119.218
3116, 51.93333, 13.4654, 62.9377, 23.719, -32.5702, 27.2239, -154.656, 0.988599, -0.821773, 0.980172, -121.029, 0.970244, 119.218
3117, 51.94167, 13.479, 62.9737, 23.7322, -32.5669, 27.2494, -154.67, 0.988616, -0.822723, 0.980201, -121.029, 0.970269, 119.217
3117, 51.95000, 13.4926, 63.0095, 23.7455, -32.5636, 27.2748, -154.684, 0.988633, -0.823674, 0.980231, -121.029, 0.970294, 119.216
3118, 51.95833, 13.5062, 63.0453, 23.7588, -32.5603, 27.3003, -154.698, 0.988649, -0.824627, 0.98026, -121.029, 0.97032, 119.216
3118, 51.96667, 13.5198, 63.0809, 23.7721, -32.5569, 27.3258, -154.712, 0.988666, -0.825582, 0.980289, -121.03, 0.970345, 119.215
3119, 51.97500, 13.5335, 63.1164, 23.7855, -32.5536, 27.3512, -154.725, 0.988683, -0.826538, 0.980319, -121.03, 0.97037, 119.215
3119, 51.98333, 13.5471, 63.1519, 23.7988, -32.5501, 27.3767, -154.739, 0.9887, -0.827495, 0.980348, -121.03, 0.970395, 119.214
3120, 51.99167, 13.5608, 63.1872, 23.8122, -32.5467, 27.4022, -154.753, 0.988717, -0.828453, 0.980378, -121.03, 0.97042, 119.214
3120, 52.00000, 13.5745, 63.2224, 23.8256, -32.5433, 27.4277, -154.767, 0.988734, -0.829413, 0.980407, -121.031, 0.970445, 119.213
3121, 52.00833, 13.5883, 63.2574, 23.839, -32.5398, 27.4532, -154.781, 0.988751, -0.830374, 0.980437, -121.031, 0.970471, 119.212
3121, 52.01667, 13.6021, 63.2924, 23.8525, -32.5363, 27.4787, -154.795, 0.988768, -0.831337, 0.980466, -121.031, 0.970496, 119.212
3122, 52.02500, 13.6158, 63.3273, 23.8659, -32.5327, 27.5042, -154.809, 0.988786, -0.832301, 0.980496, -121.032, 0.970521, 119.211
3122, 52.03333, 13.6296, 63.362, 23.8794, -32.5292, 27.5297, -154.822, 0.988803, -0.833266, 0.980525, -121.032, 0.970546, 119.211
3123, 52.04167, 13.6435, 63.3967, 23.8929, -32.5256, 27.5553, -154.836, 0.98882, -0.834233, 0.980555, -121.032, 0.970572, 119.21
3123, 52.05000, 13.6573, 63.4312, 23.9064, -32.522, 27.5808, -154.85, 0.988837, -0.835201, 0.980585, -121.032, 0.970597, 119.209
3124, 52.05833, 13.6712, 63.4656, 23.92, -32.5183, 27.6063, -154.864, 0.988854, -0.83617, 0.980615, -121.033, 0.970623, 119.209
3124, 52.06667, 13.6851, 63.4999, 23.9335, -32.5146, 27.6319, -154.877, 0.988871, -0.837141, 0.980645, -121.033, 0.970648, 119.208
3125, 52.07500, 13.699, 63.5342, 23.9471, -32.511, 27.6574, -154.891, 0.988888, -0.838113, 0.980674, -121.033, 0.970674, 119.208
3125, 52.08333, 13.713, 63.5682, 23.9607, -32.5072, 27.683, -154.905, 0.988905, -0.839087, 0.980704, -121.034, 0.970699, 119.207
3126, 52.09167, 13.727, 63.6022, 23.9743, -32.5035, 27.7086, -154.919, 0.988922, -0.840062, 0.980734, -121.034, 0.970725, 119.206
3126, 52.10000, 13.7409, 63.6361, 23.9879, -32.4997, 27.7342, -154.932, 0.988939, -0.841038, 0.980764, -121.034, 0.97075, 119.206
3127, 52.10833, 13.7549, 63.6699, 24.0016, -32.4959, 27.7598, -154.946, 0.988956, -0.842015, 0.980794, -121.034, 0.970776, 119.205
3127, 52.11667, 13.769, 63.7036, 24.0153, -32.4921, 27.7854, -154.96, 0.988973, -0.842994, 0.980824, -121.035, 0.970801, 119.204
3128, 52.12500, 13.783, 63.7371, 24.029, -32.4883, 27.811, -154.973, 0.988991, -0.843975, 0.980854, -121.035, 0.970827, 119.204
3128, 52.13333, 13.7971, 63.7705, 24.0427, -32.4844, 27.8366, -154.987, 0.989008, -0.844956, 0.980884, -121.035, 0.970853, 119.203
3129, 52.14167, 13.8112, 63.8039, 24.0564, -32.4805, 27.8622, -155, 0.989025, -0.845939, 0.980915, -121.036, 0.970878, 119.203
3129, 52.15000, 13.8253, 63.8371, 24.0702, -32.4766, 27.8879, -155.014, 0.989042, -0.846923, 0.980945, -121.036, 0.970904, 119.202
3130, 52.15833, 13.8395, 63.8702, 24.084, -32.4727, 27.9135, -155.028, 0.989059, -0.847909, 0.980975, -121.036, 0.97093, 119.201
3130, 52.16667, 13.8536, 63.9033, 24.0978, -32.4687, 27.9391, -155.041, 0.989076, -0.848896, 0.981005, -121.037, 0.970955, 119.201
3131, 52.17500, 13.8678, 63.9362, 24.1116, -32.4647, 27.9648, -155.055, 0.989094, -0.849884, 0.981036, -121.037, 0.970981, 119.2
3131, 52.18333, 13.882, 63.969, 24.1254, -32.4607, 27.9905, -155.068, 0.989111, -0.850874, 0.981066, -121.037, 0.971007, 119.2
3132, 52.19167, 13.8963, 64.0017, 24.1393, -32.4567, 28.0161, -155.082, 0.989128, -0.851865, 0.981097, -121.037, 0.971033, 119.199
3132, 52.20000, 13.9105, 64.0343, 24.1532, -32.4527, 28.0418, -155.095, 0.989145, -0.852857, 0.981127, -121.038, 0.971059, 119.198
3133, 52.20833, 13.9248, 64.0667, 24.1671, -32.4486, 28.0675, -155.109, 0.989162, -0.853851, 0.981157, -121.038, 0.971085, 119.198
3133, 52.21667, 13.9391, 64.0991, 24.181, -32.4445, 28.0932, -155.122, 0.98918, -0.854846, 0.981188, -121.038, 0.971111, 119.197
3134, 52.22500, 13.9534, 64.1314, 24.1949, -32.4404, 28.1189, -155.136, 0.989197, -0.855843, 0.981219, -121.039, 0.971137, 119.196
3134, 52.23333, 13.9677, 64.1635, 24.2089, -32.4362, 28.1447, -155.149, 0.989214, -0.85684, 0.981249, -121.039, 0.971163, 119.196
3135, 52.24167, 13.9821, 64.1956, 24.2229, -32.432, 28.1704, -155.163, 0.989231, -0.857839, 0.98128, -121.039, 0.971189, 119.195
3135, 52.25000, 13.9965, 64.2275, 24.2369, -32.4279, 28.1961, -155.176, 0.989249, -0.85884, 0.98131, -121.04, 0.971215, 119.195
3136, 52.25833, 14.0109, 64.2594, 24.2509, -32.4236, 28.2219, -155.19, 0.989266, -0.859841, 0.981341, -121.04, 0.971241, 119.194
3136, 52.26667, 14.0253, 64.2911, 24.265, -32.4194, 28.2476, -155.203, 0.989283, -0.860844, 0.981372, -121.04, 0.971267, 119.193
3137, 52.27500, 14.0397, 64.3228, 24.279, -32.4152, 28.2734, -155.216, 0.9893, -0.861849, 0.981403, -121.041, 0.971293, 119.193
3137, 52.28333, 14.0542, 64.3543, 24.2931, -32.4109, 28.2992, -155.23, 0.989318, -0.862854, 0.981434, -121.041, 0.971319, 119.192
3138, 52.29167, 14.0687, 64.3857, 24.3072, -32.4066, 28.325, -155.243, 0.989335, -0.863861, 0.981465, -121.041, 0.971345, 119.191
3138, 52.30000, 14.0832, 64.417, 24.3214, -32.4023, 28.3508, -155.256, 0.989352, -0.86487, 0.981496, -121.041, 0.971371, 119.191
3139, 52.30833, 14.0977, 64.4483, 24.3355, -32.3979, 28.3766, -155.27, 0.98937, -0.865879, 0.981527, -121.042, 0.971398, 119.19
3139, 52.31667, 14.1122, 64.4794, 24.3497, -32.3936, 28.4024, -155.283, 0.989387, -0.86689, 0.981558, -121.042, 0.971424, 119.19
3140, 52.32500, 14.1268, 64.5104, 24.3639, -32.3892, 28.4282, -155.296, 0.989404, -0.867902, 0.981589, -121.042, 0.97145, 119.189
3140, 52.33333, 14.1414, 64.5413, 24.3781, -32.3848, 28.454, -155.31, 0.989421, -0.868916, 0.98162, -121.043, 0.971477, 119.188
3141, 52.34167, 14.156, 64.5721, 24.3923, -32.3804, 28.4799, -155.323, 0.989439, -0.869931, 0.981651, -121.043, 0.971503, 119.188
3141, 52.35000, 14.1706, 64.6028, 24.4066, -32.3759, 28.5057, -155.336, 0.989456, -0.870947, 0.981682, -121.043, 0.971529, 119.187
3142, 52.35833, 14.1852, 64.6334, 24.4209, -32.3715, 28.5316, -155.35, 0.989473, -0.871965, 0.981713, -121.044, 0.971556, 119.186
3142, 52.36667, 14.1999, 64.6639, 24.4352, -32.367, 28.5575, -155.363, 0.989491, -0.872984, 0.981745, -121.044, 0.971582, 119.186
3143, 52.37500, 14.2146, 64.6942, 24.4495, -32.3625, 28.5833, -155.376, 0.989508, -0.874004, 0.981776, -121.044, 0.971609, 119.185
3143, 52.38333, 14.2293, 64.7245, 24.4638, -32.358, 28.6092, -155.389, 0.989525, -0.875025, 0.981807, -121.045, 0.971635, 119.184
3144, 52.39167, 14.244, 64.7547, 24.4782, -32.3534, 28.6351, -155.402, 0.989543, -0.876048, 0.981839, -121.045, 0.971662, 119.184
3144, 52.40000, 14.2587, 64.7848, 24.4926, -32.3489, 28.6611, -155.416, 0.98956, -0.877072, 0.98187, -121.045, 0.971688, 119.183
3145, 52.40833, 14.2735, 64.8148, 24.507, -32.3443, 28.687, -155.429, 0.989578, -0.878097, 0.981902, -121.046, 0.971715, 119.183
3145, 52.41667, 14.2883, 64.8446, 24.5214, -32.3397, 28.7129, -155.442, 0.989595, -0.879124, 0.981933, -121.046, 0.971741, 119.182
3146, 52.42500, 14.3031, 64.8744, 24.5359, -32.3351, 28.7389, -155.455, 0.989612, -0.880152, 0.981965, -121.046, 0.971768, 119.181
3146, 52.43333, 14.3179, 64.9041, 24.5503, -32.3304, 28.7648, -155.468, 0.98963, -0.881181, 0.981996, -121.047, 0.971795, 119.181
3147, 52.44167, 14.3328, 64.9337, 24.5648, -32.3258, 28.7908, -155.481, 0.989647, -0.882212, 0.982028, -121.047, 0.971821, 119.18
3147, 52.45000, 14.3476, 64.9631, 24.5793, -32.3211, 28.8167, -155.494, 0.989665, -0.883244, 0.98206, -121.047, 0.971848, 119.179
3148, 52.45833, 14.3625, 64.9925, 24.5939, -32.3164, 28.8427, -155.508, 0.989682, -0.884277, 0.982091, -121.048, 0.971875, 119.179
3148, 52.46667, 14.3774, 65.0218, 24.6084, -32.3117, 28.8687, -155.521, 0.989699, -0.885311, 0.982123, -121.048, 0.971902, 119.178
3149, 52.47500, 14.3923, 65.0509, 24.623, -32.3069, 28.8947, -155.534, 0.989717, -0.886347, 0.982155, -121.048, 0.971928, 119.177
3149, 52.48333, 14.4072, 65.08, 24.6376, -32.3022, 28.9208, -155.547, 0.989734, -0.887384, 0.982187, -121.049, 0.971955, 119.177
3150, 52.49167, 14.4222, 65.109, 24.6522, -32.2974, 28.9468, -155.56, 0.989752, -0.888422, 0.982219, -121.049, 0.971982, 119.176
3150, 52.50000, 14.4372, 65.1378, 24.6669, -32.2926, 28.9728, -155.573, 0.989769, -0.889462, 0.982251, -121.049, 0.972009, 119.175
3151, 52.50833, 14.4522, 65.1666, 24.6815, -32.2878, 28.9989, -155.586, 0.989787, -0.890503, 0.982283, -121.05, 0.972036, 119.175
3151, 52.51667, 14.4672, 65.1953, 24.6962, -32.283, 29.0249, -155.599, 0.989804, -0.891545, 0.982315, -121.05, 0.972063, 119.174
3152, 52.52500, 14.4822, 65.2238, 24.7109, -32.2782, 29.051, -155.612, 0.989821, -0.892588, 0.982347, -121.05, 0.97209, 119.173
3152, 52.53333, 14.4973, 65.2523, 24.7256, -32.2733, 29.0771, -155.625, 0.989839, -0.893633, 0.982379, -121.051, 0.972117, 119.173
3153, 52.54167, 14.5123, 65.2807, 24.7404, -32.2684, 29.1032, -155.638, 0.989856, -0.894679, 0.982411, -121.051, 0.972144, 119.172
3153, 52.55000, 14.5274, 65.3089, 24.7551, -32.2635, 29.1293, -155.651, 0.989874, -0.895726, 0.982443, -121.051, 0.972171, 119.171
3154, 52.55833, 14.5425, 65.3371, 24.7699, -32.2586, 29.1554, -155.663, 0.989891, -0.896775, 0.982476, -121.052, 0.972198, 119.171
3154, 52.56667, 14.5577, 65.3652, 24.7848, -32.2537, 29.1815, -155.676, 0.989909, -0.897825, 0.982508, -121.052, 0.972225, 119.17
3155, 52.57500, 14.5728, 65.3932, 24.7996, -32.2488, 29.2077, -155.689, 0.989926, -0.898876, 0.98254, -121.052, 0.972252, 119.169
3155, 52.58333, 14.588, 65.4211, 24.8144, -32.2438, 29.2338, -155.702, 0.989944, -0.899928, 0.982573, -121.053, 0.972279, 119.169
3156, 52.59167, 14.6032, 65.4488, 24.8293, -32.2388, 29.26, -155.715, 0.989961, -0.900982, 0.982605, -121.053, 0.972307, 119.168
3156, 52.60000, 14.6184, 65.4765, 24.8442, -32.2338, 29.2862, -155.728, 0.989979, -0.902037, 0.982638, -121.053, 0.972334, 119.167
3157, 52.60833, 14.6336, 65.5041, 24.8591, -32.2288, 29.3124, -155.741, 0.989996, -0.903093, 0.98267, -121.054, 0.972361, 119.167
3157, 52.61667, 14.6488, 65.5316, 24.8741, -32.2238, 29.3386, -155.754, 0.990014, -0.90415, 0.982703, -121.054, 0.972388, 119.166
3158, 52.62500, 14.6641, 65.559, 24.8891, -32.2187, 29.3648, -155.766, 0.990031, -0.905209, 0.982735, -121.055, 0.972416, 119.165
3158, 52.63333, 14.6793, 65.5863, 24.9041, -32.2137, 29.391, -155.779, 0.990049, -0.906269, 0.982768, -121.055, 0.972443, 119.165
3159, 52.64167, 14.6946, 65.6135, 24.9191, -32.2086, 29.4172, -155.792, 0.990066, -0.90733, 0.982801, -121.055, 0.97247, 119.164
3159, 52.65000, 14.7099, 65.6406, 24.9341, -32.2035, 29.4435, -155.805, 0.990084, -0.908393, 0.982833, -121.056, 0.972498, 119.163
3160, 52.65833, 14.7253, 65.6676, 24.9491, -32.1984, 29.4697, -155.818, 0.990102, -0.909457, 0.982866, -121.056, 0.972525, 119.163
3160, 52.66667, 14.7406, 65.6945, 24.9642, -32.1933, 29.496, -155.83, 0.990119, -0.910522, 0.982899, -121.056, 0.972553, 119.162
3161, 52.67500, 14.756, 65.7213, 24.9793, -32.1882, 29.5223, -155.843, 0.990137, -0.911588, 0.982932, -121.057, 0.97258, 119.161
3161, 52.68333, 14.7714, 65.7481, 24.9944, -32.183, 29.5486, -155.856, 0.990154, -0.912656, 0.982965, -121.057, 0.972608, 119.161
3162, 52.69167, 14.7868, 65.7747, 25.0096, -32.1778, 29.5749, -155.868, 0.990172, -0.913724, 0.982998, -121.057, 0.972635, 119.16
3162, 52.70000, 14.8022, 65.8012, 25.0248, -32.1727, 29.6012, -155.881, 0.990189, -0.914794, 0.983031, -121.058, 0.972663, 119.159
3163, 52.70833, 14.8176, 65.8277, 25.0399, -32.1675, 29.6275, -155.894, 0.990207, -0.915866, 0.983064, -121.058, 0.97269, 119.159
3163, 52.71667, 14.8331, 65.854, 25.0551, -32.1622, 29.6539, -155.907, 0.990224, -0.916938, 0.983097, -121.058, 0.972718, 119.158
3164, 52.72500, 14.8485, 65.8802, 25.0704, -32.157, 29.6803, -155.919, 0.990242, -0.918012, 0.98313, -121.059, 0.972746, 119.157
3164, 52.73333, 14.864, 65.9064, 25.0856, -32.1518, 29.7066, -155.932, 0.99026, -0.919087, 0.983163, -121.059, 0.972773, 119.157
3165, 52.74167, 14.8795, 65.9325, 25.1009, -32.1465, 29.733, -155.944, 0.990277, -0.920163, 0.983197, -121.06, 0.972801, 119.156
3165, 52.75000, 14.8951, 65.9584, 25.1162, -32.1412, 29.7594, -155.957, 0.990295, -0.921241, 0.98323, -121.06, 0.972829, 119.155
3166, 52.75833, 14.9106, 65.9843, 25.1315, -32.136, 29.7858, -155.97, 0.990312, -0.92232, 0.983263, -121.06, 0.972857, 119.155
3166, 52.76667, 14.9262, 66.0101, 25.1469, -32.1307, 29.8122, -155.982, 0.99033, -0.9234, 0.983297, -121.061, 0.972885, 119.154
3167, 52.77500, 14.9417, 66.0358, 25.1622, -32.1253, 29.8387, -155.995, 0.990348, -0.924481, 0.98333, -121.061, 0.972912, 119.153
3167, 52.78333, 14.9573, 66.0614, 25.1776, -32.12, 29.8651, -156.007, 0.990365, -0.925563, 0.983364, -121.061, 0.97294, 119.153
3168, 52.79167, 14.9729, 66.0869, 25.193, -32.1147, 29.8916, -156.02, 0.990383, -0.926647, 0.983397, -121.062, 0.972968, 119.152
3168, 52.80000, 14.9886, 66.1123, 25.2085, -32.1093, 29.918, -156.033, 0.990401, -0.927732, 0.983431, -121.062, 0.972996, 119.151
3169, 52.80833, 15.0042, 66.1376, 25.2239, -32.104, 29.9445, -156.045, 0.990418, -0.928818, 0.983464, -121.063, 0.973024, 119.15
3169, 52.81667, 15.0199, 66.1629, 25.2394, -32.0986, 29.971, -156.058, 0.990436, -0.929906, 0.983498, -121.063, 0.973052, 119.15
3170, 52.82500, 15.0356, 66.188, 25.2549, -32.0932, 29.9976, -156.07, 0.990453, -0.930994, 0.983532, -121.063, 0.97308, 119.149
3170, 52.83333, 15.0513, 66.213, 25.2704, -32.0878, 30.0241, -156.083, 0.990471, -0.932084, 0.983565, -121.064, 0.973108, 119.148
3171, 52.84167, 15.067, 66.238, 25.286, -32.0823, 30.0506, -156.095, 0.990489, -0.933175, 0.983599, -121.064, 0.973136, 119.148
3171, 52.85000, 15.0827, 66.2629, 25.3015, -32.0769, 30.0772, -156.107, 0.990506, -0.934267, 0.983633, -121.064, 0.973164, 119.147
3172, 52.85833, 15.0984, 66.2876, 25.3171, -32.0715, 30.1037, -156.12, 0.990524, -0.935361, 0.983667, -121.065, 0.973192, 119.146
3172, 52.86667, 15.1142, 66.3123, 25.3327, -32.066, 30.1303, -156.132, 0.990542, -0.936456, 0.983701, -121.065, 0.973221, 119.146
3173, 52.87500, 15.13, 66.3369, 25.3484, -32.0605, 30.1569, -156.145, 0.990559, -0.937551, 0.983735, -121.066, 0.973249, 119.145
3173, 52.88333, 15.1458, 66.3614, 25.364, -32.055, 30.1835, -156.157, 0.990577, -0.938649, 0.983769, -121.066, 0.973277, 119.144
3174, 52.89167, 15.1616, 66.3858, 25.3797, -32.0495, 30.2101, -156.17, 0.990595, -0.939747, 0.983803, -121.066, 0.973305, 119.143
3174, 52.90000, 15.1774, 66.4102, 25.3954, -32.044, 30.2368, -156.182, 0.990612, -0.940847, 0.983837, -121.067, 0.973333, 119.143
3175, 52.90833, 15.1933, 66.4344, 25.4111, -32.0385, 30.2634, -156.194, 0.99063, -0.941947, 0.983871, -121.067, 0.973362, 119.142
3175, 52.91667, 15.2092, 66.4586, 25.4269, -32.033, 30.2901, -156.207, 0.990648, -0.94305, 0.983905, -121.067, 0.97339, 119.141
3176, 52.92500, 15.225, 66.4826, 25.4427, -32.0274, 30.3168, -156.219, 0.990665, -0.944153, 0.98394, -121.068, 0.973418, 119.141
3176, 52.93333, 15.2409, 66.5066, 25.4585, -32.0219, 30.3435, -156.231, 0.990683, -0.945257, 0.983974, -121.068, 0.973447, 119.14
3177, 52.94167, 15.2569, 66.5305, 25.4743, -32.0163, 30.3702, -156.244, 0.990701, -0.946363, 0.984008, -121.069, 0.973475, 119.139
3177, 52.95000, 15.2728, 66.5543, 25.4901, -32.0107, 30.3969, -156.256, 0.990718, -0.94747, 0.984043, -121.069, 0.973504, 119.138
3178, 52.95833, 15.2887, 66.578, 25.506, -32.0051, 30.4236, -156.268, 0.990736, -0.948578, 0.984077, -121.069, 0.973532, 119.138
3178, 52.96667, 15.3047, 66.6016, 25.5219, -31.9995, 30.4504, -156.281, 0.990754, -0.949687, 0.984112, -121.07, 0.973561, 119.137
3179, 52.97500, 15.3207, 66.6251, 25.5378, -31.9939, 30.4771, -156.293, 0.990772, -0.950797, 0.984146, -121.07, 0.973589, 119.136
3179, 52.98333, 15.3367, 66.6486, 25.5537, -31.9882, 30.5039, -156.305, 0.990789, -0.951909, 0.984181, -121.071, 0.973618, 119.136
3180, 52.99167, 15.3527, 66.6719, 25.5697, -31.9826, 30.5307, -156.317, 0.990807, -0.953022, 0.984215, -121.071, 0.973647, 119.135
3180, 53.00000, 15.3687, 66.6952, 25.5856, -31.9769, 30.5575, -156.33, 0.990825, -0.954136, 0.98425, -121.071, 0.973675, 119.134
3181, 53.00833, 15.3848, 66.7184, 25.6016, -31.9713, 30.5843, -156.342, 0.990842, -0.955251, 0.984285, -121.072, 0.973704, 119.133
3181, 53.01667, 15.4008, 66.7415, 25.6177, -31.9656, 30.6112, -156.354, 0.99086, -0.956368, 0.98432, -121.072, 0.973733, 119.133
3182, 53.02500, 15.4169, 66.7645, 25.6337, -31.9599, 30.638, -156.366, 0.990878, -0.957485, 0.984355, -121.073, 0.973761, 119.132
3182, 53.03333, 15.433, 66.7874, 25.6498, -31.9542, 30.6649, -156.378, 0.990896, -0.958604, 0.984389, -121.073, 0.97379, 119.131
3183, 53.04167, 15.4491, 66.8103, 25.6659, -31.9485, 30.6918, -156.391, 0.990913, -0.959724, 0.984424, -121.073, 0.973819, 119.131
3183, 53.05000, 15.4652, 66.833, 25.682, -31.9428, 30.7187, -156.403, 0.990931, -0.960845, 0.984459, -121.074, 0.973848, 119.13
3184, 53.05833, 15.4814, 66.8557, 25.6981, -31.9371, 30.7456, -156.415, 0.990949, -0.961967, 0.984494, -121.074, 0.973876, 119.129
3184, 53.06667, 15.4975, 66.8783, 25.7143, -31.9313, 30.7725, -156.427, 0.990967, -0.963091, 0.984529, -121.075, 0.973905, 119.128
3185, 53.07500, 15.5137, 66.9008, 25.7305, -31.9256, 30.7995, -156.439, 0.990984, -0.964216, 0.984565, -121.075, 0.973934, 119.128
3185, 53.08333, 15.5299, 66.9232, 25.7467, -31.9198, 30.8264, -156.451, 0.991002, -0.965341, 0.9846, -121.075, 0.973963, 119.127
3186, 53.09167, 15.5461, 66.9455, 25.7629, -31.914, 30.8534, -156.463, 0.99102, -0.966469, 0.984635, -121.076, 0.973992, 119.126
3186, 53.10000, 15.5623, 66.9678, 25.7792, -31.9082, 30.8804, -156.475, 0.991038, -0.967597, 0.98467, -121.076, 0.974021, 119.125
3187, 53.10833, 15.5785, 66.99, 25.7955, -31.9025, 30.9074, -156.488, 0.991055, -0.968726, 0.984706, -121.077, 0.97405, 119.125
3187, 53.11667, 15.5948, 67.012, 25.8118, -31.8967, 30.9344, -156.5, 0.991073, -0.969857, 0.984741, -121.077, 0.974079, 119.124
3188, 53.12500, 15.6111, 67.034, 25.8281, -31.8908, 30.9614, -156.512, 0.991091, -0.970988, 0.984776, -121.077, 0.974108, 119.123
3188, 53.13333, 15.6274, 67.056, 25.8444, -31.885, 30.9885, -156.524, 0.991109, -0.972121, 0.984812, -121.078, 0.974137, 119.122
3189, 53.14167, 15.6437, 67.0778, 25.8608, -31.8792, 31.0155, -156.536, 0.991126, -0.973255, 0.984848, -121.078, 0.974167, 119.122
3189, 53.15000, 15.66, 67.0995, 25.8772, -31.8733, 31.0426, -156.548, 0.991144, -0.974391, 0.984883, -121.079, 0.974196, 119.121
3190, 53.15833, 15.6763, 67.1212, 25.8936, -31.8675, 31.0697, -156.56, 0.991162, -0.975527, 0.984919, -121.079, 0.974225, 119.12
3190, 53.16667, 15.6926, 67.1428, 25.9101, -31.8616, 31.0968, -156.572, 0.99118, -0.976665, 0.984954, -121.079, 0.974254, 119.12
3191, 53.17500, 15.709, 67.1643, 25.9265, -31.8558, 31.124, -156.584, 0.991198, -0.977803, 0.98499, -121.08, 0.974284, 119.119
3191, 53.18333, 15.7254, 67.1857, 25.943, -31.8499, 31.1511, -156.596, 0.991215, -0.978943, 0.985026, -121.08, 0.974313, 119.118
3192, 53.19167, 15.7418, 67.2071, 25.9595, -31.844, 31.1783, -156.608, 0.991233, -0.980084, 0.985062, -121.081, 0.974342, 119.117
3192, 53.20000, 15.7582, 67.2283, 25.9761, -31.8381, 31.2054, -156.62, 0.991251, -0.981226, 0.985098, -121.081, 0.974372, 119.117
3193, 53.20833, 15.7746, 67.2495, 25.9926, -31.8322, 31.2326, -156.632, 0.991269, -0.98237, 0.985134, -121.082, 0.974401, 119.116
3193, 53.21667, 15.791, 67.2706, 26.0092, -31.8263, 31.2598, -156.643, 0.991287, -0.983514, 0.98517, -121.082, 0.97443, 119.115
3194, 53.22500, 15.8075, 67.2916, 26.0258, -31.8204, 31.2871, -156.655, 0.991304, -0.98466, 0.985206, -121.082, 0.97446, 119.114
3194, 53.23333, 15.824, 67.3126, 26.0424, -31.8144, 31.3143, -156.667, 0.991322, -0.985806, 0.985242, -121.083, 0.974489, 119.114
3195, 53.24167, 15.8404, 67.3334, 26.0591, -31.8085, 31.3416, -156.679, 0.99134, -0.986954, 0.985278, -121.083, 0.974519, 119.113
3195, 53.25000, 15.8569, 67.3542, 26.0758, -31.8025, 31.3688, -156.691, 0.991358, -0.988103, 0.985314, -121.084, 0.974548, 119.112
3196, 53.25833, 15.8735, 67.3749, 26.0925, -31.7966, 31.3961, -156.703, 0.991376, -0.989254, 0.98535, -121.084, 0.974578, 119.111
3196, 53.26667, 15.89, 67.3955, 26.1092, -31.7906, 31.4234, -156.715, 0.991393, -0.990405, 0.985387, -121.085, 0.974608, 119.111
3197, 53.27500, 15.9065, 67.4161, 26.1259, -31.7846, 31.4508, -156.727, 0.991411, -0.991557, 0.985423, -121.085, 0.974637, 119.11
3197, 53.28333, 15.9231, 67.4365, 26.1427, -31.7787, 31.4781, -156.738, 0.991429, -0.992711, 0.985459, -121.085, 0.974667, 119.109
3198, 53.29167, 15.9397, 67.4569, 26.1595, -31.7727, 31.5055, -156.75, 0.991447, -0.993866, 0.985496, -121.086, 0.974697, 119.108
3198, 53.30000, 15.9563, 67.4772, 26.1763, -31.7667, 31.5328, -156.762, 0.991465, -0.995022, 0.985532, -121.086, 0.974726, 119.107
3199, 53.30833, 15.9729, 67.4974, 26.1932, -31.7607, 31.5602, -156.774, 0.991482, -0.996179, 0.985569, -121.087, 0.974756, 119.107
3199, 53.31667, 15.9895, 67.5176, 26.21, -31.7546, 31.5876, -156.786, 0.9915, -0.997337, 0.985606, -121.087, 0.974786, 119.106
3200, 53.32500, 16.0061, 67.5376, 26.2269, -31.7486, 31.6151, -156.797, 0.991518, -0.998496, 0.985642, -121.088, 0.974816, 119.105
3200, 53.33333, 16.0228, 67.5576, 26.2438, -31.7426, 31.6425, -156.809, 0.991536, -0.999656, 0.985679, -121.088, 0.974846, 119.104
3201, 53.34167, 16.0394, 67.5775, 26.2608, -31.7365, 31.67, -156.821, 0.991554, -1.00082, 0.985716, -121.088, 0.974876, 119.104
3201, 53.35000, 16.0561, 67.5974, 26.2778, -31.7305, 31.6974, -156.833, 0.991571, -1.00198, 0.985753, -121.089, 0.974905, 119.103
3202, 53.35833, 16.0728, 67.6171, 26.2947, -31.7244, 31.7249, -156.844, 0.991589, -1.00314, 0.985789, -121.089, 0.974935, 119.102
3202, 53.36667, 16.0895, 67.6368, 26.3117, -31.7184, 31.7524, -156.856, 0.991607, -1.00431, 0.985826, -121.09, 0.974965, 119.101
3203, 53.37500, 16.1062, 67.6564, 26.3288, -31.7123, 31.78, -156.868, 0.991625, -1.00547, 0.985863, -121.09, 0.974995, 119.101
3203, 53.38333, 16.123, 67.6759, 26.3458, -31.7062, 31.8075, -156.88, 0.991643, -1.00664, 0.9859, -121.091, 0.975026, 119.1
3204, 53.39167, 16.1397, 67.6954, 26.3629, -31.7002, 31.8351, -156.891, 0.991661, -1.00781, 0.985937, -121.091, 0.975056, 119.099
3204, 53.40000, 16.1565, 67.7148, 26.38, -31.6941, 31.8627, -156.903, 0.991679, -1.00898, 0.985975, -121.091, 0.975086, 119.098
3205, 53.40833, 16.1733, 67.7341, 26.3972, -31.688, 31.8903, -156.915, 0.991696, -1.01015, 0.986012, -121.092, 0.975116, 119.097
3205, 53.41667, 16.1901, 67.7533, 26.4143, -31.6819, 31.9179, -156.926, 0.991714, -1.01132, 0.986049, -121.092, 0.975146, 119.097
3206, 53.42500, 16.2069, 67.7724, 26.4315, -31.6758, 31.9455, -156.938, 0.991732, -1.01249, 0.986086, -121.093, 0.975176, 119.096
3206, 53.43333, 16.2237, 67.7915, 26.4487, -31.6696, 31.9732, -156.95, 0.99175, -1.01367, 0.986124, -121.093, 0.975206, 119.095
3207, 53.44167, 16.2405, 67.8105, 26.4659, -31.6635, 32.0008, -156.961, 0.991768, -1.01484, 0.986161, -121.094, 0.975237, 119.094
3207, 53.45000, 16.2574, 67.8294, 26.4832, -31.6574, 32.0285, -156.973, 0.991786, -1.01602, 0.986199, -121.094, 0.975267, 119.094
3208, 53.45833, 16.2742, 67.8483, 26.5005, -31.6512, 32.0562, -156.984, 0.991803, -1.0172, 0.986236, -121.095, 0.975297, 119.093
3208, 53.46667, 16.2911, 67.8671, 26.5178, -31.6451, 32.084, -156.996, 0.991821, -1.01837, 0.986274, -121.095, 0.975328, 119.092
3209, 53.47500, 16.308, 67.8858, 26.5351, -31.6389, 32.1117, -157.008, 0.991839, -1.01955, 0.986311, -121.095, 0.975358, 119.091
3209, 53.48333, 16.3249, 67.9044, 26.5524, -31.6328, 32.1395, -157.019, 0.991857, -1.02073, 0.986349, -121.096, 0.975389, 119.09
3210, 53.49167, 16.3419, 67.923, 26.5698, -31.6266, 32.1672, -157.031, 0.991875, -1.02191, 0.986387, -121.096, 0.975419, 119.09
3210, 53.50000, 16.3588, 67.9414, 26.5872, -31.6205, 32.195, -157.042, 0.991893, -1.0231, 0.986424, -121.097, 0.97545, 119.089
3211, 53.50833, 16.3757, 67.9598, 26.6046, -31.6143, 32.2228, -157.054, 0.991911, -1.02428, 0.986462, -121.097, 0.97548, 119.088
3211, 53.51667, 16.3927, 67.9782, 26.6221, -31.6081, 32.2507, -157.065, 0.991928, -1.02546, 0.9865, -121.098, 0.975511, 119.087
3212, 53.52500, 16.4097, 67.9964, 26.6395, -31.6019, 32.2785, -157.077, 0.991946, -1.02665, 0.986538, -121.098, 0.975541, 119.086
3212, 53.53333, 16.4267, 68.0146, 26.657, -31.5957, 32.3064, -157.088, 0.991964, -1.02784, 0.986576, -121.099, 0.975572, 119.086
3213, 53.54167, 16.4437, 68.0328, 26.6746, -31.5895, 32.3343, -157.1, 0.991982, -1.02903, 0.986614, -121.099, 0.975603, 119.085
3213, 53.55000, 16.4607, 68.0508, 26.6921, -31.5833, 32.3622, -157.111, 0.992, -1.03021, 0.986652, -121.1, 0.975633, 119.084
3214, 53.55833, 16.4778, 68.0688, 26.7097, -31.5771, 32.3901, -157.123, 0.992018, -1.0314, 0.986691, -121.1, 0.975664, 119.083
3214, 53.56667, 16.4948, 68.0867, 26.7273, -31.5709, 32.4181, -157.134, 0.992036, -1.0326, 0.986729, -121.1, 0.975695, 119.082
3215, 53.57500, 16.5119, 68.1045, 26.7449, -31.5646, 32.446, -157.146, 0.992053, -1.03379, 0.986767, -121.101, 0.975726, 119.082
3215, 53.58333, 16.529, 68.1223, 26.7625, -31.5584, 32.474, -157.157, 0.992071, -1.03498, 0.986805, -121.101, 0.975756, 119.081
3216, 53.59167, 16.5461, 68.1399, 26.7802, -31.5522, 32.502, -157.169, 0.992089, -1.03617, 0.986844, -121.102, 0.975787, 119.08
3216, 53.60000, 16.5632, 68.1576, 26.7979, -31.5459, 32.53, -157.18, 0.992107, -1.03737, 0.986882, -121.102, 0.975818, 119.079
3217, 53.60833, 16.5803, 68.1751, 26.8156, -31.5397, 32.5581, -157.191, 0.992125, -1.03857, 0.986921, -121.103, 0.975849, 119.078
3217, 53.61667, 16.5974, 68.1926, 26.8333, -31.5334, 32.5861, -157.203, 0.992143, -1.03976, 0.986959, -121.103, 0.97588, 119.078
3218, 53.62500, 16.6146, 68.21, 26.8511, -31.5272, 32.6142, -157.214, 0.992161, -1.04096, 0.986998, -121.104, 0.975911, 119.077
3218, 53.63333, 16.6318, 68.2273, 26.8689, -31.5209, 32.6423, -157.226, 0.992179, -1.04216, 0.987037, -121.104, 0.975942, 119.076
3219, 53.64167, 16.6489, 68.2446, 26.8867, -31.5147, 32.6704, -157.237, 0.992196, -1.04336, 0.987075, -121.105, 0.975973, 119.075
3219, 53.65000, 16.6661, 68.2618, 26.9045, -31.5084, 32.6986, -157.248, 0.992214, -1.04456, 0.987114, -121.105, 0.976004, 119.074
3220, 53.65833, 16.6833, 68.2789, 26.9224, -31.5021, 32.7267, -157.26, 0.992232, -1.04577, 0.987153, -121.106, 0.976035, 119.073
3220, 53.66667, 16.7006, 68.296, 26.9403, -31.4958, 32.7549, -157.271, 0.99225, -1.04697, 0.987192, -121.106, 0.976066, 119.073
3221, 53.67500, 16.7178, 68.313, 26.9582, -31.4895, 32.7831, -157.282, 0.992268, -1.04817, 0.987231, -121.107, 0.976098, 119.072
3221, 53.68333, 16.735, 68.3299, 26.9761, -31.4833, 32.8113, -157.294, 0.992286, -1.04938, 0.98727, -121.107, 0.976129, 119.071
3222, 53.69167, 16.7523, 68.3467, 26.9941, -31.477, 32.8396, -157.305, 0.992304, -1.05059, 0.987309, -121.107, 0.97616, 119.07
3222, 53.70000, 16.7696, 68.3635, 27.0121, -31.4707, 32.8678, -157.316, 0.992322, -1.0518, 0.987348, -121.108, 0.976191, 119.069
3223, 53.70833, 16.7869, 68.3802, 27.0301, -31.4644, 32.8961, -157.328, 0.992339, -1.053, 0.987387, -121.108, 0.976223, 119.069
3223, 53.71667, 16.8042, 68.3969, 27.0481, -31.458, 32.9244, -157.339, 0.992357, -1.05421, 0.987427, -121.109, 0.976254, 119.068
3224, 53.72500, 16.8215, 68.4134, 27.0662, -31.4517, 32.9527, -157.35, 0.992375, -1.05543, 0.987466, -121.109, 0.976285, 119.067
3224, 53.73333, 16.8388, 68.4299, 27.0843, -31.4454, 32.981, -157.362, 0.992393, -1.05664, 0.987505, -121.11, 0.976317, 119.066
3225, 53.74167, 16.8562, 68.4464, 27.1024, -31.4391, 33.0094, -157.373, 0.992411, -1.05785, 0.987545, -121.11, 0.976348, 119.065
3225, 53.75000, 16.8735, 68.4628, 27.1205, -31.4328, 33.0378, -157.384, 0.992429, -1.05906, 0.987584, -121.111, 0.97638, 119.064
3226, 53.75833, 16.8909, 68.4791, 27.1387, -31.4264, 33.0662, -157.395, 0.992447, -1.06028, 0.987624, -121.111, 0.976411, 119.064
3226, 53.76667, 16.9083, 68.4953, 27.1569, -31.4201, 33.0946, -157.407, 0.992465, -1.0615, 0.987663, -121.112, 0.976443, 119.063
3227, 53.77500, 16.9257, 68.5115, 27.1751, -31.4138, 33.123, -157.418, 0.992482, -1.06271, 0.987703, -121.112, 0.976474, 119.062
3227, 53.78333, 16.9431, 68.5276, 27.1933, -31.4074, 33.1515, -157.429, 0.9925, -1.06393, 0.987743, -121.113, 0.976506, 119.061
3228, 53.79167, 16.9605, 68.5436, 27.2116, -31.4011, 33.18, -157.44, 0.992518, -1.06515, 0.987783, -121.113, 0.976538, 119.06
3228, 53.80000, 16.9779, 68.5596, 27.2299, -31.3947, 33.2085, -157.451, 0.992536, -1.06637, 0.987822, -121.114, 0.976569, 119.059
3229, 53.80833, 16.9954, 68.5755, 27.2482, -31.3884, 33.237, -157.463, 0.992554, -1.06759, 0.987862, -121.114, 0.976601, 119.059
3229, 53.81667, 17.0129, 68.5914, 27.2665, -31.382, 33.2655, -157.474, 0.992572, -1.06881, 0.987902, -121.115, 0.976633, 119.058
3230, 53.82500, 17.0303, 68.6071, 27.2849, -31.3756, 33.2941, -157.485, 0.99259, -1.07004, 0.987942, -121.115, 0.976665, 119.057
3230, 53.83333, 17.0478, 68.6228, 27.3033, -31.3693, 33.3227, -157.496, 0.992608, -1.07126, 0.987982, -121.116, 0.976696, 119.056
3231, 53.84167, 17.0653, 68.6385, 27.3217, -31.3629, 33.3513, -157.507, 0.992625, -1.07249, 0.988022, -121.116, 0.976728, 119.055
3231, 53.85000, 17.0829, 68.6541, 27.3402, -31.3565, 33.3799, -157.518, 0.992643, -1.07371, 0.988063, -121.117, 0.97676, 119.054
3232, 53.85833, 17.1004, 68.6696, 27.3586, -31.3501, 33.4085, -157.529, 0.992661, -1.07494, 0.988103, -121.117, 0.976792, 119.053
3232, 53.86667, 17.1179, 68.685, 27.3771, -31.3438, 33.4372, -157.541, 0.992679, -1.07617, 0.988143, -121.118, 0.976824, 119.053
3233, 53.87500, 17.1355, 68.7004, 27.3956, -31.3374, 33.4659, -157.552, 0.992697, -1.0774, 0.988184, -121.118, 0.976856, 119.052
3233, 53.88333, 17.1531, 68.7158, 27.4142, -31.331, 33.4946, -157.563, 0.992715, -1.07863, 0.988224, -121.119, 0.976888, 119.051
3234, 53.89167, 17.1707, 68.731, 27.4327, -31.3246, 33.5233, -157.574, 0.992733, -1.07986, 0.988265, -121.119, 0.97692, 119.05
3234, 53.90000, 17.1883, 68.7462, 27.4513, -31.3182, 33.5521, -157.585, 0.992751, -1.08109, 0.988305, -121.12, 0.976952, 119.049
3235, 53.90833, 17.2059, 68.7613, 27.4699, -31.3118, 33.5808, -157.596, 0.992769, -1.08232, 0.988346, -121.12, 0.976984, 119.048
3235, 53.91667, 17.2235, 68.7764, 27.4886, -31.3054, 33.6096, -157.607, 0.992786, -1.08356, 0.988386, -121.121, 0.977017, 119.048
3236, 53.92500, 17.2412, 68.7914, 27.5073, -31.299, 33.6384, -157.618, 0.992804, -1.08479, 0.988427, -121.121, 0.977049, 119.047
3236, 53.93333, 17.2588, 68.8064, 27.5259, -31.2926, 33.6673, -157.629, 0.992822, -1.08603, 0.988468, -121.122, 0.977081, 119.046
3237, 53.94167, 17.2765, 68.8212, 27.5447, -31.2862, 33.6961, -157.64, 0.99284, -1.08726, 0.988509, -121.122, 0.977113, 119.045
3237, 53.95000, 17.2942, 68.8361, 27.5634, -31.2798, 33.725, -157.651, 0.992858, -1.0885, 0.98855, -121.123, 0.977146, 119.044
3238, 53.95833, 17.3118, 68.8508, 27.5822, -31.2733, 33.7539, -157.662, 0.992876, -1.08974, 0.988591, -121.123, 0.977178, 119.043
3238, 53.96667, 17.3296, 68.8655, 27.601, -31.2669, 33.7828, -157.673, 0.992894, -1.09098, 0.988632, -121.124, 0.97721, 119.042
3239, 53.97500, 17.3473, 68.8801, 27.6198, -31.2605, 33.8118, -157.684, 0.992912, -1.09222, 0.988673, -121.124, 0.977243, 119.041
3239, 53.98333, 17.365, 68.8947, 27.6387, -31.2541, 33.8408, -157.695, 0.992929, -1.09346, 0.988714, -121.125, 0.977275, 119.041
3240, 53.99167, 17.3828, 68.9092, 27.6575, -31.2476, 33.8698, -157.706, 0.992947, -1.09471, 0.988755, -121.125, 0.977308, 119.04
3240, 54.00000, 17.4005, 68.9237, 27.6764, -31.2412, 33.8988, -157.717, 0.992965, -1.09595, 0.988797, -121.126, 0.97734, 119.039
3241, 54.00833, 17.4183, 68.938, 27.6954, -31.2348, 33.9278, -157.728, 0.992983, -1.09719, 0.988838, -121.126, 0.977373, 119.038
3241, 54.01667, 17.4361, 68.9524, 27.7143, -31.2283, 33.9569, -157.739, 0.993001, -1.09844, 0.988879, -121.127, 0.977405, 119.037
3242, 54.02500, 17.4539, 68.9666, 27.7333, -31.2219, 33.9859, -157.75, 0.993019, -1.09969, 0.988921, -121.127, 0.977438, 119.036
3242, 54.03333, 17.4717, 68.9808, 27.7523, -31.2155, 34.015, -157.761, 0.993037, -1.10093, 0.988962, -121.128, 0.977471, 119.035
3243, 54.04167, 17.4895, 68.995, 27.7713, -31.209, 34.0442, -157.772, 0.993054, -1.10218, 0.989004, -121.128, 0.977503, 119.034
3243, 54.05000, 17.5074, 69.009, 27.7904, -31.2026, 34.0733, -157.783, 0.993072, -1.10343, 0.989046, -121.129, 0.977536, 119.034
3244, 54.05833, 17.5252, 69.0231, 27.8094, -31.1961, 34.1025, -157.794, 0.99309, -1.10468, 0.989087, -121.129, 0.977569, 119.033
3244, 54.06667, 17.5431, 69.037, 27.8286, -31.1897, 34.1317, -157.805, 0.993108, -1.10593, 0.989129, -121.13, 0.977601, 119.032
3245, 54.07500, 17.5609, 69.0509, 27.8477, -31.1832, 34.1609, -157.816, 0.993126, -1.10718, 0.989171, -121.13, 0.977634, 119.031
3245, 54.08333, 17.5788, 69.0648, 27.8668, -31.1768, 34.1901, -157.827, 0.993144, -1.10844, 0.989213, -121.131, 0.977667, 119.03
3246, 54.09167, 17.5967, 69.0785, 27.886, -31.1703, 34.2194, -157.838, 0.993162, -1.10969, 0.989255, -121.131, 0.9777, 119.029
3246, 54.10000, 17.6147, 69.0923, 27.9052, -31.1638, 34.2487, -157.849, 0.993179, -1.11095, 0.989297, -121.132, 0.977733, 119.028
3247, 54.10833, 17.6326, 69.1059, 27.9245, -31.1574, 34.278, -157.86, 0.993197, -1.1122, 0.989339, -121.132, 0.977766, 119.027
3247, 54.11667, 17.6505, 69.1195, 27.9437, -31.1509, 34.3073, -157.87, 0.993215, -1.11346, 0.989381, -121.133, 0.977799, 119.027
3248, 54.12500, 17.6685, 69.1331, 27.963, -31.1444, 34.3366, -157.881, 0.993233, -1.11472, 0.989424, -121.133, 0.977832, 119.026
3248, 54.13333, 17.6865, 69.1465, 27.9823, -31.138, 34.366, -157.892, 0.993251, -1.11598, 0.989466, -121.134, 0.977865, 119.025
3249, 54.14167, 17.7044, 69.16, 28.0017, -31.1315, 34.3954, -157.903, 0.993269, -1.11723, 0.989508, -121.135, 0.977898, 119.024
3249, 54.15000, 17.7224, 69.1733, 28.0211, -31.125, 34.4248, -157.914, 0.993287, -1.1185, 0.989551, -121.135, 0.977931, 119.023
3250, 54.15833, 17.7404, 69.1866, 28.0404, -31.1186, 34.4543, -157.925, 0.993304, -1.11976, 0.989593, -121.136, 0.977965, 119.022
3250, 54.16667, 17.7585, 69.1999, 28.0599, -31.1121, 34.4837, -157.935, 0.993322, -1.12102, 0.989636, -121.136, 0.977998, 119.021
3251, 54.17500, 17.7765, 69.2131, 28.0793, -31.1056, 34.5132, -157.946, 0.99334, -1.12228, 0.989679, -121.137, 0.978031, 119.02
3251, 54.18333, 17.7945, 69.2262, 28.0988, -31.0991, 34.5428, -157.957, 0.993358, -1.12355, 0.989721, -121.137, 0.978064, 119.019
3252, 54.19167, 17.8126, 69.2393, 28.1183, -31.0927, 34.5723, -157.968, 0.993376, -1.12481, 0.989764, -121.138, 0.978098, 119.018
3252, 54.20000, 17.8307, 69.2523, 28.1378, -31.0862, 34.6019, -157.979, 0.993394, -1.12608, 0.989807, -121.138, 0.978131, 119.018
3253, 54.20833, 17.8488, 69.2653, 28.1574, -31.0797, 34.6314, -157.99, 0.993411, -1.12734, 0.98985, -121.139, 0.978164, 119.017
3253, 54.21667, 17.8669, 69.2782, 28.1769, -31.0732, 34.6611, -158, 0.993429, -1.12861, 0.989893, -121.139, 0.978198, 119.016
3254, 54.22500, 17.885, 69.291, 28.1966, -31.0667, 34.6907, -158.011, 0.993447, -1.12988, 0.989936, -121.14, 0.978231, 119.015
3254, 54.23333, 17.9031, 69.3038, 28.2162, -31.0602, 34.7203, -158.022, 0.993465, -1.13115, 0.989979, -121.14, 0.978265, 119.014
3255, 54.24167, 17.9212, 69.3166, 28.2358, -31.0537, 34.75, -158.033, 0.993483, -1.13242, 0.990022, -121.141, 0.978298, 119.013
3255, 54.25000, 17.9394, 69.3292, 28.2555, -31.0473, 34.7797, -158.043, 0.993501, -1.13369, 0.990065, -121.142, 0.978332, 119.012
3256, 54.25833, 17.9576, 69.3419, 28.2752, -31.0408, 34.8095, -158.054, 0.993518, -1.13496, 0.990109, -121.142, 0.978366, 119.011
3256, 54.26667, 17.9757, 69.3544, 28.295, -31.0343, 34.8392, -158.065, 0.993536, -1.13623, 0.990152, -121.143, 0.978399, 119.01
3257, 54.27500, 17.9939, 69.3669, 28.3147, -31.0278, 34.869, -158.076, 0.993554, -1.13751, 0.990195, -121.143, 0.978433, 119.009
3257, 54.28333, 18.0121, 69.3794, 28.3345, -31.0213, 34.8988, -158.086, 0.993572, -1.13878, 0.990239, -121.144, 0.978467, 119.008
3258, 54.29167, 18.0303, 69.3918, 28.3544, -31.0148, 34.9286, -158.097, 0.99359, -1.14006, 0.990282, -121.144, 0.9785, 119.007
3258, 54.30000, 18.0486, 69.4041, 28.3742, -31.0083, 34.9585, -158.108, 0.993608, -1.14133, 0.990326, -121.145, 0.978534, 119.007
3259, 54.30833, 18.0668, 69.4164, 28.3941, -31.0018, 34.9884, -158.118, 0.993625, -1.14261, 0.99037, -121.145, 0.978568, 119.006
3259, 54.31667, 18.0851, 69.4286, 28.414, -30.9953, 35.0183, -158.129, 0.993643, -1.14389, 0.990414, -121.146, 0.978602, 119.005
3260, 54.32500, 18.1033, 69.4408, 28.4339, -30.9888, 35.0482, -158.14, 0.993661, -1.14517, 0.990457, -121.146, 0.978636, 119.004
3260, 54.33333, 18.1216, 69.4529, 28.4538, -30.9823, 35.0781, -158.151, 0.993679, -1.14645, 0.990501, -121.147, 0.97867, 119.003
3261, 54.34167, 18.1399, 69.465, 28.4738, -30.9758, 35.1081, -158.161, 0.993697, -1.14773, 0.990545, -121.148, 0.978704, 119.002
3261, 54.35000, 18.1582, 69.477, 28.4938, -30.9693, 35.1381, -158.172, 0.993714, -1.14901, 0.990589, -121.148, 0.978738, 119.001
3262, 54.35833, 18.1765, 69.489, 28.5139, -30.9628, 35.1681, -158.183, 0.993732, -1.15029, 0.990633, -121.149, 0.978772, 119
3262, 54.36667, 18.1949, 69.5009, 28.5339, -30.9563, 35.1982, -158.193, 0.99375, -1.15157, 0.990678, -121.149, 0.978806, 118.999
3263, 54.37500, 18.2132, 69.5127, 28.554, -30.9498, 35.2283, -158.204, 0.993768, -1.15286, 0.990722, -121.15, 0.97884, 118.998
3263, 54.38333, 18.2316, 69.5246, 28.5741, -30.9433, 35.2584, -158.215, 0.993786, -1.15414, 0.990766, -121.15, 0.978874, 118.997
3264, 54.39167, 18.2499, 69.5363, 28.5943, -30.9368, 35.2885, -158.225, 0.993803, -1.15543, 0.990811, -121.151, 0.978909, 118.996
3264, 54.40000, 18.2683, 69.548, 28.6144, -30.9302, 35.3186, -158.236, 0.993821, -1.15671, 0.990855, -121.151, 0.978943, 118.995
3265, 54.40833, 18.2867, 69.5596, 28.6346, -30.9237, 35.3488, -158.246, 0.993839, -1.158, 0.9909, -121.152, 0.978977, 118.994
3265, 54.41667, 18.3051, 69.5712, 28.6548, -30.9172, 35.379, -158.257, 0.993857, -1.15929, 0.990944, -121.153, 0.979011, 118.994
3266, 54.42500, 18.3235, 69.5827, 28.6751, -30.9107, 35.4092, -158.268, 0.993875, -1.16058, 0.990989, -121.153, 0.979046, 118.993
3266, 54.43333, 18.342, 69.5942, 28.6954, -30.9042, 35.4395, -158.278, 0.993892, -1.16187, 0.991034, -121.154, 0.97908, 118.992
3267, 54.44167, 18.3604, 69.6056, 28.7157, -30.8977, 35.4698, -158.289, 0.99391, -1.16316, 0.991078, -121.154, 0.979115, 118.991
3267, 54.45000, 18.3789, 69.617, 28.736, -30.8912, 35.5001, -158.3, 0.993928, -1.16445, 0.991123, -121.155, 0.979149, 118.99
3268, 54.45833, 18.3973, 69.6283, 28.7564, -30.8847, 35.5304, -158.31, 0.993946, -1.16574, 0.991168, -121.155, 0.979184, 118.989
3268, 54.46667, 18.4158, 69.6396, 28.7768, -30.8782, 35.5608, -158.321, 0.993964, -1.16703, 0.991213, -121.156, 0.979218, 118.988
3269, 54.47500, 18.4343, 69.6508, 28.7972, -30.8717, 35.5911, -158.331, 0.993981, -1.16832, 0.991258, -121.157, 0.979253, 118.987
3269, 54.48333, 18.4528, 69.662, 28.8176, -30.8651, 35.6215, -158.342, 0.993999, -1.16962, 0.991304, -121.157, 0.979288, 118.986
3270, 54.49167, 18.4713, 69.6731, 28.8381, -30.8586, 35.652, -158.352, 0.994017, -1.17091, 0.991349, -121.158, 0.979322, 118.985
3270, 54.50000, 18.4899, 69.6842, 28.8586, -30.8521, 35.6824, -158.363, 0.994035, -1.17221, 0.991394, -121.158, 0.979357, 118.984
3271, 54.50833, 18.5084, 69.6952, 28.8791, -30.8456, 35.7129, -158.374, 0.994052, -1.17351, 0.991439, -121.159, 0.979392, 118.983
3271, 54.51667, 18.527, 69.7061, 28.8996, -30.8391, 35.7434, -158.384, 0.99407, -1.1748, 0.991485, -121.159, 0.979426, 118.982
3272, 54.52500, 18.5456, 69.717, 28.9202, -30.8326, 35.774, -158.395, 0.994088, -1.1761, 0.99153, -121.16, 0.979461, 118.981
3272, 54.53333, 18.5641, 69.7279, 28.9408, -30.8261, 35.8045, -158.405, 0.994106, -1.1774, 0.991576, -121.161, 0.979496, 118.98
3273, 54.54167, 18.5827, 69.7387, 28.9615, -30.8196, 35.8351, -158.416, 0.994123, -1.1787, 0.991622, -121.161, 0.979531, 118.979
3273, 54.55000, 18.6014, 69.7495, 28.9821, -30.813, 35.8657, -158.426, 0.994141, -1.18, 0.991667, -121.162, 0.979566, 118.978
3274, 54.55833, 18.62, 69.7602, 29.0028, -30.8065, 35.8964, -158.437, 0.994159, -1.1813, 0.991713, -121.162, 0.979601, 118.977
3274, 54.56667, 18.6386, 69.7708, 29.0235, -30.8, 35.9271, -158.447, 0.994177, -1.1826, 0.991759, -121.163, 0.979636, 118.976
3275, 54.57500, 18.6573, 69.7814, 29.0443, -30.7935, 35.9578, -158.458, 0.994194, -1.18391, 0.991805, -121.164, 0.979671, 118.975
3275, 54.58333, 18.6759, 69.792, 29.065, -30.787, 35.9885, -158.468, 0.994212, -1.18521, 0.991851, -121.164, 0.979706, 118.974
3276, 54.59167, 18.6946, 69.8025, 29.0858, -30.7805, 36.0192, -158.479, 0.99423, -1.18651, 0.991897, -121.165, 0.979741, 118.973
3276, 54.60000, 18.7133, 69.8129, 29.1067, -30.774, 36.05, -158.489, 0.994247, -1.18782, 0.991943, -121.165, 0.979776, 118.972
3277, 54.60833, 18.732, 69.8233, 29.1275, -30.7675, 36.0808, -158.5, 0.994265, -1.18912, 0.99199, -121.166, 0.979812, 118.971
3277, 54.61667, 18.7507, 69.8337, 29.1484, -30.7609, 36.1116, -158.51, 0.994283, -1.19043, 0.992036, -121.166, 0.979847, 118.97
3278, 54.62500, 18.7694, 69.844, 29.1693, -30.7544, 36.1425, -158.521, 0.994301, -1.19174, 0.992082, -121.167, 0.979882, 118.969
3278, 54.63333, 18.7882, 69.8542, 29.1903, -30.7479, 36.1734, -158.531, 0.994318, -1.19305, 0.992129, -121.168, 0.979918, 118.968
3279, 54.64167, 18.8069, 69.8644, 29.2112, -30.7414, 36.2043, -158.542, 0.994336, -1.19435, 0.992175, -121.168, 0.979953, 118.968
3279, 54.65000, 18.8257, 69.8746, 29.2322, -30.7349, 36.2352, -158.552, 0.994354, -1.19566, 0.992222, -121.169, 0.979988, 118.967
3280, 54.65833, 18.8445, 69.8847, 29.2533, -30.7284, 36.2662, -158.563, 0.994372, -1.19697, 0.992269, -121.169, 0.980024, 118.966
3280, 54.66667, 18.8632, 69.8948, 29.2743, -30.7219, 36.2972, -158.573, 0.994389, -1.19828, 0.992315, -121.17, 0.980059, 118.965
3281, 54.67500, 18.882, 69.9048, 29.2954, -30.7154, 36.3282, -158.583, 0.994407, -1.1996, 0.992362, -121.171, 0.980095, 118.964
3281, 54.68333, 18.9009, 69.9147, 29.3165, -30.7089, 36.3593, -158.594, 0.994425, -1.20091, 0.992409, -121.171, 0.98013, 118.963
3282, 54.69167, 18.9197, 69.9247, 29.3376, -30.7023, 36.3904, -158.604, 0.994442, -1.20222, 0.992456, -121.172, 0.980166, 118.962
3282, 54.70000, 18.9385, 69.9345, 29.3588, -30.6958, 36.4215, -158.615, 0.99446, -1.20353, 0.992503, -121.172, 0.980202, 118.961
3283, 54.70833, 18.9574, 69.9443, 29.38, -30.6893, 36.4526, -158.625, 0.994478, -1.20485, 0.99255, -121.173, 0.980237, 118.96
3283, 54.71667, 18.9763, 69.9541, 29.4012, -30.6828, 36.4838, -158.636, 0.994495, -1.20616, 0.992598, -121.174, 0.980273, 118.959
3284, 54.72500, 18.9951, 69.9638, 29.4225, -30.6763, 36.5149, -158.646, 0.994513, -1.20748, 0.992645, -121.174, 0.980309, 118.958
3284, 54.73333, 19.014, 69.9735, 29.4437, -30.6698, 36.5462, -158.656, 0.994531, -1.20879, 0.992692, -121.175, 0.980345, 118.957
3285, 54.74167, 19.0329, 69.9831, 29.465, -30.6633, 36.5774, -158.667, 0.994548, -1.21011, 0.99274, -121.175, 0.980381, 118.956
3285, 54.75000, 19.0518, 69.9927, 29.4864, -30.6568, 36.6087, -158.677, 0.994566, -1.21143, 0.992787, -121.176, 0.980416, 118.955
3286, 54.75833, 19.0708, 70.0022, 29.5077, -30.6503, 36.64, -158.688, 0.994584, -1.21275, 0.992835, -121.177, 0.980452, 118.954
3286, 54.76667, 19.0897, 70.0117, 29.5291, -30.6438, 36.6713, -158.698, 0.994601, -1.21407, 0.992882, -121.177, 0.980488, 118.953
3287, 54.77500, 19.1087, 70.0212, 29.5506, -30.6373, 36.7027, -158.708, 0.994619, -1.21539, 0.99293, -121.178, 0.980524, 118.952
3287, 54.78333, 19.1276, 70.0305, 29.572, -30.6308, 36.7341, -158.719, 0.994637, -1.21671, 0.992978, -121.179, 0.98056, 118.951
3288, 54.79167, 19.1466, 70.0399, 29.5935, -30.6243, 36.7655, -158.729, 0.994654, -1.21803, 0.993026, -121.179, 0.980597, 118.95
3288, 54.80000, 19.1656, 70.0492, 29.615, -30.6178, 36.7969, -158.74, 0.994672, -1.21935, 0.993074, -121.18, 0.980633, 118.949
3289, 54.80833, 19.1846, 70.0584, 29.6365, -30.6113, 36.8284, -158.75, 0.99469, -1.22067, 0.993122, -121.18, 0.980669, 118.948
3289, 54.81667, 19.2036, 70.0676, 29.6581, -30.6048, 36.8599, -158.76, 0.994707, -1.22199, 0.99317, -121.181, 0.980705, 118.947
3290, 54.82500, 19.2227, 70.0768, 29.6797, -30.5983, 36.8914, -158.771, 0.994725, -1.22332, 0.993218, -121.182, 0.980741, 118.946
3290, 54.83333, 19.2417, 70.0859, 29.7013, -30.5918, 36.923, -158.781, 0.994743, -1.22464, 0.993267, -121.182, 0.980778, 118.944
3291, 54.84167, 19.2608, 70.095, 29.723, -30.5853, 36.9546, -158.791, 0.99476, -1.22597, 0.993315, -121.183, 0.980814, 118.943
3291, 54.85000, 19.2798, 70.104, 29.7446, -30.5788, 36.9862, -158.802, 0.994778, -1.22729, 0.993363, -121.183, 0.98085, 118.942
3292, 54.85833, 19.2989, 70.113, 29.7663, -30.5723, 37.0178, -158.812, 0.994795, -1.22862, 0.993412, -121.184, 0.980887, 118.941
3292, 54.86667, 19.318, 70.1219, 29.7881, -30.5658, 37.0495, -158.822, 0.994813, -1.22995, 0.993461, -121.185, 0.980923, 118.94
3293, 54.87500, 19.3371, 70.1308, 29.8098, -30.5593, 37.0812, -158.833, 0.994831, -1.23127, 0.993509, -121.185, 0.98096, 118.939
3293, 54.88333, 19.3562, 70.1396, 29.8316, -30.5528, 37.113, -158.843, 0.994848, -1.2326, 0.993558, -121.186, 0.980996, 118.938
3294, 54.89167, 19.3754, 70.1484, 29.8535, -30.5464, 37.1447, -158.853, 0.994866, -1.23393, 0.993607, -121.187, 0.981033, 118.937
3294, 54.90000, 19.3945, 70.1572, 29.8753, -30.5399, 37.1765, -158.864, 0.994883, -1.23526, 0.993656, -121.187, 0.98107, 118.936
3295, 54.90833, 19.4137, 70.1659, 29.8972, -30.5334, 37.2083, -158.874, 0.994901, -1.23659, 0.993705, -121.188, 0.981106, 118.935
3295, 54.91667, 19.4328, 70.1745, 29.9191, -30.5269, 37.2402, -158.884, 0.994919, -1.23792, 0.993754, -121.189, 0.981143, 118.934
3296, 54.92500, 19.452, 70.1832, 29.941, -30.5204, 37.2721, -158.895, 0.994936, -1.23925, 0.993803, -121.189, 0.98118, 118.933
3296, 54.93333, 19.4712, 70.1917, 29.963, -30.5139, 37.304, -158.905, 0.994954, -1.24058, 0.993852, -121.19, 0.981217, 118.932
3297, 54.94167, 19.4904, 70.2002, 29.985, -30.5074, 37.3359, -158.915, 0.994971, -1.24191, 0.993902, -121.19, 0.981254, 118.931
3297, 54.95000, 19.5097, 70.2087, 30.007, -30.501, 37.3679, -158.925, 0.994989, -1.24325, 0.993951, -121.191, 0.98129, 118.93
3298, 54.95833, 19.5289, 70.2172, 30.0291, -30.4945, 37.3999, -158.936, 0.995007, -1.24458, 0.994, -121.192, 0.981327, 118.929
3298, 54.96667, 19.5481, 70.2256, 30.0512, -30.488, 37.4319, -158.946, 0.995024, -1.24591, 0.99405, -121.192, 0.981364, 118.928
3299, 54.97500, 19.5674, 70.2339, 30.0733, -30.4815, 37.464, -158.956, 0.995042, -1.24725, 0.9941, -121.193, 0.981401, 118.927
3299, 54.98333, 19.5867, 70.2422, 30.0955, -30.4751, 37.4961, -158.967, 0.995059, -1.24858, 0.994149, -121.194, 0.981438, 118.926
3300, 54.99167, 19.606, 70.2505, 30.1176, -30.4686, 37.5282, -158.977, 0.995077, -1.24992, 0.994199, -121.194, 0.981475, 118.925
3300, 55.00000, 19.6253, 70.2587, 30.1398, -30.4621, 37.5603, -158.987, 0.995094, -1.25125, 0.994249, -121.195, 0.981513, 118.924
3301, 55.00833, 19.6446, 70.2669, 30.1621, -30.4556, 37.5925, -158.997, 0.995112, -1.25259, 0.994299, -121.196, 0.98155, 118.923
3301, 55.01667, 19.6639, 70.275, 30.1843, -30.4492, 37.6247, -159.008, 0.995129, -1.25393, 0.994349, -121.196, 0.981587, 118.922
3302, 55.02500, 19.6832, 70.2831, 30.2066, -30.4427, 37.657, -159.018, 0.995147, -1.25527, 0.994399, -121.197, 0.981624, 118.921
3302, 55.03333, 19.7026, 70.2911, 30.229, -30.4362, 37.6893, -159.028, 0.995165, -1.2566, 0.994449, -121.198, 0.981662, 118.92
3303, 55.04167, 19.722, 70.2991, 30.2513, -30.4298, 37.7216, -159.038, 0.995182, -1.25794, 0.9945, -121.198, 0.981699, 118.919
3303, 55.05000, 19.7413, 70.3071, 30.2737, -30.4233, 37.7539, -159.049, 0.9952, -1.25928, 0.99455, -121.199, 0.981736, 118.917
3304, 55.05833, 19.7607, 70.315, 30.2961, -30.4169, 37.7863, -159.059, 0.995217, -1.26062, 0.994601, -121.2, 0.981774, 118.916
3304, 55.06667, 19.7801, 70.3229, 30.3186, -30.4104, 37.8187, -159.069, 0.995235, -1.26196, 0.994651, -121.2, 0.981811, 118.915
3305, 55.07500, 19.7995, 70.3307, 30.341, -30.4039, 37.8511, -159.079, 0.995252, -1.2633, 0.994702, -121.201, 0.981849, 118.914
3305, 55.08333, 19.819, 70.3385, 30.3635, -30.3975, 37.8835, -159.09, 0.99527, -1.26464, 0.994752, -121.201, 0.981887, 118.913
3306, 55.09167, 19.8384, 70.3462, 30.3861, -30.391, 37.916, -159.1, 0.995287, -1.26599, 0.994803, -121.202, 0.981924, 118.912
3306, 55.10000, 19.8579, 70.3539, 30.4086, -30.3846, 37.9486, -159.11, 0.995305, -1.26733, 0.994854, -121.203, 0.981962, 118.911
3307, 55.10833, 19.8773, 70.3616, 30.4312, -30.3781, 37.9811, -159.12, 0.995322, -1.26867, 0.994905, -121.203, 0.982, 118.91
3307, 55.11667, 19.8968, 70.3692, 30.4538, -30.3717, 38.0137, -159.131, 0.99534, -1.27002, 0.994956, -121.204, 0.982037, 118.909
3308, 55.12500, 19.9163, 70.3768, 30.4765, -30.3652, 38.0463, -159.141, 0.995357, -1.27136, 0.995007, -121.205, 0.982075, 118.908
3308, 55.13333, 19.9358, 70.3843, 30.4992, -30.3588, 38.079, -159.151, 0.995375, -1.2727, 0.995059, -121.205, 0.982113, 118.907
3309, 55.14167, 19.9553, 70.3918, 30.5219, -30.3523, 38.1116, -159.161, 0.995392, -1.27405, 0.99511, -121.206, 0.982151, 118.906
3309, 55.15000, 19.9749, 70.3993, 30.5446, -30.3459, 38.1443, -159.171, 0.99541, -1.27539, 0.995161, -121.207, 0.982189, 118.905
3310, 55.15833, 19.9944, 70.4067, 30.5674, -30.3395, 38.1771, -159.182, 0.995427, -1.27674, 0.995213, -121.207, 0.982227, 118.904
3310, 55.16667, 20.014, 70.4141, 30.5902, -30.333, 38.2099, -159.192, 0.995444, -1.27809, 0.995264, -121.208, 0.982265, 118.902
3311, 55.17500, 20.0335, 70.4214, 30.6131, -30.3266, 38.2427, -159.202, 0.995462, -1.27943, 0.995316, -121.209, 0.982303, 118.901
3311, 55.18333, 20.0531, 70.4287, 30.6359, -30.3201, 38.2755, -159.212, 0.995479, -1.28078, 0.995368, -121.21, 0.982341, 118.9
3312, 55.19167, 20.0727, 70.4359, 30.6588, -30.3137, 38.3084, -159.223, 0.995497, -1.28213, 0.995419, -121.21, 0.982379, 118.899
3312, 55.20000, 20.0923, 70.4431, 30.6817, -30.3073, 38.3413, -159.233, 0.995514, -1.28348, 0.995471, -121.211, 0.982417, 118.898
3313, 55.20833, 20.1119, 70.4503, 30.7047, -30.3008, 38.3742, -159.243, 0.995532, -1.28483, 0.995523, -121.212, 0.982456, 118.897
3313, 55.21667, 20.1316, 70.4574, 30.7277, -30.2944, 38.4072, -159.253, 0.995549, -1.28617, 0.995575, -121.212, 0.982494, 118.896
3314, 55.22500, 20.1512, 70.4645, 30.7507, -30.288, 38.4402, -159.263, 0.995567, -1.28752, 0.995628, -121.213, 0.982532, 118.895
3314, 55.23333, 20.1709, 70.4716, 30.7738, -30.2816, 38.4732, -159.273, 0.995584, -1.28887, 0.99568, -121.214, 0.982571, 118.894
3315, 55.24167, 20.1906, 70.4786, 30.7968, -30.2752, 38.5063, -159.284, 0.995601, -1.29022, 0.995732, -121.214, 0.982609, 118.893
3315, 55.25000, 20.2102, 70.4855, 30.82, -30.2687, 38.5394, -159.294, 0.995619, -1.29158, 0.995785, -121.215, 0.982648, 118.892
3316, 55.25833, 20.2299, 70.4925, 30.8431, -30.2623, 38.5725, -159.304, 0.995636, -1.29293, 0.995837, -121.216, 0.982686, 118.89
3316, 55.26667, 20.2497, 70.4993, 30.8663, -30.2559, 38.6056, -159.314, 0.995654, -1.29428, 0.99589, -121.216, 0.982725, 118.889
3317, 55.27500, 20.2694, 70.5062, 30.8895, -30.2495, 38.6388, -159.324, 0.995671, -1.29563, 0.995942, -121.217, 0.982763, 118.888
3317, 55.28333, 20.2891, 70.513, 30.9127, -30.2431, 38.6721, -159.335, 0.995688, -1.29698, 0.995995, -121.218, 0.982802, 118.887
3318, 55.29167, 20.3089, 70.5198, 30.936, -30.2367, 38.7053, -159.345, 0.995706, -1.29834, 0.996048, -121.218, 0.982841, 118.886
3318, 55.30000, 20.3286, 70.5265, 30.9593, -30.2303, 38.7386, -159.355, 0.995723, -1.29969, 0.996101, -121.219, 0.982879, 118.885
3319, 55.30833, 20.3484, 70.5332, 30.9826, -30.2239, 38.7719, -159.365, 0.995741, -1.30104, 0.996154, -121.22, 0.982918, 118.884
3319, 55.31667, 20.3682, 70.5398, 31.006, -30.2175, 38.8053, -159.375, 0.995758, -1.3024, 0.996207, -121.221, 0.982957, 118.883
3320, 55.32500, 20.388, 70.5464, 31.0294, -30.2111, 38.8387, -159.385, 0.995775, -1.30375, 0.99626, -121.221, 0.982996, 118.882
3320, 55.33333, 20.4078, 70.553, 31.0528, -30.2047, 38.8721, -159.395, 0.995793, -1.30511, 0.996314, -121.222, 0.983035, 118.88
3321, 55.34167, 20.4277, 70.5595, 31.0762, -30.1983, 38.9056, -159.406, 0.99581, -1.30646, 0.996367, -121.223, 0.983074, 118.879
3321, 55.35000, 20.4475, 70.566, 31.0997, -30.1919, 38.9391, -159.416, 0.995827, -1.30782, 0.996421, -121.223, 0.983113, 118.878
3322, 55.35833, 20.4674, 70.5725, 31.1232, -30.1855, 38.9726, -159.426, 0.995845, -1.30917, 0.996474, -121.224, 0.983152, 118.877
3322, 55.36667, 20.4872, 70.5789, 31.1468, -30.1791, 39.0062, -159.436, 0.995862, -1.31053, 0.996528, -121.225, 0.983191, 118.876
3323, 55.37500, 20.5071, 70.5852, 31.1704, -30.1727, 39.0397, -159.446, 0.995879, -1.31188, 0.996582, -121.225, 0.98323, 118.875
3323, 55.38333, 20.527, 70.5916, 31.194, -30.1663, 39.0734, -159.456, 0.995897, -1.31324, 0.996636, -121.226, 0.983269, 118.874
3324, 55.39167, 20.5469, 70.5979, 31.2176, -30.1599, 39.107, -159.467, 0.995914, -1.3146, 0.996689, -121.227, 0.983309, 118.873
3324, 55.40000, 20.5669, 70.6041, 31.2413, -30.1536, 39.1407, -159.477, 0.995931, -1.31596, 0.996744, -121.228, 0.983348, 118.871
3325, 55.40833, 20.5868, 70.6104, 31.265, -30.1472, 39.1745, -159.487, 0.995949, -1.31731, 0.996798, -121.228, 0.983387, 118.87
3325, 55.41667, 20.6067, 70.6165, 31.2887, -30.1408, 39.2082, -159.497, 0.995966, -1.31867, 0.996852, -121.229, 0.983427, 118.869
3326, 55.42500, 20.6267, 70.6227, 31.3125, -30.1344, 39.242, -159.507, 0.995983, -1.32003, 0.996906, -121.23, 0.983466, 118.868
3326, 55.43333, 20.6467, 70.6288, 31.3363, -30.1281, 39.2758, -159.517, 0.996001, -1.32139, 0.996961, -121.23, 0.983506, 118.867
3327, 55.44167, 20.6667, 70.6348, 31.3601, -30.1217, 39.3097, -159.527, 0.996018, -1.32275, 0.997015, -121.231, 0.983545, 118.866
3327, 55.45000, 20.6867, 70.6409, 31.384, -30.1153, 39.3436, -159.537, 0.996035, -1.32411, 0.99707, -121.232, 0.983585, 118.865
3328, 55.45833, 20.7067, 70.6469, 31.4079, -30.109, 39.3775, -159.548, 0.996053, -1.32547, 0.997124, -121.233, 0.983624, 118.864
3328, 55.46667, 20.7267, 70.6528, 31.4318, -30.1026, 39.4115, -159.558, 0.99607, -1.32683, 0.997179, -121.233, 0.983664, 118.862
3329, 55.47500, 20.7468, 70.6588, 31.4558, -30.0962, 39.4455, -159.568, 0.996087, -1.32819, 0.997234, -121.234, 0.983704, 118.861
3329, 55.48333, 20.7668, 70.6646, 31.4798, -30.0899, 39.4796, -159.578, 0.996104, -1.32955, 0.997289, -121.235, 0.983744, 118.86
3330, 55.49167, 20.7869, 70.6705, 31.5038, -30.0835, 39.5136, -159.588, 0.996122, -1.33091, 0.997344, -121.236, 0.983784, 118.859
3330, 55.50000, 20.807, 70.6763, 31.5278, -30.0772, 39.5477, -159.598, 0.996139, -1.33227, 0.997399, -121.236, 0.983823, 118.858
3331, 55.50833, 20.8271, 70.682, 31.5519, -30.0708, 39.5819, -159.608, 0.996156, -1.33363, 0.997455, -121.237, 0.983863, 118.857
3331, 55.51667, 20.8472, 70.6878, 31.5761, -30.0645, 39.6161, -159.618, 0.996173, -1.33499, 0.99751, -121.238, 0.983903, 118.855
3332, 55.52500, 20.8673, 70.6935, 31.6002, -30.0581, 39.6503, -159.629, 0.996191, -1.33636, 0.997565, -121.238, 0.983943, 118.854
3332, 55.53333, 20.8874, 70.6991, 31.6244, -30.0518, 39.6845, -159.639, 0.996208, -1.33772, 0.997621, -121.239, 0.983983, 118.853
3333, 55.54167, 20.9076, 70.7048, 31.6486, -30.0455, 39.7188, -159.649, 0.996225, -1.33908, 0.997676, -121.24, 0.984024, 118.852
3333, 55.55000, 20.9278, 70.7103, 31.6729, -30.0391, 39.7531, -159.659, 0.996242, -1.34044, 0.997732, -121.241, 0.984064, 118.851
3334, 55.55833, 20.9479, 70.7159, 31.6972, -30.0328, 39.7875, -159.669, 0.99626, -1.34181, 0.997788, -121.241, 0.984104, 118.85
3334, 55.56667, 20.9681, 70.7214, 31.7215, -30.0265, 39.8219, -159.679, 0.996277, -1.34317, 0.997844, -121.242, 0.984144, 118.848
3335, 55.57500, 20.9883, 70.7269, 31.7458, -30.0201, 39.8563, -159.689, 0.996294, -1.34453, 0.9979, -121.243, 0.984185, 118.847
3335, 55.58333, 21.0085, 70.7323, 31.7702, -30.0138, 39.8908, -159.699, 0.996311, -1.3459, 0.997956, -121.244, 0.984225, 118.846
3336, 55.59167, 21.0288, 70.7377, 31.7946, -30.0075, 39.9253, -159.709, 0.996328, -1.34726, 0.998012, -121.244, 0.984265, 118.845
3336, 55.60000, 21.049, 70.7431, 31.8191, -30.0012, 39.9598, -159.72, 0.996346, -1.34862, 0.998069, -121.245, 0.984306, 118.844
3337, 55.60833, 21.0693, 70.7484, 31.8435, -29.9949, 39.9944, -159.73, 0.996363, -1.34999, 0.998125, -121.246, 0.984346, 118.843
3337, 55.61667, 21.0895, 70.7537, 31.8681, -29.9885, 40.029, -159.74, 0.99638, -1.35135, 0.998181, -121.247, 0.984387, 118.841
3338, 55.62500, 21.1098, 70.759, 31.8926, -29.9822, 40.0636, -159.75, 0.996397, -1.35272, 0.998238, -121.247, 0.984428, 118.84
3338, 55.63333, 21.1301, 70.7642, 31.9172, -29.9759, 40.0983, -159.76, 0.996414, -1.35408, 0.998295, -121.248, 0.984468, 118.839
3339, 55.64167, 21.1504, 70.7694, 31.9418, -29.9696, 40.133, -159.77, 0.996431, -1.35545, 0.998351, -121.249, 0.984509, 118.838
3339, 55.65000, 21.1708, 70.7745, 31.9664, -29.9633, 40.1677, -159.78, 0.996449, -1.35681, 0.998408, -121.25, 0.98455, 118.837
3340, 55.65833, 21.1911, 70.7797, 31.9911, -29.957, 40.2025, -159.79, 0.996466, -1.35818, 0.998465, -121.25, 0.984591, 118.836
3340, 55.66667, 21.2115, 70.7847, 32.0158, -29.9507, 40.2373, -159.8, 0.996483, -1.35954, 0.998522, -121.251, 0.984631, 118.834
3341, 55.67500, 21.2318, 70.7898, 32.0406, -29.9444, 40.2722, -159.811, 0.9965, -1.36091, 0.99858, -121.252, 0.984672, 118.833
3341, 55.68333, 21.2522, 70.7948, 32.0653, -29.9381, 40.3071, -159.821, 0.996517, -1.36227, 0.998637, -121.253, 0.984713, 118.832
3342, 55.69167, 21.2726, 70.7998, 32.0902, -29.9319, 40.342, -159.831, 0.996534, -1.36364, 0.998694, -121.254, 0.984754, 118.831
3342, 55.70000, 21.293, 70.8047, 32.115, -29.9256, 40.377, -159.841, 0.996552, -1.365, 0.998752, -121.254, 0.984795, 118.83
3343, 55.70833, 21.3134, 70.8096, 32.1399, -29.9193, 40.412, -159.851, 0.996569, -1.36637, 0.998809, -121.255, 0.984837, 118.828
3343, 55.71667, 21.3339, 70.8145, 32.1648, -29.913, 40.4471, -159.861, 0.996586, -1.36774, 0.998867, -121.256, 0.984878, 118.827
3344, 55.72500, 21.3543, 70.8193, 32.1897, -29.9067, 40.4821, -159.871, 0.996603, -1.3691, 0.998925, -121.257, 0.984919, 118.826
3344, 55.73333, 21.3748, 70.8241, 32.2147, -29.9004, 40.5173, -159.881, 0.99662, -1.37047, 0.998983, -121.257, 0.98496, 118.825
3345, 55.74167, 21.3952, 70.8289, 32.2397, -29.8942, 40.5524, -159.891, 0.996637, -1.37183, 0.999041, -121.258, 0.985002, 118.824
3345, 55.75000, 21.4157, 70.8336, 32.2648, -29.8879, 40.5876, -159.901, 0.996654, -1.3732, 0.999099, -121.259, 0.985043, 118.822
3346, 55.75833, 21.4362, 70.8383, 32.2898, -29.8816, 40.6228, -159.911, 0.996671, -1.37457, 0.999157, -121.26, 0.985084, 118.821
3346, 55.76667, 21.4567, 70.843, 32.315, -29.8754, 40.6581, -159.922, 0.996688, -1.37593, 0.999215, -121.26, 0.985126, 118.82
3347, 55.77500, 21.4773, 70.8476, 32.3401, -29.8691, 40.6934, -159.932, 0.996705, -1.3773, 0.999273, -121.261, 0.985167, 118.819
3347, 55.78333, 21.4978, 70.8522, 32.3653, -29.8629, 40.7288, -159.942, 0.996723, -1.37867, 0.999332, -121.262, 0.985209, 118.818
3348, 55.79167, 21.5184, 70.8568, 32.3905, -29.8566, 40.7641, -159.952, 0.99674, -1.38004, 0.999391, -121.263, 0.985251, 118.816
3348, 55.80000, 21.539, 70.8613, 32.4158, -29.8504, 40.7996, -159.962, 0.996757, -1.3814, 0.999449, -121.264, 0.985292, 118.815
3349, 55.80833, 21.5595, 70.8658, 32.441, -29.8441, 40.835, -159.972, 0.996774, -1.38277, 0.999508, -121.264, 0.985334, 118.814
3349, 55.81667, 21.5801, 70.8703, 32.4664, -29.8379, 40.8705, -159.982, 0.996791, -1.38414, 0.999567, -121.265, 0.985376, 118.813
3350, 55.82500, 21.6007, 70.8747, 32.4917, -29.8316, 40.906, -159.992, 0.996808, -1.3855, 0.999626, -121.266, 0.985418, 118.811
3350, 55.83333, 21.6214, 70.8791, 32.5171, -29.8254, 40.9416, -160.002, 0.996825, -1.38687, 0.999685, -121.267, 0.98546, 118.81
3351, 55.84167, 21.642, 70.8834, 32.5425, -29.8192, 40.9772, -160.012, 0.996842, -1.38824, 0.999744, -121.268, 0.985502, 118.809
3351, 55.85000, 21.6627, 70.8877, 32.568, -29.8129, 41.0129, -160.023, 0.996859, -1.3896, 0.999803, -121.268, 0.985544, 118.808
3352, 55.85833, 21.6833, 70.892, 32.5935, -29.8067, 41.0486, -160.033, 0.996876, -1.39097, 0.999863, -121.269, 0.985586, 118.806
3352, 55.86667, 21.704, 70.8963, 32.619, -29.8005, 41.0843, -160.043, 0.996893, -1.39234, 0.999922, -121.27, 0.985628, 118.805
3353, 55.87500, 21.7247, 70.9005, 32.6445, -29.7942, 41.12, -160.053, 0.99691, -1.39371, 0.999982, -121.271, 0.98567, 118.804
3353, 55.88333, 21.7454, 70.9047, 32.6701, -29.788, 41.1558, -160.063, 0.996927, -1.39507, 1.00004, -121.272, 0.985712, 118.803
3354, 55.89167, 21.7662, 70.9089, 32.6958, -29.7818, 41.1917, -160.073, 0.996944, -1.39644, 1.0001, -121.272, 0.985754, 118.802
3354, 55.90000, 21.7869, 70.913, 32.7214, -29.7756, 41.2276, -160.083, 0.996961, -1.39781, 1.00016, -121.273, 0.985797, 118.8
3355, 55.90833, 21.8076, 70.9171, 32.7471, -29.7694, 41.2635, -160.093, 0.996978, -1.39918, 1.00022, -121.274, 0.985839, 118.799
3355, 55.91667, 21.8284, 70.9212, 32.7729, -29.7632, 41.2994, -160.103, 0.996995, -1.40054, 1.00028, -121.275, 0.985882, 118.798
3356, 55.92500, 21.8492, 70.9252, 32.7986, -29.757, 41.3354, -160.113, 0.997012, -1.40191, 1.00034, -121.276, 0.985924, 118.797
3356, 55.93333, 21.87, 70.9292, 32.8244, -29.7508, 41.3715, -160.123, 0.997029, -1.40328, 1.0004, -121.276, 0.985967, 118.795
3357, 55.94167, 21.8908, 70.9331, 32.8503, -29.7446, 41.4076, -160.134, 0.997046, -1.40464, 1.00046, -121.277, 0.986009, 118.794
3357, 55.95000, 21.9116, 70.9371, 32.8761, -29.7384, 41.4437, -160.144, 0.997063, -1.40601, 1.00052, -121.278, 0.986052, 118.793
3358, 55.95833, 21.9325, 70.9409, 32.902, -29.7322, 41.4798, -160.154, 0.99708, -1.40738, 1.00058, -121.279, 0.986094, 118.792
3358, 55.96667, 21.9533, 70.9448, 32.928, -29.726, 41.516, -160.164, 0.997097, -1.40874, 1.00064, -121.28, 0.986137, 118.79
3359, 55.97500, 21.9742, 70.9486, 32.954, -29.7198, 41.5523, -160.174, 0.997114, -1.41011, 1.00071, -121.281, 0.98618, 118.789
3359, 55.98333, 21.9951, 70.9524, 32.98, -29.7136, 41.5885, -160.184, 0.997131, -1.41148, 1.00077, -121.281, 0.986223, 118.788
3360, 55.99167, 22.016, 70.9562, 33.006, -29.7075, 41.6249, -160.194, 0.997148, -1.41284, 1.00083, -121.282, 0.986266, 118.787
3360, 56.00000, 22.0369, 70.9599, 33.0321, -29.7013, 41.6612, -160.204, 0.997165, -1.41421, 1.00089, -121.283, 0.986309, 118.785
3361, 56.00833, 22.0578, 70.9636, 33.0582, -29.6951, 41.6976, -160.214, 0.997182, -1.41558, 1.00095, -121.284, 0.986352, 118.784
3361, 56.01667, 22.0787, 70.9673, 33.0844, -29.6889, 41.734, -160.224, 0.997199, -1.41694, 1.00101, -121.285, 0.986395, 118.783
3362, 56.02500, 22.0997, 70.9709, 33.1106, -29.6828, 41.7705, -160.235, 0.997216, -1.41831, 1.00107, -121.286, 0.986438, 118.781
3362, 56.03333, 22.1206, 70.9745, 33.1368, -29.6766, 41.807, -160.245, 0.997232, -1.41968, 1.00113, -121.286, 0.986481, 118.78
3363, 56.04167, 22.1416, 70.9781, 33.1631, -29.6704, 41.8436, -160.255, 0.997249, -1.42104, 1.0012, -121.287, 0.986525, 118.779
3363, 56.05000, 22.1626, 70.9817, 33.1894, -29.6643, 41.8802, -160.265, 0.997266, -1.42241, 1.00126, -121.288, 0.986568, 118.778
3364, 56.05833, 22.1836, 70.9852, 33.2157, -29.6581, 41.9168, -160.275, 0.997283, -1.42377, 1.00132, -121.289, 0.986611, 118.776
3364, 56.06667, 22.2046, 70.9886, 33.2421, -29.652, 41.9535, -160.285, 0.9973, -1.42514, 1.00138, -121.29, 0.986655, 118.775
3365, 56.07500, 22.2257, 70.9921, 33.2685, -29.6458, 41.9902, -160.295, 0.997317, -1.4265, 1.00144, -121.291, 0.986698, 118.774
3365, 56.08333, 22.2467, 70.9955, 33.2949, -29.6397, 42.027, -160.305, 0.997334, -1.42787, 1.00151, -121.291, 0.986742, 118.772
3366, 56.09167, 22.2678, 70.9989, 33.3214, -29.6336, 42.0638, -160.315, 0.997351, -1.42923, 1.00157, -121.292, 0.986785, 118.771
3366, 56.10000, 22.2889, 71.0022, 33.3479, -29.6274, 42.1006, -160.326, 0.997368, -1.4306, 1.00163, -121.293, 0.986829, 118.77
3367, 56.10833, 22.31, 71.0056, 33.3745, -29.6213, 42.1375, -160.336, 0.997385, -1.43196, 1.00169, -121.294, 0.986873, 118.769
3367, 56.11667, 22.3311, 71.0089, 33.401, -29.6152, 42.1744, -160.346, 0.997401, -1.43333, 1.00176, -121.295, 0.986916, 118.767
3368, 56.12500, 22.3522, 71.0121, 33.4277, -29.609, 42.2114, -160.356, 0.997418, -1.43469, 1.00182, -121.296, 0.98696, 118.766
3368, 56.13333, 22.3733, 71.0153, 33.4543, -29.6029, 42.2484, -160.366, 0.997435, -1.43606, 1.00188, -121.297, 0.987004, 118.765
3369, 56.14167, 22.3945, 71.0185, 33.481, -29.5968, 42.2854, -160.376, 0.997452, -1.43742, 1.00195, -121.297, 0.987048, 118.763
3369, 56.15000, 22.4157, 71.0217, 33.5078, -29.5907, 42.3225, -160.386, 0.997469, -1.43878, 1.00201, -121.298, 0.987092, 118.762
3370, 56.15833, 22.4369, 71.0248, 33.5345, -29.5846, 42.3597, -160.396, 0.997486, -1.44015, 1.00207, -121.299, 0.987136, 118.761
3370, 56.16667, 22.458, 71.0279, 33.5613, -29.5785, 42.3968, -160.407, 0.997503, -1.44151, 1.00214, -121.3, 0.98718, 118.759
3371, 56.17500, 22.4793, 71.031, 33.5882, -29.5724, 42.4341, -160.417, 0.997519, -1.44287, 1.0022, -121.301, 0.987224, 118.758
3371, 56.18333, 22.5005, 71.034, 33.6151, -29.5663, 42.4713, -160.427, 0.997536, -1.44423, 1.00226, -121.302, 0.987269, 118.757
3372, 56.19167, 22.5217, 71.0371, 33.642, -29.5602, 42.5086, -160.437, 0.997553, -1.4456, 1.00233, -121.303, 0.987313, 118.756
3372, 56.20000, 22.543, 71.04, 33.6689, -29.5541, 42.546, -160.447, 0.99757, -1.44696, 1.00239, -121.304, 0.987357, 118.754
3373, 56.20833, 22.5643, 71.043, 33.6959, -29.548, 42.5833, -160.457, 0.997587, -1.44832, 1.00246, -121.304, 0.987401, 118.753
3373, 56.21667, 22.5855, 71.0459, 33.7229, -29.5419, 42.6208, -160.467, 0.997604, -1.44968, 1.00252, -121.305, 0.987446, 118.752
3374, 56.22500, 22.6068, 71.0488, 33.75, -29.5358, 42.6582, -160.477, 0.99762, -1.45104, 1.00258, -121.306, 0.98749, 118.75
3374, 56.23333, 22.6281, 71.0517, 33.7771, -29.5297, 42.6958, -160.488, 0.997637, -1.4524, 1.00265, -121.307, 0.987535, 118.749
3375, 56.24167, 22.6495, 71.0545, 33.8043, -29.5237, 42.7333, -160.498, 0.997654, -1.45377, 1.00271, -121.308, 0.98758, 118.748
3375, 56.25000, 22.6708, 71.0573, 33.8314, -29.5176, 42.7709, -160.508, 0.997671, -1.45513, 1.00278, -121.309, 0.987624, 118.746
3376, 56.25833, 22.6922, 71.0601, 33.8586, -29.5115, 42.8086, -160.518, 0.997688, -1.45649, 1.00284, -121.31, 0.987669, 118.745
3376, 56.26667, 22.7136, 71.0628, 33.8859, -29.5054, 42.8462, -160.528, 0.997704, -1.45785, 1.00291, -121.311, 0.987714, 118.744
3377, 56.27500, 22.7349, 71.0655, 33.9132, -29.4994, 42.884, -160.538, 0.997721, -1.4592, 1.00297, -121.312, 0.987759, 118.742
3377, 56.28333, 22.7563, 71.0682, 33.9405, -29.4933, 42.9217, -160.548, 0.997738, -1.46056, 1.00304, -121.312, 0.987804, 118.741
3378, 56.29167, 22.7778, 71.0708, 33.9679, -29.4873, 42.9596, -160.559, 0.997755, -1.46192, 1.0031, -121.313, 0.987849, 118.74
3378, 56.30000, 22.7992, 71.0734, 33.9953, -29.4812, 42.9974, -160.569, 0.997771, -1.46328, 1.00317, -121.314, 0.987894, 118.738
3379, 56.30833, 22.8206, 71.076, 34.0227, -29.4752, 43.0353, -160.579, 0.997788, -1.46464, 1.00323, -121.315, 0.987939, 118.737
3379, 56.31667, 22.8421, 71.0786, 34.0502, -29.4691, 43.0733, -160.589, 0.997805, -1.466, 1.0033, -121.316, 0.987984, 118.736
3380, 56.32500, 22.8636, 71.0811, 34.0777, -29.4631, 43.1112, -160.599, 0.997822, -1.46735, 1.00336, -121.317, 0.988029, 118.734
3380, 56.33333, 22.8851, 71.0836, 34.1053, -29.457, 43.1493, -160.609, 0.997838, -1.46871, 1.00343, -121.318, 0.988074, 118.733
3381, 56.34167, 22.9066, 71.0861, 34.1329, -29.451, 43.1873, -160.62, 0.997855, -1.47007, 1.0035, -121.319, 0.98812, 118.732
3381, 56.35000, 22.9281, 71.0885, 34.1605, -29.445, 43.2255, -160.63, 0.997872, -1.47142, 1.00356, -121.32, 0.988165, 118.73
3382, 56.35833, 22.9496, 71.0909, 34.1882, -29.439, 43.2636, -160.64, 0.997889, -1.47278, 1.00363, -121.321, 0.988211, 118.729
3382, 56.36667, 22.9712, 71.0933, 34.2159, -29.4329, 43.3018, -160.65, 0.997905, -1.47413, 1.00369, -121.321, 0.988256, 118.728
3383, 56.37500, 22.9928, 71.0957, 34.2436, -29.4269, 43.3401, -160.66, 0.997922, -1.47549, 1.00376, -121.322, 0.988302, 118.726
3383, 56.38333, 23.0144, 71.098, 34.2714, -29.4209, 43.3784, -160.67, 0.997939, -1.47684, 1.00383, -121.323, 0.988347, 118.725
3384, 56.39167, 23.036, 71.1003, 34.2992, -29.4149, 43.4167, -160.681, 0.997956, -1.4782, 1.00389, -121.324, 0.988393, 118.723
3384, 56.40000, 23.0576, 71.1025, 34.3271, -29.4089, 43.4551, -160.691, 0.997972, -1.47955, 1.00396, -121.325, 0.988439, 118.722
3385, 56.40833, 23.0792, 71.1048, 34.355, -29.4029, 43.4935, -160.701, 0.997989, -1.4809, 1.00403, -121.326, 0.988485, 118.721
3385, 56.41667, 23.1008, 71.107, 34.3829, -29.3969, 43.532, -160.711, 0.998006, -1.48226, 1.00409, -121.327, 0.988531, 118.719
3386, 56.42500, 23.1225, 71.1092, 34.4109, -29.3909, 43.5705, -160.721, 0.998022, -1.48361, 1.00416, -121.328, 0.988577, 118.718
3386, 56.43333, 23.1442, 71.1113, 34.4389, -29.3849, 43.6091, -160.732, 0.998039, -1.48496, 1.00423, -121.329, 0.988623, 118.717
3387, 56.44167, 23.1659, 71.1134, 34.467, -29.3789, 43.6477, -160.742, 0.998056, -1.48631, 1.0043, -121.33, 0.988669, 118.715
3387, 56.45000, 23.1876, 71.1155, 34.4951, -29.3729, 43.6864, -160.752, 0.998073, -1.48766, 1.00436, -121.331, 0.988715, 118.714
3388, 56.45833, 23.2093, 71.1176, 34.5232, -29.3669, 43.7251, -160.762, 0.998089, -1.48901, 1.00443, -121.332, 0.988761, 118.712
3388, 56.46667, 23.231, 71.1196, 34.5514, -29.361, 43.7638, -160.772, 0.998106, -1.49036, 1.0045, -121.333, 0.988807, 118.711
3389, 56.47500, 23.2528, 71.1216, 34.5796, -29.355, 43.8026, -160.783, 0.998123, -1.49171, 1.00457, -121.334, 0.988854, 118.71
3389, 56.48333, 23.2745, 71.1236, 34.6078, -29.349, 43.8414, -160.793, 0.998139, -1.49306, 1.00463, -121.335, 0.9889, 118.708
3390, 56.49167, 23.2963, 71.1255, 34.6361, -29.343, 43.8803, -160.803, 0.998156, -1.49441, 1.0047, -121.335, 0.988946, 118.707
3390, 56.50000, 23.3181, 71.1275, 34.6645, -29.3371, 43.9193, -160.813, 0.998173, -1.49575, 1.00477, -121.336, 0.988993, 118.705
3391, 56.50833, 23.3399, 71.1293, 34.6928, -29.3311, 43.9582, -160.823, 0.998189, -1.4971, 1.00484, -121.337, 0.98904, 118.704
3391, 56.51667, 23.3618, 71.1312, 34.7212, -29.3252, 43.9973, -160.834, 0.998206, -1.49845, 1.00491, -121.338, 0.989086, 118.703
3392, 56.52500, 23.3836, 71.133, 34.7497, -29.3192, 44.0363, -160.844, 0.998223, -1.49979, 1.00498, -121.339, 0.989133, 118.701
3392, 56.53333, 23.4055, 71.1348, 34.7782, -29.3133, 44.0754, -160.854, 0.998239, -1.50114, 1.00504, -121.34, 0.98918, 118.7
3393, 56.54167, 23.4273, 71.1366, 34.8067, -29.3073, 44.1146, -160.864, 0.998256, -1.50248, 1.00511, -121.341, 0.989227, 118.699
3393, 56.55000, 23.4492, 71.1384, 34.8353, -29.3014, 44.1538, -160.875, 0.998273, -1.50383, 1.00518, -121.342, 0.989273, 118.697
3394, 56.55833, 23.4711, 71.1401, 34.8639, -29.2955, 44.1931, -160.885, 0.998289, -1.50517, 1.00525, -121.343, 0.98932, 118.696
3394, 56.56667, 23.4931, 71.1418, 34.8925, -29.2895, 44.2323, -160.895, 0.998306, -1.50651, 1.00532, -121.344, 0.989367, 118.694
3395, 56.57500, 23.515, 71.1434, 34.9212, -29.2836, 44.2717, -160.905, 0.998323, -1.50786, 1.00539, -121.345, 0.989414, 118.693
3395, 56.58333, 23.5369, 71.1451, 34.9499, -29.2777, 44.3111, -160.915, 0.998339, -1.5092, 1.00546, -121.346, 0.989462, 118.691
3396, 56.59167, 23.5589, 71.1467, 34.9787, -29.2718, 44.3505, -160.926, 0.998356, -1.51054, 1.00553, -121.347, 0.989509, 118.69
3396, 56.60000, 23.5809, 71.1483, 35.0075, -29.2658, 44.39, -160.936, 0.998373, -1.51188, 1.0056, -121.348, 0.989556, 118.689
3397, 56.60833, 23.6029, 71.1498, 35.0364, -29.2599, 44.4295, -160.946, 0.998389, -1.51322, 1.00567, -121.349, 0.989603, 118.687
3397, 56.61667, 23.6249, 71.1514, 35.0653, -29.254, 44.4691, -160.956, 0.998406, -1.51456, 1.00574, -121.35, 0.989651, 118.686
3398, 56.62500, 23.6469, 71.1528, 35.0942, -29.2481, 44.5088, -160.967, 0.998423, -1.5159, 1.00581, -121.351, 0.989698, 118.684
3398, 56.63333, 23.669, 71.1543, 35.1232, -29.2422, 44.5484, -160.977, 0.998439, -1.51724, 1.00588, -121.352, 0.989746, 118.683
3399, 56.64167, 23.6911, 71.1558, 35.1522, -29.2363, 44.5882, -160.987, 0.998456, -1.51857, 1.00595, -121.353, 0.989794, 118.681
3399, 56.65000, 23.7131, 71.1572, 35.1812, -29.2304, 44.6279, -160.998, 0.998472, -1.51991, 1.00602, -121.354, 0.989841, 118.68
3400, 56.65833, 23.7352, 71.1586, 35.2103, -29.2245, 44.6677, -161.008, 0.998489, -1.52124, 1.00609, -121.355, 0.989889, 118.679
3400, 56.66667, 23.7573, 71.1599, 35.2395, -29.2187, 44.7076, -161.018, 0.998506, -1.52258, 1.00616, -121.356, 0.989937, 118.677
3401, 56.67500, 23.7795, 71.1612, 35.2687, -29.2128, 44.7475, -161.028, 0.998522, -1.52391, 1.00623, -121.357, 0.989985, 118.676
3401, 56.68333, 23.8016, 71.1626, 35.2979, -29.2069, 44.7875, -161.039, 0.998539, -1.52525, 1.0063, -121.358, 0.990033, 118.674
3402, 56.69167, 23.8238, 71.1638, 35.3271, -29.201, 44.8275, -161.049, 0.998555, -1.52658, 1.00637, -121.359, 0.990081, 118.673
3402, 56.70000, 23.8459, 71.1651, 35.3564, -29.1952, 44.8676, -161.059, 0.998572, -1.52791, 1.00645, -121.36, 0.990129, 118.671
3403, 56.70833, 23.8681, 71.1663, 35.3858, -29.1893, 44.9077, -161.07, 0.998589, -1.52924, 1.00652, -121.361, 0.990177, 118.67
3403, 56.71667, 23.8903, 71.1675, 35.4152, -29.1834, 44.9478, -161.08, 0.998605, -1.53057, 1.00659, -121.362, 0.990225, 118.668
3404, 56.72500, 23.9126, 71.1687, 35.4446, -29.1776, 44.988, -161.09, 0.998622, -1.5319, 1.00666, -121.363, 0.990273, 118.667
3404, 56.73333, 23.9348, 71.1698, 35.4741, -29.1717, 45.0283, -161.101, 0.998639, -1.53323, 1.00673, -121.364, 0.990322, 118.666
3405, 56.74167, 23.9571, 71.1709, 35.5036, -29.1659, 45.0686, -161.111, 0.998655, -1.53456, 1.0068, -121.365, 0.99037, 118.664
3405, 56.75000, 23.9793, 71.172, 35.5331, -29.16, 45.109, -161.121, 0.998672, -1.53589, 1.00688, -121.366, 0.990419, 118.663
3406, 56.75833, 24.0016, 71.1731, 35.5627, -29.1542, 45.1493, -161.131, 0.998688, -1.53722, 1.00695, -121.367, 0.990467, 118.661
3406, 56.76667, 24.0239, 71.1741, 35.5923, -29.1484, 45.1898, -161.142, 0.998705, -1.53854, 1.00702, -121.368, 0.990516, 118.66
3407, 56.77500, 24.0462, 71.1751, 35.622, -29.1425, 45.2303, -161.152, 0.998722, -1.53987, 1.00709, -121.369, 0.990564, 118.658
3407, 56.78333, 24.0686, 71.1761, 35.6517, -29.1367, 45.2709, -161.162, 0.998738, -1.54119, 1.00717, -121.37, 0.990613, 118.657
3408, 56.79167, 24.0909, 71.177, 35.6815, -29.1309, 45.3115, -161.173, 0.998755, -1.54252, 1.00724, -121.371, 0.990662, 118.655
3408, 56.80000, 24.1133, 71.178, 35.7113, -29.1251, 45.3521, -161.183, 0.998771, -1.54384, 1.00731, -121.372, 0.990711, 118.654
3409, 56.80833, 24.1357, 71.1789, 35.7412, -29.1193, 45.3928, -161.194, 0.998788, -1.54516, 1.00738, -121.373, 0.99076, 118.652
3409, 56.81667, 24.1581, 71.1797, 35.771, -29.1134, 45.4336, -161.204, 0.998805, -1.54648, 1.00746, -121.374, 0.990809, 118.651
3410, 56.82500, 24.1805, 71.1806, 35.801, -29.1076, 45.4743, -161.214, 0.998821, -1.5478, 1.00753, -121.375, 0.990858, 118.649
3410, 56.83333, 24.2029, 71.1814, 35.831, -29.1018, 45.5152, -161.225, 0.998838, -1.54912, 1.0076, -121.376, 0.990907, 118.648
3411, 56.84167, 24.2254, 71.1822, 35.861, -29.096, 45.5561, -161.235, 0.998854, -1.55044, 1.00768, -121.377, 0.990956, 118.646
3411, 56.85000, 24.2479, 71.183, 35.891, -29.0902, 45.597, -161.245, 0.998871, -1.55176, 1.00775, -121.379, 0.991006, 118.645
3412, 56.85833, 24.2703, 71.1837, 35.9211, -29.0845, 45.6381, -161.256, 0.998887, -1.55307, 1.00783, -121.38, 0.991055, 118.643
3412, 56.86667, 24.2929, 71.1844, 35.9513, -29.0787, 45.6791, -161.266, 0.998904, -1.55439, 1.0079, -121.381, 0.991105, 118.642
3413, 56.87500, 24.3154, 71.1851, 35.9815, -29.0729, 45.7202, -161.276, 0.998921, -1.5557, 1.00797, -121.382, 0.991154, 118.64
3413, 56.88333, 24.3379, 71.1858, 36.0117, -29.0671, 45.7614, -161.287, 0.998937, -1.55702, 1.00805, -121.383, 0.991204, 118.639
3414, 56.89167, 24.3605, 71.1864, 36.042, -29.0613, 45.8026, -161.297, 0.998954, -1.55833, 1.00812, -121.384, 0.991253, 118.637
3414, 56.90000, 24.383, 71.187, 36.0723, -29.0556, 45.8438, -161.308, 0.99897, -1.55964, 1.0082, -121.385, 0.991303, 118.636
3415, 56.90833, 24.4056, 71.1876, 36.1027, -29.0498, 45.8851, -161.318, 0.998987, -1.56095, 1.00827, -121.386, 0.991353, 118.634
3415, 56.91667, 24.4282, 71.1881, 36.1331, -29.044, 45.9265, -161.328, 0.999004, -1.56226, 1.00835, -121.387, 0.991403, 118.633
3416, 56.92500, 24.4508, 71.1887, 36.1635, -29.0383, 45.9679, -161.339, 0.99902, -1.56357, 1.00842, -121.388, 0.991453, 118.631
3416, 56.93333, 24.4735, 71.1892, 36.194, -29.0325, 46.0093, -161.349, 0.999037, -1.56488, 1.0085, -121.389, 0.991503, 118.63
3417, 56.94167, 24.4961, 71.1896, 36.2246, -29.0268, 46.0509, -161.36, 0.999053, -1.56619, 1.00857, -121.39, 0.991553, 118.628
3417, 56.95000, 24.5188, 71.1901, 36.2551, -29.021, 46.0924, -161.37, 0.99907, -1.56749, 1.00865, -121.391, 0.991603, 118.627
3418, 56.95833, 24.5415, 71.1905, 36.2858, -29.0153, 46.134, -161.381, 0.999086, -1.5688, 1.00872, -121.392, 0.991653, 118.625
3418, 56.96667, 24.5642, 71.1909, 36.3164, -29.0096, 46.1757, -161.391, 0.999103, -1.5701, 1.0088, -121.394, 0.991703, 118.624
3419, 56.97500, 24.5869, 71.1913, 36.3471, -29.0038, 46.2174, -161.401, 0.99912, -1.5714, 1.00888, -121.395, 0.991754, 118.622
3419, 56.98333, 24.6096, 71.1916, 36.3779, -28.9981, 46.2592, -161.412, 0.999136, -1.57271, 1.00895, -121.396, 0.991804, 118.621
3420, 56.99167, 24.6324, 71.192, 36.4087, -28.9924, 46.301, -161.422, 0.999153, -1.57401, 1.00903, -121.397, 0.991855, 118.619
3420, 57.00000, 24.6551, 71.1923, 36.4396, -28.9867, 46.3429, -161.433, 0.999169, -1.57531, 1.0091, -121.398, 0.991905, 118.618
3421, 57.00833, 24.6779, 71.1925, 36.4704, -28.981, 46.3848, -161.443, 0.999186, -1.57661, 1.00918, -121.399, 0.991956, 118.616
3421, 57.01667, 24.7007, 71.1928, 36.5014, -28.9753, 46.4268, -161.454, 0.999203, -1.5779, 1.00926, -121.4, 0.992007, 118.615
3422, 57.02500, 24.7235, 71.193, 36.5324, -28.9696, 46.4689, -161.464, 0.999219, -1.5792, 1.00933, -121.401, 0.992058, 118.613
3422, 57.03333, 24.7464, 71.1932, 36.5634, -28.9639, 46.5109, -161.475, 0.999236, -1.5805, 1.00941, -121.402, 0.992109, 118.611
3423, 57.04167, 24.7692, 71.1933, 36.5945, -28.9582, 46.5531, -161.485, 0.999252, -1.58179, 1.00949, -121.403, 0.992159, 118.61
3423, 57.05000, 24.7921, 71.1935, 36.6256, -28.9525, 46.5953, -161.496, 0.999269, -1.58308, 1.00956, -121.405, 0.992211, 118.608
3424, 57.05833, 24.815, 71.1936, 36.6567, -28.9468, 46.6375, -161.506, 0.999286, -1.58438, 1.00964, -121.406, 0.992262, 118.607
3424, 57.06667, 24.8379, 71.1937, 36.688, -28.9411, 46.6798, -161.517, 0.999302, -1.58567, 1.00972, -121.407, 0.992313, 118.605
3425, 57.07500, 24.8608, 71.1938, 36.7192, -28.9354, 46.7222, -161.527, 0.999319, -1.58696, 1.0098, -121.408, 0.992364, 118.604
3425, 57.08333, 24.8838, 71.1938, 36.7505, -28.9298, 46.7646, -161.538, 0.999335, -1.58825, 1.00987, -121.409, 0.992415, 118.602
3426, 57.09167, 24.9067, 71.1938, 36.7818, -28.9241, 46.8071, -161.548, 0.999352, -1.58953, 1.00995, -121.41, 0.992467, 118.601
3426, 57.10000, 24.9297, 71.1938, 36.8132, -28.9184, 46.8496, -161.559, 0.999369, -1.59082, 1.01003, -121.411, 0.992518, 118.599
3427, 57.10833, 24.9527, 71.1938, 36.8447, -28.9128, 46.8921, -161.569, 0.999385, -1.59211, 1.01011, -121.412, 0.99257, 118.597
3427, 57.11667, 24.9757, 71.1937, 36.8762, -28.9071, 46.9348, -161.58, 0.999402, -1.59339, 1.01019, -121.414, 0.992622, 118.596
3428, 57.12500, 24.9987, 71.1936, 36.9077, -28.9015, 46.9775, -161.59, 0.999418, -1.59467, 1.01027, -121.415, 0.992673, 118.594
3428, 57.13333, 25.0218, 71.1935, 36.9392, -28.8958, 47.0202, -161.601, 0.999435, -1.59596, 1.01034, -121.416, 0.992725, 118.593
3429, 57.14167, 25.0448, 71.1934, 36.9709, -28.8902, 47.063, -161.611, 0.999452, -1.59724, 1.01042, -121.417, 0.992777, 118.591
3429, 57.15000, 25.0679, 71.1932, 37.0025, -28.8845, 47.1058, -161.622, 0.999468, -1.59852, 1.0105, -121.418, 0.992829, 118.589
3430, 57.15833, 25.091, 71.193, 37.0342, -28.8789, 47.1487, -161.632, 0.999485, -1.59979, 1.01058, -121.419, 0.992881, 118.588
3430, 57.16667, 25.1141, 71.1928, 37.066, -28.8733, 47.1917, -161.643, 0.999502, -1.60107, 1.01066, -121.421, 0.992933, 118.586
3431, 57.17500, 25.1373, 71.1926, 37.0978, -28.8677, 47.2347, -161.654, 0.999518, -1.60235, 1.01074, -121.422, 0.992985, 118.585
3431, 57.18333, 25.1604, 71.1923, 37.1297, -28.862, 47.2777, -161.664, 0.999535, -1.60362, 1.01082, -121.423, 0.993037, 118.583
3432, 57.19167, 25.1836, 71.192, 37.1616, -28.8564, 47.3209, -161.675, 0.999551, -1.60489, 1.0109, -121.424, 0.99309, 118.581
3432, 57.20000, 25.2068, 71.1917, 37.1935, -28.8508, 47.364, -161.685, 0.999568, -1.60617, 1.01098, -121.425, 0.993142, 118.58
3433, 57.20833, 25.23, 71.1914, 37.2255, -28.8452, 47.4073, -161.696, 0.999585, -1.60744, 1.01106, -121.426, 0.993195, 118.578
3433, 57.21667, 25.2532, 71.191, 37.2575, -28.8396, 47.4506, -161.707, 0.999601, -1.60871, 1.01114, -121.428, 0.993247, 118.577
3434, 57.22500, 25.2764, 71.1906, 37.2896, -28.834, 47.4939, -161.717, 0.999618, -1.60997, 1.01122, -121.429, 0.9933, 118.575
3434, 57.23333, 25.2997, 71.1902, 37.3217, -28.8284, 47.5373, -161.728, 0.999635, -1.61124, 1.0113, -121.43, 0.993353, 118.573
3435, 57.24167, 25.3229, 71.1898, 37.3539, -28.8228, 47.5808, -161.738, 0.999651, -1.61251, 1.01138, -121.431, 0.993405, 118.572
3435, 57.25000, 25.3462, 71.1893, 37.3862, -28.8173, 47.6243, -161.749, 0.999668, -1.61377, 1.01146, -121.432, 0.993458, 118.57
3436, 57.25833, 25.3695, 71.1888, 37.4184, -28.8117, 47.6678, -161.76, 0.999685, -1.61503, 1.01154, -121.433, 0.993511, 118.569
3436, 57.26667, 25.3929, 71.1883, 37.4507, -28.8061, 47.7115, -161.77, 0.999701, -1.6163, 1.01162, -121.435, 0.993564, 118.567
3437, 57.27500, 25.4162, 71.1878, 37.4831, -28.8005, 47.7551, -161.781, 0.999718, -1.61756, 1.0117, -121.436, 0.993617, 118.565
3437, 57.28333, 25.4396, 71.1872, 37.5155, -28.795, 47.7989, -161.792, 0.999735, -1.61881, 1.01179, -121.437, 0.993671, 118.564
3438, 57.29167, 25.463, 71.1866, 37.548, -28.7894, 47.8427, -161.802, 0.999751, -1.62007, 1.01187, -121.438, 0.993724, 118.562
3438, 57.30000, 25.4864, 71.186, 37.5805, -28.7839, 47.8865, -161.813, 0.999768, -1.62133, 1.01195, -121.439, 0.993777, 118.56
3439, 57.30833, 25.5098, 71.1854, 37.6131, -28.7783, 47.9304, -161.824, 0.999785, -1.62258, 1.01203, -121.441, 0.993831, 118.559
3439, 57.31667, 25.5332, 71.1847, 37.6457, -28.7728, 47.9744, -161.834, 0.999801, -1.62384, 1.01211, -121.442, 0.993884, 118.557
3440, 57.32500, 25.5567, 71.184, 37.6783, -28.7672, 48.0184, -161.845, 0.999818, -1.62509, 1.0122, -121.443, 0.993938, 118.556
3440, 57.33333, 25.5801, 71.1833, 37.7111, -28.7617, 48.0625, -161.856, 0.999835, -1.62634, 1.01228, -121.444, 0.993991, 118.554
3441, 57.34167, 25.6036, 71.1826, 37.7438, -28.7562, 48.1066, -161.866, 0.999852, -1.62759, 1.01236, -121.446, 0.994045, 118.552
3441, 57.35000, 25.6271, 71.1818, 37.7766, -28.7506, 48.1508, -161.877, 0.999868, -1.62884, 1.01244, -121.447, 0.994099, 118.551
3442, 57.35833, 25.6507, 71.181, 37.8095, -28.7451, 48.1951, -161.888, 0.999885, -1.63008, 1.01253, -121.448, 0.994153, 118.549
3442, 57.36667, 25.6742, 71.1802, 37.8424, -28.7396, 48.2394, -161.899, 0.999902, -1.63133, 1.01261, -121.449, 0.994207, 118.547
3443, 57.37500, 25.6978, 71.1794, 37.8753, -28.7341, 48.2838, -161.909, 0.999919, -1.63257, 1.01269, -121.451, 0.994261, 118.546
3443, 57.38333, 25.7214, 71.1785, 37.9083, -28.7286, 48.3282, -161.92, 0.999935, -1.63381, 1.01278, -121.452, 0.994315, 118.544
3444, 57.39167, 25.745, 71.1777, 37.9414, -28.7231, 48.3727, -161.931, 0.999952, -1.63505, 1.01286, -121.453, 0.994369, 118.542
3444, 57.40000, 25.7686, 71.1768, 37.9745, -28.7176, 48.4172, -161.941, 0.999969, -1.63629, 1.01294, -121.454, 0.994424, 118.541
3445, 57.40833, 25.7922, 71.1758, 38.0076, -28.7121, 48.4618, -161.952, 0.999986, -1.63753, 1.01303, -121.455, 0.994478, 118.539
3445, 57.41667, 25.8159, 71.1749, 38.0408, -28.7066, 48.5065, -161.963, 1, -1.63876, 1.01311, -121.457, 0.994533, 118.537
3446, 57.42500, 25.8396, 71.1739, 38.0741, -28.7011, 48.5512, -161.974, 1.00002, -1.64, 1.0132, -121.458, 0.994587, 118.536
3446, 57.43333, 25.8632, 71.1729, 38.1074, -28.6957, 48.596, -161.985, 1.00004, -1.64123, 1.01328, -121.459, 0.994642, 118.534
3447, 57.44167, 25.887, 71.1719, 38.1407, -28.6902, 48.6409, -161.995, 1.00005, -1.64246, 1.01336, -121.461, 0.994697, 118.532
3447, 57.45000, 25.9107, 71.1708, 38.1741, -28.6847, 48.6858, -162.006, 1.00007, -1.64369, 1.01345, -121.462, 0.994752, 118.531
3448, 57.45833, 25.9344, 71.1697, 38.2075, -28.6793, 48.7307, -162.017, 1.00009, -1.64492, 1.01353, -121.463, 0.994806, 118.529
3448, 57.46667, 25.9582, 71.1686, 38.241, -28.6738, 48.7758, -162.028, 1.0001, -1.64615, 1.01362, -121.464, 0.994861, 118.527
3449, 57.47500, 25.982, 71.1675, 38.2746, -28.6684, 48.8208, -162.039, 1.00012, -1.64737, 1.0137, -121.466, 0.994917, 118.525
3449, 57.48333, 26.0058, 71.1664, 38.3082, -28.6629, 48.866, -162.049, 1.00014, -1.6486, 1.01379, -121.467, 0.994972, 118.524
3450, 57.49167, 26.0296, 71.1652, 38.3418, -28.6575, 48.9112, -162.06, 1.00015, -1.64982, 1.01387, -121.468, 0.995027, 118.522
3450, 57.50000, 26.0535, 71.164, 38.3755, -28.652, 48.9564, -162.071, 1.00017, -1.65104, 1.01396, -121.469, 0.995082, 118.52
3451, 57.50833, 26.0773, 71.1628, 38.4093, -28.6466, 49.0018, -162.082, 1.00019, -1.65226, 1.01405, -121.471, 0.995138, 118.519
3451, 57.51667, 26.1012, 71.1616, 38.4431, -28.6412, 49.0471, -162.093, 1.0002, -1.65347, 1.01413, -121.472, 0.995193, 118.517
3452, 57.52500, 26.1251, 71.1603, 38.4769, -28.6358, 49.0926, -162.104, 1.00022, -1.65469, 1.01422, -121.473, 0.995249, 118.515
3452, 57.53333, 26.149, 71.159, 38.5108, -28.6303, 49.1381, -162.114, 1.00024, -1.6559, 1.0143, -121.475, 0.995305, 118.513
3453, 57.54167, 26.173, 71.1577, 38.5448, -28.6249, 49.1837, -162.125, 1.00025, -1.65712, 1.01439, -121.476, 0.99536, 118.512
3453, 57.55000, 26.1969, 71.1564, 38.5788, -28.6195, 49.2293, -162.136, 1.00027, -1.65833, 1.01448, -121.477, 0.995416, 118.51
3454, 57.55833, 26.2209, 71.155, 38.6129, -28.6141, 49.275, -162.147, 1.00029, -1.65953, 1.01456, -121.479, 0.995472, 118.508
3454, 57.56667, 26.2449, 71.1536, 38.647, -28.6087, 49.3207, -162.158, 1.00031, -1.66074, 1.01465, -121.48, 0.995528, 118.507
3455, 57.57500, 26.2689, 71.1522, 38.6811, -28.6033, 49.3666, -162.169, 1.00032, -1.66195, 1.01474, -121.481, 0.995584, 118.505
3455, 57.58333, 26.2929, 71.1508, 38.7153, -28.598, 49.4124, -162.18, 1.00034, -1.66315, 1.01483, -121.483, 0.995641, 118.503
3456, 57.59167, 26.317, 71.1493, 38.7496, -28.5926, 49.4584, -162.191, 1.00036, -1.66435, 1.01491, -121.484, 0.995697, 118.501
3456, 57.60000, 26.3411, 71.1478, 38.7839, -28.5872, 49.5044, -162.202, 1.00037, -1.66555, 1.015, -121.485, 0.995753, 118.5
3457, 57.60833, 26.3652, 71.1463, 38.8183, -28.5818, 49.5504, -162.212, 1.00039, -1.66675, 1.01509, -121.487, 0.99581, 118.498
3457, 57.61667, 26.3893, 71.1448, 38.8527, -28.5765, 49.5965, -162.223, 1.00041, -1.66795, 1.01518, -121.488, 0.995866, 118.496
3458, 57.62500, 26.4134, 71.1433, 38.8872, -28.5711, 49.6427, -162.234, 1.00042, -1.66914, 1.01527, -121.489, 0.995923, 118.494
3458, 57.63333, 26.4376, 71.1417, 38.9217, -28.5657, 49.689, -162.245, 1.00044, -1.67034, 1.01535, -121.491, 0.99598, 118.493
3459, 57.64167, 26.4617, 71.1401, 38.9563, -28.5604, 49.7353, -162.256, 1.00046, -1.67153, 1.01544, -121.492, 0.996036, 118.491
3459, 57.65000, 26.4859, 71.1385, 38.9909, -28.5551, 49.7817, -162.267, 1.00048, -1.67272, 1.01553, -121.493, 0.996093, 118.489
3460, 57.65833, 26.5101, 71.1368, 39.0256, -28.5497, 49.8281, -162.278, 1.00049, -1.67391, 1.01562, -121.495, 0.99615, 118.487
3460, 57.66667, 26.5343, 71.1351, 39.0603, -28.5444, 49.8746, -162.289, 1.00051, -1.67509, 1.01571, -121.496, 0.996207, 118.486
3461, 57.67500, 26.5586, 71.1335, 39.0951, -28.5391, 49.9212, -162.3, 1.00053, -1.67628, 1.0158, -121.497, 0.996265, 118.484
3461, 57.68333, 26.5829, 71.1317, 39.13, -28.5337, 49.9678, -162.311, 1.00054, -1.67746, 1.01589, -121.499, 0.996322, 118.482
3462, 57.69167, 26.6071, 71.13, 39.1649, -28.5284, 50.0145, -162.322, 1.00056, -1.67864, 1.01598, -121.5, 0.996379, 118.48
3462, 57.70000, 26.6315, 71.1282, 39.1998, -28.5231, 50.0613, -162.333, 1.00058, -1.67982, 1.01607, -121.501, 0.996437, 118.478
3463, 57.70833, 26.6558, 71.1264, 39.2348, -28.5178, 50.1081, -162.344, 1.00059, -1.681, 1.01616, -121.503, 0.996494, 118.477
3463, 57.71667, 26.6801, 71.1246, 39.2699, -28.5125, 50.155, -162.355, 1.00061, -1.68217, 1.01625, -121.504, 0.996552, 118.475
3464, 57.72500, 26.7045, 71.1228, 39.305, -28.5072, 50.2019, -162.366, 1.00063, -1.68335, 1.01634, -121.506, 0.99661, 118.473
3464, 57.73333, 26.7289, 71.1209, 39.3401, -28.5019, 50.2489, -162.377, 1.00065, -1.68452, 1.01643, -121.507, 0.996668, 118.471
3465, 57.74167, 26.7533, 71.1191, 39.3754, -28.4966, 50.296, -162.389, 1.00066, -1.68569, 1.01652, -121.508, 0.996725, 118.469
3465, 57.75000, 26.7777, 71.1172, 39.4106, -28.4913, 50.3431, -162.4, 1.00068, -1.68686, 1.01661, -121.51, 0.996783, 118.468
3466, 57.75833, 26.8022, 71.1152, 39.446, -28.4861, 50.3904, -162.411, 1.0007, -1.68802, 1.0167, -121.511, 0.996842, 118.466
3466, 57.76667, 26.8266, 71.1133, 39.4813, -28.4808, 50.4376, -162.422, 1.00071, -1.68919, 1.01679, -121.513, 0.9969, 118.464
3467, 57.77500, 26.8511, 71.1113, 39.5168, -28.4755, 50.485, -162.433, 1.00073, -1.69035, 1.01688, -121.514, 0.996958, 118.462
3467, 57.78333, 26.8756, 71.1093, 39.5523, -28.4703, 50.5324, -162.444, 1.00075, -1.69151, 1.01698, -121.515, 0.997016, 118.46
3468, 57.79167, 26.9001, 71.1073, 39.5878, -28.465, 50.5798, -162.455, 1.00077, -1.69267, 1.01707, -121.517, 0.997075, 118.459
3468, 57.80000, 26.9247, 71.1053, 39.6234, -28.4598, 50.6274, -162.466, 1.00078, -1.69383, 1.01716, -121.518, 0.997133, 118.457
3469, 57.80833, 26.9492, 71.1032, 39.6591, -28.4545, 50.675, -162.477, 1.0008, -1.69498, 1.01725, -121.52, 0.997192, 118.455
3469, 57.81667, 26.9738, 71.1011, 39.6948, -28.4493, 50.7227, -162.488, 1.00082, -1.69613, 1.01734, -121.521, 0.997251, 118.453
3470, 57.82500, 26.9984, 71.099, 39.7305, -28.4441, 50.7704, -162.5, 1.00084, -1.69728, 1.01744, -121.522, 0.99731, 118.451
3470, 57.83333, 27.0231, 71.0968, 39.7664, -28.4388, 50.8182, -162.511, 1.00085, -1.69843, 1.01753, -121.524, 0.997369, 118.45
3471, 57.84167, 27.0477, 71.0947, 39.8022, -28.4336, 50.8661, -162.522, 1.00087, -1.69958, 1.01762, -121.525, 0.997428, 118.448
3471, 57.85000, 27.0724, 71.0925, 39.8382, -28.4284, 50.914, -162.533, 1.00089, -1.70073, 1.01772, -121.527, 0.997487, 118.446
3472, 57.85833, 27.0971, 71.0903, 39.8742, -28.4232, 50.962, -162.544, 1.0009, -1.70187, 1.01781, -121.528, 0.997546, 118.444
3472, 57.86667, 27.1218, 71.0881, 39.9102, -28.418, 51.0101, -162.555, 1.00092, -1.70301, 1.0179, -121.53, 0.997606, 118.442
3473, 57.87500, 27.1465, 71.0858, 39.9463, -28.4128, 51.0582, -162.567, 1.00094, -1.70415, 1.018, -121.531, 0.997665, 118.44
3473, 57.88333, 27.1712, 71.0835, 39.9825, -28.4076, 51.1064, -162.578, 1.00096, -1.70528, 1.01809, -121.533, 0.997724, 118.438
3474, 57.89167, 27.196, 71.0812, 40.0187, -28.4024, 51.1547, -162.589, 1.00097, -1.70642, 1.01818, -121.534, 0.997784, 118.437
3474, 57.90000, 27.2208, 71.0789, 40.055, -28.3972, 51.203, -162.6, 1.00099, -1.70755, 1.01828, -121.536, 0.997844, 118.435
3475, 57.90833, 27.2456, 71.0766, 40.0913, -28.3921, 51.2514, -162.612, 1.00101, -1.70868, 1.01837, -121.537, 0.997904, 118.433
3475, 57.91667, 27.2705, 71.0742, 40.1277, -28.3869, 51.2999, -162.623, 1.00103, -1.70981, 1.01847, -121.538, 0.997963, 118.431
3476, 57.92500, 27.2953, 71.0718, 40.1641, -28.3817, 51.3484, -162.634, 1.00104, -1.71094, 1.01856, -121.54, 0.998024, 118.429
3476, 57.93333, 27.3202, 71.0694, 40.2006, -28.3766, 51.397, -162.645, 1.00106, -1.71206, 1.01866, -121.541, 0.998084, 118.427
3477, 57.94167, 27.3451, 71.067, 40.2372, -28.3714, 51.4457, -162.657, 1.00108, -1.71319, 1.01875, -121.543, 0.998144, 118.425
3477, 57.95000, 27.37, 71.0645, 40.2738, -28.3663, 51.4945, -162.668, 1.0011, -1.71431, 1.01885, -121.544, 0.998204, 118.423
3478, 57.95833, 27.3949, 71.062, 40.3104, -28.3611, 51.5433, -162.679, 1.00111, -1.71542, 1.01894, -121.546, 0.998265, 118.422
3478, 57.96667, 27.4199, 71.0595, 40.3472, -28.356, 51.5922, -162.691, 1.00113, -1.71654, 1.01904, -121.547, 0.998325, 118.42
3479, 57.97500, 27.4449, 71.057, 40.384, -28.3509, 51.6411, -162.702, 1.00115, -1.71765, 1.01913, -121.549, 0.998386, 118.418
3479, 57.98333, 27.4699, 71.0544, 40.4208, -28.3458, 51.6902, -162.713, 1.00117, -1.71877, 1.01923, -121.55, 0.998446, 118.416
3480, 57.99167, 27.4949, 71.0519, 40.4577, -28.3406, 51.7393, -162.725, 1.00118, -1.71988, 1.01933, -121.552, 0.998507, 118.414
3480, 58.00000, 27.5199, 71.0493, 40.4947, -28.3355, 51.7884, -162.736, 1.0012, -1.72098, 1.01942, -121.554, 0.998568, 118.412
3481, 58.00833, 27.545, 71.0466, 40.5317, -28.3304, 51.8377, -162.747, 1.00122, -1.72209, 1.01952, -121.555, 0.998629, 118.41
3481, 58.01667, 27.5701, 71.044, 40.5688, -28.3253, 51.887, -162.759, 1.00124, -1.72319, 1.01962, -121.557, 0.99869, 118.408
3482, 58.02500, 27.5952, 71.0413, 40.6059, -28.3202, 51.9364, -162.77, 1.00126, -1.72429, 1.01971, -121.558, 0.998751, 118.406
3482, 58.03333, 27.6203, 71.0386, 40.6431, -28.3151, 51.9858, -162.781, 1.00127, -1.72539, 1.01981, -121.56, 0.998813, 118.404
3483, 58.04167, 27.6454, 71.0359, 40.6804, -28.3101, 52.0353, -162.793, 1.00129, -1.72649, 1.01991, -121.561, 0.998874, 118.403
3483, 58.05000, 27.6706, 71.0332, 40.7177, -28.305, 52.0849, -162.804, 1.00131, -1.72758, 1.02001, -121.563, 0.998936, 118.401
3484, 58.05833, 27.6958, 71.0304, 40.755, -28.2999, 52.1346, -162.816, 1.00133, -1.72868, 1.02011, -121.564, 0.998997, 118.399
3484, 58.06667, 27.721, 71.0276, 40.7925, -28.2948, 52.1843, -162.827, 1.00134, -1.72977, 1.0202, -121.566, 0.999059, 118.397
3485, 58.07500, 27.7462, 71.0248, 40.83, -28.2898, 52.2341, -162.838, 1.00136, -1.73086, 1.0203, -121.567, 0.999121, 118.395
3485, 58.08333, 27.7715, 71.022, 40.8675, -28.2847, 52.284, -162.85, 1.00138, -1.73194, 1.0204, -121.569, 0.999183, 118.393
3486, 58.09167, 27.7968, 71.0192, 40.9051, -28.2797, 52.3339, -162.861, 1.0014, -1.73303, 1.0205, -121.571, 0.999245, 118.391
3486, 58.10000, 27.8221, 71.0163, 40.9428, -28.2747, 52.3839, -162.873, 1.00142, -1.73411, 1.0206, -121.572, 0.999307, 118.389
3487, 58.10833, 27.8474, 71.0134, 40.9805, -28.2696, 52.434, -162.884, 1.00143, -1.73519, 1.0207, -121.574, 0.999369, 118.387
3487, 58.11667, 27.8727, 71.0105, 41.0183, -28.2646, 52.4842, -162.896, 1.00145, -1.73626, 1.0208, -121.575, 0.999431, 118.385
3488, 58.12500, 27.8981, 71.0075, 41.0562, -28.2596, 52.5344, -162.907, 1.00147, -1.73734, 1.0209, -121.577, 0.999494, 118.383
3488, 58.13333, 27.9235, 71.0046, 41.0941, -28.2546, 52.5847, -162.919, 1.00149, -1.73841, 1.021, -121.578, 0.999556, 118.381
3489, 58.14167, 27.9489, 71.0016, 41.132, -28.2496, 52.6351, -162.93, 1.00151, -1.73948, 1.0211, -121.58, 0.999619, 118.379
3489, 58.15000, 27.9743, 70.9986, 41.1701, -28.2446, 52.6856, -162.942, 1.00152, -1.74055, 1.0212, -121.582, 0.999682, 118.377
3490, 58.15833, 27.9998, 70.9955, 41.2082, -28.2396, 52.7361, -162.953, 1.00154, -1.74161, 1.0213, -121.583, 0.999745, 118.375
3490, 58.16667, 28.0252, 70.9925, 41.2463, -28.2346, 52.7867, -162.965, 1.00156, -1.74268, 1.0214, -121.585, 0.999808, 118.373
3491, 58.17500, 28.0507, 70.9894, 41.2845, -28.2296, 52.8373, -162.976, 1.00158, -1.74374, 1.0215, -121.586, 0.999871, 118.371
3491, 58.18333, 28.0762, 70.9863, 41.3228, -28.2246, 52.8881, -162.988, 1.0016, -1.7448, 1.0216, -121.588, 0.999934, 118.369
3492, 58.19167, 28.1018, 70.9832, 41.3611, -28.2196, 52.9389, -163, 1.00161, -1.74585, 1.0217, -121.59, 0.999997, 118.367
3492, 58.20000, 28.1273, 70.98, 41.3995, -28.2147, 52.9898, -163.011, 1.00163, -1.74691, 1.0218, -121.591, 1.00006, 118.365
3493, 58.20833, 28.1529, 70.9769, 41.438, -28.2097, 53.0408, -163.023, 1.00165, -1.74796, 1.0219, -121.593, 1.00012, 118.363
3493, 58.21667, 28.1785, 70.9737, 41.4765, -28.2048, 53.0918, -163.034, 1.00167, -1.74901, 1.022, -121.595, 1.00019, 118.361
3494, 58.22500, 28.2041, 70.9705, 41.5151, -28.1998, 53.1429, -163.046, 1.00169, -1.75005, 1.02211, -121.596, 1.00025, 118.359
3494, 58.23333, 28.2298, 70.9672, 41.5538, -28.1949, 53.1941, -163.058, 1.00171, -1.7511, 1.02221, -121.598, 1.00032, 118.357
3495, 58.24167, 28.2555, 70.964, 41.5925, -28.1899, 53.2454, -163.069, 1.00172, -1.75214, 1.02231, -121.6, 1.00038, 118.355
3495, 58.25000, 28.2812, 70.9607, 41.6313, -28.185, 53.2967, -163.081, 1.00174, -1.75318, 1.02241, -121.601, 1.00044, 118.353
3496, 58.25833, 28.3069, 70.9574, 41.6701, -28.1801, 53.3482, -163.093, 1.00176, -1.75422, 1.02252, -121.603, 1.00051, 118.351
3496, 58.26667, 28.3326, 70.954, 41.709, -28.1752, 53.3997, -163.104, 1.00178, -1.75525, 1.02262, -121.605, 1.00057, 118.349
3497, 58.27500, 28.3584, 70.9507, 41.7479, -28.1703, 53.4512, -163.116, 1.0018, -1.75628, 1.02272, -121.606, 1.00064, 118.347
3497, 58.28333, 28.3842, 70.9473, 41.787, -28.1654, 53.5029, -163.128, 1.00182, -1.75731, 1.02283, -121.608, 1.0007, 118.345
3498, 58.29167, 28.41, 70.9439, 41.8261, -28.1605, 53.5546, -163.139, 1.00183, -1.75834, 1.02293, -121.61, 1.00077, 118.343
3498, 58.30000, 28.4358, 70.9405, 41.8652, -28.1556, 53.6064, -163.151, 1.00185, -1.75937, 1.02303, -121.611, 1.00083, 118.341
3499, 58.30833, 28.4616, 70.937, 41.9044, -28.1507, 53.6583, -163.163, 1.00187, -1.76039, 1.02314, -121.613, 1.00089, 118.339
3499, 58.31667, 28.4875, 70.9336, 41.9437, -28.1458, 53.7102, -163.175, 1.00189, -1.76141, 1.02324, -121.615, 1.00096, 118.337
3500, 58.32500, 28.5134, 70.9301, 41.9831, -28.141, 53.7622, -163.186, 1.00191, -1.76243, 1.02335, -121.616, 1.00102, 118.335
3500, 58.33333, 28.5393, 70.9266, 42.0225, -28.1361, 53.8143, -163.198, 1.00193, -1.76344, 1.02345, -121.618, 1.00109, 118.333
3501, 58.34167, 28.5653, 70.923, 42.0619, -28.1313, 53.8665, -163.21, 1.00195, -1.76445, 1.02356, -121.62, 1.00115, 118.331
3501, 58.35000, 28.5912, 70.9195, 42.1015, -28.1264, 53.9188, -163.222, 1.00196, -1.76547, 1.02366, -121.621, 1.00122, 118.329
3502, 58.35833, 28.6172, 70.9159, 42.1411, -28.1216, 53.9711, -163.234, 1.00198, -1.76647, 1.02377, -121.623, 1.00129, 118.327
3502, 58.36667, 28.6432, 70.9123, 42.1807, -28.1167, 54.0235, -163.245, 1.002, -1.76748, 1.02387, -121.625, 1.00135, 118.325
3503, 58.37500, 28.6693, 70.9087, 42.2205, -28.1119, 54.076, -163.257, 1.00202, -1.76848, 1.02398, -121.627, 1.00142, 118.322
3503, 58.38333, 28.6953, 70.905, 42.2603, -28.1071, 54.1286, -163.269, 1.00204, -1.76948, 1.02408, -121.628, 1.00148, 118.32
3504, 58.39167, 28.7214, 70.9014, 42.3001, -28.1023, 54.1813, -163.281, 1.00206, -1.77048, 1.02419, -121.63, 1.00155, 118.318
3504, 58.40000, 28.7475, 70.8977, 42.3401, -28.0975, 54.234, -163.293, 1.00208, -1.77147, 1.0243, -121.632, 1.00161, 118.316
3505, 58.40833, 28.7736, 70.8939, 42.38, -28.0927, 54.2868, -163.305, 1.0021, -1.77247, 1.0244, -121.634, 1.00168, 118.314
3505, 58.41667, 28.7998, 70.8902, 42.4201, -28.0879, 54.3397, -163.317, 1.00212, -1.77346, 1.02451, -121.635, 1.00175, 118.312
3506, 58.42500, 28.826, 70.8864, 42.4602, -28.0831, 54.3927, -163.329, 1.00213, -1.77445, 1.02462, -121.637, 1.00181, 118.31
3506, 58.43333, 28.8522, 70.8827, 42.5004, -28.0783, 54.4457, -163.34, 1.00215, -1.77543, 1.02473, -121.639, 1.00188, 118.308
3507, 58.44167, 28.8784, 70.8789, 42.5407, -28.0735, 54.4988, -163.352, 1.00217, -1.77641, 1.02483, -121.641, 1.00195, 118.306
3507, 58.45000, 28.9046, 70.875, 42.581, -28.0688, 54.552, -163.364, 1.00219, -1.77739, 1.02494, -121.643, 1.00201, 118.304
3508, 58.45833, 28.9309, 70.8712, 42.6214, -28.064, 54.6053, -163.376, 1.00221, -1.77837, 1.02505, -121.644, 1.00208, 118.301
3508, 58.46667, 28.9572, 70.8673, 42.6618, -28.0593, 54.6587, -163.388, 1.00223, -1.77935, 1.02516, -121.646, 1.00215, 118.299
3509, 58.47500, 28.9835, 70.8634, 42.7024, -28.0545, 54.7121, -163.4, 1.00225, -1.78032, 1.02527, -121.648, 1.00221, 118.297
3509, 58.48333, 29.0098, 70.8595, 42.743, -28.0498, 54.7657, -163.412, 1.00227, -1.78129, 1.02537, -121.65, 1.00228, 118.295
3510, 58.49167, 29.0362, 70.8555, 42.7836, -28.045, 54.8193, -163.424, 1.00229, -1.78225, 1.02548, -121.651, 1.00235, 118.293
3510, 58.50000, 29.0626, 70.8516, 42.8243, -28.0403, 54.873, -163.436, 1.00231, -1.78322, 1.02559, -121.653, 1.00242, 118.291
3511, 58.50833, 29.089, 70.8476, 42.8651, -28.0356, 54.9267, -163.448, 1.00233, -1.78418, 1.0257, -121.655, 1.00248, 118.289
3511, 58.51667, 29.1154, 70.8436, 42.906, -28.0309, 54.9806, -163.46, 1.00235, -1.78514, 1.02581, -121.657, 1.00255, 118.287
3512, 58.52500, 29.1419, 70.8395, 42.9469, -28.0262, 55.0345, -163.472, 1.00236, -1.7861, 1.02592, -121.659, 1.00262, 118.284
3512, 58.53333, 29.1684, 70.8355, 42.9879, -28.0215, 55.0885, -163.484, 1.00238, -1.78705, 1.02603, -121.661, 1.00269, 118.282
3513, 58.54167, 29.1949, 70.8314, 43.029, -28.0168, 55.1426, -163.496, 1.0024, -1.788, 1.02614, -121.662, 1.00276, 118.28
3513, 58.55000, 29.2214, 70.8273, 43.0701, -28.0121, 55.1968, -163.509, 1.00242, -1.78895, 1.02625, -121.664, 1.00282, 118.278
3514, 58.55833, 29.2479, 70.8232, 43.1113, -28.0075, 55.2511, -163.521, 1.00244, -1.7899, 1.02636, -121.666, 1.00289, 118.276
3514, 58.56667, 29.2745, 70.819, 43.1526, -28.0028, 55.3054, -163.533, 1.00246, -1.79084, 1.02647, -121.668, 1.00296, 118.274
3515, 58.57500, 29.3011, 70.8148, 43.1939, -27.9981, 55.3598, -163.545, 1.00248, -1.79178, 1.02659, -121.67, 1.00303, 118.271
3515, 58.58333, 29.3278, 70.8107, 43.2354, -27.9935, 55.4144, -163.557, 1.0025, -1.79272, 1.0267, -121.672, 1.0031, 118.269
3516, 58.59167, 29.3544, 70.8064, 43.2768, -27.9888, 55.469, -163.569, 1.00252, -1.79365, 1.02681, -121.674, 1.00317, 118.267
3516, 58.60000, 29.3811, 70.8022, 43.3184, -27.9842, 55.5236, -163.581, 1.00254, -1.79459, 1.02692, -121.675, 1.00324, 118.265
3517, 58.60833, 29.4078, 70.7979, 43.36, -27.9796, 55.5784, -163.594, 1.00256, -1.79552, 1.02703, -121.677, 1.0033, 118.263
3517, 58.61667, 29.4345, 70.7937, 43.4017, -27.9749, 55.6333, -163.606, 1.00258, -1.79644, 1.02715, -121.679, 1.00337, 118.26
3518, 58.62500, 29.4612, 70.7894, 43.4435, -27.9703, 55.6882, -163.618, 1.0026, -1.79737, 1.02726, -121.681, 1.00344, 118.258
3518, 58.63333, 29.488, 70.785, 43.4853, -27.9657, 55.7432, -163.63, 1.00262, -1.79829, 1.02737, -121.683, 1.00351, 118.256
3519, 58.64167, 29.5148, 70.7807, 43.5272, -27.9611, 55.7983, -163.642, 1.00264, -1.79921, 1.02749, -121.685, 1.00358, 118.254
3519, 58.65000, 29.5416, 70.7763, 43.5692, -27.9565, 55.8535, -163.655, 1.00266, -1.80013, 1.0276, -121.687, 1.00365, 118.251
3520, 58.65833, 29.5685, 70.7719, 43.6112, -27.9519, 55.9088, -163.667, 1.00268, -1.80104, 1.02771, -121.689, 1.00372, 118.249
3520, 58.66667, 29.5954, 70.7675, 43.6533, -27.9474, 55.9641, -163.679, 1.0027, -1.80195, 1.02783, -121.691, 1.00379, 118.247
3521, 58.67500, 29.6223, 70.763, 43.6955, -27.9428, 56.0196, -163.691, 1.00272, -1.80286, 1.02794, -121.693, 1.00386, 118.245
3521, 58.68333, 29.6492, 70.7586, 43.7377, -27.9382, 56.0751, -163.704, 1.00274, -1.80376, 1.02805, -121.695, 1.00393, 118.243
3522, 58.69167, 29.6761, 70.7541, 43.7801, -27.9337, 56.1307, -163.716, 1.00276, -1.80467, 1.02817, -121.697, 1.004, 118.24
3522, 58.70000, 29.7031, 70.7496, 43.8225, -27.9291, 56.1864, -163.728, 1.00278, -1.80557, 1.02828, -121.698, 1.00407, 118.238
3523, 58.70833, 29.7301, 70.745, 43.8649, -27.9246, 56.2422, -163.741, 1.0028, -1.80646, 1.0284, -121.7, 1.00414, 118.236
3523, 58.71667, 29.7571, 70.7405, 43.9075, -27.9201, 56.2981, -163.753, 1.00282, -1.80736, 1.02851, -121.702, 1.00421, 118.234
3524, 58.72500, 29.7841, 70.7359, 43.9501, -27.9155, 56.354, -163.765, 1.00284, -1.80825, 1.02863, -121.704, 1.00428, 118.231
3524, 58.73333, 29.8112, 70.7313, 43.9928, -27.911, 56.4101, -163.778, 1.00286, -1.80914, 1.02875, -121.706, 1.00435, 118.229
3525, 58.74167, 29.8383, 70.7267, 44.0355, -27.9065, 56.4662, -163.79, 1.00288, -1.81003, 1.02886, -121.708, 1.00443, 118.227
3525, 58.75000, 29.8654, 70.722, 44.0784, -27.902, 56.5224, -163.803, 1.0029, -1.81091, 1.02898, -121.71, 1.0045, 118.224
3526, 58.75833, 29.8926, 70.7173, 44.1213, -27.8975, 56.5788, -163.815, 1.00292, -1.81179, 1.02909, -121.712, 1.00457, 118.222
3526, 58.76667, 29.9198, 70.7126, 44.1643, -27.893, 56.6352, -163.828, 1.00294, -1.81267, 1.02921, -121.714, 1.00464, 118.22
3527, 58.77500, 29.947, 70.7079, 44.2073, -27.8886, 56.6917, -163.84, 1.00296, -1.81354, 1.02933, -121.716, 1.00471, 118.218
3527, 58.78333, 29.9742, 70.7032, 44.2504, -27.8841, 56.7482, -163.852, 1.00299, -1.81441, 1.02945, -121.718, 1.00478, 118.215
3528, 58.79167, 30.0014, 70.6984, 44.2936, -27.8796, 56.8049, -163.865, 1.00301, -1.81528, 1.02956, -121.72, 1.00485, 118.213
3528, 58.80000, 30.0287, 70.6936, 44.3369, -27.8752, 56.8617, -163.877, 1.00303, -1.81615, 1.02968, -121.722, 1.00493, 118.211
3529, 58.80833, 30.056, 70.6888, 44.3803, -27.8707, 56.9185, -163.89, 1.00305, -1.81701, 1.0298, -121.724, 1.005, 118.208
3529, 58.81667, 30.0833, 70.684, 44.4237, -27.8663, 56.9754, -163.902, 1.00307, -1.81787, 1.02992, -121.726, 1.00507, 118.206
3530, 58.82500, 30.1107, 70.6791, 44.4672, -27.8619, 57.0325, -163.915, 1.00309, -1.81873, 1.03004, -121.728, 1.00514, 118.204
3530, 58.83333, 30.138, 70.6742, 44.5108, -27.8575, 57.0896, -163.928, 1.00311, -1.81959, 1.03016, -121.731, 1.00522, 118.201
3531, 58.84167, 30.1654, 70.6693, 44.5544, -27.853, 57.1468, -163.94, 1.00313, -1.82044, 1.03027, -121.733, 1.00529, 118.199
3531, 58.85000, 30.1929, 70.6644, 44.5981, -27.8486, 57.2041, -163.953, 1.00315, -1.82129, 1.03039, -121.735, 1.00536, 118.197
3532, 58.85833, 30.2203, 70.6595, 44.6419, -27.8442, 57.2615, -163.965, 1.00317, -1.82213, 1.03051, -121.737, 1.00543, 118.194
3532, 58.86667, 30.2478, 70.6545, 44.6858, -27.8399, 57.319, -163.978, 1.00319, -1.82298, 1.03063, -121.739, 1.00551, 118.192
3533, 58.87500, 30.2753, 70.6495, 44.7298, -27.8355, 57.3765, -163.991, 1.00322, -1.82382, 1.03075, -121.741, 1.00558, 118.19
3533, 58.88333, 30.3028, 70.6445, 44.7738, -27.8311, 57.4342, -164.003, 1.00324, -1.82466, 1.03087, -121.743, 1.00565, 118.187
3534, 58.89167, 30.3304, 70.6394, 44.8179, -27.8267, 57.4919, -164.016, 1.00326, -1.82549, 1.03099, -121.745, 1.00573, 118.185
3534, 58.90000, 30.358, 70.6344, 44.8621, -27.8224, 57.5498, -164.029, 1.00328, -1.82632, 1.03111, -121.747, 1.0058, 118.183
3535, 58.90833, 30.3856, 70.6293, 44.9063, -27.8181, 57.6077, -164.041, 1.0033, -1.82715, 1.03124, -121.749, 1.00587, 118.18
3535, 58.91667, 30.4132, 70.6242, 44.9507, -27.8137, 57.6657, -164.054, 1.00332, -1.82798, 1.03136, -121.751, 1.00595, 118.178
3536, 58.92500, 30.4409, 70.619, 44.9951, -27.8094, 57.7239, -164.067, 1.00334, -1.8288, 1.03148, -121.753, 1.00602, 118.175
3536, 58.93333, 30.4686, 70.6139, 45.0395, -27.8051, 57.7821, -164.079, 1.00336, -1.82962, 1.0316, -121.756, 1.0061, 118.173
3537, 58.94167, 30.4963, 70.6087, 45.0841, -27.8008, 57.8404, -164.092, 1.00339, -1.83044, 1.03172, -121.758, 1.00617, 118.171
3537, 58.95000, 30.5241, 70.6035, 45.1288, -27.7964, 57.8988, -164.105, 1.00341, -1.83126, 1.03185, -121.76, 1.00624, 118.168
3538, 58.95833, 30.5518, 70.5983, 45.1735, -27.7922, 57.9573, -164.118, 1.00343, -1.83207, 1.03197, -121.762, 1.00632, 118.166
3538, 58.96667, 30.5796, 70.593, 45.2183, -27.7879, 58.0159, -164.13, 1.00345, -1.83288, 1.03209, -121.764, 1.00639, 118.163
3539, 58.97500, 30.6074, 70.5878, 45.2631, -27.7836, 58.0746, -164.143, 1.00347, -1.83368, 1.03221, -121.766, 1.00647, 118.161
3539, 58.98333, 30.6353, 70.5825, 45.3081, -27.7793, 58.1333, -164.156, 1.00349, -1.83449, 1.03234, -121.769, 1.00654, 118.159
3540, 58.99167, 30.6632, 70.5771, 45.3531, -27.7751, 58.1922, -164.169, 1.00352, -1.83529, 1.03246, -121.771, 1.00662, 118.156
3540, 59.00000, 30.6911, 70.5718, 45.3982, -27.7708, 58.2512, -164.182, 1.00354, -1.83608, 1.03259, -121.773, 1.00669, 118.154
3541, 59.00833, 30.719, 70.5664, 45.4434, -27.7666, 58.3102, -164.195, 1.00356, -1.83688, 1.03271, -121.775, 1.00677, 118.151
3541, 59.01667, 30.747, 70.5611, 45.4887, -27.7623, 58.3694, -164.207, 1.00358, -1.83767, 1.03283, -121.777, 1.00684, 118.149
3542, 59.02500, 30.7749, 70.5556, 45.5341, -27.7581, 58.4287, -164.22, 1.0036, -1.83846, 1.03296, -121.779, 1.00692, 118.146
3542, 59.03333, 30.803, 70.5502, 45.5795, -27.7539, 58.488, -164.233, 1.00363, -1.83924, 1.03308, -121.782, 1.007, 118.144
3543, 59.04167, 30.831, 70.5447, 45.625, -27.7497, 58.5475, -164.246, 1.00365, -1.84002, 1.03321, -121.784, 1.00707, 118.141
3543, 59.05000, 30.8591, 70.5393, 45.6706, -27.7455, 58.607, -164.259, 1.00367, -1.8408, 1.03334, -121.786, 1.00715, 118.139
3544, 59.05833, 30.8872, 70.5338, 45.7163, -27.7413, 58.6666, -164.272, 1.00369, -1.84158, 1.03346, -121.788, 1.00722, 118.137
3544, 59.06667, 30.9153, 70.5282, 45.762, -27.7371, 58.7264, -164.285, 1.00372, -1.84235, 1.03359, -121.791, 1.0073, 118.134
3545, 59.07500, 30.9434, 70.5227, 45.8078, -27.7329, 58.7862, -164.298, 1.00374, -1.84312, 1.03371, -121.793, 1.00738, 118.132
3545, 59.08333, 30.9716, 70.5171, 45.8538, -27.7288, 58.8462, -164.311, 1.00376, -1.84389, 1.03384, -121.795, 1.00745, 118.129
3546, 59.09167, 30.9998, 70.5115, 45.8998, -27.7246, 58.9062, -164.324, 1.00378, -1.84466, 1.03397, -121.797, 1.00753, 118.127
3546, 59.10000, 31.028, 70.5059, 45.9458, -27.7205, 58.9663, -164.337, 1.00381, -1.84542, 1.0341, -121.8, 1.00761, 118.124
3547, 59.10833, 31.0563, 70.5002, 45.992, -27.7163, 59.0265, -164.35, 1.00383, -1.84618, 1.03422, -121.802, 1.00768, 118.122
3547, 59.11667, 31.0846, 70.4946, 46.0382, -27.7122, 59.0869, -164.363, 1.00385, -1.84693, 1.03435, -121.804, 1.00776, 118.119
3548, 59.12500, 31.1129, 70.4889, 46.0846, -27.7081, 59.1473, -164.376, 1.00387, -1.84769, 1.03448, -121.806, 1.00784, 118.117
3548, 59.13333, 31.1412, 70.4832, 46.131, -27.704, 59.2078, -164.39, 1.0039, -1.84844, 1.03461, -121.809, 1.00792, 118.114
3549, 59.14167, 31.1696, 70.4774, 46.1774, -27.6999, 59.2685, -164.403, 1.00392, -1.84918, 1.03474, -121.811, 1.00799, 118.112
3549, 59.15000, 31.198, 70.4717, 46.224, -27.6958, 59.3292, -164.416, 1.00394, -1.84993, 1.03486, -121.813, 1.00807, 118.109
3550, 59.15833, 31.2264, 70.4659, 46.2707, -27.6917, 59.39, -164.429, 1.00397, -1.85067, 1.03499, -121.816, 1.00815, 118.106
3550, 59.16667, 31.2549, 70.4601, 46.3174, -27.6877, 59.4509, -164.442, 1.00399, -1.8514, 1.03512, -121.818, 1.00823, 118.104
3551, 59.17500, 31.2834, 70.4542, 46.3642, -27.6836, 59.512, -164.455, 1.00401, -1.85214, 1.03525, -121.82, 1.00831, 118.101
3551, 59.18333, 31.3119, 70.4484, 46.4111, -27.6795, 59.5731, -164.469, 1.00404, -1.85287, 1.03538, -121.823, 1.00838, 118.099
3552, 59.19167, 31.3404, 70.4425, 46.4581, -27.6755, 59.6343, -164.482, 1.00406, -1.8536, 1.03551, -121.825, 1.00846, 118.096
3552, 59.20000, 31.369, 70.4366, 46.5052, -27.6715, 59.6956, -164.495, 1.00408, -1.85433, 1.03564, -121.827, 1.00854, 118.094
3553, 59.20833, 31.3976, 70.4306, 46.5523, -27.6675, 59.7571, -164.508, 1.00411, -1.85505, 1.03578, -121.83, 1.00862, 118.091
3553, 59.21667, 31.4262, 70.4247, 46.5996, -27.6634, 59.8186, -164.522, 1.00413, -1.85577, 1.03591, -121.832, 1.0087, 118.088
3554, 59.22500, 31.4548, 70.4187, 46.6469, -27.6594, 59.8802, -164.535, 1.00415, -1.85648, 1.03604, -121.834, 1.00878, 118.086
3554, 59.23333, 31.4835, 70.4127, 46.6943, -27.6554, 59.942, -164.548, 1.00418, -1.8572, 1.03617, -121.837, 1.00886, 118.083
3555, 59.24167, 31.5122, 70.4067, 46.7418, -27.6515, 60.0038, -164.562, 1.0042, -1.85791, 1.0363, -121.839, 1.00894, 118.081
3555, 59.25000, 31.541, 70.4007, 46.7894, -27.6475, 60.0658, -164.575, 1.00422, -1.85862, 1.03643, -121.842, 1.00902, 118.078
3556, 59.25833, 31.5697, 70.3946, 46.8371, -27.6435, 60.1278, -164.588, 1.00425, -1.85932, 1.03657, -121.844, 1.0091, 118.076
3556, 59.26667, 31.5985, 70.3885, 46.8848, -27.6396, 60.19, -164.602, 1.00427, -1.86002, 1.0367, -121.846, 1.00918, 118.073
3557, 59.27500, 31.6273, 70.3824, 46.9327, -27.6356, 60.2522, -164.615, 1.0043, -1.86072, 1.03683, -121.849, 1.00926, 118.07
3557, 59.28333, 31.6562, 70.3762, 46.9806, -27.6317, 60.3146, -164.629, 1.00432, -1.86142, 1.03697, -121.851, 1.00934, 118.068
3558, 59.29167, 31.6851, 70.3701, 47.0286, -27.6278, 60.377, -164.642, 1.00434, -1.86211, 1.0371, -121.854, 1.00942, 118.065
3558, 59.30000, 31.714, 70.3639, 47.0767, -27.6238, 60.4396, -164.655, 1.00437, -1.8628, 1.03723, -121.856, 1.0095, 118.062
3559, 59.30833, 31.7429, 70.3577, 47.1249, -27.6199, 60.5023, -164.669, 1.00439, -1.86349, 1.03737, -121.859, 1.00958, 118.06
3559, 59.31667, 31.7719, 70.3514, 47.1732, -27.616, 60.5651, -164.682, 1.00442, -1.86417, 1.0375, -121.861, 1.00966, 118.057
3560, 59.32500, 31.8009, 70.3451, 47.2215, -27.6122, 60.6279, -164.696, 1.00444, -1.86485, 1.03764, -121.864, 1.00974, 118.054
3560, 59.33333, 31.8299, 70.3389, 47.27, -27.6083, 60.6909, -164.709, 1.00447, -1.86553, 1.03777, -121.866, 1.00982, 118.052
3561, 59.34167, 31.859, 70.3326, 47.3185, -27.6044, 60.754, -164.723, 1.00449, -1.8662, 1.03791, -121.869, 1.0099, 118.049
3561, 59.35000, 31.8881, 70.3262, 47.3672, -27.6006, 60.8172, -164.737, 1.00451, -1.86687, 1.03805, -121.871, 1.00998, 118.046
3562, 59.35833, 31.9172, 70.3199, 47.4159, -27.5967, 60.8805, -164.75, 1.00454, -1.86754, 1.03818, -121.874, 1.01007, 118.044
3562, 59.36667, 31.9463, 70.3135, 47.4647, -27.5929, 60.944, -164.764, 1.00456, -1.86821, 1.03832, -121.876, 1.01015, 118.041
3563, 59.37500, 31.9755, 70.3071, 47.5136, -27.5891, 61.0075, -164.777, 1.00459, -1.86887, 1.03846, -121.879, 1.01023, 118.038
3563, 59.38333, 32.0047, 70.3006, 47.5626, -27.5852, 61.0711, -164.791, 1.00461, -1.86953, 1.03859, -121.881, 1.01031, 118.036
3564, 59.39167, 32.0339, 70.2942, 47.6117, -27.5814, 61.1349, -164.805, 1.00464, -1.87018, 1.03873, -121.884, 1.01039, 118.033
3564, 59.40000, 32.0632, 70.2877, 47.6608, -27.5777, 61.1987, -164.818, 1.00466, -1.87084, 1.03887, -121.886, 1.01048, 118.03
3565, 59.40833, 32.0925, 70.2812, 47.7101, -27.5739, 61.2627, -164.832, 1.00469, -1.87149, 1.03901, -121.889, 1.01056, 118.027
3565, 59.41667, 32.1218, 70.2747, 47.7594, -27.5701, 61.3268, -164.846, 1.00471, -1.87213, 1.03914, -121.891, 1.01064, 118.025
3566, 59.42500, 32.1512, 70.2681, 47.8089, -27.5663, 61.3909, -164.859, 1.00474, -1.87278, 1.03928, -121.894, 1.01073, 118.022
3566, 59.43333, 32.1806, 70.2615, 47.8584, -27.5626, 61.4552, -164.873, 1.00476, -1.87342, 1.03942, -121.896, 1.01081, 118.019
3567, 59.44167, 32.21, 70.2549, 47.908, -27.5588, 61.5196, -164.887, 1.00479, -1.87405, 1.03956, -121.899, 1.01089, 118.016
3567, 59.45000, 32.2394, 70.2483, 47.9577, -27.5551, 61.5841, -164.901, 1.00481, -1.87469, 1.0397, -121.902, 1.01098, 118.014
3568, 59.45833, 32.2689, 70.2416, 48.0075, -27.5514, 61.6487, -164.915, 1.00484, -1.87532, 1.03984, -121.904, 1.01106, 118.011
3568, 59.46667, 32.2984, 70.235, 48.0574, -27.5477, 61.7135, -164.928, 1.00487, -1.87595, 1.03998, -121.907, 1.01114, 118.008
3569, 59.47500, 32.3279, 70.2283, 48.1074, -27.544, 61.7783, -164.942, 1.00489, -1.87658, 1.04012, -121.909, 1.01123, 118.005
3569, 59.48333, 32.3575, 70.2215, 48.1575, -27.5403, 61.8433, -164.956, 1.00492, -1.8772, 1.04026, -121.912, 1.01131, 118.003
3570, 59.49167, 32.3871, 70.2148, 48.2077, -27.5366, 61.9083, -164.97, 1.00494, -1.87782, 1.0404, -121.915, 1.01139, 118
3570, 59.50000, 32.4167, 70.208, 48.2579, -27.533, 61.9735, -164.984, 1.00497, -1.87843, 1.04054, -121.917, 1.01148, 117.997
3571, 59.50833, 32.4464, 70.2012, 48.3083, -27.5293, 62.0388, -164.998, 1.005, -1.87905, 1.04069, -121.92, 1.01156, 117.994
3571, 59.51667, 32.4761, 70.1944, 48.3588, -27.5257, 62.1042, -165.012, 1.00502, -1.87966, 1.04083, -121.923, 1.01165, 117.991
3572, 59.52500, 32.5058, 70.1876, 48.4093, -27.522, 62.1697, -165.026, 1.00505, -1.88026, 1.04097, -121.925, 1.01173, 117.989
3572, 59.53333, 32.5355, 70.1807, 48.4599, -27.5184, 62.2353, -165.04, 1.00507, -1.88087, 1.04111, -121.928, 1.01182, 117.986
3573, 59.54167, 32.5653, 70.1738, 48.5107, -27.5148, 62.3011, -165.054, 1.0051, -1.88147, 1.04126, -121.931, 1.0119, 117.983
3573, 59.55000, 32.5951, 70.1669, 48.5615, -27.5112, 62.3669, -165.068, 1.00513, -1.88207, 1.0414, -121.933, 1.01199, 117.98
3574, 59.55833, 32.6249, 70.1599, 48.6124, -27.5076, 62.4329, -165.082, 1.00515, -1.88266, 1.04154, -121.936, 1.01207, 117.977
3574, 59.56667, 32.6548, 70.1529, 48.6635, -27.504, 62.499, -165.096, 1.00518, -1.88326, 1.04169, -121.939, 1.01216, 117.974
3575, 59.57500, 32.6847, 70.146, 48.7146, -27.5005, 62.5652, -165.11, 1.00521, -1.88384, 1.04183, -121.942, 1.01225, 117.972
3575, 59.58333, 32.7147, 70.1389, 48.7658, -27.4969, 62.6315, -165.124, 1.00523, -1.88443, 1.04198, -121.944, 1.01233, 117.969
3576, 59.59167, 32.7446, 70.1319, 48.8171, -27.4934, 62.6979, -165.138, 1.00526, -1.88501, 1.04212, -121.947, 1.01242, 117.966
3576, 59.60000, 32.7746, 70.1248, 48.8685, -27.4899, 62.7645, -165.152, 1.00529, -1.88559, 1.04227, -121.95, 1.0125, 117.963
3577, 59.60833, 32.8047, 70.1177, 48.92, -27.4863, 62.8311, -165.166, 1.00531, -1.88617, 1.04241, -121.953, 1.01259, 117.96
3577, 59.61667, 32.8347, 70.1106, 48.9716, -27.4828, 62.8979, -165.181, 1.00534, -1.88674, 1.04256, -121.955, 1.01268, 117.957
3578, 59.62500, 32.8648, 70.1034, 49.0233, -27.4793, 62.9648, -165.195, 1.00537, -1.88731, 1.0427, -121.958, 1.01277, 117.954
3578, 59.63333, 32.8949, 70.0963, 49.0751, -27.4759, 63.0318, -165.209, 1.00539, -1.88788, 1.04285, -121.961, 1.01285, 117.951
3579, 59.64167, 32.9251, 70.0891, 49.127, -27.4724, 63.099, -165.223, 1.00542, -1.88845, 1.043, -121.964, 1.01294, 117.948
3579, 59.65000, 32.9553, 70.0819, 49.179, -27.4689, 63.1662, -165.238, 1.00545, -1.88901, 1.04314, -121.966, 1.01303, 117.946
3580, 59.65833, 32.9855, 70.0746, 49.2311, -27.4655, 63.2336, -165.252, 1.00548, -1.88957, 1.04329, -121.969, 1.01311, 117.943
3580, 59.66667, 33.0157, 70.0673, 49.2833, -27.462, 63.3011, -165.266, 1.0055, -1.89012, 1.04344, -121.972, 1.0132, 117.94
3581, 59.67500, 33.046, 70.06, 49.3355, -27.4586, 63.3687, -165.281, 1.00553, -1.89067, 1.04359, -121.975, 1.01329, 117.937
3581, 59.68333, 33.0763, 70.0527, 49.3879, -27.4552, 63.4364, -165.295, 1.00556, -1.89122, 1.04374, -121.978, 1.01338, 117.934
3582, 59.69167, 33.1067, 70.0454, 49.4404, -27.4518, 63.5043, -165.309, 1.00559, -1.89177, 1.04389, -121.981, 1.01347, 117.931
3582, 59.70000, 33.1371, 70.038, 49.493, -27.4484, 63.5722, -165.324, 1.00562, -1.89231, 1.04404, -121.983, 1.01356, 117.928
3583, 59.70833, 33.1675, 70.0306, 49.5457, -27.445, 63.6403, -165.338, 1.00564, -1.89285, 1.04419, -121.986, 1.01364, 117.925
3583, 59.71667, 33.1979, 70.0232, 49.5985, -27.4417, 63.7085, -165.352, 1.00567, -1.89339, 1.04434, -121.989, 1.01373, 117.922
3584, 59.72500, 33.2284, 70.0157, 49.6514, -27.4383, 63.7769, -165.367, 1.0057, -1.89393, 1.04449, -121.992, 1.01382, 117.919
3584, 59.73333, 33.2589, 70.0083, 49.7043, -27.435, 63.8453, -165.381, 1.00573, -1.89446, 1.04464, -121.995, 1.01391, 117.916
3585, 59.74167, 33.2895, 70.0007, 49.7574, -27.4316, 63.9139, -165.396, 1.00576, -1.89498, 1.04479, -121.998, 1.014, 117.913
3585, 59.75000, 33.32, 69.9932, 49.8106, -27.4283, 63.9826, -165.41, 1.00578, -1.89551, 1.04494, -122.001, 1.01409, 117.91
3586, 59.75833, 33.3506, 69.9857, 49.8639, -27.425, 64.0514, -165.425, 1.00581, -1.89603, 1.04509, -122.004, 1.01418, 117.907
3586, 59.76667, 33.3813, 69.9781, 49.9173, -27.4217, 64.1203, -165.44, 1.00584, -1.89655, 1.04524, -122.007, 1.01427, 117.904
3587, 59.77500, 33.4119, 69.9705, 49.9708, -27.4185, 64.1894, -165.454, 1.00587, -1.89707, 1.04539, -122.01, 1.01436, 117.901
3587, 59.78333, 33.4426, 69.9629, 50.0244, -27.4152, 64.2586, -165.469, 1.0059, -1.89758, 1.04555, -122.013, 1.01445, 117.898
3588, 59.79167, 33.4734, 69.9552, 50.0781, -27.4119, 64.3279, -165.483, 1.00593, -1.89809, 1.0457, -122.016, 1.01454, 117.895
3588, 59.80000, 33.5042, 69.9475, 50.1319, -27.4087, 64.3973, -165.498, 1.00596, -1.8986, 1.04585, -122.019, 1.01463, 117.892
3589, 59.80833, 33.535, 69.9398, 50.1858, -27.4055, 64.4669, -165.513, 1.00599, -1.8991, 1.04601, -122.022, 1.01472, 117.889
3589, 59.81667, 33.5658, 69.9321, 50.2398, -27.4022, 64.5366, -165.527, 1.00602, -1.8996, 1.04616, -122.025, 1.01481, 117.886
3590, 59.82500, 33.5967, 69.9243, 50.294, -27.399, 64.6064, -165.542, 1.00604, -1.9001, 1.04632, -122.028, 1.01491, 117.882
3590, 59.83333, 33.6276, 69.9165, 50.3482, -27.3958, 64.6763, -165.557, 1.00607, -1.9006, 1.04647, -122.031, 1.015, 117.879
3591, 59.84167, 33.6585, 69.9087, 50.4025, -27.3927, 64.7464, -165.572, 1.0061, -1.90109, 1.04663, -122.034, 1.01509, 117.876
3591, 59.85000, 33.6895, 69.9009, 50.4569, -27.3895, 64.8166, -165.586, 1.00613, -1.90158, 1.04678, -122.037, 1.01518, 117.873
3592, 59.85833, 33.7205, 69.893, 50.5115, -27.3864, 64.8869, -165.601, 1.00616, -1.90206, 1.04694, -122.04, 1.01527, 117.87
3592, 59.86667, 33.7515, 69.8851, 50.5661, -27.3832, 64.9574, -165.616, 1.00619, -1.90255, 1.04709, -122.043, 1.01537, 117.867
3593, 59.87500, 33.7826, 69.8772, 50.6209, -27.3801, 65.0279, -165.631, 1.00622, -1.90303, 1.04725, -122.046, 1.01546, 117.864
3593, 59.88333, 33.8137, 69.8693, 50.6757, -27.377, 65.0986, -165.646, 1.00625, -1.9035, 1.04741, -122.049, 1.01555, 117.861
3594, 59.89167, 33.8448, 69.8613, 50.7307, -27.3739, 65.1695, -165.661, 1.00628, -1.90398, 1.04756, -122.052, 1.01564, 117.858
3594, 59.90000, 33.876, 69.8533, 50.7858, -27.3708, 65.2404, -165.676, 1.00631, -1.90445, 1.04772, -122.055, 1.01574, 117.854
3595, 59.90833, 33.9072, 69.8453, 50.8409, -27.3677, 65.3115, -165.691, 1.00634, -1.90492, 1.04788, -122.058, 1.01583, 117.851
3595, 59.91667, 33.9385, 69.8373, 50.8962, -27.3647, 65.3827, -165.706, 1.00637, -1.90538, 1.04804, -122.061, 1.01592, 117.848
3596, 59.92500, 33.9697, 69.8292, 50.9516, -27.3616, 65.4541, -165.721, 1.0064, -1.90585, 1.0482, -122.065, 1.01602, 117.845
3596, 59.93333, 34.0011, 69.8211, 51.0071, -27.3586, 65.5256, -165.736, 1.00643, -1.90631, 1.04836, -122.068, 1.01611, 117.842
3597, 59.94167, 34.0324, 69.813, 51.0627, -27.3556, 65.5972, -165.751, 1.00646, -1.90676, 1.04852, -122.071, 1.0162, 117.838
3597, 59.95000, 34.0638, 69.8048, 51.1184, -27.3525, 65.6689, -165.766, 1.0065, -1.90722, 1.04868, -122.074, 1.0163, 117.835
3598, 59.95833, 34.0952, 69.7966, 51.1743, -27.3496, 65.7408, -165.781, 1.00653, -1.90767, 1.04884, -122.077, 1.01639, 117.832
3598, 59.96667, 34.1266, 69.7884, 51.2302, -27.3466, 65.8128, -165.796, 1.00656, -1.90811, 1.049, -122.08, 1.01649, 117.829
3599, 59.97500, 34.1581, 69.7802, 51.2863, -27.3436, 65.8849, -165.811, 1.00659, -1.90856, 1.04916, -122.084, 1.01658, 117.826
3599, 59.98333, 34.1896, 69.7719, 51.3424, -27.3407, 65.9572, -165.826, 1.00662, -1.909, 1.04932, -122.087, 1.01668, 117.822
3600, 59.99167, 34.2212, 69.7636, 51.3987, -27.3377, 66.0296, -165.841, 1.00665, -1.90944, 1.04948, -122.09, 1.01677, 117.819
3600, 60.00000, 34.2528, 69.7553, 51.4551, -27.3348, 66.1021, -165.857, 1.00668, -1.90988, 1.04964, -122.093, 1.01687, 117.816
3601, 60.00833, 34.2844, 69.747, 51.5116, -27.3319, 66.1748, -165.872, 1.00671, -1.91031, 1.0498, -122.096, 1.01696, 117.813
3601, 60.01667, 34.3161, 69.7386, 51.5682, -27.329, 66.2476, -165.887, 1.00675, -1.91074, 1.04997, -122.1, 1.01706, 117.809
3602, 60.02500, 34.3478, 69.7302, 51.6249, -27.3261, 66.3205, -165.902, 1.00678, -1.91117, 1.05013, -122.103, 1.01715, 117.806
3602, 60.03333, 34.3795, 69.7218, 51.6817, -27.3232, 66.3936, -165.918, 1.00681, -1.91159, 1.05029, -122.106, 1.01725, 117.803
3603, 60.04167, 34.4112, 69.7134, 51.7386, -27.3204, 66.4668, -165.933, 1.00684, -1.91201, 1.05046, -122.11, 1.01735, 117.799
3603, 60.05000, 34.443, 69.7049, 51.7957, -27.3175, 66.5402, -165.948, 1.00687, -1.91243, 1.05062, -122.113, 1.01744, 117.796
3604, 60.05833, 34.4749, 69.6964, 51.8529, -27.3147, 66.6136, -165.964, 1.0069, -1.91285, 1.05079, -122.116, 1.01754, 117.793
3604, 60.06667, 34.5067, 69.6879, 51.9101, -27.3119, 66.6873, -165.979, 1.00694, -1.91326, 1.05095, -122.12, 1.01764, 117.79
3605, 60.07500, 34.5387, 69.6793, 51.9675, -27.3091, 66.761, -165.995, 1.00697, -1.91367, 1.05112, -122.123, 1.01773, 117.786
3605, 60.08333, 34.5706, 69.6707, 52.025, -27.3063, 66.8349, -166.01, 1.007, -1.91408, 1.05128, -122.126, 1.01783, 117.783
3606, 60.09167, 34.6026, 69.6621, 52.0827, -27.3036, 66.9089, -166.026, 1.00703, -1.91448, 1.05145, -122.13, 1.01793, 117.78
3606, 60.10000, 34.6346, 69.6535, 52.1404, -27.3008, 66.9831, -166.041, 1.00707, -1.91488, 1.05162, -122.133, 1.01803, 117.776
3607, 60.10833, 34.6666, 69.6448, 52.1983, -27.2981, 67.0574, -166.057, 1.0071, -1.91528, 1.05178, -122.136, 1.01812, 117.773
3607, 60.11667, 34.6987, 69.6361, 52.2562, -27.2953, 67.1319, -166.072, 1.00713, -1.91568, 1.05195, -122.14, 1.01822, 117.769
3608, 60.12500, 34.7308, 69.6274, 52.3143, -27.2926, 67.2065, -166.088, 1.00717, -1.91607, 1.05212, -122.143, 1.01832, 117.766
3608, 60.13333, 34.763, 69.6186, 52.3725, -27.2899, 67.2812, -166.103, 1.0072, -1.91646, 1.05229, -122.146, 1.01842, 117.763
3609, 60.14167, 34.7952, 69.6098, 52.4308, -27.2873, 67.356, -166.119, 1.00723, -1.91685, 1.05246, -122.15, 1.01852, 117.759
3609, 60.15000, 34.8274, 69.601, 52.4893, -27.2846, 67.4311, -166.135, 1.00726, -1.91723, 1.05263, -122.153, 1.01862, 117.756
3610, 60.15833, 34.8597, 69.5922, 52.5478, -27.2819, 67.5062, -166.15, 1.0073, -1.91761, 1.05279, -122.157, 1.01872, 117.752
3610, 60.16667, 34.892, 69.5833, 52.6065, -27.2793, 67.5815, -166.166, 1.00733, -1.91799, 1.05296, -122.16, 1.01882, 117.749
3611, 60.17500, 34.9243, 69.5745, 52.6653, -27.2767, 67.6569, -166.182, 1.00737, -1.91837, 1.05313, -122.164, 1.01892, 117.745
3611, 60.18333, 34.9567, 69.5655, 52.7242, -27.2741, 67.7325, -166.198, 1.0074, -1.91874, 1.05331, -122.167, 1.01902, 117.742
3612, 60.19167, 34.9891, 69.5566, 52.7832, -27.2715, 67.8082, -166.213, 1.00743, -1.91911, 1.05348, -122.171, 1.01912, 117.739
3612, 60.20000, 35.0215, 69.5476, 52.8424, -27.2689, 67.8841, -166.229, 1.00747, -1.91948, 1.05365, -122.174, 1.01922, 117.735
3613, 60.20833, 35.054, 69.5386, 52.9017, -27.2664, 67.9601, -166.245, 1.0075, -1.91984, 1.05382, -122.178, 1.01932, 117.732
3613, 60.21667, 35.0866, 69.5296, 52.961, -27.2638, 68.0363, -166.261, 1.00754, -1.9202, 1.05399, -122.181, 1.01942, 117.728
3614, 60.22500, 35.1191, 69.5205, 53.0205, -27.2613, 68.1126, -166.277, 1.00757, -1.92056, 1.05416, -122.185, 1.01952, 117.725
3614, 60.23333, 35.1517, 69.5115, 53.0802, -27.2588, 68.189, -166.293, 1.0076, -1.92092, 1.05434, -122.188, 1.01962, 117.721
3615, 60.24167, 35.1843, 69.5023, 53.1399, -27.2563, 68.2656, -166.309, 1.00764, -1.92127, 1.05451, -122.192, 1.01972, 117.718
3615, 60.25000, 35.217, 69.4932, 53.1998, -27.2538, 68.3423, -166.325, 1.00767, -1.92162, 1.05468, -122.196, 1.01982, 117.714
3616, 60.25833, 35.2497, 69.484, 53.2598, -27.2513, 68.4192, -166.341, 1.00771, -1.92197, 1.05486, -122.199, 1.01992, 117.711
3616, 60.26667, 35.2825, 69.4748, 53.3199, -27.2489, 68.4962, -166.357, 1.00774, -1.92231, 1.05503, -122.203, 1.02003, 117.707
3617, 60.27500, 35.3152, 69.4656, 53.3801, -27.2464, 68.5734, -166.373, 1.00778, -1.92266, 1.05521, -122.206, 1.02013, 117.703
3617, 60.28333, 35.3481, 69.4563, 53.4405, -27.244, 68.6507, -166.389, 1.00781, -1.923, 1.05538, -122.21, 1.02023, 117.7
3618, 60.29167, 35.3809, 69.4471, 53.501, -27.2416, 68.7282, -166.405, 1.00785, -1.92333, 1.05556, -122.214, 1.02033, 117.696
3618, 60.30000, 35.4138, 69.4377, 53.5616, -27.2392, 68.8058, -166.421, 1.00788, -1.92367, 1.05574, -122.217, 1.02044, 117.693
3619, 60.30833, 35.4468, 69.4284, 53.6223, -27.2369, 68.8836, -166.437, 1.00792, -1.924, 1.05591, -122.221, 1.02054, 117.689
3619, 60.31667, 35.4797, 69.419, 53.6832, -27.2345, 68.9615, -166.453, 1.00796, -1.92433, 1.05609, -122.225, 1.02064, 117.685
3620, 60.32500, 35.5127, 69.4096, 53.7442, -27.2322, 69.0396, -166.47, 1.00799, -1.92465, 1.05627, -122.228, 1.02075, 117.682
3620, 60.33333, 35.5458, 69.4002, 53.8053, -27.2298, 69.1178, -166.486, 1.00803, -1.92498, 1.05645, -122.232, 1.02085, 117.678
3621, 60.34167, 35.5789, 69.3907, 53.8665, -27.2275, 69.1962, -166.502, 1.00806, -1.9253, 1.05662, -122.236, 1.02095, 117.675
3621, 60.35000, 35.612, 69.3813, 53.9279, -27.2252, 69.2747, -166.519, 1.0081, -1.92562, 1.0568, -122.24, 1.02106, 117.671
3622, 60.35833, 35.6452, 69.3717, 53.9894, -27.223, 69.3534, -166.535, 1.00814, -1.92593, 1.05698, -122.243, 1.02116, 117.667
3622, 60.36667, 35.6784, 69.3622, 54.051, -27.2207, 69.4322, -166.551, 1.00817, -1.92624, 1.05716, -122.247, 1.02127, 117.664
3623, 60.37500, 35.7116, 69.3526, 54.1127, -27.2185, 69.5112, -166.568, 1.00821, -1.92655, 1.05734, -122.251, 1.02137, 117.66
3623, 60.38333, 35.7449, 69.343, 54.1746, -27.2163, 69.5903, -166.584, 1.00824, -1.92686, 1.05752, -122.255, 1.02148, 117.656
3624, 60.39167, 35.7782, 69.3334, 54.2366, -27.2141, 69.6696, -166.601, 1.00828, -1.92717, 1.0577, -122.258, 1.02158, 117.653
3624, 60.40000, 35.8116, 69.3237, 54.2987, -27.2119, 69.7491, -166.617, 1.00832, -1.92747, 1.05789, -122.262, 1.02169, 117.649
3625, 60.40833, 35.845, 69.314, 54.361, -27.2097, 69.8287, -166.634, 1.00836, -1.92777, 1.05807, -122.266, 1.02179, 117.645
3625, 60.41667, 35.8784, 69.3043, 54.4234, -27.2075, 69.9084, -166.65, 1.00839, -1.92806, 1.05825, -122.27, 1.0219, 117.641
3626, 60.42500, 35.9119, 69.2946, 54.4859, -27.2054, 69.9883, -166.667, 1.00843, -1.92836, 1.05843, -122.274, 1.02201, 117.638
3626, 60.43333, 35.9454, 69.2848, 54.5485, -27.2033, 70.0684, -166.683, 1.00847, -1.92865, 1.05862, -122.278, 1.02211, 117.634
3627, 60.44167, 35.9789, 69.275, 54.6113, -27.2012, 70.1486, -166.7, 1.0085, -1.92894, 1.0588, -122.282, 1.02222, 117.63
3627, 60.45000, 36.0125, 69.2651, 54.6742, -27.1991, 70.229, -166.717, 1.00854, -1.92923, 1.05898, -122.285, 1.02233, 117.626
3628, 60.45833, 36.0461, 69.2553, 54.7373, -27.197, 70.3095, -166.733, 1.00858, -1.92951, 1.05917, -122.289, 1.02243, 117.623
3628, 60.46667, 36.0798, 69.2454, 54.8004, -27.195, 70.3902, -166.75, 1.00862, -1.92979, 1.05935, -122.293, 1.02254, 117.619
3629, 60.47500, 36.1135, 69.2354, 54.8637, -27.1929, 70.4711, -166.767, 1.00866, -1.93007, 1.05954, -122.297, 1.02265, 117.615
3629, 60.48333, 36.1473, 69.2255, 54.9272, -27.1909, 70.5521, -166.783, 1.00869, -1.93034, 1.05972, -122.301, 1.02276, 117.611
3630, 60.49167, 36.1811, 69.2155, 54.9907, -27.1889, 70.6333, -166.8, 1.00873, -1.93062, 1.05991, -122.305, 1.02286, 117.607
3630, 60.50000, 36.2149, 69.2055, 55.0544, -27.1869, 70.7146, -166.817, 1.00877, -1.93089, 1.0601, -122.309, 1.02297, 117.603
3631, 60.50833, 36.2488, 69.1954, 55.1183, -27.185, 70.7961, -166.834, 1.00881, -1.93116, 1.06028, -122.313, 1.02308, 117.6
3631, 60.51667, 36.2827, 69.1853, 55.1823, -27.183, 70.8778, -166.851, 1.00885, -1.93142, 1.06047, -122.317, 1.02319, 117.596
3632, 60.52500, 36.3166, 69.1752, 55.2464, -27.1811, 70.9596, -166.868, 1.00889, -1.93169, 1.06066, -122.321, 1.0233, 117.592
3632, 60.53333, 36.3506, 69.1651, 55.3106, -27.1792, 71.0416, -166.885, 1.00893, -1.93195, 1.06085, -122.325, 1.02341, 117.588
3633, 60.54167, 36.3846, 69.1549, 55.375, -27.1773, 71.1237, -166.902, 1.00896, -1.93221, 1.06104, -122.329, 1.02352, 117.584
3633, 60.55000, 36.4187, 69.1447, 55.4395, -27.1754, 71.206, -166.919, 1.009, -1.93246, 1.06123, -122.333, 1.02363, 117.58
3634, 60.55833, 36.4528, 69.1345, 55.5041, -27.1736, 71.2885, -166.936, 1.00904, -1.93271, 1.06142, -122.337, 1.02374, 117.576
3634, 60.56667, 36.487, 69.1242, 55.5689, -27.1717, 71.3712, -166.953, 1.00908, -1.93297, 1.06161, -122.341, 1.02385, 117.572
3635, 60.57500, 36.5212, 69.1139, 55.6339, -27.1699, 71.454, -166.97, 1.00912, -1.93321, 1.0618, -122.346, 1.02396, 117.568
3635, 60.58333, 36.5554, 69.1036, 55.6989, -27.1681, 71.5369, -166.987, 1.00916, -1.93346, 1.06199, -122.35, 1.02407, 117.564
3636, 60.59167, 36.5897, 69.0932, 55.7641, -27.1663, 71.6201, -167.004, 1.0092, -1.9337, 1.06218, -122.354, 1.02418, 117.56
3636, 60.60000, 36.624, 69.0828, 55.8295, -27.1646, 71.7034, -167.022, 1.00924, -1.93394, 1.06237, -122.358, 1.02429, 117.556
3637, 60.60833, 36.6584, 69.0724, 55.8949, -27.1628, 71.7868, -167.039, 1.00928, -1.93418, 1.06257, -122.362, 1.0244, 117.553
3637, 60.61667, 36.6928, 69.0619, 55.9606, -27.1611, 71.8705, -167.056, 1.00932, -1.93442, 1.06276, -122.366, 1.02452, 117.549
3638, 60.62500, 36.7272, 69.0515, 56.0263, -27.1594, 71.9543, -167.073, 1.00936, -1.93465, 1.06295, -122.371, 1.02463, 117.544
3638, 60.63333, 36.7617, 69.0409, 56.0922, -27.1577, 72.0382, -167.091, 1.0094, -1.93488, 1.06315, -122.375, 1.02474, 117.54
3639, 60.64167, 36.7962, 69.0304, 56.1583, -27.156, 72.1224, -167.108, 1.00944, -1.93511, 1.06334, -122.379, 1.02485, 117.536
3639, 60.65000, 36.8308, 69.0198, 56.2244, -27.1544, 72.2067, -167.126, 1.00949, -1.93534, 1.06354, -122.383, 1.02496, 117.532
3640, 60.65833, 36.8654, 69.0092, 56.2908, -27.1528, 72.2912, -167.143, 1.00953, -1.93556, 1.06373, -122.388, 1.02508, 117.528
3640, 60.66667, 36.9, 68.9986, 56.3572, -27.1512, 72.3758, -167.161, 1.00957, -1.93578, 1.06393, -122.392, 1.02519, 117.524
3641, 60.67500, 36.9347, 68.9879, 56.4239, -27.1496, 72.4607, -167.178, 1.00961, -1.936, 1.06413, -122.396, 1.0253, 117.52
3641, 60.68333, 36.9694, 68.9772, 56.4906, -27.148, 72.5457, -167.196, 1.00965, -1.93622, 1.06432, -122.4, 1.02542, 117.516
3642, 60.69167, 37.0042, 68.9665, 56.5575, -27.1465, 72.6308, -167.213, 1.00969, -1.93644, 1.06452, -122.405, 1.02553, 117.512
3642, 60.70000, 37.039, 68.9557, 56.6245, -27.1449, 72.7162, -167.231, 1.00973, -1.93665, 1.06472, -122.409, 1.02565, 117.508
3643, 60.70833, 37.0739, 68.9449, 56.6917, -27.1434, 72.8017, -167.248, 1.00978, -1.93686, 1.06492, -122.413, 1.02576, 117.504
3643, 60.71667, 37.1088, 68.9341, 56.7591, -27.1419, 72.8874, -167.266, 1.00982, -1.93707, 1.06512, -122.418, 1.02588, 117.5
3644, 60.72500, 37.1437, 68.9232, 56.8265, -27.1404, 72.9732, -167.284, 1.00986, -1.93727, 1.06532, -122.422, 1.02599, 117.495
3644, 60.73333, 37.1787, 68.9123, 56.8942, -27.139, 73.0593, -167.301, 1.0099, -1.93747, 1.06552, -122.427, 1.02611, 117.491
3645, 60.74167, 37.2137, 68.9014, 56.9619, -27.1376, 73.1455, -167.319, 1.00994, -1.93767, 1.06572, -122.431, 1.02622, 117.487
3645, 60.75000, 37.2488, 68.8904, 57.0299, -27.1361, 73.2319, -167.337, 1.00999, -1.93787, 1.06592, -122.435, 1.02634, 117.483
3646, 60.75833, 37.2839, 68.8794, 57.0979, -27.1348, 73.3185, -167.355, 1.01003, -1.93807, 1.06612, -122.44, 1.02645, 117.479
3646, 60.76667, 37.3191, 68.8684, 57.1661, -27.1334, 73.4052, -167.373, 1.01007, -1.93826, 1.06632, -122.444, 1.02657, 117.474
3647, 60.77500, 37.3543, 68.8574, 57.2345, -27.132, 73.4921, -167.391, 1.01012, -1.93845, 1.06652, -122.449, 1.02669, 117.47
3647, 60.78333, 37.3895, 68.8463, 57.303, -27.1307, 73.5792, -167.409, 1.01016, -1.93864, 1.06673, -122.453, 1.0268, 117.466
3648, 60.79167, 37.4248, 68.8351, 57.3717, -27.1294, 73.6665, -167.427, 1.0102, -1.93883, 1.06693, -122.458, 1.02692, 117.462
3648, 60.80000, 37.4601, 68.824, 57.4405, -27.1281, 73.754, -167.445, 1.01025, -1.93902, 1.06713, -122.462, 1.02704, 117.457
3649, 60.80833, 37.4955, 68.8128, 57.5095, -27.1268, 73.8416, -167.463, 1.01029, -1.9392, 1.06734, -122.467, 1.02716, 117.453
3649, 60.81667, 37.5309, 68.8016, 57.5786, -27.1256, 73.9295, -167.481, 1.01033, -1.93938, 1.06754, -122.472, 1.02727, 117.449
3650, 60.82500, 37.5664, 68.7903, 57.6478, -27.1244, 74.0175, -167.499, 1.01038, -1.93956, 1.06775, -122.476, 1.02739, 117.445
3650, 60.83333, 37.6019, 68.779, 57.7173, -27.1231, 74.1056, -167.517, 1.01042, -1.93973, 1.06796, -122.481, 1.02751, 117.44
3651, 60.84167, 37.6374, 68.7677, 57.7868, -27.122, 74.194, -167.535, 1.01046, -1.93991, 1.06816, -122.485, 1.02763, 117.436
3651, 60.85000, 37.673, 68.7564, 57.8565, -27.1208, 74.2826, -167.553, 1.01051, -1.94008, 1.06837, -122.49, 1.02775, 117.432
3652, 60.85833, 37.7086, 68.745, 57.9264, -27.1197, 74.3713, -167.572, 1.01055, -1.94025, 1.06858, -122.495, 1.02787, 117.427
3652, 60.86667, 37.7443, 68.7336, 57.9965, -27.1185, 74.4602, -167.59, 1.0106, -1.94041, 1.06878, -122.499, 1.02799, 117.423
3653, 60.87500, 37.7801, 68.7221, 58.0666, -27.1174, 74.5493, -167.608, 1.01064, -1.94058, 1.06899, -122.504, 1.02811, 117.418
3653, 60.88333, 37.8158, 68.7106, 58.137, -27.1164, 74.6386, -167.627, 1.01069, -1.94074, 1.0692, -122.509, 1.02823, 117.414
3654, 60.89167, 37.8516, 68.6991, 58.2075, -27.1153, 74.7281, -167.645, 1.01073, -1.9409, 1.06941, -122.513, 1.02835, 117.41
3654, 60.90000, 37.8875, 68.6875, 58.2781, -27.1143, 74.8178, -167.664, 1.01078, -1.94106, 1.06962, -122.518, 1.02847, 117.405
3655, 60.90833, 37.9234, 68.6759, 58.3489, -27.1133, 74.9076, -167.682, 1.01082, -1.94122, 1.06983, -122.523, 1.02859, 117.401
3655, 60.91667, 37.9593, 68.6643, 58.4199, -27.1123, 74.9977, -167.701, 1.01087, -1.94137, 1.07004, -122.528, 1.02871, 117.396
3656, 60.92500, 37.9953, 68.6527, 58.491, -27.1113, 75.0879, -167.719, 1.01092, -1.94153, 1.07026, -122.532, 1.02883, 117.392
3656, 60.93333, 38.0314, 68.641, 58.5623, -27.1104, 75.1783, -167.738, 1.01096, -1.94168, 1.07047, -122.537, 1.02895, 117.387
3657, 60.94167, 38.0674, 68.6292, 58.6338, -27.1094, 75.2689, -167.756, 1.01101, -1.94183, 1.07068, -122.542, 1.02907, 117.383
3657, 60.95000, 38.1036, 68.6175, 58.7054, -27.1085, 75.3597, -167.775, 1.01105, -1.94197, 1.07089, -122.547, 1.0292, 117.378
3658, 60.95833, 38.1397, 68.6057, 58.7771, -27.1077, 75.4507, -167.794, 1.0111, -1.94212, 1.07111, -122.552, 1.02932, 117.374
3658, 60.96667, 38.176, 68.5939, 58.8491, -27.1068, 75.5419, -167.812, 1.01115, -1.94226, 1.07132, -122.557, 1.02944, 117.369
3659, 60.97500, 38.2122, 68.582, 58.9211, -27.106, 75.6333, -167.831, 1.01119, -1.9424, 1.07154, -122.561, 1.02956, 117.365
3659, 60.98333, 38.2485, 68.5701, 58.9934, -27.1052, 75.7249, -167.85, 1.01124, -1.94254, 1.07175, -122.566, 1.02969, 117.36
3660, 60.99167, 38.2849, 68.5582, 59.0658, -27.1044, 75.8166, -167.869, 1.01129, -1.94267, 1.07197, -122.571, 1.02981, 117.355
3660, 61.00000, 38.3213, 68.5462, 59.1384, -27.1036, 75.9086, -167.888, 1.01133, -1.94281, 1.07219, -122.576, 1.02993, 117.351
3661, 61.00833, 38.3577, 68.5342, 59.2111, -27.1029, 76.0007, -167.907, 1.01138, -1.94294, 1.0724, -122.581, 1.03006, 117.346
3661, 61.01667, 38.3942, 68.5221, 59.284, -27.1021, 76.0931, -167.926, 1.01143, -1.94307, 1.07262, -122.586, 1.03018, 117.342
3662, 61.02500, 38.4308, 68.5101, 59.3571, -27.1014, 76.1856, -167.945, 1.01148, -1.9432, 1.07284, -122.591, 1.03031, 117.337
3662, 61.03333, 38.4673, 68.498, 59.4303, -27.1008, 76.2784, -167.964, 1.01152, -1.94333, 1.07306, -122.596, 1.03043, 117.332
3663, 61.04167, 38.504, 68.4858, 59.5037, -27.1001, 76.3713, -167.983, 1.01157, -1.94345, 1.07328, -122.601, 1.03056, 117.328
3663, 61.05000, 38.5406, 68.4736, 59.5772, -27.0995, 76.4645, -168.002, 1.01162, -1.94357, 1.0735, -122.606, 1.03068, 117.323
3664, 61.05833, 38.5774, 68.4614, 59.651, -27.0989, 76.5578, -168.021, 1.01167, -1.94369, 1.07372, -122.611, 1.03081, 117.318
3664, 61.06667, 38.6141, 68.4492, 59.7249, -27.0983, 76.6514, -168.04, 1.01172, -1.94381, 1.07394, -122.617, 1.03094, 117.314
3665, 61.07500, 38.651, 68.4369, 59.7989, -27.0978, 76.7451, -168.06, 1.01177, -1.94393, 1.07416, -122.622, 1.03106, 117.309
3665, 61.08333, 38.6878, 68.4246, 59.8732, -27.0972, 76.839, -168.079, 1.01181, -1.94404, 1.07438, -122.627, 1.03119, 117.304
3666, 61.09167, 38.7247, 68.4122, 59.9476, -27.0967, 76.9332, -168.098, 1.01186, -1.94416, 1.07461, -122.632, 1.03132, 117.299
3666, 61.10000, 38.7617, 68.3998, 60.0221, -27.0963, 77.0275, -168.117, 1.01191, -1.94427, 1.07483, -122.637, 1.03144, 117.295
3667, 61.10833, 38.7987, 68.3874, 60.0969, -27.0958, 77.122, -168.137, 1.01196, -1.94438, 1.07505, -122.642, 1.03157, 117.29
3667, 61.11667, 38.8358, 68.3749, 60.1718, -27.0954, 77.2168, -168.156, 1.01201, -1.94449, 1.07528, -122.648, 1.0317, 117.285
3668, 61.12500, 38.8728, 68.3624, 60.2468, -27.095, 77.3118, -168.176, 1.01206, -1.94459, 1.0755, -122.653, 1.03183, 117.28
3668, 61.13333, 38.91, 68.3499, 60.3221, -27.0946, 77.4069, -168.195, 1.01211, -1.9447, 1.07573, -122.658, 1.03196, 117.275
3669, 61.14167, 38.9472, 68.3373, 60.3975, -27.0942, 77.5023, -168.215, 1.01216, -1.9448, 1.07595, -122.663, 1.03208, 117.27
3669, 61.15000, 38.9844, 68.3247, 60.4731, -27.0939, 77.5979, -168.234, 1.01221, -1.9449, 1.07618, -122.669, 1.03221, 117.266
3670, 61.15833, 39.0217, 68.312, 60.5489, -27.0936, 77.6936, -168.254, 1.01226, -1.945, 1.07641, -122.674, 1.03234, 117.261
3670, 61.16667, 39.0591, 68.2993, 60.6248, -27.0933, 77.7896, -168.274, 1.01231, -1.94509, 1.07664, -122.679, 1.03247, 117.256
3671, 61.17500, 39.0964, 68.2866, 60.701, -27.093, 77.8858, -168.294, 1.01236, -1.94519, 1.07686, -122.685, 1.0326, 117.251
3671, 61.18333, 39.1339, 68.2739, 60.7773, -27.0928, 77.9822, -168.313, 1.01241, -1.94528, 1.07709, -122.69, 1.03273, 117.246
3672, 61.19167, 39.1714, 68.2611, 60.8537, -27.0926, 78.0788, -168.333, 1.01246, -1.94537, 1.07732, -122.695, 1.03286, 117.241
3672, 61.20000, 39.2089, 68.2482, 60.9304, -27.0924, 78.1757, -168.353, 1.01252, -1.94546, 1.07755, -122.701, 1.03299, 117.236
3673, 61.20833, 39.2465, 68.2354, 61.0072, -27.0923, 78.2727, -168.373, 1.01257, -1.94555, 1.07778, -122.706, 1.03312, 117.231
3673, 61.21667, 39.2841, 68.2225, 61.0842, -27.0921, 78.3699, -168.393, 1.01262, -1.94564, 1.07802, -122.712, 1.03326, 117.226
3674, 61.22500, 39.3218, 68.2095, 61.1614, -27.092, 78.4674, -168.413, 1.01267, -1.94572, 1.07825, -122.717, 1.03339, 117.221
3674, 61.23333, 39.3595, 68.1965, 61.2387, -27.092, 78.5651, -168.433, 1.01272, -1.94581, 1.07848, -122.723, 1.03352, 117.216
3675, 61.24167, 39.3973, 68.1835, 61.3163, -27.0919, 78.663, -168.453, 1.01277, -1.94589, 1.07871, -122.728, 1.03365, 117.211
3675, 61.25000, 39.4351, 68.1704, 61.394, -27.0919, 78.7611, -168.473, 1.01283, -1.94597, 1.07895, -122.734, 1.03379, 117.206
3676, 61.25833, 39.473, 68.1573, 61.4719, -27.0919, 78.8594, -168.493, 1.01288, -1.94604, 1.07918, -122.739, 1.03392, 117.201
3676, 61.26667, 39.5109, 68.1442, 61.55, -27.0919, 78.9579, -168.513, 1.01293, -1.94612, 1.07942, -122.745, 1.03405, 117.196
3677, 61.27500, 39.5489, 68.131, 61.6283, -27.092, 79.0567, -168.534, 1.01298, -1.9462, 1.07965, -122.75, 1.03419, 117.191
3677, 61.28333, 39.5869, 68.1178, 61.7067, -27.092, 79.1556, -168.554, 1.01304, -1.94627, 1.07989, -122.756, 1.03432, 117.185
3678, 61.29167, 39.625, 68.1046, 61.7854, -27.0922, 79.2548, -168.574, 1.01309, -1.94634, 1.08013, -122.762, 1.03445, 117.18
3678, 61.30000, 39.6631, 68.0913, 61.8642, -27.0923, 79.3542, -168.595, 1.01314, -1.94641, 1.08036, -122.767, 1.03459, 117.175
3679, 61.30833, 39.7013, 68.078, 61.9432, -27.0925, 79.4539, -168.615, 1.0132, -1.94648, 1.0806, -122.773, 1.03472, 117.17
3679, 61.31667, 39.7395, 68.0646, 62.0224, -27.0926, 79.5537, -168.635, 1.01325, -1.94655, 1.08084, -122.779, 1.03486, 117.165
3680, 61.32500, 39.7778, 68.0512, 62.1017, -27.0929, 79.6538, -168.656, 1.0133, -1.94661, 1.08108, -122.785, 1.03499, 117.16
3680, 61.33333, 39.8161, 68.0377, 62.1813, -27.0931, 79.7541, -168.677, 1.01336, -1.94668, 1.08132, -122.79, 1.03513, 117.154
3681, 61.34167, 39.8545, 68.0243, 62.261, -27.0934, 79.8546, -168.697, 1.01341, -1.94674, 1.08156, -122.796, 1.03527, 117.149
3681, 61.35000, 39.8929, 68.0107, 62.341, -27.0937, 79.9553, -168.718, 1.01347, -1.9468, 1.0818, -122.802, 1.0354, 117.144
3682, 61.35833, 39.9313, 67.9972, 62.4211, -27.094, 80.0563, -168.738, 1.01352, -1.94686, 1.08205, -122.808, 1.03554, 117.138
3682, 61.36667, 39.9699, 67.9836, 62.5014, -27.0944, 80.1575, -168.759, 1.01358, -1.94691, 1.08229, -122.814, 1.03568, 117.133
3683, 61.37500, 40.0084, 67.9699, 62.5819, -27.0948, 80.2589, -168.78, 1.01363, -1.94697, 1.08253, -122.819, 1.03581, 117.128
3683, 61.38333, 40.0471, 67.9563, 62.6626, -27.0952, 80.3605, -168.801, 1.01369, -1.94703, 1.08277, -122.825, 1.03595, 117.123
3684, 61.39167, 40.0858, 67.9425, 62.7435, -27.0956, 80.4624, -168.822, 1.01374, -1.94708, 1.08302, -122.831, 1.03609, 117.117
3684, 61.40000, 40.1245, 67.9288, 62.8246, -27.0961, 80.5645, -168.843, 1.0138, -1.94713, 1.08326, -122.837, 1.03623, 117.112
3685, 61.40833, 40.1633, 67.915, 62.9059, -27.0966, 80.6668, -168.864, 1.01385, -1.94718, 1.08351, -122.843, 1.03637, 117.106
3685, 61.41667, 40.2021, 67.9011, 62.9873, -27.0971, 80.7694, -168.885, 1.01391, -1.94723, 1.08376, -122.849, 1.03651, 117.101
3686, 61.42500, 40.241, 67.8873, 63.069, -27.0977, 80.8722, -168.906, 1.01396, -1.94728, 1.084, -122.855, 1.03664, 117.096
3686, 61.43333, 40.2799, 67.8733, 63.1508, -27.0982, 80.9752, -168.927, 1.01402, -1.94732, 1.08425, -122.861, 1.03678, 117.09
3687, 61.44167, 40.3189, 67.8594, 63.2329, -27.0989, 81.0785, -168.948, 1.01408, -1.94737, 1.0845, -122.867, 1.03692, 117.085
3687, 61.45000, 40.3579, 67.8454, 63.3151, -27.0995, 81.182, -168.969, 1.01413, -1.94741, 1.08475, -122.873, 1.03706, 117.079
3688, 61.45833, 40.397, 67.8313, 63.3976, -27.1002, 81.2857, -168.99, 1.01419, -1.94745, 1.085, -122.879, 1.03721, 117.074
3688, 61.46667, 40.4362, 67.8173, 63.4802, -27.1009, 81.3896, -169.012, 1.01425, -1.94749, 1.08525, -122.885, 1.03735, 117.068
3689, 61.47500, 40.4754, 67.8031, 63.5631, -27.1016, 81.4938, -169.033, 1.0143, -1.94753, 1.0855, -122.892, 1.03749, 117.063
3689, 61.48333, 40.5146, 67.789, 63.6461, -27.1024, 81.5982, -169.054, 1.01436, -1.94757, 1.08575, -122.898, 1.03763, 117.057
3690, 61.49167, 40.5539, 67.7748, 63.7294, -27.1032, 81.7029, -169.076, 1.01442, -1.94761, 1.086, -122.904, 1.03777, 117.052
3690, 61.50000, 40.5933, 67.7605, 63.8128, -27.104, 81.8078, -169.097, 1.01448, -1.94764, 1.08626, -122.91, 1.03791, 117.046
3691, 61.50833, 40.6327, 67.7462, 63.8964, -27.1049, 81.9129, -169.119, 1.01453, -1.94768, 1.08651, -122.916, 1.03806, 117.04
3691, 61.51667, 40.6721, 67.7319, 63.9803, -27.1057, 82.0183, -169.14, 1.01459, -1.94771, 1.08677, -122.923, 1.0382, 117.035
3692, 61.52500, 40.7116, 67.7175, 64.0643, -27.1067, 82.124, -169.162, 1.01465, -1.94774, 1.08702, -122.929, 1.03834, 117.029
3692, 61.53333, 40.7512, 67.7031, 64.1486, -27.1076, 82.2298, -169.184, 1.01471, -1.94777, 1.08728, -122.935, 1.03849, 117.023
3693, 61.54167, 40.7908, 67.6887, 64.233, -27.1086, 82.3359, -169.205, 1.01477, -1.9478, 1.08753, -122.942, 1.03863, 117.018
3693, 61.55000, 40.8305, 67.6742, 64.3177, -27.1096, 82.4423, -169.227, 1.01483, -1.94783, 1.08779, -122.948, 1.03878, 117.012
3694, 61.55833, 40.8702, 67.6596, 64.4026, -27.1106, 82.5489, -169.249, 1.01489, -1.94785, 1.08805, -122.954, 1.03892, 117.006
3694, 61.56667, 40.91, 67.645, 64.4877, -27.1117, 82.6557, -169.271, 1.01495, -1.94788, 1.08831, -122.961, 1.03907, 117
3695, 61.57500, 40.9498, 67.6304, 64.5729, -27.1128, 82.7628, -169.293, 1.015, -1.9479, 1.08857, -122.967, 1.03921, 116.995
3695, 61.58333, 40.9897, 67.6158, 64.6584, -27.1139, 82.8701, -169.315, 1.01506, -1.94792, 1.08883, -122.974, 1.03936, 116.989
3696, 61.59167, 41.0296, 67.601, 64.7441, -27.1151, 82.9777, -169.337, 1.01512, -1.94795, 1.08909, -122.98, 1.0395, 116.983
3696, 61.60000, 41.0696, 67.5863, 64.83, -27.1163, 83.0855, -169.359, 1.01518, -1.94797, 1.08935, -122.987, 1.03965, 116.977
3697, 61.60833, 41.1097, 67.5715, 64.9161, -27.1175, 83.1936, -169.381, 1.01524, -1.94799, 1.08961, -122.993, 1.0398, 116.971
3697, 61.61667, 41.1498, 67.5567, 65.0025, -27.1188, 83.3019, -169.403, 1.0153, -1.948, 1.08987, -123, 1.03994, 116.966
3698, 61.62500, 41.1899, 67.5418, 65.089, -27.1201, 83.4105, -169.426, 1.01537, -1.94802, 1.09014, -123.006, 1.04009, 116.96
3698, 61.63333, 41.2302, 67.5269, 65.1758, -27.1214, 83.5193, -169.448, 1.01543, -1.94804, 1.0904, -123.013, 1.04024, 116.954
3699, 61.64167, 41.2704, 67.5119, 65.2627, -27.1228, 83.6284, -169.47, 1.01549, -1.94805, 1.09067, -123.02, 1.04039, 116.948
3699, 61.65000, 41.3107, 67.4969, 65.3499, -27.1242, 83.7377, -169.493, 1.01555, -1.94806, 1.09093, -123.026, 1.04054, 116.942
3700, 61.65833, 41.3511, 67.4818, 65.4373, -27.1256, 83.8473, -169.515, 1.01561, -1.94808, 1.0912, -123.033, 1.04068, 116.936
3700, 61.66667, 41.3916, 67.4667, 65.5249, -27.1271, 83.9571, -169.537, 1.01567, -1.94809, 1.09146, -123.04, 1.04083, 116.93
3701, 61.67500, 41.432, 67.4516, 65.6128, -27.1286, 84.0672, -169.56, 1.01573, -1.9481, 1.09173, -123.047, 1.04098, 116.924
3701, 61.68333, 41.4726, 67.4364, 65.7008, -27.1301, 84.1776, -169.583, 1.0158, -1.94811, 1.092, -123.053, 1.04113, 116.918
3702, 61.69167, 41.5132, 67.4212, 65.7891, -27.1317, 84.2882, -169.605, 1.01586, -1.94811, 1.09227, -123.06, 1.04128, 116.912
3702, 61.70000, 41.5538, 67.4059, 65.8776, -27.1332, 84.3991, -169.628, 1.01592, -1.94812, 1.09254, -123.067, 1.04143, 116.906
3703, 61.70833, 41.5946, 67.3906, 65.9663, -27.1349, 84.5102, -169.651, 1.01598, -1.94813, 1.09281, -123.074, 1.04159, 116.9
3703, 61.71667, 41.6353, 67.3752, 66.0552, -27.1365, 84.6216, -169.674, 1.01605, -1.94813, 1.09308, -123.081, 1.04174, 116.894
3704, 61.72500, 41.6761, 67.3598, 66.1443, -27.1382, 84.7332, -169.697, 1.01611, -1.94814, 1.09335, -123.088, 1.04189, 116.887
3704, 61.73333, 41.717, 67.3443, 66.2337, -27.14, 84.8451, -169.719, 1.01617, -1.94814, 1.09363, -123.095, 1.04204, 116.881
3705, 61.74167, 41.758, 67.3288, 66.3233, -27.1417, 84.9573, -169.742, 1.01624, -1.94814, 1.0939, -123.102, 1.04219, 116.875
3705, 61.75000, 41.7989, 67.3133, 66.4131, -27.1435, 85.0698, -169.765, 1.0163, -1.94814, 1.09418, -123.109, 1.04235, 116.869
3706, 61.75833, 41.84, 67.2977, 66.5032, -27.1454, 85.1825, -169.789, 1.01636, -1.94814, 1.09445, -123.116, 1.0425, 116.863
3706, 61.76667, 41.8811, 67.2821, 66.5934, -27.1473, 85.2955, -169.812, 1.01643, -1.94814, 1.09473, -123.123, 1.04265, 116.856
3707, 61.77500, 41.9223, 67.2664, 66.6839, -27.1492, 85.4087, -169.835, 1.01649, -1.94814, 1.095, -123.13, 1.04281, 116.85
3707, 61.78333, 41.9635, 67.2507, 66.7746, -27.1511, 85.5222, -169.858, 1.01656, -1.94814, 1.09528, -123.137, 1.04296, 116.844
3708, 61.79167, 42.0048, 67.2349, 66.8656, -27.1531, 85.636, -169.882, 1.01662, -1.94813, 1.09556, -123.144, 1.04312, 116.838
3708, 61.80000, 42.0461, 67.2191, 66.9568, -27.1551, 85.75, -169.905, 1.01669, -1.94813, 1.09584, -123.151, 1.04327, 116.831
3709, 61.80833, 42.0875, 67.2032, 67.0482, -27.1572, 85.8643, -169.928, 1.01675, -1.94812, 1.09612, -123.158, 1.04343, 116.825
3709, 61.81667, 42.1289, 67.1873, 67.1398, -27.1592, 85.9789, -169.952, 1.01682, -1.94812, 1.0964, -123.166, 1.04358, 116.818
3710, 61.82500, 42.1704, 67.1713, 67.2317, -27.1614, 86.0938, -169.975, 1.01688, -1.94811, 1.09668, -123.173, 1.04374, 116.812
3710, 61.83333, 42.212, 67.1553, 67.3238, -27.1635, 86.2089, -169.999, 1.01695, -1.9481, 1.09696, -123.18, 1.0439, 116.806
3711, 61.84167, 42.2536, 67.1393, 67.4161, -27.1657, 86.3244, -170.023, 1.01701, -1.94809, 1.09724, -123.187, 1.04405, 116.799
3711, 61.85000, 42.2953, 67.1232, 67.5087, -27.168, 86.44, -170.046, 1.01708, -1.94808, 1.09753, -123.195, 1.04421, 116.793
3712, 61.85833, 42.337, 67.107, 67.6015, -27.1702, 86.556, -170.07, 1.01715, -1.94807, 1.09781, -123.202, 1.04437, 116.786
3712, 61.86667, 42.3788, 67.0908, 67.6945, -27.1725, 86.6722, -170.094, 1.01721, -1.94806, 1.0981, -123.21, 1.04453, 116.78
3713, 61.87500, 42.4207, 67.0746, 67.7878, -27.1749, 86.7888, -170.118, 1.01728, -1.94805, 1.09838, -123.217, 1.04468, 116.773
3713, 61.88333, 42.4626, 67.0583, 67.8813, -27.1773, 86.9056, -170.142, 1.01735, -1.94803, 1.09867, -123.225, 1.04484, 116.767
3714, 61.89167, 42.5046, 67.042, 67.9751, -27.1797, 87.0227, -170.166, 1.01741, -1.94802, 1.09896, -123.232, 1.045, 116.76
3714, 61.90000, 42.5466, 67.0256, 68.0691, -27.1822, 87.14, -170.19, 1.01748, -1.94801, 1.09925, -123.24, 1.04516, 116.753
3715, 61.90833, 42.5887, 67.0092, 68.1633, -27.1847, 87.2577, -170.214, 1.01755, -1.94799, 1.09953, -123.247, 1.04532, 116.747
3715, 61.91667, 42.6308, 66.9927, 68.2578, -27.1872, 87.3756, -170.238, 1.01762, -1.94797, 1.09982, -123.255, 1.04548, 116.74
3716, 61.92500, 42.673, 66.9762, 68.3525, -27.1898, 87.4938, -170.262, 1.01769, -1.94796, 1.10012, -123.262, 1.04564, 116.733
3716, 61.93333, 42.7153, 66.9596, 68.4475, -27.1924, 87.6123, -170.287, 1.01775, -1.94794, 1.10041, -123.27, 1.04581, 116.727
3717, 61.94167, 42.7576, 66.9429, 68.5427, -27.195, 87.7311, -170.311, 1.01782, -1.94792, 1.1007, -123.278, 1.04597, 116.72
3717, 61.95000, 42.8, 66.9263, 68.6382, -27.1977, 87.8502, -170.336, 1.01789, -1.9479, 1.10099, -123.285, 1.04613, 116.713
3718, 61.95833, 42.8425, 66.9096, 68.7339, -27.2005, 87.9695, -170.36, 1.01796, -1.94788, 1.10129, -123.293, 1.04629, 116.706
3718, 61.96667, 42.885, 66.8928, 68.8298, -27.2032, 88.0892, -170.385, 1.01803, -1.94786, 1.10158, -123.301, 1.04645, 116.7
3719, 61.97500, 42.9276, 66.876, 68.926, -27.2061, 88.2091, -170.409, 1.0181, -1.94784, 1.10188, -123.309, 1.04662, 116.693
3719, 61.98333, 42.9702, 66.8591, 69.0224, -27.2089, 88.3294, -170.434, 1.01817, -1.94782, 1.10217, -123.317, 1.04678, 116.686
3720, 61.99167, 43.0129, 66.8422, 69.1191, -27.2118, 88.4499, -170.459, 1.01824, -1.94779, 1.10247, -123.324, 1.04694, 116.679
3720, 62.00000, 43.0556, 66.8252, 69.2161, -27.2147, 88.5707, -170.484, 1.01831, -1.94777, 1.10277, -123.332, 1.04711, 116.672
3721, 62.00833, 43.0984, 66.8082, 69.3133, -27.2177, 88.6919, -170.508, 1.01838, -1.94775, 1.10307, -123.34, 1.04727, 116.665
3721, 62.01667, 43.1413, 66.7911, 69.4107, -27.2207, 88.8133, -170.533, 1.01845, -1.94772, 1.10337, -123.348, 1.04744, 116.658
3722, 62.02500, 43.1842, 66.774, 69.5084, -27.2238, 88.935, -170.558, 1.01852, -1.9477, 1.10367, -123.356, 1.04761, 116.651
3722, 62.03333, 43.2272, 66.7568, 69.6064, -27.2269, 89.057, -170.583, 1.01859, -1.94767, 1.10397, -123.364, 1.04777, 116.644
3723, 62.04167, 43.2703, 66.7396, 69.7046, -27.23, 89.1793, -170.608, 1.01866, -1.94765, 1.10427, -123.372, 1.04794, 116.637
3723, 62.05000, 43.3134, 66.7223, 69.8031, -27.2332, 89.3019, -170.634, 1.01874, -1.94762, 1.10457, -123.381, 1.0481, 116.63
3724, 62.05833, 43.3566, 66.705, 69.9018, -27.2364, 89.4249, -170.659, 1.01881, -1.94759, 1.10488, -123.389, 1.04827, 116.623
3724, 62.06667, 43.3998, 66.6876, 70.0008, -27.2397, 89.5481, -170.684, 1.01888, -1.94756, 1.10518, -123.397, 1.04844, 116.616
3725, 62.07500, 43.4431, 66.6702, 70.1001, -27.243, 89.6716, -170.71, 1.01895, -1.94754, 1.10549, -123.405, 1.04861, 116.609
3725, 62.08333, 43.4865, 66.6527, 70.1996, -27.2464, 89.7954, -170.735, 1.01902, -1.94751, 1.1058, -123.413, 1.04878, 116.602
3726, 62.09167, 43.5299, 66.6351, 70.2993, -27.2498, 89.9196, -170.761, 1.0191, -1.94748, 1.1061, -123.422, 1.04894, 116.594
3726, 62.10000, 43.5734, 66.6176, 70.3994, -27.2532, 90.044, -170.786, 1.01917, -1.94745, 1.10641, -123.43, 1.04911, 116.587
3727, 62.10833, 43.6169, 66.5999, 70.4997, -27.2567, 90.1688, -170.812, 1.01924, -1.94742, 1.10672, -123.438, 1.04928, 116.58
3727, 62.11667, 43.6605, 66.5822, 70.6002, -27.2602, 90.2938, -170.838, 1.01932, -1.94738, 1.10703, -123.447, 1.04945, 116.573
3728, 62.12500, 43.7042, 66.5645, 70.701, -27.2638, 90.4192, -170.863, 1.01939, -1.94735, 1.10734, -123.455, 1.04962, 116.565
3728, 62.13333, 43.748, 66.5467, 70.8021, -27.2674, 90.5449, -170.889, 1.01946, -1.94732, 1.10765, -123.464, 1.0498, 116.558
3729, 62.14167, 43.7918, 66.5289, 70.9035, -27.271, 90.6709, -170.915, 1.01954, -1.94729, 1.10797, -123.472, 1.04997, 116.551
3729, 62.15000, 43.8356, 66.5109, 71.0051, -27.2747, 90.7972, -170.941, 1.01961, -1.94725, 1.10828, -123.481, 1.05014, 116.543
3730, 62.15833, 43.8796, 66.493, 71.107, -27.2785, 90.9238, -170.967, 1.01969, -1.94722, 1.10859, -123.489, 1.05031, 116.536
3730, 62.16667, 43.9235, 66.475, 71.2092, -27.2823, 91.0508, -170.993, 1.01976, -1.94719, 1.10891, -123.498, 1.05048, 116.528
3731, 62.17500, 43.9676, 66.4569, 71.3117, -27.2861, 91.178, -171.019, 1.01984, -1.94715, 1.10923, -123.506, 1.05066, 116.521
3731, 62.18333, 44.0117, 66.4388, 71.4144, -27.29, 91.3056, -171.046, 1.01991, -1.94712, 1.10954, -123.515, 1.05083, 116.513
3732, 62.19167, 44.0559, 66.4206, 71.5174, -27.2939, 91.4335, -171.072, 1.01999, -1.94708, 1.10986, -123.524, 1.051, 116.506
3732, 62.20000, 44.1001, 66.4024, 71.6206, -27.2979, 91.5617, -171.098, 1.02006, -1.94705, 1.11018, -123.533, 1.05118, 116.498
3733, 62.20833, 44.1445, 66.3841, 71.7242, -27.3019, 91.6902, -171.125, 1.02014, -1.94701, 1.1105, -123.541, 1.05135, 116.491
3733, 62.21667, 44.1888, 66.3658, 71.828, -27.306, 91.8191, -171.151, 1.02022, -1.94697, 1.11082, -123.55, 1.05153, 116.483
3734, 62.22500, 44.2333, 66.3474, 71.9321, -27.3101, 91.9483, -171.178, 1.02029, -1.94694, 1.11114, -123.559, 1.0517, 116.475
3734, 62.23333, 44.2778, 66.329, 72.0365, -27.3142, 92.0778, -171.205, 1.02037, -1.9469, 1.11147, -123.568, 1.05188, 116.468
3735, 62.24167, 44.3223, 66.3105, 72.1412, -27.3184, 92.2077, -171.231, 1.02045, -1.94686, 1.11179, -123.577, 1.05206, 116.46
3735, 62.25000, 44.367, 66.2919, 72.2461, -27.3227, 92.3378, -171.258, 1.02052, -1.94683, 1.11211, -123.586, 1.05223, 116.452
3736, 62.25833, 44.4117, 66.2733, 72.3513, -27.327, 92.4683, -171.285, 1.0206, -1.94679, 1.11244, -123.595, 1.05241, 116.445
3736, 62.26667, 44.4564, 66.2547, 72.4568, -27.3313, 92.5992, -171.312, 1.02068, -1.94675, 1.11277, -123.604, 1.05259, 116.437
3737, 62.27500, 44.5013, 66.236, 72.5626, -27.3357, 92.7303, -171.339, 1.02076, -1.94671, 1.11309, -123.613, 1.05277, 116.429
3737, 62.28333, 44.5462, 66.2172, 72.6687, -27.3402, 92.8618, -171.366, 1.02083, -1.94667, 1.11342, -123.622, 1.05295, 116.421
3738, 62.29167, 44.5911, 66.1983, 72.7751, -27.3447, 92.9937, -171.393, 1.02091, -1.94663, 1.11375, -123.631, 1.05313, 116.413
3738, 62.30000, 44.6362, 66.1795, 72.8818, -27.3492, 93.1258, -171.421, 1.02099, -1.94659, 1.11408, -123.641, 1.05331, 116.405
3739, 62.30833, 44.6812, 66.1605, 72.9887, -27.3538, 93.2583, -171.448, 1.02107, -1.94655, 1.11441, -123.65, 1.05349, 116.397
3739, 62.31667, 44.7264, 66.1415, 73.096, -27.3584, 93.3912, -171.475, 1.02115, -1.94651, 1.11474, -123.659, 1.05367, 116.389
3740, 62.32500, 44.7716, 66.1225, 73.2035, -27.3631, 93.5244, -171.503, 1.02123, -1.94647, 1.11508, -123.668, 1.05385, 116.381
3740, 62.33333, 44.8169, 66.1033, 73.3113, -27.3678, 93.6579, -171.53, 1.02131, -1.94643, 1.11541, -123.678, 1.05403, 116.373
3741, 62.34167, 44.8623, 66.0842, 73.4194, -27.3726, 93.7918, -171.558, 1.02139, -1.94639, 1.11575, -123.687, 1.05421, 116.365
3741, 62.35000, 44.9077, 66.0649, 73.5279, -27.3775, 93.926, -171.586, 1.02147, -1.94635, 1.11608, -123.697, 1.05439, 116.357
3742, 62.35833, 44.9532, 66.0456, 73.6366, -27.3824, 94.0605, -171.613, 1.02155, -1.94631, 1.11642, -123.706, 1.05458, 116.349
3742, 62.36667, 44.9988, 66.0263, 73.7456, -27.3873, 94.1954, -171.641, 1.02163, -1.94627, 1.11676, -123.716, 1.05476, 116.341
3743, 62.37500, 45.0444, 66.0069, 73.8549, -27.3923, 94.3307, -171.669, 1.02171, -1.94623, 1.1171, -123.725, 1.05494, 116.333
3743, 62.38333, 45.0901, 65.9874, 73.9645, -27.3973, 94.4663, -171.697, 1.02179, -1.94618, 1.11744, -123.735, 1.05513, 116.325
3744, 62.39167, 45.1358, 65.9679, 74.0744, -27.4024, 94.6022, -171.725, 1.02187, -1.94614, 1.11778, -123.745, 1.05531, 116.316
3744, 62.40000, 45.1817, 65.9483, 74.1846, -27.4076, 94.7385, -171.753, 1.02196, -1.9461, 1.11812, -123.754, 1.0555, 116.308
3745, 62.40833, 45.2276, 65.9287, 74.2952, -27.4128, 94.8752, -171.782, 1.02204, -1.94606, 1.11846, -123.764, 1.05568, 116.3
3745, 62.41667, 45.2735, 65.909, 74.406, -27.418, 95.0122, -171.81, 1.02212, -1.94601, 1.1188, -123.774, 1.05587, 116.291
3746, 62.42500, 45.3196, 65.8892, 74.5171, -27.4233, 95.1495, -171.838, 1.0222, -1.94597, 1.11915, -123.784, 1.05605, 116.283
3746, 62.43333, 45.3657, 65.8694, 74.6286, -27.4287, 95.2872, -171.867, 1.02229, -1.94593, 1.1195, -123.793, 1.05624, 116.275
3747, 62.44167, 45.4118, 65.8495, 74.7403, -27.4341, 95.4253, -171.895, 1.02237, -1.94589, 1.11984, -123.803, 1.05643, 116.266
3747, 62.45000, 45.4581, 65.8296, 74.8524, -27.4395, 95.5638, -171.924, 1.02245, -1.94584, 1.12019, -123.813, 1.05662, 116.258
3748, 62.45833, 45.5044, 65.8096, 74.9648, -27.4451, 95.7025, -171.953, 1.02254, -1.9458, 1.12054, -123.823, 1.0568, 116.249
3748, 62.46667, 45.5508, 65.7895, 75.0775, -27.4506, 95.8417, -171.981, 1.02262, -1.94576, 1.12089, -123.833, 1.05699, 116.241
3749, 62.47500, 45.5972, 65.7694, 75.1905, -27.4562, 95.9812, -172.01, 1.0227, -1.94571, 1.12124, -123.843, 1.05718, 116.232
3749, 62.48333, 45.6437, 65.7492, 75.3038, -27.4619, 96.1211, -172.039, 1.02279, -1.94567, 1.12159, -123.854, 1.05737, 116.223
3750, 62.49167, 45.6903, 65.729, 75.4174, -27.4677, 96.2614, -172.068, 1.02287, -1.94563, 1.12194, -123.864, 1.05756, 116.215
3750, 62.50000, 45.737, 65.7086, 75.5314, -27.4735, 96.402, -172.097, 1.02296, -1.94558, 1.1223, -123.874, 1.05775, 116.206
3751, 62.50833, 45.7837, 65.6883, 75.6456, -27.4793, 96.5429, -172.126, 1.02304, -1.94554, 1.12265, -123.884, 1.05794, 116.197
3751, 62.51667, 45.8305, 65.6678, 75.7602, -27.4852, 96.6843, -172.156, 1.02313, -1.9455, 1.12301, -123.895, 1.05814, 116.189
3752, 62.52500, 45.8773, 65.6473, 75.8751, -27.4912, 96.826, -172.185, 1.02321, -1.94545, 1.12337, -123.905, 1.05833, 116.18
3752, 62.53333, 45.9243, 65.6268, 75.9904, -27.4972, 96.9681, -172.214, 1.0233, -1.94541, 1.12373, -123.915, 1.05852, 116.171
3753, 62.54167, 45.9713, 65.6062, 76.106, -27.5032, 97.1106, -172.244, 1.02339, -1.94537, 1.12408, -123.926, 1.05871, 116.162
3753, 62.55000, 46.0183, 65.5855, 76.2218, -27.5094, 97.2534, -172.274, 1.02347, -1.94532, 1.12444, -123.936, 1.05891, 116.153
3754, 62.55833, 46.0655, 65.5647, 76.3381, -27.5156, 97.3967, -172.303, 1.02356, -1.94528, 1.12481, -123.947, 1.0591, 116.144
3754, 62.56667, 46.1127, 65.5439, 76.4546, -27.5218, 97.5403, -172.333, 1.02365, -1.94524, 1.12517, -123.958, 1.0593, 116.135
3755, 62.57500, 46.16, 65.5231, 76.5715, -27.5281, 97.6843, -172.363, 1.02373, -1.94519, 1.12553, -123.968, 1.05949, 116.126
3755, 62.58333, 46.2074, 65.5021, 76.6887, -27.5345, 97.8286, -172.393, 1.02382, -1.94515, 1.1259, -123.979, 1.05969, 116.117
3756, 62.59167, 46.2548, 65.4811, 76.8062, -27.5409, 97.9734, -172.423, 1.02391, -1.9451, 1.12626, -123.99, 1.05988, 116.108
3756, 62.60000, 46.3023, 65.4601, 76.9241, -27.5474, 98.1185, -172.453, 1.024, -1.94506, 1.12663, -124, 1.06008, 116.099
3757, 62.60833, 46.3499, 65.4389, 77.0423, -27.5539, 98.264, -172.483, 1.02409, -1.94502, 1.127, -124.011, 1.06027, 116.09
3757, 62.61667, 46.3975, 65.4177, 77.1609, -27.5605, 98.41, -172.513, 1.02418, -1.94497, 1.12737, -124.022, 1.06047, 116.081
3758, 62.62500, 46.4452, 65.3965, 77.2797, -27.5671, 98.5563, -172.544, 1.02426, -1.94493, 1.12774, -124.033, 1.06067, 116.072
3758, 62.63333, 46.493, 65.3751, 77.399, -27.5739, 98.7029, -172.574, 1.02435, -1.94489, 1.12811, -124.044, 1.06087, 116.063
3759, 62.64167, 46.5409, 65.3537, 77.5185, -27.5806, 98.85, -172.605, 1.02444, -1.94485, 1.12848, -124.055, 1.06107, 116.053
3759, 62.65000, 46.5888, 65.3323, 77.6385, -27.5875, 98.9975, -172.635, 1.02453, -1.9448, 1.12885, -124.066, 1.06127, 116.044
3760, 62.65833, 46.6368, 65.3108, 77.7587, -27.5944, 99.1454, -172.666, 1.02462, -1.94476, 1.12923, -124.077, 1.06147, 116.035
3760, 62.66667, 46.6849, 65.2892, 77.8793, -27.6013, 99.2936, -172.697, 1.02471, -1.94472, 1.1296, -124.088, 1.06167, 116.025
3761, 62.67500, 46.733, 65.2675, 78.0002, -27.6084, 99.4423, -172.728, 1.02481, -1.94468, 1.12998, -124.1, 1.06187, 116.016
3761, 62.68333, 46.7813, 65.2458, 78.1215, -27.6154, 99.5913, -172.759, 1.0249, -1.94463, 1.13036, -124.111, 1.06207, 116.006
3762, 62.69167, 46.8296, 65.224, 78.2432, -27.6226, 99.7408, -172.79, 1.02499, -1.94459, 1.13074, -124.122, 1.06227, 115.997
3762, 62.70000, 46.8779, 65.2021, 78.3652, -27.6298, 99.8907, -172.821, 1.02508, -1.94455, 1.13112, -124.134, 1.06247, 115.987
3763, 62.70833, 46.9264, 65.1802, 78.4875, -27.6371, 100.041, -172.852, 1.02517, -1.94451, 1.1315, -124.145, 1.06268, 115.978
3763, 62.71667, 46.9749, 65.1582, 78.6102, -27.6444, 100.192, -172.884, 1.02526, -1.94447, 1.13188, -124.157, 1.06288, 115.968
3764, 62.72500, 47.0235, 65.1361, 78.7333, -27.6518, 100.343, -172.915, 1.02536, -1.94442, 1.13226, -124.168, 1.06308, 115.958
3764, 62.73333, 47.0721, 65.114, 78.8567, -27.6593, 100.494, -172.947, 1.02545, -1.94438, 1.13265, -124.18, 1.06329, 115.949
3765, 62.74167, 47.1209, 65.0918, 78.9805, -27.6668, 100.646, -172.978, 1.02554, -1.94434, 1.13303, -124.191, 1.06349, 115.939
3765, 62.75000, 47.1697, 65.0695, 79.1046, -27.6744, 100.798, -173.01, 1.02564, -1.9443, 1.13342, -124.203, 1.0637, 115.929
3766, 62.75833, 47.2186, 65.0472, 79.2291, -27.6821, 100.951, -173.042, 1.02573, -1.94426, 1.13381, -124.215, 1.06391, 115.919
3766, 62.76667, 47.2676, 65.0248, 79.354, -27.6898, 101.104, -173.074, 1.02582, -1.94422, 1.1342, -124.227, 1.06411, 115.909
3767, 62.77500, 47.3166, 65.0023, 79.4792, -27.6976, 101.258, -173.106, 1.02592, -1.94418, 1.13459, -124.239, 1.06432, 115.899
3767, 62.78333, 47.3657, 64.9797, 79.6048, -27.7055, 101.412, -173.138, 1.02601, -1.94414, 1.13498, -124.25, 1.06453, 115.889
3768, 62.79167, 47.4149, 64.9571, 79.7307, -27.7134, 101.566, -173.17, 1.02611, -1.9441, 1.13537, -124.262, 1.06473, 115.879
3768, 62.80000, 47.4642, 64.9344, 79.8571, -27.7214, 101.721, -173.202, 1.0262, -1.94406, 1.13577, -124.274, 1.06494, 115.869
3769, 62.80833, 47.5135, 64.9117, 79.9837, -27.7295, 101.876, -173.235, 1.0263, -1.94402, 1.13616, -124.287, 1.06515, 115.859
3769, 62.81667, 47.5629, 64.8888, 80.1108, -27.7376, 102.032, -173.267, 1.02639, -1.94398, 1.13656, -124.299, 1.06536, 115.849
3770, 62.82500, 47.6124, 64.8659, 80.2383, -27.7458, 102.188, -173.3, 1.02649, -1.94394, 1.13696, -124.311, 1.06557, 115.839
3770, 62.83333, 47.662, 64.8429, 80.3661, -27.7541, 102.345, -173.332, 1.02659, -1.94391, 1.13736, -124.323, 1.06578, 115.829
3771, 62.84167, 47.7116, 64.8199, 80.4943, -27.7624, 102.502, -173.365, 1.02668, -1.94387, 1.13776, -124.335, 1.06599, 115.819
3771, 62.85000, 47.7613, 64.7968, 80.6229, -27.7708, 102.659, -173.398, 1.02678, -1.94383, 1.13816, -124.348, 1.06621, 115.808
3772, 62.85833, 47.8111, 64.7736, 80.7518, -27.7793, 102.817, -173.431, 1.02688, -1.94379, 1.13856, -124.36, 1.06642, 115.798
3772, 62.86667, 47.861, 64.7503, 80.8812, -27.7878, 102.975, -173.464, 1.02697, -1.94376, 1.13896, -124.373, 1.06663, 115.788
3773, 62.87500, 47.9109, 64.727, 81.0109, -27.7964, 103.134, -173.497, 1.02707, -1.94372, 1.13937, -124.385, 1.06684, 115.777
3773, 62.88333, 47.961, 64.7035, 81.141, -27.8051, 103.293, -173.53, 1.02717, -1.94368, 1.13977, -124.398, 1.06706, 115.767
3774, 62.89167, 48.0111, 64.68, 81.2715, -27.8139, 103.452, -173.564, 1.02727, -1.94365, 1.14018, -124.411, 1.06727, 115.756
3774, 62.90000, 48.0613, 64.6565, 81.4024, -27.8227, 103.612, -173.597, 1.02737, -1.94361, 1.14059, -124.423, 1.06749, 115.746
3775, 62.90833, 48.1115, 64.6328, 81.5336, -27.8316, 103.773, -173.631, 1.02747, -1.94358, 1.141, -124.436, 1.0677, 115.735
3775, 62.91667, 48.1619, 64.6091, 81.6653, -27.8406, 103.934, -173.664, 1.02757, -1.94354, 1.14141, -124.449, 1.06792, 115.724
3776, 62.92500, 48.2123, 64.5853, 81.7973, -27.8497, 104.095, -173.698, 1.02767, -1.94351, 1.14182, -124.462, 1.06814, 115.714
3776, 62.93333, 48.2628, 64.5615, 81.9298, -27.8588, 104.257, -173.732, 1.02777, -1.94347, 1.14224, -124.475, 1.06835, 115.703
3777, 62.94167, 48.3133, 64.5375, 82.0627, -27.868, 104.419, -173.766, 1.02787, -1.94344, 1.14265, -124.488, 1.06857, 115.692
3777, 62.95000, 48.364, 64.5135, 82.1959, -27.8773, 104.582, -173.8, 1.02797, -1.94341, 1.14307, -124.501, 1.06879, 115.681
3778, 62.95833, 48.4147, 64.4894, 82.3295, -27.8866, 104.745, -173.834, 1.02807, -1.94337, 1.14348, -124.514, 1.06901, 115.671
3778, 62.96667, 48.4655, 64.4652, 82.4636, -27.896, 104.908, -173.869, 1.02817, -1.94334, 1.1439, -124.527, 1.06923, 115.66
3779, 62.97500, 48.5164, 64.441, 82.598, -27.9055, 105.073, -173.903, 1.02827, -1.94331, 1.14432, -124.54, 1.06945, 115.649
3779, 62.98333, 48.5674, 64.4167, 82.7329, -27.9151, 105.237, -173.938, 1.02838, -1.94328, 1.14474, -124.554, 1.06967, 115.638
3780, 62.99167, 48.6184, 64.3923, 82.8682, -27.9248, 105.402, -173.972, 1.02848, -1.94325, 1.14517, -124.567, 1.06989, 115.627
3780, 63.00000, 48.6695, 64.3678, 83.0038, -27.9345, 105.567, -174.007, 1.02858, -1.94322, 1.14559, -124.581, 1.07011, 115.616
3781, 63.00833, 48.7207, 64.3432, 83.1399, -27.9443, 105.733, -174.042, 1.02868, -1.94319, 1.14601, -124.594, 1.07033, 115.604
3781, 63.01667, 48.772, 64.3186, 83.2764, -27.9542, 105.9, -174.077, 1.02879, -1.94316, 1.14644, -124.608, 1.07056, 115.593
3782, 63.02500, 48.8234, 64.2939, 83.4133, -27.9642, 106.067, -174.112, 1.02889, -1.94313, 1.14687, -124.621, 1.07078, 115.582
3782, 63.03333, 48.8748, 64.2691, 83.5507, -27.9742, 106.234, -174.147, 1.02899, -1.9431, 1.1473, -124.635, 1.071, 115.571
3783, 63.04167, 48.9263, 64.2442, 83.6884, -27.9843, 106.402, -174.182, 1.0291, -1.94307, 1.14773, -124.649, 1.07123, 115.559
3783, 63.05000, 48.9779, 64.2192, 83.8266, -27.9945, 106.57, -174.218, 1.0292, -1.94305, 1.14816, -124.663, 1.07145, 115.548
3784, 63.05833, 49.0296, 64.1942, 83.9652, -28.0048, 106.739, -174.253, 1.02931, -1.94302, 1.14859, -124.677, 1.07168, 115.537
3784, 63.06667, 49.0814, 64.1691, 84.1042, -28.0152, 106.908, -174.289, 1.02941, -1.94299, 1.14903, -124.691, 1.0719, 115.525
3785, 63.07500, 49.1332, 64.1439, 84.2436, -28.0256, 107.078, -174.324, 1.02952, -1.94297, 1.14946, -124.705, 1.07213, 115.514
3785, 63.08333, 49.1851, 64.1186, 84.3835, -28.0361, 107.248, -174.36, 1.02963, -1.94294, 1.1499, -124.719, 1.07236, 115.502
3786, 63.09167, 49.2371, 64.0933, 84.5238, -28.0467, 107.418, -174.396, 1.02973, -1.94292, 1.15034, -124.733, 1.07258, 115.49
3786, 63.10000, 49.2892, 64.0678, 84.6645, -28.0574, 107.59, -174.432, 1.02984, -1.94289, 1.15078, -124.747, 1.07281, 115.479
3787, 63.10833, 49.3414, 64.0423, 84.8056, -28.0682, 107.761, -174.468, 1.02995, -1.94287, 1.15122, -124.762, 1.07304, 115.467
3787, 63.11667, 49.3936, 64.0167, 84.9472, -28.0791, 107.933, -174.505, 1.03005, -1.94285, 1.15166, -124.776, 1.07327, 115.455
3788, 63.12500, 49.4459, 63.991, 85.0893, -28.09, 108.106, -174.541, 1.03016, -1.94282, 1.1521, -124.79, 1.0735, 115.443
3788, 63.13333, 49.4984, 63.9652, 85.2317, -28.101, 108.279, -174.578, 1.03027, -1.9428, 1.15255, -124.805, 1.07373, 115.431
3789, 63.14167, 49.5508, 63.9394, 85.3746, -28.1121, 108.453, -174.614, 1.03038, -1.94278, 1.153, -124.82, 1.07396, 115.42
3789, 63.15000, 49.6034, 63.9134, 85.518, -28.1233, 108.627, -174.651, 1.03049, -1.94276, 1.15344, -124.834, 1.07419, 115.408
3790, 63.15833, 49.6561, 63.8874, 85.6618, -28.1346, 108.801, -174.688, 1.0306, -1.94274, 1.15389, -124.849, 1.07443, 115.396
3790, 63.16667, 49.7088, 63.8613, 85.806, -28.146, 108.976, -174.725, 1.03071, -1.94272, 1.15434, -124.864, 1.07466, 115.383
3791, 63.17500, 49.7616, 63.8351, 85.9507, -28.1574, 109.152, -174.762, 1.03082, -1.9427, 1.15479, -124.879, 1.07489, 115.371
3791, 63.18333, 49.8145, 63.8088, 86.0958, -28.169, 109.328, -174.799, 1.03093, -1.94269, 1.15525, -124.894, 1.07513, 115.359
3792, 63.19167, 49.8675, 63.7824, 86.2414, -28.1806, 109.505, -174.836, 1.03104, -1.94267, 1.1557, -124.909, 1.07536, 115.347
3792, 63.20000, 49.9206, 63.756, 86.3874, -28.1923, 109.682, -174.874, 1.03115, -1.94265, 1.15616, -124.924, 1.0756, 115.335
3793, 63.20833, 49.9738, 63.7294, 86.5339, -28.2041, 109.859, -174.911, 1.03126, -1.94264, 1.15662, -124.939, 1.07583, 115.322
3793, 63.21667, 50.027, 63.7028, 86.6809, -28.216, 110.038, -174.949, 1.03137, -1.94262, 1.15708, -124.954, 1.07607, 115.31
3794, 63.22500, 50.0803, 63.6761, 86.8283, -28.228, 110.216, -174.987, 1.03148, -1.94261, 1.15754, -124.969, 1.07631, 115.297
3794, 63.23333, 50.1337, 63.6493, 86.9762, -28.2401, 110.395, -175.025, 1.0316, -1.9426, 1.158, -124.985, 1.07654, 115.285
3795, 63.24167, 50.1872, 63.6224, 87.1245, -28.2523, 110.575, -175.063, 1.03171, -1.94258, 1.15846, -125, 1.07678, 115.272
3795, 63.25000, 50.2408, 63.5954, 87.2733, -28.2645, 110.755, -175.101, 1.03182, -1.94257, 1.15893, -125.016, 1.07702, 115.26
3796, 63.25833, 50.2944, 63.5684, 87.4226, -28.2769, 110.936, -175.139, 1.03194, -1.94256, 1.15939, -125.031, 1.07726, 115.247
3796, 63.26667, 50.3482, 63.5412, 87.5723, -28.2893, 111.117, -175.178, 1.03205, -1.94255, 1.15986, -125.047, 1.0775, 115.234
3797, 63.27500, 50.402, 63.5139, 87.7225, -28.3019, 111.299, -175.216, 1.03216, -1.94254, 1.16033, -125.063, 1.07774, 115.221
3797, 63.28333, 50.4559, 63.4866, 87.8732, -28.3145, 111.481, -175.255, 1.03228, -1.94253, 1.1608, -125.079, 1.07798, 115.208
3798, 63.29167, 50.5099, 63.4592, 88.0244, -28.3272, 111.664, -175.294, 1.03239, -1.94252, 1.16127, -125.095, 1.07822, 115.196
3798, 63.30000, 50.564, 63.4317, 88.176, -28.34, 111.848, -175.333, 1.03251, -1.94252, 1.16174, -125.111, 1.07847, 115.183
3799, 63.30833, 50.6181, 63.4041, 88.3281, -28.353, 112.031, -175.372, 1.03263, -1.94251, 1.16222, -125.127, 1.07871, 115.17
3799, 63.31667, 50.6724, 63.3764, 88.4807, -28.366, 112.216, -175.411, 1.03274, -1.9425, 1.16269, -125.143, 1.07895, 115.156
3800, 63.32500, 50.7267, 63.3486, 88.6338, -28.3791, 112.401, -175.451, 1.03286, -1.9425, 1.16317, -125.159, 1.0792, 115.143
3800, 63.33333, 50.7811, 63.3207, 88.7874, -28.3923, 112.586, -175.49, 1.03298, -1.9425, 1.16365, -125.176, 1.07944, 115.13
3801, 63.34167, 50.8357, 63.2927, 88.9414, -28.4056, 112.772, -175.53, 1.03309, -1.94249, 1.16413, -125.192, 1.07969, 115.117
3801, 63.35000, 50.8902, 63.2646, 89.096, -28.419, 112.959, -175.569, 1.03321, -1.94249, 1.16462, -125.209, 1.07993, 115.104
3802, 63.35833, 50.9449, 63.2365, 89.251, -28.4325, 113.146, -175.609, 1.03333, -1.94249, 1.1651, -125.225, 1.08018, 115.09
3802, 63.36667, 50.9997, 63.2082, 89.4066, -28.4461, 113.334, -175.649, 1.03345, -1.94249, 1.16558, -125.242, 1.08043, 115.077
3803, 63.37500, 51.0545, 63.1798, 89.5626, -28.4598, 113.522, -175.689, 1.03357, -1.94249, 1.16607, -125.259, 1.08068, 115.063
3803, 63.38333, 51.1095, 63.1514, 89.7191, -28.4736, 113.711, -175.73, 1.03369, -1.94249, 1.16656, -125.275, 1.08092, 115.05
3804, 63.39167, 51.1645, 63.1228, 89.8762, -28.4875, 113.9, -175.77, 1.03381, -1.9425, 1.16705, -125.292, 1.08117, 115.036
3804, 63.40000, 51.2196, 63.0942, 90.0337, -28.5015, 114.09, -175.81, 1.03393, -1.9425, 1.16754, -125.309, 1.08142, 115.022
3805, 63.40833, 51.2748, 63.0655, 90.1918, -28.5156, 114.281, -175.851, 1.03405, -1.94251, 1.16803, -125.326, 1.08167, 115.009
3805, 63.41667, 51.3301, 63.0366, 90.3503, -28.5298, 114.472, -175.892, 1.03417, -1.94251, 1.16853, -125.344, 1.08192, 114.995
3806, 63.42500, 51.3855, 63.0077, 90.5094, -28.5441, 114.664, -175.933, 1.03429, -1.94252, 1.16902, -125.361, 1.08217, 114.981
3806, 63.43333, 51.4409, 62.9787, 90.669, -28.5585, 114.856, -175.974, 1.03441, -1.94253, 1.16952, -125.378, 1.08243, 114.967
3807, 63.44167, 51.4965, 62.9496, 90.8291, -28.5731, 115.049, -176.015, 1.03453, -1.94253, 1.17002, -125.396, 1.08268, 114.953
3807, 63.45000, 51.5521, 62.9203, 90.9897, -28.5877, 115.242, -176.056, 1.03466, -1.94254, 1.17052, -125.413, 1.08293, 114.939
3808, 63.45833, 51.6078, 62.891, 91.1508, -28.6024, 115.436, -176.098, 1.03478, -1.94256, 1.17102, -125.431, 1.08319, 114.925
3808, 63.46667, 51.6636, 62.8616, 91.3125, -28.6173, 115.63, -176.14, 1.0349, -1.94257, 1.17153, -125.448, 1.08344, 114.911
3809, 63.47500, 51.7195, 62.8321, 91.4747, -28.6322, 115.825, -176.181, 1.03503, -1.94258, 1.17203, -125.466, 1.0837, 114.896
3809, 63.48333, 51.7755, 62.8025, 91.6374, -28.6473, 116.021, -176.223, 1.03515, -1.9426, 1.17254, -125.484, 1.08395, 114.882
3810, 63.49167, 51.8316, 62.7727, 91.8006, -28.6624, 116.217, -176.265, 1.03527, -1.94261, 1.17305, -125.502, 1.08421, 114.868
3810, 63.50000, 51.8877, 62.7429, 91.9644, -28.6777, 116.414, -176.308, 1.0354, -1.94263, 1.17356, -125.52, 1.08447, 114.853
3811, 63.50833, 51.944, 62.713, 92.1287, -28.6931, 116.612, -176.35, 1.03552, -1.94265, 1.17407, -125.538, 1.08472, 114.839
3811, 63.51667, 52.0003, 62.683, 92.2935, -28.7086, 116.81, -176.392, 1.03565, -1.94266, 1.17458, -125.556, 1.08498, 114.824
3812, 63.52500, 52.0568, 62.6528, 92.4589, -28.7242, 117.008, -176.435, 1.03578, -1.94268, 1.1751, -125.575, 1.08524, 114.809
3812, 63.53333, 52.1133, 62.6226, 92.6248, -28.7399, 117.207, -176.478, 1.0359, -1.94271, 1.17561, -125.593, 1.0855, 114.795
3813, 63.54167, 52.1699, 62.5923, 92.7913, -28.7557, 117.407, -176.521, 1.03603, -1.94273, 1.17613, -125.612, 1.08576, 114.78
3813, 63.55000, 52.2266, 62.5618, 92.9583, -28.7717, 117.608, -176.564, 1.03616, -1.94275, 1.17665, -125.63, 1.08602, 114.765
3814, 63.55833, 52.2833, 62.5313, 93.1258, -28.7877, 117.809, -176.607, 1.03629, -1.94278, 1.17717, -125.649, 1.08628, 114.75
3814, 63.56667, 52.3402, 62.5006, 93.294, -28.8039, 118.01, -176.65, 1.03642, -1.9428, 1.1777, -125.668, 1.08655, 114.735
3815, 63.57500, 52.3972, 62.4699, 93.4626, -28.8202, 118.212, -176.694, 1.03654, -1.94283, 1.17822, -125.687, 1.08681, 114.72
3815, 63.58333, 52.4542, 62.439, 93.6318, -28.8366, 118.415, -176.738, 1.03667, -1.94286, 1.17875, -125.706, 1.08707, 114.705
3816, 63.59167, 52.5114, 62.4081, 93.8016, -28.8531, 118.619, -176.781, 1.0368, -1.94289, 1.17927, -125.725, 1.08734, 114.69
3816, 63.60000, 52.5686, 62.377, 93.9719, -28.8698, 118.823, -176.825, 1.03693, -1.94292, 1.1798, -125.744, 1.0876, 114.674
3817, 63.60833, 52.6259, 62.3458, 94.1428, -28.8865, 119.027, -176.87, 1.03706, -1.94295, 1.18034, -125.763, 1.08786, 114.659
3817, 63.61667, 52.6833, 62.3145, 94.3143, -28.9034, 119.233, -176.914, 1.0372, -1.94299, 1.18087, -125.783, 1.08813, 114.644
3818, 63.62500, 52.7408, 62.2831, 94.4863, -28.9204, 119.438, -176.958, 1.03733, -1.94302, 1.1814, -125.802, 1.0884, 114.628
3818, 63.63333, 52.7984, 62.2516, 94.6589, -28.9375, 119.645, -177.003, 1.03746, -1.94306, 1.18194, -125.822, 1.08866, 114.613
3819, 63.64167, 52.8561, 62.22, 94.8321, -28.9548, 119.852, -177.048, 1.03759, -1.9431, 1.18248, -125.842, 1.08893, 114.597
3819, 63.65000, 52.9139, 62.1883, 95.0058, -28.9721, 120.06, -177.092, 1.03772, -1.94314, 1.18302, -125.861, 1.0892, 114.581
3820, 63.65833, 52.9717, 62.1565, 95.1802, -28.9896, 120.268, -177.138, 1.03786, -1.94318, 1.18356, -125.881, 1.08947, 114.565
3820, 63.66667, 53.0297, 62.1245, 95.3551, -29.0072, 120.477, -177.183, 1.03799, -1.94322, 1.1841, -125.901, 1.08974, 114.55
3821, 63.67500, 53.0878, 62.0925, 95.5306, -29.0249, 120.687, -177.228, 1.03813, -1.94327, 1.18464, -125.921, 1.09001, 114.534
3821, 63.68333, 53.1459, 62.0603, 95.7066, -29.0428, 120.897, -177.274, 1.03826, -1.94331, 1.18519, -125.942, 1.09028, 114.518
3822, 63.69167, 53.2041, 62.028, 95.8833, -29.0608, 121.108, -177.319, 1.0384, -1.94336, 1.18574, -125.962, 1.09055, 114.502
3822, 63.70000, 53.2624, 61.9957, 96.0606, -29.0789, 121.32, -177.365, 1.03853, -1.94341, 1.18629, -125.982, 1.09082, 114.485
3823, 63.70833, 53.3208, 61.9632, 96.2384, -29.0971, 121.532, -177.411, 1.03867, -1.94346, 1.18684, -126.003, 1.0911, 114.469
3823, 63.71667, 53.3793, 61.9305, 96.4169, -29.1155, 121.745, -177.458, 1.0388, -1.94351, 1.18739, -126.024, 1.09137, 114.453
3824, 63.72500, 53.4379, 61.8978, 96.5959, -29.1339, 121.959, -177.504, 1.03894, -1.94357, 1.18795, -126.044, 1.09165, 114.436
3824, 63.73333, 53.4966, 61.865, 96.7756, -29.1526, 122.173, -177.55, 1.03908, -1.94362, 1.18851, -126.065, 1.09192, 114.42
3825, 63.74167, 53.5554, 61.832, 96.9559, -29.1713, 122.388, -177.597, 1.03922, -1.94368, 1.18906, -126.086, 1.0922, 114.403
3825, 63.75000, 53.6143, 61.7989, 97.1367, -29.1902, 122.604, -177.644, 1.03936, -1.94374, 1.18962, -126.107, 1.09247, 114.387
3826, 63.75833, 53.6732, 61.7658, 97.3182, -29.2092, 122.82, -177.691, 1.03949, -1.9438, 1.19019, -126.128, 1.09275, 114.37
3826, 63.76667, 53.7323, 61.7324, 97.5003, -29.2284, 123.037, -177.738, 1.03963, -1.94386, 1.19075, -126.15, 1.09303, 114.353
3827, 63.77500, 53.7914, 61.699, 97.683, -29.2476, 123.254, -177.786, 1.03977, -1.94393, 1.19131, -126.171, 1.0933, 114.336
3827, 63.78333, 53.8507, 61.6655, 97.8663, -29.267, 123.472, -177.833, 1.03992, -1.94399, 1.19188, -126.193, 1.09358, 114.32
3828, 63.79167, 53.91, 61.6318, 98.0503, -29.2866, 123.691, -177.881, 1.04006, -1.94406, 1.19245, -126.214, 1.09386, 114.303
3828, 63.80000, 53.9694, 61.598, 98.2348, -29.3063, 123.911, -177.929, 1.0402, -1.94413, 1.19302, -126.236, 1.09414, 114.285
3829, 63.80833, 54.0289, 61.5641, 98.42, -29.3261, 124.131, -177.977, 1.04034, -1.9442, 1.19359, -126.258, 1.09442, 114.268
3829, 63.81667, 54.0885, 61.5301, 98.6059, -29.3461, 124.352, -178.025, 1.04048, -1.94428, 1.19417, -126.28, 1.0947, 114.251
3830, 63.82500, 54.1482, 61.496, 98.7923, -29.3661, 124.574, -178.073, 1.04063, -1.94435, 1.19474, -126.302, 1.09499, 114.234
3830, 63.83333, 54.208, 61.4617, 98.9794, -29.3864, 124.796, -178.122, 1.04077, -1.94443, 1.19532, -126.324, 1.09527, 114.216
3831, 63.84167, 54.2679, 61.4273, 99.1671, -29.4068, 125.019, -178.171, 1.04091, -1.94451, 1.1959, -126.347, 1.09555, 114.199
3831, 63.85000, 54.3279, 61.3928, 99.3555, -29.4273, 125.243, -178.22, 1.04106, -1.94459, 1.19648, -126.369, 1.09584, 114.181
3832, 63.85833, 54.3879, 61.3582, 99.5445, -29.4479, 125.467, -178.269, 1.0412, -1.94468, 1.19707, -126.392, 1.09612, 114.163
3832, 63.86667, 54.4481, 61.3234, 99.7342, -29.4687, 125.692, -178.318, 1.04135, -1.94476, 1.19765, -126.414, 1.09641, 114.146
3833, 63.87500, 54.5084, 61.2885, 99.9245, -29.4897, 125.918, -178.368, 1.04149, -1.94485, 1.19824, -126.437, 1.09669, 114.128
3833, 63.88333, 54.5687, 61.2535, 100.115, -29.5108, 126.144, -178.417, 1.04164, -1.94494, 1.19883, -126.46, 1.09698, 114.11
3834, 63.89167, 54.6292, 61.2184, 100.307, -29.532, 126.371, -178.467, 1.04179, -1.94503, 1.19942, -126.483, 1.09726, 114.092
3834, 63.90000, 54.6897, 61.1831, 100.499, -29.5534, 126.599, -178.517, 1.04194, -1.94513, 1.20001, -126.506, 1.09755, 114.074
3835, 63.90833, 54.7503, 61.1478, 100.692, -29.5749, 126.828, -178.567, 1.04208, -1.94523, 1.2006, -126.53, 1.09784, 114.055
3835, 63.91667, 54.811, 61.1122, 100.886, -29.5966, 127.057, -178.618, 1.04223, -1.94533, 1.2012, -126.553, 1.09813, 114.037
3836, 63.92500, 54.8719, 61.0766, 101.08, -29.6184, 127.287, -178.668, 1.04238, -1.94543, 1.2018, -126.577, 1.09842, 114.019
3836, 63.93333, 54.9328, 61.0408, 101.275, -29.6404, 127.518, -178.719, 1.04253, -1.94553, 1.2024, -126.6, 1.09871, 114
3837, 63.94167, 54.9938, 61.0049, 101.471, -29.6625, 127.75, -178.77, 1.04268, -1.94564, 1.203, -126.624, 1.099, 113.982
3837, 63.95000, 55.0549, 60.9689, 101.667, -29.6848, 127.982, -178.821, 1.04283, -1.94575, 1.2036, -126.648, 1.09929, 113.963
3838, 63.95833, 55.116, 60.9328, 101.864, -29.7072, 128.215, -178.872, 1.04298, -1.94586, 1.20421, -126.672, 1.09958, 113.944
3838, 63.96667, 55.1773, 60.8965, 102.062, -29.7298, 128.448, -178.924, 1.04314, -1.94597, 1.20481, -126.696, 1.09988, 113.925
3839, 63.97500, 55.2387, 60.8601, 102.26, -29.7526, 128.683, -178.976, 1.04329, -1.94609, 1.20542, -126.721, 1.10017, 113.907
3839, 63.98333, 55.3002, 60.8235, 102.459, -29.7755, 128.918, -179.028, 1.04344, -1.94621, 1.20603, -126.745, 1.10047, 113.887
3840, 63.99167, 55.3617, 60.7868, 102.659, -29.7985, 129.154, -179.08, 1.0436, -1.94633, 1.20665, -126.77, 1.10076, 113.868
3840, 64.00000, 55.4234, 60.75, 102.859, -29.8217, 129.39, -179.132, 1.04375, -1.94645, 1.20726, -126.795, 1.10106, 113.849
3841, 64.00833, 55.4851, 60.7131, 103.06, -29.8451, 129.628, -179.184, 1.04391, -1.94658, 1.20788, -126.819, 1.10135, 113.83
3841, 64.01667, 55.547, 60.676, 103.262, -29.8686, 129.866, -179.237, 1.04406, -1.94671, 1.2085, -126.844, 1.10165, 113.81
3842, 64.02500, 55.6089, 60.6387, 103.465, -29.8923, 130.105, -179.29, 1.04422, -1.94684, 1.20912, -126.87, 1.10195, 113.791
3842, 64.03333, 55.6709, 60.6014, 103.668, -29.9162, 130.344, -179.343, 1.04437, -1.94698, 1.20974, -126.895, 1.10224, 113.771
3843, 64.04166, 55.7331, 60.5639, 103.872, -29.9402, 130.585, -179.396, 1.04453, -1.94711, 1.21036, -126.92, 1.10254, 113.752
3843, 64.05000, 55.7953, 60.5262, 104.076, -29.9644, 130.826, -179.45, 1.04469, -1.94726, 1.21099, -126.946, 1.10284, 113.732
3844, 64.05833, 55.8576, 60.4885, 104.282, -29.9887, 131.068, -179.504, 1.04485, -1.9474, 1.21162, -126.972, 1.10314, 113.712
3844, 64.06667, 55.92, 60.4506, 104.488, -30.0132, 131.31, -179.558, 1.04501, -1.94755, 1.21225, -126.997, 1.10344, 113.692
3845, 64.07500, 55.9825, 60.4125, 104.695, -30.0379, 131.554, -179.612, 1.04516, -1.9477, 1.21288, -127.023, 1.10374, 113.672
3845, 64.08334, 56.0451, 60.3743, 104.902, -30.0627, 131.798, -179.666, 1.04533, -1.94785, 1.21351, -127.049, 1.10405, 113.652
3846, 64.09167, 56.1078, 60.336, 105.111, -30.0877, 132.043, -179.72, 1.04549, -1.94801, 1.21415, -127.076, 1.10435, 113.631
3846, 64.10000, 56.1706, 60.2975, 105.32, -30.1129, 132.289, -179.775, 1.04565, -1.94817, 1.21479, -127.102, 1.10465, 113.611
3847, 64.10833, 56.2334, 60.2589, 105.529, -30.1383, 132.535, -179.83, 1.04581, -1.94833, 1.21543, -127.129, 1.10495, 113.591
3847, 64.11667, 56.2964, 60.2201, 105.74, -30.1638, 132.783, -179.885, 1.04597, -1.9485, 1.21607, -127.155, 1.10526, 113.57
3848, 64.12500, 56.3594, 60.1812, 105.951, -30.1895, 133.031, -179.941, 1.04613, -1.94867, 1.21671, -127.182, 1.10556, 113.549
3848, 64.13333, 56.4226, 60.1422, 106.163, -30.2154, 133.28, -179.996, 1.0463, -1.94884, 1.21736, -127.209, 1.10587, 113.528
3849, 64.14167, 56.4858, 60.103, 106.376, -30.2414, 133.529, 179.948, 1.04646, -1.94901, 1.218, -127.236, 1.10618, 113.508
3849, 64.15000, 56.5492, 60.0637, 106.589, -30.2676, 133.78, 179.892, 1.04663, -1.94919, 1.21865, -127.264, 1.10648, 113.487
3850, 64.15833, 56.6126, 60.0242, 106.803, -30.294, 134.031, 179.836, 1.04679, -1.94938, 1.21931, -127.291, 1.10679, 113.465
3850, 64.16666, 56.6761, 59.9845, 107.018, -30.3206, 134.283, 179.779, 1.04696, -1.94957, 1.21996, -127.319, 1.1071, 113.444
3851, 64.17500, 56.7398, 59.9448, 107.234, -30.3474, 134.536, 179.723, 1.04713, -1.94976, 1.22061, -127.347, 1.10741, 113.423
3851, 64.18333, 56.8035, 59.9048, 107.451, -30.3743, 134.79, 179.666, 1.04729, -1.94995, 1.22127, -127.374, 1.10772, 113.401
3852, 64.19167, 56.8673, 59.8647, 107.668, -30.4014, 135.044, 179.609, 1.04746, -1.95015, 1.22193, -127.402, 1.10803, 113.38
3852, 64.20000, 56.9312, 59.8245, 107.886, -30.4287, 135.299, 179.551, 1.04763, -1.95035, 1.22259, -127.431, 1.10834, 113.358
3853, 64.20834, 56.9952, 59.7841, 108.105, -30.4562, 135.556, 179.494, 1.0478, -1.95056, 1.22325, -127.459, 1.10865, 113.337
3853, 64.21667, 57.0592, 59.7436, 108.324, -30.4839, 135.813, 179.436, 1.04797, -1.95077, 1.22392, -127.488, 1.10896, 113.315
3854, 64.22500, 57.1234, 59.7029, 108.545, -30.5117, 136.07, 179.378, 1.04814, -1.95098, 1.22459, -127.516, 1.10927, 113.293
3854, 64.23333, 57.1877, 59.6621, 108.766, -30.5398, 136.329, 179.32, 1.04831, -1.9512, 1.22526, -127.545, 1.10958, 113.271
3855, 64.24167, 57.2521, 59.6211, 108.988, -30.568, 136.588, 179.261, 1.04848, -1.95142, 1.22593, -127.574, 1.1099, 113.248
3855, 64.25000, 57.3165, 59.5799, 109.211, -30.5965, 136.849, 179.203, 1.04866, -1.95165, 1.2266, -127.603, 1.11021, 113.226
3856, 64.25833, 57.3811, 59.5386, 109.434, -30.6251, 137.11, 179.144, 1.04883, -1.95188, 1.22728, -127.633, 1.11053, 113.204
3856, 64.26667, 57.4457, 59.4972, 109.659, -30.6539, 137.372, 179.085, 1.049, -1.95212, 1.22795, -127.662, 1.11084, 113.181
3857, 64.27500, 57.5104, 59.4556, 109.884, -30.6829, 137.634, 179.025, 1.04918, -1.95236, 1.22863, -127.692, 1.11116, 113.158
3857, 64.28333, 57.5752, 59.4138, 110.11, -30.7121, 137.898, 178.966, 1.04935, -1.9526, 1.22931, -127.722, 1.11147, 113.136
3858, 64.29166, 57.6402, 59.3718, 110.337, -30.7415, 138.163, 178.906, 1.04953, -1.95285, 1.23, -127.752, 1.11179, 113.113
3858, 64.30000, 57.7052, 59.3298, 110.564, -30.7711, 138.428, 178.846, 1.04971, -1.95311, 1.23068, -127.782, 1.11211, 113.09
3859, 64.30833, 57.7703, 59.2875, 110.793, -30.8009, 138.694, 178.786, 1.04988, -1.95337, 1.23137, -127.812, 1.11243, 113.067
3859, 64.31667, 57.8354, 59.2451, 111.022, -30.8309, 138.961, 178.725, 1.05006, -1.95363, 1.23206, -127.843, 1.11275, 113.043
3860, 64.32500, 57.9007, 59.2025, 111.252, -30.8611, 139.229, 178.664, 1.05024, -1.9539, 1.23275, -127.873, 1.11307, 113.02
3860, 64.33334, 57.9661, 59.1598, 111.483, -30.8915, 139.498, 178.603, 1.05042, -1.95417, 1.23344, -127.904, 1.11339, 112.996
3861, 64.34167, 58.0316, 59.1169, 111.714, -30.9221, 139.767, 178.542, 1.0506, -1.95445, 1.23414, -127.935, 1.11371, 112.973
3861, 64.35000, 58.0971, 59.0738, 111.947, -30.9529, 140.038, 178.48, 1.05078, -1.95474, 1.23484, -127.967, 1.11403, 112.949
3862, 64.35833, 58.1628, 59.0306, 112.18, -30.9839, 140.309, 178.419, 1.05096, -1.95503, 1.23554, -127.998, 1.11435, 112.925
3862, 64.36667, 58.2285, 58.9871, 112.415, -31.0151, 140.581, 178.357, 1.05115, -1.95532, 1.23624, -128.029, 1.11467, 112.901
3863, 64.37500, 58.2943, 58.9436, 112.65, -31.0465, 140.854, 178.294, 1.05133, -1.95562, 1.23694, -128.061, 1.11499, 112.877
3863, 64.38333, 58.3602, 58.8998, 112.886, -31.0782, 141.128, 178.232, 1.05151, -1.95593, 1.23765, -128.093, 1.11532, 112.853
3864, 64.39167, 58.4262, 58.8559, 113.122, -31.11, 141.403, 178.169, 1.0517, -1.95624, 1.23835, -128.125, 1.11564, 112.829
3864, 64.40000, 58.4923, 58.8119, 113.36, -31.1421, 141.679, 178.106, 1.05188, -1.95655, 1.23906, -128.158, 1.11597, 112.804
3865, 64.40833, 58.5585, 58.7676, 113.599, -31.1743, 141.956, 178.043, 1.05207, -1.95688, 1.23978, -128.19, 1.11629, 112.78
3865, 64.41666, 58.6248, 58.7232, 113.838, -31.2068, 142.233, 177.979, 1.05226, -1.95721, 1.24049, -128.223, 1.11662, 112.755
3866, 64.42500, 58.6911, 58.6786, 114.078, -31.2396, 142.512, 177.915, 1.05244, -1.95754, 1.2412, -128.256, 1.11694, 112.73
3866, 64.43333, 58.7576, 58.6339, 114.319, -31.2725, 142.791, 177.851, 1.05263, -1.95788, 1.24192, -128.289, 1.11727, 112.705
3867, 64.44167, 58.8241, 58.5889, 114.561, -31.3056, 143.071, 177.787, 1.05282, -1.95823, 1.24264, -128.322, 1.1176, 112.68
3867, 64.45000, 58.8907, 58.5438, 114.804, -31.339, 143.352, 177.723, 1.05301, -1.95858, 1.24336, -128.355, 1.11792, 112.655
3868, 64.45834, 58.9574, 58.4985, 115.048, -31.3726, 143.634, 177.658, 1.0532, -1.95894, 1.24409, -128.389, 1.11825, 112.629
3868, 64.46667, 59.0242, 58.4531, 115.293, -31.4064, 143.917, 177.593, 1.05339, -1.95931, 1.24481, -128.423, 1.11858, 112.604
3869, 64.47500, 59.0911, 58.4074, 115.538, -31.4404, 144.201, 177.527, 1.05358, -1.95968, 1.24554, -128.457, 1.11891, 112.578
3869, 64.48333, 59.1581, 58.3616, 115.785, -31.4747, 144.486, 177.462, 1.05378, -1.96006, 1.24627, -128.491, 1.11924, 112.552
3870, 64.49167, 59.2252, 58.3156, 116.032, -31.5092, 144.772, 177.396, 1.05397, -1.96045, 1.24701, -128.525, 1.11957, 112.526
3870, 64.50000, 59.2923, 58.2694, 116.28, -31.5439, 145.058, 177.33, 1.05417, -1.96084, 1.24774, -128.56, 1.1199, 112.5
3871, 64.50833, 59.3595, 58.2231, 116.529, -31.5789, 145.346, 177.263, 1.05436, -1.96124, 1.24848, -128.594, 1.12023, 112.474
3871, 64.51667, 59.4269, 58.1765, 116.779, -31.6141, 145.635, 177.197, 1.05456, -1.96165, 1.24921, -128.629, 1.12056, 112.448
3872, 64.52500, 59.4943, 58.1298, 117.03, -31.6495, 145.924, 177.13, 1.05475, -1.96206, 1.24995, -128.665, 1.1209, 112.421
3872, 64.53333, 59.5617, 58.0829, 117.282, -31.6852, 146.214, 177.062, 1.05495, -1.96249, 1.2507, -128.7, 1.12123, 112.395
3873, 64.54166, 59.6293, 58.0358, 117.535, -31.7211, 146.506, 176.995, 1.05515, -1.96292, 1.25144, -128.736, 1.12156, 112.368
3873, 64.55000, 59.697, 57.9885, 117.789, -31.7572, 146.798, 176.927, 1.05535, -1.96335, 1.25219, -128.771, 1.12189, 112.341
3874, 64.55833, 59.7647, 57.9411, 118.043, -31.7936, 147.091, 176.859, 1.05555, -1.9638, 1.25294, -128.807, 1.12223, 112.314
3874, 64.56667, 59.8325, 57.8934, 118.299, -31.8302, 147.385, 176.79, 1.05575, -1.96425, 1.25369, -128.844, 1.12256, 112.287
3875, 64.57500, 59.9004, 57.8456, 118.555, -31.8671, 147.68, 176.722, 1.05595, -1.96471, 1.25444, -128.88, 1.1229, 112.259
3875, 64.58334, 59.9684, 57.7975, 118.813, -31.9042, 147.976, 176.653, 1.05616, -1.96518, 1.25519, -128.917, 1.12323, 112.232
3876, 64.59167, 60.0365, 57.7493, 119.071, -31.9415, 148.273, 176.584, 1.05636, -1.96566, 1.25595, -128.954, 1.12357, 112.204
3876, 64.60000, 60.1047, 57.7009, 119.331, -31.9791, 148.571, 176.514, 1.05656, -1.96615, 1.25671, -128.991, 1.1239, 112.177
3877, 64.60833, 60.1729, 57.6523, 119.591, -32.017, 148.87, 176.444, 1.05677, -1.96664, 1.25747, -129.028, 1.12424, 112.149
3877, 64.61667, 60.2412, 57.6035, 119.852, -32.0551, 149.17, 176.374, 1.05698, -1.96715, 1.25823, -129.065, 1.12458, 112.121
3878, 64.62500, 60.3096, 57.5545, 120.114, -32.0934, 149.471, 176.304, 1.05718, -1.96766, 1.259, -129.103, 1.12492, 112.092
3878, 64.63333, 60.3781, 57.5053, 120.377, -32.132, 149.773, 176.233, 1.05739, -1.96818, 1.25977, -129.141, 1.12525, 112.064
3879, 64.64167, 60.4467, 57.4559, 120.642, -32.1709, 150.076, 176.162, 1.0576, -1.96871, 1.26054, -129.179, 1.12559, 112.036
3879, 64.65000, 60.5153, 57.4063, 120.907, -32.21, 150.38, 176.091, 1.05781, -1.96925, 1.26131, -129.217, 1.12593, 112.007
3880, 64.65833, 60.584, 57.3565, 121.173, -32.2494, 150.684, 176.019, 1.05802, -1.9698, 1.26208, -129.256, 1.12627, 111.978
3880, 64.66666, 60.6528, 57.3065, 121.44, -32.289, 150.99, 175.947, 1.05823, -1.97036, 1.26285, -129.295, 1.12661, 111.949
3881, 64.67500, 60.7217, 57.2563, 121.708, -32.3289, 151.297, 175.875, 1.05844, -1.97093, 1.26363, -129.334, 1.12695, 111.92
3881, 64.68333, 60.7906, 57.206, 121.977, -32.3691, 151.605, 175.803, 1.05866, -1.97151, 1.26441, -129.373, 1.12729, 111.891
3882, 64.69167, 60.8596, 57.1554, 122.247, -32.4095, 151.914, 175.73, 1.05887, -1.9721, 1.26519, -129.413, 1.12763, 111.861
3882, 64.70000, 60.9287, 57.1046, 122.518, -32.4502, 152.223, 175.657, 1.05909, -1.9727, 1.26598, -129.452, 1.12797, 111.832
3883, 64.70834, 60.9979, 57.0536, 122.79, -32.4912, 152.534, 175.583, 1.0593, -1.97331, 1.26676, -129.492, 1.12831, 111.802
3883, 64.71667, 61.0672, 57.0024, 123.063, -32.5324, 152.846, 175.51, 1.05952, -1.97394, 1.26755, -129.533, 1.12865, 111.772
3884, 64.72500, 61.1365, 56.951, 123.337, -32.5739, 153.158, 175.436, 1.05974, -1.97457, 1.26834, -129.573, 1.12899, 111.742
3884, 64.73333, 61.2059, 56.8993, 123.612, -32.6157, 153.472, 175.361, 1.05995, -1.97521, 1.26913, -129.614, 1.12934, 111.712
3885, 64.74167, 61.2754, 56.8475, 123.888, -32.6578, 153.787, 175.287, 1.06017, -1.97587, 1.26992, -129.655, 1.12968, 111.681
3885, 64.75000, 61.3449, 56.7955, 124.165, -32.7001, 154.103, 175.212, 1.0604, -1.97653, 1.27072, -129.696, 1.13002, 111.651
3886, 64.75833, 61.4145, 56.7432, 124.443, -32.7427, 154.42, 175.136, 1.06062, -1.97721, 1.27151, -129.737, 1.13036, 111.62
3886, 64.76667, 61.4842, 56.6908, 124.722, -32.7856, 154.737, 175.061, 1.06084, -1.9779, 1.27231, -129.779, 1.13071, 111.589
3887, 64.77500, 61.554, 56.6381, 125.003, -32.8288, 155.056, 174.985, 1.06106, -1.9786, 1.27311, -129.821, 1.13105, 111.558
3887, 64.78333, 61.6238, 56.5852, 125.284, -32.8723, 155.376, 174.909, 1.06129, -1.97931, 1.27392, -129.863, 1.13139, 111.527
3888, 64.79166, 61.6937, 56.5321, 125.566, -32.916, 155.697, 174.832, 1.06151, -1.98004, 1.27472, -129.905, 1.13174, 111.495
3888, 64.80000, 61.7636, 56.4787, 125.849, -32.9601, 156.019, 174.755, 1.06174, -1.98078, 1.27553, -129.948, 1.13208, 111.464
3889, 64.80833, 61.8337, 56.4252, 126.133, -33.0044, 156.342, 174.678, 1.06197, -1.98153, 1.27634, -129.991, 1.13243, 111.432
3889, 64.81667, 61.9038, 56.3714, 126.419, -33.049, 156.666, 174.6, 1.0622, -1.98229, 1.27715, -130.034, 1.13277, 111.4
3890, 64.82500, 61.9739, 56.3175, 126.705, -33.094, 156.991, 174.522, 1.06242, -1.98307, 1.27796, -130.077, 1.13311, 111.368
3890, 64.83334, 62.0442, 56.2633, 126.993, -33.1392, 157.317, 174.444, 1.06266, -1.98386, 1.27878, -130.121, 1.13346, 111.336
3891, 64.84167, 62.1145, 56.2088, 127.281, -33.1847, 157.644, 174.365, 1.06289, -1.98466, 1.27959, -130.165, 1.1338, 111.303
3891, 64.85000, 62.1848, 56.1542, 127.571, -33.2305, 157.972, 174.286, 1.06312, -1.98548, 1.28041, -130.209, 1.13415, 111.271
3892, 64.85833, 62.2552, 56.0993, 127.861, -33.2766, 158.302, 174.207, 1.06335, -1.98632, 1.28123, -130.253, 1.1345, 111.238
3892, 64.86667, 62.3257, 56.0442, 128.153, -33.323, 158.632, 174.127, 1.06359, -1.98716, 1.28205, -130.298, 1.13484, 111.205
3893, 64.87500, 62.3962, 55.9889, 128.446, -33.3697, 158.963, 174.047, 1.06382, -1.98802, 1.28288, -130.343, 1.13519, 111.172
3893, 64.88333, 62.4668, 55.9333, 128.74, -33.4168, 159.296, 173.967, 1.06406, -1.9889, 1.2837, -130.388, 1.13553, 111.139
3894, 64.89167, 62.5375, 55.8775, 129.035, -33.4641, 159.629, 173.886, 1.0643, -1.98979, 1.28453, -130.434, 1.13588, 111.105
3894, 64.90000, 62.6082, 55.8215, 129.331, -33.5118, 159.964, 173.805, 1.06454, -1.9907, 1.28536, -130.48, 1.13622, 111.071
3895, 64.90833, 62.679, 55.7653, 129.628, -33.5597, 160.299, 173.724, 1.06478, -1.99162, 1.28619, -130.526, 1.13657, 111.038
3895, 64.91666, 62.7498, 55.7088, 129.926, -33.608, 160.636, 173.642, 1.06502, -1.99256, 1.28703, -130.572, 1.13692, 111.003
3896, 64.92500, 62.8207, 55.6521, 130.225, -33.6566, 160.974, 173.56, 1.06526, -1.99351, 1.28786, -130.619, 1.13726, 110.969
3896, 64.93333, 62.8917, 55.5951, 130.526, -33.7055, 161.312, 173.478, 1.0655, -1.99448, 1.2887, -130.665, 1.13761, 110.935
3897, 64.94167, 62.9627, 55.5379, 130.827, -33.7547, 161.652, 173.395, 1.06575, -1.99547, 1.28954, -130.713, 1.13796, 110.9
3897, 64.95000, 63.0337, 55.4805, 131.13, -33.8043, 161.993, 173.312, 1.06599, -1.99648, 1.29038, -130.76, 1.1383, 110.865
3898, 64.95834, 63.1048, 55.4229, 131.434, -33.8542, 162.335, 173.228, 1.06624, -1.9975, 1.29122, -130.808, 1.13865, 110.83
3898, 64.96667, 63.176, 55.365, 131.739, -33.9044, 162.678, 173.144, 1.06649, -1.99854, 1.29206, -130.856, 1.13899, 110.795
3899, 64.97500, 63.2472, 55.3068, 132.045, -33.9549, 163.022, 173.06, 1.06673, -1.99959, 1.29291, -130.904, 1.13934, 110.76
3899, 64.98333, 63.3184, 55.2484, 132.352, -34.0058, 163.368, 172.975, 1.06698, -2.00067, 1.29376, -130.953, 1.13969, 110.724
3900, 64.99167, 63.3897, 55.1898, 132.66, -34.057, 163.714, 172.89, 1.06723, -2.00176, 1.29461, -131.002, 1.14003, 110.688
3900, 65.00000, 63.4611, 55.1309, 132.969, -34.1085, 164.062, 172.805, 1.06749, -2.00287, 1.29546, -131.051, 1.14038, 110.652
3901, 65.00833, 63.5325, 55.0718, 133.28, -34.1604, 164.41, 172.719, 1.06774, -2.004, 1.29631, -131.1, 1.14072, 110.616
3901, 65.01667, 63.6039, 55.0124, 133.591, -34.2126, 164.76, 172.633, 1.06799, -2.00515, 1.29717, -131.15, 1.14107, 110.58
3902, 65.02500, 63.6754, 54.9528, 133.904, -34.2651, 165.11, 172.546, 1.06825, -2.00632, 1.29802, -131.2, 1.14142, 110.543
3902, 65.03333, 63.7469, 54.8929, 134.218, -34.318, 165.462, 172.46, 1.06851, -2.00751, 1.29888, -131.25, 1.14176, 110.507
3903, 65.04166, 63.8184, 54.8328, 134.533, -34.3713, 165.815, 172.372, 1.06876, -2.00872, 1.29974, -131.301, 1.14211, 110.47
3903, 65.05000, 63.89, 54.7724, 134.849, -34.4249, 166.169, 172.285, 1.06902, -2.00995, 1.3006, -131.352, 1.14245, 110.432
3904, 65.05833, 63.9617, 54.7118, 135.167, -34.4788, 166.524, 172.196, 1.06928, -2.0112, 1.30146, -131.403, 1.1428, 110.395
3904, 65.06667, 64.0333, 54.6509, 135.485, -34.5331, 166.88, 172.108, 1.06955, -2.01247, 1.30233, -131.455, 1.14314, 110.357
3905, 65.07500, 64.105, 54.5898, 135.805, -34.5877, 167.238, 172.019, 1.06981, -2.01376, 1.30319, -131.507, 1.14349, 110.32
3905, 65.08334, 64.1768, 54.5284, 136.126, -34.6427, 167.596, 171.93, 1.07007, -2.01508, 1.30406, -131.559, 1.14383, 110.282
3906, 65.09167, 64.2485, 54.4667, 136.448, -34.6981, 167.956, 171.84, 1.07034, -2.01641, 1.30493, -131.611, 1.14417, 110.243
3906, 65.10000, 64.3203, 54.4048, 136.771, -34.7538, 168.316, 171.75, 1.0706, -2.01777, 1.3058, -131.664, 1.14452, 110.205
3907, 65.10833, 64.3922, 54.3427, 137.095, -34.8099, 168.678, 171.66, 1.07087, -2.01915, 1.30667, -131.717, 1.14486, 110.166
3907, 65.11667, 64.464, 54.2802, 137.421, -34.8664, 169.041, 171.569, 1.07114, -2.02056, 1.30754, -131.771, 1.14521, 110.127
3908, 65.12500, 64.5359, 54.2175, 137.748, -34.9232, 169.405, 171.477, 1.07141, -2.02199, 1.30842, -131.825, 1.14555, 110.088
3908, 65.13333, 64.6078, 54.1545, 138.076, -34.9804, 169.77, 171.386, 1.07168, -2.02344, 1.3093, -131.879, 1.14589, 110.049
3909, 65.14167, 64.6797, 54.0913, 138.405, -35.0379, 170.136, 171.294, 1.07195, -2.02492, 1.31017, -131.933, 1.14623, 110.009
3909, 65.15000, 64.7517, 54.0278, 138.735, -35.0959, 170.504, 171.201, 1.07223, -2.02642, 1.31105, -131.988, 1.14657, 109.97
3910, 65.15833, 64.8237, 53.964, 139.067, -35.1542, 170.872, 171.108, 1.0725, -2.02795, 1.31193, -132.043, 1.14692, 109.93
3910, 65.16666, 64.8957, 53.9, 139.399, -35.2129, 171.242, 171.015, 1.07278, -2.0295, 1.31282, -132.098, 1.14726, 109.89
3911, 65.17500, 64.9677, 53.8357, 139.733, -35.2719, 171.612, 170.921, 1.07306, -2.03108, 1.3137, -132.154, 1.1476, 109.849
3911, 65.18333, 65.0397, 53.7711, 140.068, -35.3314, 171.984, 170.827, 1.07333, -2.03269, 1.31458, -132.21, 1.14794, 109.809
3912, 65.19167, 65.1117, 53.7062, 140.405, -35.3912, 172.357, 170.732, 1.07361, -2.03432, 1.31547, -132.267, 1.14828, 109.768
3912, 65.20000, 65.1838, 53.6411, 140.742, -35.4515, 172.731, 170.637, 1.0739, -2.03598, 1.31636, -132.323, 1.14861, 109.727
3913, 65.20834, 65.2558, 53.5757, 141.081, -35.5121, 173.106, 170.542, 1.07418, -2.03767, 1.31724, -132.381, 1.14895, 109.685
3913, 65.21667, 65.3279, 53.51, 141.421, -35.5731, 173.483, 170.446, 1.07446, -2.03938, 1.31813, -132.438, 1.14929, 109.644
3914, 65.22500, 65.4, 53.444, 141.762, -35.6345, 173.86, 170.349, 1.07475, -2.04113, 1.31902, -132.496, 1.14963, 109.602
3914, 65.23333, 65.472, 53.3777, 142.104, -35.6963, 174.239, 170.252, 1.07504, -2.0429, 1.31992, -132.554, 1.14996, 109.56
3915, 65.24167, 65.5441, 53.3112, 142.448, -35.7585, 174.619, 170.155, 1.07532, -2.0447, 1.32081, -132.613, 1.1503, 109.518
3915, 65.25000, 65.6162, 53.2444, 142.793, -35.8211, 174.999, 170.057, 1.07561, -2.04654, 1.3217, -132.671, 1.15064, 109.475
3916, 65.25833, 65.6883, 53.1772, 143.139, -35.8841, 175.381, 169.959, 1.0759, -2.0484, 1.3226, -132.731, 1.15097, 109.433
3916, 65.26667, 65.7604, 53.1098, 143.486, -35.9475, 175.764, 169.861, 1.0762, -2.05029, 1.32349, -132.79, 1.1513, 109.39
3917, 65.27500, 65.8324, 53.0422, 143.835, -36.0114, 176.149, 169.762, 1.07649, -2.05222, 1.32439, -132.85, 1.15164, 109.347
3917, 65.28333, 65.9045, 52.9742, 144.184, -36.0756, 176.534, 169.662, 1.07679, -2.05417, 1.32529, -132.91, 1.15197, 109.303
3918, 65.29166, 65.9765, 52.9059, 144.535, -36.1403, 176.92, 169.562, 1.07708, -2.05616, 1.32619, -132.971, 1.1523, 109.259
3918, 65.30000, 66.0486, 52.8374, 144.887, -36.2053, 177.308, 169.462, 1.07738, -2.05818, 1.32709, -133.032, 1.15263, 109.216
3919, 65.30833, 66.1206, 52.7685, 145.241, -36.2708, 177.697, 169.361, 1.07768, -2.06024, 1.32799, -133.094, 1.15296, 109.171
3919, 65.31667, 66.1926, 52.6993, 145.596, -36.3367, 178.086, 169.26, 1.07798, -2.06233, 1.32889, -133.155, 1.15329, 109.127
3920, 65.32500, 66.2646, 52.6299, 145.952, -36.4031, 178.477, 169.158, 1.07828, -2.06445, 1.32979, -133.217, 1.15362, 109.082
3920, 65.33334, 66.3366, 52.5602, 146.309, -36.4698, 178.87, 169.056, 1.07859, -2.06661, 1.3307, -133.28, 1.15394, 109.037
3921, 65.34167, 66.4086, 52.4901, 146.667, -36.5371, 179.263, 168.953, 1.07889, -2.0688, 1.3316, -133.343, 1.15427, 108.992
3921, 65.35000, 66.4805, 52.4198, 147.027, -36.6047, 179.657, 168.85, 1.0792, -2.07103, 1.33251, -133.406, 1.15459, 108.947
3922, 65.35833, 66.5524, 52.3491, 147.388, -36.6727, 180.053, 168.746, 1.0795, -2.0733, 1.33341, -133.47, 1.15492, 108.901
3922, 65.36667, 66.6243, 52.2782, 147.75, -36.7412, 180.449, 168.642, 1.07981, -2.0756, 1.33432, -133.534, 1.15524, 108.855
3923, 65.37500, 66.6961, 52.2069, 148.114, -36.8102, 180.847, 168.537, 1.08012, -2.07795, 1.33522, -133.598, 1.15556, 108.809
3923, 65.38333, 66.7679, 52.1354, 148.478, -36.8796, 181.246, 168.432, 1.08044, -2.08032, 1.33613, -133.663, 1.15588, 108.763
3924, 65.39167, 66.8397, 52.0635, 148.844, -36.9494, 181.646, 168.327, 1.08075, -2.08274, 1.33704, -133.728, 1.1562, 108.716
3924, 65.40000, 66.9114, 51.9913, 149.212, -37.0197, 182.047, 168.221, 1.08107, -2.0852, 1.33795, -133.794, 1.15652, 108.669
3925, 65.40833, 66.9831, 51.9188, 149.58, -37.0904, 182.449, 168.114, 1.08138, -2.0877, 1.33886, -133.86, 1.15684, 108.622
3925, 65.41666, 67.0548, 51.846, 149.95, -37.1616, 182.852, 168.007, 1.0817, -2.09024, 1.33977, -133.926, 1.15715, 108.575
3926, 65.42500, 67.1264, 51.7729, 150.321, -37.2332, 183.257, 167.9, 1.08202, -2.09282, 1.34068, -133.993, 1.15747, 108.527
3926, 65.43333, 67.1979, 51.6995, 150.693, -37.3053, 183.662, 167.792, 1.08234, -2.09544, 1.34159, -134.06, 1.15778, 108.479
3927, 65.44167, 67.2694, 51.6257, 151.067, -37.3778, 184.069, 167.683, 1.08266, -2.0981, 1.3425, -134.128, 1.15809, 108.431
3927, 65.45000, 67.3408, 51.5517, 151.442, -37.4509, 184.476, 167.574, 1.08299, -2.10081, 1.34341, -134.196, 1.1584, 108.382
3928, 65.45834, 67.4122, 51.4773, 151.818, -37.5243, 184.885, 167.464, 1.08332, -2.10356, 1.34432, -134.265, 1.15871, 108.333
3928, 65.46667, 67.4836, 51.4026, 152.195, -37.5983, 185.295, 167.354, 1.08364, -2.10635, 1.34523, -134.333, 1.15902, 108.284
3929, 65.47500, 67.5548, 51.3276, 152.574, -37.6727, 185.706, 167.244, 1.08397, -2.10919, 1.34614, -134.403, 1.15932, 108.235
3929, 65.48333, 67.626, 51.2522, 152.954, -37.7476, 186.118, 167.133, 1.0843, -2.11208, 1.34705, -134.472, 1.15963, 108.185
3930, 65.49167, 67.6971, 51.1766, 153.335, -37.823, 186.532, 167.021, 1.08463, -2.11501, 1.34796, -134.543, 1.15993, 108.135
3930, 65.50000, 67.7682, 51.1006, 153.718, -37.8988, 186.946, 166.909, 1.08497, -2.11799, 1.34887, -134.613, 1.16023, 108.085
3931, 65.50833, 67.8392, 51.0242, 154.102, -37.9752, 187.361, 166.796, 1.0853, -2.12102, 1.34978, -134.684, 1.16053, 108.035
3931, 65.51667, 67.9101, 50.9476, 154.487, -38.052, 187.778, 166.683, 1.08564, -2.12409, 1.35069, -134.755, 1.16083, 107.984
3932, 65.52500, 67.9809, 50.8706, 154.873, -38.1293, 188.195, 166.57, 1.08598, -2.12722, 1.35161, -134.827, 1.16113, 107.933
3932, 65.53333, 68.0516, 50.7933, 155.261, -38.2071, 188.614, 166.455, 1.08632, -2.13039, 1.35252, -134.899, 1.16142, 107.882
3933, 65.54166, 68.1223, 50.7157, 155.649, -38.2854, 189.034, 166.341, 1.08666, -2.13362, 1.35343, -134.972, 1.16171, 107.83
3933, 65.55000, 68.1928, 50.6377, 156.04, -38.3641, 189.455, 166.225, 1.08701, -2.13689, 1.35434, -135.045, 1.162, 107.778
3934, 65.55833, 68.2633, 50.5594, 156.431, -38.4434, 189.877, 166.11, 1.08735, -2.14022, 1.35525, -135.119, 1.16229, 107.726
3934, 65.56667, 68.3336, 50.4807, 156.824, -38.5232, 190.3, 165.993, 1.0877, -2.1436, 1.35615, -135.193, 1.16258, 107.674
3935, 65.57500, 68.4039, 50.4017, 157.218, -38.6035, 190.724, 165.876, 1.08805, -2.14704, 1.35706, -135.267, 1.16286, 107.621
3935, 65.58334, 68.474, 50.3224, 157.613, -38.6843, 191.149, 165.759, 1.0884, -2.15053, 1.35797, -135.342, 1.16314, 107.568
3936, 65.59167, 68.5441, 50.2427, 158.01, -38.7656, 191.575, 165.641, 1.08875, -2.15407, 1.35888, -135.418, 1.16343, 107.515
3936, 65.60000, 68.614, 50.1627, 158.407, -38.8474, 192.002, 165.523, 1.0891, -2.15767, 1.35978, -135.493, 1.1637, 107.461
3937, 65.60833, 68.6838, 50.0824, 158.806, -38.9297, 192.43, 165.404, 1.08946, -2.16133, 1.36069, -135.57, 1.16398, 107.407
3937, 65.61667, 68.7535, 50.0016, 159.207, -39.0126, 192.859, 165.284, 1.08981, -2.16505, 1.3616, -135.646, 1.16425, 107.353
3938, 65.62500, 68.8231, 49.9206, 159.608, -39.0959, 193.29, 165.164, 1.09017, -2.16882, 1.3625, -135.723, 1.16453, 107.299
3938, 65.63333, 68.8925, 49.8392, 160.011, -39.1798, 193.721, 165.043, 1.09053, -2.17266, 1.3634, -135.801, 1.16479, 107.244
3939, 65.64167, 68.9619, 49.7575, 160.415, -39.2642, 194.153, 164.922, 1.09089, -2.17655, 1.36431, -135.879, 1.16506, 107.189
3939, 65.65000, 69.0311, 49.6754, 160.821, -39.3492, 194.587, 164.8, 1.09126, -2.1805, 1.36521, -135.958, 1.16533, 107.134
3940, 65.65833, 69.1001, 49.5929, 161.227, -39.4346, 195.021, 164.677, 1.09162, -2.18452, 1.36611, -136.037, 1.16559, 107.078
3940, 65.66666, 69.169, 49.5101, 161.635, -39.5207, 195.456, 164.554, 1.09199, -2.1886, 1.36701, -136.116, 1.16585, 107.022
3941, 65.67500, 69.2378, 49.427, 162.044, -39.6072, 195.893, 164.431, 1.09236, -2.19274, 1.3679, -136.196, 1.1661, 106.966
3941, 65.68333, 69.3064, 49.3435, 162.455, -39.6943, 196.33, 164.307, 1.09273, -2.19695, 1.3688, -136.277, 1.16636, 106.909
3942, 65.69167, 69.3748, 49.2596, 162.866, -39.7819, 196.768, 164.182, 1.0931, -2.20122, 1.3697, -136.358, 1.16661, 106.852
3942, 65.70000, 69.4431, 49.1754, 163.279, -39.8701, 197.208, 164.057, 1.09347, -2.20556, 1.37059, -136.439, 1.16686, 106.795
3943, 65.70834, 69.5112, 49.0908, 163.693, -39.9588, 197.648, 163.931, 1.09385, -2.20997, 1.37148, -136.521, 1.16711, 106.737
3943, 65.71667, 69.5792, 49.0059, 164.109, -40.0481, 198.089, 163.804, 1.09423, -2.21444, 1.37237, -136.603, 1.16735, 106.68
3944, 65.72500, 69.647, 48.9206, 164.526, -40.1379, 198.531, 163.677, 1.09461, -2.21899, 1.37326, -136.686, 1.16759, 106.621
3944, 65.73333, 69.7146, 48.8349, 164.943, -40.2283, 198.974, 163.549, 1.09499, -2.2236, 1.37415, -136.77, 1.16783, 106.563
3945, 65.74167, 69.782, 48.7489, 165.363, -40.3192, 199.418, 163.421, 1.09537, -2.22829, 1.37503, -136.854, 1.16806, 106.504
3945, 65.75000, 69.8493, 48.6625, 165.783, -40.4107, 199.863, 163.292, 1.09575, -2.23304, 1.37591, -136.938, 1.16829, 106.445
3946, 65.75833, 69.9163, 48.5757, 166.204, -40.5028, 200.309, 163.163, 1.09614, -2.23787, 1.3768, -137.023, 1.16852, 106.386
3946, 65.76667, 69.9832, 48.4886, 166.627, -40.5954, 200.756, 163.033, 1.09653, -2.24278, 1.37767, -137.108, 1.16875, 106.326
3947, 65.77500, 70.0499, 48.4011, 167.051, -40.6886, 201.204, 162.902, 1.09692, -2.24776, 1.37855, -137.194, 1.16897, 106.266
3947, 65.78333, 70.1163, 48.3133, 167.476, -40.7824, 201.653, 162.771, 1.09731, -2.25281, 1.37943, -137.281, 1.16919, 106.205
3948, 65.79166, 70.1826, 48.225, 167.903, -40.8767, 202.102, 162.639, 1.0977, -2.25795, 1.3803, -137.367, 1.1694, 106.145
3948, 65.80000, 70.2486, 48.1364, 168.331, -40.9717, 202.553, 162.506, 1.0981, -2.26316, 1.38117, -137.455, 1.16961, 106.084
3949, 65.80833, 70.3144, 48.0474, 168.759, -41.0672, 203.004, 162.373, 1.09849, -2.26845, 1.38203, -137.543, 1.16982, 106.022
3949, 65.81667, 70.3801, 47.9581, 169.189, -41.1633, 203.456, 162.24, 1.09889, -2.27382, 1.3829, -137.631, 1.17003, 105.961
3950, 65.82500, 70.4454, 47.8684, 169.621, -41.26, 203.909, 162.105, 1.09929, -2.27927, 1.38376, -137.72, 1.17023, 105.899
3950, 65.83334, 70.5106, 47.7783, 170.053, -41.3572, 204.363, 161.97, 1.0997, -2.2848, 1.38462, -137.81, 1.17043, 105.836
3951, 65.84167, 70.5755, 47.6878, 170.487, -41.4551, 204.818, 161.835, 1.1001, -2.29042, 1.38548, -137.9, 1.17062, 105.774
3951, 65.85000, 70.6401, 47.5969, 170.921, -41.5536, 205.273, 161.698, 1.10051, -2.29612, 1.38633, -137.99, 1.17081, 105.711
3952, 65.85833, 70.7045, 47.5057, 171.357, -41.6526, 205.729, 161.561, 1.10091, -2.3019, 1.38718, -138.081, 1.17099, 105.647
3952, 65.86667, 70.7687, 47.4141, 171.794, -41.7523, 206.186, 161.424, 1.10132, -2.30778, 1.38803, -138.173, 1.17118, 105.584
3953, 65.87500, 70.8326, 47.3221, 172.233, -41.8525, 206.644, 161.286, 1.10174, -2.31374, 1.38887, -138.265, 1.17136, 105.52
3953, 65.88333, 70.8962, 47.2297, 172.672, -41.9534, 207.103, 161.147, 1.10215, -2.31979, 1.38971, -138.358, 1.17153, 105.455
3954, 65.89167, 70.9595, 47.1369, 173.112, -42.0549, 207.562, 161.008, 1.10256, -2.32593, 1.39055, -138.451, 1.1717, 105.391
3954, 65.90000, 71.0226, 47.0438, 173.554, -42.157, 208.022, 160.867, 1.10298, -2.33216, 1.39138, -138.544, 1.17187, 105.326
3955, 65.90833, 71.0854, 46.9502, 173.997, -42.2597, 208.483, 160.727, 1.1034, -2.33849, 1.39221, -138.639, 1.17203, 105.26
3955, 65.91666, 71.1479, 46.8563, 174.441, -42.363, 208.945, 160.585, 1.10382, -2.34491, 1.39304, -138.734, 1.17218, 105.194
3956, 65.92500, 71.2101, 46.762, 174.886, -42.4669, 209.407, 160.443, 1.10424, -2.35142, 1.39386, -138.829, 1.17234, 105.128
3956, 65.93333, 71.272, 46.6673, 175.332, -42.5715, 209.87, 160.301, 1.10467, -2.35803, 1.39468, -138.925, 1.17248, 105.062
3957, 65.94167, 71.3337, 46.5722, 175.779, -42.6767, 210.334, 160.157, 1.10509, -2.36473, 1.39549, -139.021, 1.17263, 104.995
3957, 65.95000, 71.395, 46.4768, 176.227, -42.7825, 210.798, 160.013, 1.10552, -2.37154, 1.3963, -139.118, 1.17277, 104.928
3958, 65.95834, 71.4559, 46.3809, 176.677, -42.8889, 211.263, 159.869, 1.10595, -2.37844, 1.39711, -139.216, 1.1729, 104.861
3958, 65.96667, 71.5166, 46.2847, 177.127, -42.996, 211.729, 159.723, 1.10638, -2.38545, 1.39791, -139.314, 1.17303, 104.793
3959, 65.97500, 71.5769, 46.188, 177.578, -43.1037, 212.195, 159.577, 1.10682, -2.39255, 1.39871, -139.413, 1.17316, 104.725
3959, 65.98333, 71.6369, 46.091, 178.031, -43.212, 212.661, 159.431, 1.10725, -2.39976, 1.3995, -139.512, 1.17328, 104.656
3960, 65.99167, 71.6966, 45.9936, 178.484, -43.321, 213.129, 159.283, 1.10769, -2.40708, 1.40029, -139.612, 1.17339, 104.588
3960, 66.00000, 71.7559, 45.8958, 178.939, -43.4307, 213.597, 159.135, 1.10813, -2.4145, 1.40107, -139.712, 1.1735, 104.518
3961, 66.00833, 71.8148, 45.7976, 179.395, -43.5409, 214.065, 158.987, 1.10857, -2.42203, 1.40184, -139.813, 1.1736, 104.449
3961, 66.01667, 71.8734, 45.6989, 179.851, -43.6519, 214.535, 158.837, 1.10901, -2.42967, 1.40262, -139.915, 1.1737, 104.379
3962, 66.02500, 71.9316, 45.5999, 180.309, -43.7634, 215.004, 158.687, 1.10946, -2.43741, 1.40338, -140.017, 1.1738, 104.309
3962, 66.03333, 71.9894, 45.5006, 180.767, -43.8757, 215.474, 158.536, 1.1099, -2.44527, 1.40415, -140.12, 1.17389, 104.238
3963, 66.04166, 72.0469, 45.4008, 181.227, -43.9886, 215.945, 158.385, 1.11035, -2.45324, 1.4049, -140.223, 1.17397, 104.167
3963, 66.05000, 72.1039, 45.3006, 181.687, -44.1021, 216.416, 158.233, 1.1108, -2.46133, 1.40565, -140.327, 1.17405, 104.096
3964, 66.05833, 72.1606, 45.2, 182.149, -44.2163, 216.887, 158.08, 1.11126, -2.46953, 1.4064, -140.431, 1.17412, 104.024
3964, 66.06667, 72.2169, 45.099, 182.611, -44.3312, 217.359, 157.927, 1.11171, -2.47784, 1.40714, -140.536, 1.17418, 103.952
3965, 66.07500, 72.2727, 44.9977, 183.074, -44.4467, 217.832, 157.772, 1.11216, -2.48628, 1.40787, -140.642, 1.17424, 103.88
3965, 66.08334, 72.3282, 44.8959, 183.539, -44.5629, 218.304, 157.617, 1.11262, -2.49483, 1.4086, -140.748, 1.1743, 103.807
3966, 66.09167, 72.3832, 44.7938, 184.004, -44.6798, 218.777, 157.462, 1.11308, -2.5035, 1.40932, -140.855, 1.17435, 103.734
3966, 66.10000, 72.4378, 44.6912, 184.47, -44.7973, 219.251, 157.306, 1.11354, -2.5123, 1.41003, -140.962, 1.17439, 103.661
3967, 66.10833, 72.4919, 44.5882, 184.936, -44.9155, 219.725, 157.149, 1.11401, -2.52122, 1.41074, -141.07, 1.17442, 103.587
3967, 66.11667, 72.5456, 44.4849, 185.404, -45.0344, 220.199, 156.991, 1.11447, -2.53026, 1.41144, -141.179, 1.17445, 103.513
3968, 66.12500, 72.5989, 44.3811, 185.873, -45.1539, 220.673, 156.832, 1.11494, -2.53943, 1.41213, -141.288, 1.17448, 103.438
3968, 66.13333, 72.6517, 44.277, 186.342, -45.2742, 221.148, 156.673, 1.11541, -2.54873, 1.41282, -141.398, 1.17449, 103.364
3969, 66.14167, 72.704, 44.1725, 186.812, -45.3951, 221.623, 156.513, 1.11588, -2.55815, 1.4135, -141.508, 1.1745, 103.288
3969, 66.15000, 72.7558, 44.0675, 187.283, -45.5167, 222.098, 156.353, 1.11635, -2.56771, 1.41417, -141.619, 1.17451, 103.213
3970, 66.15833, 72.8072, 43.9622, 187.755, -45.639, 222.573, 156.192, 1.11682, -2.5774, 1.41484, -141.731, 1.1745, 103.137
3970, 66.16666, 72.8581, 43.8564, 188.227, -45.762, 223.049, 156.03, 1.1173, -2.58722, 1.4155, -141.843, 1.17449, 103.061
3971, 66.17500, 72.9084, 43.7503, 188.7, -45.8857, 223.524, 155.867, 1.11777, -2.59717, 1.41615, -141.956, 1.17448, 102.984
3971, 66.18333, 72.9583, 43.6438, 189.174, -46.0101, 224, 155.703, 1.11825, -2.60727, 1.41679, -142.069, 1.17445, 102.907
3972, 66.19167, 73.0077, 43.5369, 189.649, -46.1352, 224.476, 155.539, 1.11873, -2.6175, 1.41742, -142.183, 1.17442, 102.83
3972, 66.20000, 73.0565, 43.4296, 190.124, -46.2609, 224.952, 155.374, 1.11922, -2.62786, 1.41805, -142.298, 1.17438, 102.752
3973, 66.20834, 73.1048, 43.3218, 190.6, -46.3874, 225.428, 155.209, 1.1197, -2.63837, 1.41867, -142.413, 1.17434, 102.674
3973, 66.21667, 73.1525, 43.2137, 191.077, -46.5146, 225.904, 155.042, 1.12019, -2.64902, 1.41928, -142.529, 1.17428, 102.595
3974, 66.22500, 73.1997, 43.1052, 191.554, -46.6424, 226.38, 154.875, 1.12067, -2.65982, 1.41988, -142.645, 1.17422, 102.517
3974, 66.23333, 73.2464, 42.9963, 192.032, -46.771, 226.856, 154.707, 1.12116, -2.67075, 1.42047, -142.762, 1.17415, 102.437
3975, 66.24167, 73.2925, 42.8871, 192.511, -46.9003, 227.332, 154.539, 1.12165, -2.68184, 1.42105, -142.88, 1.17408, 102.358
3975, 66.25000, 73.338, 42.7774, 192.99, -47.0303, 227.808, 154.37, 1.12214, -2.69307, 1.42163, -142.998, 1.17399, 102.278
3976, 66.25833, 73.383, 42.6673, 193.469, -47.161, 228.284, 154.2, 1.12264, -2.70445, 1.42219, -143.117, 1.1739, 102.198
3976, 66.26667, 73.4273, 42.5568, 193.95, -47.2924, 228.76, 154.029, 1.12313, -2.71599, 1.42275, -143.237, 1.1738, 102.117
3977, 66.27500, 73.4711, 42.446, 194.43, -47.4245, 229.235, 153.857, 1.12363, -2.72767, 1.42329, -143.357, 1.17369, 102.036
3977, 66.28333, 73.5142, 42.3348, 194.911, -47.5573, 229.711, 153.685, 1.12413, -2.73951, 1.42383, -143.478, 1.17358, 101.955
3978, 66.29166, 73.5568, 42.2231, 195.393, -47.6909, 230.186, 153.512, 1.12463, -2.7515, 1.42435, -143.599, 1.17345, 101.873
3978, 66.30000, 73.5987, 42.1111, 195.875, -47.8251, 230.661, 153.338, 1.12513, -2.76365, 1.42487, -143.722, 1.17332, 101.791
3979, 66.30833, 73.64, 41.9987, 196.358, -47.9601, 231.135, 153.164, 1.12564, -2.77596, 1.42537, -143.844, 1.17318, 101.709
3979, 66.31667, 73.6806, 41.8859, 196.841, -48.0958, 231.61, 152.989, 1.12614, -2.78843, 1.42587, -143.968, 1.17303, 101.626
3980, 66.32500, 73.7206, 41.7728, 197.324, -48.2323, 232.084, 152.813, 1.12665, -2.80106, 1.42635, -144.092, 1.17287, 101.543
3980, 66.33334, 73.7599, 41.6592, 197.808, -48.3694, 232.557, 152.636, 1.12716, -2.81385, 1.42683, -144.216, 1.1727, 101.46
3981, 66.34167, 73.7986, 41.5453, 198.292, -48.5073, 233.03, 152.458, 1.12767, -2.82681, 1.42729, -144.341, 1.17253, 101.376
3981, 66.35000, 73.8366, 41.431, 198.776, -48.6459, 233.503, 152.28, 1.12818, -2.83993, 1.42774, -144.467, 1.17234, 101.292
3982, 66.35833, 73.8739, 41.3163, 199.26, -48.7852, 233.976, 152.101, 1.12869, -2.85322, 1.42818, -144.594, 1.17215, 101.207
3982, 66.36667, 73.9105, 41.2013, 199.745, -48.9253, 234.447, 151.921, 1.1292, -2.86667, 1.42861, -144.721, 1.17194, 101.122
3983, 66.37500, 73.9464, 41.0858, 200.23, -49.066, 234.919, 151.741, 1.12972, -2.8803, 1.42903, -144.848, 1.17173, 101.037
3983, 66.38333, 73.9816, 40.97, 200.716, -49.2075, 235.389, 151.56, 1.13024, -2.8941, 1.42943, -144.977, 1.17151, 100.952
3984, 66.39167, 74.0161, 40.8539, 201.201, -49.3498, 235.86, 151.378, 1.13076, -2.90807, 1.42983, -145.106, 1.17127, 100.866
3984, 66.40000, 74.0498, 40.7373, 201.687, -49.4927, 236.329, 151.195, 1.13127, -2.92222, 1.43021, -145.236, 1.17103, 100.78
3985, 66.40833, 74.0828, 40.6204, 202.173, -49.6364, 236.798, 151.012, 1.1318, -2.93654, 1.43058, -145.366, 1.17078, 100.693
3985, 66.41666, 74.1151, 40.5031, 202.659, -49.7808, 237.266, 150.827, 1.13232, -2.95104, 1.43093, -145.497, 1.17052, 100.606
3986, 66.42500, 74.1466, 40.3855, 203.144, -49.926, 237.734, 150.642, 1.13284, -2.96572, 1.43128, -145.628, 1.17025, 100.519
3986, 66.43333, 74.1773, 40.2675, 203.63, -50.0719, 238.2, 150.456, 1.13337, -2.98057, 1.43161, -145.76, 1.16997, 100.431
3987, 66.44167, 74.2073, 40.1491, 204.116, -50.2185, 238.666, 150.27, 1.13389, -2.99561, 1.43192, -145.893, 1.16967, 100.343
3987, 66.45000, 74.2364, 40.0304, 204.602, -50.3659, 239.131, 150.083, 1.13442, -3.01084, 1.43223, -146.027, 1.16937, 100.255
3988, 66.45834, 74.2648, 39.9114, 205.088, -50.5139, 239.596, 149.895, 1.13495, -3.02624, 1.43252, -146.161, 1.16906, 100.166
3988, 66.46667, 74.2924, 39.792, 205.574, -50.6628, 240.059, 149.706, 1.13548, -3.04184, 1.43279, -146.295, 1.16873, 100.078
3989, 66.47500, 74.3191, 39.6722, 206.06, -50.8123, 240.521, 149.516, 1.13601, -3.05762, 1.43305, -146.431, 1.1684, 99.9883
3989, 66.48333, 74.345, 39.5521, 206.546, -50.9626, 240.982, 149.326, 1.13654, -3.07359, 1.4333, -146.567, 1.16805, 99.8987
3990, 66.49167, 74.3701, 39.4317, 207.031, -51.1136, 241.443, 149.135, 1.13707, -3.08975, 1.43354, -146.703, 1.1677, 99.8088
3990, 66.50000, 74.3944, 39.3109, 207.517, -51.2654, 241.902, 148.943, 1.13761, -3.1061, 1.43376, -146.841, 1.16733, 99.7186
3991, 66.50833, 74.4178, 39.1898, 208.002, -51.4179, 242.36, 148.75, 1.13814, -3.12264, 1.43396, -146.978, 1.16695, 99.6281
3991, 66.51667, 74.4403, 39.0683, 208.487, -51.5711, 242.817, 148.557, 1.13868, -3.13938, 1.43415, -147.117, 1.16656, 99.5372
3992, 66.52500, 74.4619, 38.9465, 208.971, -51.7251, 243.273, 148.363, 1.13921, -3.15631, 1.43433, -147.256, 1.16616, 99.446
3992, 66.53333, 74.4827, 38.8244, 209.455, -51.8798, 243.727, 148.168, 1.13975, -3.17344, 1.43448, -147.396, 1.16575, 99.3546
3993, 66.54166, 74.5026, 38.702, 209.939, -52.0352, 244.181, 147.972, 1.14029, -3.19077, 1.43463, -147.536, 1.16533, 99.2628
3993, 66.55000, 74.5216, 38.5792, 210.423, -52.1913, 244.633, 147.776, 1.14083, -3.2083, 1.43476, -147.677, 1.16489, 99.1707
3994, 66.55833, 74.5396, 38.4562, 210.906, -52.3482, 245.083, 147.579, 1.14137, -3.22603, 1.43487, -147.819, 1.16445, 99.0783
3994, 66.56667, 74.5568, 38.3328, 211.388, -52.5059, 245.533, 147.381, 1.14191, -3.24396, 1.43496, -147.961, 1.16399, 98.9856
3995, 66.57500, 74.573, 38.2091, 211.87, -52.6642, 245.98, 147.182, 1.14245, -3.2621, 1.43504, -148.104, 1.16352, 98.8926
3995, 66.58334, 74.5883, 38.0851, 212.352, -52.8233, 246.427, 146.983, 1.14299, -3.28044, 1.43511, -148.247, 1.16303, 98.7993
3996, 66.59167, 74.6026, 37.9608, 212.833, -52.9831, 246.872, 146.783, 1.14354, -3.29898, 1.43515, -148.391, 1.16254, 98.7057
3996, 66.60000, 74.616, 37.8363, 213.313, -53.1436, 247.315, 146.582, 1.14408, -3.31773, 1.43518, -148.536, 1.16203, 98.6118
3997, 66.60833, 74.6283, 37.7114, 213.793, -53.3049, 247.757, 146.38, 1.14463, -3.33669, 1.4352, -148.682, 1.16151, 98.5176
3997, 66.61667, 74.6398, 37.5862, 214.272, -53.4669, 248.197, 146.178, 1.14517, -3.35587, 1.43519, -148.827, 1.16098, 98.4232
3998, 66.62500, 74.6502, 37.4608, 214.751, -53.6296, 248.635, 145.975, 1.14572, -3.37524, 1.43517, -148.974, 1.16043, 98.3285
3998, 66.63333, 74.6596, 37.335, 215.229, -53.793, 249.072, 145.771, 1.14626, -3.39483, 1.43513, -149.121, 1.15987, 98.2335
3999, 66.64167, 74.6681, 37.209, 215.705, -53.9572, 249.506, 145.566, 1.14681, -3.41464, 1.43507, -149.269, 1.1593, 98.1382
3999, 66.65000, 74.6755, 37.0828, 216.182, -54.1221, 249.939, 145.361, 1.14736, -3.43466, 1.43499, -149.417, 1.15872, 98.0427
4000, 66.65833, 74.6818, 36.9562, 216.657, -54.2877, 250.37, 145.155, 1.1479, -3.45489, 1.4349, -149.566, 1.15812, 97.9469
4000, 66.66666, 74.6872, 36.8294, 217.131, -54.454, 250.8, 144.948, 1.14845, -3.47534, 1.43479, -149.716, 1.15751, 97.8508
4001, 66.67500, 74.6915, 36.7024, 217.605, -54.621, 251.227, 144.741, 1.149, -3.496, 1.43465, -149.866, 1.15689, 97.7545
4001, 66.68333, 74.6947, 36.5751, 218.077, -54.7887, 251.652, 144.532, 1.14955, -3.51689, 1.4345, -150.017, 1.15625, 97.658
4002, 66.69167, 74.6969, 36.4476, 218.548, -54.9572, 252.075, 144.323, 1.15009, -3.53799, 1.43433, -150.168, 1.1556, 97.5612
4002, 66.70000, 74.698, 36.3198, 219.019, -55.1263, 252.496, 144.113, 1.15064, -3.55931, 1.43414, -150.32, 1.15494, 97.4641
4003, 66.70834, 74.6981, 36.1918, 219.488, -55.2962, 252.915, 143.903, 1.15119, -3.58085, 1.43393, -150.473, 1.15426, 97.3668
4003, 66.71667, 74.697, 36.0635, 219.956, -55.4668, 253.332, 143.692, 1.15174, -3.60262, 1.4337, -150.626, 1.15357, 97.2693
4004, 66.72500, 74.6948, 35.9351, 220.423, -55.638, 253.747, 143.48, 1.15229, -3.6246, 1.43346, -150.779, 1.15287, 97.1716
4004, 66.73333, 74.6916, 35.8064, 220.889, -55.81, 254.159, 143.267, 1.15284, -3.64681, 1.43319, -150.934, 1.15215, 97.0736
4005, 66.74167, 74.6872, 35.6775, 221.354, -55.9827, 254.569, 143.054, 1.15338, -3.66925, 1.4329, -151.089, 1.15141, 96.9754
4005, 66.75000, 74.6817, 35.5484, 221.817, -56.156, 254.976, 142.84, 1.15393, -3.6919, 1.43259, -151.244, 1.15067, 96.877
4005, 66.75833, 74.675, 35.4192, 222.279, -56.3301, 255.381, 142.625, 1.15448, -3.71478, 1.43226, -151.4, 1.14991, 96.7784
4006, 66.76667, 74.6672, 35.2897, 222.739, -56.5048, 255.784, 142.41, 1.15503, -3.73789, 1.43191, -151.557, 1.14913, 96.6796
4007, 66.77500, 74.6583, 35.16, 223.198, -56.6802, 256.184, 142.193, 1.15557, -3.76123, 1.43153, -151.714, 1.14834, 96.5806
4007, 66.78333, 74.6482, 35.0302, 223.656, -56.8563, 256.581, 141.976, 1.15612, -3.78479, 1.43114, -151.871, 1.14753, 96.4814
4008, 66.79166, 74.6369, 34.9002, 224.112, -57.0331, 256.976, 141.759, 1.15667, -3.80858, 1.43072, -152.029, 1.14672, 96.382
4008, 66.80000, 74.6245, 34.7701, 224.567, -57.2106, 257.369, 141.541, 1.15721, -3.8326, 1.43029, -152.188, 1.14588, 96.2824
4009, 66.80833, 74.6108, 34.6397, 225.02, -57.3887, 257.758, 141.322, 1.15776, -3.85685, 1.42983, -152.347, 1.14503, 96.1827
4009, 66.81667, 74.596, 34.5093, 225.471, -57.5675, 258.145, 141.102, 1.15831, -3.88133, 1.42935, -152.507, 1.14417, 96.0828
4010, 66.82500, 74.58, 34.3787, 225.921, -57.747, 258.529, 140.882, 1.15885, -3.90603, 1.42884, -152.668, 1.14329, 95.9827
4010, 66.83334, 74.5627, 34.2479, 226.369, -57.9271, 258.91, 140.661, 1.15939, -3.93097, 1.42832, -152.829, 1.1424, 95.8825
4011, 66.84167, 74.5443, 34.117, 226.815, -58.1079, 259.288, 140.439, 1.15994, -3.95614, 1.42777, -152.99, 1.14149, 95.7821
4011, 66.85000, 74.5246, 33.9861, 227.26, -58.2893, 259.663, 140.217, 1.16048, -3.98153, 1.4272, -153.152, 1.14057, 95.6816
4012, 66.85833, 74.5036, 33.855, 227.702, -58.4714, 260.035, 139.994, 1.16102, -4.00716, 1.4266, -153.314, 1.13963, 95.581
4012, 66.86667, 74.4815, 33.7238, 228.143, -58.6542, 260.404, 139.77, 1.16156, -4.03303, 1.42598, -153.477, 1.13867, 95.4802
4013, 66.87500, 74.4581, 33.5925, 228.582, -58.8375, 260.77, 139.546, 1.1621, -4.05912, 1.42534, -153.641, 1.1377, 95.3793
4013, 66.88333, 74.4334, 33.4611, 229.019, -59.0215, 261.133, 139.321, 1.16264, -4.08544, 1.42468, -153.805, 1.13672, 95.2782
4013, 66.89167, 74.4075, 33.3296, 229.453, -59.2062, 261.493, 139.095, 1.16318, -4.112, 1.42399, -153.969, 1.13572, 95.1771
4014, 66.90000, 74.3803, 33.1981, 229.886, -59.3914, 261.849, 138.869, 1.16372, -4.13879, 1.42328, -154.134, 1.1347, 95.0759
4015, 66.90833, 74.3518, 33.0665, 230.317, -59.5773, 262.202, 138.642, 1.16425, -4.16581, 1.42254, -154.299, 1.13367, 94.9745
4015, 66.91666, 74.3221, 32.9349, 230.745, -59.7638, 262.552, 138.414, 1.16479, -4.19306, 1.42178, -154.465, 1.13262, 94.8731
4016, 66.92500, 74.2911, 32.8032, 231.172, -59.9509, 262.898, 138.186, 1.16532, -4.22054, 1.421, -154.632, 1.13156, 94.7716
4016, 66.93333, 74.2587, 32.6715, 231.596, -60.1386, 263.241, 137.957, 1.16585, -4.24826, 1.42019, -154.798, 1.13048, 94.67
4017, 66.94167, 74.2251, 32.5398, 232.017, -60.327, 263.58, 137.728, 1.16638, -4.27621, 1.41935, -154.966, 1.12939, 94.5684
4017, 66.95000, 74.1902, 32.408, 232.437, -60.5159, 263.916, 137.498, 1.16691, -4.30439, 1.4185, -155.133, 1.12828, 94.4667
4018, 66.95834, 74.1539, 32.2763, 232.854, -60.7054, 264.248, 137.267, 1.16744, -4.33279, 1.41761, -155.302, 1.12715, 94.3649
4018, 66.96667, 74.1163, 32.1445, 233.268, -60.8955, 264.577, 137.036, 1.16796, -4.36144, 1.4167, -155.47, 1.12601, 94.2631
4019, 66.97500, 74.0775, 32.0128, 233.681, -61.0862, 264.902, 136.804, 1.16849, -4.39031, 1.41577, -155.639, 1.12485, 94.1613
4019, 66.98333, 74.0372, 31.8811, 234.09, -61.2774, 265.223, 136.572, 1.16901, -4.41941, 1.41481, -155.809, 1.12367, 94.0594
4020, 66.99167, 73.9957, 31.7494, 234.497, -61.4693, 265.54, 136.339, 1.16953, -4.44874, 1.41382, -155.979, 1.12248, 93.9575
4020, 67.00000, 73.9528, 31.6178, 234.902, -61.6616, 265.854, 136.105, 1.17005, -4.4783, 1.41281, -156.149, 1.12127, 93.8557
4021, 67.00833, 73.9086, 31.4862, 235.304, -61.8546, 266.163, 135.871, 1.17056, -4.50809, 1.41178, -156.319, 1.12005, 93.7538
4021, 67.01667, 73.863, 31.3546, 235.703, -62.0481, 266.469, 135.636, 1.17108, -4.53811, 1.41071, -156.491, 1.11881, 93.6519
4021, 67.02500, 73.8161, 31.2232, 236.1, -62.2421, 266.771, 135.401, 1.17159, -4.56835, 1.40962, -156.662, 1.11756, 93.55
4022, 67.03333, 73.7678, 31.0919, 236.493, -62.4367, 267.069, 135.165, 1.1721, -4.59882, 1.40851, -156.834, 1.11628, 93.4482
4023, 67.04166, 73.7182, 30.9606, 236.884, -62.6318, 267.363, 134.929, 1.17261, -4.62952, 1.40737, -157.006, 1.115, 93.3464
4023, 67.05000, 73.6672, 30.8294, 237.272, -62.8274, 267.652, 134.692, 1.17312, -4.66045, 1.4062, -157.179, 1.11369, 93.2446
4024, 67.05833, 73.6148, 30.6984, 237.657, -63.0236, 267.938, 134.454, 1.17362, -4.69159, 1.405, -157.352, 1.11237, 93.1429
4024, 67.06667, 73.5611, 30.5675, 238.04, -63.2202, 268.219, 134.216, 1.17413, -4.72297, 1.40378, -157.525, 1.11103, 93.0413
4025, 67.07500, 73.506, 30.4367, 238.419, -63.4174, 268.496, 133.978, 1.17462, -4.75456, 1.40253, -157.698, 1.10968, 92.9397
4025, 67.08334, 73.4495, 30.3061, 238.795, -63.615, 268.769, 133.739, 1.17512, -4.78637, 1.40126, -157.872, 1.10831, 92.8382
4026, 67.09167, 73.3916, 30.1757, 239.168, -63.8132, 269.037, 133.499, 1.17562, -4.81841, 1.39996, -158.047, 1.10692, 92.7368
4026, 67.10000, 73.3324, 30.0454, 239.538, -64.0118, 269.301, 133.259, 1.17611, -4.85067, 1.39863, -158.221, 1.10552, 92.6355
4027, 67.10833, 73.2718, 29.9153, 239.905, -64.2109, 269.561, 133.019, 1.1766, -4.88314, 1.39727, -158.396, 1.1041, 92.5342
4027, 67.11667, 73.2098, 29.7854, 240.269, -64.4105, 269.816, 132.778, 1.17708, -4.91583, 1.39589, -158.571, 1.10266, 92.4332
4028, 67.12500, 73.1464, 29.6558, 240.629, -64.6105, 270.067, 132.537, 1.17757, -4.94874, 1.39448, -158.747, 1.10121, 92.3322
4028, 67.13333, 73.0817, 29.5263, 240.987, -64.811, 270.313, 132.295, 1.17805, -4.98186, 1.39304, -158.923, 1.09974, 92.2314
4029, 67.14167, 73.0155, 29.3971, 241.341, -65.0119, 270.554, 132.052, 1.17853, -5.0152, 1.39157, -159.099, 1.09826, 92.1307
4029, 67.15000, 72.948, 29.2682, 241.691, -65.2133, 270.791, 131.81, 1.179, -5.04874, 1.39008, -159.275, 1.09676, 92.0302
4029, 67.15833, 72.8791, 29.1395, 242.038, -65.4151, 271.024, 131.566, 1.17948, -5.0825, 1.38856, -159.451, 1.09524, 91.9299
4030, 67.16666, 72.8088, 29.011, 242.382, -65.6173, 271.251, 131.323, 1.17994, -5.11647, 1.38701, -159.628, 1.09371, 91.8297
4031, 67.17500, 72.7371, 28.8829, 242.723, -65.8199, 271.474, 131.079, 1.18041, -5.15064, 1.38543, -159.805, 1.09216, 91.7297
4031, 67.18333, 72.664, 28.7551, 243.059, -66.023, 271.693, 130.834, 1.18087, -5.18502, 1.38383, -159.983, 1.09059, 91.6299
4032, 67.19167, 72.5895, 28.6275, 243.393, -66.2264, 271.906, 130.589, 1.18133, -5.21961, 1.38219, -160.16, 1.08901, 91.5304
4032, 67.20000, 72.5137, 28.5003, 243.722, -66.4302, 272.115, 130.344, 1.18179, -5.25439, 1.38053, -160.338, 1.08741, 91.431
4033, 67.20834, 72.4365, 28.3735, 244.048, -66.6344, 272.318, 130.098, 1.18224, -5.28938, 1.37885, -160.516, 1.0858, 91.3319
4033, 67.21667, 72.3579, 28.247, 244.371, -66.839, 272.517, 129.852, 1.18269, -5.32457, 1.37713, -160.694, 1.08417, 91.233
4034, 67.22500, 72.2779, 28.1208, 244.69, -67.0439, 272.711, 129.606, 1.18314, -5.35995, 1.37539, -160.872, 1.08252, 91.1344
4034, 67.23333, 72.1965, 27.9951, 245.005, -67.2492, 272.9, 129.359, 1.18358, -5.39553, 1.37361, -161.05, 1.08086, 91.0361
4035, 67.24167, 72.1138, 27.8697, 245.316, -67.4549, 273.084, 129.112, 1.18402, -5.4313, 1.37181, -161.229, 1.07918, 90.938
4035, 67.25000, 72.0297, 27.7448, 245.624, -67.6608, 273.262, 128.864, 1.18446, -5.46726, 1.36998, -161.407, 1.07749, 90.8402
4036, 67.25833, 71.9442, 27.6202, 245.927, -67.8671, 273.436, 128.616, 1.18489, -5.50341, 1.36813, -161.586, 1.07578, 90.7427
4036, 67.26667, 71.8574, 27.4961, 246.227, -68.0737, 273.605, 128.368, 1.18532, -5.53976, 1.36624, -161.765, 1.07405, 90.6455
4037, 67.27500, 71.7692, 27.3725, 246.523, -68.2806, 273.768, 128.12, 1.18574, -5.57628, 1.36433, -161.944, 1.07231, 90.5487
4037, 67.28333, 71.6796, 27.2493, 246.815, -68.4879, 273.927, 127.871, 1.18616, -5.61299, 1.36239, -162.123, 1.07055, 90.4521
4037, 67.29166, 71.5887, 27.1265, 247.103, -68.6954, 274.08, 127.622, 1.18658, -5.64988, 1.36042, -162.303, 1.06878, 90.3559
4038, 67.30000, 71.4965, 27.0043, 247.387, -68.9032, 274.228, 127.372, 1.18699, -5.68694, 1.35842, -162.482, 1.06699, 90.2601
4039, 67.30833, 71.4029, 26.8826, 247.668, -69.1112, 274.371, 127.123, 1.1874, -5.72418, 1.3564, -162.661, 1.06519, 90.1646
4039, 67.31667, 71.3079, 26.7614, 247.944, -69.3196, 274.508, 126.873, 1.1878, -5.7616, 1.35435, -162.841, 1.06337, 90.0695
4040, 67.32500, 71.2117, 26.6408, 248.216, -69.5281, 274.641, 126.622, 1.1882, -5.79918, 1.35227, -163.02, 1.06154, 89.9749
4040, 67.33334, 71.1141, 26.5207, 248.484, -69.737, 274.767, 126.372, 1.1886, -5.83694, 1.35016, -163.2, 1.05969, 89.8806
4041, 67.34167, 71.0151, 26.4011, 248.748, -69.946, 274.889, 126.121, 1.18899, -5.87486, 1.34802, -163.379, 1.05783, 89.7867
4041, 67.35000, 70.9149, 26.2822, 249.007, -70.1553, 275.005, 125.87, 1.18938, -5.91295, 1.34586, -163.559, 1.05595, 89.6932
4042, 67.35833, 70.8134, 26.1638, 249.263, -70.3648, 275.116, 125.619, 1.18976, -5.95119, 1.34367, -163.739, 1.05406, 89.6002
4042, 67.36667, 70.7105, 26.046, 249.514, -70.5745, 275.222, 125.368, 1.19014, -5.9896, 1.34145, -163.918, 1.05215, 89.5076
4043, 67.37500, 70.6064, 25.9289, 249.761, -70.7844, 275.322, 125.116, 1.19052, -6.02816, 1.3392, -164.098, 1.05023, 89.4155
4043, 67.38333, 70.5009, 25.8124, 250.004, -70.9945, 275.416, 124.864, 1.19089, -6.06687, 1.33692, -164.277, 1.04829, 89.3238
4044, 67.39167, 70.3942, 25.6966, 250.243, -71.2048, 275.506, 124.612, 1.19125, -6.10574, 1.33462, -164.457, 1.04634, 89.2327
4044, 67.40000, 70.2863, 25.5814, 250.477, -71.4152, 275.589, 124.36, 1.19161, -6.14475, 1.33229, -164.636, 1.04438, 89.142
4045, 67.40833, 70.177, 25.4669, 250.707, -71.6257, 275.668, 124.108, 1.19197, -6.1839, 1.32994, -164.815, 1.0424, 89.0518
4045, 67.41666, 70.0665, 25.3531, 250.933, -71.8365, 275.741, 123.856, 1.19232, -6.22321, 1.32755, -164.995, 1.04041, 88.9622
4045, 67.42500, 69.9548, 25.2401, 251.154, -72.0473, 275.808, 123.603, 1.19267, -6.26264, 1.32514, -165.174, 1.0384, 88.8731
4046, 67.43333, 69.8418, 25.1278, 251.371, -72.2583, 275.87, 123.35, 1.19301, -6.30222, 1.3227, -165.353, 1.03638, 88.7845
4047, 67.44167, 69.7276, 25.0162, 251.584, -72.4694, 275.926, 123.097, 1.19335, -6.34193, 1.32024, -165.532, 1.03435, 88.6965
4047, 67.45000, 69.6122, 24.9053, 251.792, -72.6806, 275.977, 122.844, 1.19368, -6.38177, 1.31774, -165.711, 1.0323, 88.609
4048, 67.45834, 69.4956, 24.7953, 251.996, -72.8919, 276.022, 122.591, 1.19401, -6.42173, 1.31523, -165.889, 1.03024, 88.5221
4048, 67.46667, 69.3778, 24.6861, 252.195, -73.1033, 276.061, 122.338, 1.19433, -6.46182, 1.31268, -166.068, 1.02817, 88.4359
4049, 67.47500, 69.2588, 24.5776, 252.39, -73.3148, 276.095, 122.085, 1.19465, -6.50203, 1.31011, -166.246, 1.02608, 88.3502
4049, 67.48333, 69.1386, 24.47, 252.581, -73.5263, 276.124, 121.832, 1.19496, -6.54236, 1.30751, -166.424, 1.02399, 88.2651
4050, 67.49167, 69.0173, 24.3632, 252.767, -73.7379, 276.147, 121.578, 1.19527, -6.58281, 1.30489, -166.602, 1.02187, 88.1807
4050, 67.50000, 68.8948, 24.2573, 252.948, -73.9495, 276.164, 121.325, 1.19558, -6.62337, 1.30224, -166.78, 1.01975, 88.0969
4051, 67.50833, 68.7712, 24.1523, 253.125, -74.1612, 276.176, 121.071, 1.19587, -6.66403, 1.29956, -166.958, 1.01762, 88.0137
4051, 67.51667, 68.6464, 24.0481, 253.298, -74.3729, 276.182, 120.818, 1.19617, -6.70481, 1.29686, -167.135, 1.01547, 87.9313
4052, 67.52500, 68.5206, 23.9449, 253.466, -74.5846, 276.183, 120.564, 1.19646, -6.74568, 1.29413, -167.312, 1.01331, 87.8494
4052, 67.53333, 68.3936, 23.8426, 253.629, -74.7963, 276.178, 120.311, 1.19674, -6.78665, 1.29138, -167.489, 1.01114, 87.7683
4053, 67.54166, 68.2656, 23.7412, 253.788, -75.008, 276.167, 120.057, 1.19702, -6.82773, 1.2886, -167.666, 1.00895, 87.6879
4053, 67.55000, 68.1365, 23.6408, 253.943, -75.2196, 276.151, 119.804, 1.19729, -6.86889, 1.2858, -167.842, 1.00676, 87.6082
4053, 67.55833, 68.0063, 23.5413, 254.093, -75.4313, 276.13, 119.55, 1.19756, -6.91014, 1.28297, -168.018, 1.00456, 87.5292
4054, 67.56667, 67.8751, 23.4428, 254.238, -75.6429, 276.102, 119.297, 1.19782, -6.95149, 1.28012, -168.194, 1.00234, 87.4509
4055, 67.57500, 67.7428, 23.3453, 254.379, -75.8545, 276.069, 119.044, 1.19808, -6.99291, 1.27724, -168.369, 1.00011, 87.3734
4055, 67.58334, 67.6096, 23.2489, 254.515, -76.066, 276.031, 118.79, 1.19833, -7.03441, 1.27434, -168.544, 0.997874, 87.2966
4056, 67.59167, 67.4753, 23.1534, 254.647, -76.2774, 275.987, 118.537, 1.19858, -7.07599, 1.27142, -168.719, 0.995626, 87.2206
4056, 67.60000, 67.3401, 23.0591, 254.774, -76.4888, 275.938, 118.284, 1.19882, -7.11764, 1.26847, -168.894, 0.993367, 87.1454
4057, 67.60833, 67.2038, 22.9658, 254.897, -76.7001, 275.883, 118.03, 1.19906, -7.15937, 1.2655, -169.068, 0.991099, 87.071
4057, 67.61667, 67.0667, 22.8735, 255.015, -76.9113, 275.822, 117.777, 1.19929, -7.20116, 1.2625, -169.241, 0.98882, 86.9974
4058, 67.62500, 66.9285, 22.7824, 255.128, -77.1223, 275.756, 117.524, 1.19952, -7.24301, 1.25948, -169.415, 0.986533, 86.9246
4058, 67.63333, 66.7895, 22.6923, 255.237, -77.3333, 275.684, 117.272, 1.19974, -7.28492, 1.25644, -169.588, 0.984235, 86.8526
4059, 67.64167, 66.6495, 22.6034, 255.341, -77.5441, 275.607, 117.019, 1.19995, -7.3269, 1.25337, -169.76, 0.981928, 86.7815
4059, 67.65000, 66.5087, 22.5157, 255.441, -77.7548, 275.525, 116.766, 1.20016, -7.36892, 1.25029, -169.932, 0.979613, 86.7112
4060, 67.65833, 66.367, 22.4291, 255.537, -77.9653, 275.437, 116.514, 1.20037, -7.41099, 1.24718, -170.104, 0.977289, 86.6417
4060, 67.66666, 66.2244, 22.3436, 255.627, -78.1757, 275.343, 116.261, 1.20057, -7.45311, 1.24404, -170.275, 0.974955, 86.5732
4061, 67.67500, 66.081, 22.2594, 255.714, -78.3859, 275.244, 116.009, 1.20076, -7.49528, 1.24089, -170.446, 0.972614, 86.5055
4061, 67.68333, 65.9367, 22.1763, 255.795, -78.596, 275.14, 115.757, 1.20095, -7.53748, 1.23771, -170.616, 0.970265, 86.4387
4061, 67.69167, 65.7917, 22.0945, 255.872, -78.8058, 275.03, 115.506, 1.20114, -7.57972, 1.23452, -170.786, 0.967907, 86.3728
4062, 67.70000, 65.6458, 22.0139, 255.945, -79.0155, 274.915, 115.254, 1.20132, -7.622, 1.2313, -170.955, 0.965542, 86.3078
4063, 67.70834, 65.4992, 21.9346, 256.013, -79.2249, 274.795, 115.003, 1.20149, -7.6643, 1.22806, -171.124, 0.963169, 86.2438
4063, 67.71667, 65.3519, 21.8566, 256.077, -79.4342, 274.669, 114.751, 1.20166, -7.70663, 1.2248, -171.292, 0.960789, 86.1806
4064, 67.72500, 65.2038, 21.7798, 256.136, -79.6432, 274.538, 114.5, 1.20182, -7.74899, 1.22152, -171.46, 0.958402, 86.1185
4064, 67.73333, 65.055, 21.7043, 256.191, -79.8519, 274.402, 114.25, 1.20198, -7.79136, 1.21822, -171.627, 0.956008, 86.0572
4065, 67.74167, 64.9054, 21.6301, 256.241, -80.0605, 274.26, 113.999, 1.20213, -7.83375, 1.2149, -171.793, 0.953607, 85.997
4065, 67.75000, 64.7552, 21.5573, 256.287, -80.2688, 274.113, 113.749, 1.20228, -7.87616, 1.21156, -171.959, 0.951201, 85.9377
4066, 67.75833, 64.6044, 21.4858, 256.329, -80.4768, 273.961, 113.499, 1.20242, -7.91857, 1.2082, -172.125, 0.948788, 85.8794
4066, 67.76667, 64.4529, 21.4157, 256.366, -80.6845, 273.804, 113.249, 1.20255, -7.961, 1.20482, -172.29, 0.946368, 85.8221
4066, 67.77500, 64.3008, 21.3469, 256.399, -80.892, 273.641, 113, 1.20268, -8.00342, 1.20143, -172.454, 0.943944, 85.7658
4067, 67.78333, 64.1481, 21.2795, 256.427, -81.0992, 273.474, 112.751, 1.20281, -8.04585, 1.19801, -172.618, 0.941514, 85.7105
4068, 67.79166, 63.9948, 21.2135, 256.451, -81.306, 273.301, 112.502, 1.20293, -8.08828, 1.19458, -172.781, 0.939078, 85.6563
4068, 67.80000, 63.8409, 21.149, 256.47, -81.5126, 273.123, 112.253, 1.20305, -8.13069, 1.19113, -172.943, 0.936638, 85.603
4069, 67.80833, 63.6866, 21.0858, 256.486, -81.7188, 272.941, 112.005, 1.20316, -8.1731, 1.18766, -173.105, 0.934193, 85.5508
4069, 67.81667, 63.5316, 21.0242, 256.497, -81.9248, 272.753, 111.757, 1.20326, -8.21551, 1.18417, -173.266, 0.931743, 85.4997
4069, 67.82500, 63.3762, 20.9639, 256.503, -82.1304, 272.56, 111.509, 1.20336, -8.25789, 1.18067, -173.426, 0.929289, 85.4497
4070, 67.83334, 63.2203, 20.9052, 256.506, -82.3356, 272.362, 111.262, 1.20345, -8.30025, 1.17715, -173.586, 0.926831, 85.4007
4071, 67.84167, 63.0639, 20.8479, 256.504, -82.5405, 272.159, 111.015, 1.20354, -8.3426, 1.17361, -173.745, 0.924369, 85.3527
4071, 67.85000, 62.9072, 20.7922, 256.498, -82.7451, 271.952, 110.769, 1.20363, -8.38492, 1.17006, -173.903, 0.921904, 85.3059
4072, 67.85833, 62.7499, 20.7379, 256.488, -82.9492, 271.739, 110.523, 1.20371, -8.42721, 1.16649, -174.06, 0.919435, 85.2602
4072, 67.86667, 62.5923, 20.6852, 256.474, -83.153, 271.522, 110.277, 1.20378, -8.46948, 1.16291, -174.217, 0.916963, 85.2155
4073, 67.87500, 62.4343, 20.6341, 256.455, -83.3564, 271.3, 110.031, 1.20385, -8.5117, 1.15931, -174.373, 0.914488, 85.172
4073, 67.88333, 62.276, 20.5844, 256.433, -83.5594, 271.073, 109.786, 1.20392, -8.5539, 1.15569, -174.529, 0.912011, 85.1296
4074, 67.89167, 62.1173, 20.5364, 256.406, -83.7621, 270.842, 109.541, 1.20397, -8.59606, 1.15206, -174.683, 0.909531, 85.0884
4074, 67.90000, 61.9583, 20.49, 256.375, -83.9643, 270.606, 109.297, 1.20403, -8.63817, 1.14842, -174.837, 0.907049, 85.0482
4074, 67.90833, 61.799, 20.4451, 256.34, -84.1661, 270.365, 109.053, 1.20408, -8.68023, 1.14476, -174.99, 0.904565, 85.0092
4075, 67.91666, 61.6394, 20.4018, 256.302, -84.3674, 270.12, 108.81, 1.20412, -8.72226, 1.14109, -175.142, 0.902079, 84.9714
4076, 67.92500, 61.4796, 20.3602, 256.259, -84.5684, 269.87, 108.567, 1.20416, -8.76423, 1.13741, -175.293, 0.899592, 84.9347
4076, 67.93333, 61.3195, 20.3202, 256.212, -84.7689, 269.615, 108.324, 1.2042, -8.80614, 1.13371, -175.444, 0.897104, 84.8992
4077, 67.94167, 61.1593, 20.2819, 256.161, -84.9689, 269.356, 108.082, 1.20423, -8.84801, 1.13, -175.594, 0.894614, 84.8649
4077, 67.95000, 60.9988, 20.2452, 256.107, -85.1685, 269.093, 107.841, 1.20425, -8.88981, 1.12628, -175.743, 0.892124, 84.8318
4078, 67.95834, 60.8382, 20.2102, 256.048, -85.3676, 268.825, 107.599, 1.20427, -8.93155, 1.12254, -175.891, 0.889633, 84.7998
4078, 67.96667, 60.6775, 20.1768, 255.986, -85.5663, 268.553, 107.359, 1.20429, -8.97323, 1.1188, -176.038, 0.887142, 84.769
4079, 67.97500, 60.5166, 20.1452, 255.92, -85.7645, 268.276, 107.118, 1.2043, -9.01484, 1.11504, -176.184, 0.884651, 84.7395
4079, 67.98333, 60.3557, 20.1153, 255.85, -85.9622, 267.996, 106.879, 1.20431, -9.05639, 1.11127, -176.329, 0.882161, 84.7111
4080, 67.99167, 60.1946, 20.0871, 255.777, -86.1595, 267.711, 106.639, 1.20431, -9.09786, 1.10749, -176.474, 0.87967, 84.6839
4080, 68.00000, 60.0335, 20.0606, 255.699, -86.3562, 267.422, 106.4, 1.20431, -9.13926, 1.1037, -176.617, 0.87718, 84.658
4081, 68.00833, 59.8724, 20.0359, 255.618, -86.5524, 267.128, 106.162, 1.2043, -9.18058, 1.0999, -176.76, 0.874691, 84.6333
4081, 68.01667, 59.7112, 20.0129, 255.534, -86.7481, 266.831, 105.924, 1.20429, -9.22183, 1.09609, -176.902, 0.872203, 84.6098
4082, 68.02500, 59.5501, 19.9917, 255.445, -86.9433, 266.53, 105.687, 1.20427, -9.26299, 1.09227, -177.042, 0.869717, 84.5876
4082, 68.03333, 59.389, 19.9722, 255.354, -87.138, 266.224, 105.45, 1.20425, -9.30407, 1.08844, -177.182, 0.867232, 84.5666
4082, 68.04166, 59.228, 19.9545, 255.258, -87.3322, 265.915, 105.214, 1.20423, -9.34507, 1.0846, -177.321, 0.864748, 84.5469
4083, 68.05000, 59.067, 19.9387, 255.16, -87.5258, 265.601, 104.978, 1.2042, -9.38598, 1.08075, -177.459, 0.862267, 84.5284
4084, 68.05833, 58.9061, 19.9246, 255.057, -87.7189, 265.284, 104.743, 1.20416, -9.4268, 1.07689, -177.596, 0.859788, 84.5111
4084, 68.06667, 58.7454, 19.9124, 254.951, -87.9114, 264.963, 104.508, 1.20413, -9.46753, 1.07303, -177.732, 0.857311, 84.4951
4085, 68.07500, 58.5848, 19.9019, 254.842, -88.1034, 264.638, 104.274, 1.20409, -9.50816, 1.06916, -177.867, 0.854838, 84.4804
4085, 68.08334, 58.4243, 19.8933, 254.73, -88.2948, 264.31, 104.041, 1.20404, -9.54869, 1.06528, -178.001, 0.852367, 84.467
4086, 68.09167, 58.2641, 19.8866, 254.614, -88.4857, 263.978, 103.808, 1.20399, -9.58913, 1.06139, -178.134, 0.849898, 84.4548
4086, 68.10000, 58.104, 19.8817, 254.495, -88.676, 263.642, 103.575, 1.20394, -9.62947, 1.0575, -178.266, 0.847434, 84.4439
4087, 68.10833, 57.9442, 19.8786, 254.372, -88.8657, 263.302, 103.343, 1.20388, -9.66971, 1.0536, -178.397, 0.844972, 84.4343
4087, 68.11667, 57.7846, 19.8774, 254.247, -89.0549, 262.959, 103.112, 1.20382, -9.70984, 1.04969, -178.526, 0.842515, 84.426
4088, 68.12500, 57.6253, 19.8781, 254.118, -89.2434, 262.613, 102.881, 1.20375, -9.74987, 1.04578, -178.655, 0.840061, 84.4189
4088, 68.13333, 57.4663, 19.8807, 253.986, -89.4314, 262.263, 102.651, 1.20368, -9.78979, 1.04186, -178.783, 0.837612, 84.4132
4089, 68.14167, 57.3076, 19.8852, 253.851, -89.6188, 261.909, 102.422, 1.20361, -9.8296, 1.03794, -178.91, 0.835167, 84.4087
4089, 68.15000, 57.1493, 19.8915, 253.713, -89.8056, 261.552, 102.193, 1.20353, -9.8693, 1.03401, -179.035, 0.832726, 84.4055
4090, 68.15833, 56.9913, 19.8998, 253.572, -89.9917, 261.192, 101.964, 1.20345, -9.90888, 1.03008, -179.16, 0.83029, 84.4037
4090, 68.16666, 56.8337, 19.91, 253.428, -90.1773, 260.829, 101.736, 1.20337, -9.94836, 1.02614, -179.283, 0.827859, 84.4031
4090, 68.17500, 56.6765, 19.9221, 253.281, -90.3623, 260.462, 101.509, 1.20328, -9.98772, 1.0222, -179.405, 0.825434, 84.4039
4091, 68.18333, 56.5197, 19.9361, 253.131, -90.5466, 260.092, 101.283, 1.20319, -10.027, 1.01825, -179.527, 0.823013, 84.4059
4092, 68.19167, 56.3634, 19.9521, 252.978, -90.7304, 259.719, 101.057, 1.2031, -10.0661, 1.0143, -179.647, 0.820598, 84.4093
4092, 68.20000, 56.2075, 19.97, 252.822, -90.9135, 259.343, 100.832, 1.203, -10.1051, 1.01035, -179.766, 0.818189, 84.4139
4093, 68.20834, 56.0521, 19.9898, 252.663, -91.0959, 258.964, 100.607, 1.2029, -10.144, 1.0064, -179.883, 0.815786, 84.4199
4093, 68.21667, 55.8972, 20.0116, 252.502, -91.2778, 258.582, 100.383, 1.20279, -10.1827, 1.00244, -180, 0.813389, 84.4272
4094, 68.22500, 55.7429, 20.0353, 252.338, -91.459, 258.197, 100.16, 1.20269, -10.2213, 0.99848, 179.885, 0.810998, 84.4358
4094, 68.23333, 55.5891, 20.061, 252.171, -91.6395, 257.809, 99.9368, 1.20258, -10.2599, 0.994519, 179.77, 0.808614, 84.4457
4095, 68.24167, 55.4359, 20.0886, 252.002, -91.8195, 257.418, 99.7147, 1.20246, -10.2982, 0.990555, 179.657, 0.806236, 84.457
4095, 68.25000, 55.2833, 20.1182, 251.83, -91.9987, 257.025, 99.4933, 1.20235, -10.3365, 0.98659, 179.545, 0.803865, 84.4695
4096, 68.25833, 55.1313, 20.1498, 251.656, -92.1773, 256.628, 99.2725, 1.20223, -10.3746, 0.982623, 179.434, 0.801502, 84.4834
4096, 68.26667, 54.9799, 20.1834, 251.478, -92.3553, 256.229, 99.0523, 1.2021, -10.4126, 0.978656, 179.325, 0.799145, 84.4986
4097, 68.27500, 54.8291, 20.2189, 251.299, -92.5326, 255.827, 98.8328, 1.20198, -10.4505, 0.974688, 179.216, 0.796796, 84.5151
4097, 68.28333, 54.6791, 20.2564, 251.117, -92.7093, 255.423, 98.6139, 1.20185, -10.4882, 0.97072, 179.109, 0.794454, 84.5329
4098, 68.29166, 54.5297, 20.2959, 250.932, -92.8853, 255.016, 98.3957, 1.20172, -10.5258, 0.966751, 179.003, 0.79212, 84.552
4098, 68.30000, 54.3811, 20.3373, 250.746, -93.0606, 254.607, 98.1782, 1.20158, -10.5633, 0.962783, 178.899, 0.789794, 84.5725
4098, 68.30833, 54.2332, 20.3807, 250.557, -93.2352, 254.195, 97.9614, 1.20144, -10.6006, 0.958815, 178.795, 0.787476, 84.5943
4099, 68.31667, 54.086, 20.4262, 250.365, -93.4092, 253.78, 97.7452, 1.2013, -10.6378, 0.954847, 178.693, 0.785166, 84.6173
4100, 68.32500, 53.9396, 20.4736, 250.172, -93.5825, 253.364, 97.5297, 1.20116, -10.6748, 0.950881, 178.592, 0.782865, 84.6417
4100, 68.33334, 53.7941, 20.523, 249.976, -93.7552, 252.944, 97.3148, 1.20102, -10.7117, 0.946917, 178.492, 0.780572, 84.6674
4101, 68.34167, 53.6493, 20.5744, 249.778, -93.9271, 252.523, 97.1007, 1.20087, -10.7485, 0.942953, 178.394, 0.778288, 84.6944
4101, 68.35000, 53.5053, 20.6277, 249.577, -94.0984, 252.099, 96.8872, 1.20072, -10.7852, 0.938991, 178.296, 0.776012, 84.7227
4102, 68.35833, 53.3623, 20.6831, 249.375, -94.269, 251.673, 96.6744, 1.20057, -10.8217, 0.935031, 178.2, 0.773746, 84.7524
4102, 68.36667, 53.22, 20.7404, 249.171, -94.4389, 251.245, 96.4623, 1.20041, -10.858, 0.931074, 178.106, 0.771489, 84.7833
4103, 68.37500, 53.0787, 20.7997, 248.964, -94.6081, 250.815, 96.2509, 1.20026, -10.8942, 0.927119, 178.012, 0.769241, 84.8155
4103, 68.38333, 52.9383, 20.861, 248.756, -94.7766, 250.383, 96.0401, 1.2001, -10.9303, 0.923167, 177.92, 0.767002, 84.8491
4104, 68.39167, 52.7988, 20.9243, 248.546, -94.9445, 249.949, 95.8301, 1.19994, -10.9663, 0.919217, 177.83, 0.764773, 84.8839
4104, 68.40000, 52.6603, 20.9895, 248.333, -95.1116, 249.512, 95.6207, 1.19977, -11.0021, 0.915271, 177.74, 0.762554, 84.92
4105, 68.40833, 52.5227, 21.0567, 248.119, -95.278, 249.074, 95.4121, 1.19961, -11.0377, 0.911329, 177.652, 0.760344, 84.9574
4105, 68.41666, 52.3861, 21.1259, 247.903, -95.4438, 248.634, 95.2041, 1.19944, -11.0732, 0.907389, 177.565, 0.758144, 84.9961
4106, 68.42500, 52.2506, 21.1971, 247.686, -95.6088, 248.192, 94.9969, 1.19927, -11.1086, 0.903455, 177.48, 0.755955, 85.0361
4106, 68.43333, 52.116, 21.2702, 247.466, -95.7732, 247.748, 94.7903, 1.1991, -11.1438, 0.899524, 177.395, 0.753776, 85.0774
4106, 68.44167, 51.9825, 21.3453, 247.245, -95.9369, 247.302, 94.5845, 1.19893, -11.1789, 0.895597, 177.313, 0.751607, 85.1199
4107, 68.45000, 51.85, 21.4223, 247.022, -96.0998, 246.855, 94.3793, 1.19876, -11.2138, 0.891676, 177.231, 0.749448, 85.1638
4108, 68.45834, 51.7186, 21.5013, 246.797, -96.262, 246.406, 94.1749, 1.19858, -11.2486, 0.887759, 177.151, 0.7473, 85.2088
4108, 68.46667, 51.5883, 21.5822, 246.571, -96.4236, 245.955, 93.9711, 1.1984, -11.2833, 0.883847, 177.072, 0.745163, 85.2552
4109, 68.47500, 51.4591, 21.665, 246.343, -96.5844, 245.503, 93.7681, 1.19822, -11.3178, 0.879941, 176.995, 0.743037, 85.3028
4109, 68.48333, 51.3311, 21.7498, 246.114, -96.7446, 245.049, 93.5658, 1.19804, -11.3522, 0.87604, 176.919, 0.740921, 85.3517
4110, 68.49167, 51.2041, 21.8365, 245.883, -96.904, 244.594, 93.3641, 1.19786, -11.3864, 0.872145, 176.844, 0.738817, 85.4018
4110, 68.50000, 51.0784, 21.9251, 245.651, -97.0627, 244.137, 93.1632, 1.19767, -11.4205, 0.868256, 176.771, 0.736724, 85.4532
4111, 68.50833, 50.9538, 22.0157, 245.417, -97.2207, 243.678, 92.963, 1.19749, -11.4544, 0.864373, 176.699, 0.734642, 85.5058
4111, 68.51667, 50.8304, 22.1081, 245.182, -97.378, 243.219, 92.7635, 1.1973, -11.4882, 0.860496, 176.629, 0.732571, 85.5597
4112, 68.52500, 50.7082, 22.2024, 244.946, -97.5346, 242.757, 92.5648, 1.19711, -11.5218, 0.856626, 176.56, 0.730512, 85.6148
4112, 68.53333, 50.5873, 22.2986, 244.708, -97.6905, 242.295, 92.3667, 1.19692, -11.5553, 0.852763, 176.492, 0.728464, 85.6711
4113, 68.54166, 50.4676, 22.3967, 244.469, -97.8457, 241.831, 92.1694, 1.19673, -11.5887, 0.848906, 176.426, 0.726428, 85.7286
4113, 68.55000, 50.3491, 22.4966, 244.229, -98.0001, 241.366, 91.9727, 1.19654, -11.6219, 0.845057, 176.361, 0.724404, 85.7874
4114, 68.55833, 50.2319, 22.5983, 243.987, -98.1539, 240.9, 91.7768, 1.19635, -11.655, 0.841215, 176.298, 0.722392, 85.8473
4114, 68.56667, 50.116, 22.702, 243.744, -98.3069, 240.432, 91.5816, 1.19616, -11.6879, 0.837381, 176.236, 0.720391, 85.9085
4114, 68.57500, 50.0014, 22.8074, 243.5, -98.4593, 239.964, 91.3871, 1.19596, -11.7207, 0.833554, 176.175, 0.718403, 85.9708
4115, 68.58334, 49.8882, 22.9146, 243.255, -98.6109, 239.494, 91.1933, 1.19577, -11.7533, 0.829736, 176.116, 0.716426, 86.0344
4116, 68.59167, 49.7762, 23.0237, 243.009, -98.7618, 239.023, 91.0003, 1.19557, -11.7858, 0.825925, 176.058, 0.714462, 86.0991
4116, 68.60000, 49.6656, 23.1345, 242.762, -98.912, 238.551, 90.8079, 1.19537, -11.8182, 0.822123, 176.002, 0.71251, 86.165
4117, 68.60833, 49.5564, 23.2472, 242.514, -99.0615, 238.078, 90.6163, 1.19517, -11.8504, 0.81833, 175.947, 0.710571, 86.2321
4117, 68.61667, 49.4485, 23.3615, 242.265, -99.2103, 237.605, 90.4254, 1.19498, -11.8825, 0.814544, 175.894, 0.708643, 86.3003
4118, 68.62500, 49.3421, 23.4777, 242.015, -99.3584, 237.13, 90.2352, 1.19478, -11.9144, 0.810768, 175.842, 0.706729, 86.3697
4118, 68.63333, 49.237, 23.5955, 241.763, -99.5057, 236.654, 90.0457, 1.19458, -11.9462, 0.807001, 175.792, 0.704827, 86.4403
4119, 68.64167, 49.1333, 23.7151, 241.511, -99.6524, 236.178, 89.8569, 1.19437, -11.9779, 0.803243, 175.743, 0.702937, 86.512
4119, 68.65000, 49.0311, 23.8364, 241.259, -99.7983, 235.7, 89.6689, 1.19417, -12.0094, 0.799495, 175.696, 0.70106, 86.5848
4120, 68.65833, 48.9304, 23.9594, 241.005, -99.9436, 235.222, 89.4816, 1.19397, -12.0408, 0.795756, 175.65, 0.699196, 86.6587
4120, 68.66666, 48.831, 24.084, 240.751, -100.088, 234.743, 89.2949, 1.19377, -12.0721, 0.792026, 175.606, 0.697345, 86.7338
4121, 68.67500, 48.7332, 24.2103, 240.495, -100.232, 234.264, 89.109, 1.19357, -12.1032, 0.788306, 175.563, 0.695506, 86.8099
4121, 68.68333, 48.6368, 24.3382, 240.239, -100.375, 233.783, 88.9238, 1.19336, -12.1342, 0.784597, 175.521, 0.693681, 86.8872
4122, 68.69167, 48.542, 24.4678, 239.983, -100.518, 233.302, 88.7393, 1.19316, -12.165, 0.780897, 175.482, 0.691868, 86.9656
4122, 68.70000, 48.4486, 24.5989, 239.725, -100.659, 232.82, 88.5556, 1.19296, -12.1957, 0.777208, 175.443, 0.690069, 87.045
4122, 68.70834, 48.3568, 24.7316, 239.467, -100.8, 232.338, 88.3725, 1.19275, -12.2263, 0.773529, 175.406, 0.688282, 87.1255
4123, 68.71667, 48.2665, 24.8659, 239.209, -100.941, 231.855, 88.1902, 1.19255, -12.2568, 0.76986, 175.371, 0.686509, 87.2071
4124, 68.72500, 48.1777, 25.0018, 238.949, -101.08, 231.372, 88.0086, 1.19234, -12.2871, 0.766203, 175.337, 0.684749, 87.2898
4124, 68.73333, 48.0905, 25.1391, 238.69, -101.219, 230.888, 87.8276, 1.19214, -12.3173, 0.762556, 175.305, 0.683002, 87.3735
4125, 68.74167, 48.0048, 25.278, 238.429, -101.357, 230.403, 87.6474, 1.19193, -12.3473, 0.75892, 175.274, 0.681268, 87.4582
4125, 68.75000, 47.9207, 25.4183, 238.168, -101.495, 229.919, 87.4679, 1.19173, -12.3773, 0.755296, 175.245, 0.679547, 87.544
4126, 68.75833, 47.8382, 25.5601, 237.907, -101.632, 229.433, 87.2891, 1.19152, -12.4071, 0.751683, 175.217, 0.67784, 87.6308
4126, 68.76667, 47.7573, 25.7033, 237.645, -101.768, 228.947, 87.111, 1.19132, -12.4367, 0.74808, 175.191, 0.676147, 87.7186
4127, 68.77500, 47.678, 25.8479, 237.383, -101.903, 228.461, 86.9336, 1.19112, -12.4663, 0.74449, 175.167, 0.674466, 87.8074
4127, 68.78333, 47.6003, 25.994, 237.12, -102.038, 227.975, 86.757, 1.19091, -12.4957, 0.740912, 175.144, 0.672799, 87.8972
4128, 68.79166, 47.5243, 26.1414, 236.857, -102.172, 227.488, 86.581, 1.19071, -12.525, 0.737345, 175.122, 0.671146, 87.9879
4128, 68.80000, 47.4498, 26.2901, 236.594, -102.305, 227.001, 86.4057, 1.1905, -12.5542, 0.73379, 175.103, 0.669506, 88.0797
4129, 68.80833, 47.3771, 26.4402, 236.33, -102.438, 226.514, 86.2312, 1.1903, -12.5833, 0.730247, 175.084, 0.667879, 88.1724
4129, 68.81667, 47.3059, 26.5915, 236.066, -102.57, 226.026, 86.0573, 1.1901, -12.6122, 0.726716, 175.068, 0.666266, 88.2661
4130, 68.82500, 47.2364, 26.7442, 235.802, -102.701, 225.538, 85.8841, 1.18989, -12.641, 0.723197, 175.052, 0.664667, 88.3607
4130, 68.83334, 47.1686, 26.898, 235.538, -102.832, 225.05, 85.7117, 1.18969, -12.6697, 0.719691, 175.039, 0.663081, 88.4562
4130, 68.84167, 47.1025, 27.0531, 235.273, -102.962, 224.562, 85.5399, 1.18949, -12.6983, 0.716197, 175.027, 0.661509, 88.5527
4131, 68.85000, 47.038, 27.2094, 235.008, -103.091, 224.074, 85.3688, 1.18929, -12.7268, 0.712716, 175.017, 0.65995, 88.6501
4132, 68.85833, 46.9753, 27.3669, 234.743, -103.22, 223.585, 85.1984, 1.18909, -12.7551, 0.709248, 175.008, 0.658405, 88.7484
4132, 68.86667, 46.9142, 27.5255, 234.478, -103.348, 223.097, 85.0287, 1.18889, -12.7833, 0.705792, 175.001, 0.656873, 88.8475
4133, 68.87500, 46.8548, 27.6852, 234.213, -103.475, 222.608, 84.8597, 1.18868, -12.8115, 0.70235, 174.995, 0.655355, 88.9476
4133, 68.88333, 46.7972, 27.846, 233.947, -103.602, 222.119, 84.6915, 1.18849, -12.8395, 0.69892, 174.991, 0.653851, 89.0485
4134, 68.89167, 46.7412, 28.0079, 233.682, -103.728, 221.631, 84.5238, 1.18829, -12.8674, 0.695504, 174.989, 0.65236, 89.1503
4134, 68.90000, 46.687, 28.1708, 233.416, -103.853, 221.142, 84.3569, 1.18809, -12.8952, 0.692101, 174.988, 0.650884, 89.2529
4135, 68.90833, 46.6345, 28.3347, 233.15, -103.977, 220.653, 84.1907, 1.18789, -12.9229, 0.688711, 174.989, 0.64942, 89.3564
4135, 68.91666, 46.5838, 28.4996, 232.885, -104.101, 220.165, 84.0251, 1.18769, -12.9504, 0.685334, 174.991, 0.647971, 89.4607
4136, 68.92500, 46.5348, 28.6655, 232.619, -104.225, 219.676, 83.8603, 1.1875, -12.9779, 0.681971, 174.995, 0.646535, 89.5658
4136, 68.93333, 46.4875, 28.8322, 232.354, -104.347, 219.187, 83.6961, 1.1873, -13.0053, 0.678622, 175.001, 0.645112, 89.6717
4137, 68.94167, 46.442, 28.9999, 232.088, -104.469, 218.699, 83.5326, 1.18711, -13.0326, 0.675286, 175.008, 0.643703, 89.7784
4137, 68.95000, 46.3983, 29.1684, 231.823, -104.59, 218.211, 83.3698, 1.18691, -13.0597, 0.671964, 175.017, 0.642308, 89.8859
4138, 68.95834, 46.3563, 29.3377, 231.557, -104.711, 217.723, 83.2076, 1.18672, -13.0868, 0.668656, 175.028, 0.640927, 89.9941
4138, 68.96667, 46.316, 29.5079, 231.292, -104.831, 217.235, 83.0461, 1.18653, -13.1138, 0.665361, 175.04, 0.639559, 90.1032
4138, 68.97500, 46.2775, 29.6788, 231.027, -104.95, 216.747, 82.8853, 1.18634, -13.1406, 0.662081, 175.054, 0.638205, 90.2129
4139, 68.98333, 46.2409, 29.8505, 230.762, -105.069, 216.259, 82.7252, 1.18615, -13.1674, 0.658815, 175.069, 0.636864, 90.3234
4140, 68.99167, 46.2059, 30.0229, 230.498, -105.187, 215.772, 82.5658, 1.18596, -13.1941, 0.655563, 175.087, 0.635537, 90.4346
4140, 69.00000, 46.1728, 30.196, 230.233, -105.305, 215.285, 82.407, 1.18577, -13.2207, 0.652326, 175.105, 0.634223, 90.5465
4141, 69.00833, 46.1414, 30.3697, 229.969, -105.421, 214.798, 82.2489, 1.18558, -13.2472, 0.649102, 175.126, 0.632923, 90.6592
4141, 69.01667, 46.1118, 30.544, 229.705, -105.537, 214.311, 82.0914, 1.1854, -13.2736, 0.645893, 175.148, 0.631637, 90.7725
4142, 69.02500, 46.084, 30.719, 229.441, -105.653, 213.825, 81.9347, 1.18521, -13.2999, 0.642699, 175.172, 0.630364, 90.8865
4142, 69.03333, 46.058, 30.8944, 229.177, -105.768, 213.339, 81.7786, 1.18503, -13.3262, 0.639519, 175.197, 0.629104, 91.0011
4143, 69.04166, 46.0338, 31.0705, 228.914, -105.882, 212.853, 81.6231, 1.18485, -13.3523, 0.636353, 175.224, 0.627858, 91.1165
4143, 69.05000, 46.0113, 31.247, 228.651, -105.996, 212.368, 81.4683, 1.18466, -13.3784, 0.633202, 175.253, 0.626626, 91.2324
4144, 69.05833, 45.9907, 31.424, 228.388, -106.109, 211.883, 81.3142, 1.18448, -13.4044, 0.630066, 175.283, 0.625407, 91.349
4144, 69.06667, 45.9718, 31.6014, 228.126, -106.221, 211.399, 81.1607, 1.1843, -13.4303, 0.626945, 175.315, 0.624201, 91.4662
4145, 69.07500, 45.9547, 31.7793, 227.864, -106.333, 210.915, 81.0079, 1.18413, -13.4561, 0.623838, 175.349, 0.623008, 91.584
4145, 69.08334, 45.9394, 31.9575, 227.603, -106.444, 210.431, 80.8557, 1.18395, -13.4818, 0.620747, 175.385, 0.621829, 91.7024
4146, 69.09167, 45.9259, 32.136, 227.342, -106.554, 209.947, 80.7042, 1.18378, -13.5075, 0.61767, 175.422, 0.620664, 91.8214
4146, 69.10000, 45.9142, 32.3149, 227.081, -106.664, 209.465, 80.5533, 1.1836, -13.5331, 0.614608, 175.461, 0.619511, 91.941
4146, 69.10833, 45.9043, 32.494, 226.821, -106.774, 208.982, 80.4031, 1.18343, -13.5586, 0.611562, 175.501, 0.618372, 92.0611
4147, 69.11667, 45.8962, 32.6734, 226.561, -106.882, 208.5, 80.2535, 1.18326, -13.5841, 0.60853, 175.543, 0.617246, 92.1817
4148, 69.12500, 45.8899, 32.8531, 226.301, -106.99, 208.019, 80.1046, 1.18309, -13.6095, 0.605514, 175.587, 0.616133, 92.3029
4148, 69.13333, 45.8854, 33.0328, 226.042, -107.098, 207.538, 79.9563, 1.18292, -13.6348, 0.602512, 175.633, 0.615033, 92.4247
4149, 69.14167, 45.8826, 33.2128, 225.784, -107.205, 207.057, 79.8087, 1.18275, -13.66, 0.599526, 175.68, 0.613946, 92.5469
4149, 69.15000, 45.8816, 33.3929, 225.526, -107.311, 206.577, 79.6617, 1.18259, -13.6852, 0.596556, 175.729, 0.612872, 92.6696
4150, 69.15833, 45.8824, 33.5731, 225.269, -107.417, 206.098, 79.5153, 1.18242, -13.7103, 0.5936, 175.779, 0.611812, 92.7928
4150, 69.16666, 45.885, 33.7533, 225.012, -107.522, 205.619, 79.3696, 1.18226, -13.7354, 0.59066, 175.832, 0.610764, 92.9165
4151, 69.17500, 45.8894, 33.9336, 224.756, -107.627, 205.141, 79.2245, 1.1821, -13.7604, 0.587736, 175.885, 0.609729, 93.0407
4151, 69.18333, 45.8956, 34.1139, 224.5, -107.731, 204.663, 79.08, 1.18194, -13.7853, 0.584827, 175.941, 0.608707, 93.1653
4152, 69.19167, 45.9035, 34.2942, 224.245, -107.834, 204.186, 78.9361, 1.18178, -13.8102, 0.581933, 175.999, 0.607698, 93.2904
4152, 69.20000, 45.9132, 34.4743, 223.99, -107.937, 203.709, 78.7929, 1.18163, -13.835, 0.579055, 176.058, 0.606702, 93.4158
4153, 69.20834, 45.9247, 34.6545, 223.736, -108.039, 203.233, 78.6504, 1.18147, -13.8598, 0.576192, 176.118, 0.605719, 93.5417
4153, 69.21667, 45.9379, 34.8345, 223.483, -108.141, 202.758, 78.5084, 1.18132, -13.8845, 0.573345, 176.181, 0.604748, 93.668
4154, 69.22500, 45.9529, 35.0143, 223.23, -108.242, 202.283, 78.367, 1.18117, -13.9092, 0.570514, 176.245, 0.60379, 93.7947
4154, 69.23333, 45.9696, 35.194, 222.978, -108.342, 201.809, 78.2263, 1.18102, -13.9338, 0.567698, 176.311, 0.602844, 93.9218
4154, 69.24167, 45.9881, 35.3735, 222.727, -108.442, 201.336, 78.0862, 1.18087, -13.9583, 0.564898, 176.378, 0.601911, 94.0492
4155, 69.25000, 46.0084, 35.5527, 222.476, -108.542, 200.863, 77.9467, 1.18072, -13.9829, 0.562114, 176.448, 0.60099, 94.177
4156, 69.25833, 46.0303, 35.7317, 222.226, -108.64, 200.391, 77.8079, 1.18058, -14.0073, 0.559345, 176.518, 0.600082, 94.3052
4156, 69.26667, 46.0541, 35.9104, 221.977, -108.739, 199.92, 77.6696, 1.18043, -14.0318, 0.556592, 176.591, 0.599187, 94.4337
4157, 69.27500, 46.0795, 36.0888, 221.728, -108.836, 199.449, 77.532, 1.18029, -14.0562, 0.553855, 176.665, 0.598303, 94.5625
4157, 69.28333, 46.1067, 36.2668, 221.48, -108.934, 198.979, 77.3949, 1.18015, -14.0805, 0.551134, 176.741, 0.597432, 94.6916
4158, 69.29166, 46.1356, 36.4445, 221.233, -109.03, 198.51, 77.2585, 1.18001, -14.1049, 0.548429, 176.819, 0.596573, 94.821
4158, 69.30000, 46.1662, 36.6217, 220.987, -109.126, 198.041, 77.1227, 1.17988, -14.1291, 0.545739, 176.899, 0.595727, 94.9507
4159, 69.30833, 46.1986, 36.7985, 220.741, -109.222, 197.573, 76.9875, 1.17974, -14.1534, 0.543065, 176.98, 0.594892, 95.0807
4159, 69.31667, 46.2326, 36.9749, 220.496, -109.317, 197.106, 76.8528, 1.17961, -14.1776, 0.540407, 177.063, 0.59407, 95.211
4160, 69.32500, 46.2683, 37.1508, 220.252, -109.412, 196.64, 76.7188, 1.17948, -14.2018, 0.537766, 177.147, 0.59326, 95.3415
4160, 69.33334, 46.3058, 37.3262, 220.009, -109.505, 196.175, 76.5854, 1.17935, -14.2259, 0.53514, 177.233, 0.592461, 95.4722
4161, 69.34167, 46.3449, 37.5011, 219.766, -109.599, 195.71, 76.4526, 1.17922, -14.2501, 0.532529, 177.321, 0.591674, 95.6032
4161, 69.35000, 46.3857, 37.6754, 219.525, -109.692, 195.246, 76.3203, 1.17909, -14.2742, 0.529935, 177.411, 0.5909, 95.7345
4162, 69.35833, 46.4282, 37.8491, 219.284, -109.784, 194.783, 76.1887, 1.17897, -14.2983, 0.527357, 177.502, 0.590137, 95.8659
4162, 69.36667, 46.4723, 38.0223, 219.044, -109.876, 194.32, 76.0577, 1.17885, -14.3223, 0.524795, 177.595, 0.589385, 95.9975
4162, 69.37500, 46.5181, 38.1948, 218.805, -109.967, 193.859, 75.9272, 1.17873, -14.3464, 0.522248, 177.69, 0.588646, 96.1293
4163, 69.38333, 46.5656, 38.3666, 218.566, -110.058, 193.398, 75.7973, 1.17861, -14.3704, 0.519718, 177.786, 0.587918, 96.2613
4164, 69.39167, 46.6147, 38.5378, 218.329, -110.149, 192.938, 75.668, 1.17849, -14.3944, 0.517203, 177.885, 0.587201, 96.3935
4164, 69.40000, 46.6654, 38.7083, 218.092, -110.239, 192.479, 75.5394, 1.17838, -14.4184, 0.514705, 177.984, 0.586496, 96.5258
4165, 69.40833, 46.7177, 38.878, 217.856, -110.328, 192.02, 75.4112, 1.17826, -14.4423, 0.512223, 178.086, 0.585803, 96.6583
4165, 69.41666, 46.7717, 39.0471, 217.621, -110.417, 191.563, 75.2837, 1.17815, -14.4663, 0.509756, 178.189, 0.58512, 96.7909
4166, 69.42500, 46.8273, 39.2153, 217.387, -110.505, 191.106, 75.1567, 1.17804, -14.4902, 0.507306, 178.294, 0.584449, 96.9236
4166, 69.43333, 46.8845, 39.3828, 217.154, -110.593, 190.651, 75.0304, 1.17794, -14.5142, 0.504871, 178.4, 0.583789, 97.0565
4167, 69.44167, 46.9433, 39.5494, 216.922, -110.68, 190.196, 74.9045, 1.17783, -14.5381, 0.502453, 178.508, 0.583141, 97.1894
4167, 69.45000, 47.0037, 39.7152, 216.691, -110.767, 189.742, 74.7793, 1.17773, -14.562, 0.50005, 178.618, 0.582503, 97.3225
4168, 69.45834, 47.0657, 39.8802, 216.46, -110.853, 189.288, 74.6546, 1.17763, -14.586, 0.497664, 178.73, 0.581876, 97.4556
4168, 69.46667, 47.1292, 40.0443, 216.231, -110.939, 188.836, 74.5305, 1.17753, -14.6099, 0.495293, 178.843, 0.581261, 97.5889
4169, 69.47500, 47.1943, 40.2076, 216.003, -111.025, 188.385, 74.407, 1.17743, -14.6338, 0.492938, 178.958, 0.580656, 97.7222
4169, 69.48333, 47.261, 40.3699, 215.775, -111.11, 187.934, 74.284, 1.17733, -14.6577, 0.4906, 179.074, 0.580062, 97.8555
4170, 69.49167, 47.3292, 40.5313, 215.549, -111.194, 187.484, 74.1616, 1.17724, -14.6817, 0.488277, 179.193, 0.579478, 97.9889
4170, 69.50000, 47.3989, 40.6917, 215.323, -111.278, 187.036, 74.0398, 1.17715, -14.7056, 0.48597, 179.313, 0.578906, 98.1223
4170, 69.50833, 47.4702, 40.8512, 215.098, -111.362, 186.588, 73.9185, 1.17706, -14.7295, 0.48368, 179.434, 0.578344, 98.2558
4171, 69.51667, 47.543, 41.0098, 214.875, -111.445, 186.141, 73.7978, 1.17697, -14.7535, 0.481405, 179.557, 0.577792, 98.3893
4172, 69.52500, 47.6173, 41.1673, 214.652, -111.528, 185.695, 73.6777, 1.17688, -14.7775, 0.479146, 179.682, 0.577251, 98.5228
4172, 69.53333, 47.6931, 41.3238, 214.43, -111.61, 185.25, 73.558, 1.1768, -14.8014, 0.476903, 179.808, 0.57672, 98.6563
4173, 69.54166, 47.7704, 41.4793, 214.21, -111.692, 184.805, 73.439, 1.17671, -14.8254, 0.474675, 179.937, 0.5762, 98.7898
4173, 69.55000, 47.8492, 41.6338, 213.99, -111.773, 184.362, 73.3205, 1.17663, -14.8494, 0.472464, -179.934, 0.57569, 98.9232
4174, 69.55833, 47.9294, 41.7871, 213.772, -111.854, 183.92, 73.2025, 1.17655, -14.8734, 0.470269, -179.802, 0.57519, 99.0567
4174, 69.56667, 48.0112, 41.9395, 213.554, -111.934, 183.478, 73.0851, 1.17648, -14.8974, 0.468089, -179.669, 0.5747, 99.1901
4175, 69.57500, 48.0943, 42.0907, 213.337, -112.014, 183.038, 72.9683, 1.1764, -14.9215, 0.465925, -179.535, 0.574221, 99.3235
4175, 69.58334, 48.1789, 42.2409, 213.122, -112.094, 182.598, 72.852, 1.17633, -14.9456, 0.463777, -179.399, 0.573751, 99.4568
4176, 69.59167, 48.265, 42.3899, 212.907, -112.173, 182.16, 72.7362, 1.17626, -14.9697, 0.461645, -179.261, 0.573291, 99.59
4176, 69.60000, 48.3524, 42.5378, 212.694, -112.251, 181.722, 72.621, 1.17619, -14.9938, 0.459528, -179.121, 0.572841, 99.7232
4177, 69.60833, 48.4413, 42.6846, 212.481, -112.33, 181.285, 72.5063, 1.17612, -15.0179, 0.457428, -178.98, 0.572401, 99.8563
4177, 69.61667, 48.5316, 42.8302, 212.27, -112.407, 180.85, 72.3921, 1.17606, -15.0421, 0.455342, -178.838, 0.57197, 99.9894
4178, 69.62500, 48.6233, 42.9747, 212.06, -112.485, 180.415, 72.2785, 1.176, -15.0663, 0.453273, -178.694, 0.571549, 100.122
4178, 69.63333, 48.7163, 43.118, 211.851, -112.562, 179.981, 72.1655, 1.17593, -15.0906, 0.451219, -178.548, 0.571137, 100.255
4178, 69.64167, 48.8108, 43.2601, 211.642, -112.638, 179.548, 72.0529, 1.17587, -15.1148, 0.449181, -178.4, 0.570736, 100.388
4179, 69.65000, 48.9066, 43.401, 211.435, -112.714, 179.116, 71.9409, 1.17582, -15.1392, 0.447159, -178.252, 0.570343, 100.521
4180, 69.65833, 49.0037, 43.5407, 211.229, -112.79, 178.685, 71.8294, 1.17576, -15.1635, 0.445152, -178.101, 0.56996, 100.653
4180, 69.66666, 49.1022, 43.6793, 211.024, -112.866, 178.255, 71.7185, 1.17571, -15.1879, 0.44316, -177.949, 0.569586, 100.785
4181, 69.67500, 49.2021, 43.8165, 210.821, -112.941, 177.826, 71.6081, 1.17566, -15.2123, 0.441185, -177.795, 0.569221, 100.918
4181, 69.68333, 49.3032, 43.9526, 210.618, -113.015, 177.398, 71.4982, 1.17561, -15.2368, 0.439224, -177.64, 0.568865, 101.05
4182, 69.69167, 49.4057, 44.0874, 210.416, -113.089, 176.971, 71.3888, 1.17556, -15.2613, 0.437279, -177.484, 0.568519, 101.182
4182, 69.70000, 49.5095, 44.221, 210.216, -113.163, 176.545, 71.2799, 1.17551, -15.2858, 0.43535, -177.325, 0.568181, 101.313
4183, 69.70834, 49.6146, 44.3533, 210.016, -113.236, 176.12, 71.1716, 1.17547, -15.3104, 0.433436, -177.166, 0.567852, 101.445
4183, 69.71667, 49.7209, 44.4844, 209.818, -113.309, 175.696, 71.0638, 1.17543, -15.3351, 0.431537, -177.004, 0.567532, 101.576
4184, 69.72500, 49.8286, 44.6141, 209.621, -113.382, 175.273, 70.9565, 1.17539, -15.3598, 0.429654, -176.842, 0.567221, 101.708
4184, 69.73333, 49.9375, 44.7426, 209.425, -113.454, 174.851, 70.8497, 1.17535, -15.3845, 0.427786, -176.677, 0.566919, 101.839
4185, 69.74167, 50.0476, 44.8699, 209.23, -113.526, 174.43, 70.7435, 1.17531, -15.4093, 0.425933, -176.512, 0.566625, 101.97
4185, 69.75000, 50.159, 44.9958, 209.036, -113.598, 174.01, 70.6377, 1.17528, -15.4342, 0.424095, -176.344, 0.56634, 102.1
4186, 69.75833, 50.2716, 45.1204, 208.843, -113.669, 173.591, 70.5325, 1.17524, -15.4591, 0.422273, -176.176, 0.566063, 102.231
4186, 69.76667, 50.3855, 45.2438, 208.652, -113.74, 173.173, 70.4277, 1.17521, -15.4841, 0.420465, -176.006, 0.565794, 102.361
4186, 69.77500, 50.5006, 45.3658, 208.461, -113.81, 172.756, 70.3235, 1.17518, -15.5091, 0.418673, -175.834, 0.565534, 102.491
4187, 69.78333, 50.6168, 45.4866, 208.272, -113.88, 172.34, 70.2198, 1.17516, -15.5342, 0.416896, -175.661, 0.565283, 102.621
4188, 69.79166, 50.7343, 45.606, 208.084, -113.95, 171.925, 70.1166, 1.17513, -15.5593, 0.415133, -175.486, 0.565039, 102.75
4188, 69.80000, 50.853, 45.7241, 207.897, -114.019, 171.511, 70.0139, 1.17511, -15.5846, 0.413386, -175.31, 0.564803, 102.88
4189, 69.80833, 50.9728, 45.8408, 207.711, -114.088, 171.099, 69.9117, 1.17509, -15.6098, 0.411654, -175.133, 0.564576, 103.009
4189, 69.81667, 51.0938, 45.9563, 207.526, -114.157, 170.687, 69.81, 1.17507, -15.6352, 0.409936, -174.954, 0.564357, 103.138
4190, 69.82500, 51.2159, 46.0704, 207.343, -114.225, 170.276, 69.7089, 1.17505, -15.6606, 0.408233, -174.774, 0.564145, 103.266
4190, 69.83334, 51.3392, 46.1832, 207.16, -114.293, 169.866, 69.6082, 1.17503, -15.6861, 0.406545, -174.593, 0.563941, 103.395
4191, 69.84167, 51.4636, 46.2947, 206.979, -114.361, 169.457, 69.508, 1.17502, -15.7117, 0.404872, -174.41, 0.563746, 103.523
4191, 69.85000, 51.5891, 46.4048, 206.799, -114.428, 169.049, 69.4083, 1.175, -15.7373, 0.403214, -174.225, 0.563557, 103.651
4191, 69.85833, 51.7158, 46.5136, 206.62, -114.495, 168.642, 69.3091, 1.17499, -15.763, 0.40157, -174.04, 0.563377, 103.778
4192, 69.86667, 51.8435, 46.6211, 206.443, -114.562, 168.236, 69.2103, 1.17498, -15.7888, 0.39994, -173.853, 0.563204, 103.906
4193, 69.87500, 51.9724, 46.7272, 206.266, -114.628, 167.832, 69.1121, 1.17498, -15.8147, 0.398325, -173.664, 0.563038, 104.033
4193, 69.88333, 52.1023, 46.8319, 206.091, -114.694, 167.428, 69.0144, 1.17497, -15.8406, 0.396725, -173.474, 0.56288, 104.159
4194, 69.89167, 52.2333, 46.9354, 205.916, -114.76, 167.025, 68.9172, 1.17497, -15.8666, 0.395139, -173.283, 0.56273, 104.286
4194, 69.90000, 52.3654, 47.0375, 205.743, -114.825, 166.623, 68.8204, 1.17496, -15.8927, 0.393568, -173.091, 0.562586, 104.412
4194, 69.90833, 52.4985, 47.1382, 205.572, -114.891, 166.223, 68.7242, 1.17496, -15.9189, 0.39201, -172.897, 0.56245, 104.538
4195, 69.91666, 52.6327, 47.2376, 205.401, -114.955, 165.823, 68.6284, 1.17496, -15.9452, 0.390467, -172.703, 0.562321, 104.663
4196, 69.92500, 52.7679, 47.3356, 205.231, -115.02, 165.424, 68.5331, 1.17497, -15.9716, 0.388939, -172.506, 0.5622, 104.789
4196, 69.93333, 52.9041, 47.4324, 205.063, -115.084, 165.027, 68.4383, 1.17497, -15.998, 0.387424, -172.309, 0.562085, 104.913
4197, 69.94167, 53.0414, 47.5277, 204.896, -115.148, 164.63, 68.3439, 1.17498, -16.0246, 0.385923, -172.11, 0.561977, 105.038
4197, 69.95000, 53.1797, 47.6217, 204.73, -115.212, 164.235, 68.2501, 1.17499, -16.0512, 0.384437, -171.91, 0.561876, 105.162
4198, 69.95834, 53.3189, 47.7144, 204.566, -115.275, 163.84, 68.1567, 1.175, -16.0779, 0.382965, -171.709, 0.561782, 105.286
4198, 69.96667, 53.4592, 47.8058, 204.402, -115.338, 163.447, 68.0638, 1.17501, -16.1048, 0.381506, -171.506, 0.561695, 105.41
4199, 69.97500, 53.6004, 47.8958, 204.24, -115.401, 163.054, 67.9714, 1.17502, -16.1317, 0.380061, -171.303, 0.561614, 105.533
4199, 69.98333, 53.7426, 47.9844, 204.079, -115.463, 162.663, 67.8795, 1.17503, -16.1587, 0.37863, -171.098, 0.56154, 105.656
4199, 69.99167, 53.8858, 48.0718, 203.919, -115.526, 162.272, 67.788, 1.17505, -16.1858, 0.377213, -170.892, 0.561473, 105.779
4200, 70.00000, 54.0299, 48.1578, 203.76, -115.587, 161.883, 67.697, 1.17507, -16.213, 0.375809, -170.685, 0.561412, 105.901
4201, 70.00833, 54.1749, 48.2424, 203.602, -115.649, 161.495, 67.6065, 1.17509, -16.2403, 0.37442, -170.476, 0.561357, 106.023
4201, 70.01667, 54.3209, 48.3258, 203.446, -115.711, 161.108, 67.5164, 1.17511, -16.2678, 0.373043, -170.267, 0.561309, 106.145
4202, 70.02500, 54.4678, 48.4078, 203.291, -115.772, 160.721, 67.4268, 1.17513, -16.2953, 0.37168, -170.056, 0.561268, 106.266
4202, 70.03333, 54.6157, 48.4884, 203.137, -115.833, 160.336, 67.3377, 1.17515, -16.3229, 0.370331, -169.845, 0.561232, 106.387
4203, 70.04166, 54.7644, 48.5678, 202.984, -115.893, 159.952, 67.2491, 1.17518, -16.3507, 0.368995, -169.632, 0.561203, 106.508
4203, 70.05000, 54.9141, 48.6458, 202.833, -115.954, 159.569, 67.1609, 1.1752, -16.3785, 0.367672, -169.418, 0.56118, 106.628
4204, 70.05833, 55.0646, 48.7225, 202.682, -116.014, 159.187, 67.0732, 1.17523, -16.4065, 0.366362, -169.203, 0.561163, 106.748
4204, 70.06667, 55.216, 48.7979, 202.533, -116.074, 158.806, 66.9859, 1.17526, -16.4345, 0.365066, -168.986, 0.561152, 106.867
4205, 70.07500, 55.3683, 48.872, 202.385, -116.133, 158.426, 66.8991, 1.17529, -16.4627, 0.363782, -168.769, 0.561147, 106.986
4205, 70.08334, 55.5214, 48.9448, 202.238, -116.193, 158.047, 66.8128, 1.17532, -16.491, 0.362512, -168.551, 0.561148, 107.105
4206, 70.09167, 55.6754, 49.0163, 202.093, -116.252, 157.669, 66.7269, 1.17536, -16.5194, 0.361255, -168.332, 0.561155, 107.223
4206, 70.10000, 55.8303, 49.0865, 201.949, -116.311, 157.292, 66.6415, 1.17539, -16.548, 0.36001, -168.111, 0.561167, 107.341
4207, 70.10833, 55.986, 49.1553, 201.806, -116.37, 156.916, 66.5565, 1.17543, -16.5766, 0.358779, -167.89, 0.561185, 107.459
4207, 70.11667, 56.1425, 49.2229, 201.664, -116.428, 156.541, 66.472, 1.17547, -16.6054, 0.35756, -167.668, 0.561209, 107.576
4207, 70.12500, 56.2998, 49.2892, 201.523, -116.486, 156.167, 66.388, 1.1755, -16.6343, 0.356354, -167.445, 0.561239, 107.693
4208, 70.13333, 56.458, 49.3543, 201.383, -116.545, 155.794, 66.3044, 1.17555, -16.6633, 0.35516, -167.22, 0.561274, 107.81
4209, 70.14167, 56.617, 49.418, 201.245, -116.602, 155.423, 66.2213, 1.17559, -16.6924, 0.353979, -166.995, 0.561314, 107.926
4209, 70.15000, 56.7767, 49.4804, 201.108, -116.66, 155.052, 66.1386, 1.17563, -16.7217, 0.35281, -166.769, 0.56136, 108.042
4210, 70.15833, 56.9373, 49.5416, 200.972, -116.717, 154.682, 66.0564, 1.17567, -16.7511, 0.351654, -166.542, 0.561412, 108.157
4210, 70.16666, 57.0986, 49.6015, 200.837, -116.775, 154.314, 65.9746, 1.17572, -16.7806, 0.35051, -166.314, 0.561468, 108.272
4211, 70.17500, 57.2607, 49.6602, 200.704, -116.832, 153.946, 65.8932, 1.17577, -16.8102, 0.349379, -166.085, 0.56153, 108.387
4211, 70.18333, 57.4236, 49.7176, 200.572, -116.889, 153.579, 65.8124, 1.17581, -16.84, 0.34826, -165.855, 0.561598, 108.501
4212, 70.19167, 57.5872, 49.7737, 200.441, -116.945, 153.214, 65.7319, 1.17586, -16.8699, 0.347152, -165.624, 0.56167, 108.615
4212, 70.20000, 57.7516, 49.8286, 200.311, -117.002, 152.849, 65.6519, 1.17591, -16.9, 0.346057, -165.393, 0.561747, 108.728
4213, 70.20834, 57.9167, 49.8823, 200.182, -117.058, 152.486, 65.5724, 1.17597, -16.9301, 0.344974, -165.16, 0.56183, 108.841
4213, 70.21667, 58.0826, 49.9347, 200.055, -117.114, 152.123, 65.4933, 1.17602, -16.9605, 0.343902, -164.927, 0.561918, 108.954
4214, 70.22500, 58.2492, 49.9858, 199.928, -117.17, 151.762, 65.4146, 1.17607, -16.9909, 0.342843, -164.693, 0.56201, 109.066
4214, 70.23333, 58.4165, 50.0358, 199.803, -117.225, 151.401, 65.3364, 1.17613, -17.0215, 0.341795, -164.458, 0.562107, 109.178
4215, 70.24167, 58.5845, 50.0845, 199.679, -117.281, 151.042, 65.2586, 1.17618, -17.0522, 0.340759, -164.223, 0.56221, 109.289
4215, 70.25000, 58.7532, 50.132, 199.557, -117.336, 150.684, 65.1813, 1.17624, -17.0831, 0.339735, -163.986, 0.562317, 109.401
4215, 70.25833, 58.9226, 50.1783, 199.435, -117.391, 150.326, 65.1044, 1.1763, -17.1141, 0.338722, -163.749, 0.562428, 109.511
4216, 70.26667, 59.0927, 50.2233, 199.315, -117.446, 149.97, 65.0279, 1.17636, -17.1453, 0.33772, -163.511, 0.562545, 109.621
4217, 70.27500, 59.2635, 50.2672, 199.196, -117.501, 149.615, 64.9519, 1.17642, -17.1766, 0.33673, -163.272, 0.562666, 109.731
4217, 70.28333, 59.435, 50.3099, 199.078, -117.556, 149.26, 64.8763, 1.17648, -17.208, 0.335752, -163.033, 0.562791, 109.841
4218, 70.29166, 59.6071, 50.3513, 198.961, -117.611, 148.907, 64.8012, 1.17654, -17.2396, 0.334784, -162.792, 0.562922, 109.95
4218, 70.30000, 59.7799, 50.3916, 198.846, -117.665, 148.555, 64.7264, 1.1766, -17.2713, 0.333828, -162.551, 0.563056, 110.059
4219, 70.30833, 59.9534, 50.4307, 198.732, -117.719, 148.204, 64.6522, 1.17667, -17.3032, 0.332882, -162.31, 0.563196, 110.167
4219, 70.31667, 60.1275, 50.4687, 198.618, -117.773, 147.854, 64.5783, 1.17673, -17.3353, 0.331948, -162.067, 0.563339, 110.275
4220, 70.32500, 60.3022, 50.5054, 198.507, -117.827, 147.504, 64.5049, 1.1768, -17.3674, 0.331025, -161.824, 0.563487, 110.382
4220, 70.33334, 60.4776, 50.541, 198.396, -117.881, 147.156, 64.4319, 1.17686, -17.3998, 0.330112, -161.581, 0.563639, 110.489
4221, 70.34167, 60.6536, 50.5754, 198.286, -117.935, 146.809, 64.3593, 1.17693, -17.4323, 0.329211, -161.336, 0.563796, 110.596
4221, 70.35000, 60.8302, 50.6087, 198.178, -117.988, 146.463, 64.2872, 1.177, -17.4649, 0.32832, -161.091, 0.563956, 110.702
4222, 70.35833, 61.0074, 50.6408, 198.071, -118.041, 146.118, 64.2155, 1.17707, -17.4977, 0.327439, -160.846, 0.564121, 110.808
4222, 70.36667, 61.1853, 50.6718, 197.965, -118.095, 145.774, 64.1442, 1.17714, -17.5307, 0.32657, -160.6, 0.56429, 110.914
4223, 70.37500, 61.3637, 50.7016, 197.86, -118.148, 145.431, 64.0734, 1.17721, -17.5638, 0.32571, -160.353, 0.564463, 111.019
4223, 70.38333, 61.5427, 50.7303, 197.756, -118.201, 145.089, 64.003, 1.17728, -17.5971, 0.324862, -160.105, 0.56464, 111.124
4223, 70.39167, 61.7224, 50.7579, 197.654, -118.254, 144.748, 63.933, 1.17735, -17.6306, 0.324023, -159.857, 0.564821, 111.228
4224, 70.40000, 61.9026, 50.7844, 197.552, -118.306, 144.408, 63.8634, 1.17742, -17.6642, 0.323195, -159.609, 0.565006, 111.332
4225, 70.40833, 62.0833, 50.8097, 197.452, -118.359, 144.069, 63.7942, 1.1775, -17.6979, 0.322377, -159.36, 0.565195, 111.435
4225, 70.41666, 62.2647, 50.8339, 197.353, -118.412, 143.731, 63.7255, 1.17757, -17.7319, 0.321569, -159.11, 0.565388, 111.538
4226, 70.42500, 62.4466, 50.8571, 197.256, -118.464, 143.394, 63.6572, 1.17764, -17.766, 0.320771, -158.86, 0.565585, 111.641
4226, 70.43333, 62.6291, 50.8791, 197.159, -118.516, 143.058, 63.5893, 1.17772, -17.8002, 0.319983, -158.609, 0.565785, 111.743
4227, 70.44167, 62.8121, 50.9, 197.064, -118.569, 142.723, 63.5218, 1.1778, -17.8347, 0.319205, -158.358, 0.565989, 111.845
4227, 70.45000, 62.9956, 50.9199, 196.969, -118.621, 142.389, 63.4548, 1.17787, -17.8693, 0.318437, -158.106, 0.566197, 111.947
4228, 70.45834, 63.1797, 50.9386, 196.876, -118.673, 142.056, 63.3881, 1.17795, -17.904, 0.317679, -157.854, 0.566409, 112.048
4228, 70.46667, 63.3643, 50.9563, 196.784, -118.725, 141.724, 63.3219, 1.17802, -17.939, 0.31693, -157.601, 0.566624, 112.148
4229, 70.47500, 63.5495, 50.9729, 196.693, -118.777, 141.393, 63.2561, 1.1781, -17.9741, 0.316191, -157.348, 0.566842, 112.249
4229, 70.48333, 63.7351, 50.9885, 196.604, -118.828, 141.063, 63.1907, 1.17818, -18.0094, 0.315462, -157.095, 0.567065, 112.349
4230, 70.49167, 63.9213, 51.003, 196.515, -118.88, 140.734, 63.1257, 1.17826, -18.0448, 0.314742, -156.841, 0.56729, 112.448
4230, 70.50000, 64.108, 51.0164, 196.428, -118.932, 140.406, 63.0612, 1.17834, -18.0805, 0.314031, -156.586, 0.56752, 112.547
4231, 70.50833, 64.2952, 51.0288, 196.342, -118.983, 140.08, 62.997, 1.17842, -18.1163, 0.31333, -156.331, 0.567752, 112.646
4231, 70.51667, 64.4829, 51.0401, 196.257, -119.035, 139.754, 62.9333, 1.1785, -18.1523, 0.312638, -156.076, 0.567988, 112.744
4231, 70.52500, 64.671, 51.0505, 196.173, -119.086, 139.429, 62.87, 1.17858, -18.1884, 0.311955, -155.82, 0.568228, 112.842
4232, 70.53333, 64.8596, 51.0597, 196.09, -119.137, 139.105, 62.8071, 1.17866, -18.2248, 0.311281, -155.564, 0.56847, 112.94
4233, 70.54166, 65.0488, 51.068, 196.008, -119.189, 138.782, 62.7445, 1.17874, -18.2613, 0.310616, -155.307, 0.568717, 113.037
4233, 70.55000, 65.2384, 51.0752, 195.928, -119.24, 138.46, 62.6824, 1.17882, -18.298, 0.309961, -155.05, 0.568966, 113.134
4234, 70.55833, 65.4284, 51.0814, 195.848, -119.291, 138.139, 62.6208, 1.1789, -18.3349, 0.309314, -154.793, 0.569218, 113.23
4234, 70.56667, 65.619, 51.0866, 195.77, -119.342, 137.819, 62.5595, 1.17898, -18.372, 0.308676, -154.535, 0.569474, 113.326
4235, 70.57500, 65.81, 51.0909, 195.693, -119.393, 137.5, 62.4986, 1.17906, -18.4092, 0.308047, -154.277, 0.569733, 113.422
4235, 70.58334, 66.0014, 51.0941, 195.617, -119.444, 137.182, 62.4381, 1.17914, -18.4467, 0.307427, -154.019, 0.569995, 113.517
4236, 70.59167, 66.1933, 51.0963, 195.542, -119.495, 136.865, 62.3781, 1.17922, -18.4843, 0.306815, -153.76, 0.57026, 113.612
4236, 70.60000, 66.3856, 51.0975, 195.468, -119.546, 136.549, 62.3184, 1.1793, -18.5221, 0.306212, -153.501, 0.570528, 113.706
4237, 70.60833, 66.5783, 51.0978, 195.396, -119.597, 136.234, 62.2592, 1.17938, -18.5601, 0.305617, -153.242, 0.570799, 113.8
4237, 70.61667, 66.7715, 51.097, 195.324, -119.648, 135.92, 62.2003, 1.17946, -18.5983, 0.305031, -152.982, 0.571073, 113.894
4238, 70.62500, 66.9651, 51.0953, 195.254, -119.699, 135.607, 62.1419, 1.17955, -18.6367, 0.304453, -152.722, 0.57135, 113.987
4238, 70.63333, 67.1591, 51.0927, 195.184, -119.749, 135.295, 62.0838, 1.17963, -18.6752, 0.303884, -152.462, 0.57163, 114.08
4239, 70.64167, 67.3535, 51.089, 195.116, -119.8, 134.984, 62.0262, 1.17971, -18.714, 0.303323, -152.201, 0.571913, 114.172
4239, 70.65000, 67.5484, 51.0845, 195.049, -119.851, 134.674, 61.9689, 1.17979, -18.7529, 0.30277, -151.941, 0.572198, 114.265
4239, 70.65833, 67.7436, 51.0789, 194.983, -119.901, 134.365, 61.9121, 1.17987, -18.7921, 0.302225, -151.68, 0.572487, 114.356
4240, 70.66666, 67.9393, 51.0724, 194.918, -119.952, 134.057, 61.8556, 1.17995, -18.8314, 0.301689, -151.418, 0.572778, 114.448
4241, 70.67500, 68.1353, 51.065, 194.854, -120.003, 133.75, 61.7995, 1.18003, -18.871, 0.30116, -151.157, 0.573072, 114.539
4241, 70.68333, 68.3317, 51.0567, 194.791, -120.053, 133.444, 61.7439, 1.18011, -18.9107, 0.30064, -150.895, 0.573369, 114.629
4242, 70.69167, 68.5285, 51.0474, 194.73, -120.104, 133.138, 61.6886, 1.18019, -18.9506, 0.300127, -150.632, 0.573669, 114.72
4242, 70.70000, 68.7256, 51.0372, 194.669, -120.155, 132.834, 61.6338, 1.18027, -18.9907, 0.299622, -150.37, 0.573971, 114.81
4243, 70.70834, 68.9232, 51.0261, 194.61, -120.205, 132.531, 61.5793, 1.18035, -19.0311, 0.299125, -150.107, 0.574276, 114.899
4243, 70.71667, 69.1211, 51.0141, 194.551, -120.256, 132.229, 61.5252, 1.18043, -19.0716, 0.298636, -149.845, 0.574583, 114.988
4244, 70.72500, 69.3193, 51.0011, 194.494, -120.306, 131.927, 61.4715, 1.18051, -19.1123, 0.298154, -149.582, 0.574894, 115.077
4244, 70.73333, 69.518, 50.9873, 194.437, -120.357, 131.627, 61.4182, 1.18059, -19.1532, 0.29768, -149.318, 0.575206, 115.165
4245, 70.74167, 69.7169, 50.9726, 194.382, -120.408, 131.328, 61.3653, 1.18067, -19.1943, 0.297214, -149.055, 0.575522, 115.254
4245, 70.75000, 69.9163, 50.9569, 194.328, -120.458, 131.029, 61.3128, 1.18074, -19.2357, 0.296755, -148.791, 0.57584, 115.341
4246, 70.75833, 70.1159, 50.9404, 194.275, -120.509, 130.732, 61.2607, 1.18082, -19.2772, 0.296304, -148.527, 0.57616, 115.429
4246, 70.76667, 70.3159, 50.923, 194.223, -120.56, 130.436, 61.209, 1.1809, -19.3189, 0.29586, -148.263, 0.576483, 115.516
4247, 70.77500, 70.5162, 50.9047, 194.172, -120.61, 130.14, 61.1576, 1.18097, -19.3609, 0.295424, -147.999, 0.576808, 115.602
4247, 70.78333, 70.7169, 50.8856, 194.122, -120.661, 129.846, 61.1067, 1.18105, -19.403, 0.294994, -147.734, 0.577136, 115.688
4247, 70.79166, 70.9179, 50.8656, 194.073, -120.712, 129.552, 61.0561, 1.18113, -19.4454, 0.294573, -147.47, 0.577466, 115.774
4248, 70.80000, 71.1192, 50.8447, 194.025, -120.762, 129.26, 61.0059, 1.1812, -19.4879, 0.294158, -147.205, 0.577799, 115.86
4249, 70.80833, 71.3208, 50.8229, 193.978, -120.813, 128.968, 60.9562, 1.18127, -19.5307, 0.293751, -146.94, 0.578134, 115.945
4249, 70.81667, 71.5227, 50.8003, 193.932, -120.864, 128.678, 60.9067, 1.18135, -19.5737, 0.29335, -146.675, 0.578471, 116.03
4250, 70.82500, 71.7249, 50.7769, 193.887, -120.915, 128.388, 60.8577, 1.18142, -19.6169, 0.292957, -146.409, 0.578811, 116.114
4250, 70.83334, 71.9274, 50.7526, 193.843, -120.966, 128.099, 60.8091, 1.18149, -19.6603, 0.292571, -146.144, 0.579153, 116.199
4251, 70.84167, 72.1302, 50.7275, 193.8, -121.017, 127.811, 60.7608, 1.18156, -19.7039, 0.292192, -145.878, 0.579497, 116.282
4251, 70.85000, 72.3333, 50.7015, 193.759, -121.068, 127.525, 60.713, 1.18163, -19.7477, 0.29182, -145.613, 0.579844, 116.366
4252, 70.85833, 72.5367, 50.6747, 193.718, -121.119, 127.239, 60.6655, 1.1817, -19.7917, 0.291455, -145.347, 0.580193, 116.449
4252, 70.86667, 72.7404, 50.6471, 193.678, -121.17, 126.954, 60.6184, 1.18177, -19.836, 0.291097, -145.081, 0.580544, 116.532
4253, 70.87500, 72.9443, 50.6187, 193.639, -121.221, 126.67, 60.5716, 1.18183, -19.8804, 0.290745, -144.814, 0.580897, 116.614
4253, 70.88333, 73.1485, 50.5894, 193.601, -121.272, 126.387, 60.5253, 1.1819, -19.9251, 0.290401, -144.548, 0.581253, 116.696
4254, 70.89167, 73.353, 50.5593, 193.564, -121.323, 126.105, 60.4793, 1.18197, -19.97, 0.290063, -144.282, 0.58161, 116.778
4254, 70.90000, 73.5577, 50.5284, 193.529, -121.375, 125.824, 60.4337, 1.18203, -20.0151, 0.289732, -144.015, 0.58197, 116.859
4255, 70.90833, 73.7627, 50.4968, 193.494, -121.426, 125.544, 60.3885, 1.18209, -20.0604, 0.289408, -143.748, 0.582332, 116.94
4255, 70.91666, 73.9679, 50.4643, 193.46, -121.477, 125.265, 60.3437, 1.18216, -20.1059, 0.28909, -143.481, 0.582696, 117.021
4255, 70.92500, 74.1734, 50.431, 193.427, -121.529, 124.987, 60.2992, 1.18222, -20.1517, 0.288779, -143.215, 0.583062, 117.101
4256, 70.93333, 74.3791, 50.3969, 193.395, -121.58, 124.71, 60.2551, 1.18228, -20.1977, 0.288475, -142.947, 0.58343, 117.181
4257, 70.94167, 74.5851, 50.3621, 193.364, -121.632, 124.433, 60.2114, 1.18234, -20.2439, 0.288177, -142.68, 0.583801, 117.261
4257, 70.95000, 74.7913, 50.3264, 193.334, -121.684, 124.158, 60.1681, 1.18239, -20.2903, 0.287886, -142.413, 0.584173, 117.34
4258, 70.95834, 74.9977, 50.29, 193.305, -121.735, 123.884, 60.1251, 1.18245, -20.3369, 0.287601, -142.146, 0.584547, 117.42
4258, 70.96667, 75.2044, 50.2528, 193.276, -121.787, 123.61, 60.0825, 1.1825, -20.3838, 0.287323, -141.878, 0.584924, 117.498
4259, 70.97500, 75.4112, 50.2149, 193.249, -121.839, 123.338, 60.0403, 1.18256, -20.4308, 0.287051, -141.611, 0.585302, 117.577
4259, 70.98333, 75.6183, 50.1761, 193.223, -121.891, 123.066, 59.9984, 1.18261, -20.4781, 0.286786, -141.343, 0.585682, 117.655
4260, 70.99167, 75.8256, 50.1366, 193.198, -121.943, 122.795, 59.957, 1.18266, -20.5257, 0.286527, -141.075, 0.586065, 117.732
4260, 71.00000, 76.0331, 50.0964, 193.173, -121.995, 122.526, 59.9158, 1.18271, -20.5734, 0.286275, -140.807, 0.586449, 117.81
4261, 71.00833, 76.2408, 50.0554, 193.15, -122.048, 122.257, 59.8751, 1.18276, -20.6214, 0.286029, -140.539, 0.586835, 117.887
4261, 71.01667, 76.4488, 50.0136, 193.127, -122.1, 121.989, 59.8347, 1.18281, -20.6696, 0.285789, -140.271, 0.587224, 117.964
4262, 71.02500, 76.6569, 49.9711, 193.105, -122.153, 121.722, 59.7947, 1.18285, -20.718, 0.285555, -140.003, 0.587614, 118.04
4262, 71.03333, 76.8651, 49.9279, 193.085, -122.205, 121.456, 59.7551, 1.18289, -20.7666, 0.285328, -139.735, 0.588006, 118.116
4263, 71.04166, 77.0736, 49.8839, 193.065, -122.258, 121.191, 59.7158, 1.18294, -20.8155, 0.285108, -139.467, 0.5884, 118.192
4263, 71.05000, 77.2823, 49.8392, 193.046, -122.311, 120.927, 59.6769, 1.18298, -20.8646, 0.284893, -139.198, 0.588795, 118.268
4263, 71.05833, 77.4911, 49.7938, 193.028, -122.364, 120.664, 59.6383, 1.18302, -20.9139, 0.284685, -138.93, 0.589193, 118.343
4264, 71.06667, 77.7001, 49.7476, 193.01, -122.417, 120.402, 59.6002, 1.18305, -20.9635, 0.284483, -138.662, 0.589593, 118.418
4265, 71.07500, 77.9092, 49.7007, 192.994, -122.47, 120.141, 59.5623, 1.18309, -21.0133, 0.284287, -138.393, 0.589994, 118.493
4265, 71.08334, 78.1186, 49.6531, 192.979, -122.523, 119.881, 59.5249, 1.18312, -21.0633, 0.284097, -138.124, 0.590397, 118.567
4266, 71.09167, 78.3281, 49.6048, 192.964, -122.576, 119.621, 59.4878, 1.18315, -21.1135, 0.283914, -137.856, 0.590802, 118.641
4266, 71.10000, 78.5377, 49.5558, 192.95, -122.63, 119.363, 59.451, 1.18318, -21.164, 0.283737, -137.587, 0.591209, 118.715
4267, 71.10833, 78.7475, 49.506, 192.937, -122.683, 119.105, 59.4147, 1.18321, -21.2147, 0.283566, -137.318, 0.591618, 118.788
4267, 71.11667, 78.9574, 49.4556, 192.925, -122.737, 118.849, 59.3787, 1.18324, -21.2656, 0.283401, -137.049, 0.592028, 118.861
4268, 71.12500, 79.1675, 49.4044, 192.914, -122.791, 118.593, 59.343, 1.18326, -21.3168, 0.283242, -136.78, 0.59244, 118.934
4268, 71.13333, 79.3777, 49.3526, 192.904, -122.845, 118.338, 59.3077, 1.18328, -21.3682, 0.283089, -136.511, 0.592854, 119.006
4269, 71.14167, 79.588, 49.3001, 192.894, -122.899, 118.084, 59.2727, 1.1833, -21.4198, 0.282943, -136.242, 0.59327, 119.078
4269, 71.15000, 79.7984, 49.2468, 192.886, -122.953, 117.832, 59.2381, 1.18332, -21.4717, 0.282803, -135.973, 0.593687, 119.15
4270, 71.15833, 80.009, 49.1929, 192.878, -123.007, 117.58, 59.2039, 1.18334, -21.5237, 0.282669, -135.704, 0.594106, 119.222
4270, 71.16666, 80.2197, 49.1383, 192.871, -123.062, 117.329, 59.17, 1.18335, -21.5761, 0.28254, -135.435, 0.594527, 119.293
4271, 71.17500, 80.4305, 49.0831, 192.864, -123.117, 117.078, 59.1365, 1.18336, -21.6286, 0.282419, -135.166, 0.59495, 119.364
4271, 71.18333, 80.6414, 49.0271, 192.859, -123.171, 116.829, 59.1033, 1.18337, -21.6814, 0.282303, -134.896, 0.595374, 119.435
4271, 71.19167, 80.8525, 48.9705, 192.854, -123.226, 116.581, 59.0705, 1.18338, -21.7344, 0.282193, -134.627, 0.595801, 119.505
4272, 71.20000, 81.0636, 48.9132, 192.851, -123.281, 116.334, 59.038, 1.18338, -21.7877, 0.282089, -134.358, 0.596228, 119.575
4273, 71.20834, 81.2748, 48.8552, 192.848, -123.337, 116.087, 59.0058, 1.18339, -21.8412, 0.281992, -134.088, 0.596658, 119.645
4273, 71.21667, 81.4861, 48.7966, 192.845, -123.392, 115.842, 58.9741, 1.18339, -21.8949, 0.281901, -133.819, 0.597089, 119.715
4274, 71.22500, 81.6975, 48.7373, 192.844, -123.448, 115.597, 58.9426, 1.18338, -21.9489, 0.281815, -133.55, 0.597522, 119.784
4274, 71.23333, 81.9089, 48.6774, 192.843, -123.503, 115.354, 58.9115, 1.18338, -22.0031, 0.281736, -133.28, 0.597956, 119.853
4275, 71.24167, 82.1205, 48.6168, 192.843, -123.559, 115.111, 58.8808, 1.18337, -22.0576, 0.281663, -133.011, 0.598392, 119.922
4275, 71.25000, 82.3321, 48.5556, 192.844, -123.615, 114.869, 58.8504, 1.18336, -22.1122, 0.281596, -132.741, 0.59883, 119.99
4276, 71.25833, 82.5438, 48.4937, 192.845, -123.671, 114.628, 58.8203, 1.18335, -22.1671, 0.281536, -132.472, 0.59927, 120.058
4276, 71.26667, 82.7555, 48.4312, 192.848, -123.728, 114.388, 58.7906, 1.18334, -22.2223, 0.281481, -132.202, 0.599711, 120.126
4277, 71.27500, 82.9673, 48.368, 192.851, -123.784, 114.149, 58.7612, 1.18332, -22.2777, 0.281433, -131.933, 0.600153, 120.194
4277, 71.28333, 83.1792, 48.3042, 192.855, -123.841, 113.911, 58.7322, 1.1833, -22.3333, 0.281391, -131.663, 0.600598, 120.261
4278, 71.29166, 83.3911, 48.2397, 192.859, -123.898, 113.674, 58.7035, 1.18328, -22.3892, 0.281355, -131.394, 0.601044, 120.328
4278, 71.30000, 83.603, 48.1747, 192.864, -123.955, 113.437, 58.6751, 1.18325, -22.4453, 0.281325, -131.124, 0.601491, 120.395
4279, 71.30833, 83.815, 48.109, 192.87, -124.012, 113.202, 58.6471, 1.18322, -22.5016, 0.281301, -130.855, 0.60194, 120.461
4279, 71.31667, 84.027, 48.0426, 192.877, -124.069, 112.967, 58.6194, 1.18319, -22.5582, 0.281284, -130.585, 0.602391, 120.527
4279, 71.32500, 84.2391, 47.9757, 192.884, -124.127, 112.734, 58.5921, 1.18316, -22.615, 0.281272, -130.316, 0.602844, 120.593
4280, 71.33334, 84.4511, 47.9081, 192.892, -124.184, 112.501, 58.5651, 1.18312, -22.6721, 0.281267, -130.046, 0.603298, 120.659
4281, 71.34167, 84.6632, 47.8399, 192.901, -124.242, 112.269, 58.5384, 1.18308, -22.7294, 0.281269, -129.777, 0.603753, 120.724
4281, 71.35000, 84.8753, 47.7711, 192.91, -124.3, 112.038, 58.5121, 1.18304, -22.7869, 0.281276, -129.507, 0.604211, 120.789
4282, 71.35833, 85.0874, 47.7017, 192.92, -124.359, 111.808, 58.486, 1.18299, -22.8447, 0.28129, -129.238, 0.604669, 120.854
4282, 71.36667, 85.2996, 47.6317, 192.931, -124.417, 111.579, 58.4604, 1.18294, -22.9027, 0.28131, -128.969, 0.60513, 120.919
4283, 71.37500, 85.5117, 47.5611, 192.942, -124.476, 111.351, 58.435, 1.18289, -22.961, 0.281336, -128.699, 0.605592, 120.983
4283, 71.38333, 85.7238, 47.4899, 192.954, -124.535, 111.124, 58.41, 1.18284, -23.0195, 0.281369, -128.43, 0.606055, 121.047
4284, 71.39167, 85.9359, 47.418, 192.967, -124.594, 110.897, 58.3853, 1.18278, -23.0782, 0.281408, -128.161, 0.60652, 121.111
4284, 71.40000, 86.148, 47.3456, 192.98, -124.653, 110.672, 58.3609, 1.18272, -23.1372, 0.281453, -127.892, 0.606987, 121.174
4285, 71.40833, 86.3601, 47.2726, 192.994, -124.712, 110.447, 58.3368, 1.18265, -23.1964, 0.281505, -127.623, 0.607455, 121.237
4285, 71.41666, 86.5722, 47.199, 193.008, -124.772, 110.224, 58.3131, 1.18258, -23.2559, 0.281564, -127.353, 0.607925, 121.3
4286, 71.42500, 86.7842, 47.1248, 193.024, -124.832, 110.001, 58.2897, 1.18251, -23.3156, 0.281628, -127.084, 0.608396, 121.363
4286, 71.43333, 86.9962, 47.0501, 193.039, -124.892, 109.779, 58.2666, 1.18244, -23.3756, 0.281699, -126.816, 0.608869, 121.426
4287, 71.44167, 87.2082, 46.9747, 193.056, -124.952, 109.558, 58.2439, 1.18236, -23.4357, 0.281777, -126.547, 0.609344, 121.488
4287, 71.45000, 87.4201, 46.8988, 193.073, -125.013, 109.338, 58.2214, 1.18228, -23.4962, 0.281861, -126.278, 0.60982, 121.55
4287, 71.45834, 87.632, 46.8223, 193.09, -125.073, 109.119, 58.1993, 1.18219, -23.5568, 0.281952, -126.009, 0.610297, 121.611
4288, 71.46667, 87.8438, 46.7452, 193.108, -125.134, 108.901, 58.1775, 1.1821, -23.6178, 0.282049, -125.741, 0.610777, 121.673
4289, 71.47500, 88.0555, 46.6675, 193.127, -125.195, 108.683, 58.156, 1.18201, -23.6789, 0.282153, -125.472, 0.611257, 121.734
4289, 71.48333, 88.2672, 46.5893, 193.146, -125.256, 108.467, 58.1348, 1.18191, -23.7403, 0.282263, -125.204, 0.611739, 121.795
4290, 71.49167, 88.4789, 46.5105, 193.166, -125.318, 108.251, 58.1139, 1.18181, -23.8019, 0.28238, -124.935, 0.612223, 121.856
4290, 71.50000, 88.6904, 46.4311, 193.186, -125.38, 108.037, 58.0934, 1.18171, -23.8638, 0.282503, -124.667, 0.612709, 121.916
4291, 71.50833, 88.9019, 46.3512, 193.207, -125.442, 107.823, 58.0731, 1.1816, -23.9259, 0.282634, -124.399, 0.613195, 121.976
4291, 71.51667, 89.1133, 46.2707, 193.229, -125.504, 107.61, 58.0532, 1.18149, -23.9883, 0.282771, -124.131, 0.613684, 122.036
4292, 71.52500, 89.3246, 46.1897, 193.251, -125.566, 107.398, 58.0335, 1.18138, -24.0509, 0.282914, -123.864, 0.614174, 122.096
4292, 71.53333, 89.5358, 46.1081, 193.273, -125.629, 107.187, 58.0142, 1.18126, -24.1137, 0.283065, -123.596, 0.614665, 122.155
4293, 71.54166, 89.747, 46.026, 193.296, -125.691, 106.977, 57.9952, 1.18114, -24.1768, 0.283222, -123.329, 0.615158, 122.214
4293, 71.55000, 89.958, 45.9433, 193.319, -125.754, 106.767, 57.9764, 1.18101, -24.2401, 0.283386, -123.061, 0.615653, 122.273
4294, 71.55833, 90.1689, 45.8601, 193.343, -125.818, 106.559, 57.958, 1.18088, -24.3037, 0.283557, -122.794, 0.616149, 122.332
4294, 71.56667, 90.3797, 45.7763, 193.368, -125.881, 106.351, 57.9399, 1.18074, -24.3675, 0.283735, -122.527, 0.616646, 122.39
4295, 71.57500, 90.5904, 45.692, 193.393, -125.945, 106.145, 57.9221, 1.1806, -24.4315, 0.28392, -122.261, 0.617145, 122.448
4295, 71.58334, 90.8009, 45.6071, 193.418, -126.009, 105.939, 57.9046, 1.18046, -24.4958, 0.284112, -121.994, 0.617646, 122.506
4295, 71.59167, 91.0114, 45.5217, 193.444, -126.073, 105.734, 57.8873, 1.18031, -24.5603, 0.28431, -121.728, 0.618148, 122.564
4296, 71.60000, 91.2216, 45.4358, 193.47, -126.138, 105.53, 57.8704, 1.18016, -24.6251, 0.284516, -121.462, 0.618652, 122.621
4297, 71.60833, 91.4318, 45.3493, 193.497, -126.202, 105.327, 57.8537, 1.18001, -24.6901, 0.284729, -121.196, 0.619157, 122.678
4297, 71.61667, 91.6418, 45.2624, 193.524, -126.267, 105.125, 57.8374, 1.17985, -24.7553, 0.284948, -120.93, 0.619664, 122.735
4298, 71.62500, 91.8517, 45.1748, 193.552, -126.332, 104.924, 57.8213, 1.17968, -24.8208, 0.285175, -120.665, 0.620172, 122.792
4298, 71.63333, 92.0613, 45.0868, 193.58, -126.398, 104.723, 57.8055, 1.17951, -24.8865, 0.285409, -120.4, 0.620682, 122.848
4299, 71.64167, 92.2709, 44.9982, 193.608, -126.463, 104.524, 57.7901, 1.17934, -24.9525, 0.28565, -120.135, 0.621193, 122.904
4299, 71.65000, 92.4803, 44.9092, 193.637, -126.529, 104.325, 57.7749, 1.17916, -25.0187, 0.285899, -119.87, 0.621706, 122.96
4300, 71.65833, 92.6895, 44.8196, 193.667, -126.595, 104.127, 57.7599, 1.17898, -25.0851, 0.286154, -119.606, 0.622221, 123.016
4300, 71.66666, 92.8985, 44.7295, 193.696, -126.662, 103.93, 57.7453, 1.17879, -25.1518, 0.286417, -119.341, 0.622737, 123.071
4301, 71.67500, 93.1073, 44.6389, 193.726, -126.728, 103.734, 57.7309, 1.1786, -25.2187, 0.286687, -119.078, 0.623254, 123.126
4301, 71.68333, 93.316, 44.5477, 193.757, -126.795, 103.539, 57.7169, 1.17841, -25.2859, 0.286965, -118.814, 0.623773, 123.181
4302, 71.69167, 93.5244, 44.4561, 193.788, -126.862, 103.345, 57.703, 1.17821, -25.3533, 0.28725, -118.551, 0.624294, 123.236
4302, 71.70000, 93.7327, 44.3639, 193.819, -126.929, 103.151, 57.6895, 1.178, -25.4209, 0.287542, -118.288, 0.624816, 123.291
4303, 71.70834, 93.9407, 44.2713, 193.85, -126.997, 102.959, 57.6763, 1.17779, -25.4887, 0.287841, -118.026, 0.625339, 123.345
4303, 71.71667, 94.1486, 44.1782, 193.882, -127.065, 102.767, 57.6633, 1.17758, -25.5568, 0.288148, -117.763, 0.625864, 123.399
4303, 71.72500, 94.3562, 44.0845, 193.914, -127.133, 102.576, 57.6506, 1.17736, -25.6252, 0.288463, -117.502, 0.626391, 123.452
4304, 71.73333, 94.5636, 43.9904, 193.947, -127.201, 102.386, 57.6381, 1.17713, -25.6937, 0.288785, -117.24, 0.626919, 123.506
4305, 71.74167, 94.7708, 43.8957, 193.979, -127.27, 102.197, 57.6259, 1.1769, -25.7626, 0.289115, -116.979, 0.627449, 123.559
4305, 71.75000, 94.9777, 43.8006, 194.013, -127.339, 102.009, 57.614, 1.17667, -25.8316, 0.289452, -116.719, 0.62798, 123.612
4306, 71.75833, 95.1844, 43.705, 194.046, -127.408, 101.822, 57.6023, 1.17643, -25.9009, 0.289797, -116.458, 0.628513, 123.665
4306, 71.76667, 95.3909, 43.6089, 194.08, -127.477, 101.635, 57.5909, 1.17618, -25.9704, 0.290149, -116.198, 0.629047, 123.718
4307, 71.77500, 95.5971, 43.5123, 194.114, -127.547, 101.45, 57.5798, 1.17593, -26.0401, 0.29051, -115.939, 0.629583, 123.77
4307, 71.78333, 95.803, 43.4153, 194.148, -127.617, 101.265, 57.5689, 1.17568, -26.1101, 0.290877, -115.68, 0.63012, 123.822
4308, 71.79166, 96.0087, 43.3177, 194.182, -127.687, 101.081, 57.5583, 1.17542, -26.1803, 0.291253, -115.422, 0.630659, 123.874
4308, 71.80000, 96.2141, 43.2197, 194.217, -127.757, 100.898, 57.5479, 1.17515, -26.2507, 0.291637, -115.163, 0.6312, 123.925
4309, 71.80833, 96.4193, 43.1212, 194.252, -127.828, 100.716, 57.5378, 1.17488, -26.3214, 0.292028, -114.906, 0.631742, 123.977
4309, 71.81667, 96.6241, 43.0222, 194.287, -127.899, 100.535, 57.5279, 1.1746, -26.3923, 0.292427, -114.649, 0.632285, 124.028
4310, 71.82500, 96.8287, 42.9228, 194.323, -127.97, 100.355, 57.5183, 1.17432, -26.4634, 0.292834, -114.392, 0.63283, 124.079
4310, 71.83334, 97.033, 42.8229, 194.358, -128.041, 100.175, 57.5089, 1.17403, -26.5347, 0.293249, -114.136, 0.633377, 124.129
4311, 71.84167, 97.237, 42.7225, 194.394, -128.113, 99.9965, 57.4998, 1.17374, -26.6063, 0.293671, -113.881, 0.633925, 124.179
4311, 71.85000, 97.4407, 42.6217, 194.43, -128.185, 99.8187, 57.4909, 1.17344, -26.6781, 0.294102, -113.626, 0.634475, 124.23
4311, 71.85833, 97.644, 42.5204, 194.467, -128.257, 99.6418, 57.4822, 1.17314, -26.7502, 0.294541, -113.371, 0.635026, 124.28
4312, 71.86667, 97.8471, 42.4186, 194.503, -128.33, 99.4658, 57.4738, 1.17283, -26.8224, 0.294988, -113.117, 0.635579, 124.329
4313, 71.87500, 98.0498, 42.3164, 194.54, -128.403, 99.2906, 57.4656, 1.17252, -26.8949, 0.295443, -112.864, 0.636133, 124.379
4313, 71.88333, 98.2522, 42.2137, 194.576, -128.476, 99.1162, 57.4576, 1.1722, -26.9676, 0.295905, -112.611, 0.636689, 124.428
4314, 71.89167, 98.4543, 42.1106, 194.613, -128.549, 98.9427, 57.4499, 1.17187, -27.0406, 0.296376, -112.359, 0.637246, 124.477
4314, 71.90000, 98.656, 42.007, 194.65, -128.623, 98.7701, 57.4424, 1.17154, -27.1137, 0.296856, -112.107, 0.637805, 124.525
4315, 71.90833, 98.8574, 41.903, 194.688, -128.697, 98.5983, 57.4351, 1.1712, -27.1871, 0.297343, -111.856, 0.638365, 124.574
4315, 71.91666, 99.0585, 41.7985, 194.725, -128.771, 98.4274, 57.428, 1.17086, -27.2607, 0.297838, -111.606, 0.638927, 124.622
4316, 71.92500, 99.2591, 41.6936, 194.762, -128.845, 98.2573, 57.4212, 1.17051, -27.3346, 0.298342, -111.357, 0.639491, 124.67
4316, 71.93333, 99.4594, 41.5882, 194.8, -128.92, 98.0881, 57.4146, 1.17015, -27.4086, 0.298854, -111.108, 0.640056, 124.718
4316, 71.94167, 99.6594, 41.4824, 194.838, -128.995, 97.9197, 57.4082, 1.16979, -27.4829, 0.299374, -110.859, 0.640623, 124.765
4317, 71.95000, 99.8589, 41.3762, 194.875, -129.07, 97.7522, 57.402, 1.16942, -27.5574, 0.299903, -110.612, 0.641191, 124.813
4318, 71.95834, 100.058, 41.2695, 194.913, -129.146, 97.5855, 57.396, 1.16905, -27.6321, 0.300439, -110.365, 0.64176, 124.86
4318, 71.96667, 100.257, 41.1624, 194.951, -129.221, 97.4196, 57.3903, 1.16867, -27.707, 0.300985, -110.119, 0.642332, 124.906
4319, 71.97500, 100.455, 41.0549, 194.989, -129.297, 97.2546, 57.3847, 1.16828, -27.7821, 0.301538, -109.873, 0.642904, 124.953
4319, 71.98333, 100.653, 40.947, 195.027, -129.374, 97.0905, 57.3794, 1.16789, -27.8575, 0.3021, -109.629, 0.643479, 124.999
4319, 71.99167, 100.851, 40.8386, 195.065, -129.45, 96.9272, 57.3742, 1.16749, -27.9331, 0.30267, -109.385, 0.644055, 125.045
4320, 72.00000, 101.048, 40.7298, 195.103, -129.527, 96.7647, 57.3693, 1.16709, -28.0088, 0.303249, -109.142, 0.644632, 125.091
4321, 72.00833, 101.245, 40.6205, 195.141, -129.604, 96.6031, 57.3645, 1.16668, -28.0848, 0.303836, -108.899, 0.645211, 125.137
4321, 72.01667, 101.441, 40.5109, 195.18, -129.682, 96.4423, 57.3599, 1.16626, -28.1611, 0.304431, -108.658, 0.645792, 125.182
4322, 72.02500, 101.637, 40.4008, 195.218, -129.759, 96.2823, 57.3556, 1.16584, -28.2375, 0.305035, -108.417, 0.646374, 125.227
4322, 72.03333, 101.832, 40.2903, 195.256, -129.837, 96.1232, 57.3514, 1.16541, -28.3141, 0.305648, -108.177, 0.646957, 125.272
4323, 72.04166, 102.027, 40.1794, 195.294, -129.916, 95.9649, 57.3474, 1.16497, -28.3909, 0.306269, -107.938, 0.647542, 125.317
4323, 72.05000, 102.222, 40.0681, 195.332, -129.994, 95.8074, 57.3436, 1.16453, -28.468, 0.306899, -107.7, 0.648129, 125.361
4324, 72.05833, 102.416, 39.9564, 195.37, -130.073, 95.6508, 57.34, 1.16408, -28.5452, 0.307537, -107.463, 0.648717, 125.405
4324, 72.06667, 102.61, 39.8443, 195.408, -130.152, 95.495, 57.3365, 1.16362, -28.6227, 0.308183, -107.226, 0.649307, 125.449
4324, 72.07500, 102.803, 39.7318, 195.446, -130.232, 95.34, 57.3333, 1.16316, -28.7004, 0.308839, -106.991, 0.649898, 125.493
4325, 72.08334, 102.995, 39.6189, 195.484, -130.311, 95.1859, 57.3302, 1.16269, -28.7782, 0.309502, -106.756, 0.650491, 125.536
4326, 72.09167, 103.188, 39.5056, 195.522, -130.391, 95.0325, 57.3272, 1.16221, -28.8563, 0.310175, -106.522, 0.651085, 125.579
4326, 72.10000, 103.379, 39.3919, 195.559, -130.471, 94.88, 57.3245, 1.16173, -28.9346, 0.310856, -106.289, 0.651681, 125.622
4327, 72.10833, 103.571, 39.2778, 195.597, -130.552, 94.7284, 57.3219, 1.16124, -29.013, 0.311545, -106.057, 0.652278, 125.665
4327, 72.11667, 103.761, 39.1632, 195.635, -130.633, 94.5775, 57.3195, 1.16075, -29.0917, 0.312244, -105.827, 0.652877, 125.707
4328, 72.12500, 103.951, 39.0484, 195.672, -130.714, 94.4274, 57.3172, 1.16024, -29.1706, 0.31295, -105.597, 0.653478, 125.75
4328, 72.13333, 104.141, 38.9331, 195.709, -130.795, 94.2782, 57.3151, 1.15973, -29.2496, 0.313666, -105.368, 0.65408, 125.792
4329, 72.14167, 104.33, 38.8174, 195.747, -130.877, 94.1298, 57.3132, 1.15922, -29.3289, 0.31439, -105.14, 0.654683, 125.833
4329, 72.15000, 104.519, 38.7014, 195.784, -130.958, 93.9822, 57.3114, 1.15869, -29.4083, 0.315123, -104.913, 0.655288, 125.875
4330, 72.15833, 104.707, 38.585, 195.821, -131.041, 93.8354, 57.3097, 1.15816, -29.488, 0.315864, -104.687, 0.655895, 125.916
4330, 72.16666, 104.894, 38.4682, 195.857, -131.123, 93.6894, 57.3082, 1.15762, -29.5678, 0.316615, -104.462, 0.656503, 125.957
4331, 72.17500, 105.081, 38.351, 195.894, -131.206, 93.5443, 57.3068, 1.15708, -29.6478, 0.317373, -104.238, 0.657112, 125.998
4331, 72.18333, 105.268, 38.2334, 195.93, -131.289, 93.3999, 57.3056, 1.15653, -29.7281, 0.318141, -104.015, 0.657723, 126.038
4332, 72.19167, 105.454, 38.1155, 195.966, -131.372, 93.2563, 57.3045, 1.15597, -29.8085, 0.318917, -103.794, 0.658336, 126.078
4332, 72.20000, 105.639, 37.9972, 196.002, -131.455, 93.1135, 57.3036, 1.1554, -29.889, 0.319702, -103.573, 0.65895, 126.118
4332, 72.20834, 105.823, 37.8786, 196.038, -131.539, 92.9716, 57.3028, 1.15483, -29.9698, 0.320495, -103.353, 0.659565, 126.158
4333, 72.21667, 106.008, 37.7596, 196.074, -131.623, 92.8304, 57.3021, 1.15425, -30.0508, 0.321297, -103.135, 0.660183, 126.198
4334, 72.22500, 106.191, 37.6402, 196.109, -131.708, 92.69, 57.3015, 1.15366, -30.1319, 0.322108, -102.918, 0.660801, 126.237
4334, 72.23333, 106.374, 37.5205, 196.144, -131.792, 92.5505, 57.3011, 1.15306, -30.2132, 0.322928, -102.701, 0.661421, 126.276
4335, 72.24167, 106.556, 37.4003, 196.179, -131.877, 92.4117, 57.3008, 1.15246, -30.2947, 0.323756, -102.486, 0.662043, 126.315
4335, 72.25000, 106.738, 37.2799, 196.214, -131.962, 92.2737, 57.3006, 1.15185, -30.3764, 0.324593, -102.272, 0.662666, 126.353
4336, 72.25833, 106.919, 37.1591, 196.248, -132.048, 92.1365, 57.3005, 1.15123, -30.4582, 0.325438, -102.06, 0.66329, 126.391
4336, 72.26667, 107.1, 37.038, 196.282, -132.134, 92, 57.3005, 1.15061, -30.5402, 0.326292, -101.848, 0.663916, 126.429
4337, 72.27500, 107.279, 36.9165, 196.316, -132.22, 91.8644, 57.3007, 1.14998, -30.6224, 0.327155, -101.638, 0.664544, 126.467
4337, 72.28333, 107.458, 36.7946, 196.35, -132.306, 91.7296, 57.3009, 1.14934, -30.7048, 0.328026, -101.428, 0.665173, 126.505
4338, 72.29166, 107.637, 36.6725, 196.383, -132.392, 91.5955, 57.3013, 1.14869, -30.7873, 0.328906, -101.22, 0.665803, 126.542
4338, 72.30000, 107.815, 36.5499, 196.416, -132.479, 91.4622, 57.3017, 1.14803, -30.87, 0.329795, -101.014, 0.666435, 126.579
4339, 72.30833, 107.992, 36.4271, 196.448, -132.566, 91.3297, 57.3023, 1.14737, -30.9528, 0.330692, -100.808, 0.667068, 126.615
4339, 72.31667, 108.169, 36.3039, 196.481, -132.654, 91.1979, 57.3029, 1.1467, -31.0359, 0.331598, -100.604, 0.667703, 126.652
4340, 72.32500, 108.345, 36.1804, 196.513, -132.741, 91.0669, 57.3036, 1.14602, -31.1191, 0.332512, -100.4, 0.668339, 126.688
4340, 72.33334, 108.52, 36.0565, 196.544, -132.829, 90.9367, 57.3044, 1.14534, -31.2024, 0.333435, -100.199, 0.668977, 126.724
4340, 72.34167, 108.694, 35.9324, 196.575, -132.917, 90.8072, 57.3053, 1.14464, -31.2859, 0.334366, -99.998, 0.669616, 126.76
4341, 72.35000, 108.868, 35.8079, 196.606, -133.006, 90.6785, 57.3063, 1.14394, -31.3696, 0.335306, -99.7986, 0.670256, 126.795
4342, 72.35833, 109.041, 35.683, 196.637, -133.094, 90.5506, 57.3074, 1.14323, -31.4534, 0.336254, -99.6006, 0.670898, 126.83
4342, 72.36667, 109.214, 35.5579, 196.667, -133.183, 90.4234, 57.3085, 1.14251, -31.5374, 0.337211, -99.4038, 0.671541, 126.865
4343, 72.37500, 109.385, 35.4324, 196.696, -133.272, 90.297, 57.3097, 1.14179, -31.6215, 0.338177, -99.2083, 0.672186, 126.9
4343, 72.38333, 109.556, 35.3067, 196.726, -133.362, 90.1713, 57.311, 1.14106, -31.7057, 0.33915, -99.0141, 0.672832, 126.935
4344, 72.39167, 109.727, 35.1806, 196.754, -133.452, 90.0464, 57.3123, 1.14032, -31.7902, 0.340133, -98.8212, 0.67348, 126.969
4344, 72.40000, 109.896, 35.0542, 196.783, -133.542, 89.9222, 57.3137, 1.13957, -31.8747, 0.341123, -98.6297, 0.674129, 127.003
4345, 72.40833, 110.065, 34.9275, 196.811, -133.632, 89.7988, 57.3152, 1.13881, -31.9594, 0.342122, -98.4394, 0.674779, 127.036
4345, 72.41666, 110.233, 34.8005, 196.838, -133.723, 89.6761, 57.3167, 1.13805, -32.0443, 0.34313, -98.2505, 0.675431, 127.07
4346, 72.42500, 110.401, 34.6732, 196.866, -133.813, 89.5542, 57.3182, 1.13727, -32.1293, 0.344145, -98.0629, 0.676084, 127.103
4346, 72.43333, 110.567, 34.5456, 196.892, -133.904, 89.433, 57.3199, 1.13649, -32.2144, 0.345169, -97.8767, 0.676738, 127.136
4347, 72.44167, 110.733, 34.4177, 196.918, -133.996, 89.3125, 57.3215, 1.1357, -32.2997, 0.346201, -97.6918, 0.677394, 127.168
4347, 72.45000, 110.898, 34.2895, 196.944, -134.087, 89.1927, 57.3232, 1.13491, -32.3851, 0.347242, -97.5083, 0.678051, 127.201
4348, 72.45834, 111.062, 34.1611, 196.969, -134.179, 89.0737, 57.3249, 1.1341, -32.4706, 0.34829, -97.3262, 0.67871, 127.233
4348, 72.46667, 111.226, 34.0323, 196.994, -134.271, 88.9554, 57.3267, 1.13329, -32.5563, 0.349347, -97.1454, 0.679369, 127.264
4348, 72.47500, 111.388, 33.9032, 197.018, -134.363, 88.8379, 57.3285, 1.13247, -32.6421, 0.350412, -96.966, 0.68003, 127.296
4349, 72.48333, 111.55, 33.7739, 197.042, -134.456, 88.721, 57.3304, 1.13164, -32.728, 0.351485, -96.7879, 0.680693, 127.327
4350, 72.49167, 111.711, 33.6443, 197.065, -134.549, 88.6049, 57.3322, 1.1308, -32.814, 0.352567, -96.6113, 0.681357, 127.358
4350, 72.50000, 111.871, 33.5144, 197.087, -134.642, 88.4894, 57.3341, 1.12996, -32.9002, 0.353656, -96.4361, 0.682022, 127.389
4351, 72.50833, 112.031, 33.3843, 197.11, -134.735, 88.3747, 57.336, 1.1291, -32.9865, 0.354753, -96.2622, 0.682688, 127.42
4351, 72.51667, 112.19, 33.2538, 197.131, -134.829, 88.2607, 57.338, 1.12824, -33.0729, 0.355858, -96.0898, 0.683356, 127.45
4352, 72.52500, 112.347, 33.1231, 197.152, -134.923, 88.1474, 57.3399, 1.12737, -33.1594, 0.356972, -95.9187, 0.684024, 127.48
4352, 72.53333, 112.504, 32.9922, 197.172, -135.017, 88.0348, 57.3419, 1.12649, -33.246, 0.358093, -95.7491, 0.684694, 127.51
4353, 72.54166, 112.66, 32.8609, 197.192, -135.111, 87.9229, 57.3438, 1.1256, -33.3328, 0.359222, -95.5809, 0.685366, 127.539
4353, 72.55000, 112.816, 32.7294, 197.211, -135.205, 87.8117, 57.3458, 1.12471, -33.4196, 0.360358, -95.4141, 0.686038, 127.568
4354, 72.55833, 112.97, 32.5977, 197.23, -135.3, 87.7011, 57.3477, 1.1238, -33.5065, 0.361503, -95.2487, 0.686712, 127.597
4354, 72.56667, 113.124, 32.4657, 197.248, -135.395, 87.5913, 57.3497, 1.12289, -33.5936, 0.362655, -95.0848, 0.687387, 127.626
4355, 72.57500, 113.276, 32.3334, 197.265, -135.491, 87.4821, 57.3517, 1.12197, -33.6808, 0.363815, -94.9223, 0.688064, 127.654
4355, 72.58334, 113.428, 32.201, 197.282, -135.586, 87.3737, 57.3536, 1.12104, -33.768, 0.364983, -94.7612, 0.688741, 127.682
4356, 72.59167, 113.579, 32.0682, 197.298, -135.682, 87.2659, 57.3555, 1.1201, -33.8554, 0.366158, -94.6015, 0.68942, 127.71
4356, 72.60000, 113.729, 31.9352, 197.314, -135.778, 87.1587, 57.3574, 1.11916, -33.9428, 0.367341, -94.4433, 0.690099, 127.737
4356, 72.60833, 113.878, 31.802, 197.329, -135.874, 87.0523, 57.3593, 1.1182, -34.0304, 0.368532, -94.2866, 0.69078, 127.765
4357, 72.61667, 114.027, 31.6685, 197.343, -135.97, 86.9465, 57.3612, 1.11724, -34.118, 0.36973, -94.1312, 0.691462, 127.792
4358, 72.62500, 114.174, 31.5348, 197.356, -136.067, 86.8414, 57.3631, 1.11627, -34.2057, 0.370935, -93.9774, 0.692146, 127.818
4358, 72.63333, 114.32, 31.4009, 197.369, -136.164, 86.7369, 57.3649, 1.11529, -34.2935, 0.372148, -93.8249, 0.69283, 127.845
4359, 72.64167, 114.466, 31.2667, 197.381, -136.261, 86.6331, 57.3667, 1.1143, -34.3814, 0.373368, -93.6739, 0.693516, 127.871
4359, 72.65000, 114.611, 31.1323, 197.393, -136.358, 86.5299, 57.3684, 1.1133, -34.4694, 0.374595, -93.5244, 0.694202, 127.897
4360, 72.65833, 114.754, 30.9977, 197.404, -136.456, 86.4274, 57.3702, 1.1123, -34.5574, 0.37583, -93.3763, 0.69489, 127.923
4360, 72.66666, 114.897, 30.8629, 197.414, -136.554, 86.3255, 57.3718, 1.11128, -34.6456, 0.377072, -93.2297, 0.695579, 127.948
4361, 72.67500, 115.039, 30.7278, 197.423, -136.652, 86.2243, 57.3735, 1.11026, -34.7338, 0.37832, -93.0845, 0.696268, 127.973
4361, 72.68333, 115.18, 30.5926, 197.432, -136.75, 86.1237, 57.3751, 1.10923, -34.822, 0.379576, -92.9408, 0.696959, 127.998
4362, 72.69167, 115.32, 30.4571, 197.44, -136.848, 86.0238, 57.3766, 1.10819, -34.9104, 0.38084, -92.7985, 0.697651, 128.023
4362, 72.70000, 115.459, 30.3214, 197.447, -136.947, 85.9244, 57.3781, 1.10714, -34.9987, 0.38211, -92.6577, 0.698344, 128.047
4363, 72.70834, 115.597, 30.1856, 197.454, -137.046, 85.8257, 57.3795, 1.10608, -35.0872, 0.383387, -92.5183, 0.699038, 128.071
4363, 72.71667, 115.734, 30.0495, 197.459, -137.145, 85.7276, 57.3809, 1.10502, -35.1757, 0.384671, -92.3804, 0.699733, 128.095
4364, 72.72500, 115.87, 29.9132, 197.464, -137.244, 85.6302, 57.3822, 1.10394, -35.2643, 0.385961, -92.244, 0.700429, 128.118
4364, 72.73333, 116.005, 29.7767, 197.468, -137.344, 85.5333, 57.3834, 1.10286, -35.3529, 0.387259, -92.109, 0.701126, 128.141
4364, 72.74167, 116.139, 29.64, 197.472, -137.443, 85.4371, 57.3846, 1.10177, -35.4416, 0.388563, -91.9754, 0.701824, 128.164
4365, 72.75000, 116.272, 29.5032, 197.474, -137.543, 85.3415, 57.3857, 1.10067, -35.5303, 0.389874, -91.8433, 0.702522, 128.187
4366, 72.75833, 116.404, 29.3661, 197.476, -137.643, 85.2464, 57.3867, 1.09956, -35.6191, 0.391191, -91.7127, 0.703222, 128.209
4366, 72.76667, 116.536, 29.2289, 197.477, -137.744, 85.152, 57.3877, 1.09844, -35.708, 0.392515, -91.5835, 0.703923, 128.231
4367, 72.77500, 116.666, 29.0915, 197.478, -137.844, 85.0581, 57.3885, 1.09731, -35.7968, 0.393846, -91.4557, 0.704624, 128.253
4367, 72.78333, 116.795, 28.9539, 197.477, -137.945, 84.9649, 57.3893, 1.09618, -35.8857, 0.395183, -91.3294, 0.705326, 128.274
4368, 72.79166, 116.923, 28.8161, 197.476, -138.046, 84.8722, 57.39, 1.09504, -35.9747, 0.396526, -91.2045, 0.70603, 128.296
4368, 72.80000, 117.05, 28.6782, 197.474, -138.147, 84.7801, 57.3906, 1.09388, -36.0636, 0.397875, -91.0811, 0.706734, 128.317
4369, 72.80833, 117.176, 28.5401, 197.471, -138.248, 84.6886, 57.3911, 1.09272, -36.1526, 0.399231, -90.9591, 0.707439, 128.337
4369, 72.81667, 117.301, 28.4018, 197.467, -138.349, 84.5977, 57.3916, 1.09156, -36.2416, 0.400593, -90.8386, 0.708145, 128.358
4370, 72.82500, 117.425, 28.2634, 197.462, -138.451, 84.5073, 57.3919, 1.09038, -36.3307, 0.401961, -90.7195, 0.708851, 128.378
4370, 72.83334, 117.548, 28.1248, 197.457, -138.553, 84.4175, 57.3921, 1.08919, -36.4198, 0.403335, -90.6018, 0.709558, 128.398
4371, 72.84167, 117.67, 27.986, 197.45, -138.655, 84.3282, 57.3922, 1.088, -36.5089, 0.404716, -90.4856, 0.710266, 128.417
4371, 72.85000, 117.791, 27.8471, 197.443, -138.757, 84.2396, 57.3922, 1.08679, -36.598, 0.406102, -90.3708, 0.710975, 128.436
4372, 72.85833, 117.911, 27.7081, 197.435, -138.859, 84.1514, 57.3921, 1.08558, -36.6871, 0.407493, -90.2574, 0.711685, 128.455
4372, 72.86667, 118.03, 27.5689, 197.426, -138.962, 84.0638, 57.3919, 1.08436, -36.7762, 0.408891, -90.1454, 0.712395, 128.474
4372, 72.87500, 118.148, 27.4295, 197.416, -139.065, 83.9768, 57.3916, 1.08313, -36.8653, 0.410295, -90.0348, 0.713106, 128.493
4373, 72.88333, 118.264, 27.2901, 197.405, -139.168, 83.8903, 57.3911, 1.08189, -36.9545, 0.411704, -89.9257, 0.713818, 128.511
4374, 72.89167, 118.38, 27.1504, 197.394, -139.271, 83.8043, 57.3905, 1.08064, -37.0436, 0.413119, -89.818, 0.71453, 128.529
4374, 72.90000, 118.494, 27.0107, 197.381, -139.374, 83.7188, 57.3899, 1.07939, -37.1328, 0.414539, -89.7116, 0.715243, 128.546
4375, 72.90833, 118.608, 26.8708, 197.368, -139.477, 83.6339, 57.389, 1.07812, -37.2219, 0.415964, -89.6067, 0.715957, 128.564
4375, 72.91666, 118.72, 26.7308, 197.353, -139.581, 83.5495, 57.3881, 1.07685, -37.311, 0.417396, -89.5032, 0.716671, 128.581
4376, 72.92500, 118.831, 26.5907, 197.338, -139.684, 83.4656, 57.387, 1.07557, -37.4001, 0.418832, -89.4011, 0.717386, 128.597
4376, 72.93333, 118.942, 26.4504, 197.322, -139.788, 83.3822, 57.3858, 1.07428, -37.4892, 0.420274, -89.3003, 0.718101, 128.614
4377, 72.94167, 119.051, 26.3101, 197.305, -139.892, 83.2993, 57.3845, 1.07298, -37.5783, 0.421721, -89.201, 0.718817, 128.63
4377, 72.95000, 119.159, 26.1696, 197.287, -139.996, 83.2169, 57.383, 1.07168, -37.6674, 0.423173, -89.103, 0.719533, 128.646
4378, 72.95834, 119.265, 26.029, 197.268, -140.101, 83.135, 57.3813, 1.07036, -37.7564, 0.42463, -89.0064, 0.72025, 128.662
4378, 72.96667, 119.371, 25.8883, 197.248, -140.205, 83.0536, 57.3796, 1.06904, -37.8454, 0.426092, -88.9112, 0.720968, 128.677
4379, 72.97500, 119.476, 25.7475, 197.227, -140.31, 82.9727, 57.3776, 1.06771, -37.9344, 0.427559, -88.8173, 0.721686, 128.692
4379, 72.98333, 119.579, 25.6066, 197.205, -140.415, 82.8923, 57.3756, 1.06637, -38.0234, 0.429031, -88.7249, 0.722404, 128.707
4380, 72.99167, 119.682, 25.4656, 197.183, -140.52, 82.8124, 57.3734, 1.06502, -38.1123, 0.430508, -88.6337, 0.723123, 128.721
4380, 73.00000, 119.783, 25.3245, 197.159, -140.625, 82.7329, 57.371, 1.06366, -38.2012, 0.431989, -88.5439, 0.723842, 128.736
4380, 73.00833, 119.883, 25.1833, 197.134, -140.73, 82.6539, 57.3685, 1.06229, -38.29, 0.433475, -88.4555, 0.724562, 128.75
4381, 73.01667, 119.982, 25.042, 197.109, -140.835, 82.5753, 57.3658, 1.06092, -38.3788, 0.434966, -88.3684, 0.725282, 128.763
4382, 73.02500, 120.08, 24.9007, 197.082, -140.941, 82.4973, 57.3629, 1.05954, -38.4675, 0.436461, -88.2826, 0.726002, 128.777
4382, 73.03333, 120.177, 24.7593, 197.054, -141.046, 82.4196, 57.3599, 1.05814, -38.5562, 0.437961, -88.1982, 0.726723, 128.79
4383, 73.04166, 120.273, 24.6177, 197.026, -141.152, 82.3425, 57.3567, 1.05674, -38.6449, 0.439465, -88.1151, 0.727444, 128.803
4383, 73.05000, 120.367, 24.4761, 196.996, -141.258, 82.2657, 57.3534, 1.05534, -38.7334, 0.440973, -88.0333, 0.728166, 128.815
4384, 73.05833, 120.461, 24.3345, 196.966, -141.364, 82.1894, 57.3499, 1.05392, -38.822, 0.442485, -87.9528, 0.728887, 128.827
4384, 73.06667, 120.553, 24.1927, 196.934, -141.47, 82.1136, 57.3462, 1.0525, -38.9104, 0.444002, -87.8736, 0.729609, 128.839
4385, 73.07500, 120.644, 24.051, 196.902, -141.576, 82.0381, 57.3424, 1.05106, -38.9988, 0.445523, -87.7958, 0.730331, 128.851
4385, 73.08334, 120.734, 23.9091, 196.868, -141.682, 81.9632, 57.3383, 1.04962, -39.0871, 0.447047, -87.7192, 0.731054, 128.863
4386, 73.09167, 120.823, 23.7672, 196.834, -141.789, 81.8886, 57.3341, 1.04817, -39.1754, 0.448576, -87.6439, 0.731777, 128.874
4386, 73.10000, 120.91, 23.6252, 196.798, -141.895, 81.8144, 57.3297, 1.04672, -39.2635, 0.450109, -87.5699, 0.732499, 128.885
4387, 73.10833, 120.997, 23.4832, 196.762, -142.002, 81.7406, 57.3252, 1.04525, -39.3516, 0.451645, -87.4971, 0.733222, 128.895
4387, 73.11667, 121.082, 23.3411, 196.724, -142.108, 81.6673, 57.3204, 1.04378, -39.4396, 0.453185, -87.4257, 0.733945, 128.906
4388, 73.12500, 121.166, 23.199, 196.686, -142.215, 81.5943, 57.3155, 1.0423, -39.5275, 0.454729, -87.3555, 0.734669, 128.916
4388, 73.13333, 121.249, 23.0569, 196.646, -142.322, 81.5218, 57.3103, 1.04081, -39.6154, 0.456276, -87.2865, 0.735392, 128.926
4388, 73.14167, 121.331, 22.9147, 196.606, -142.429, 81.4496, 57.305, 1.03931, -39.7031, 0.457827, -87.2188, 0.736115, 128.935
4389, 73.15000, 121.412, 22.7725, 196.564, -142.536, 81.3779, 57.2995, 1.0378, -39.7907, 0.459381, -87.1523, 0.736839, 128.944
4390, 73.15833, 121.491, 22.6302, 196.521, -142.644, 81.3065, 57.2938, 1.03629, -39.8783, 0.460938, -87.0871, 0.737562, 128.953
4390, 73.16666, 121.569, 22.4879, 196.478, -142.751, 81.2354, 57.2879, 1.03477, -39.9657, 0.462499, -87.0231, 0.738286, 128.962
4391, 73.17500, 121.647, 22.3456, 196.433, -142.858, 81.1648, 57.2818, 1.03324, -40.0531, 0.464063, -86.9603, 0.739009, 128.97
4391, 73.18333, 121.723, 22.2033, 196.387, -142.966, 81.0945, 57.2756, 1.0317, -40.1403, 0.46563, -86.8988, 0.739733, 128.978
4392, 73.19167, 121.797, 22.0609, 196.341, -143.073, 81.0246, 57.2691, 1.03015, -40.2274, 0.4672, -86.8384, 0.740456, 128.986
4392, 73.20000, 121.871, 21.9186, 196.293, -143.181, 80.955, 57.2624, 1.0286, -40.3144, 0.468773, -86.7792, 0.74118, 128.994
4393, 73.20834, 121.943, 21.7762, 196.244, -143.289, 80.8858, 57.2555, 1.02704, -40.4012, 0.47035, -86.7213, 0.741903, 129.001
4393, 73.21667, 122.014, 21.6338, 196.194, -143.397, 80.817, 57.2484, 1.02547, -40.488, 0.471929, -86.6645, 0.742626, 129.008
4394, 73.22500, 122.085, 21.4915, 196.143, -143.505, 80.7485, 57.2411, 1.02389, -40.5746, 0.47351, -86.6089, 0.743349, 129.015
4394, 73.23333, 122.153, 21.3491, 196.091, -143.613, 80.6803, 57.2336, 1.02231, -40.6611, 0.475095, -86.5544, 0.744072, 129.022
4395, 73.24167, 122.221, 21.2067, 196.038, -143.721, 80.6124, 57.2259, 1.02071, -40.7475, 0.476682, -86.5012, 0.744795, 129.028
4395, 73.25000, 122.287, 21.0643, 195.984, -143.829, 80.5449, 57.218, 1.01911, -40.8337, 0.478271, -86.449, 0.745517, 129.034
4396, 73.25833, 122.353, 20.922, 195.929, -143.937, 80.4777, 57.2098, 1.01751, -40.9198, 0.479863, -86.3981, 0.74624, 129.039
4396, 73.26667, 122.417, 20.7796, 195.873, -144.045, 80.4108, 57.2015, 1.01589, -41.0057, 0.481458, -86.3482, 0.746962, 129.045
4396, 73.27500, 122.48, 20.6373, 195.816, -144.153, 80.3443, 57.1929, 1.01427, -41.0915, 0.483055, -86.2995, 0.747683, 129.05
4397, 73.28333, 122.541, 20.495, 195.758, -144.262, 80.278, 57.1842, 1.01264, -41.1772, 0.484654, -86.252, 0.748405, 129.055
4398, 73.29166, 122.602, 20.3526, 195.699, -144.37, 80.2121, 57.1752, 1.011, -41.2627, 0.486255, -86.2055, 0.749126, 129.059
4398, 73.30000, 122.661, 20.2104, 195.638, -144.478, 80.1464, 57.166, 1.00936, -41.348, 0.487859, -86.1602, 0.749847, 129.064
4399, 73.30833, 122.719, 20.0681, 195.577, -144.587, 80.0811, 57.1565, 1.0077, -41.4332, 0.489464, -86.1159, 0.750568, 129.068
4399, 73.31667, 122.776, 19.9259, 195.514, -144.695, 80.016, 57.1469, 1.00604, -41.5182, 0.491072, -86.0728, 0.751288, 129.072
4400, 73.32500, 122.832, 19.7838, 195.451, -144.804, 79.9512, 57.137, 1.00438, -41.6031, 0.492681, -86.0307, 0.752008, 129.075
4400, 73.33334, 122.887, 19.6416, 195.386, -144.912, 79.8867, 57.127, 1.0027, -41.6877, 0.494292, -85.9898, 0.752727, 129.079
4401, 73.34167, 122.94, 19.4995, 195.321, -145.021, 79.8225, 57.1166, 1.00102, -41.7722, 0.495906, -85.9498, 0.753446, 129.082
4401, 73.35000, 122.992, 19.3575, 195.254, -145.13, 79.7585, 57.1061, 0.999333, -41.8566, 0.49752, -85.911, 0.754164, 129.084
4402, 73.35833, 123.043, 19.2155, 195.187, -145.238, 79.6948, 57.0954, 0.997637, -41.9407, 0.499137, -85.8732, 0.754882, 129.087
4402, 73.36667, 123.093, 19.0735, 195.118, -145.347, 79.6314, 57.0844, 0.995934, -42.0247, 0.500755, -85.8365, 0.7556, 129.089
4403, 73.37500, 123.142, 18.9317, 195.048, -145.456, 79.5682, 57.0732, 0.994224, -42.1085, 0.502374, -85.8008, 0.756317, 129.091
4403, 73.38333, 123.189, 18.7898, 194.977, -145.564, 79.5053, 57.0617, 0.992508, -42.1921, 0.503995, -85.7661, 0.757033, 129.093
4404, 73.39167, 123.235, 18.6481, 194.905, -145.673, 79.4426, 57.0501, 0.990784, -42.2755, 0.505617, -85.7325, 0.757749, 129.094
4404, 73.40000, 123.28, 18.5064, 194.832, -145.782, 79.3801, 57.0382, 0.989053, -42.3587, 0.50724, -85.6999, 0.758464, 129.095
4404, 73.40833, 123.324, 18.3647, 194.758, -145.891, 79.3179, 57.0261, 0.987316, -42.4417, 0.508865, -85.6683, 0.759179, 129.096
4405, 73.41666, 123.367, 18.2232, 194.683, -146, 79.256, 57.0137, 0.985571, -42.5245, 0.510491, -85.6377, 0.759893, 129.097
4406, 73.42500, 123.408, 18.0817, 194.607, -146.109, 79.1942, 57.0012, 0.98382, -42.6071, 0.512118, -85.608, 0.760607, 129.098
4406, 73.43333, 123.448, 17.9403, 194.53, -146.217, 79.1327, 56.9883, 0.982062, -42.6894, 0.513745, -85.5794, 0.761319, 129.098
4407, 73.44167, 123.487, 17.799, 194.452, -146.326, 79.0714, 56.9753, 0.980298, -42.7716, 0.515374, -85.5518, 0.762031, 129.098
4407, 73.45000, 123.525, 17.6577, 194.373, -146.435, 79.0103, 56.962, 0.978527, -42.8535, 0.517004, -85.5251, 0.762743, 129.097
4408, 73.45834, 123.562, 17.5166, 194.292, -146.544, 78.9494, 56.9485, 0.976749, -42.9353, 0.518634, -85.4994, 0.763453, 129.097
4408, 73.46667, 123.598, 17.3755, 194.211, -146.653, 78.8887, 56.9348, 0.974965, -43.0168, 0.520266, -85.4746, 0.764163, 129.096
4409, 73.47500, 123.632, 17.2345, 194.129, -146.761, 78.8283, 56.9208, 0.973175, -43.0981, 0.521898, -85.4508, 0.764872, 129.095
4409, 73.48333, 123.665, 17.0937, 194.045, -146.87, 78.768, 56.9066, 0.971378, -43.1791, 0.52353, -85.4279, 0.76558, 129.093
4410, 73.49167, 123.697, 16.9529, 193.961, -146.979, 78.7079, 56.8922, 0.969574, -43.2599, 0.525163, -85.406, 0.766288, 129.092
4410, 73.50000, 123.728, 16.8122, 193.875, -147.088, 78.648, 56.8775, 0.967764, -43.3405, 0.526797, -85.385, 0.766995, 129.09
4411, 73.50833, 123.757, 16.6717, 193.789, -147.197, 78.5883, 56.8626, 0.965949, -43.4208, 0.528431, -85.3649, 0.7677, 129.088
4411, 73.51667, 123.786, 16.5312, 193.701, -147.305, 78.5287, 56.8475, 0.964126, -43.5009, 0.530065, -85.3456, 0.768405, 129.086
4412, 73.52500, 123.813, 16.3909, 193.613, -147.414, 78.4694, 56.8321, 0.962298, -43.5808, 0.531699, -85.3274, 0.769109, 129.083
4412, 73.53333, 123.839, 16.2507, 193.523, -147.523, 78.4102, 56.8165, 0.960464, -43.6604, 0.533334, -85.31, 0.769812, 129.08
4412, 73.54166, 123.864, 16.1106, 193.433, -147.632, 78.3511, 56.8007, 0.958624, -43.7397, 0.534969, -85.2934, 0.770514, 129.077
4413, 73.55000, 123.888, 15.9706, 193.341, -147.74, 78.2923, 56.7846, 0.956777, -43.8188, 0.536604, -85.2778, 0.771216, 129.074
4414, 73.55833, 123.911, 15.8308, 193.248, -147.849, 78.2336, 56.7683, 0.954925, -43.8976, 0.538239, -85.263, 0.771916, 129.07
4414, 73.56667, 123.932, 15.691, 193.155, -147.957, 78.175, 56.7517, 0.953067, -43.9762, 0.539874, -85.2491, 0.772615, 129.067
4415, 73.57500, 123.952, 15.5515, 193.06, -148.066, 78.1166, 56.7349, 0.951203, -44.0545, 0.541509, -85.236, 0.773313, 129.062
4415, 73.58334, 123.972, 15.412, 192.964, -148.174, 78.0583, 56.7179, 0.949333, -44.1325, 0.543143, -85.2238, 0.77401, 129.058
4416, 73.59167, 123.99, 15.2727, 192.868, -148.283, 78.0002, 56.7007, 0.947458, -44.2103, 0.544778, -85.2124, 0.774706, 129.054
4416, 73.60000, 124.006, 15.1335, 192.77, -148.391, 77.9422, 56.6832, 0.945577, -44.2878, 0.546412, -85.2019, 0.775401, 129.049
4417, 73.60833, 124.022, 14.9945, 192.671, -148.5, 77.8843, 56.6655, 0.94369, -44.365, 0.548046, -85.1921, 0.776095, 129.044
4417, 73.61667, 124.037, 14.8556, 192.572, -148.608, 77.8265, 56.6475, 0.941798, -44.4419, 0.549679, -85.1832, 0.776788, 129.039
4418, 73.62500, 124.05, 14.7169, 192.471, -148.716, 77.7689, 56.6293, 0.9399, -44.5185, 0.551312, -85.1751, 0.77748, 129.033
4418, 73.63333, 124.062, 14.5783, 192.369, -148.824, 77.7114, 56.6109, 0.937997, -44.5948, 0.552944, -85.1678, 0.77817, 129.028
4419, 73.64167, 124.074, 14.4399, 192.267, -148.933, 77.654, 56.5922, 0.936088, -44.6709, 0.554576, -85.1613, 0.77886, 129.022
4419, 73.65000, 124.084, 14.3016, 192.163, -149.041, 77.5968, 56.5733, 0.934175, -44.7466, 0.556207, -85.1556, 0.779548, 129.016
4420, 73.65833, 124.092, 14.1635, 192.059, -149.149, 77.5396, 56.5542, 0.932256, -44.8221, 0.557838, -85.1506, 0.780235, 129.009
4420, 73.66666, 124.1, 14.0256, 191.953, -149.257, 77.4825, 56.5348, 0.930331, -44.8972, 0.559468, -85.1464, 0.78092, 129.003
4420, 73.67500, 124.107, 13.8878, 191.846, -149.365, 77.4255, 56.5152, 0.928402, -44.9721, 0.561097, -85.143, 0.781605, 128.996
4421, 73.68333, 124.112, 13.7502, 191.739, -149.472, 77.3687, 56.4954, 0.926468, -45.0466, 0.562724, -85.1403, 0.782288, 128.989
4422, 73.69167, 124.117, 13.6128, 191.63, -149.58, 77.3119, 56.4753, 0.924528, -45.1208, 0.564352, -85.1384, 0.78297, 128.982
4422, 73.70000, 124.12, 13.4756, 191.521, -149.688, 77.2552, 56.455, 0.922584, -45.1947, 0.565978, -85.1372, 0.78365, 128.974
4423, 73.70834, 124.122, 13.3385, 191.411, -149.796, 77.1986, 56.4345, 0.920635, -45.2683, 0.567603, -85.1368, 0.78433, 128.966
4423, 73.71667, 124.123, 13.2016, 191.299, -149.903, 77.1421, 56.4137, 0.91868, -45.3416, 0.569227, -85.137, 0.785008, 128.959
4424, 73.72500, 124.123, 13.0649, 191.187, -150.011, 77.0856, 56.3927, 0.916721, -45.4145, 0.570849, -85.138, 0.785684, 128.95
4424, 73.73333, 124.122, 12.9284, 191.074, -150.118, 77.0292, 56.3715, 0.914758, -45.4871, 0.572471, -85.1397, 0.786359, 128.942
4425, 73.74167, 124.12, 12.7921, 190.96, -150.225, 76.9729, 56.35, 0.91279, -45.5594, 0.574091, -85.1421, 0.787033, 128.933
4425, 73.75000, 124.117, 12.656, 190.845, -150.332, 76.9166, 56.3283, 0.910817, -45.6314, 0.57571, -85.1452, 0.787705, 128.925
4426, 73.75833, 124.112, 12.52, 190.729, -150.439, 76.8605, 56.3064, 0.908839, -45.703, 0.577328, -85.149, 0.788376, 128.916
4426, 73.76667, 124.107, 12.3843, 190.612, -150.546, 76.8043, 56.2843, 0.906857, -45.7742, 0.578944, -85.1535, 0.789046, 128.906
4427, 73.77500, 124.1, 12.2488, 190.494, -150.653, 76.7483, 56.2619, 0.904871, -45.8451, 0.580559, -85.1586, 0.789714, 128.897
4427, 73.78333, 124.093, 12.1134, 190.375, -150.76, 76.6922, 56.2393, 0.902881, -45.9157, 0.582172, -85.1644, 0.79038, 128.887
4428, 73.79166, 124.084, 11.9783, 190.255, -150.867, 76.6363, 56.2165, 0.900886, -45.986, 0.583784, -85.1709, 0.791045, 128.877
4428, 73.80000, 124.074, 11.8434, 190.135, -150.974, 76.5803, 56.1935, 0.898887, -46.0558, 0.585394, -85.178, 0.791709, 128.867
4428, 73.80833, 124.063, 11.7087, 190.013, -151.08, 76.5244, 56.1702, 0.896884, -46.1253, 0.587002, -85.1858, 0.792371, 128.857
4429, 73.81667, 124.052, 11.5742, 189.891, -151.186, 76.4686, 56.1467, 0.894876, -46.1945, 0.588609, -85.1942, 0.793032, 128.847
4430, 73.82500, 124.039, 11.44, 189.768, -151.293, 76.4128, 56.123, 0.892865, -46.2633, 0.590213, -85.2032, 0.79369, 128.836
4430, 73.83334, 124.025, 11.3059, 189.644, -151.399, 76.357, 56.099, 0.89085, -46.3317, 0.591816, -85.2129, 0.794348, 128.825
4431, 73.84167, 124.01, 11.1721, 189.519, -151.505, 76.3012, 56.0749, 0.88883, -46.3998, 0.593418, -85.2232, 0.795003, 128.814
4431, 73.85000, 123.994, 11.0385, 189.393, -151.611, 76.2455, 56.0505, 0.886807, -46.4675, 0.595017, -85.234, 0.795658, 128.803
4432, 73.85833, 123.977, 10.9051, 189.266, -151.717, 76.1898, 56.0259, 0.88478, -46.5348, 0.596614, -85.2455, 0.79631, 128.791
4432, 73.86667, 123.959, 10.772, 189.138, -151.823, 76.134, 56.0011, 0.882749, -46.6017, 0.59821, -85.2576, 0.796961, 128.779
4433, 73.87500, 123.939, 10.6391, 189.01, -151.928, 76.0784, 55.976, 0.880715, -46.6683, 0.599803, -85.2703, 0.79761, 128.768
4433, 73.88333, 123.919, 10.5064, 188.881, -152.034, 76.0227, 55.9508, 0.878677, -46.7345, 0.601394, -85.2836, 0.798258, 128.756
4434, 73.89167, 123.898, 10.374, 188.75, -152.139, 75.967, 55.9253, 0.876636, -46.8002, 0.602983, -85.2974, 0.798904, 128.743
4434, 73.90000, 123.876, 10.2418, 188.62, -152.244, 75.9114, 55.8996, 0.874591, -46.8656, 0.60457, -85.3118, 0.799548, 128.731
4435, 73.90833, 123.853, 10.1099, 188.488, -152.349, 75.8557, 55.8737, 0.872543, -46.9306, 0.606154, -85.3268, 0.80019, 128.718
4435, 73.91666, 123.829, 9.97817, 188.355, -152.454, 75.8001, 55.8476, 0.870491, -46.9953, 0.607737, -85.3423, 0.800831, 128.705
4436, 73.92500, 123.804, 9.84672, 188.222, -152.559, 75.7444, 55.8213, 0.868436, -47.0595, 0.609317, -85.3584, 0.80147, 128.692
4436, 73.93333, 123.777, 9.71552, 188.087, -152.664, 75.6888, 55.7947, 0.866378, -47.1233, 0.610894, -85.375, 0.802107, 128.679
4436, 73.94167, 123.75, 9.58456, 187.952, -152.769, 75.6331, 55.768, 0.864316, -47.1867, 0.61247, -85.3922, 0.802742, 128.665
4437, 73.95000, 123.722, 9.45387, 187.817, -152.873, 75.5774, 55.741, 0.862252, -47.2497, 0.614042, -85.4099, 0.803376, 128.652
4438, 73.95834, 123.693, 9.32343, 187.68, -152.977, 75.5217, 55.7138, 0.860184, -47.3123, 0.615613, -85.4281, 0.804008, 128.638
4438, 73.96667, 123.663, 9.19324, 187.543, -153.081, 75.466, 55.6865, 0.858114, -47.3745, 0.617181, -85.4469, 0.804638, 128.624
4439, 73.97500, 123.632, 9.06333, 187.404, -153.185, 75.4103, 55.6589, 0.85604, -47.4362, 0.618746, -85.4661, 0.805266, 128.61
4439, 73.98333, 123.6, 8.93368, 187.265, -153.289, 75.3545, 55.6311, 0.853964, -47.4976, 0.620309, -85.4859, 0.805893, 128.596
4440, 73.99167, 123.568, 8.80428, 187.126, -153.393, 75.2987, 55.6031, 0.851885, -47.5585, 0.621869, -85.5061, 0.806517, 128.581
4440, 74.00000, 123.534, 8.67517, 186.985, -153.497, 75.2429, 55.5749, 0.849803, -47.619, 0.623426, -85.5269, 0.80714, 128.566
4441, 74.00833, 123.499, 8.54632, 186.844, -153.6, 75.1871, 55.5465, 0.847719, -47.6791, 0.624981, -85.5481, 0.807761, 128.551
4441, 74.01667, 123.463, 8.41774, 186.702, -153.703, 75.1312, 55.5179, 0.845632, -47.7387, 0.626533, -85.5699, 0.80838, 128.536
4441, 74.02500, 123.427, 8.28944, 186.559, -153.806, 75.0753, 55.4891, 0.843542, -47.7979, 0.628082, -85.5921, 0.808997, 128.521
4442, 74.03333, 123.389, 8.16142, 186.416, -153.909, 75.0194, 55.4601, 0.84145, -47.8567, 0.629628, -85.6147, 0.809612, 128.506
4443, 74.04166, 123.351, 8.03366, 186.271, -154.012, 74.9634, 55.4309, 0.839355, -47.915, 0.631172, -85.6379, 0.810225, 128.49
4443, 74.05000, 123.312, 7.9062, 186.127, -154.115, 74.9074, 55.4015, 0.837259, -47.9729, 0.632713, -85.6615, 0.810836, 128.474
4444, 74.05833, 123.271, 7.77903, 185.981, -154.217, 74.8513, 55.3719, 0.83516, -48.0304, 0.63425, -85.6855, 0.811446, 128.458
4444, 74.06667, 123.23, 7.65212, 185.835, -154.319, 74.7952, 55.3422, 0.833058, -48.0874, 0.635785, -85.71, 0.812053, 128.442
4444, 74.07500, 123.188, 7.52552, 185.688, -154.422, 74.739, 55.3122, 0.830954, -48.1439, 0.637317, -85.7349, 0.812658, 128.426
4445, 74.08334, 123.146, 7.3992, 185.54, -154.524, 74.6828, 55.282, 0.828849, -48.2, 0.638846, -85.7603, 0.813262, 128.409
4446, 74.09167, 123.102, 7.27317, 185.391, -154.625, 74.6266, 55.2517, 0.826741, -48.2557, 0.640371, -85.7861, 0.813863, 128.393
4446, 74.10000, 123.057, 7.14744, 185.242, -154.727, 74.5703, 55.2211, 0.824631, -48.3109, 0.641894, -85.8123, 0.814463, 128.376
4447, 74.10833, 123.012, 7.022, 185.093, -154.828, 74.5139, 55.1904, 0.82252, -48.3656, 0.643414, -85.839, 0.81506, 128.359
4447, 74.11667, 122.965, 6.89685, 184.942, -154.93, 74.4574, 55.1595, 0.820406, -48.4199, 0.64493, -85.866, 0.815655, 128.342
4448, 74.12500, 122.918, 6.77201, 184.791, -155.031, 74.4009, 55.1284, 0.81829, -48.4737, 0.646443, -85.8935, 0.816249, 128.325
4448, 74.13333, 122.87, 6.64747, 184.639, -155.132, 74.3444, 55.0971, 0.816173, -48.527, 0.647953, -85.9214, 0.81684, 128.307
4449, 74.14167, 122.821, 6.52322, 184.487, -155.233, 74.2878, 55.0656, 0.814054, -48.5798, 0.64946, -85.9496, 0.817429, 128.29
4449, 74.15000, 122.772, 6.3993, 184.334, -155.333, 74.2311, 55.034, 0.811934, -48.6322, 0.650964, -85.9783, 0.818016, 128.272
4449, 74.15833, 122.721, 6.27567, 184.18, -155.434, 74.1743, 55.0022, 0.809812, -48.6841, 0.652464, -86.0073, 0.818602, 128.254
4450, 74.16666, 122.67, 6.15234, 184.026, -155.534, 74.1175, 54.9701, 0.807688, -48.7356, 0.653961, -86.0367, 0.819185, 128.236
4451, 74.17500, 122.618, 6.02934, 183.871, -155.634, 74.0606, 54.938, 0.805563, -48.7865, 0.655455, -86.0665, 0.819766, 128.218
4451, 74.18333, 122.565, 5.90664, 183.716, -155.734, 74.0036, 54.9056, 0.803437, -48.837, 0.656945, -86.0967, 0.820344, 128.199
4452, 74.19167, 122.511, 5.78425, 183.56, -155.833, 73.9465, 54.8731, 0.801309, -48.887, 0.658432, -86.1272, 0.820921, 128.181
4452, 74.20000, 122.456, 5.66219, 183.403, -155.933, 73.8894, 54.8404, 0.79918, -48.9365, 0.659916, -86.1581, 0.821496, 128.162
4453, 74.20834, 122.401, 5.54044, 183.246, -156.032, 73.8322, 54.8075, 0.797049, -48.9855, 0.661396, -86.1893, 0.822068, 128.143
4453, 74.21667, 122.345, 5.41899, 183.088, -156.131, 73.7749, 54.7744, 0.794918, -49.034, 0.662872, -86.2209, 0.822639, 128.124
4454, 74.22500, 122.288, 5.29789, 182.929, -156.23, 73.7175, 54.7412, 0.792785, -49.082, 0.664345, -86.2528, 0.823207, 128.105
4454, 74.23333, 122.231, 5.1771, 182.77, -156.329, 73.66, 54.7078, 0.790652, -49.1295, 0.665815, -86.2851, 0.823773, 128.086
4455, 74.24167, 122.172, 5.05662, 182.611, -156.427, 73.6025, 54.6743, 0.788517, -49.1765, 0.667281, -86.3177, 0.824337, 128.067
4455, 74.25000, 122.113, 4.93648, 182.451, -156.526, 73.5448, 54.6406, 0.786381, -49.223, 0.668744, -86.3507, 0.824899, 128.047
4456, 74.25833, 122.053, 4.81667, 182.29, -156.624, 73.4871, 54.6067, 0.784245, -49.269, 0.670203, -86.3839, 0.825458, 128.027
4456, 74.26667, 121.992, 4.69717, 182.129, -156.722, 73.4293, 54.5726, 0.782107, -49.3145, 0.671658, -86.4175, 0.826016, 128.008
4457, 74.27500, 121.931, 4.57802, 181.967, -156.819, 73.3714, 54.5384, 0.779969, -49.3595, 0.67311, -86.4514, 0.826571, 127.988
4457, 74.28333, 121.869, 4.4592, 181.805, -156.917, 73.3134, 54.5041, 0.77783, -49.4039, 0.674558, -86.4856, 0.827124, 127.968
4457, 74.29166, 121.806, 4.34069, 181.642, -157.014, 73.2553, 54.4695, 0.775691, -49.4478, 0.676003, -86.5201, 0.827675, 127.947
4458, 74.30000, 121.743, 4.22254, 181.479, -157.111, 73.1971, 54.4348, 0.773551, -49.4913, 0.677444, -86.5549, 0.828223, 127.927
4459, 74.30833, 121.678, 4.10472, 181.315, -157.208, 73.1388, 54.4, 0.77141, -49.5342, 0.678881, -86.59, 0.82877, 127.906
4459, 74.31667, 121.613, 3.98722, 181.151, -157.305, 73.0804, 54.365, 0.769269, -49.5765, 0.680314, -86.6254, 0.829314, 127.886
4460, 74.32500, 121.548, 3.87008, 180.986, -157.402, 73.0219, 54.3299, 0.767127, -49.6184, 0.681744, -86.6611, 0.829856, 127.865
4460, 74.33334, 121.482, 3.75327, 180.821, -157.498, 72.9633, 54.2946, 0.764985, -49.6597, 0.68317, -86.6971, 0.830396, 127.844
4461, 74.34167, 121.415, 3.6368, 180.655, -157.594, 72.9046, 54.2591, 0.762842, -49.7005, 0.684592, -86.7334, 0.830933, 127.823
4461, 74.35000, 121.347, 3.52067, 180.489, -157.69, 72.8457, 54.2235, 0.7607, -49.7407, 0.68601, -86.7699, 0.831468, 127.802
4462, 74.35833, 121.279, 3.4049, 180.323, -157.785, 72.7868, 54.1878, 0.758557, -49.7804, 0.687425, -86.8067, 0.832001, 127.78
4462, 74.36667, 121.21, 3.28945, 180.156, -157.881, 72.7278, 54.1519, 0.756414, -49.8196, 0.688836, -86.8437, 0.832532, 127.759
4463, 74.37500, 121.14, 3.17437, 179.988, -157.976, 72.6687, 54.1158, 0.75427, -49.8582, 0.690243, -86.8811, 0.83306, 127.737
4463, 74.38333, 121.07, 3.05963, 179.82, -158.071, 72.6095, 54.0797, 0.752127, -49.8963, 0.691646, -86.9186, 0.833587, 127.716
4464, 74.39167, 120.999, 2.94522, 179.652, -158.166, 72.5501, 54.0433, 0.749984, -49.9338, 0.693046, -86.9565, 0.83411, 127.694
4464, 74.40000, 120.927, 2.83118, 179.483, -158.261, 72.4907, 54.0069, 0.74784, -49.9708, 0.694441, -86.9946, 0.834632, 127.672
4465, 74.40833, 120.855, 2.7175, 179.314, -158.355, 72.4311, 53.9703, 0.745697, -50.0072, 0.695832, -87.0329, 0.835151, 127.65
4465, 74.41666, 120.782, 2.60415, 179.144, -158.449, 72.3714, 53.9335, 0.743554, -50.0431, 0.69722, -87.0715, 0.835668, 127.627
4465, 74.42500, 120.709, 2.49116, 178.974, -158.543, 72.3116, 53.8966, 0.741411, -50.0784, 0.698604, -87.1103, 0.836183, 127.605
4466, 74.43333, 120.635, 2.37854, 178.804, -158.637, 72.2517, 53.8596, 0.739268, -50.1132, 0.699984, -87.1493, 0.836695, 127.583
4467, 74.44167, 120.56, 2.26625, 178.633, -158.73, 72.1917, 53.8225, 0.737125, -50.1474, 0.70136, -87.1886, 0.837206, 127.56
4467, 74.45000, 120.485, 2.15434, 178.462, -158.824, 72.1315, 53.7852, 0.734983, -50.181, 0.702732, -87.2281, 0.837713, 127.537
4468, 74.45834, 120.409, 2.04278, 178.29, -158.917, 72.0713, 53.7478, 0.732842, -50.2141, 0.7041, -87.2678, 0.838219, 127.515
4468, 74.46667, 120.333, 1.93157, 178.118, -159.01, 72.0109, 53.7102, 0.7307, -50.2466, 0.705464, -87.3077, 0.838722, 127.492
4469, 74.47500, 120.256, 1.82073, 177.946, -159.102, 71.9504, 53.6725, 0.728559, -50.2785, 0.706824, -87.3479, 0.839223, 127.469
4469, 74.48333, 120.178, 1.71025, 177.774, -159.195, 71.8898, 53.6347, 0.726419, -50.3098, 0.70818, -87.3882, 0.839721, 127.445
4470, 74.49167, 120.1, 1.60012, 177.601, -159.287, 71.829, 53.5968, 0.724279, -50.3406, 0.709532, -87.4288, 0.840217, 127.422
4470, 74.50000, 120.022, 1.49037, 177.427, -159.379, 71.7682, 53.5587, 0.722139, -50.3708, 0.71088, -87.4695, 0.840711, 127.399
4471, 74.50833, 119.942, 1.38098, 177.254, -159.471, 71.7072, 53.5206, 0.720001, -50.4004, 0.712225, -87.5105, 0.841203, 127.375
4471, 74.51667, 119.863, 1.27195, 177.08, -159.562, 71.6461, 53.4823, 0.717863, -50.4294, 0.713565, -87.5517, 0.841692, 127.352
4472, 74.52500, 119.782, 1.16329, 176.906, -159.654, 71.5848, 53.4438, 0.715726, -50.4579, 0.714901, -87.593, 0.842178, 127.328
4472, 74.53333, 119.702, 1.055, 176.731, -159.745, 71.5235, 53.4053, 0.713589, -50.4857, 0.716233, -87.6346, 0.842663, 127.304
4473, 74.54166, 119.62, 0.947063, 176.556, -159.836, 71.462, 53.3666, 0.711453, -50.513, 0.717561, -87.6763, 0.843145, 127.28
4473, 74.55000, 119.539, 0.839508, 176.381, -159.926, 71.4004, 53.3278, 0.709319, -50.5397, 0.718885, -87.7182, 0.843625, 127.256
4473, 74.55833, 119.456, 0.732322, 176.206, -160.017, 71.3387, 53.2889, 0.707185, -50.5657, 0.720205, -87.7603, 0.844102, 127.232
4474, 74.56667, 119.373, 0.625494, 176.03, -160.107, 71.2768, 53.2499, 0.705052, -50.5912, 0.721521, -87.8025, 0.844577, 127.208
4475, 74.57500, 119.29, 0.519049, 175.854, -160.197, 71.2148, 53.2108, 0.70292, -50.6161, 0.722833, -87.8449, 0.845049, 127.183
4475, 74.58334, 119.206, 0.412975, 175.678, -160.286, 71.1527, 53.1716, 0.70079, -50.6403, 0.72414, -87.8875, 0.84552, 127.159
4476, 74.59167, 119.122, 0.307261, 175.501, -160.376, 71.0905, 53.1322, 0.69866, -50.664, 0.725444, -87.9303, 0.845987, 127.134
4476, 74.60000, 119.037, 0.201933, 175.324, -160.465, 71.0281, 53.0928, 0.696531, -50.687, 0.726743, -87.9732, 0.846453, 127.109
4477, 74.60833, 118.952, 0.0969791, 175.147, -160.554, 70.9656, 53.0532, 0.694404, -50.7095, 0.728039, -88.0163, 0.846916, 127.085
4477, 74.61667, 118.867, -0.00761308, 174.97, -160.643, 70.903, 53.0135, 0.692278, -50.7313, 0.72933, -88.0595, 0.847377, 127.06
4478, 74.62500, 118.78, -0.111818, 174.793, -160.731, 70.8402, 52.9737, 0.690153, -50.7525, 0.730618, -88.1029, 0.847835, 127.035
4478, 74.63333, 118.694, -0.215646, 174.615, -160.82, 70.7773, 52.9339, 0.688029, -50.7731, 0.731901, -88.1465, 0.848291, 127.01
4479, 74.64167, 118.607, -0.319111, 174.437, -160.908, 70.7143, 52.8939, 0.685907, -50.7931, 0.73318, -88.1902, 0.848744, 126.984
4479, 74.65000, 118.519, -0.422186, 174.259, -160.996, 70.6511, 52.8538, 0.683786, -50.8124, 0.734455, -88.234, 0.849195, 126.959
4480, 74.65833, 118.432, -0.524883, 174.081, -161.083, 70.5879, 52.8136, 0.681667, -50.8311, 0.735726, -88.278, 0.849644, 126.934
4480, 74.66666, 118.343, -0.627214, 173.902, -161.171, 70.5244, 52.7733, 0.679549, -50.8492, 0.736993, -88.3221, 0.85009, 126.908
4481, 74.67500, 118.255, -0.729154, 173.723, -161.258, 70.4609, 52.7329, 0.677432, -50.8667, 0.738256, -88.3663, 0.850534, 126.883
4481, 74.68333, 118.166, -0.830714, 173.544, -161.345, 70.3972, 52.6924, 0.675317, -50.8835, 0.739514, -88.4107, 0.850975, 126.857
4481, 74.69167, 118.076, -0.931907, 173.365, -161.432, 70.3334, 52.6518, 0.673204, -50.8997, 0.740769, -88.4552, 0.851414, 126.831
4482, 74.70000, 117.986, -1.03271, 173.186, -161.518, 70.2694, 52.6111, 0.671092, -50.9152, 0.742019, -88.4998, 0.851851, 126.805
4483, 74.70834, 117.896, -1.13313, 173.006, -161.604, 70.2053, 52.5703, 0.668982, -50.9301, 0.743265, -88.5445, 0.852285, 126.779
4483, 74.71667, 117.805, -1.23317, 172.827, -161.69, 70.1411, 52.5295, 0.666874, -50.9444, 0.744508, -88.5894, 0.852717, 126.753
4484, 74.72500, 117.714, -1.33283, 172.647, -161.776, 70.0768, 52.4885, 0.664767, -50.958, 0.745746, -88.6344, 0.853146, 126.727
4484, 74.73333, 117.623, -1.4321, 172.467, -161.862, 70.0123, 52.4475, 0.662662, -50.971, 0.74698, -88.6795, 0.853573, 126.701
4485, 74.74167, 117.531, -1.531, 172.287, -161.947, 69.9477, 52.4063, 0.660559, -50.9833, 0.74821, -88.7247, 0.853998, 126.675
4485, 74.75000, 117.439, -1.62951, 172.107, -162.032, 69.8829, 52.3651, 0.658458, -50.995, 0.749435, -88.77, 0.85442, 126.648
4486, 74.75833, 117.346, -1.72763, 171.926, -162.117, 69.818, 52.3238, 0.656358, -51.006, 0.750657, -88.8155, 0.85484, 126.622
4486, 74.76667, 117.254, -1.82538, 171.746, -162.201, 69.753, 52.2823, 0.654261, -51.0163, 0.751874, -88.861, 0.855257, 126.595
4487, 74.77500, 117.16, -1.92274, 171.565, -162.286, 69.6878, 52.2409, 0.652165, -51.026, 0.753088, -88.9066, 0.855672, 126.568
4487, 74.78333, 117.067, -2.0197, 171.385, -162.37, 69.6225, 52.1993, 0.650072, -51.035, 0.754297, -88.9524, 0.856084, 126.541
4488, 74.79166, 116.973, -2.1163, 171.204, -162.454, 69.5571, 52.1576, 0.64798, -51.0434, 0.755502, -88.9982, 0.856494, 126.515
4488, 74.80000, 116.879, -2.2125, 171.023, -162.537, 69.4915, 52.1159, 0.64589, -51.051, 0.756703, -89.0441, 0.856901, 126.488
4489, 74.80833, 116.784, -2.30831, 170.842, -162.621, 69.4258, 52.0741, 0.643803, -51.0581, 0.7579, -89.0901, 0.857306, 126.461
4489, 74.81667, 116.69, -2.40375, 170.661, -162.704, 69.36, 52.0321, 0.641718, -51.0644, 0.759094, -89.1363, 0.857709, 126.433
4489, 74.82500, 116.595, -2.49879, 170.48, -162.787, 69.294, 51.9902, 0.639635, -51.07, 0.760282, -89.1825, 0.858109, 126.406
4490, 74.83334, 116.499, -2.59344, 170.298, -162.869, 69.2279, 51.9481, 0.637554, -51.075, 0.761467, -89.2287, 0.858507, 126.379
4491, 74.84167, 116.404, -2.68772, 170.117, -162.952, 69.1616, 51.906, 0.635475, -51.0793, 0.762648, -89.2751, 0.858902, 126.352
4491, 74.85000, 116.308, -2.78159, 169.936, -163.034, 69.0952, 51.8638, 0.633398, -51.0829, 0.763824, -89.3216, 0.859295, 126.324
4492, 74.85833, 116.211, -2.87509, 169.754, -163.116, 69.0287, 51.8215, 0.631324, -51.0858, 0.764997, -89.3681, 0.859685, 126.297
4492, 74.86667, 116.115, -2.9682, 169.573, -163.198, 68.962, 51.7791, 0.629252, -51.088, 0.766165, -89.4147, 0.860073, 126.269
4493, 74.87500, 116.018, -3.06091, 169.391, -163.279, 68.8952, 51.7367, 0.627182, -51.0896, 0.76733, -89.4614, 0.860459, 126.241
4493, 74.88333, 115.921, -3.15324, 169.21, -163.361, 68.8283, 51.6942, 0.625115, -51.0904, 0.76849, -89.5081, 0.860842, 126.213
4494, 74.89167, 115.824, -3.24519, 169.028, -163.442, 68.7612, 51.6516, 0.62305, -51.0905, 0.769646, -89.5549, 0.861222, 126.186
4494, 74.90000, 115.726, -3.33674, 168.846, -163.522, 68.694, 51.6089, 0.620988, -51.0899, 0.770798, -89.6018, 0.8616, 126.158
4495, 74.90833, 115.629, -3.42791, 168.664, -163.603, 68.6267, 51.5662, 0.618928, -51.0886, 0.771947, -89.6488, 0.861976, 126.13
4495, 74.91666, 115.53, -3.51869, 168.483, -163.683, 68.5592, 51.5234, 0.61687, -51.0867, 0.773091, -89.6958, 0.862349, 126.101
4496, 74.92500, 115.432, -3.60907, 168.301, -163.763, 68.4916, 51.4806, 0.614815, -51.0839, 0.774231, -89.7429, 0.86272, 126.073
4496, 74.93333, 115.334, -3.69907, 168.119, -163.843, 68.4238, 51.4377, 0.612763, -51.0805, 0.775367, -89.79, 0.863088, 126.045
4497, 74.94167, 115.235, -3.78869, 167.937, -163.923, 68.3559, 51.3947, 0.610712, -51.0764, 0.776499, -89.8372, 0.863454, 126.017
4497, 74.95000, 115.136, -3.87791, 167.756, -164.002, 68.2879, 51.3516, 0.608665, -51.0715, 0.777627, -89.8845, 0.863817, 125.988
4497, 74.95834, 115.037, -3.96673, 167.574, -164.081, 68.2197, 51.3085, 0.606621, -51.0659, 0.778751, -89.9318, 0.864178, 125.96
4498, 74.96667, 114.938, -4.05518, 167.392, -164.16, 68.1514, 51.2653, 0.604578, -51.0596, 0.779871, -89.9792, 0.864536, 125.931
4499, 74.97500, 114.838, -4.14324, 167.21, -164.239, 68.083, 51.2221, 0.602539, -51.0526, 0.780987, -90.0266, 0.864892, 125.902
4499, 74.98333, 114.738, -4.2309, 167.029, -164.317, 68.0144, 51.1788, 0.600502, -51.0448, 0.782099, -90.074, 0.865245, 125.874
4500, 74.99167, 114.639, -4.31818, 166.847, -164.396, 67.9457, 51.1355, 0.598468, -51.0363, 0.783207, -90.1215, 0.865596, 125.845
4500, 75.00000, 114.538, -4.40506, 166.665, -164.474, 67.8768, 51.092, 0.596437, -51.027, 0.784311, -90.1691, 0.865945, 125.816
4501, 75.00833, 114.438, -4.49156, 166.484, -164.551, 67.8078, 51.0486, 0.594409, -51.017, 0.785411, -90.2167, 0.866291, 125.787
4501, 75.01667, 114.338, -4.57767, 166.302, -164.629, 67.7387, 51.005, 0.592383, -51.0063, 0.786507, -90.2643, 0.866634, 125.758
4502, 75.02500, 114.237, -4.66339, 166.12, -164.706, 67.6694, 50.9615, 0.59036, -50.9948, 0.787599, -90.312, 0.866975, 125.729
4502, 75.03333, 114.136, -4.74872, 165.939, -164.783, 67.6001, 50.9178, 0.588341, -50.9825, 0.788687, -90.3597, 0.867314, 125.7
4503, 75.04166, 114.035, -4.83366, 165.757, -164.86, 67.5305, 50.8741, 0.586323, -50.9695, 0.789771, -90.4075, 0.86765, 125.67
4503, 75.05000, 113.934, -4.91821, 165.576, -164.937, 67.4608, 50.8304, 0.584309, -50.9557, 0.790852, -90.4553, 0.867983, 125.641
4504, 75.05833, 113.833, -5.00237, 165.395, -165.013, 67.391, 50.7866, 0.582298, -50.9412, 0.791928, -90.5031, 0.868314, 125.612
4504, 75.06667, 113.732, -5.08615, 165.213, -165.089, 67.3211, 50.7427, 0.58029, -50.9259, 0.793, -90.551, 0.868643, 125.582
4505, 75.07500, 113.63, -5.16954, 165.032, -165.165, 67.251, 50.6988, 0.578285, -50.9098, 0.794069, -90.5989, 0.868969, 125.553
4505, 75.08334, 113.529, -5.25253, 164.851, -165.241, 67.1808, 50.6549, 0.576283, -50.893, 0.795134, -90.6468, 0.869293, 125.523
4505, 75.09167, 113.427, -5.33515, 164.67, -165.316, 67.1105, 50.6109, 0.574283, -50.8754, 0.796194, -90.6947, 0.869614, 125.493
4506, 75.10000, 113.325, -5.41737, 164.489, -165.391, 67.04, 50.5668, 0.572287, -50.857, 0.797251, -90.7427, 0.869932, 125.464
4507, 75.10833, 113.223, -5.4992, 164.308, -165.466, 66.9693, 50.5227, 0.570294, -50.8378, 0.798304, -90.7907, 0.870248, 125.434
4507, 75.11667, 113.121, -5.58065, 164.127, -165.541, 66.8986, 50.4785, 0.568304, -50.8178, 0.799353, -90.8387, 0.870562, 125.404
4508, 75.12500, 113.019, -5.66171, 163.946, -165.616, 66.8277, 50.4344, 0.566317, -50.797, 0.800398, -90.8868, 0.870873, 125.374
4508, 75.13333, 112.916, -5.74237, 163.766, -165.69, 66.7567, 50.3901, 0.564333, -50.7755, 0.80144, -90.9348, 0.871182, 125.344
4509, 75.14167, 112.814, -5.82266, 163.585, -165.764, 66.6855, 50.3458, 0.562353, -50.7531, 0.802477, -90.9829, 0.871488, 125.314
4509, 75.15000, 112.711, -5.90256, 163.405, -165.838, 66.6142, 50.3015, 0.560375, -50.7299, 0.803511, -91.031, 0.871791, 125.284
4510, 75.15833, 112.609, -5.98206, 163.225, -165.911, 66.5428, 50.2571, 0.558401, -50.706, 0.804541, -91.0792, 0.872092, 125.254
4510, 75.16666, 112.506, -6.06119, 163.044, -165.985, 66.4712, 50.2127, 0.55643, -50.6812, 0.805567, -91.1273, 0.872391, 125.223
4511, 75.17500, 112.403, -6.13993, 162.864, -166.058, 66.3995, 50.1682, 0.554462, -50.6556, 0.806589, -91.1755, 0.872687, 125.193
4511, 75.18333, 112.301, -6.21827, 162.684, -166.131, 66.3277, 50.1237, 0.552498, -50.6292, 0.807608, -91.2236, 0.87298, 125.162
4512, 75.19167, 112.198, -6.29624, 162.505, -166.204, 66.2557, 50.0792, 0.550537, -50.6019, 0.808622, -91.2718, 0.873271, 125.132
4512, 75.20000, 112.095, -6.37382, 162.325, -166.276, 66.1836, 50.0346, 0.548579, -50.5738, 0.809633, -91.32, 0.87356, 125.101
4513, 75.20834, 111.992, -6.45101, 162.145, -166.348, 66.1114, 49.99, 0.546624, -50.5449, 0.81064, -91.3682, 0.873845, 125.071
4513, 75.21667, 111.889, -6.52783, 161.966, -166.42, 66.039, 49.9453, 0.544673, -50.5152, 0.811644, -91.4164, 0.874129, 125.04
4513, 75.22500, 111.786, -6.60425, 161.787, -166.492, 65.9665, 49.9006, 0.542725, -50.4846, 0.812644, -91.4646, 0.87441, 125.009
4514, 75.23333, 111.682, -6.68028, 161.608, -166.564, 65.8938, 49.8559, 0.540781, -50.4532, 0.813639, -91.5128, 0.874688, 124.978
4515, 75.24167, 111.579, -6.75595, 161.429, -166.635, 65.8211, 49.8111, 0.53884, -50.421, 0.814632, -91.561, 0.874964, 124.948
4515, 75.25000, 111.476, -6.83121, 161.25, -166.706, 65.7482, 49.7663, 0.536902, -50.3878, 0.81562, -91.6093, 0.875237, 124.917
4516, 75.25833, 111.373, -6.9061, 161.071, -166.777, 65.6751, 49.7215, 0.534968, -50.3539, 0.816605, -91.6575, 0.875507, 124.886
4516, 75.26667, 111.269, -6.98061, 160.893, -166.848, 65.6019, 49.6766, 0.533037, -50.319, 0.817586, -91.7057, 0.875776, 124.854
4517, 75.27500, 111.166, -7.05473, 160.715, -166.918, 65.5286, 49.6317, 0.53111, -50.2833, 0.818563, -91.754, 0.876041, 124.823
4517, 75.28333, 111.063, -7.12847, 160.536, -166.989, 65.4552, 49.5867, 0.529186, -50.2468, 0.819537, -91.8022, 0.876304, 124.792
4518, 75.29166, 110.959, -7.20183, 160.358, -167.059, 65.3816, 49.5417, 0.527266, -50.2093, 0.820507, -91.8504, 0.876565, 124.761
4518, 75.30000, 110.856, -7.27481, 160.181, -167.129, 65.3079, 49.4967, 0.52535, -50.171, 0.821473, -91.8987, 0.876822, 124.729
4519, 75.30833, 110.753, -7.3474, 160.003, -167.198, 65.2341, 49.4517, 0.523437, -50.1318, 0.822436, -91.9469, 0.877078, 124.698
4519, 75.31667, 110.649, -7.41962, 159.826, -167.268, 65.1601, 49.4066, 0.521527, -50.0917, 0.823395, -91.9951, 0.877331, 124.667
4520, 75.32500, 110.546, -7.49145, 159.648, -167.337, 65.086, 49.3615, 0.519621, -50.0507, 0.824351, -92.0433, 0.877581, 124.635
4520, 75.33334, 110.443, -7.5629, 159.471, -167.406, 65.0118, 49.3164, 0.517719, -50.0088, 0.825303, -92.0915, 0.877828, 124.603
4521, 75.34167, 110.339, -7.63398, 159.295, -167.475, 64.9374, 49.2712, 0.51582, -49.966, 0.826251, -92.1397, 0.878073, 124.572
4521, 75.35000, 110.236, -7.70467, 159.118, -167.543, 64.8629, 49.226, 0.513925, -49.9224, 0.827196, -92.1879, 0.878316, 124.54
4521, 75.35833, 110.133, -7.77499, 158.941, -167.611, 64.7883, 49.1808, 0.512034, -49.8778, 0.828137, -92.2361, 0.878556, 124.508
4522, 75.36667, 110.029, -7.84493, 158.765, -167.68, 64.7135, 49.1355, 0.510146, -49.8322, 0.829074, -92.2843, 0.878793, 124.476
4523, 75.37500, 109.926, -7.91449, 158.589, -167.747, 64.6386, 49.0903, 0.508262, -49.7858, 0.830008, -92.3325, 0.879028, 124.444
4523, 75.38333, 109.823, -7.98366, 158.413, -167.815, 64.5636, 49.045, 0.506382, -49.7384, 0.830939, -92.3806, 0.87926, 124.412
4524, 75.39167, 109.72, -8.05248, 158.238, -167.883, 64.4884, 48.9996, 0.504505, -49.6901, 0.831866, -92.4288, 0.879489, 124.38
4524, 75.40000, 109.616, -8.1209, 158.062, -167.95, 64.4131, 48.9543, 0.502632, -49.6408, 0.832789, -92.4769, 0.879716, 124.348
4525, 75.40833, 109.513, -8.18895, 157.887, -168.017, 64.3377, 48.9089, 0.500763, -49.5906, 0.833709, -92.525, 0.87994, 124.316
4525, 75.41666, 109.41, -8.25663, 157.712, -168.084, 64.2621, 48.8635, 0.498898, -49.5395, 0.834625, -92.5731, 0.880162, 124.284
4526, 75.42500, 109.307, -8.32393, 157.537, -168.15, 64.1865, 48.8181, 0.497037, -49.4874, 0.835538, -92.6212, 0.880381, 124.252
4526, 75.43333, 109.204, -8.39085, 157.363, -168.217, 64.1106, 48.7726, 0.495179, -49.4343, 0.836447, -92.6693, 0.880597, 124.219
4527, 75.44167, 109.101, -8.45741, 157.188, -168.283, 64.0347, 48.7271, 0.493325, -49.3803, 0.837353, -92.7173, 0.880811, 124.187
4527, 75.45000, 108.999, -8.52359, 157.014, -168.349, 63.9586, 48.6816, 0.491475, -49.3253, 0.838256, -92.7654, 0.881022, 124.154
4528, 75.45834, 108.896, -8.58939, 156.84, -168.415, 63.8824, 48.6361, 0.489629, -49.2694, 0.839155, -92.8134, 0.88123, 124.122
4528, 75.46667, 108.793, -8.65483, 156.667, -168.481, 63.8061, 48.5906, 0.487787, -49.2124, 0.84005, -92.8614, 0.881436, 124.089
4529, 75.47500, 108.69, -8.71989, 156.493, -168.546, 63.7296, 48.545, 0.485949, -49.1544, 0.840943, -92.9094, 0.881639, 124.057
4529, 75.48333, 108.588, -8.78457, 156.32, -168.611, 63.653, 48.4994, 0.484115, -49.0955, 0.841831, -92.9573, 0.88184, 124.024
4529, 75.49167, 108.485, -8.84889, 156.147, -168.676, 63.5762, 48.4538, 0.482284, -49.0356, 0.842717, -93.0053, 0.882038, 123.991
4530, 75.50000, 108.383, -8.91284, 155.975, -168.741, 63.4994, 48.4082, 0.480458, -48.9746, 0.843598, -93.0532, 0.882233, 123.958
4531, 75.50833, 108.281, -8.97641, 155.802, -168.806, 63.4224, 48.3626, 0.478635, -48.9127, 0.844477, -93.1011, 0.882425, 123.925
4531, 75.51667, 108.179, -9.03962, 155.63, -168.87, 63.3452, 48.3169, 0.476817, -48.8497, 0.845352, -93.149, 0.882615, 123.892
4532, 75.52500, 108.076, -9.10246, 155.458, -168.934, 63.268, 48.2712, 0.475002, -48.7857, 0.846224, -93.1968, 0.882803, 123.859
4532, 75.53333, 107.974, -9.16493, 155.287, -168.998, 63.1906, 48.2255, 0.473192, -48.7206, 0.847092, -93.2447, 0.882987, 123.826
4533, 75.54166, 107.873, -9.22703, 155.115, -169.062, 63.1131, 48.1798, 0.471386, -48.6545, 0.847958, -93.2925, 0.883169, 123.793
4533, 75.55000, 107.771, -9.28876, 154.944, -169.126, 63.0354, 48.1341, 0.469583, -48.5874, 0.848819, -93.3403, 0.883348, 123.76
4534, 75.55833, 107.669, -9.35013, 154.773, -169.189, 62.9576, 48.0883, 0.467785, -48.5192, 0.849678, -93.388, 0.883524, 123.727
4534, 75.56667, 107.567, -9.41113, 154.603, -169.252, 62.8797, 48.0426, 0.465991, -48.45, 0.850533, -93.4358, 0.883698, 123.693
4535, 75.57500, 107.466, -9.47176, 154.432, -169.315, 62.8017, 47.9968, 0.464201, -48.3797, 0.851385, -93.4835, 0.883869, 123.66
4535, 75.58334, 107.365, -9.53203, 154.262, -169.378, 62.7235, 47.951, 0.462415, -48.3083, 0.852233, -93.5311, 0.884037, 123.626
4536, 75.59167, 107.263, -9.59194, 154.092, -169.441, 62.6452, 47.9052, 0.460633, -48.2358, 0.853079, -93.5788, 0.884202, 123.593
4536, 75.60000, 107.162, -9.65148, 153.923, -169.503, 62.5667, 47.8594, 0.458856, -48.1623, 0.853921, -93.6264, 0.884365, 123.559
4537, 75.60833, 107.061, -9.71066, 153.754, -169.565, 62.4882, 47.8136, 0.457082, -48.0877, 0.854759, -93.674, 0.884525, 123.526
4537, 75.61667, 106.96, -9.76947, 153.585, -169.627, 62.4095, 47.7677, 0.455313, -48.0119, 0.855595, -93.7216, 0.884682, 123.492
4537, 75.62500, 106.86, -9.82792, 153.416, -169.689, 62.3306, 47.7219, 0.453548, -47.9351, 0.856427, -93.7691, 0.884837, 123.458
4538, 75.63333, 106.759, -9.88601, 153.247, -169.751, 62.2517, 47.676, 0.451787, -47.8571, 0.857256, -93.8166, 0.884988, 123.424
4539, 75.64167, 106.659, -9.94375, 153.079, -169.812, 62.1726, 47.6301, 0.45003, -47.778, 0.858082, -93.8641, 0.885137, 123.391
4539, 75.65000, 106.558, -10.0011, 152.911, -169.874, 62.0934, 47.5842, 0.448278, -47.6978, 0.858905, -93.9116, 0.885284, 123.357
4540, 75.65833, 106.458, -10.0581, 152.744, -169.935, 62.014, 47.5383, 0.44653, -47.6164, 0.859724, -93.959, 0.885427, 123.323
4540, 75.66666, 106.358, -10.1148, 152.577, -169.996, 61.9345, 47.4924, 0.444787, -47.5339, 0.860541, -94.0064, 0.885567, 123.289
4541, 75.67500, 106.258, -10.1711, 152.41, -170.056, 61.8549, 47.4465, 0.443047, -47.4503, 0.861354, -94.0538, 0.885705, 123.254
4541, 75.68333, 106.159, -10.227, 152.243, -170.117, 61.7751, 47.4005, 0.441312, -47.3655, 0.862164, -94.1011, 0.88584, 123.22
4542, 75.69167, 106.059, -10.2826, 152.076, -170.177, 61.6952, 47.3546, 0.439582, -47.2795, 0.862971, -94.1484, 0.885972, 123.186
4542, 75.70000, 105.96, -10.3378, 151.91, -170.237, 61.6152, 47.3086, 0.437855, -47.1923, 0.863774, -94.1956, 0.886101, 123.152
4543, 75.70834, 105.861, -10.3927, 151.744, -170.297, 61.5351, 47.2627, 0.436134, -47.104, 0.864575, -94.2429, 0.886228, 123.117
4543, 75.71667, 105.761, -10.4472, 151.579, -170.357, 61.4548, 47.2167, 0.434416, -47.0144, 0.865372, -94.2901, 0.886351, 123.083
4544, 75.72500, 105.663, -10.5013, 151.414, -170.417, 61.3744, 47.1707, 0.432703, -46.9236, 0.866167, -94.3372, 0.886472, 123.049
4544, 75.73333, 105.564, -10.5551, 151.249, -170.476, 61.2938, 47.1247, 0.430994, -46.8317, 0.866958, -94.3844, 0.88659, 123.014
4545, 75.74167, 105.465, -10.6086, 151.084, -170.536, 61.2131, 47.0787, 0.42929, -46.7385, 0.867746, -94.4315, 0.886705, 122.979
4545, 75.75000, 105.367, -10.6616, 150.92, -170.595, 61.1323, 47.0327, 0.427591, -46.6441, 0.868531, -94.4785, 0.886817, 122.945
4545, 75.75833, 105.269, -10.7144, 150.755, -170.654, 61.0514, 46.9867, 0.425896, -46.5484, 0.869313, -94.5256, 0.886926, 122.91
4546, 75.76667, 105.171, -10.7668, 150.592, -170.712, 60.9703, 46.9407, 0.424205, -46.4515, 0.870092, -94.5726, 0.887033, 122.875
4547, 75.77500, 105.073, -10.8188, 150.428, -170.771, 60.8891, 46.8947, 0.422519, -46.3534, 0.870868, -94.6195, 0.887136, 122.84
4547, 75.78333, 104.975, -10.8705, 150.265, -170.829, 60.8077, 46.8487, 0.420838, -46.254, 0.871641, -94.6665, 0.887236, 122.806
4548, 75.79166, 104.878, -10.9218, 150.102, -170.887, 60.7263, 46.8026, 0.419161, -46.1533, 0.87241, -94.7133, 0.887334, 122.771
4548, 75.80000, 104.781, -10.9728, 149.94, -170.945, 60.6446, 46.7566, 0.417489, -46.0513, 0.873177, -94.7602, 0.887429, 122.736
4549, 75.80833, 104.684, -11.0234, 149.778, -171.003, 60.5629, 46.7106, 0.415821, -45.9481, 0.873941, -94.807, 0.88752, 122.701
4549, 75.81667, 104.587, -11.0737, 149.616, -171.061, 60.481, 46.6645, 0.414158, -45.8435, 0.874702, -94.8538, 0.887609, 122.665
4550, 75.82500, 104.49, -11.1237, 149.454, -171.119, 60.399, 46.6185, 0.4125, -45.7376, 0.87546, -94.9005, 0.887695, 122.63
4550, 75.83334, 104.394, -11.1733, 149.293, -171.176, 60.3168, 46.5725, 0.410847, -45.6304, 0.876214, -94.9472, 0.887777, 122.595
4551, 75.84167, 104.298, -11.2225, 149.132, -171.233, 60.2346, 46.5264, 0.409198, -45.5219, 0.876966, -94.9939, 0.887857, 122.56
4551, 75.85000, 104.202, -11.2714, 148.971, -171.29, 60.1521, 46.4804, 0.407554, -45.412, 0.877715, -95.0406, 0.887934, 122.524
4552, 75.85833, 104.106, -11.32, 148.811, -171.347, 60.0696, 46.4343, 0.405915, -45.3008, 0.878461, -95.0871, 0.888008, 122.489
4552, 75.86667, 104.01, -11.3682, 148.651, -171.404, 59.9869, 46.3883, 0.40428, -45.1882, 0.879204, -95.1337, 0.888078, 122.453
4553, 75.87500, 103.915, -11.4161, 148.491, -171.46, 59.904, 46.3422, 0.402651, -45.0743, 0.879944, -95.1802, 0.888146, 122.418
4553, 75.88333, 103.82, -11.4636, 148.332, -171.516, 59.8211, 46.2962, 0.401026, -44.959, 0.880681, -95.2267, 0.88821, 122.382
4553, 75.89167, 103.725, -11.5108, 148.173, -171.573, 59.738, 46.2501, 0.399406, -44.8422, 0.881416, -95.2732, 0.888272, 122.347
4554, 75.90000, 103.63, -11.5576, 148.014, -171.629, 59.6547, 46.2041, 0.397791, -44.7241, 0.882147, -95.3196, 0.888331, 122.311
4555, 75.90833, 103.536, -11.6041, 147.855, -171.684, 59.5714, 46.158, 0.396181, -44.6046, 0.882875, -95.3659, 0.888386, 122.275
4555, 75.91666, 103.442, -11.6503, 147.697, -171.74, 59.4878, 46.112, 0.394576, -44.4836, 0.883601, -95.4123, 0.888438, 122.239
4556, 75.92500, 103.348, -11.6961, 147.539, -171.796, 59.4042, 46.0659, 0.392976, -44.3612, 0.884324, -95.4585, 0.888487, 122.203
4556, 75.93333, 103.254, -11.7416, 147.382, -171.851, 59.3204, 46.0199, 0.391381, -44.2374, 0.885043, -95.5048, 0.888533, 122.167
4557, 75.94167, 103.16, -11.7868, 147.225, -171.906, 59.2364, 45.9739, 0.389791, -44.1121, 0.88576, -95.551, 0.888576, 122.131
4557, 75.95000, 103.067, -11.8316, 147.068, -171.961, 59.1524, 45.9278, 0.388206, -43.9853, 0.886474, -95.5972, 0.888616, 122.095
4558, 75.95834, 102.974, -11.876, 146.912, -172.016, 59.0682, 45.8818, 0.386626, -43.8571, 0.887186, -95.6433, 0.888653, 122.059
4558, 75.96667, 102.881, -11.9202, 146.755, -172.071, 58.9838, 45.8358, 0.385051, -43.7273, 0.887894, -95.6894, 0.888686, 122.023
4559, 75.97500, 102.789, -11.964, 146.6, -172.125, 58.8993, 45.7897, 0.383482, -43.5961, 0.8886, -95.7355, 0.888717, 121.987
4559, 75.98333, 102.697, -12.0074, 146.444, -172.18, 58.8147, 45.7437, 0.381918, -43.4634, 0.889302, -95.7815, 0.888744, 121.951
4560, 75.99167, 102.605, -12.0506, 146.289, -172.234, 58.7299, 45.6977, 0.380358, -43.3291, 0.890002, -95.8275, 0.888768, 121.914
4560, 76.00000, 102.513, -12.0934, 146.134, -172.288, 58.645, 45.6517, 0.378804, -43.1933, 0.8907, -95.8734, 0.888788, 121.878
4561, 76.00833, 102.421, -12.1358, 145.98, -172.342, 58.5599, 45.6057, 0.377256, -43.0559, 0.891394, -95.9193, 0.888806, 121.841
4561, 76.01667, 102.33, -12.178, 145.825, -172.396, 58.4747, 45.5597, 0.375712, -42.917, 0.892085, -95.9652, 0.88882, 121.805
4561, 76.02500, 102.239, -12.2198, 145.672, -172.449, 58.3894, 45.5137, 0.374174, -42.7765, 0.892774, -96.011, 0.888831, 121.768
4562, 76.03333, 102.148, -12.2612, 145.518, -172.503, 58.3039, 45.4677, 0.372641, -42.6345, 0.89346, -96.0568, 0.888838, 121.732
4563, 76.04166, 102.058, -12.3024, 145.365, -172.556, 58.2183, 45.4218, 0.371114, -42.4908, 0.894144, -96.1025, 0.888843, 121.695
4563, 76.05000, 101.968, -12.3432, 145.212, -172.609, 58.1325, 45.3758, 0.369592, -42.3455, 0.894824, -96.1482, 0.888844, 121.658
4564, 76.05833, 101.878, -12.3837, 145.059, -172.662, 58.0466, 45.3298, 0.368076, -42.1986, 0.895502, -96.1938, 0.888842, 121.621
4564, 76.06667, 101.788, -12.4238, 144.907, -172.715, 57.9605, 45.2839, 0.366564, -42.0501, 0.896177, -96.2395, 0.888836, 121.584
4565, 76.07500, 101.699, -12.4636, 144.755, -172.768, 57.8743, 45.238, 0.365059, -41.8999, 0.896849, -96.285, 0.888827, 121.547
4565, 76.08334, 101.609, -12.5031, 144.604, -172.82, 57.788, 45.192, 0.363559, -41.7481, 0.897519, -96.3306, 0.888815, 121.51
4566, 76.09167, 101.521, -12.5423, 144.453, -172.873, 57.7015, 45.1461, 0.362065, -41.5945, 0.898186, -96.3761, 0.888799, 121.473
4566, 76.10000, 101.432, -12.5812, 144.302, -172.925, 57.6148, 45.1002, 0.360576, -41.4394, 0.89885, -96.4215, 0.88878, 121.436
4566, 76.10833, 101.344, -12.6197, 144.151, -172.977, 57.528, 45.0543, 0.359093, -41.2825, 0.899511, -96.4669, 0.888757, 121.399
4567, 76.11667, 101.256, -12.6579, 144.001, -173.029, 57.4411, 45.0085, 0.357616, -41.1238, 0.90017, -96.5123, 0.888731, 121.362
4568, 76.12500, 101.168, -12.6957, 143.851, -173.081, 57.354, 44.9626, 0.356144, -40.9635, 0.900826, -96.5576, 0.888702, 121.325
4568, 76.13333, 101.081, -12.7333, 143.702, -173.133, 57.2667, 44.9168, 0.354679, -40.8015, 0.901479, -96.6029, 0.888669, 121.287
4569, 76.14167, 100.993, -12.7705, 143.553, -173.184, 57.1793, 44.8709, 0.353219, -40.6376, 0.90213, -96.6482, 0.888633, 121.25
4569, 76.15000, 100.907, -12.8074, 143.404, -173.236, 57.0918, 44.8251, 0.351765, -40.472, 0.902778, -96.6934, 0.888593, 121.213
4569, 76.15833, 100.82, -12.844, 143.255, -173.287, 57.0041, 44.7793, 0.350317, -40.3047, 0.903423, -96.7385, 0.88855, 121.175
4570, 76.16666, 100.734, -12.8803, 143.107, -173.338, 56.9163, 44.7335, 0.348875, -40.1355, 0.904066, -96.7837, 0.888503, 121.137
4571, 76.17500, 100.648, -12.9162, 142.959, -173.389, 56.8283, 44.6877, 0.347438, -39.9646, 0.904706, -96.8288, 0.888452, 121.1
4571, 76.18333, 100.562, -12.9518, 142.812, -173.44, 56.7401, 44.642, 0.346008, -39.7918, 0.905344, -96.8738, 0.888398, 121.062
4572, 76.19167, 100.477, -12.9871, 142.665, -173.491, 56.6518, 44.5963, 0.344584, -39.6171, 0.905979, -96.9188, 0.888341, 121.025
4572, 76.20000, 100.392, -13.0221, 142.518, -173.541, 56.5634, 44.5505, 0.343166, -39.4407, 0.906611, -96.9638, 0.88828, 120.987
4573, 76.20834, 100.307, -13.0568, 142.371, -173.592, 56.4748, 44.5048, 0.341755, -39.2624, 0.90724, -97.0087, 0.888215, 120.949
4573, 76.21667, 100.223, -13.0911, 142.225, -173.642, 56.386, 44.4592, 0.340349, -39.0822, 0.907867, -97.0536, 0.888147, 120.911
4574, 76.22500, 100.139, -13.1252, 142.079, -173.692, 56.2971, 44.4135, 0.33895, -38.9001, 0.908491, -97.0984, 0.888075, 120.873
4574, 76.23333, 100.055, -13.1589, 141.934, -173.742, 56.208, 44.3679, 0.337557, -38.7161, 0.909113, -97.1432, 0.887999, 120.835
4574, 76.24167, 99.9713, -13.1923, 141.789, -173.792, 56.1187, 44.3222, 0.33617, -38.5302, 0.909732, -97.188, 0.88792, 120.797
4575, 76.25000, 99.8881, -13.2254, 141.644, -173.842, 56.0294, 44.2766, 0.33479, -38.3423, 0.910349, -97.2327, 0.887837, 120.759
4576, 76.25833, 99.8053, -13.2582, 141.5, -173.892, 55.9398, 44.2311, 0.333416, -38.1525, 0.910963, -97.2773, 0.88775, 120.721
4576, 76.26667, 99.7227, -13.2906, 141.356, -173.941, 55.8501, 44.1855, 0.332049, -37.9608, 0.911574, -97.322, 0.887659, 120.683
4577, 76.27500, 99.6405, -13.3228, 141.212, -173.991, 55.7602, 44.14, 0.330688, -37.767, 0.912183, -97.3666, 0.887565, 120.644
4577, 76.28333, 99.5586, -13.3546, 141.068, -174.04, 55.6702, 44.0945, 0.329334, -37.5713, 0.912789, -97.4111, 0.887467, 120.606
4578, 76.29166, 99.4771, -13.3861, 140.925, -174.089, 55.58, 44.049, 0.327987, -37.3736, 0.913393, -97.4556, 0.887365, 120.568
4578, 76.30000, 99.3959, -13.4174, 140.783, -174.138, 55.4896, 44.0036, 0.326646, -37.1739, 0.913994, -97.5001, 0.88726, 120.529
4579, 76.30833, 99.315, -13.4483, 140.64, -174.187, 55.3991, 43.9582, 0.325312, -36.9721, 0.914593, -97.5445, 0.88715, 120.491
4579, 76.31667, 99.2344, -13.4789, 140.498, -174.236, 55.3084, 43.9128, 0.323985, -36.7683, 0.915189, -97.5889, 0.887037, 120.452
4580, 76.32500, 99.1542, -13.5092, 140.356, -174.284, 55.2176, 43.8674, 0.322665, -36.5624, 0.915782, -97.6332, 0.88692, 120.414
4580, 76.33334, 99.0743, -13.5391, 140.215, -174.333, 55.1266, 43.8221, 0.321352, -36.3545, 0.916373, -97.6775, 0.886799, 120.375
4581, 76.34167, 98.9947, -13.5688, 140.074, -174.381, 55.0354, 43.7768, 0.320046, -36.1444, 0.916962, -97.7218, 0.886673, 120.336
4581, 76.35000, 98.9155, -13.5982, 139.933, -174.429, 54.9441, 43.7315, 0.318746, -35.9323, 0.917548, -97.766, 0.886545, 120.298
4582, 76.35833, 98.8367, -13.6272, 139.793, -174.477, 54.8525, 43.6863, 0.317454, -35.718, 0.918131, -97.8102, 0.886412, 120.259
4582, 76.36667, 98.7581, -13.656, 139.653, -174.525, 54.7609, 43.6411, 0.316169, -35.5016, 0.918712, -97.8543, 0.886275, 120.22
4582, 76.37500, 98.6799, -13.6844, 139.513, -174.573, 54.669, 43.5959, 0.314892, -35.283, 0.91929, -97.8984, 0.886134, 120.181
4583, 76.38333, 98.6021, -13.7126, 139.374, -174.621, 54.577, 43.5508, 0.313621, -35.0623, 0.919866, -97.9425, 0.885989, 120.142
4584, 76.39167, 98.5246, -13.7404, 139.235, -174.668, 54.4848, 43.5057, 0.312358, -34.8394, 0.92044, -97.9865, 0.88584, 120.103
4584, 76.40000, 98.4475, -13.768, 139.096, -174.716, 54.3924, 43.4606, 0.311103, -34.6144, 0.92101, -98.0304, 0.885687, 120.064
4585, 76.40833, 98.3707, -13.7952, 138.958, -174.763, 54.2999, 43.4156, 0.309855, -34.3871, 0.921579, -98.0744, 0.88553, 120.025
4585, 76.41666, 98.2943, -13.8221, 138.82, -174.811, 54.2072, 43.3706, 0.308614, -34.1576, 0.922145, -98.1182, 0.885369, 119.986
4586, 76.42500, 98.2183, -13.8488, 138.682, -174.858, 54.1143, 43.3256, 0.307381, -33.9259, 0.922708, -98.1621, 0.885203, 119.947
4586, 76.43333, 98.1426, -13.8751, 138.544, -174.905, 54.0212, 43.2807, 0.306156, -33.6919, 0.923269, -98.2059, 0.885034, 119.908
4587, 76.44167, 98.0672, -13.9011, 138.407, -174.952, 53.928, 43.2359, 0.304939, -33.4557, 0.923828, -98.2497, 0.88486, 119.869
4587, 76.45000, 97.9922, -13.9269, 138.271, -174.998, 53.8346, 43.191, 0.303729, -33.2172, 0.924384, -98.2934, 0.884683, 119.829
4588, 76.45834, 97.9176, -13.9523, 138.134, -175.045, 53.741, 43.1463, 0.302528, -32.9764, 0.924937, -98.3371, 0.884501, 119.79
4588, 76.46667, 97.8434, -13.9774, 137.998, -175.092, 53.6472, 43.1015, 0.301334, -32.7333, 0.925488, -98.3807, 0.884314, 119.751
4589, 76.47500, 97.7695, -14.0023, 137.863, -175.138, 53.5533, 43.0568, 0.300148, -32.4879, 0.926037, -98.4243, 0.884124, 119.711
4589, 76.48333, 97.696, -14.0268, 137.727, -175.184, 53.4592, 43.0122, 0.298971, -32.2402, 0.926583, -98.4678, 0.883929, 119.672
4590, 76.49167, 97.6229, -14.0511, 137.592, -175.23, 53.3648, 42.9676, 0.297801, -31.9901, 0.927127, -98.5114, 0.88373, 119.632
4590, 76.50000, 97.5502, -14.075, 137.458, -175.277, 53.2704, 42.923, 0.29664, -31.7377, 0.927668, -98.5548, 0.883526, 119.593
4590, 76.50833, 97.4778, -14.0986, 137.323, -175.322, 53.1757, 42.8785, 0.295488, -31.483, 0.928207, -98.5983, 0.883318, 119.553
4591, 76.51667, 97.4058, -14.122, 137.189, -175.368, 53.0808, 42.8341, 0.294343, -31.2258, 0.928743, -98.6417, 0.883106, 119.514
4592, 76.52500, 97.3342, -14.1451, 137.056, -175.414, 52.9858, 42.7897, 0.293208, -30.9663, 0.929277, -98.685, 0.88289, 119.474
4592, 76.53333, 97.263, -14.1678, 136.923, -175.46, 52.8905, 42.7454, 0.292081, -30.7044, 0.929809, -98.7283, 0.882669, 119.434
4593, 76.54166, 97.1922, -14.1903, 136.79, -175.505, 52.7951, 42.7011, 0.290962, -30.4401, 0.930338, -98.7716, 0.882443, 119.395
4593, 76.55000, 97.1217, -14.2125, 136.657, -175.551, 52.6995, 42.6569, 0.289853, -30.1733, 0.930864, -98.8148, 0.882213, 119.355
4594, 76.55833, 97.0517, -14.2344, 136.525, -175.596, 52.6037, 42.6127, 0.288752, -29.9042, 0.931389, -98.858, 0.881979, 119.315
4594, 76.56667, 96.982, -14.256, 136.393, -175.641, 52.5077, 42.5686, 0.28766, -29.6326, 0.93191, -98.9011, 0.88174, 119.275
4595, 76.57500, 96.9128, -14.2773, 136.261, -175.686, 52.4115, 42.5245, 0.286577, -29.3585, 0.93243, -98.9442, 0.881496, 119.235
4595, 76.58334, 96.8439, -14.2983, 136.13, -175.731, 52.3152, 42.4805, 0.285503, -29.082, 0.932947, -98.9873, 0.881248, 119.195
4596, 76.59167, 96.7754, -14.3191, 135.999, -175.776, 52.2186, 42.4366, 0.284438, -28.803, 0.933461, -99.0303, 0.880995, 119.155
4596, 76.60000, 96.7073, -14.3395, 135.868, -175.821, 52.1218, 42.3928, 0.283383, -28.5216, 0.933973, -99.0733, 0.880738, 119.115
4597, 76.60833, 96.6397, -14.3596, 135.738, -175.865, 52.0249, 42.349, 0.282337, -28.2376, 0.934483, -99.1162, 0.880476, 119.075
4597, 76.61667, 96.5724, -14.3795, 135.608, -175.91, 51.9277, 42.3052, 0.2813, -27.9512, 0.934991, -99.1591, 0.880209, 119.035
4598, 76.62500, 96.5056, -14.3991, 135.478, -175.954, 51.8304, 42.2616, 0.280273, -27.6623, 0.935496, -99.2019, 0.879938, 118.995
4598, 76.63333, 96.4391, -14.4184, 135.349, -175.999, 51.7328, 42.218, 0.279256, -27.3708, 0.935998, -99.2447, 0.879662, 118.955
4598, 76.64167, 96.3731, -14.4374, 135.22, -176.043, 51.635, 42.1745, 0.278248, -27.0769, 0.936498, -99.2875, 0.879381, 118.915
4599, 76.65000, 96.3075, -14.4561, 135.091, -176.087, 51.5371, 42.1311, 0.27725, -26.7804, 0.936996, -99.3302, 0.879095, 118.875
4600, 76.65833, 96.2423, -14.4745, 134.963, -176.131, 51.4389, 42.0877, 0.276263, -26.4814, 0.937491, -99.3729, 0.878805, 118.835
4600, 76.66666, 96.1775, -14.4927, 134.835, -176.175, 51.3406, 42.0444, 0.275285, -26.1799, 0.937984, -99.4155, 0.87851, 118.794
4601, 76.67500, 96.1132, -14.5106, 134.707, -176.219, 51.242, 42.0012, 0.274317, -25.8758, 0.938475, -99.4581, 0.878209, 118.754
4601, 76.68333, 96.0492, -14.5282, 134.58, -176.262, 51.1432, 41.9581, 0.273359, -25.5692, 0.938963, -99.5007, 0.877904, 118.714
4602, 76.69167, 95.9857, -14.5455, 134.453, -176.306, 51.0443, 41.915, 0.272412, -25.2601, 0.939449, -99.5432, 0.877594, 118.673
4602, 76.70000, 95.9226, -14.5625, 134.326, -176.349, 50.9451, 41.8721, 0.271475, -24.9484, 0.939933, -99.5857, 0.877279, 118.633
4603, 76.70834, 95.86, -14.5792, 134.2, -176.393, 50.8457, 41.8292, 0.270549, -24.6342, 0.940414, -99.6281, 0.87696, 118.593
4603, 76.71667, 95.7978, -14.5957, 134.074, -176.436, 50.7461, 41.7864, 0.269633, -24.3174, 0.940893, -99.6705, 0.876635, 118.552
4604, 76.72500, 95.736, -14.6119, 133.948, -176.479, 50.6463, 41.7438, 0.268728, -23.9981, 0.941369, -99.7128, 0.876305, 118.512
4604, 76.73333, 95.6746, -14.6278, 133.822, -176.522, 50.5462, 41.7012, 0.267833, -23.6762, 0.941843, -99.7551, 0.87597, 118.472
4605, 76.74167, 95.6137, -14.6434, 133.697, -176.565, 50.446, 41.6587, 0.26695, -23.3517, 0.942314, -99.7974, 0.87563, 118.431
4605, 76.75000, 95.5533, -14.6587, 133.573, -176.608, 50.3455, 41.6163, 0.266078, -23.0248, 0.942784, -99.8396, 0.875284, 118.391
4606, 76.75833, 95.4933, -14.6738, 133.448, -176.651, 50.2449, 41.574, 0.265216, -22.6953, 0.943251, -99.8818, 0.874934, 118.35
4606, 76.76667, 95.4337, -14.6886, 133.324, -176.694, 50.144, 41.5317, 0.264366, -22.3632, 0.943715, -99.9239, 0.874579, 118.31
4606, 76.77500, 95.3746, -14.7031, 133.201, -176.736, 50.0429, 41.4896, 0.263528, -22.0286, 0.944177, -99.966, 0.874218, 118.269
4607, 76.78333, 95.3159, -14.7174, 133.077, -176.779, 49.9415, 41.4477, 0.2627, -21.6914, 0.944637, -100.008, 0.873852, 118.229
4608, 76.79166, 95.2577, -14.7313, 132.954, -176.821, 49.84, 41.4058, 0.261885, -21.3517, 0.945095, -100.05, 0.873481, 118.188
4608, 76.80000, 95.1999, -14.745, 132.831, -176.863, 49.7382, 41.364, 0.261081, -21.0096, 0.94555, -100.092, 0.873104, 118.148
4609, 76.80833, 95.1426, -14.7584, 132.709, -176.905, 49.6362, 41.3223, 0.260288, -20.6649, 0.946002, -100.134, 0.872722, 118.107
4609, 76.81667, 95.0858, -14.7716, 132.587, -176.948, 49.534, 41.2808, 0.259508, -20.3176, 0.946453, -100.176, 0.872335, 118.067
4610, 76.82500, 95.0294, -14.7845, 132.465, -176.99, 49.4315, 41.2393, 0.25874, -19.9679, 0.946901, -100.218, 0.871943, 118.026
4610, 76.83334, 94.9735, -14.7971, 132.344, -177.031, 49.3289, 41.198, 0.257983, -19.6157, 0.947346, -100.259, 0.871545, 117.985
4611, 76.84167, 94.9181, -14.8094, 132.222, -177.073, 49.2259, 41.1568, 0.257239, -19.261, 0.94779, -100.301, 0.871141, 117.945
4611, 76.85000, 94.8631, -14.8215, 132.102, -177.115, 49.1228, 41.1158, 0.256507, -18.9038, 0.948231, -100.343, 0.870732, 117.904
4612, 76.85833, 94.8087, -14.8332, 131.981, -177.157, 49.0195, 41.0748, 0.255788, -18.5442, 0.948669, -100.385, 0.870318, 117.864
4612, 76.86667, 94.7547, -14.8448, 131.861, -177.198, 48.9158, 41.034, 0.255081, -18.1821, 0.949106, -100.426, 0.869898, 117.823
4613, 76.87500, 94.7011, -14.856, 131.741, -177.239, 48.812, 40.9934, 0.254387, -17.8176, 0.94954, -100.468, 0.869473, 117.783
4613, 76.88333, 94.6481, -14.867, 131.622, -177.281, 48.708, 40.9528, 0.253705, -17.4508, 0.949971, -100.509, 0.869042, 117.742
4614, 76.89167, 94.5955, -14.8777, 131.503, -177.322, 48.6036, 40.9124, 0.253037, -17.0814, 0.9504, -100.551, 0.868605, 117.702
4614, 76.90000, 94.5435, -14.8882, 131.384, -177.363, 48.4991, 40.8722, 0.252381, -16.7098, 0.950827, -100.592, 0.868163, 117.661
4614, 76.90833, 94.4919, -14.8984, 131.265, -177.404, 48.3943, 40.8321, 0.251738, -16.3358, 0.951252, -100.634, 0.867715, 117.62
4615, 76.91666, 94.4408, -14.9083, 131.147, -177.445, 48.2893, 40.7921, 0.251109, -15.9593, 0.951674, -100.675, 0.867261, 117.58
4616, 76.92500, 94.3903, -14.918, 131.029, -177.486, 48.184, 40.7523, 0.250493, -15.5807, 0.952094, -100.716, 0.866802, 117.539
4616, 76.93333, 94.3402, -14.9274, 130.912, -177.527, 48.0785, 40.7126, 0.249891, -15.1997, 0.952512, -100.757, 0.866336, 117.499
4617, 76.94167, 94.2906, -14.9365, 130.795, -177.567, 47.9728, 40.6731, 0.249301, -14.8164, 0.952927, -100.799, 0.865865, 117.458
4617, 76.95000, 94.2416, -14.9454, 130.678, -177.608, 47.8668, 40.6338, 0.248726, -14.4309, 0.95334, -100.84, 0.865388, 117.418
4618, 76.95834, 94.193, -14.954, 130.561, -177.648, 47.7606, 40.5946, 0.248165, -14.0432, 0.95375, -100.881, 0.864906, 117.378
4618, 76.96667, 94.145, -14.9624, 130.445, -177.689, 47.6541, 40.5556, 0.247617, -13.6532, 0.954158, -100.922, 0.864417, 117.337
4619, 76.97500, 94.0975, -14.9705, 130.329, -177.729, 47.5473, 40.5168, 0.247083, -13.2612, 0.954564, -100.963, 0.863922, 117.297
4619, 76.98333, 94.0505, -14.9783, 130.213, -177.769, 47.4404, 40.4782, 0.246563, -12.8669, 0.954968, -101.004, 0.863422, 117.256
4620, 76.99167, 94.004, -14.9859, 130.098, -177.809, 47.3331, 40.4397, 0.246058, -12.4706, 0.955369, -101.045, 0.862915, 117.216
4620, 77.00000, 93.9581, -14.9933, 129.983, -177.849, 47.2256, 40.4014, 0.245567, -12.0722, 0.955768, -101.086, 0.862402, 117.176
4621, 77.00833, 93.9127, -15.0003, 129.869, -177.889, 47.1179, 40.3633, 0.24509, -11.6717, 0.956165, -101.127, 0.861884, 117.135
4621, 77.01667, 93.8678, -15.0072, 129.754, -177.929, 47.0099, 40.3254, 0.244628, -11.2692, 0.956559, -101.168, 0.861359, 117.095
4622, 77.02500, 93.8234, -15.0137, 129.641, -177.969, 46.9016, 40.2876, 0.244181, -10.8648, 0.956951, -101.208, 0.860828, 117.055
4622, 77.03333, 93.7796, -15.0201, 129.527, -178.009, 46.7931, 40.2501, 0.243748, -10.4584, 0.95734, -101.249, 0.860291, 117.015
4622, 77.04166, 93.7363, -15.0261, 129.414, -178.048, 46.6843, 40.2128, 0.24333, -10.0501, 0.957727, -101.29, 0.859748, 116.975
4623, 77.05000, 93.6936, -15.0319, 129.301, -178.088, 46.5753, 40.1757, 0.242927, -9.63997, 0.958112, -101.33, 0.859198, 116.934
4624, 77.05833, 93.6515, -15.0375, 129.188, -178.127, 46.466, 40.1388, 0.242539, -9.22801, 0.958495, -101.371, 0.858642, 116.894
4624, 77.06667, 93.6098, -15.0428, 129.076, -178.166, 46.3564, 40.1021, 0.242166, -8.81422, 0.958875, -101.411, 0.85808, 116.854
4625, 77.07500, 93.5688, -15.0479, 128.964, -178.206, 46.2466, 40.0656, 0.241809, -8.39873, 0.959253, -101.452, 0.857512, 116.814
4625, 77.08334, 93.5283, -15.0527, 128.852, -178.245, 46.1365, 40.0294, 0.241467, -7.98155, 0.959629, -101.492, 0.856937, 116.774
4626, 77.09167, 93.4884, -15.0573, 128.741, -178.284, 46.0261, 39.9934, 0.24114, -7.56267, 0.960002, -101.533, 0.856356, 116.735
4626, 77.10000, 93.449, -15.0616, 128.63, -178.323, 45.9155, 39.9576, 0.240829, -7.14223, 0.960373, -101.573, 0.855768, 116.695
4627, 77.10833, 93.4102, -15.0657, 128.519, -178.362, 45.8046, 39.9221, 0.240534, -6.72022, 0.960742, -101.613, 0.855174, 116.655
4627, 77.11667, 93.372, -15.0696, 128.409, -178.4, 45.6934, 39.8868, 0.240255, -6.29665, 0.961108, -101.653, 0.854574, 116.615
4628, 77.12500, 93.3344, -15.0732, 128.299, -178.439, 45.582, 39.8517, 0.239991, -5.87167, 0.961472, -101.694, 0.853966, 116.576
4628, 77.13333, 93.2973, -15.0766, 128.189, -178.478, 45.4703, 39.817, 0.239743, -5.44527, 0.961834, -101.734, 0.853353, 116.536
4629, 77.14167, 93.2608, -15.0797, 128.08, -178.516, 45.3583, 39.7824, 0.239512, -5.01745, 0.962193, -101.774, 0.852732, 116.497
4629, 77.15000, 93.225, -15.0826, 127.971, -178.555, 45.246, 39.7482, 0.239296, -4.58837, 0.96255, -101.814, 0.852106, 116.457
4630, 77.15833, 93.1897, -15.0852, 127.862, -178.593, 45.1335, 39.7142, 0.239097, -4.15803, 0.962905, -101.854, 0.851472, 116.418
4630, 77.16666, 93.155, -15.0877, 127.754, -178.631, 45.0206, 39.6805, 0.238914, -3.72643, 0.963257, -101.894, 0.850832, 116.379
4630, 77.17500, 93.1209, -15.0899, 127.646, -178.669, 44.9075, 39.647, 0.238748, -3.29372, 0.963607, -101.934, 0.850185, 116.34
4631, 77.18333, 93.0875, -15.0918, 127.538, -178.707, 44.7941, 39.6139, 0.238598, -2.85992, 0.963955, -101.973, 0.849531, 116.3
4632, 77.19167, 93.0546, -15.0935, 127.431, -178.745, 44.6805, 39.581, 0.238464, -2.42502, 0.9643, -102.013, 0.84887, 116.261
4632, 77.20000, 93.0224, -15.095, 127.324, -178.783, 44.5665, 39.5485, 0.238347, -1.98919, 0.964644, -102.053, 0.848203, 116.222
4633, 77.20834, 92.9907, -15.0963, 127.217, -178.821, 44.4523, 39.5162, 0.238247, -1.55243, 0.964984, -102.093, 0.847529, 116.184
4633, 77.21667, 92.9597, -15.0973, 127.111, -178.859, 44.3377, 39.4843, 0.238164, -1.11475, 0.965323, -102.132, 0.846848, 116.145
4634, 77.22500, 92.9294, -15.0981, 127.005, -178.896, 44.2229, 39.4527, 0.238098, -0.676313, 0.965659, -102.172, 0.84616, 116.106
4634, 77.23333, 92.8996, -15.0987, 126.899, -178.934, 44.1078, 39.4214, 0.238048, -0.237122, 0.965993, -102.211, 0.845465, 116.068
4635, 77.24167, 92.8705, -15.0991, 126.794, -178.971, 43.9924, 39.3905, 0.238016, 0.202812, 0.966324, -102.251, 0.844762, 116.029
4635, 77.25000, 92.8421, -15.0992, 126.689, -179.009, 43.8768, 39.3598, 0.238001, 0.643324, 0.966654, -102.29, 0.844053, 115.991
4636, 77.25833, 92.8142, -15.0992, 126.584, -179.046, 43.7608, 39.3296, 0.238003, 1.0844, 0.966981, -102.329, 0.843337, 115.953
4636, 77.26667, 92.7871, -15.0989, 126.48, -179.083, 43.6445, 39.2997, 0.238022, 1.52604, 0.967305, -102.369, 0.842614, 115.915
4637, 77.27500, 92.7606, -15.0984, 126.376, -179.121, 43.528, 39.2701, 0.238059, 1.96808, 0.967628, -102.408, 0.841883, 115.877
4637, 77.28333, 92.7347, -15.0976, 126.273, -179.158, 43.4111, 39.2409, 0.238112, 2.41049, 0.967948, -102.447, 0.841146, 115.839
4638, 77.29166, 92.7095, -15.0967, 126.169, -179.195, 43.2939, 39.2121, 0.238184, 2.85327, 0.968265, -102.486, 0.840401, 115.801
4638, 77.30000, 92.685, -15.0956, 126.066, -179.232, 43.1765, 39.1837, 0.238272, 3.29626, 0.968581, -102.525, 0.839649, 115.764
4638, 77.30833, 92.6612, -15.0942, 125.964, -179.268, 43.0587, 39.1557, 0.238379, 3.73944, 0.968894, -102.564, 0.83889, 115.726
4639, 77.31667, 92.638, -15.0926, 125.861, -179.305, 42.9407, 39.128, 0.238503, 4.1828, 0.969205, -102.603, 0.838123, 115.689
4640, 77.32500, 92.6155, -15.0909, 125.76, -179.342, 42.8223, 39.1008, 0.238644, 4.62617, 0.969513, -102.642, 0.837349, 115.652
4640, 77.33334, 92.5937, -15.0889, 125.658, -179.378, 42.7037, 39.074, 0.238803, 5.06954, 0.969819, -102.681, 0.836568, 115.615
4641, 77.34167, 92.5726, -15.0867, 125.557, -179.415, 42.5847, 39.0476, 0.23898, 5.5129, 0.970123, -102.72, 0.835779, 115.578
4641, 77.35000, 92.5522, -15.0843, 125.456, -179.451, 42.4655, 39.0216, 0.239175, 5.95608, 0.970425, -102.758, 0.834983, 115.541
4642, 77.35833, 92.5325, -15.0817, 125.356, -179.488, 42.3459, 38.9961, 0.239388, 6.39906, 0.970724, -102.797, 0.83418, 115.505
4642, 77.36667, 92.5135, -15.079, 125.255, -179.524, 42.226, 38.9711, 0.239618, 6.84184, 0.971021, -102.836, 0.833368, 115.468
4643, 77.37500, 92.4952, -15.076, 125.156, -179.56, 42.1059, 38.9465, 0.239866, 7.28424, 0.971316, -102.874, 0.83255, 115.432
4643, 77.38333, 92.4777, -15.0728, 125.056, -179.596, 41.9854, 38.9224, 0.240133, 7.72626, 0.971608, -102.913, 0.831724, 115.396
4644, 77.39167, 92.4608, -15.0695, 124.957, -179.632, 41.8646, 38.8987, 0.240417, 8.16789, 0.971898, -102.951, 0.83089, 115.36
4644, 77.40000, 92.4447, -15.0659, 124.858, -179.668, 41.7435, 38.8756, 0.240719, 8.60894, 0.972186, -102.99, 0.830049, 115.325
4645, 77.40833, 92.4293, -15.0622, 124.76, -179.704, 41.6221, 38.8529, 0.241039, 9.04943, 0.972472, -103.028, 0.8292, 115.289
4645, 77.41666, 92.4147, -15.0583, 124.662, -179.74, 41.5004, 38.8308, 0.241377, 9.48933, 0.972755, -103.066, 0.828343, 115.254
4646, 77.42500, 92.4008, -15.0542, 124.564, -179.775, 41.3784, 38.8091, 0.241734, 9.92847, 0.973036, -103.104, 0.827478, 115.219
4646, 77.43333, 92.3876, -15.0499, 124.467, -179.811, 41.2561, 38.7881, 0.242108, 10.3669, 0.973314, -103.142, 0.826606, 115.184
4646, 77.44167, 92.3753, -15.0455, 124.37, -179.846, 41.1334, 38.7675, 0.242501, 10.8045, 0.973591, -103.18, 0.825726, 115.15
4647, 77.45000, 92.3636, -15.0408, 124.273, -179.882, 41.0104, 38.7475, 0.242911, 11.2411, 0.973865, -103.218, 0.824839, 115.115
4648, 77.45834, 92.3528, -15.036, 124.177, -179.917, 40.8872, 38.7281, 0.24334, 11.6769, 0.974137, -103.256, 0.823943, 115.081
4648, 77.46667, 92.3427, -15.0311, 124.081, -179.952, 40.7636, 38.7092, 0.243787, 12.1116, 0.974406, -103.294, 0.823039, 115.047
4649, 77.47500, 92.3334, -15.0259, 123.986, -179.988, 40.6397, 38.691, 0.244252, 12.5453, 0.974674, -103.332, 0.822128, 115.013
4649, 77.48333, 92.3248, -15.0207, 123.891, 179.977, 40.5155, 38.6733, 0.244735, 12.9778, 0.974939, -103.37, 0.821209, 114.98
4650, 77.49167, 92.3171, -15.0152, 123.796, 179.942, 40.391, 38.6563, 0.245237, 13.4093, 0.975201, -103.407, 0.820282, 114.946
4650, 77.50000, 92.3102, -15.0096, 123.702, 179.907, 40.2661, 38.6399, 0.245757, 13.8394, 0.975462, -103.445, 0.819346, 114.913
4651, 77.50833, 92.304, -15.0038, 123.608, 179.872, 40.141, 38.6241, 0.246294, 14.2682, 0.97572, -103.482, 0.818403, 114.881
4651, 77.51667, 92.2987, -14.9979, 123.514, 179.837, 40.0155, 38.609, 0.246851, 14.6957, 0.975976, -103.52, 0.817452, 114.848
4652, 77.52500, 92.2942, -14.9918, 123.421, 179.803, 39.8897, 38.5945, 0.247425, 15.1218, 0.97623, -103.557, 0.816492, 114.816
4652, 77.53333, 92.2905, -14.9856, 123.328, 179.768, 39.7636, 38.5807, 0.248017, 15.5464, 0.976481, -103.595, 0.815525, 114.784
4653, 77.54166, 92.2876, -14.9792, 123.236, 179.733, 39.6372, 38.5676, 0.248628, 15.9696, 0.97673, -103.632, 0.81455, 114.752
4653, 77.55000, 92.2855, -14.9727, 123.144, 179.699, 39.5105, 38.5553, 0.249257, 16.3911, 0.976977, -103.669, 0.813566, 114.721
4654, 77.55833, 92.2843, -14.9661, 123.052, 179.664, 39.3834, 38.5436, 0.249904, 16.8111, 0.977222, -103.706, 0.812574, 114.69
4654, 77.56667, 92.284, -14.9593, 122.961, 179.63, 39.2561, 38.5327, 0.25057, 17.2294, 0.977465, -103.743, 0.811574, 114.659
4654, 77.57500, 92.2844, -14.9524, 122.87, 179.596, 39.1284, 38.5226, 0.251253, 17.6459, 0.977705, -103.78, 0.810566, 114.629
4655, 77.58334, 92.2858, -14.9454, 122.779, 179.561, 39.0004, 38.5132, 0.251955, 18.0607, 0.977943, -103.817, 0.809549, 114.599
4656, 77.59167, 92.288, -14.9382, 122.689, 179.527, 38.8721, 38.5046, 0.252675, 18.4737, 0.978179, -103.854, 0.808525, 114.569
4656, 77.60000, 92.2911, -14.9309, 122.599, 179.493, 38.7435, 38.4968, 0.253413, 18.8849, 0.978412, -103.891, 0.807492, 114.539
4657, 77.60833, 92.295, -14.9235, 122.51, 179.459, 38.6146, 38.4898, 0.254169, 19.2941, 0.978643, -103.927, 0.80645, 114.51
4657, 77.61667, 92.2998, -14.916, 122.421, 179.425, 38.4853, 38.4836, 0.254943, 19.7014, 0.978872, -103.964, 0.805401, 114.481
4658, 77.62500, 92.3055, -14.9084, 122.332, 179.391, 38.3558, 38.4783, 0.255735, 20.1067, 0.979099, -104, 0.804343, 114.453
4658, 77.63333, 92.3121, -14.9007, 122.244, 179.357, 38.2259, 38.4739, 0.256546, 20.51, 0.979324, -104.037, 0.803276, 114.425
4659, 77.64167, 92.3197, -14.8929, 122.156, 179.323, 38.0957, 38.4704, 0.257374, 20.9113, 0.979546, -104.073, 0.802201, 114.397
4659, 77.65000, 92.3281, -14.885, 122.069, 179.29, 37.9652, 38.4678, 0.258221, 21.3104, 0.979767, -104.11, 0.801118, 114.37
4660, 77.65833, 92.3374, -14.8769, 121.982, 179.256, 37.8345, 38.466, 0.259085, 21.7073, 0.979985, -104.146, 0.800027, 114.343
4660, 77.66666, 92.3477, -14.8688, 121.896, 179.222, 37.7033, 38.4653, 0.259968, 22.1021, 0.980201, -104.182, 0.798927, 114.316
4661, 77.67500, 92.3588, -14.8606, 121.81, 179.189, 37.5719, 38.4655, 0.260869, 22.4947, 0.980414, -104.218, 0.797818, 114.29
4661, 77.68333, 92.3709, -14.8524, 121.724, 179.156, 37.4402, 38.4667, 0.261787, 22.885, 0.980626, -104.254, 0.796701, 114.264
4662, 77.69167, 92.384, -14.844, 121.639, 179.122, 37.3082, 38.4689, 0.262724, 23.273, 0.980835, -104.29, 0.795576, 114.239
4662, 77.70000, 92.398, -14.8356, 121.554, 179.089, 37.1759, 38.4721, 0.263679, 23.6587, 0.981042, -104.326, 0.794442, 114.214
4662, 77.70834, 92.413, -14.8271, 121.469, 179.056, 37.0433, 38.4764, 0.264651, 24.042, 0.981247, -104.361, 0.7933, 114.19
4663, 77.71667, 92.4289, -14.8186, 121.385, 179.022, 36.9104, 38.4817, 0.265642, 24.423, 0.98145, -104.397, 0.792149, 114.166
4664, 77.72500, 92.4458, -14.8099, 121.302, 178.989, 36.7772, 38.4882, 0.26665, 24.8015, 0.981651, -104.433, 0.790989, 114.142
4664, 77.73333, 92.4636, -14.8013, 121.218, 178.956, 36.6437, 38.4957, 0.267676, 25.1775, 0.981849, -104.468, 0.789821, 114.119
4665, 77.74167, 92.4825, -14.7926, 121.136, 178.923, 36.5098, 38.5044, 0.26872, 25.5512, 0.982046, -104.504, 0.788645, 114.097
4665, 77.75000, 92.5023, -14.7838, 121.053, 178.89, 36.3758, 38.5142, 0.269781, 25.9222, 0.98224, -104.539, 0.78746, 114.075
4666, 77.75833, 92.5231, -14.775, 120.972, 178.857, 36.2414, 38.5253, 0.270861, 26.2908, 0.982432, -104.574, 0.786266, 114.053
4666, 77.76667, 92.5449, -14.7662, 120.89, 178.824, 36.1067, 38.5375, 0.271958, 26.6569, 0.982622, -104.609, 0.785064, 114.032
4667, 77.77500, 92.5678, -14.7573, 120.809, 178.792, 35.9718, 38.551, 0.273073, 27.0203, 0.98281, -104.644, 0.783853, 114.011
4667, 77.78333, 92.5916, -14.7484, 120.729, 178.759, 35.8366, 38.5657, 0.274206, 27.3811, 0.982995, -104.679, 0.782633, 113.991
4668, 77.79166, 92.6165, -14.7395, 120.649, 178.726, 35.701, 38.5818, 0.275356, 27.7394, 0.983179, -104.714, 0.781405, 113.972
4668, 77.80000, 92.6424, -14.7306, 120.569, 178.693, 35.5653, 38.5991, 0.276524, 28.0949, 0.983361, -104.749, 0.780169, 113.953
4669, 77.80833, 92.6693, -14.7217, 120.49, 178.661, 35.4292, 38.6178, 0.27771, 28.4478, 0.98354, -104.784, 0.778924, 113.935
4669, 77.81667, 92.6973, -14.7127, 120.411, 178.628, 35.2929, 38.6378, 0.278913, 28.7981, 0.983717, -104.818, 0.77767, 113.917
4670, 77.82500, 92.7264, -14.7038, 120.333, 178.596, 35.1563, 38.6593, 0.280134, 29.1456, 0.983893, -104.853, 0.776408, 113.9
4670, 77.83334, 92.7565, -14.6949, 120.255, 178.563, 35.0195, 38.6822, 0.281372, 29.4905, 0.984066, -104.887, 0.775137, 113.883
4670, 77.84167, 92.7876, -14.686, 120.177, 178.531, 34.8824, 38.7065, 0.282628, 29.8326, 0.984237, -104.922, 0.773857, 113.867
4671, 77.85000, 92.8199, -14.6771, 120.101, 178.499, 34.745, 38.7323, 0.283902, 30.1719, 0.984406, -104.956, 0.772569, 113.852
4672, 77.85833, 92.8532, -14.6683, 120.024, 178.466, 34.6074, 38.7597, 0.285193, 30.5085, 0.984573, -104.99, 0.771273, 113.837
4672, 77.86667, 92.8876, -14.6594, 119.948, 178.434, 34.4696, 38.7886, 0.286501, 30.8423, 0.984738, -105.024, 0.769968, 113.823
4673, 77.87500, 92.9231, -14.6507, 119.873, 178.402, 34.3315, 38.8191, 0.287827, 31.1733, 0.984901, -105.058, 0.768654, 113.81
4673, 77.88333, 92.9597, -14.6419, 119.798, 178.369, 34.1932, 38.8512, 0.28917, 31.5015, 0.985062, -105.092, 0.767332, 113.797
4674, 77.89167, 92.9974, -14.6333, 119.723, 178.337, 34.0546, 38.8849, 0.290531, 31.827, 0.985221, -105.126, 0.766002, 113.785
4674, 77.90000, 93.0362, -14.6246, 119.649, 178.305, 33.9158, 38.9204, 0.291909, 32.1496, 0.985378, -105.16, 0.764663, 113.774
4675, 77.90833, 93.0761, -14.6161, 119.575, 178.273, 33.7769, 38.9575, 0.293305, 32.4693, 0.985533, -105.193, 0.763315, 113.763
4675, 77.91666, 93.1172, -14.6076, 119.502, 178.241, 33.6376, 38.9964, 0.294717, 32.7862, 0.985686, -105.227, 0.761959, 113.753
4676, 77.92500, 93.1594, -14.5992, 119.43, 178.209, 33.4982, 39.0371, 0.296147, 33.1003, 0.985837, -105.26, 0.760595, 113.744
4676, 77.93333, 93.2028, -14.5909, 119.358, 178.177, 33.3586, 39.0796, 0.297595, 33.4115, 0.985986, -105.294, 0.759223, 113.736
4677, 77.94167, 93.2473, -14.5827, 119.286, 178.145, 33.2188, 39.124, 0.29906, 33.7198, 0.986133, -105.327, 0.757841, 113.729
4677, 77.95000, 93.2929, -14.5745, 119.215, 178.113, 33.0788, 39.1703, 0.300542, 34.0253, 0.986279, -105.36, 0.756452, 113.722
4678, 77.95834, 93.3397, -14.5665, 119.144, 178.081, 32.9387, 39.2186, 0.302041, 34.3279, 0.986422, -105.393, 0.755055, 113.716
4678, 77.96667, 93.3877, -14.5586, 119.074, 178.049, 32.7983, 39.2688, 0.303557, 34.6276, 0.986563, -105.426, 0.753649, 113.711
4678, 77.97500, 93.4369, -14.5509, 119.004, 178.017, 32.6578, 39.3211, 0.305091, 34.9244, 0.986703, -105.459, 0.752235, 113.706
4679, 77.98333, 93.4872, -14.5432, 118.935, 177.985, 32.5171, 39.3754, 0.306642, 35.2183, 0.98684, -105.491, 0.750813, 113.703
4680, 77.99167, 93.5387, -14.5357, 118.867, 177.953, 32.3763, 39.4319, 0.30821, 35.5093, 0.986976, -105.524, 0.749382, 113.701
4680, 78.00000, 93.5915, -14.5283, 118.799, 177.922, 32.2354, 39.4905, 0.309795, 35.7974, 0.98711, -105.556, 0.747944, 113.699
4681, 78.00833, 93.6454, -14.5211, 118.731, 177.89, 32.0943, 39.5513, 0.311398, 36.0827, 0.987242, -105.589, 0.746497, 113.698
4681, 78.01667, 93.7006, -14.5141, 118.664, 177.858, 31.9531, 39.6143, 0.313017, 36.365, 0.987372, -105.621, 0.745043, 113.698
4682, 78.02500, 93.7569, -14.5072, 118.598, 177.826, 31.8117, 39.6796, 0.314654, 36.6444, 0.9875, -105.653, 0.743581, 113.699
4682, 78.03333, 93.8145, -14.5005, 118.532, 177.794, 31.6703, 39.7473, 0.316308, 36.9209, 0.987627, -105.685, 0.74211, 113.702
4683, 78.04166, 93.8733, -14.494, 118.466, 177.762, 31.5288, 39.8174, 0.317979, 37.1945, 0.987751, -105.717, 0.740632, 113.705
4683, 78.05000, 93.9334, -14.4877, 118.401, 177.731, 31.3872, 39.8899, 0.319667, 37.4652, 0.987874, -105.749, 0.739147, 113.709
4684, 78.05833, 93.9947, -14.4816, 118.337, 177.699, 31.2455, 39.9648, 0.321372, 37.7329, 0.987996, -105.781, 0.737653, 113.714
4684, 78.06667, 94.0572, -14.4757, 118.273, 177.667, 31.1038, 40.0424, 0.323094, 37.9978, 0.988115, -105.812, 0.736152, 113.72
4685, 78.07500, 94.121, -14.47, 118.21, 177.635, 30.962, 40.1225, 0.324833, 38.2598, 0.988232, -105.844, 0.734643, 113.727
4685, 78.08334, 94.1861, -14.4646, 118.147, 177.603, 30.8202, 40.2052, 0.32659, 38.5188, 0.988348, -105.875, 0.733127, 113.735
4686, 78.09167, 94.2524, -14.4594, 118.085, 177.571, 30.6783, 40.2906, 0.328363, 38.775, 0.988463, -105.907, 0.731604, 113.745
4686, 78.10000, 94.32, -14.4544, 118.023, 177.539, 30.5365, 40.3788, 0.330154, 39.0282, 0.988575, -105.938, 0.730073, 113.755
4686, 78.10833, 94.3889, -14.4497, 117.962, 177.508, 30.3946, 40.4698, 0.331961, 39.2785, 0.988686, -105.969, 0.728535, 113.767
4687, 78.11667, 94.459, -14.4453, 117.901, 177.476, 30.2528, 40.5637, 0.333786, 39.526, 0.988795, -106, 0.72699, 113.78
4688, 78.12500, 94.5305, -14.4411, 117.841, 177.444, 30.111, 40.6604, 0.335627, 39.7705, 0.988903, -106.031, 0.725438, 113.794
4688, 78.13333, 94.6032, -14.4373, 117.782, 177.412, 29.9693, 40.7601, 0.337486, 40.0121, 0.989008, -106.061, 0.723879, 113.809
4689, 78.14167, 94.6772, -14.4337, 117.723, 177.38, 29.8275, 40.8629, 0.339361, 40.2509, 0.989113, -106.092, 0.722313, 113.825
4689, 78.15000, 94.7526, -14.4304, 117.665, 177.348, 29.6859, 40.9688, 0.341254, 40.4867, 0.989215, -106.123, 0.72074, 113.843
4690, 78.15833, 94.8292, -14.4274, 117.607, 177.316, 29.5444, 41.0778, 0.343163, 40.7197, 0.989316, -106.153, 0.719161, 113.862
4690, 78.16666, 94.9072, -14.4248, 117.55, 177.284, 29.403, 41.19, 0.34509, 40.9498, 0.989416, -106.183, 0.717575, 113.882
4691, 78.17500, 94.9865, -14.4225, 117.493, 177.252, 29.2617, 41.3055, 0.347033, 41.177, 0.989514, -106.213, 0.715983, 113.903
4691, 78.18333, 95.0671, -14.4205, 117.437, 177.219, 29.1206, 41.4244, 0.348994, 41.4013, 0.98961, -106.243, 0.714384, 113.926
4691, 78.19167, 95.149, -14.4189, 117.382, 177.187, 28.9796, 41.5466, 0.350972, 41.6228, 0.989705, -106.273, 0.71278, 113.95
4692, 78.20000, 95.2323, -14.4177, 117.327, 177.155, 28.8388, 41.6724, 0.352966, 41.8414, 0.989799, -106.303, 0.711169, 113.976
4693, 78.20834, 95.3168, -14.4168, 117.273, 177.123, 28.6982, 41.8016, 0.354977, 42.0571, 0.989891, -106.333, 0.709553, 114.003
4693, 78.21667, 95.4028, -14.4164, 117.219, 177.09, 28.5579, 41.9345, 0.357006, 42.27, 0.989981, -106.362, 0.70793, 114.031
4694, 78.22500, 95.4901, -14.4163, 117.166, 177.058, 28.4178, 42.071, 0.359051, 42.48, 0.99007, -106.392, 0.706303, 114.061
4694, 78.23333, 95.5787, -14.4166, 117.113, 177.025, 28.2779, 42.2113, 0.361113, 42.6871, 0.990158, -106.421, 0.704669, 114.093
4694, 78.24167, 95.6687, -14.4173, 117.061, 176.993, 28.1383, 42.3554, 0.363193, 42.8915, 0.990244, -106.45, 0.703031, 114.125
4695, 78.25000, 95.76, -14.4185, 117.01, 176.96, 27.9991, 42.5034, 0.365289, 43.093, 0.990329, -106.479, 0.701387, 114.16
4696, 78.25833, 95.8527, -14.4201, 116.959, 176.927, 27.8602, 42.6553, 0.367402, 43.2916, 0.990412, -106.508, 0.699739, 114.196
4696, 78.26667, 95.9468, -14.4222, 116.909, 176.894, 27.7216, 42.8113, 0.369532, 43.4874, 0.990494, -106.537, 0.698085, 114.233
4697, 78.27500, 96.0422, -14.4247, 116.86, 176.862, 27.5835, 42.9713, 0.371679, 43.6804, 0.990575, -106.565, 0.696427, 114.272
4697, 78.28333, 96.139, -14.4277, 116.811, 176.829, 27.4457, 43.1355, 0.373843, 43.8706, 0.990655, -106.594, 0.694765, 114.313
4698, 78.29166, 96.2371, -14.4311, 116.762, 176.796, 27.3084, 43.304, 0.376024, 44.0579, 0.990733, -106.622, 0.693098, 114.356
4698, 78.30000, 96.3367, -14.4351, 116.715, 176.762, 27.1716, 43.4767, 0.378222, 44.2425, 0.99081, -106.65, 0.691428, 114.4
4699, 78.30833, 96.4376, -14.4396, 116.668, 176.729, 27.0352, 43.6539, 0.380437, 44.4242, 0.990886, -106.679, 0.689754, 114.446
4699, 78.31667, 96.5398, -14.4445, 116.621, 176.696, 26.8994, 43.8355, 0.382668, 44.6032, 0.990961, -106.707, 0.688075, 114.493
4699, 78.32500, 96.6435, -14.4501, 116.575, 176.662, 26.7641, 44.0216, 0.384917, 44.7793, 0.991034, -106.735, 0.686394, 114.543
4700, 78.33334, 96.7485, -14.4561, 116.53, 176.629, 26.6294, 44.2124, 0.387182, 44.9527, 0.991107, -106.762, 0.68471, 114.594
4701, 78.34167, 96.8549, -14.4627, 116.485, 176.595, 26.4953, 44.4078, 0.389465, 45.1232, 0.991178, -106.79, 0.683022, 114.647
4701, 78.35000, 96.9627, -14.4699, 116.441, 176.561, 26.3619, 44.608, 0.391764, 45.291, 0.991248, -106.817, 0.681332, 114.702
4702, 78.35833, 97.0718, -14.4776, 116.398, 176.527, 26.2291, 44.8131, 0.39408, 45.4561, 0.991317, -106.845, 0.67964, 114.759
4702, 78.36667, 97.1823, -14.486, 116.355, 176.493, 26.0971, 45.023, 0.396413, 45.6183, 0.991385, -106.872, 0.677945, 114.817
4703, 78.37500, 97.2942, -14.4949, 116.313, 176.459, 25.9658, 45.238, 0.398762, 45.7778, 0.991452, -106.899, 0.676248, 114.878
4703, 78.38333, 97.4075, -14.5044, 116.271, 176.425, 25.8353, 45.4579, 0.401129, 45.9346, 0.991518, -106.926, 0.67455, 114.941
4704, 78.39167, 97.5222, -14.5146, 116.23, 176.39, 25.7056, 45.6831, 0.403512, 46.0886, 0.991583, -106.953, 0.67285, 115.006
4704, 78.40000, 97.6382, -14.5254, 116.19, 176.356, 25.5768, 45.9134, 0.405912, 46.2398, 0.991647, -106.98, 0.671149, 115.072
4705, 78.40833, 97.7556, -14.5368, 116.15, 176.321, 25.4489, 46.149, 0.408329, 46.3884, 0.99171, -107.006, 0.669447, 115.141
4705, 78.41666, 97.8744, -14.5489, 116.111, 176.286, 25.3219, 46.3899, 0.410762, 46.5341, 0.991772, -107.032, 0.667745, 115.212
4706, 78.42500, 97.9945, -14.5617, 116.072, 176.251, 25.1959, 46.6363, 0.413213, 46.6772, 0.991833, -107.059, 0.666042, 115.285
4706, 78.43333, 98.1161, -14.5752, 116.034, 176.215, 25.0709, 46.8881, 0.41568, 46.8175, 0.991894, -107.085, 0.66434, 115.36
4707, 78.44167, 98.2389, -14.5893, 115.997, 176.18, 24.9469, 47.1455, 0.418164, 46.9552, 0.991953, -107.111, 0.662638, 115.438
4707, 78.45000, 98.3632, -14.6042, 115.961, 176.144, 24.8241, 47.4084, 0.420664, 47.0901, 0.992012, -107.137, 0.660936, 115.517
4707, 78.45834, 98.4888, -14.6197, 115.925, 176.109, 24.7024, 47.6771, 0.423181, 47.2223, 0.99207, -107.163, 0.659236, 115.599
4708, 78.46667, 98.6157, -14.636, 115.889, 176.073, 24.582, 47.9515, 0.425715, 47.3518, 0.992127, -107.188, 0.657537, 115.683
4709, 78.47500, 98.744, -14.6531, 115.854, 176.036, 24.4627, 48.2316, 0.428265, 47.4786, 0.992184, -107.214, 0.65584, 115.77
4709, 78.48333, 98.8737, -14.6709, 115.82, 176, 24.3448, 48.5176, 0.430831, 47.6027, 0.99224, -107.239, 0.654145, 115.858
4710, 78.49167, 99.0047, -14.6895, 115.787, 175.963, 24.2281, 48.8096, 0.433415, 47.7241, 0.992295, -107.264, 0.652453, 115.95
4710, 78.50000, 99.137, -14.7088, 115.754, 175.927, 24.1129, 49.1074, 0.436014, 47.8429, 0.99235, -107.289, 0.650763, 116.043
4711, 78.50833, 99.2707, -14.729, 115.721, 175.89, 23.9991, 49.4112, 0.43863, 47.959, 0.992404, -107.314, 0.649077, 116.139
4711, 78.51667, 99.4056, -14.7499, 115.69, 175.852, 23.8867, 49.7212, 0.441263, 48.0724, 0.992458, -107.339, 0.647394, 116.238
4712, 78.52500, 99.5419, -14.7717, 115.658, 175.815, 23.776, 50.0371, 0.443912, 48.1831, 0.992511, -107.364, 0.645716, 116.339
4712, 78.53333, 99.6795, -14.7943, 115.628, 175.777, 23.6667, 50.3592, 0.446577, 48.2912, 0.992563, -107.388, 0.644042, 116.442
4713, 78.54166, 99.8185, -14.8177, 115.598, 175.739, 23.5592, 50.6874, 0.449259, 48.3967, 0.992615, -107.413, 0.642373, 116.548
4713, 78.55000, 99.9587, -14.842, 115.569, 175.701, 23.4533, 51.0217, 0.451957, 48.4995, 0.992667, -107.437, 0.640709, 116.657
4714, 78.55833, 100.1, -14.8671, 115.54, 175.663, 23.3492, 51.3623, 0.454671, 48.5997, 0.992718, -107.461, 0.639052, 116.768
4714, 78.56667, 100.243, -14.8932, 115.512, 175.624, 23.2469, 51.709, 0.457401, 48.6972, 0.992769, -107.485, 0.6374, 116.882
4715, 78.57500, 100.387, -14.9201, 115.484, 175.585, 23.1464, 52.062, 0.460147, 48.7921, 0.992819, -107.509, 0.635755, 116.999
4715, 78.58334, 100.532, -14.9479, 115.457, 175.546, 23.0479, 52.4211, 0.462909, 48.8844, 0.992869, -107.532, 0.634118, 117.118
4715, 78.59167, 100.679, -14.9766, 115.431, 175.506, 22.9513, 52.7865, 0.465688, 48.974, 0.992919, -107.556, 0.632488, 117.24
4716, 78.60000, 100.827, -15.0063, 115.405, 175.467, 22.8567, 53.1581, 0.468481, 49.0611, 0.992969, -107.579, 0.630866, 117.365
4717, 78.60833, 100.976, -15.0369, 115.38, 175.427, 22.7643, 53.5358, 0.471291, 49.1455, 0.993018, -107.603, 0.629253, 117.493
4717, 78.61667, 101.126, -15.0684, 115.356, 175.386, 22.674, 53.9197, 0.474117, 49.2273, 0.993068, -107.626, 0.627649, 117.623
4718, 78.62500, 101.277, -15.1009, 115.332, 175.346, 22.5859, 54.3098, 0.476958, 49.3066, 0.993117, -107.649, 0.626056, 117.756
4718, 78.63333, 101.43, -15.1344, 115.308, 175.305, 22.5001, 54.7058, 0.479815, 49.3832, 0.993166, -107.672, 0.624472, 117.892
4719, 78.64167, 101.584, -15.1689, 115.285, 175.263, 22.4166, 55.108, 0.482688, 49.4573, 0.993215, -107.695, 0.622899, 118.031
4719, 78.65000, 101.739, -15.2043, 115.263, 175.222, 22.3355, 55.5162, 0.485575, 49.5288, 0.993263, -107.717, 0.621338, 118.173
4720, 78.65833, 101.895, -15.2408, 115.241, 175.18, 22.2568, 55.9302, 0.488478, 49.5977, 0.993312, -107.74, 0.619788, 118.318
4720, 78.66666, 102.052, -15.2782, 115.22, 175.138, 22.1806, 56.3501, 0.491397, 49.6641, 0.993361, -107.762, 0.618251, 118.465
4721, 78.67500, 102.211, -15.3168, 115.199, 175.095, 22.1071, 56.7758, 0.49433, 49.7278, 0.99341, -107.784, 0.616727, 118.616
4721, 78.68333, 102.37, -15.3563, 115.179, 175.052, 22.0361, 57.2071, 0.497279, 49.7891, 0.993459, -107.806, 0.615217, 118.769
4722, 78.69167, 102.531, -15.3969, 115.16, 175.009, 21.9678, 57.644, 0.500243, 49.8478, 0.993508, -107.828, 0.613721, 118.926
4722, 78.70000, 102.693, -15.4385, 115.14, 174.965, 21.9023, 58.0864, 0.503221, 49.9039, 0.993557, -107.85, 0.61224, 119.085
4723, 78.70834, 102.855, -15.4813, 115.122, 174.921, 21.8396, 58.5341, 0.506214, 49.9575, 0.993607, -107.872, 0.610775, 119.248
4723, 78.71667, 103.019, -15.5251, 115.104, 174.877, 21.7798, 58.987, 0.509223, 50.0086, 0.993656, -107.894, 0.609325, 119.414
4723, 78.72500, 103.184, -15.57, 115.086, 174.832, 21.7228, 59.445, 0.512245, 50.0571, 0.993706, -107.915, 0.607893, 119.582
4724, 78.73333, 103.35, -15.616, 115.069, 174.787, 21.6689, 59.9079, 0.515281, 50.1031, 0.993756, -107.936, 0.606478, 119.754
4725, 78.74167, 103.517, -15.6631, 115.053, 174.742, 21.618, 60.3756, 0.518333, 50.1466, 0.993807, -107.957, 0.605081, 119.928
4725, 78.75000, 103.684, -15.7113, 115.037, 174.696, 21.5702, 60.8478, 0.521398, 50.1876, 0.993858, -107.979, 0.603703, 120.106
4726, 78.75833, 103.853, -15.7607, 115.021, 174.65, 21.5256, 61.3244, 0.524477, 50.2261, 0.993909, -107.999, 0.602344, 120.287
4726, 78.76667, 104.023, -15.8112, 115.006, 174.603, 21.4841, 61.8053, 0.52757, 50.2621, 0.99396, -108.02, 0.601005, 120.471
4727, 78.77500, 104.193, -15.8629, 114.991, 174.556, 21.4459, 62.2901, 0.530677, 50.2957, 0.994012, -108.041, 0.599687, 120.658
4727, 78.78333, 104.365, -15.9157, 114.977, 174.509, 21.411, 62.7788, 0.533798, 50.3267, 0.994065, -108.062, 0.598391, 120.847
4728, 78.79166, 104.537, -15.9697, 114.963, 174.461, 21.3795, 63.271, 0.536932, 50.3553, 0.994118, -108.082, 0.597116, 121.04
4728, 78.80000, 104.71, -16.0249, 114.95, 174.412, 21.3514, 63.7666, 0.540079, 50.3813, 0.994172, -108.102, 0.595865, 121.237
4729, 78.80833, 104.884, -16.0813, 114.937, 174.364, 21.3267, 64.2652, 0.543239, 50.405, 0.994226, -108.123, 0.594637, 121.436
4729, 78.81667, 105.059, -16.1389, 114.924, 174.315, 21.3055, 64.7668, 0.546413, 50.4262, 0.994281, -108.143, 0.593433, 121.638
4730, 78.82500, 105.235, -16.1976, 114.912, 174.265, 21.2879, 65.2709, 0.549599, 50.4449, 0.994336, -108.163, 0.592254, 121.843
4730, 78.83334, 105.411, -16.2576, 114.9, 174.215, 21.2738, 65.7773, 0.552797, 50.4612, 0.994392, -108.182, 0.591101, 122.051
4731, 78.84167, 105.588, -16.3188, 114.889, 174.164, 21.2634, 66.2859, 0.556008, 50.4751, 0.994449, -108.202, 0.589974, 122.262
4731, 78.85000, 105.766, -16.3812, 114.878, 174.113, 21.2566, 66.7962, 0.559232, 50.4865, 0.994507, -108.222, 0.588875, 122.476
4731, 78.85833, 105.944, -16.4449, 114.867, 174.062, 21.2535, 67.3079, 0.562467, 50.4955, 0.994565, -108.241, 0.587803, 122.693
4732, 78.86667, 106.123, -16.5098, 114.857, 174.01, 21.2541, 67.821, 0.565714, 50.5022, 0.994624, -108.261, 0.58676, 122.913
4733, 78.87500, 106.303, -16.576, 114.847, 173.957, 21.2584, 68.3348, 0.568973, 50.5064, 0.994684, -108.28, 0.585746, 123.135
4733, 78.88333, 106.483, -16.6434, 114.837, 173.905, 21.2665, 68.8493, 0.572244, 50.5082, 0.994745, -108.299, 0.584762, 123.361
4734, 78.89167, 106.664, -16.7121, 114.828, 173.851, 21.2785, 69.3642, 0.575526, 50.5077, 0.994807, -108.318, 0.583809, 123.589
4734, 78.90000, 106.845, -16.782, 114.818, 173.797, 21.2942, 69.879, 0.578818, 50.5048, 0.99487, -108.337, 0.582887, 123.82
4735, 78.90833, 107.027, -16.8532, 114.81, 173.743, 21.3137, 70.3935, 0.582122, 50.4995, 0.994933, -108.356, 0.581998, 124.054
4735, 78.91666, 107.209, -16.9257, 114.801, 173.688, 21.3372, 70.9074, 0.585436, 50.4918, 0.994998, -108.375, 0.581141, 124.291
4736, 78.92500, 107.391, -16.9995, 114.793, 173.632, 21.3644, 71.4203, 0.58876, 50.4818, 0.995064, -108.394, 0.580318, 124.53
4736, 78.93333, 107.574, -17.0746, 114.785, 173.577, 21.3956, 71.932, 0.592095, 50.4695, 0.99513, -108.412, 0.57953, 124.771
4737, 78.94167, 107.758, -17.151, 114.777, 173.52, 21.4306, 72.4422, 0.59544, 50.4548, 0.995198, -108.431, 0.578776, 125.016
4737, 78.95000, 107.942, -17.2287, 114.769, 173.463, 21.4695, 72.9504, 0.598794, 50.4379, 0.995267, -108.449, 0.578059, 125.262
4738, 78.95834, 108.126, -17.3076, 114.762, 173.406, 21.5123, 73.4565, 0.602157, 50.4186, 0.995337, -108.468, 0.577378, 125.511
4738, 78.96667, 108.31, -17.3879, 114.754, 173.348, 21.559, 73.9601, 0.60553, 50.397, 0.995408, -108.486, 0.576733, 125.763
4739, 78.97500, 108.494, -17.4695, 114.747, 173.289, 21.6095, 74.4608, 0.608912, 50.3731, 0.995481, -108.504, 0.576127, 126.017
4739, 78.98333, 108.679, -17.5524, 114.74, 173.23, 21.6639, 74.9585, 0.612302, 50.347, 0.995554, -108.522, 0.575559, 126.273
4739, 78.99167, 108.864, -17.6367, 114.733, 173.17, 21.7222, 75.4529, 0.615701, 50.3186, 0.995629, -108.54, 0.575031, 126.531
4740, 79.00000, 109.049, -17.7222, 114.726, 173.11, 21.7843, 75.9435, 0.619107, 50.2879, 0.995705, -108.558, 0.574542, 126.791
4741, 79.00833, 109.234, -17.8091, 114.72, 173.049, 21.8502, 76.4302, 0.622522, 50.255, 0.995782, -108.576, 0.574094, 127.053
4741, 79.01667, 109.419, -17.8973, 114.713, 172.988, 21.9199, 76.9127, 0.625944, 50.2198, 0.995861, -108.593, 0.573686, 127.317
4742, 79.02500, 109.605, -17.9869, 114.706, 172.926, 21.9934, 77.3906, 0.629373, 50.1825, 0.995941, -108.611, 0.573321, 127.583
4742, 79.03333, 109.79, -18.0777, 114.7, 172.863, 22.0707, 77.8638, 0.632809, 50.1429, 0.996022, -108.629, 0.572997, 127.85
4743, 79.04166, 109.975, -18.1699, 114.693, 172.8, 22.1517, 78.3321, 0.636252, 50.1011, 0.996105, -108.646, 0.572717, 128.12
4743, 79.05000, 110.16, -18.2634, 114.687, 172.736, 22.2364, 78.795, 0.639701, 50.0571, 0.996189, -108.664, 0.57248, 128.39
4744, 79.05833, 110.345, -18.3583, 114.68, 172.672, 22.3247, 79.2525, 0.643156, 50.011, 0.996275, -108.681, 0.572287, 128.663
4744, 79.06667, 110.529, -18.4545, 114.674, 172.607, 22.4167, 79.7043, 0.646617, 49.9627, 0.996362, -108.698, 0.572138, 128.936
4745, 79.07500, 110.714, -18.552, 114.667, 172.542, 22.5123, 80.1501, 0.650083, 49.9122, 0.99645, -108.715, 0.572035, 129.211
4745, 79.08334, 110.898, -18.6508, 114.661, 172.476, 22.6114, 80.5898, 0.653554, 49.8596, 0.99654, -108.733, 0.571976, 129.487
4746, 79.09167, 111.082, -18.751, 114.654, 172.41, 22.714, 81.0233, 0.65703, 49.8049, 0.996631, -108.75, 0.571964, 129.764
4746, 79.10000, 111.266, -18.8525, 114.647, 172.342, 22.8201, 81.4501, 0.66051, 49.7481, 0.996724, -108.767, 0.571999, 130.042
4747, 79.10833, 111.449, -18.9553, 114.64, 172.275, 22.9296, 81.8703, 0.663995, 49.6892, 0.996818, -108.784, 0.57208, 130.32
4747, 79.11667, 111.632, -19.0595, 114.633, 172.206, 23.0425, 82.2837, 0.667483, 49.6282, 0.996914, -108.801, 0.572208, 130.6
4747, 79.12500, 111.814, -19.165, 114.626, 172.137, 23.1586, 82.6901, 0.670974, 49.5651, 0.997011, -108.818, 0.572384, 130.88
4748, 79.13333, 111.996, -19.2718, 114.618, 172.068, 23.2781, 83.0893, 0.674468, 49.5, 0.99711, -108.835, 0.572608, 131.16
4749, 79.14167, 112.177, -19.3799, 114.61, 171.998, 23.4008, 83.4814, 0.677966, 49.4328, 0.997211, -108.852, 0.57288, 131.441
4749, 79.15000, 112.358, -19.4893, 114.602, 171.927, 23.5266, 83.8659, 0.681465, 49.3637, 0.997313, -108.868, 0.573201, 131.722
4750, 79.15833, 112.538, -19.6, 114.594, 171.856, 23.6555, 84.243, 0.684966, 49.2925, 0.997416, -108.885, 0.573571, 132.003
4750, 79.16666, 112.717, -19.7121, 114.586, 171.784, 23.7875, 84.6126, 0.688469, 49.2193, 0.997521, -108.902, 0.57399, 132.285
4751, 79.17500, 112.896, -19.8254, 114.577, 171.711, 23.9224, 84.9744, 0.691973, 49.1442, 0.997628, -108.919, 0.574458, 132.566
4751, 79.18333, 113.074, -19.94, 114.568, 171.638, 24.0602, 85.3284, 0.695478, 49.0671, 0.997736, -108.935, 0.574976, 132.847
4752, 79.19167, 113.251, -20.0559, 114.559, 171.564, 24.201, 85.6747, 0.698983, 48.988, 0.997846, -108.952, 0.575543, 133.127
4752, 79.20000, 113.427, -20.1731, 114.549, 171.49, 24.3445, 86.013, 0.702489, 48.907, 0.997958, -108.969, 0.57616, 133.407
4753, 79.20834, 113.603, -20.2916, 114.539, 171.415, 24.4907, 86.3434, 0.705994, 48.8242, 0.998071, -108.985, 0.576828, 133.686
4753, 79.21667, 113.777, -20.4113, 114.528, 171.339, 24.6397, 86.6659, 0.709498, 48.7394, 0.998185, -109.002, 0.577545, 133.965
4754, 79.22500, 113.951, -20.5323, 114.517, 171.263, 24.7912, 86.9803, 0.713001, 48.6527, 0.998302, -109.019, 0.578312, 134.243
4754, 79.23333, 114.123, -20.6546, 114.506, 171.186, 24.9452, 87.2866, 0.716503, 48.5642, 0.99842, -109.035, 0.57913, 134.519
4755, 79.24167, 114.295, -20.7781, 114.494, 171.109, 25.1018, 87.585, 0.720003, 48.4739, 0.998539, -109.052, 0.579997, 134.795
4755, 79.25000, 114.465, -20.9028, 114.482, 171.031, 25.2607, 87.8752, 0.7235, 48.3817, 0.99866, -109.068, 0.580915, 135.07
4755, 79.25833, 114.635, -21.0288, 114.469, 170.952, 25.422, 88.1574, 0.726995, 48.2878, 0.998783, -109.085, 0.581882, 135.343
4756, 79.26667, 114.803, -21.156, 114.456, 170.873, 25.5855, 88.4315, 0.730487, 48.192, 0.998907, -109.101, 0.582899, 135.614
4757, 79.27500, 114.969, -21.2844, 114.442, 170.793, 25.7513, 88.6976, 0.733975, 48.0945, 0.999033, -109.118, 0.583966, 135.884
4757, 79.28333, 115.135, -21.4141, 114.427, 170.713, 25.9192, 88.9557, 0.73746, 47.9952, 0.99916, -109.135, 0.585083, 136.153
4758, 79.29166, 115.299, -21.5449, 114.412, 170.632, 26.0891, 89.2058, 0.74094, 47.8943, 0.999289, -109.151, 0.586249, 136.419
4758, 79.30000, 115.462, -21.6769, 114.397, 170.551, 26.2611, 89.4479, 0.744416, 47.7916, 0.99942, -109.168, 0.587464, 136.684
4759, 79.30833, 115.624, -21.8101, 114.38, 170.469, 26.4349, 89.6821, 0.747886, 47.6872, 0.999552, -109.184, 0.588727, 136.946
4759, 79.31667, 115.784, -21.9444, 114.363, 170.386, 26.6107, 89.9085, 0.751351, 47.5811, 0.999685, -109.201, 0.59004, 137.206
4760, 79.32500, 115.942, -22.0799, 114.346, 170.303, 26.7882, 90.127, 0.75481, 47.4734, 0.99982, -109.218, 0.5914, 137.465
4760, 79.33334, 116.099, -22.2166, 114.327, 170.219, 26.9675, 90.3377, 0.758262, 47.3641, 0.999957, -109.234, 0.592809, 137.72
4761, 79.34167, 116.255, -22.3543, 114.308, 170.134, 27.1484, 90.5408, 0.761708, 47.2532, 1.00009, -109.251, 0.594265, 137.973
4761, 79.35000, 116.409, -22.4932, 114.289, 170.049, 27.3309, 90.7361, 0.765147, 47.1407, 1.00023, -109.268, 0.595768, 138.224
4762, 79.35833, 116.561, -22.6332, 114.268, 169.964, 27.5149, 90.9239, 0.768578, 47.0266, 1.00038, -109.285, 0.597318, 138.472
4762, 79.36667, 116.712, -22.7743, 114.247, 169.878, 27.7004, 91.1042, 0.772001, 46.911, 1.00052, -109.301, 0.598914, 138.717
4763, 79.37500, 116.86, -22.9165, 114.225, 169.791, 27.8873, 91.277, 0.775416, 46.7939, 1.00066, -109.318, 0.600556, 138.96
4763, 79.38333, 117.007, -23.0597, 114.202, 169.704, 28.0755, 91.4425, 0.778821, 46.6753, 1.00081, -109.335, 0.602243, 139.199
4763, 79.39167, 117.153, -23.204, 114.179, 169.616, 28.2649, 91.6007, 0.782218, 46.5551, 1.00095, -109.352, 0.603975, 139.436
4764, 79.40000, 117.296, -23.3493, 114.154, 169.528, 28.4556, 91.7517, 0.785605, 46.4336, 1.0011, -109.369, 0.605751, 139.669
4765, 79.40833, 117.438, -23.4956, 114.129, 169.439, 28.6474, 91.8956, 0.788982, 46.3106, 1.00125, -109.386, 0.60757, 139.899
4765, 79.41666, 117.577, -23.643, 114.102, 169.35, 28.8402, 92.0325, 0.792349, 46.1862, 1.0014, -109.403, 0.609433, 140.126
4766, 79.42500, 117.715, -23.7914, 114.075, 169.26, 29.034, 92.1624, 0.795705, 46.0604, 1.00155, -109.42, 0.611337, 140.35
4766, 79.43333, 117.851, -23.9407, 114.047, 169.17, 29.2288, 92.2855, 0.799049, 45.9332, 1.0017, -109.437, 0.613284, 140.57
4767, 79.44167, 117.984, -24.091, 114.018, 169.079, 29.4244, 92.4018, 0.802383, 45.8047, 1.00186, -109.455, 0.615272, 140.787
4767, 79.45000, 118.116, -24.2422, 113.988, 168.988, 29.6209, 92.5115, 0.805704, 45.6749, 1.00201, -109.472, 0.617299, 141
4768, 79.45834, 118.245, -24.3944, 113.957, 168.896, 29.818, 92.6146, 0.809012, 45.5438, 1.00217, -109.489, 0.619367, 141.209
4768, 79.46667, 118.373, -24.5475, 113.925, 168.804, 30.0159, 92.7112, 0.812308, 45.4114, 1.00233, -109.507, 0.621473, 141.415
4769, 79.47500, 118.498, -24.7015, 113.892, 168.711, 30.2144, 92.8015, 0.81559, 45.2777, 1.00249, -109.524, 0.623618, 141.618
4769, 79.48333, 118.621, -24.8564, 113.858, 168.618, 30.4135, 92.8854, 0.818859, 45.1429, 1.00264, -109.542, 0.6258, 141.816
4770, 79.49167, 118.742, -25.0122, 113.823, 168.524, 30.6131, 92.9633, 0.822114, 45.0068, 1.00281, -109.559, 0.628019, 142.011
4770, 79.50000, 118.86, -25.1688, 113.787, 168.43, 30.8131, 93.035, 0.825355, 44.8696, 1.00297, -109.577, 0.630273, 142.202
4771, 79.50833, 118.977, -25.3262, 113.75, 168.336, 31.0135, 93.1008, 0.828581, 44.7312, 1.00313, -109.595, 0.632562, 142.389
4771, 79.51667, 119.09, -25.4845, 113.711, 168.241, 31.2142, 93.1606, 0.831792, 44.5916, 1.00329, -109.612, 0.634886, 142.572
4771, 79.52500, 119.202, -25.6435, 113.672, 168.145, 31.4153, 93.2148, 0.834987, 44.451, 1.00346, -109.63, 0.637243, 142.752
4772, 79.53333, 119.311, -25.8034, 113.631, 168.049, 31.6165, 93.2632, 0.838167, 44.3093, 1.00362, -109.648, 0.639633, 142.927
4773, 79.54166, 119.418, -25.964, 113.59, 167.953, 31.8179, 93.3061, 0.84133, 44.1665, 1.00379, -109.666, 0.642054, 143.098
4773, 79.55000, 119.522, -26.1253, 113.547, 167.857, 32.0194, 93.3435, 0.844477, 44.0227, 1.00395, -109.684, 0.644507, 143.266
4774, 79.55833, 119.624, -26.2874, 113.503, 167.76, 32.221, 93.3755, 0.847607, 43.8779, 1.00412, -109.703, 0.646989, 143.429
4774, 79.56667, 119.724, -26.4502, 113.458, 167.662, 32.4226, 93.4022, 0.85072, 43.732, 1.00429, -109.721, 0.6495, 143.589
4775, 79.57500, 119.82, -26.6137, 113.412, 167.564, 32.6241, 93.4238, 0.853815, 43.5853, 1.00445, -109.739, 0.65204, 143.744
4775, 79.58334, 119.915, -26.7778, 113.364, 167.466, 32.8256, 93.4403, 0.856892, 43.4376, 1.00462, -109.758, 0.654607, 143.895
4776, 79.59167, 120.007, -26.9426, 113.316, 167.368, 33.0269, 93.4518, 0.859952, 43.289, 1.00479, -109.776, 0.6572, 144.043
4776, 79.60000, 120.096, -27.1081, 113.266, 167.269, 33.228, 93.4584, 0.862992, 43.1395, 1.00496, -109.795, 0.659819, 144.186
4777, 79.60833, 120.182, -27.2741, 113.215, 167.17, 33.4289, 93.4602, 0.866014, 42.9891, 1.00513, -109.814, 0.662463, 144.325
4777, 79.61667, 120.266, -27.4408, 113.162, 167.07, 33.6295, 93.4574, 0.869017, 42.8379, 1.0053, -109.833, 0.66513, 144.461
4778, 79.62500, 120.348, -27.608, 113.109, 166.971, 33.8297, 93.4499, 0.872, 42.6859, 1.00547, -109.851, 0.667821, 144.592
4778, 79.63333, 120.426, -27.7758, 113.054, 166.871, 34.0295, 93.438, 0.874963, 42.5331, 1.00564, -109.87, 0.670533, 144.719
4779, 79.64167, 120.502, -27.9441, 112.998, 166.77, 34.229, 93.4216, 0.877907, 42.3795, 1.00581, -109.89, 0.673266, 144.842
4779, 79.65000, 120.576, -28.113, 112.94, 166.67, 34.428, 93.401, 0.88083, 42.2252, 1.00599, -109.909, 0.67602, 144.961
4779, 79.65833, 120.646, -28.2823, 112.882, 166.569, 34.6264, 93.3761, 0.883733, 42.0701, 1.00616, -109.928, 0.678793, 145.077
4780, 79.66666, 120.714, -28.4522, 112.822, 166.467, 34.8243, 93.3471, 0.886615, 41.9144, 1.00633, -109.947, 0.681584, 145.188
4781, 79.67500, 120.779, -28.6225, 112.761, 166.366, 35.0216, 93.314, 0.889475, 41.758, 1.0065, -109.967, 0.684393, 145.295
4781, 79.68333, 120.842, -28.7932, 112.698, 166.264, 35.2183, 93.277, 0.892314, 41.601, 1.00667, -109.987, 0.687218, 145.399
4782, 79.69167, 120.902, -28.9644, 112.634, 166.162, 35.4143, 93.2362, 0.895132, 41.4433, 1.00684, -110.006, 0.690059, 145.498
4782, 79.70000, 120.958, -29.136, 112.569, 166.06, 35.6095, 93.1916, 0.897928, 41.2851, 1.00701, -110.026, 0.692915, 145.594
4783, 79.70834, 121.013, -29.3079, 112.503, 165.958, 35.804, 93.1433, 0.900701, 41.1262, 1.00719, -110.046, 0.695785, 145.686
4783, 79.71667, 121.064, -29.4802, 112.435, 165.856, 35.9977, 93.0914, 0.903453, 40.9669, 1.00736, -110.066, 0.698668, 145.774
4784, 79.72500, 121.112, -29.6529, 112.366, 165.753, 36.1906, 93.0359, 0.906181, 40.807, 1.00753, -110.086, 0.701563, 145.858
4784, 79.73333, 121.158, -29.8259, 112.296, 165.65, 36.3826, 92.9771, 0.908887, 40.6466, 1.0077, -110.106, 0.70447, 145.939
4785, 79.74167, 121.201, -29.9992, 112.224, 165.547, 36.5738, 92.9149, 0.911571, 40.4857, 1.00787, -110.126, 0.707387, 146.015
4785, 79.75000, 121.241, -30.1728, 112.152, 165.444, 36.764, 92.8494, 0.914231, 40.3243, 1.00804, -110.147, 0.710314, 146.089
4786, 79.75833, 121.279, -30.3467, 112.077, 165.34, 36.9532, 92.7807, 0.916867, 40.1626, 1.00821, -110.167, 0.713249, 146.158
4786, 79.76667, 121.313, -30.5208, 112.002, 165.237, 37.1415, 92.709, 0.919481, 40.0004, 1.00837, -110.188, 0.716193, 146.224
4787, 79.77500, 121.345, -30.6951, 111.925, 165.133, 37.3287, 92.6342, 0.92207, 39.8379, 1.00854, -110.209, 0.719144, 146.287
4787, 79.78333, 121.374, -30.8697, 111.847, 165.03, 37.5148, 92.5564, 0.924636, 39.6749, 1.00871, -110.229, 0.7221, 146.345
4787, 79.79166, 121.4, -31.0445, 111.767, 164.926, 37.6999, 92.4758, 0.927177, 39.5117, 1.00888, -110.25, 0.725063, 146.401
4788, 79.80000, 121.423, -31.2194, 111.686, 164.822, 37.8838, 92.3923, 0.929695, 39.3481, 1.00904, -110.271, 0.728031, 146.453
4789, 79.80833, 121.443, -31.3945, 111.604, 164.718, 38.0666, 92.3062, 0.932188, 39.1842, 1.00921, -110.292, 0.731002, 146.501
4789, 79.81667, 121.461, -31.5697, 111.521, 164.614, 38.2483, 92.2174, 0.934657, 39.0201, 1.00937, -110.313, 0.733977, 146.547
4790, 79.82500, 121.476, -31.7451, 111.436, 164.51, 38.4287, 92.126, 0.937102, 38.8557, 1.00954, -110.335, 0.736954, 146.589
4790, 79.83334, 121.488, -31.9205, 111.35, 164.406, 38.6079, 92.032, 0.939521, 38.691, 1.0097, -110.356, 0.739933, 146.627
4791, 79.84167, 121.497, -32.096, 111.263, 164.302, 38.7859, 91.9357, 0.941917, 38.5262, 1.00986, -110.378, 0.742914, 146.663
4791, 79.85000, 121.503, -32.2716, 111.174, 164.198, 38.9626, 91.8369, 0.944287, 38.3612, 1.01002, -110.399, 0.745894, 146.695
4792, 79.85833, 121.507, -32.4473, 111.084, 164.094, 39.138, 91.7359, 0.946632, 38.196, 1.01018, -110.421, 0.748874, 146.725
4792, 79.86667, 121.508, -32.623, 110.993, 163.99, 39.3121, 91.6326, 0.948952, 38.0306, 1.01034, -110.442, 0.751853, 146.751
4793, 79.87500, 121.506, -32.7987, 110.901, 163.886, 39.4848, 91.5271, 0.951247, 37.8652, 1.0105, -110.464, 0.75483, 146.774
4793, 79.88333, 121.501, -32.9743, 110.807, 163.781, 39.6562, 91.4195, 0.953517, 37.6996, 1.01066, -110.486, 0.757804, 146.794
4794, 79.89167, 121.494, -33.15, 110.712, 163.677, 39.8263, 91.3099, 0.955762, 37.5339, 1.01081, -110.508, 0.760776, 146.812
4794, 79.90000, 121.484, -33.3256, 110.616, 163.573, 39.9949, 91.1982, 0.957982, 37.3682, 1.01096, -110.53, 0.763744, 146.826
4795, 79.90833, 121.471, -33.5012, 110.518, 163.469, 40.1621, 91.0847, 0.960176, 37.2025, 1.01112, -110.552, 0.766707, 146.838
4795, 79.91666, 121.455, -33.6767, 110.42, 163.365, 40.3279, 90.9692, 0.962345, 37.0367, 1.01127, -110.575, 0.769665, 146.846
4795, 79.92500, 121.437, -33.8521, 110.32, 163.262, 40.4922, 90.852, 0.964488, 36.8709, 1.01142, -110.597, 0.772618, 146.853
4796, 79.93333, 121.416, -34.0274, 110.219, 163.158, 40.6551, 90.733, 0.966606, 36.7051, 1.01157, -110.62, 0.775564, 146.856
4797, 79.94167, 121.392, -34.2026, 110.116, 163.054, 40.8165, 90.6123, 0.968699, 36.5393, 1.01172, -110.642, 0.778504, 146.857
4797, 79.95000, 121.365, -34.3777, 110.013, 162.951, 40.9764, 90.49, 0.970766, 36.3736, 1.01186, -110.665, 0.781437, 146.855
4798, 79.95834, 121.336, -34.5526, 109.908, 162.847, 41.1348, 90.3661, 0.972808, 36.208, 1.01201, -110.687, 0.784361, 146.851
4798, 79.96667, 121.305, -34.7273, 109.802, 162.744, 41.2918, 90.2406, 0.974825, 36.0425, 1.01215, -110.71, 0.787277, 146.844
4799, 79.97500, 121.271, -34.9019, 109.695, 162.641, 41.4471, 90.1137, 0.976816, 35.877, 1.01229, -110.733, 0.790184, 146.835
4799, 79.98333, 121.234, -35.0762, 109.586, 162.538, 41.6009, 89.9853, 0.978781, 35.7117, 1.01243, -110.756, 0.793081, 146.823
4800, 79.99167, 121.194, -35.2503, 109.477, 162.435, 41.7532, 89.8556, 0.980722, 35.5465, 1.01257, -110.779, 0.795969, 146.809
4800, 80.00000, 121.152, -35.4242, 109.366, 162.332, 41.9039, 89.7245, 0.982637, 35.3815, 1.01271, -110.802, 0.798846, 146.793
4801, 80.00833, 121.108, -35.5979, 109.255, 162.229, 42.0531, 89.5922, 0.984526, 35.2166, 1.01284, -110.825, 0.801712, 146.775
4801, 80.01667, 121.061, -35.7713, 109.142, 162.127, 42.2007, 89.4586, 0.986391, 35.0519, 1.01297, -110.848, 0.804567, 146.754
4802, 80.02500, 121.011, -35.9445, 109.028, 162.025, 42.3466, 89.3238, 0.98823, 34.8875, 1.01311, -110.871, 0.80741, 146.731
4802, 80.03333, 120.959, -36.1173, 108.913, 161.923, 42.491, 89.1879, 0.990044, 34.7232, 1.01323, -110.895, 0.810241, 146.706
4803, 80.04166, 120.905, -36.2899, 108.797, 161.821, 42.6338, 89.0509, 0.991834, 34.5592, 1.01336, -110.918, 0.813059, 146.679
4803, 80.05000, 120.848, -36.4621, 108.68, 161.719, 42.775, 88.9129, 0.993598, 34.3954, 1.01349, -110.941, 0.815864, 146.65
4803, 80.05833, 120.789, -36.6341, 108.561, 161.618, 42.9146, 88.7739, 0.995337, 34.2319, 1.01361, -110.965, 0.818655, 146.619
4804, 80.06667, 120.727, -36.8057, 108.442, 161.517, 43.0525, 88.6339, 0.997052, 34.0687, 1.01374, -110.988, 0.821433, 146.586
4805, 80.07500, 120.663, -36.9769, 108.322, 161.416, 43.1889, 88.493, 0.998741, 33.9057, 1.01386, -111.012, 0.824196, 146.552
4805, 80.08334, 120.597, -37.1478, 108.201, 161.315, 43.3236, 88.3512, 1.00041, 33.7431, 1.01397, -111.036, 0.826944, 146.515
4806, 80.09167, 120.528, -37.3183, 108.078, 161.215, 43.4567, 88.2085, 1.00205, 33.5808, 1.01409, -111.059, 0.829679, 146.477
4806, 80.10000, 120.457, -37.4884, 107.955, 161.115, 43.5881, 88.0651, 1.00366, 33.4188, 1.01421, -111.083, 0.832397, 146.437
4807, 80.10833, 120.384, -37.6582, 107.831, 161.015, 43.7179, 87.9209, 1.00525, 33.2572, 1.01432, -111.107, 0.8351, 146.395
4807, 80.11667, 120.308, -37.8275, 107.706, 160.915, 43.8461, 87.776, 1.00682, 33.0959, 1.01443, -111.131, 0.837787, 146.352
4808, 80.12500, 120.231, -37.9964, 107.579, 160.816, 43.9727, 87.6304, 1.00837, 32.935, 1.01454, -111.155, 0.840458, 146.306
4808, 80.13333, 120.151, -38.1649, 107.452, 160.717, 44.0976, 87.4842, 1.00989, 32.7745, 1.01464, -111.179, 0.843112, 146.26
4809, 80.14167, 120.069, -38.3329, 107.324, 160.618, 44.2209, 87.3373, 1.01138, 32.6144, 1.01475, -111.203, 0.84575, 146.212
4809, 80.15000, 119.985, -38.5005, 107.195, 160.519, 44.3425, 87.1899, 1.01285, 32.4547, 1.01485, -111.227, 0.848371, 146.162
4810, 80.15833, 119.898, -38.6676, 107.066, 160.421, 44.4625, 87.0419, 1.0143, 32.2954, 1.01495, -111.251, 0.850975, 146.111
4810, 80.16666, 119.81, -38.8343, 106.935, 160.323, 44.5809, 86.8934, 1.01573, 32.1366, 1.01505, -111.275, 0.853561, 146.058
4811, 80.17500, 119.72, -39.0005, 106.804, 160.226, 44.6977, 86.7444, 1.01713, 31.9782, 1.01515, -111.299, 0.856129, 146.004
4811, 80.18333, 119.627, -39.1662, 106.671, 160.128, 44.8128, 86.595, 1.01851, 31.8202, 1.01524, -111.323, 0.85868, 145.949
4811, 80.19167, 119.533, -39.3314, 106.538, 160.031, 44.9263, 86.4451, 1.01986, 31.6627, 1.01533, -111.347, 0.861212, 145.893
4812, 80.20000, 119.436, -39.4961, 106.404, 159.935, 45.0382, 86.2949, 1.0212, 31.5057, 1.01542, -111.371, 0.863726, 145.835
4813, 80.20834, 119.338, -39.6603, 106.269, 159.838, 45.1485, 86.1443, 1.02251, 31.3491, 1.01551, -111.395, 0.866222, 145.776
4813, 80.21667, 119.238, -39.8239, 106.134, 159.743, 45.2571, 85.9933, 1.02379, 31.1931, 1.0156, -111.42, 0.868699, 145.716
4814, 80.22500, 119.136, -39.987, 105.998, 159.647, 45.3642, 85.8421, 1.02506, 31.0375, 1.01568, -111.444, 0.871157, 145.654
4814, 80.23333, 119.032, -40.1496, 105.861, 159.552, 45.4696, 85.6906, 1.0263, 30.8825, 1.01576, -111.468, 0.873597, 145.592
4815, 80.24167, 118.926, -40.3117, 105.723, 159.457, 45.5734, 85.5389, 1.02752, 30.728, 1.01584, -111.492, 0.876017, 145.528
4815, 80.25000, 118.818, -40.4732, 105.584, 159.362, 45.6757, 85.3869, 1.02872, 30.574, 1.01592, -111.517, 0.878418, 145.463
4816, 80.25833, 118.709, -40.6341, 105.445, 159.268, 45.7763, 85.2347, 1.0299, 30.4205, 1.01599, -111.541, 0.8808, 145.398
4816, 80.26667, 118.598, -40.7945, 105.305, 159.174, 45.8754, 85.0824, 1.03106, 30.2676, 1.01606, -111.565, 0.883162, 145.331
4816, 80.27500, 118.485, -40.9542, 105.165, 159.081, 45.9729, 84.9299, 1.03219, 30.1153, 1.01613, -111.59, 0.885505, 145.264
4817, 80.28333, 118.371, -41.1134, 105.024, 158.988, 46.0688, 84.7773, 1.03331, 29.9635, 1.0162, -111.614, 0.887828, 145.195
4818, 80.29166, 118.254, -41.2721, 104.882, 158.895, 46.1632, 84.6246, 1.0344, 29.8122, 1.01627, -111.638, 0.890131, 145.126
4818, 80.30000, 118.137, -41.4301, 104.74, 158.803, 46.256, 84.4718, 1.03547, 29.6616, 1.01633, -111.663, 0.892414, 145.055
4819, 80.30833, 118.017, -41.5875, 104.597, 158.711, 46.3473, 84.319, 1.03652, 29.5115, 1.01639, -111.687, 0.894678, 144.984
4819, 80.31667, 117.896, -41.7443, 104.453, 158.62, 46.437, 84.1661, 1.03755, 29.362, 1.01645, -111.711, 0.896922, 144.912
4819, 80.32500, 117.774, -41.9005, 104.309, 158.529, 46.5252, 84.0133, 1.03856, 29.2131, 1.01651, -111.736, 0.899145, 144.839
4820, 80.33334, 117.649, -42.0561, 104.164, 158.438, 46.6119, 83.8604, 1.03955, 29.0648, 1.01656, -111.76, 0.901349, 144.766
4821, 80.34167, 117.524, -42.2111, 104.019, 158.348, 46.6971, 83.7075, 1.04053, 28.9171, 1.01662, -111.784, 0.903532, 144.692
4821, 80.35000, 117.397, -42.3654, 103.873, 158.258, 46.7807, 83.5548, 1.04148, 28.77, 1.01667, -111.809, 0.905695, 144.617
4822, 80.35833, 117.268, -42.5191, 103.727, 158.169, 46.8629, 83.402, 1.04241, 28.6235, 1.01672, -111.833, 0.907838, 144.541
4822, 80.36667, 117.139, -42.6722, 103.58, 158.079, 46.9436, 83.2494, 1.04332, 28.4776, 1.01676, -111.857, 0.909961, 144.465
4823, 80.37500, 117.007, -42.8247, 103.433, 157.991, 47.0228, 83.0969, 1.04422, 28.3324, 1.01681, -111.881, 0.912064, 144.388
4823, 80.38333, 116.875, -42.9765, 103.285, 157.903, 47.1005, 82.9444, 1.04509, 28.1878, 1.01685, -111.906, 0.914146, 144.311
4824, 80.39167, 116.741, -43.1276, 103.137, 157.815, 47.1768, 82.7921, 1.04595, 28.0438, 1.01689, -111.93, 0.916209, 144.233
4824, 80.40000, 116.606, -43.2781, 102.988, 157.727, 47.2516, 82.64, 1.04679, 27.9005, 1.01693, -111.954, 0.918251, 144.154
4824, 80.40833, 116.469, -43.428, 102.839, 157.641, 47.325, 82.4881, 1.04761, 27.7578, 1.01696, -111.978, 0.920273, 144.075
4825, 80.41666, 116.331, -43.5772, 102.689, 157.554, 47.397, 82.3363, 1.04841, 27.6157, 1.01699, -112.003, 0.922275, 143.996
4826, 80.42500, 116.192, -43.7257, 102.54, 157.468, 47.4675, 82.1847, 1.04919, 27.4743, 1.01703, -112.027, 0.924256, 143.916
4826, 80.43333, 116.052, -43.8736, 102.389, 157.382, 47.5367, 82.0334, 1.04996, 27.3336, 1.01705, -112.051, 0.926217, 143.835
4827, 80.44167, 115.911, -44.0208, 102.239, 157.297, 47.6045, 81.8822, 1.05071, 27.1935, 1.01708, -112.075, 0.928159, 143.755
4827, 80.45000, 115.768, -44.1674, 102.088, 157.212, 47.6708, 81.7313, 1.05144, 27.0541, 1.01711, -112.099, 0.93008, 143.673
4828, 80.45834, 115.625, -44.3132, 101.936, 157.128, 47.7358, 81.5807, 1.05216, 26.9153, 1.01713, -112.123, 0.931982, 143.592
4828, 80.46667, 115.48, -44.4585, 101.785, 157.044, 47.7995, 81.4303, 1.05285, 26.7772, 1.01715, -112.147, 0.933863, 143.51
4829, 80.47500, 115.334, -44.603, 101.633, 156.96, 47.8617, 81.2803, 1.05354, 26.6398, 1.01717, -112.171, 0.935724, 143.427
4829, 80.48333, 115.188, -44.7468, 101.48, 156.877, 47.9227, 81.1305, 1.0542, 26.503, 1.01718, -112.195, 0.937566, 143.344
4830, 80.49167, 115.04, -44.89, 101.328, 156.795, 47.9823, 80.981, 1.05485, 26.3669, 1.0172, -112.219, 0.939388, 143.261
4830, 80.50000, 114.891, -45.0325, 101.175, 156.712, 48.0406, 80.8318, 1.05548, 26.2315, 1.01721, -112.243, 0.94119, 143.178
4831, 80.50833, 114.741, -45.1743, 101.022, 156.631, 48.0976, 80.683, 1.0561, 26.0968, 1.01722, -112.267, 0.942972, 143.094
4831, 80.51667, 114.591, -45.3155, 100.868, 156.549, 48.1533, 80.5345, 1.0567, 25.9627, 1.01723, -112.29, 0.944735, 143.011
4832, 80.52500, 114.439, -45.4559, 100.715, 156.468, 48.2078, 80.3863, 1.05729, 25.8293, 1.01724, -112.314, 0.946479, 142.927
4832, 80.53333, 114.287, -45.5957, 100.561, 156.388, 48.2609, 80.2386, 1.05786, 25.6966, 1.01724, -112.338, 0.948202, 142.842
4832, 80.54166, 114.133, -45.7348, 100.407, 156.308, 48.3128, 80.0911, 1.05842, 25.5645, 1.01724, -112.362, 0.949907, 142.758
4833, 80.55000, 113.979, -45.8731, 100.253, 156.228, 48.3635, 79.9441, 1.05896, 25.4332, 1.01724, -112.385, 0.951592, 142.673
4834, 80.55833, 113.824, -46.0109, 100.098, 156.149, 48.4129, 79.7974, 1.05948, 25.3025, 1.01724, -112.409, 0.953259, 142.588
4834, 80.56667, 113.668, -46.1479, 99.9437, 156.07, 48.4611, 79.6512, 1.06, 25.1725, 1.01724, -112.432, 0.954906, 142.503
4835, 80.57500, 113.512, -46.2842, 99.7889, 155.992, 48.5081, 79.5053, 1.06049, 25.0433, 1.01723, -112.456, 0.956534, 142.418
4835, 80.58334, 113.354, -46.4199, 99.634, 155.914, 48.5539, 79.3599, 1.06098, 24.9146, 1.01723, -112.479, 0.958143, 142.333
4836, 80.59167, 113.196, -46.5548, 99.4789, 155.837, 48.5985, 79.2148, 1.06145, 24.7867, 1.01722, -112.503, 0.959734, 142.247
4836, 80.60000, 113.038, -46.6891, 99.3237, 155.76, 48.6419, 79.0702, 1.06191, 24.6595, 1.01721, -112.526, 0.961305, 142.162
4837, 80.60833, 112.878, -46.8227, 99.1684, 155.684, 48.6842, 78.9261, 1.06235, 24.5329, 1.0172, -112.549, 0.962859, 142.076
4837, 80.61667, 112.718, -46.9556, 99.013, 155.607, 48.7253, 78.7824, 1.06278, 24.407, 1.01718, -112.572, 0.964394, 141.99
4838, 80.62500, 112.557, -47.0878, 98.8574, 155.532, 48.7653, 78.6391, 1.0632, 24.2818, 1.01716, -112.596, 0.96591, 141.905
4838, 80.63333, 112.396, -47.2194, 98.7018, 155.457, 48.8042, 78.4963, 1.0636, 24.1573, 1.01715, -112.619, 0.967408, 141.819
4839, 80.64167, 112.234, -47.3502, 98.5461, 155.382, 48.8419, 78.3539, 1.06399, 24.0335, 1.01713, -112.642, 0.968889, 141.733
4839, 80.65000, 112.071, -47.4804, 98.3904, 155.308, 48.8786, 78.212, 1.06437, 23.9104, 1.0171, -112.665, 0.970351, 141.647
4840, 80.65833, 111.908, -47.6098, 98.2346, 155.234, 48.9141, 78.0706, 1.06474, 23.7879, 1.01708, -112.688, 0.971795, 141.561
4840, 80.66666, 111.745, -47.7386, 98.0787, 155.16, 48.9486, 77.9297, 1.06509, 23.6662, 1.01706, -112.711, 0.973222, 141.475
4840, 80.67500, 111.58, -47.8668, 97.9228, 155.087, 48.982, 77.7892, 1.06543, 23.5451, 1.01703, -112.733, 0.97463, 141.389
4841, 80.68333, 111.416, -47.9942, 97.7669, 155.015, 49.0143, 77.6493, 1.06576, 23.4247, 1.017, -112.756, 0.976022, 141.304
4842, 80.69167, 111.251, -48.1209, 97.6109, 154.943, 49.0457, 77.5098, 1.06608, 23.3049, 1.01697, -112.779, 0.977396, 141.218
4842, 80.70000, 111.085, -48.247, 97.4549, 154.871, 49.0759, 77.3708, 1.06639, 23.1859, 1.01694, -112.801, 0.978752, 141.132
4843, 80.70834, 110.919, -48.3724, 97.299, 154.8, 49.1052, 77.2324, 1.06669, 23.0675, 1.01691, -112.824, 0.980092, 141.046
4843, 80.71667, 110.752, -48.4971, 97.143, 154.729, 49.1334, 77.0944, 1.06697, 22.9498, 1.01687, -112.847, 0.981415, 140.961
4844, 80.72500, 110.585, -48.6212, 96.9871, 154.658, 49.1607, 76.9569, 1.06725, 22.8328, 1.01683, -112.869, 0.98272, 140.875
4844, 80.73333, 110.418, -48.7446, 96.8312, 154.588, 49.187, 76.82, 1.06751, 22.7165, 1.0168, -112.891, 0.984009, 140.79
4845, 80.74167, 110.25, -48.8673, 96.6753, 154.519, 49.2123, 76.6836, 1.06776, 22.6008, 1.01676, -112.914, 0.985282, 140.704
4845, 80.75000, 110.082, -48.9893, 96.5194, 154.449, 49.2366, 76.5477, 1.06801, 22.4858, 1.01671, -112.936, 0.986538, 140.619
4846, 80.75833, 109.914, -49.1107, 96.3637, 154.381, 49.26, 76.4123, 1.06824, 22.3715, 1.01667, -112.958, 0.987777, 140.534
4846, 80.76667, 109.745, -49.2314, 96.2079, 154.312, 49.2824, 76.2775, 1.06846, 22.2578, 1.01663, -112.98, 0.989, 140.448
4847, 80.77500, 109.576, -49.3514, 96.0523, 154.245, 49.3039, 76.1432, 1.06867, 22.1448, 1.01658, -113.002, 0.990208, 140.363
4847, 80.78333, 109.407, -49.4708, 95.8967, 154.177, 49.3246, 76.0094, 1.06888, 22.0325, 1.01653, -113.024, 0.991399, 140.279
4848, 80.79166, 109.237, -49.5895, 95.7412, 154.11, 49.3442, 75.8761, 1.06907, 21.9208, 1.01648, -113.046, 0.992574, 140.194
4848, 80.80000, 109.067, -49.7076, 95.5858, 154.043, 49.3631, 75.7434, 1.06925, 21.8097, 1.01643, -113.068, 0.993734, 140.109
4848, 80.80833, 108.897, -49.825, 95.4304, 153.977, 49.381, 75.6113, 1.06943, 21.6994, 1.01638, -113.09, 0.994878, 140.025
4849, 80.81667, 108.727, -49.9417, 95.2752, 153.911, 49.398, 75.4797, 1.06959, 21.5897, 1.01633, -113.111, 0.996007, 139.941
4850, 80.82500, 108.556, -50.0578, 95.1201, 153.846, 49.4142, 75.3486, 1.06975, 21.4806, 1.01627, -113.133, 0.997121, 139.856
4850, 80.83334, 108.386, -50.1733, 94.9651, 153.781, 49.4296, 75.2181, 1.06989, 21.3722, 1.01622, -113.155, 0.998219, 139.772
4851, 80.84167, 108.215, -50.2881, 94.8102, 153.716, 49.4441, 75.0881, 1.07003, 21.2645, 1.01616, -113.176, 0.999303, 139.689
4851, 80.85000, 108.044, -50.4023, 94.6555, 153.652, 49.4577, 74.9586, 1.07016, 21.1573, 1.0161, -113.197, 1.00037, 139.605
4852, 80.85833, 107.872, -50.5158, 94.5009, 153.588, 49.4706, 74.8298, 1.07028, 21.0509, 1.01604, -113.219, 1.00143, 139.522
4852, 80.86667, 107.701, -50.6287, 94.3465, 153.525, 49.4826, 74.7014, 1.0704, 20.945, 1.01598, -113.24, 1.00246, 139.438
4853, 80.87500, 107.529, -50.7409, 94.1922, 153.462, 49.4939, 74.5736, 1.0705, 20.8399, 1.01592, -113.261, 1.00349, 139.355
4853, 80.88333, 107.358, -50.8525, 94.038, 153.399, 49.5043, 74.4464, 1.0706, 20.7353, 1.01585, -113.282, 1.0045, 139.273
4854, 80.89167, 107.186, -50.9635, 93.884, 153.337, 49.514, 74.3197, 1.07069, 20.6314, 1.01579, -113.303, 1.0055, 139.19
4854, 80.90000, 107.014, -51.0739, 93.7302, 153.275, 49.5229, 74.1936, 1.07077, 20.5281, 1.01572, -113.324, 1.00648, 139.108
4855, 80.90833, 106.842, -51.1836, 93.5765, 153.214, 49.5311, 74.0681, 1.07084, 20.4254, 1.01565, -113.345, 1.00745, 139.025
4855, 80.91666, 106.67, -51.2927, 93.423, 153.153, 49.5385, 73.9431, 1.07091, 20.3234, 1.01558, -113.366, 1.0084, 138.943
4856, 80.92500, 106.498, -51.4012, 93.2698, 153.092, 49.5452, 73.8186, 1.07097, 20.222, 1.01551, -113.387, 1.00934, 138.862
4856, 80.93333, 106.326, -51.5091, 93.1167, 153.032, 49.5511, 73.6947, 1.07102, 20.1212, 1.01544, -113.407, 1.01027, 138.78
4856, 80.94167, 106.154, -51.6163, 92.9638, 152.972, 49.5564, 73.5714, 1.07107, 20.021, 1.01537, -113.428, 1.01118, 138.699
4857, 80.95000, 105.981, -51.723, 92.8111, 152.913, 49.5609, 73.4486, 1.07111, 19.9214, 1.0153, -113.448, 1.01208, 138.618
4858, 80.95834, 105.809, -51.829, 92.6585, 152.854, 49.5648, 73.3264, 1.07114, 19.8225, 1.01522, -113.469, 1.01297, 138.537
4858, 80.96667, 105.637, -51.9345, 92.5062, 152.795, 49.5679, 73.2048, 1.07116, 19.7241, 1.01515, -113.489, 1.01385, 138.456
4859, 80.97500, 105.465, -52.0393, 92.3542, 152.736, 49.5704, 73.0837, 1.07118, 19.6264, 1.01507, -113.509, 1.01471, 138.376
4859, 80.98333, 105.293, -52.1435, 92.2023, 152.679, 49.5722, 72.9631, 1.07119, 19.5292, 1.01499, -113.529, 1.01556, 138.296
4860, 80.99167, 105.12, -52.2471, 92.0506, 152.621, 49.5733, 72.8431, 1.0712, 19.4327, 1.01491, -113.549, 1.01639, 138.216
4860, 81.00000, 104.948, -52.3502, 91.8992, 152.564, 49.5738, 72.7237, 1.0712, 19.3367, 1.01483, -113.569, 1.01722, 138.137
4861, 81.00833, 104.776, -52.4526, 91.748, 152.507, 49.5736, 72.6048, 1.07119, 19.2414, 1.01475, -113.589, 1.01803, 138.057
4861, 81.01667, 104.604, -52.5545, 91.5971, 152.45, 49.5728, 72.4865, 1.07117, 19.1466, 1.01467, -113.609, 1.01883, 137.978
4862, 81.02500, 104.432, -52.6557, 91.4464, 152.394, 49.5714, 72.3688, 1.07116, 19.0524, 1.01459, -113.629, 1.01962, 137.9
4862, 81.03333, 104.26, -52.7564, 91.2959, 152.338, 49.5694, 72.2515, 1.07113, 18.9588, 1.0145, -113.649, 1.02039, 137.821
4863, 81.04166, 104.088, -52.8566, 91.1457, 152.283, 49.5668, 72.1349, 1.0711, 18.8658, 1.01442, -113.668, 1.02116, 137.743
4863, 81.05000, 103.917, -52.9561, 90.9957, 152.228, 49.5635, 72.0188, 1.07107, 18.7734, 1.01433, -113.688, 1.02191, 137.665
4864, 81.05833, 103.745, -53.055, 90.846, 152.173, 49.5597, 71.9032, 1.07102, 18.6815, 1.01424, -113.707, 1.02265, 137.587
4864, 81.06667, 103.574, -53.1534, 90.6965, 152.119, 49.5553, 71.7882, 1.07098, 18.5902, 1.01416, -113.727, 1.02338, 137.51
4864, 81.07500, 103.402, -53.2513, 90.5473, 152.065, 49.5504, 71.6738, 1.07093, 18.4995, 1.01407, -113.746, 1.0241, 137.433
4865, 81.08334, 103.231, -53.3485, 90.3984, 152.011, 49.5448, 71.5599, 1.07087, 18.4093, 1.01398, -113.765, 1.02481, 137.356
4866, 81.09167, 103.06, -53.4452, 90.2497, 151.958, 49.5387, 71.4465, 1.07081, 18.3197, 1.01389, -113.784, 1.0255, 137.279
4866, 81.10000, 102.889, -53.5414, 90.1013, 151.905, 49.5321, 71.3337, 1.07074, 18.2307, 1.0138, -113.803, 1.02619, 137.203
4867, 81.10833, 102.718, -53.637, 89.9531, 151.852, 49.5249, 71.2215, 1.07067, 18.1422, 1.01371, -113.822, 1.02686, 137.127
4867, 81.11667, 102.547, -53.732, 89.8053, 151.8, 49.5172, 71.1097, 1.07059, 18.0543, 1.01361, -113.841, 1.02752, 137.051
4868, 81.12500, 102.377, -53.8265, 89.6577, 151.748, 49.509, 70.9985, 1.07051, 17.9669, 1.01352, -113.86, 1.02818, 136.976
4868, 81.13333, 102.207, -53.9205, 89.5104, 151.696, 49.5002, 70.8879, 1.07043, 17.88, 1.01342, -113.879, 1.02882, 136.901
4869, 81.14167, 102.036, -54.0139, 89.3634, 151.645, 49.491, 70.7778, 1.07034, 17.7937, 1.01333, -113.898, 1.02945, 136.826
4869, 81.15000, 101.867, -54.1067, 89.2167, 151.594, 49.4812, 70.6682, 1.07024, 17.708, 1.01323, -113.916, 1.03007, 136.752
4870, 81.15833, 101.697, -54.1991, 89.0702, 151.544, 49.4709, 70.5592, 1.07014, 17.6228, 1.01314, -113.935, 1.03068, 136.677
4870, 81.16666, 101.527, -54.2909, 88.9241, 151.493, 49.4602, 70.4507, 1.07004, 17.5381, 1.01304, -113.953, 1.03129, 136.604
4871, 81.17500, 101.358, -54.3822, 88.7782, 151.443, 49.449, 70.3428, 1.06993, 17.4539, 1.01294, -113.971, 1.03188, 136.53
4871, 81.18333, 101.189, -54.4729, 88.6327, 151.394, 49.4373, 70.2353, 1.06982, 17.3703, 1.01284, -113.99, 1.03246, 136.457
4872, 81.19167, 101.02, -54.5631, 88.4874, 151.344, 49.4251, 70.1284, 1.06971, 17.2872, 1.01274, -114.008, 1.03303, 136.384
4872, 81.20000, 100.851, -54.6529, 88.3425, 151.295, 49.4125, 70.0221, 1.06959, 17.2046, 1.01264, -114.026, 1.03359, 136.311
4872, 81.20834, 100.682, -54.742, 88.1978, 151.247, 49.3994, 69.9162, 1.06946, 17.1225, 1.01254, -114.044, 1.03415, 136.238
4873, 81.21667, 100.514, -54.8307, 88.0535, 151.198, 49.3859, 69.8109, 1.06934, 17.0409, 1.01244, -114.062, 1.03469, 136.166
4874, 81.22500, 100.346, -54.9189, 87.9094, 151.15, 49.372, 69.7061, 1.06921, 16.9599, 1.01234, -114.08, 1.03523, 136.095
4874, 81.23333, 100.178, -55.0066, 87.7657, 151.102, 49.3576, 69.6018, 1.06908, 16.8793, 1.01223, -114.098, 1.03575, 136.023
4875, 81.24167, 100.011, -55.0937, 87.6223, 151.055, 49.3428, 69.4981, 1.06894, 16.7993, 1.01213, -114.115, 1.03627, 135.952
4875, 81.25000, 99.8434, -55.1804, 87.4792, 151.008, 49.3276, 69.3948, 1.0688, 16.7197, 1.01202, -114.133, 1.03678, 135.881
4876, 81.25833, 99.6764, -55.2665, 87.3364, 150.961, 49.312, 69.2921, 1.06865, 16.6407, 1.01192, -114.151, 1.03728, 135.81
4876, 81.26667, 99.5096, -55.3522, 87.1939, 150.915, 49.2959, 69.1899, 1.06851, 16.5621, 1.01181, -114.168, 1.03777, 135.74
4877, 81.27500, 99.3431, -55.4374, 87.0517, 150.868, 49.2795, 69.0882, 1.06836, 16.4841, 1.01171, -114.185, 1.03825, 135.67
4877, 81.28333, 99.1768, -55.5221, 86.9099, 150.822, 49.2627, 68.987, 1.0682, 16.4065, 1.0116, -114.203, 1.03872, 135.6
4878, 81.29166, 99.0108, -55.6063, 86.7683, 150.777, 49.2455, 68.8863, 1.06805, 16.3294, 1.0115, -114.22, 1.03919, 135.531
4878, 81.30000, 98.8451, -55.69, 86.6271, 150.731, 49.2279, 68.7861, 1.06789, 16.2528, 1.01139, -114.237, 1.03965, 135.462
4879, 81.30833, 98.6797, -55.7733, 86.4862, 150.686, 49.2099, 68.6865, 1.06773, 16.1767, 1.01128, -114.254, 1.04009, 135.393
4879, 81.31667, 98.5146, -55.856, 86.3456, 150.642, 49.1916, 68.5873, 1.06756, 16.101, 1.01117, -114.271, 1.04053, 135.325
4880, 81.32500, 98.3498, -55.9383, 86.2054, 150.597, 49.1729, 68.4886, 1.0674, 16.0258, 1.01106, -114.288, 1.04097, 135.256
4880, 81.33334, 98.1853, -56.0202, 86.0655, 150.553, 49.1539, 68.3904, 1.06723, 15.9511, 1.01095, -114.305, 1.04139, 135.189
4880, 81.34167, 98.021, -56.1015, 85.9259, 150.509, 49.1345, 68.2927, 1.06705, 15.8768, 1.01084, -114.322, 1.04181, 135.121
4881, 81.35000, 97.8571, -56.1824, 85.7866, 150.465, 49.1147, 68.1955, 1.06688, 15.8031, 1.01073, -114.338, 1.04222, 135.054
4882, 81.35833, 97.6934, -56.2629, 85.6477, 150.422, 49.0947, 68.0988, 1.0667, 15.7297, 1.01062, -114.355, 1.04262, 134.987
4882, 81.36667, 97.5301, -56.3428, 85.5091, 150.379, 49.0742, 68.0026, 1.06652, 15.6569, 1.01051, -114.372, 1.04301, 134.92
4883, 81.37500, 97.3671, -56.4224, 85.3708, 150.336, 49.0535, 67.9069, 1.06634, 15.5844, 1.0104, -114.388, 1.0434, 134.854
4883, 81.38333, 97.2044, -56.5015, 85.2329, 150.294, 49.0324, 67.8117, 1.06615, 15.5125, 1.01029, -114.405, 1.04378, 134.788
4884, 81.39167, 97.042, -56.5801, 85.0953, 150.251, 49.0111, 67.7169, 1.06596, 15.4409, 1.01017, -114.421, 1.04415, 134.722
4884, 81.40000, 96.88, -56.6583, 84.958, 150.209, 48.9894, 67.6226, 1.06577, 15.3699, 1.01006, -114.437, 1.04452, 134.657
4885, 81.40833, 96.7182, -56.736, 84.821, 150.168, 48.9674, 67.5288, 1.06558, 15.2992, 1.00995, -114.453, 1.04488, 134.592
4885, 81.41666, 96.5568, -56.8133, 84.6844, 150.126, 48.9451, 67.4354, 1.06539, 15.229, 1.00983, -114.469, 1.04523, 134.527
4886, 81.42500, 96.3957, -56.8902, 84.5481, 150.085, 48.9225, 67.3426, 1.06519, 15.1593, 1.00972, -114.485, 1.04557, 134.462
4886, 81.43333, 96.235, -56.9666, 84.4122, 150.044, 48.8996, 67.2502, 1.06499, 15.0899, 1.0096, -114.501, 1.04591, 134.398
4887, 81.44167, 96.0746, -57.0426, 84.2766, 150.003, 48.8764, 67.1583, 1.06479, 15.021, 1.00949, -114.517, 1.04624, 134.334
4887, 81.45000, 95.9145, -57.1182, 84.1413, 149.963, 48.8529, 67.0668, 1.06459, 14.9525, 1.00937, -114.533, 1.04656, 134.271
4888, 81.45834, 95.7548, -57.1933, 84.0064, 149.923, 48.8292, 66.9758, 1.06439, 14.8845, 1.00926, -114.549, 1.04688, 134.207
4888, 81.46667, 95.5953, -57.2681, 83.8717, 149.883, 48.8052, 66.8853, 1.06418, 14.8168, 1.00914, -114.564, 1.04719, 134.144
4888, 81.47500, 95.4363, -57.3424, 83.7375, 149.843, 48.7809, 66.7952, 1.06397, 14.7496, 1.00903, -114.58, 1.0475, 134.082
4889, 81.48333, 95.2776, -57.4163, 83.6036, 149.804, 48.7564, 66.7056, 1.06377, 14.6828, 1.00891, -114.595, 1.04779, 134.019
4890, 81.49167, 95.1192, -57.4897, 83.4699, 149.765, 48.7316, 66.6164, 1.06356, 14.6164, 1.00879, -114.611, 1.04809, 133.957
4890, 81.50000, 94.9612, -57.5628, 83.3367, 149.726, 48.7065, 66.5277, 1.06334, 14.5504, 1.00867, -114.626, 1.04837, 133.895
4891, 81.50833, 94.8035, -57.6355, 83.2038, 149.687, 48.6812, 66.4394, 1.06313, 14.4848, 1.00856, -114.642, 1.04865, 133.834
4891, 81.51667, 94.6462, -57.7077, 83.0712, 149.649, 48.6557, 66.3516, 1.06291, 14.4197, 1.00844, -114.657, 1.04893, 133.773
4892, 81.52500, 94.4892, -57.7796, 82.9389, 149.61, 48.6299, 66.2642, 1.0627, 14.3549, 1.00832, -114.672, 1.0492, 133.712
4892, 81.53333, 94.3326, -57.851, 82.807, 149.572, 48.6038, 66.1773, 1.06248, 14.2905, 1.0082, -114.687, 1.04946, 133.651
4893, 81.54166, 94.1764, -57.9221, 82.6755, 149.535, 48.5776, 66.0908, 1.06226, 14.2265, 1.00808, -114.702, 1.04971, 133.591
4893, 81.55000, 94.0205, -57.9928, 82.5442, 149.497, 48.5511, 66.0048, 1.06204, 14.1629, 1.00797, -114.717, 1.04996, 133.531
4894, 81.55833, 93.865, -58.063, 82.4133, 149.46, 48.5244, 65.9192, 1.06181, 14.0997, 1.00785, -114.732, 1.05021, 133.471
4894, 81.56667, 93.7098, -58.1329, 82.2828, 149.423, 48.4974, 65.834, 1.06159, 14.0369, 1.00773, -114.747, 1.05045, 133.412
4895, 81.57500, 93.555, -58.2024, 82.1526, 149.386, 48.4703, 65.7492, 1.06136, 13.9745, 1.00761, -114.761, 1.05068, 133.352
4895, 81.58334, 93.4006, -58.2715, 82.0227, 149.35, 48.4429, 65.6649, 1.06114, 13.9124, 1.00749, -114.776, 1.05091, 133.293
4896, 81.59167, 93.2465, -58.3403, 81.8931, 149.313, 48.4153, 65.581, 1.06091, 13.8507, 1.00737, -114.791, 1.05114, 133.235
4896, 81.60000, 93.0928, -58.4086, 81.7639, 149.277, 48.3875, 65.4975, 1.06068, 13.7894, 1.00725, -114.805, 1.05135, 133.177
4896, 81.60833, 92.9394, -58.4766, 81.6351, 149.241, 48.3595, 65.4145, 1.06045, 13.7285, 1.00713, -114.819, 1.05157, 133.119
4897, 81.61667, 92.7864, -58.5442, 81.5065, 149.206, 48.3313, 65.3318, 1.06022, 13.6679, 1.00701, -114.834, 1.05177, 133.061
4898, 81.62500, 92.6338, -58.6114, 81.3783, 149.17, 48.303, 65.2496, 1.05999, 13.6077, 1.00689, -114.848, 1.05198, 133.003
4898, 81.63333, 92.4816, -58.6783, 81.2505, 149.135, 48.2744, 65.1678, 1.05976, 13.5479, 1.00677, -114.862, 1.05218, 132.946
4899, 81.64167, 92.3297, -58.7448, 81.1229, 149.1, 48.2456, 65.0865, 1.05952, 13.4884, 1.00665, -114.877, 1.05237, 132.889
4899, 81.65000, 92.1782, -58.8109, 80.9958, 149.065, 48.2167, 65.0055, 1.05929, 13.4293, 1.00653, -114.891, 1.05256, 132.833
4900, 81.65833, 92.0271, -58.8767, 80.8689, 149.031, 48.1875, 64.9249, 1.05905, 13.3705, 1.0064, -114.905, 1.05274, 132.776
4900, 81.66666, 91.8764, -58.9421, 80.7424, 148.996, 48.1582, 64.8448, 1.05881, 13.3121, 1.00628, -114.919, 1.05292, 132.72
4901, 81.67500, 91.726, -59.0072, 80.6162, 148.962, 48.1288, 64.765, 1.05858, 13.2541, 1.00616, -114.933, 1.05309, 132.665
4901, 81.68333, 91.576, -59.0719, 80.4904, 148.928, 48.0991, 64.6857, 1.05834, 13.1964, 1.00604, -114.946, 1.05326, 132.609
4902, 81.69167, 91.4264, -59.1363, 80.3648, 148.895, 48.0693, 64.6067, 1.0581, 13.139, 1.00592, -114.96, 1.05343, 132.554
4902, 81.70000, 91.2771, -59.2003, 80.2397, 148.861, 48.0393, 64.5281, 1.05786, 13.082, 1.0058, -114.974, 1.05359, 132.499
4903, 81.70834, 91.1282, -59.264, 80.1148, 148.828, 48.0092, 64.45, 1.05762, 13.0254, 1.00568, -114.987, 1.05374, 132.444
4903, 81.71667, 90.9797, -59.3273, 79.9903, 148.795, 47.9789, 64.3722, 1.05738, 12.969, 1.00555, -115.001, 1.05389, 132.39
4904, 81.72500, 90.8316, -59.3903, 79.8661, 148.762, 47.9484, 64.2948, 1.05713, 12.913, 1.00543, -115.015, 1.05404, 132.336
4904, 81.73333, 90.6839, -59.4529, 79.7423, 148.729, 47.9178, 64.2179, 1.05689, 12.8574, 1.00531, -115.028, 1.05418, 132.282
4904, 81.74167, 90.5365, -59.5152, 79.6187, 148.697, 47.887, 64.1413, 1.05665, 12.8021, 1.00519, -115.041, 1.05432, 132.228
4905, 81.75000, 90.3895, -59.5772, 79.4956, 148.664, 47.8561, 64.065, 1.0564, 12.7471, 1.00507, -115.055, 1.05445, 132.175
4906, 81.75833, 90.2429, -59.6388, 79.3727, 148.632, 47.8251, 63.9892, 1.05616, 12.6924, 1.00494, -115.068, 1.05458, 132.122
4906, 81.76667, 90.0967, -59.7002, 79.2502, 148.6, 47.7939, 63.9137, 1.05592, 12.638, 1.00482, -115.081, 1.05471, 132.069
4907, 81.77500, 89.9508, -59.7611, 79.128, 148.568, 47.7625, 63.8387, 1.05567, 12.584, 1.0047, -115.094, 1.05483, 132.017
4907, 81.78333, 89.8053, -59.8218, 79.0061, 148.537, 47.7311, 63.764, 1.05542, 12.5303, 1.00458, -115.107, 1.05495, 131.964
4908, 81.79166, 89.6602, -59.8821, 78.8846, 148.506, 47.6995, 63.6896, 1.05518, 12.4769, 1.00445, -115.12, 1.05507, 131.912
4908, 81.80000, 89.5155, -59.9422, 78.7633, 148.474, 47.6678, 63.6157, 1.05493, 12.4239, 1.00433, -115.133, 1.05518, 131.861
4909, 81.80833, 89.3712, -60.0019, 78.6425, 148.443, 47.6359, 63.5421, 1.05468, 12.3711, 1.00421, -115.146, 1.05528, 131.809
4909, 81.81667, 89.2272, -60.0613, 78.5219, 148.413, 47.6039, 63.4688, 1.05443, 12.3187, 1.00409, -115.159, 1.05539, 131.758
4910, 81.82500, 89.0836, -60.1203, 78.4017, 148.382, 47.5718, 63.396, 1.05419, 12.2665, 1.00396, -115.172, 1.05549, 131.707
4910, 81.83334, 88.9404, -60.1791, 78.2818, 148.352, 47.5396, 63.3235, 1.05394, 12.2147, 1.00384, -115.184, 1.05558, 131.656
4911, 81.84167, 88.7976, -60.2375, 78.1622, 148.321, 47.5073, 63.2514, 1.05369, 12.1632, 1.00372, -115.197, 1.05567, 131.606
4911, 81.85000, 88.6551, -60.2957, 78.0429, 148.291, 47.4748, 63.1796, 1.05344, 12.1119, 1.00359, -115.21, 1.05576, 131.556
4912, 81.85833, 88.513, -60.3535, 77.924, 148.261, 47.4422, 63.1082, 1.05319, 12.061, 1.00347, -115.222, 1.05585, 131.506
4912, 81.86667, 88.3713, -60.4111, 77.8053, 148.232, 47.4096, 63.0371, 1.05294, 12.0104, 1.00335, -115.234, 1.05593, 131.456
4912, 81.87500, 88.23, -60.4683, 77.687, 148.202, 47.3768, 62.9664, 1.05269, 11.9601, 1.00323, -115.247, 1.05601, 131.407
4913, 81.88333, 88.0891, -60.5252, 77.5691, 148.173, 47.3439, 62.896, 1.05244, 11.91, 1.0031, -115.259, 1.05608, 131.357
4914, 81.89167, 87.9485, -60.5819, 77.4514, 148.144, 47.3109, 62.826, 1.05219, 11.8603, 1.00298, -115.271, 1.05615, 131.308
4914, 81.90000, 87.8083, -60.6382, 77.3341, 148.115, 47.2778, 62.7563, 1.05194, 11.8108, 1.00286, -115.284, 1.05622, 131.26
4915, 81.90833, 87.6685, -60.6943, 77.217, 148.086, 47.2446, 62.687, 1.05169, 11.7616, 1.00274, -115.296, 1.05629, 131.211
4915, 81.91666, 87.5291, -60.7501, 77.1003, 148.057, 47.2113, 62.618, 1.05144, 11.7127, 1.00261, -115.308, 1.05635, 131.163
4916, 81.92500, 87.39, -60.8055, 76.984, 148.029, 47.178, 62.5494, 1.05119, 11.6641, 1.00249, -115.32, 1.05641, 131.115
4916, 81.93333, 87.2513, -60.8607, 76.8679, 148, 47.1445, 62.4811, 1.05093, 11.6158, 1.00237, -115.332, 1.05646, 131.068
4917, 81.94167, 87.113, -60.9156, 76.7521, 147.972, 47.1109, 62.4131, 1.05068, 11.5678, 1.00225, -115.344, 1.05652, 131.02
4917, 81.95000, 86.9751, -60.9703, 76.6367, 147.944, 47.0773, 62.3454, 1.05043, 11.52, 1.00212, -115.356, 1.05657, 130.973
4918, 81.95834, 86.8375, -61.0246, 76.5216, 147.916, 47.0435, 62.2781, 1.05018, 11.4725, 1.002, -115.367, 1.05661, 130.926
4918, 81.96667, 86.7003, -61.0787, 76.4068, 147.889, 47.0097, 62.2112, 1.04993, 11.4253, 1.00188, -115.379, 1.05666, 130.879
4919, 81.97500, 86.5635, -61.1325, 76.2923, 147.861, 46.9758, 62.1445, 1.04968, 11.3783, 1.00176, -115.391, 1.0567, 130.833
4919, 81.98333, 86.427, -61.186, 76.1781, 147.834, 46.9418, 62.0782, 1.04942, 11.3317, 1.00163, -115.402, 1.05674, 130.786
4920, 81.99167, 86.2909, -61.2392, 76.0642, 147.807, 46.9078, 62.0122, 1.04917, 11.2853, 1.00151, -115.414, 1.05677, 130.74
4920, 82.00000, 86.1553, -61.2922, 75.9506, 147.78, 46.8736, 61.9465, 1.04892, 11.2391, 1.00139, -115.426, 1.0568, 130.694
4920, 82.00833, 86.0199, -61.3449, 75.8374, 147.753, 46.8394, 61.8812, 1.04867, 11.1932, 1.00127, -115.437, 1.05683, 130.649
4921, 82.01667, 85.8849, -61.3973, 75.7244, 147.726, 46.8052, 61.8161, 1.04842, 11.1476, 1.00115, -115.448, 1.05686, 130.604
4922, 82.02500, 85.7504, -61.4495, 75.6118, 147.699, 46.7708, 61.7514, 1.04816, 11.1022, 1.00102, -115.46, 1.05689, 130.558
4922, 82.03333, 85.6161, -61.5014, 75.4994, 147.673, 46.7364, 61.687, 1.04791, 11.0571, 1.0009, -115.471, 1.05691, 130.514
4923, 82.04166, 85.4823, -61.553, 75.3874, 147.647, 46.7019, 61.6229, 1.04766, 11.0123, 1.00078, -115.482, 1.05693, 130.469
4923, 82.05000, 85.3488, -61.6044, 75.2757, 147.621, 46.6673, 61.5591, 1.04741, 10.9677, 1.00066, -115.494, 1.05694, 130.424
4924, 82.05833, 85.2156, -61.6555, 75.1642, 147.595, 46.6327, 61.4957, 1.04716, 10.9233, 1.00054, -115.505, 1.05696, 130.38
4924, 82.06667, 85.0829, -61.7064, 75.0531, 147.569, 46.598, 61.4325, 1.04691, 10.8792, 1.00042, -115.516, 1.05697, 130.336
4925, 82.07500, 84.9505, -61.757, 74.9423, 147.543, 46.5633, 61.3697, 1.04665, 10.8354, 1.0003, -115.527, 1.05698, 130.293
4925, 82.08334, 84.8185, -61.8073, 74.8318, 147.518, 46.5285, 61.3071, 1.0464, 10.7918, 1.00017, -115.538, 1.05699, 130.249
4926, 82.09167, 84.6868, -61.8574, 74.7216, 147.492, 46.4936, 61.2448, 1.04615, 10.7484, 1.00005, -115.549, 1.05699, 130.206
4926, 82.10000, 84.5555, -61.9073, 74.6116, 147.467, 46.4587, 61.1829, 1.0459, 10.7053, 0.999932, -115.56, 1.05699, 130.163
4927, 82.10833, 84.4245, -61.9569, 74.502, 147.442, 46.4238, 61.1212, 1.04565, 10.6625, 0.999811, -115.57, 1.05699, 130.12
4927, 82.11667, 84.2939, -62.0063, 74.3927, 147.417, 46.3887, 61.0599, 1.0454, 10.6198, 0.999691, -115.581, 1.05699, 130.077
4928, 82.12500, 84.1637, -62.0554, 74.2837, 147.392, 46.3537, 60.9988, 1.04515, 10.5774, 0.99957, -115.592, 1.05699, 130.035
4928, 82.13333, 84.0339, -62.1043, 74.1749, 147.367, 46.3186, 60.9381, 1.0449, 10.5353, 0.999449, -115.602, 1.05698, 129.992
4928, 82.14167, 83.9044, -62.1529, 74.0665, 147.343, 46.2834, 60.8776, 1.04465, 10.4933, 0.999329, -115.613, 1.05697, 129.95
4929, 82.15000, 83.7752, -62.2013, 73.9584, 147.319, 46.2482, 60.8174, 1.0444, 10.4517, 0.999209, -115.624, 1.05696, 129.909
4930, 82.15833, 83.6464, -62.2494, 73.8505, 147.294, 46.2129, 60.7575, 1.04415, 10.4102, 0.999089, -115.634, 1.05695, 129.867
4930, 82.16666, 83.518, -62.2974, 73.7429, 147.27, 46.1776, 60.6979, 1.0439, 10.369, 0.998969, -115.645, 1.05693, 129.826
4931, 82.17500, 83.3899, -62.345, 73.6357, 147.246, 46.1423, 60.6385, 1.04365, 10.328, 0.998849, -115.655, 1.05692, 129.785
4931, 82.18333, 83.2622, -62.3925, 73.5287, 147.222, 46.1069, 60.5795, 1.0434, 10.2872, 0.998729, -115.665, 1.0569, 129.744
4932, 82.19167, 83.1348, -62.4397, 73.422, 147.199, 46.0714, 60.5207, 1.04315, 10.2466, 0.998609, -115.676, 1.05688, 129.703
4932, 82.20000, 83.0078, -62.4867, 73.3156, 147.175, 46.036, 60.4622, 1.0429, 10.2063, 0.99849, -115.686, 1.05685, 129.662
4933, 82.20834, 82.8812, -62.5335, 73.2095, 147.152, 46.0005, 60.404, 1.04265, 10.1662, 0.998371, -115.696, 1.05683, 129.622
4933, 82.21667, 82.7548, -62.58, 73.1037, 147.128, 45.9649, 60.3461, 1.04241, 10.1263, 0.998251, -115.706, 1.0568, 129.582
4934, 82.22500, 82.6289, -62.6263, 72.9981, 147.105, 45.9294, 60.2884, 1.04216, 10.0867, 0.998132, -115.716, 1.05677, 129.542
4934, 82.23333, 82.5033, -62.6724, 72.8929, 147.082, 45.8938, 60.2311, 1.04191, 10.0472, 0.998013, -115.727, 1.05674, 129.502
4935, 82.24167, 82.378, -62.7182, 72.7879, 147.059, 45.8581, 60.1739, 1.04166, 10.008, 0.997895, -115.737, 1.05671, 129.463
4935, 82.25000, 82.2531, -62.7639, 72.6832, 147.036, 45.8224, 60.1171, 1.04142, 9.96896, 0.997776, -115.747, 1.05668, 129.423
4936, 82.25833, 82.1285, -62.8093, 72.5788, 147.014, 45.7867, 60.0605, 1.04117, 9.93016, 0.997658, -115.756, 1.05664, 129.384
4936, 82.26667, 82.0043, -62.8545, 72.4747, 146.991, 45.751, 60.0042, 1.04092, 9.89156, 0.99754, -115.766, 1.0566, 129.345
4936, 82.27500, 81.8804, -62.8995, 72.3708, 146.969, 45.7153, 59.9482, 1.04068, 9.85317, 0.997421, -115.776, 1.05656, 129.307
4937, 82.28333, 81.7569, -62.9443, 72.2673, 146.946, 45.6795, 59.8924, 1.04043, 9.81499, 0.997303, -115.786, 1.05652, 129.268
4938, 82.29166, 81.6337, -62.9888, 72.164, 146.924, 45.6437, 59.8369, 1.04019, 9.77702, 0.997186, -115.796, 1.05648, 129.23
4938, 82.30000, 81.5108, -63.0332, 72.061, 146.902, 45.6078, 59.7816, 1.03994, 9.73925, 0.997068, -115.805, 1.05643, 129.192
4939, 82.30833, 81.3884, -63.0773, 71.9583, 146.88, 45.572, 59.7266, 1.0397, 9.70169, 0.996951, -115.815, 1.05639, 129.154
4939, 82.31667, 81.2662, -63.1212, 71.8558, 146.858, 45.5361, 59.6718, 1.03945, 9.66432, 0.996833, -115.825, 1.05634, 129.116
4940, 82.32500, 81.1443, -63.1649, 71.7536, 146.836, 45.5002, 59.6174, 1.03921, 9.62716, 0.996716, -115.834, 1.05629, 129.078
4940, 82.33334, 81.0229, -63.2084, 71.6517, 146.815, 45.4643, 59.5631, 1.03897, 9.5902, 0.996599, -115.844, 1.05624, 129.041
4941, 82.34167, 80.9017, -63.2517, 71.5501, 146.793, 45.4283, 59.5091, 1.03872, 9.55343, 0.996483, -115.853, 1.05619, 129.004
4941, 82.35000, 80.7809, -63.2948, 71.4487, 146.772, 45.3924, 59.4554, 1.03848, 9.51687, 0.996366, -115.863, 1.05613, 128.967
4941, 82.35833, 80.6604, -63.3377, 71.3476, 146.751, 45.3564, 59.4019, 1.03824, 9.4805, 0.99625, -115.872, 1.05608, 128.93
4942, 82.36667, 80.5402, -63.3804, 71.2468, 146.73, 45.3204, 59.3487, 1.038, 9.44432, 0.996134, -115.881, 1.05602, 128.893
4943, 82.37500, 80.4204, -63.4229, 71.1462, 146.709, 45.2844, 59.2957, 1.03775, 9.40833, 0.996018, -115.891, 1.05596, 128.857
4943, 82.38333, 80.301, -63.4652, 71.0459, 146.688, 45.2484, 59.243, 1.03751, 9.37254, 0.995902, -115.9, 1.0559, 128.82
4944, 82.39167, 80.1818, -63.5073, 70.9459, 146.667, 45.2124, 59.1904, 1.03727, 9.33693, 0.995786, -115.909, 1.05584, 128.784
4944, 82.40000, 80.063, -63.5492, 70.8462, 146.646, 45.1763, 59.1382, 1.03703, 9.30151, 0.995671, -115.918, 1.05578, 128.748
4944, 82.40833, 79.9445, -63.5909, 70.7467, 146.626, 45.1403, 59.0862, 1.03679, 9.26629, 0.995555, -115.927, 1.05572, 128.713
4945, 82.41666, 79.8263, -63.6324, 70.6475, 146.605, 45.1042, 59.0344, 1.03655, 9.23124, 0.99544, -115.936, 1.05565, 128.677
4946, 82.42500, 79.7085, -63.6737, 70.5485, 146.585, 45.0681, 58.9829, 1.03631, 9.19638, 0.995325, -115.945, 1.05559, 128.642
4946, 82.43333, 79.591, -63.7149, 70.4498, 146.565, 45.032, 58.9316, 1.03607, 9.16171, 0.995211, -115.954, 1.05552, 128.607
4947, 82.44167, 79.4738, -63.7558, 70.3514, 146.544, 44.9959, 58.8805, 1.03584, 9.12721, 0.995096, -115.963, 1.05545, 128.572
4947, 82.45000, 79.3569, -63.7965, 70.2532, 146.524, 44.9598, 58.8296, 1.0356, 9.0929, 0.994982, -115.972, 1.05538, 128.537
4948, 82.45834, 79.2404, -63.8371, 70.1553, 146.504, 44.9237, 58.779, 1.03536, 9.05877, 0.994868, -115.981, 1.05531, 128.502
4948, 82.46667, 79.1241, -63.8775, 70.0576, 146.485, 44.8876, 58.7287, 1.03512, 9.02481, 0.994754, -115.99, 1.05524, 128.468
4949, 82.47500, 79.0083, -63.9177, 69.9602, 146.465, 44.8515, 58.6785, 1.03489, 8.99104, 0.99464, -115.999, 1.05516, 128.433
4949, 82.48333, 78.8927, -63.9577, 69.8631, 146.445, 44.8154, 58.6286, 1.03465, 8.95744, 0.994527, -116.007, 1.05509, 128.399
4949, 82.49167, 78.7774, -63.9975, 69.7662, 146.426, 44.7792, 58.5789, 1.03442, 8.92401, 0.994413, -116.016, 1.05501, 128.365
4950, 82.50000, 78.6625, -64.0371, 69.6696, 146.406, 44.7431, 58.5295, 1.03418, 8.89076, 0.9943, -116.025, 1.05494, 128.331
4951, 82.50833, 78.5479, -64.0766, 69.5732, 146.387, 44.707, 58.4802, 1.03395, 8.85768, 0.994187, -116.033, 1.05486, 128.298
4951, 82.51667, 78.4335, -64.1159, 69.4771, 146.368, 44.6708, 58.4312, 1.03371, 8.82477, 0.994075, -116.042, 1.05478, 128.264
4952, 82.52500, 78.3195, -64.155, 69.3812, 146.349, 44.6347, 58.3824, 1.03348, 8.79203, 0.993962, -116.051, 1.0547, 128.231
4952, 82.53333, 78.2059, -64.1939, 69.2856, 146.33, 44.5986, 58.3339, 1.03325, 8.75946, 0.99385, -116.059, 1.05462, 128.198
4953, 82.54166, 78.0925, -64.2327, 69.1902, 146.311, 44.5624, 58.2855, 1.03301, 8.72706, 0.993738, -116.068, 1.05453, 128.165
4953, 82.55000, 77.9794, -64.2712, 69.0951, 146.292, 44.5263, 58.2374, 1.03278, 8.69483, 0.993626, -116.076, 1.05445, 128.132
4954, 82.55833, 77.8667, -64.3096, 69.0002, 146.273, 44.4902, 58.1894, 1.03255, 8.66276, 0.993514, -116.084, 1.05437, 128.099
4954, 82.56667, 77.7542, -64.3479, 68.9056, 146.255, 44.4541, 58.1417, 1.03232, 8.63085, 0.993403, -116.093, 1.05428, 128.067
4955, 82.57500, 77.6421, -64.3859, 68.8112, 146.236, 44.4179, 58.0942, 1.03209, 8.59911, 0.993292, -116.101, 1.05419, 128.034
4955, 82.58334, 77.5303, -64.4238, 68.7171, 146.218, 44.3818, 58.047, 1.03186, 8.56753, 0.993181, -116.109, 1.05411, 128.002
4956, 82.59167, 77.4188, -64.4615, 68.6232, 146.199, 44.3457, 57.9999, 1.03163, 8.53611, 0.99307, -116.117, 1.05402, 127.97
4956, 82.60000, 77.3076, -64.4991, 68.5296, 146.181, 44.3096, 57.953, 1.0314, 8.50485, 0.992959, -116.126, 1.05393, 127.938
4957, 82.60833, 77.1967, -64.5365, 68.4362, 146.163, 44.2735, 57.9064, 1.03117, 8.47375, 0.992849, -116.134, 1.05384, 127.907
4957, 82.61667, 77.0861, -64.5737, 68.3431, 146.145, 44.2374, 57.86, 1.03094, 8.44281, 0.992739, -116.142, 1.05375, 127.875
4957, 82.62500, 76.9758, -64.6107, 68.2502, 146.127, 44.2013, 57.8137, 1.03071, 8.41202, 0.992629, -116.15, 1.05365, 127.844
4958, 82.63333, 76.8658, -64.6476, 68.1575, 146.109, 44.1652, 57.7677, 1.03048, 8.38139, 0.992519, -116.158, 1.05356, 127.813
4959, 82.64167, 76.7561, -64.6843, 68.0651, 146.091, 44.1292, 57.7219, 1.03026, 8.35092, 0.99241, -116.166, 1.05347, 127.782
4959, 82.65000, 76.6467, -64.7209, 67.9729, 146.074, 44.0931, 57.6763, 1.03003, 8.3206, 0.9923, -116.174, 1.05337, 127.751
4960, 82.65833, 76.5376, -64.7573, 67.881, 146.056, 44.0571, 57.6308, 1.02981, 8.29043, 0.992191, -116.182, 1.05328, 127.72
4960, 82.66666, 76.4288, -64.7936, 67.7892, 146.039, 44.021, 57.5856, 1.02958, 8.26041, 0.992083, -116.19, 1.05318, 127.689
4961, 82.67500, 76.3203, -64.8296, 67.6978, 146.021, 43.985, 57.5406, 1.02936, 8.23055, 0.991974, -116.198, 1.05308, 127.659
4961, 82.68333, 76.2121, -64.8656, 67.6065, 146.004, 43.949, 57.4958, 1.02913, 8.20083, 0.991866, -116.205, 1.05299, 127.628
4962, 82.69167, 76.1041, -64.9013, 67.5155, 145.987, 43.9129, 57.4512, 1.02891, 8.17126, 0.991757, -116.213, 1.05289, 127.598
4962, 82.70000, 75.9965, -64.9369, 67.4248, 145.969, 43.8769, 57.4067, 1.02868, 8.14184, 0.99165, -116.221, 1.05279, 127.568
4963, 82.70834, 75.8892, -64.9724, 67.3342, 145.952, 43.841, 57.3625, 1.02846, 8.11257, 0.991542, -116.229, 1.05269, 127.538
4963, 82.71667, 75.7821, -65.0077, 67.2439, 145.935, 43.805, 57.3185, 1.02824, 8.08344, 0.991434, -116.236, 1.05259, 127.509
4964, 82.72500, 75.6754, -65.0428, 67.1539, 145.918, 43.769, 57.2746, 1.02802, 8.05446, 0.991327, -116.244, 1.05249, 127.479
4964, 82.73333, 75.5689, -65.0778, 67.064, 145.902, 43.7331, 57.231, 1.0278, 8.02562, 0.99122, -116.252, 1.05238, 127.45
4965, 82.74167, 75.4627, -65.1127, 66.9744, 145.885, 43.6972, 57.1875, 1.02758, 7.99692, 0.991113, -116.259, 1.05228, 127.42
4965, 82.75000, 75.3568, -65.1474, 66.8851, 145.868, 43.6612, 57.1442, 1.02735, 7.96837, 0.991007, -116.267, 1.05218, 127.391
4965, 82.75833, 75.2513, -65.1819, 66.7959, 145.852, 43.6254, 57.1012, 1.02714, 7.93996, 0.9909, -116.274, 1.05207, 127.362
4966, 82.76667, 75.1459, -65.2163, 66.707, 145.835, 43.5895, 57.0583, 1.02692, 7.91168, 0.990794, -116.282, 1.05197, 127.333
4967, 82.77500, 75.0409, -65.2506, 66.6183, 145.819, 43.5536, 57.0155, 1.0267, 7.88355, 0.990689, -116.289, 1.05186, 127.305
4967, 82.78333, 74.9361, -65.2847, 66.5298, 145.802, 43.5178, 56.973, 1.02648, 7.85556, 0.990583, -116.297, 1.05176, 127.276
4968, 82.79166, 74.8317, -65.3186, 66.4416, 145.786, 43.4819, 56.9307, 1.02626, 7.8277, 0.990478, -116.304, 1.05165, 127.248
4968, 82.80000, 74.7275, -65.3524, 66.3536, 145.77, 43.4461, 56.8885, 1.02604, 7.79997, 0.990372, -116.311, 1.05154, 127.219
4969, 82.80833, 74.6236, -65.3861, 66.2658, 145.754, 43.4103, 56.8465, 1.02583, 7.77239, 0.990267, -116.319, 1.05143, 127.191
4969, 82.81667, 74.5199, -65.4196, 66.1782, 145.738, 43.3745, 56.8047, 1.02561, 7.74494, 0.990163, -116.326, 1.05133, 127.163
4970, 82.82500, 74.4166, -65.453, 66.0908, 145.722, 43.3388, 56.7631, 1.0254, 7.71762, 0.990058, -116.333, 1.05122, 127.135
4970, 82.83334, 74.3135, -65.4862, 66.0037, 145.706, 43.303, 56.7217, 1.02518, 7.69044, 0.989954, -116.34, 1.05111, 127.107
4971, 82.84167, 74.2107, -65.5193, 65.9168, 145.69, 43.2673, 56.6804, 1.02497, 7.66338, 0.98985, -116.347, 1.051, 127.08
4971, 82.85000, 74.1082, -65.5523, 65.8301, 145.675, 43.2316, 56.6393, 1.02475, 7.63646, 0.989746, -116.355, 1.05089, 127.052
4972, 82.85833, 74.0059, -65.5851, 65.7436, 145.659, 43.1959, 56.5984, 1.02454, 7.60967, 0.989643, -116.362, 1.05077, 127.025
4972, 82.86667, 73.9039, -65.6178, 65.6574, 145.644, 43.1603, 56.5577, 1.02433, 7.58301, 0.989539, -116.369, 1.05066, 126.998
4973, 82.87500, 73.8022, -65.6504, 65.5713, 145.628, 43.1246, 56.5171, 1.02412, 7.55648, 0.989436, -116.376, 1.05055, 126.971
4973, 82.88333, 73.7008, -65.6828, 65.4855, 145.613, 43.089, 56.4768, 1.0239, 7.53008, 0.989334, -116.383, 1.05044, 126.944
4973, 82.89167, 73.5996, -65.715, 65.3999, 145.597, 43.0534, 56.4365, 1.02369, 7.5038, 0.989231, -116.39, 1.05032, 126.917
4974, 82.90000, 73.4987, -65.7472, 65.3145, 145.582, 43.0178, 56.3965, 1.02348, 7.47765, 0.989129, -116.397, 1.05021, 126.89
4975, 82.90833, 73.3981, -65.7792, 65.2294, 145.567, 42.9823, 56.3566, 1.02327, 7.45162, 0.989026, -116.404, 1.0501, 126.864
4975, 82.91666, 73.2977, -65.811, 65.1444, 145.552, 42.9468, 56.3169, 1.02306, 7.42572, 0.988925, -116.411, 1.04998, 126.837
4976, 82.92500, 73.1976, -65.8428, 65.0596, 145.537, 42.9113, 56.2774, 1.02285, 7.39994, 0.988823, -116.417, 1.04987, 126.811
4976, 82.93333, 73.0978, -65.8744, 64.9751, 145.522, 42.8758, 56.238, 1.02265, 7.37429, 0.988722, -116.424, 1.04975, 126.785
4977, 82.94167, 72.9982, -65.9059, 64.8908, 145.507, 42.8403, 56.1988, 1.02244, 7.34876, 0.98862, -116.431, 1.04963, 126.759
4977, 82.95000, 72.8989, -65.9372, 64.8066, 145.492, 42.8049, 56.1598, 1.02223, 7.32335, 0.988519, -116.438, 1.04952, 126.733
4978, 82.95834, 72.7999, -65.9684, 64.7227, 145.478, 42.7695, 56.1209, 1.02202, 7.29806, 0.988419, -116.445, 1.0494, 126.707
4978, 82.96667, 72.7011, -65.9995, 64.639, 145.463, 42.7341, 56.0822, 1.02182, 7.27289, 0.988318, -116.451, 1.04928, 126.681
4979, 82.97500, 72.6026, -66.0305, 64.5555, 145.448, 42.6987, 56.0437, 1.02161, 7.24784, 0.988218, -116.458, 1.04917, 126.656
4979, 82.98333, 72.5043, -66.0613, 64.4723, 145.434, 42.6634, 56.0053, 1.02141, 7.22291, 0.988118, -116.465, 1.04905, 126.63
4980, 82.99167, 72.4063, -66.092, 64.3892, 145.419, 42.6281, 55.9671, 1.0212, 7.19809, 0.988018, -116.471, 1.04893, 126.605
4980, 83.00000, 72.3085, -66.1226, 64.3063, 145.405, 42.5928, 55.929, 1.021, 7.1734, 0.987919, -116.478, 1.04881, 126.58
4981, 83.00833, 72.2111, -66.153, 64.2236, 145.391, 42.5575, 55.8911, 1.02079, 7.14882, 0.98782, -116.484, 1.04869, 126.554
4981, 83.01667, 72.1138, -66.1833, 64.1412, 145.376, 42.5223, 55.8533, 1.02059, 7.12435, 0.987721, -116.491, 1.04857, 126.53
4981, 83.02500, 72.0168, -66.2136, 64.0589, 145.362, 42.4871, 55.8158, 1.02039, 7.1, 0.987622, -116.497, 1.04845, 126.505
4982, 83.03333, 71.9201, -66.2436, 63.9768, 145.348, 42.4519, 55.7783, 1.02019, 7.07577, 0.987523, -116.504, 1.04833, 126.48
4983, 83.04166, 71.8236, -66.2736, 63.895, 145.334, 42.4167, 55.741, 1.01998, 7.05164, 0.987425, -116.51, 1.04821, 126.455
4983, 83.05000, 71.7274, -66.3034, 63.8133, 145.32, 42.3816, 55.7039, 1.01978, 7.02764, 0.987327, -116.517, 1.04809, 126.431
4984, 83.05833, 71.6314, -66.3332, 63.7319, 145.306, 42.3465, 55.6669, 1.01958, 7.00374, 0.987229, -116.523, 1.04797, 126.406
4984, 83.06667, 71.5357, -66.3628, 63.6506, 145.292, 42.3114, 55.6301, 1.01938, 6.97995, 0.987131, -116.529, 1.04785, 126.382
4985, 83.07500, 71.4402, -66.3922, 63.5696, 145.278, 42.2764, 55.5935, 1.01918, 6.95628, 0.987034, -116.536, 1.04772, 126.358
4985, 83.08334, 71.345, -66.4216, 63.4887, 145.265, 42.2414, 55.557, 1.01898, 6.93271, 0.986937, -116.542, 1.0476, 126.334
4986, 83.09167, 71.25, -66.4508, 63.408, 145.251, 42.2064, 55.5206, 1.01879, 6.90925, 0.98684, -116.548, 1.04748, 126.31
4986, 83.10000, 71.1553, -66.48, 63.3276, 145.237, 42.1714, 55.4844, 1.01859, 6.8859, 0.986743, -116.555, 1.04736, 126.286
4987, 83.10833, 71.0608, -66.509, 63.2473, 145.224, 42.1365, 55.4483, 1.01839, 6.86267, 0.986647, -116.561, 1.04723, 126.263
4987, 83.11667, 70.9665, -66.5379, 63.1672, 145.21, 42.1016, 55.4124, 1.01819, 6.83953, 0.986551, -116.567, 1.04711, 126.239
4988, 83.12500, 70.8725, -66.5666, 63.0873, 145.197, 42.0667, 55.3766, 1.018, 6.8165, 0.986455, -116.573, 1.04699, 126.216
4988, 83.13333, 70.7788, -66.5953, 63.0077, 145.184, 42.0319, 55.341, 1.0178, 6.79359, 0.986359, -116.579, 1.04686, 126.192
4989, 83.14167, 70.6852, -66.6238, 62.9282, 145.17, 41.9971, 55.3055, 1.01761, 6.77077, 0.986264, -116.585, 1.04674, 126.169
4989, 83.15000, 70.592, -66.6523, 62.8489, 145.157, 41.9623, 55.2702, 1.01741, 6.74806, 0.986169, -116.592, 1.04661, 126.146
4989, 83.15833, 70.4989, -66.6806, 62.7697, 145.144, 41.9275, 55.235, 1.01722, 6.72545, 0.986074, -116.598, 1.04649, 126.123
4990, 83.16666, 70.4061, -66.7088, 62.6908, 145.131, 41.8928, 55.2, 1.01702, 6.70295, 0.985979, -116.604, 1.04637, 126.1
4991, 83.17500, 70.3136, -66.7369, 62.6121, 145.118, 41.8581, 55.1651, 1.01683, 6.68055, 0.985884, -116.61, 1.04624, 126.077
4991, 83.18333, 70.2212, -66.7649, 62.5336, 145.105, 41.8235, 55.1303, 1.01664, 6.65825, 0.98579, -116.616, 1.04612, 126.054
4992, 83.19167, 70.1292, -66.7928, 62.4552, 145.092, 41.7888, 55.0957, 1.01645, 6.63605, 0.985696, -116.622, 1.04599, 126.032
4992, 83.20000, 70.0373, -66.8205, 62.377, 145.079, 41.7542, 55.0612, 1.01626, 6.61396, 0.985602, -116.628, 1.04586, 126.009
4993, 83.20834, 69.9457, -66.8482, 62.2991, 145.066, 41.7197, 55.0269, 1.01607, 6.59196, 0.985509, -116.633, 1.04574, 125.987
4993, 83.21667, 69.8543, -66.8757, 62.2213, 145.053, 41.6851, 54.9927, 1.01587, 6.57006, 0.985416, -116.639, 1.04561, 125.965
4994, 83.22500, 69.7631, -66.9032, 62.1437, 145.041, 41.6506, 54.9586, 1.01568, 6.54827, 0.985323, -116.645, 1.04549, 125.942
4994, 83.23333, 69.6722, -66.9305, 62.0663, 145.028, 41.6161, 54.9247, 1.0155, 6.52657, 0.98523, -116.651, 1.04536, 125.92
4995, 83.24167, 69.5815, -66.9577, 61.989, 145.015, 41.5817, 54.8909, 1.01531, 6.50497, 0.985137, -116.657, 1.04523, 125.898
4995, 83.25000, 69.4911, -66.9849, 61.912, 145.003, 41.5473, 54.8572, 1.01512, 6.48346, 0.985045, -116.663, 1.04511, 125.876
4996, 83.25833, 69.4008, -67.0119, 61.8351, 144.99, 41.5129, 54.8237, 1.01493, 6.46206, 0.984953, -116.668, 1.04498, 125.855
4996, 83.26667, 69.3108, -67.0388, 61.7584, 144.978, 41.4785, 54.7903, 1.01474, 6.44074, 0.984861, -116.674, 1.04485, 125.833
4997, 83.27500, 69.2211, -67.0656, 61.6819, 144.966, 41.4442, 54.7571, 1.01456, 6.41953, 0.984769, -116.68, 1.04473, 125.811
4997, 83.28333, 69.1315, -67.0923, 61.6056, 144.953, 41.4099, 54.7239, 1.01437, 6.39841, 0.984678, -116.685, 1.0446, 125.79
4997, 83.29166, 69.0422, -67.1189, 61.5295, 144.941, 41.3757, 54.691, 1.01418, 6.37738, 0.984587, -116.691, 1.04447, 125.769
4998, 83.30000, 68.9531, -67.1454, 61.4535, 144.929, 41.3415, 54.6581, 1.014, 6.35645, 0.984496, -116.697, 1.04434, 125.747
4999, 83.30833, 68.8642, -67.1718, 61.3778, 144.917, 41.3073, 54.6254, 1.01382, 6.33561, 0.984405, -116.702, 1.04422, 125.726
4999, 83.31667, 68.7756, -67.1981, 61.3022, 144.905, 41.2731, 54.5928, 1.01363, 6.31487, 0.984315, -116.708, 1.04409, 125.705
5000, 83.32500, 68.6872, -67.2243, 61.2267, 144.893, 41.239, 54.5603, 1.01345, 6.29421, 0.984224, -116.714, 1.04396, 125.684
5000, 83.33334, 68.599, -67.2504, 61.1515, 144.881, 41.2049, 54.528, 1.01326, 6.27365, 0.984134, -116.719, 1.04383, 125.663
5001, 83.34167, 68.511, -67.2764, 61.0764, 144.869, 41.1709, 54.4958, 1.01308, 6.25318, 0.984045, -116.725, 1.04371, 125.642
5001, 83.35000, 68.4232, -67.3023, 61.0015, 144.857, 41.1368, 54.4637, 1.0129, 6.2328, 0.983955, -116.73, 1.04358, 125.622
5002, 83.35833, 68.3357, -67.3281, 60.9268, 144.845, 41.1028, 54.4317, 1.01272, 6.21251, 0.983866, -116.736, 1.04345, 125.601
5002, 83.36667, 68.2483, -67.3538, 60.8523, 144.833, 41.0689, 54.3999, 1.01254, 6.1923, 0.983777, -116.741, 1.04332, 125.581
5003, 83.37500, 68.1612, -67.3794, 60.7779, 144.822, 41.035, 54.3682, 1.01236, 6.17219, 0.983688, -116.746, 1.04319, 125.56
5003, 83.38333, 68.0743, -67.4049, 60.7038, 144.81, 41.0011, 54.3366, 1.01218, 6.15217, 0.9836, -116.752, 1.04306, 125.54
5004, 83.39167, 67.9877, -67.4303, 60.6297, 144.798, 40.9672, 54.3052, 1.012, 6.13223, 0.983511, -116.757, 1.04294, 125.52
5004, 83.40000, 67.9012, -67.4556, 60.5559, 144.787, 40.9334, 54.2738, 1.01182, 6.11238, 0.983423, -116.763, 1.04281, 125.499
5005, 83.40833, 67.815, -67.4808, 60.4822, 144.775, 40.8996, 54.2426, 1.01164, 6.09262, 0.983335, -116.768, 1.04268, 125.479
5005, 83.41666, 67.7289, -67.5059, 60.4087, 144.764, 40.8659, 54.2115, 1.01146, 6.07294, 0.983248, -116.773, 1.04255, 125.459
5005, 83.42500, 67.6431, -67.5309, 60.3354, 144.752, 40.8321, 54.1806, 1.01128, 6.05335, 0.98316, -116.778, 1.04242, 125.44
5006, 83.43333, 67.5575, -67.5558, 60.2622, 144.741, 40.7985, 54.1497, 1.01111, 6.03385, 0.983073, -116.784, 1.04229, 125.42
5007, 83.44167, 67.4721, -67.5807, 60.1892, 144.73, 40.7648, 54.119, 1.01093, 6.01443, 0.982986, -116.789, 1.04216, 125.4
5007, 83.45000, 67.3869, -67.6054, 60.1164, 144.718, 40.7312, 54.0884, 1.01075, 5.99509, 0.982899, -116.794, 1.04203, 125.381
5008, 83.45834, 67.3019, -67.6301, 60.0438, 144.707, 40.6976, 54.0579, 1.01058, 5.97584, 0.982813, -116.799, 1.0419, 125.361
5008, 83.46667, 67.2172, -67.6546, 59.9713, 144.696, 40.6641, 54.0275, 1.0104, 5.95667, 0.982727, -116.805, 1.04177, 125.342
5009, 83.47500, 67.1326, -67.6791, 59.899, 144.685, 40.6306, 53.9973, 1.01023, 5.93759, 0.982641, -116.81, 1.04165, 125.322
5009, 83.48333, 67.0483, -67.7035, 59.8268, 144.674, 40.5971, 53.9671, 1.01005, 5.91859, 0.982555, -116.815, 1.04152, 125.303
5010, 83.49167, 66.9641, -67.7278, 59.7548, 144.663, 40.5636, 53.9371, 1.00988, 5.89966, 0.982469, -116.82, 1.04139, 125.284
5010, 83.50000, 66.8802, -67.752, 59.683, 144.652, 40.5302, 53.9072, 1.00971, 5.88082, 0.982384, -116.825, 1.04126, 125.265
5011, 83.50833, 66.7965, -67.7761, 59.6114, 144.641, 40.4969, 53.8774, 1.00954, 5.86207, 0.982299, -116.83, 1.04113, 125.246
5011, 83.51667, 66.7129, -67.8001, 59.5399, 144.63, 40.4635, 53.8478, 1.00936, 5.84339, 0.982214, -116.835, 1.041, 125.227
5012, 83.52500, 66.6296, -67.824, 59.4686, 144.619, 40.4302, 53.8182, 1.00919, 5.82479, 0.98213, -116.84, 1.04087, 125.208
5012, 83.53333, 66.5465, -67.8478, 59.3974, 144.608, 40.397, 53.7888, 1.00902, 5.80627, 0.982045, -116.845, 1.04074, 125.19
5013, 83.54166, 66.4636, -67.8716, 59.3264, 144.597, 40.3637, 53.7594, 1.00885, 5.78783, 0.981961, -116.85, 1.04061, 125.171
5013, 83.55000, 66.3808, -67.8952, 59.2556, 144.587, 40.3305, 53.7302, 1.00868, 5.76947, 0.981877, -116.855, 1.04048, 125.152
5013, 83.55833, 66.2983, -67.9188, 59.1849, 144.576, 40.2974, 53.7011, 1.00851, 5.75119, 0.981793, -116.86, 1.04035, 125.134
5014, 83.56667, 66.216, -67.9423, 59.1144, 144.565, 40.2642, 53.6721, 1.00834, 5.73298, 0.98171, -116.865, 1.04022, 125.116
5015, 83.57500, 66.1339, -67.9657, 59.044, 144.555, 40.2312, 53.6432, 1.00817, 5.71486, 0.981627, -116.87, 1.04009, 125.097
5015, 83.58334, 66.052, -67.989, 58.9738, 144.544, 40.1981, 53.6144, 1.008, 5.69681, 0.981544, -116.875, 1.03997, 125.079
5016, 83.59167, 65.9702, -68.0123, 58.9038, 144.534, 40.1651, 53.5858, 1.00784, 5.67883, 0.981461, -116.88, 1.03984, 125.061
5016, 83.60000, 65.8887, -68.0354, 58.8339, 144.523, 40.1321, 53.5572, 1.00767, 5.66094, 0.981378, -116.885, 1.03971, 125.043
5017, 83.60833, 65.8074, -68.0585, 58.7642, 144.513, 40.0992, 53.5288, 1.0075, 5.64312, 0.981296, -116.889, 1.03958, 125.025
5017, 83.61667, 65.7263, -68.0814, 58.6946, 144.503, 40.0662, 53.5004, 1.00734, 5.62537, 0.981214, -116.894, 1.03945, 125.007
5018, 83.62500, 65.6453, -68.1043, 58.6252, 144.492, 40.0334, 53.4722, 1.00717, 5.6077, 0.981132, -116.899, 1.03932, 124.989
5018, 83.63333, 65.5646, -68.1272, 58.5559, 144.482, 40.0005, 53.4441, 1.00701, 5.5901, 0.98105, -116.904, 1.03919, 124.971
5019, 83.64167, 65.484, -68.1499, 58.4868, 144.472, 39.9677, 53.416, 1.00684, 5.57257, 0.980969, -116.909, 1.03906, 124.954
5019, 83.65000, 65.4037, -68.1725, 58.4179, 144.462, 39.9349, 53.3881, 1.00668, 5.55513, 0.980888, -116.913, 1.03893, 124.936
5020, 83.65833, 65.3235, -68.1951, 58.3491, 144.451, 39.9022, 53.3603, 1.00651, 5.53775, 0.980807, -116.918, 1.0388, 124.919
5020, 83.66666, 65.2435, -68.2176, 58.2805, 144.441, 39.8695, 53.3326, 1.00635, 5.52044, 0.980726, -116.923, 1.03867, 124.901
5021, 83.67500, 65.1637, -68.24, 58.212, 144.431, 39.8369, 53.305, 1.00619, 5.50321, 0.980645, -116.927, 1.03854, 124.884
5021, 83.68333, 65.0842, -68.2623, 58.1437, 144.421, 39.8042, 53.2775, 1.00602, 5.48605, 0.980565, -116.932, 1.03842, 124.867
5021, 83.69167, 65.0047, -68.2845, 58.0755, 144.411, 39.7716, 53.2501, 1.00586, 5.46896, 0.980485, -116.937, 1.03829, 124.85
5022, 83.70000, 64.9255, -68.3067, 58.0075, 144.401, 39.7391, 53.2228, 1.0057, 5.45195, 0.980405, -116.941, 1.03816, 124.832
5023, 83.70834, 64.8465, -68.3288, 57.9396, 144.391, 39.7066, 53.1956, 1.00554, 5.435, 0.980325, -116.946, 1.03803, 124.815
5023, 83.71667, 64.7677, -68.3508, 57.8719, 144.382, 39.6741, 53.1686, 1.00538, 5.41812, 0.980246, -116.951, 1.0379, 124.798
5024, 83.72500, 64.689, -68.3727, 57.8043, 144.372, 39.6417, 53.1416, 1.00522, 5.40132, 0.980167, -116.955, 1.03777, 124.782
5024, 83.73333, 64.6105, -68.3946, 57.7369, 144.362, 39.6092, 53.1147, 1.00506, 5.38458, 0.980088, -116.96, 1.03764, 124.765
5025, 83.74167, 64.5322, -68.4163, 57.6697, 144.352, 39.5769, 53.0879, 1.0049, 5.36791, 0.980009, -116.964, 1.03751, 124.748
5025, 83.75000, 64.4541, -68.438, 57.6025, 144.343, 39.5445, 53.0612, 1.00474, 5.35131, 0.97993, -116.969, 1.03739, 124.731
5026, 83.75833, 64.3762, -68.4596, 57.5356, 144.333, 39.5122, 53.0346, 1.00458, 5.33478, 0.979852, -116.973, 1.03726, 124.715
5026, 83.76667, 64.2985, -68.4812, 57.4688, 144.323, 39.48, 53.0081, 1.00442, 5.31832, 0.979774, -116.978, 1.03713, 124.698
5027, 83.77500, 64.2209, -68.5026, 57.4021, 144.314, 39.4477, 52.9817, 1.00427, 5.30192, 0.979696, -116.982, 1.037, 124.682
5027, 83.78333, 64.1436, -68.524, 57.3355, 144.304, 39.4156, 52.9554, 1.00411, 5.2856, 0.979618, -116.987, 1.03687, 124.665
5028, 83.79166, 64.0664, -68.5453, 57.2692, 144.295, 39.3834, 52.9292, 1.00395, 5.26933, 0.979541, -116.991, 1.03675, 124.649
5028, 83.80000, 63.9894, -68.5666, 57.2029, 144.285, 39.3513, 52.9031, 1.0038, 5.25314, 0.979464, -116.995, 1.03662, 124.633
5029, 83.80833, 63.9126, -68.5877, 57.1368, 144.276, 39.3192, 52.8771, 1.00364, 5.23701, 0.979387, -117, 1.03649, 124.617
5029, 83.81667, 63.8359, -68.6088, 57.0709, 144.266, 39.2871, 52.8512, 1.00349, 5.22095, 0.97931, -117.004, 1.03636, 124.601
5029, 83.82500, 63.7594, -68.6298, 57.0051, 144.257, 39.2551, 52.8254, 1.00333, 5.20495, 0.979233, -117.008, 1.03623, 124.585
5030, 83.83334, 63.6831, -68.6507, 56.9394, 144.248, 39.2232, 52.7997, 1.00318, 5.18902, 0.979157, -117.013, 1.03611, 124.569
5031, 83.84167, 63.607, -68.6716, 56.8739, 144.238, 39.1912, 52.7741, 1.00302, 5.17315, 0.979081, -117.017, 1.03598, 124.553
5031, 83.85000, 63.5311, -68.6924, 56.8085, 144.229, 39.1593, 52.7485, 1.00287, 5.15735, 0.979005, -117.021, 1.03585, 124.537
5032, 83.85833, 63.4553, -68.7131, 56.7433, 144.22, 39.1275, 52.7231, 1.00272, 5.14161, 0.978929, -117.026, 1.03572, 124.521
5032, 83.86667, 63.3797, -68.7338, 56.6782, 144.211, 39.0956, 52.6978, 1.00256, 5.12594, 0.978854, -117.03, 1.0356, 124.506
5033, 83.87500, 63.3043, -68.7543, 56.6133, 144.202, 39.0638, 52.6725, 1.00241, 5.11033, 0.978778, -117.034, 1.03547, 124.49
5033, 83.88333, 63.2291, -68.7748, 56.5485, 144.193, 39.0321, 52.6474, 1.00226, 5.09478, 0.978703, -117.038, 1.03534, 124.474
5034, 83.89167, 63.154, -68.7953, 56.4838, 144.184, 39.0004, 52.6223, 1.00211, 5.07929, 0.978628, -117.043, 1.03522, 124.459
5034, 83.90000, 63.0791, -68.8156, 56.4193, 144.174, 38.9687, 52.5973, 1.00196, 5.06387, 0.978554, -117.047, 1.03509, 124.444
5035, 83.90833, 63.0044, -68.8359, 56.3549, 144.165, 38.937, 52.5724, 1.00181, 5.04851, 0.978479, -117.051, 1.03496, 124.428
5035, 83.91666, 62.9299, -68.8561, 56.2906, 144.157, 38.9054, 52.5476, 1.00166, 5.0332, 0.978405, -117.055, 1.03484, 124.413
5036, 83.92500, 62.8555, -68.8763, 56.2265, 144.148, 38.8739, 52.5229, 1.00151, 5.01797, 0.978331, -117.059, 1.03471, 124.398
5036, 83.93333, 62.7813, -68.8964, 56.1626, 144.139, 38.8423, 52.4983, 1.00136, 5.00279, 0.978257, -117.064, 1.03458, 124.383
5037, 83.94167, 62.7073, -68.9164, 56.0987, 144.13, 38.8108, 52.4738, 1.00121, 4.98767, 0.978184, -117.068, 1.03446, 124.368
5037, 83.95000, 62.6334, -68.9363, 56.035, 144.121, 38.7794, 52.4493, 1.00106, 4.97262, 0.97811, -117.072, 1.03433, 124.353
5037, 83.95834, 62.5597, -68.9562, 55.9715, 144.112, 38.7479, 52.425, 1.00091, 4.95762, 0.978037, -117.076, 1.0342, 124.338
5038, 83.96667, 62.4862, -68.976, 55.908, 144.103, 38.7165, 52.4007, 1.00077, 4.94268, 0.977964, -117.08, 1.03408, 124.323
5039, 83.97500, 62.4128, -68.9958, 55.8448, 144.095, 38.6852, 52.3765, 1.00062, 4.9278, 0.977891, -117.084, 1.03395, 124.308
5039, 83.98333, 62.3396, -69.0154, 55.7816, 144.086, 38.6539, 52.3525, 1.00047, 4.91299, 0.977819, -117.088, 1.03383, 124.293
5040, 83.99167, 62.2666, -69.035, 55.7186, 144.077, 38.6226, 52.3284, 1.00033, 4.89823, 0.977746, -117.092, 1.0337, 124.279
5040, 84.00000, 62.1937, -69.0546, 55.6557, 144.069, 38.5913, 52.3045, 1.00018, 4.88352, 0.977674, -117.096, 1.03358, 124.264
5041, 84.00833, 62.121, -69.074, 55.593, 144.06, 38.5601, 52.2807, 1.00004, 4.86888, 0.977602, -117.1, 1.03345, 124.249
5041, 84.01667, 62.0485, -69.0934, 55.5303, 144.052, 38.529, 52.257, 0.999892, 4.8543, 0.97753, -117.104, 1.03333, 124.235
5042, 84.02500, 61.9761, -69.1128, 55.4678, 144.043, 38.4978, 52.2333, 0.999748, 4.83977, 0.977459, -117.108, 1.0332, 124.22
5042, 84.03333, 61.9039, -69.132, 55.4055, 144.035, 38.4667, 52.2097, 0.999604, 4.8253, 0.977388, -117.112, 1.03308, 124.206
5043, 84.04166, 61.8318, -69.1512, 55.3433, 144.026, 38.4357, 52.1862, 0.99946, 4.81088, 0.977316, -117.116, 1.03295, 124.192
5043, 84.05000, 61.76, -69.1704, 55.2812, 144.018, 38.4046, 52.1628, 0.999317, 4.79653, 0.977246, -117.12, 1.03283, 124.177
5044, 84.05833, 61.6882, -69.1895, 55.2192, 144.009, 38.3736, 52.1395, 0.999174, 4.78223, 0.977175, -117.124, 1.0327, 124.163
5044, 84.06667, 61.6167, -69.2085, 55.1574, 144.001, 38.3427, 52.1162, 0.999032, 4.76798, 0.977104, -117.128, 1.03258, 124.149
5045, 84.07500, 61.5453, -69.2274, 55.0957, 143.993, 38.3118, 52.0931, 0.99889, 4.75379, 0.977034, -117.131, 1.03245, 124.135
5045, 84.08334, 61.474, -69.2463, 55.0341, 143.984, 38.2809, 52.07, 0.998748, 4.73966, 0.976964, -117.135, 1.03233, 124.121
5045, 84.09167, 61.403, -69.2651, 54.9727, 143.976, 38.25, 52.047, 0.998607, 4.72558, 0.976894, -117.139, 1.03221, 124.107
5046, 84.10000, 61.332, -69.2839, 54.9114, 143.968, 38.2192, 52.0241, 0.998467, 4.71156, 0.976824, -117.143, 1.03208, 124.093
5047, 84.10833, 61.2613, -69.3026, 54.8502, 143.96, 38.1884, 52.0013, 0.998326, 4.69759, 0.976755, -117.147, 1.03196, 124.079
5047, 84.11667, 61.1907, -69.3212, 54.7892, 143.951, 38.1577, 51.9785, 0.998186, 4.68368, 0.976686, -117.151, 1.03183, 124.066
5048, 84.12500, 61.1202, -69.3398, 54.7282, 143.943, 38.127, 51.9558, 0.998047, 4.66982, 0.976617, -117.154, 1.03171, 124.052
5048, 84.13333, 61.0499, -69.3583, 54.6675, 143.935, 38.0963, 51.9332, 0.997908, 4.65601, 0.976548, -117.158, 1.03159, 124.038
5049, 84.14167, 60.9798, -69.3767, 54.6068, 143.927, 38.0657, 51.9107, 0.997769, 4.64226, 0.976479, -117.162, 1.03146, 124.025
5049, 84.15000, 60.9098, -69.3951, 54.5462, 143.919, 38.0351, 51.8883, 0.997631, 4.62856, 0.976411, -117.166, 1.03134, 124.011
5050, 84.15833, 60.84, -69.4134, 54.4858, 143.911, 38.0046, 51.8659, 0.997493, 4.61491, 0.976342, -117.169, 1.03122, 123.998
5050, 84.16666, 60.7703, -69.4317, 54.4255, 143.903, 37.974, 51.8436, 0.997356, 4.60131, 0.976274, -117.173, 1.0311, 123.984
5051, 84.17500, 60.7008, -69.4499, 54.3654, 143.895, 37.9435, 51.8214, 0.997219, 4.58777, 0.976206, -117.177, 1.03097, 123.971
5051, 84.18333, 60.6314, -69.468, 54.3053, 143.887, 37.9131, 51.7993, 0.997082, 4.57428, 0.976139, -117.181, 1.03085, 123.958
5052, 84.19167, 60.5622, -69.4861, 54.2454, 143.879, 37.8827, 51.7773, 0.996946, 4.56084, 0.976071, -117.184, 1.03073, 123.944
5052, 84.20000, 60.4931, -69.5041, 54.1856, 143.871, 37.8523, 51.7553, 0.99681, 4.54746, 0.976004, -117.188, 1.03061, 123.931
5053, 84.20834, 60.4242, -69.5221, 54.1259, 143.863, 37.822, 51.7334, 0.996674, 4.53412, 0.975937, -117.192, 1.03049, 123.918
5053, 84.21667, 60.3555, -69.54, 54.0664, 143.856, 37.7916, 51.7116, 0.996539, 4.52084, 0.97587, -117.195, 1.03036, 123.905
5053, 84.22500, 60.2869, -69.5578, 54.007, 143.848, 37.7614, 51.6899, 0.996404, 4.50761, 0.975803, -117.199, 1.03024, 123.892
5054, 84.23333, 60.2184, -69.5756, 53.9477, 143.84, 37.7311, 51.6682, 0.99627, 4.49442, 0.975736, -117.202, 1.03012, 123.879
5055, 84.24167, 60.1501, -69.5933, 53.8885, 143.832, 37.7009, 51.6466, 0.996136, 4.48129, 0.97567, -117.206, 1.03, 123.866
5055, 84.25000, 60.0819, -69.611, 53.8294, 143.825, 37.6708, 51.6251, 0.996002, 4.46821, 0.975604, -117.21, 1.02988, 123.853
5056, 84.25833, 60.0139, -69.6286, 53.7705, 143.817, 37.6406, 51.6036, 0.995869, 4.45518, 0.975538, -117.213, 1.02976, 123.84
5056, 84.26667, 59.9461, -69.6461, 53.7117, 143.809, 37.6105, 51.5823, 0.995737, 4.44219, 0.975472, -117.217, 1.02964, 123.827
5057, 84.27500, 59.8783, -69.6636, 53.653, 143.802, 37.5805, 51.561, 0.995604, 4.42926, 0.975407, -117.22, 1.02952, 123.815
5057, 84.28333, 59.8108, -69.681, 53.5944, 143.794, 37.5505, 51.5398, 0.995472, 4.41637, 0.975341, -117.224, 1.0294, 123.802
5058, 84.29166, 59.7434, -69.6984, 53.536, 143.786, 37.5205, 51.5186, 0.99534, 4.40354, 0.975276, -117.227, 1.02928, 123.789
5058, 84.30000, 59.6761, -69.7157, 53.4776, 143.779, 37.4905, 51.4975, 0.995209, 4.39075, 0.975211, -117.231, 1.02916, 123.777
5059, 84.30833, 59.609, -69.733, 53.4194, 143.771, 37.4606, 51.4765, 0.995078, 4.37801, 0.975146, -117.234, 1.02904, 123.764
5059, 84.31667, 59.542, -69.7502, 53.3613, 143.764, 37.4307, 51.4556, 0.994948, 4.36532, 0.975082, -117.238, 1.02892, 123.752
5060, 84.32500, 59.4751, -69.7673, 53.3033, 143.756, 37.4009, 51.4348, 0.994818, 4.35268, 0.975017, -117.241, 1.0288, 123.739
5060, 84.33334, 59.4084, -69.7844, 53.2455, 143.749, 37.3711, 51.414, 0.994688, 4.34008, 0.974953, -117.245, 1.02868, 123.727
5061, 84.34167, 59.3419, -69.8015, 53.1877, 143.742, 37.3413, 51.3933, 0.994558, 4.32753, 0.974889, -117.248, 1.02856, 123.715
5061, 84.35000, 59.2755, -69.8185, 53.1301, 143.734, 37.3116, 51.3726, 0.994429, 4.31503, 0.974825, -117.252, 1.02844, 123.703
5061, 84.35833, 59.2092, -69.8354, 53.0726, 143.727, 37.2819, 51.352, 0.994301, 4.30258, 0.974762, -117.255, 1.02832, 123.69
5062, 84.36667, 59.1431, -69.8523, 53.0152, 143.719, 37.2522, 51.3315, 0.994172, 4.29017, 0.974698, -117.258, 1.0282, 123.678
5063, 84.37500, 59.0771, -69.8691, 52.9579, 143.712, 37.2226, 51.3111, 0.994044, 4.27781, 0.974635, -117.262, 1.02809, 123.666
5063, 84.38333, 59.0113, -69.8858, 52.9007, 143.705, 37.193, 51.2907, 0.993917, 4.26549, 0.974572, -117.265, 1.02797, 123.654
5064, 84.39167, 58.9455, -69.9026, 52.8437, 143.698, 37.1634, 51.2705, 0.99379, 4.25322, 0.974509, -117.268, 1.02785, 123.642
5064, 84.40000, 58.88, -69.9192, 52.7867, 143.69, 37.1339, 51.2502, 0.993663, 4.241, 0.974446, -117.272, 1.02773, 123.63
5065, 84.40833, 58.8146, -69.9358, 52.7299, 143.683, 37.1044, 51.2301, 0.993536, 4.22882, 0.974384, -117.275, 1.02761, 123.618
5065, 84.41666, 58.7493, -69.9524, 52.6732, 143.676, 37.0749, 51.21, 0.99341, 4.21668, 0.974321, -117.278, 1.0275, 123.606
5066, 84.42500, 58.6841, -69.9689, 52.6166, 143.669, 37.0455, 51.19, 0.993285, 4.2046, 0.974259, -117.282, 1.02738, 123.594
5066, 84.43333, 58.6191, -69.9853, 52.5601, 143.662, 37.0161, 51.17, 0.993159, 4.19255, 0.974197, -117.285, 1.02726, 123.583
5066, 84.44167, 58.5543, -70.0017, 52.5037, 143.655, 36.9868, 51.1501, 0.993034, 4.18055, 0.974135, -117.288, 1.02714, 123.571
5067, 84.45000, 58.4895, -70.018, 52.4475, 143.647, 36.9574, 51.1303, 0.99291, 4.1686, 0.974074, -117.292, 1.02703, 123.559
5068, 84.45834, 58.4249, -70.0343, 52.3913, 143.64, 36.9282, 51.1106, 0.992785, 4.15669, 0.974012, -117.295, 1.02691, 123.548
5068, 84.46667, 58.3605, -70.0506, 52.3353, 143.633, 36.8989, 51.0909, 0.992661, 4.14482, 0.973951, -117.298, 1.02679, 123.536
5069, 84.47500, 58.2962, -70.0667, 52.2794, 143.626, 36.8697, 51.0713, 0.992538, 4.133, 0.97389, -117.301, 1.02668, 123.525
5069, 84.48333, 58.232, -70.0829, 52.2236, 143.619, 36.8405, 51.0517, 0.992414, 4.12122, 0.973829, -117.305, 1.02656, 123.513
5069, 84.49167, 58.1679, -70.0989, 52.1679, 143.612, 36.8114, 51.0322, 0.992292, 4.10948, 0.973768, -117.308, 1.02645, 123.502
5070, 84.50000, 58.104, -70.115, 52.1123, 143.605, 36.7822, 51.0128, 0.992169, 4.09779, 0.973708, -117.311, 1.02633, 123.49
5071, 84.50833, 58.0402, -70.131, 52.0568, 143.598, 36.7532, 50.9934, 0.992047, 4.08614, 0.973647, -117.314, 1.02621, 123.479
5071, 84.51667, 57.9766, -70.1469, 52.0014, 143.592, 36.7241, 50.9742, 0.991925, 4.07453, 0.973587, -117.318, 1.0261, 123.468
5072, 84.52500, 57.913, -70.1628, 51.9462, 143.585, 36.6951, 50.9549, 0.991804, 4.06297, 0.973527, -117.321, 1.02598, 123.456
5072, 84.53333, 57.8497, -70.1786, 51.891, 143.578, 36.6662, 50.9358, 0.991682, 4.05145, 0.973467, -117.324, 1.02587, 123.445
5073, 84.54166, 57.7864, -70.1944, 51.836, 143.571, 36.6372, 50.9167, 0.991562, 4.03997, 0.973408, -117.327, 1.02575, 123.434
5073, 84.55000, 57.7233, -70.2101, 51.781, 143.564, 36.6083, 50.8976, 0.991441, 4.02853, 0.973348, -117.33, 1.02564, 123.423
5074, 84.55833, 57.6603, -70.2257, 51.7262, 143.557, 36.5794, 50.8787, 0.991321, 4.01713, 0.973289, -117.333, 1.02553, 123.412
5074, 84.56667, 57.5974, -70.2414, 51.6715, 143.551, 36.5506, 50.8598, 0.991201, 4.00577, 0.97323, -117.336, 1.02541, 123.401
5074, 84.57500, 57.5347, -70.257, 51.6168, 143.544, 36.5218, 50.8409, 0.991082, 3.99446, 0.973171, -117.34, 1.0253, 123.39
5075, 84.58334, 57.4721, -70.2725, 51.5623, 143.537, 36.493, 50.8221, 0.990963, 3.98319, 0.973112, -117.343, 1.02518, 123.379
5076, 84.59167, 57.4096, -70.2879, 51.5079, 143.53, 36.4643, 50.8034, 0.990844, 3.97195, 0.973054, -117.346, 1.02507, 123.368
5076, 84.60000, 57.3473, -70.3034, 51.4536, 143.524, 36.4356, 50.7848, 0.990726, 3.96076, 0.972995, -117.349, 1.02496, 123.357
5077, 84.60833, 57.2851, -70.3188, 51.3995, 143.517, 36.4069, 50.7662, 0.990608, 3.94961, 0.972937, -117.352, 1.02484, 123.346
5077, 84.61667, 57.223, -70.3341, 51.3454, 143.511, 36.3783, 50.7476, 0.99049, 3.9385, 0.972879, -117.355, 1.02473, 123.336
5078, 84.62500, 57.1611, -70.3494, 51.2914, 143.504, 36.3497, 50.7291, 0.990372, 3.92743, 0.972821, -117.358, 1.02462, 123.325
5078, 84.63333, 57.0993, -70.3646, 51.2375, 143.497, 36.3212, 50.7107, 0.990255, 3.91639, 0.972763, -117.361, 1.02451, 123.314
5079, 84.64167, 57.0375, -70.3798, 51.1837, 143.491, 36.2926, 50.6924, 0.990139, 3.9054, 0.972706, -117.364, 1.02439, 123.304
5079, 84.65000, 56.976, -70.3949, 51.1301, 143.484, 36.2641, 50.6741, 0.990022, 3.89445, 0.972648, -117.367, 1.02428, 123.293
5080, 84.65833, 56.9145, -70.41, 51.0765, 143.478, 36.2357, 50.6559, 0.989906, 3.88354, 0.972591, -117.37, 1.02417, 123.283
5080, 84.66666, 56.8532, -70.4251, 51.0231, 143.471, 36.2072, 50.6377, 0.98979, 3.87266, 0.972534, -117.373, 1.02406, 123.272
5081, 84.67500, 56.792, -70.4401, 50.9697, 143.465, 36.1788, 50.6196, 0.989675, 3.86183, 0.972477, -117.376, 1.02394, 123.262
5081, 84.68333, 56.7309, -70.455, 50.9165, 143.458, 36.1505, 50.6015, 0.98956, 3.85103, 0.97242, -117.379, 1.02383, 123.251
5082, 84.69167, 56.67, -70.4699, 50.8633, 143.452, 36.1222, 50.5835, 0.989445, 3.84027, 0.972364, -117.382, 1.02372, 123.241
5082, 84.70000, 56.6092, -70.4848, 50.8102, 143.445, 36.0939, 50.5656, 0.989331, 3.82955, 0.972308, -117.385, 1.02361, 123.23
5082, 84.70834, 56.5485, -70.4996, 50.7573, 143.439, 36.0656, 50.5477, 0.989217, 3.81887, 0.972251, -117.388, 1.0235, 123.22
5083, 84.71667, 56.4879, -70.5144, 50.7045, 143.433, 36.0374, 50.5299, 0.989103, 3.80823, 0.972195, -117.391, 1.02339, 123.21
5084, 84.72500, 56.4275, -70.5291, 50.6517, 143.426, 36.0092, 50.5122, 0.98899, 3.79762, 0.972139, -117.394, 1.02328, 123.2
5084, 84.73333, 56.3671, -70.5438, 50.5991, 143.42, 35.981, 50.4945, 0.988876, 3.78706, 0.972084, -117.397, 1.02317, 123.189
5085, 84.74167, 56.3069, -70.5584, 50.5465, 143.414, 35.9529, 50.4768, 0.988764, 3.77652, 0.972028, -117.4, 1.02306, 123.179
5085, 84.75000, 56.2468, -70.573, 50.4941, 143.407, 35.9248, 50.4592, 0.988651, 3.76603, 0.971973, -117.402, 1.02295, 123.169
5086, 84.75833, 56.1869, -70.5875, 50.4417, 143.401, 35.8967, 50.4417, 0.988539, 3.75558, 0.971918, -117.405, 1.02284, 123.159
5086, 84.76667, 56.127, -70.602, 50.3895, 143.395, 35.8687, 50.4243, 0.988427, 3.74516, 0.971863, -117.408, 1.02273, 123.149
5087, 84.77500, 56.0673, -70.6165, 50.3374, 143.388, 35.8407, 50.4068, 0.988316, 3.73477, 0.971808, -117.411, 1.02262, 123.139
5087, 84.78333, 56.0077, -70.6309, 50.2853, 143.382, 35.8128, 50.3895, 0.988204, 3.72443, 0.971753, -117.414, 1.02251, 123.129
5088, 84.79166, 55.9482, -70.6453, 50.2334, 143.376, 35.7848, 50.3722, 0.988093, 3.71412, 0.971699, -117.417, 1.0224, 123.119
5088, 84.80000, 55.8889, -70.6596, 50.1815, 143.37, 35.7569, 50.3549, 0.987983, 3.70384, 0.971644, -117.42, 1.02229, 123.11
5089, 84.80833, 55.8296, -70.6739, 50.1298, 143.364, 35.7291, 50.3378, 0.987873, 3.69361, 0.97159, -117.422, 1.02218, 123.1
5089, 84.81667, 55.7705, -70.6881, 50.0781, 143.358, 35.7013, 50.3206, 0.987763, 3.68341, 0.971536, -117.425, 1.02208, 123.09
5090, 84.82500, 55.7115, -70.7023, 50.0266, 143.351, 35.6735, 50.3035, 0.987653, 3.67324, 0.971482, -117.428, 1.02197, 123.08
5090, 84.83334, 55.6526, -70.7164, 49.9751, 143.345, 35.6457, 50.2865, 0.987544, 3.66311, 0.971428, -117.431, 1.02186, 123.07
5090, 84.84167, 55.5939, -70.7305, 49.9238, 143.339, 35.618, 50.2696, 0.987435, 3.65302, 0.971375, -117.434, 1.02175, 123.061
5091, 84.85000, 55.5352, -70.7446, 49.8725, 143.333, 35.5903, 50.2526, 0.987326, 3.64296, 0.971322, -117.436, 1.02164, 123.051
5092, 84.85833, 55.4767, -70.7586, 49.8213, 143.327, 35.5626, 50.2358, 0.987217, 3.63293, 0.971268, -117.439, 1.02154, 123.042
5092, 84.86667, 55.4182, -70.7726, 49.7703, 143.321, 35.535, 50.219, 0.987109, 3.62294, 0.971215, -117.442, 1.02143, 123.032
5093, 84.87500, 55.3599, -70.7865, 49.7193, 143.315, 35.5074, 50.2022, 0.987002, 3.61299, 0.971162, -117.445, 1.02132, 123.022
5093, 84.88333, 55.3018, -70.8004, 49.6684, 143.309, 35.4798, 50.1855, 0.986894, 3.60307, 0.97111, -117.447, 1.02122, 123.013
5094, 84.89167, 55.2437, -70.8142, 49.6176, 143.303, 35.4523, 50.1689, 0.986787, 3.59318, 0.971057, -117.45, 1.02111, 123.004
5094, 84.90000, 55.1857, -70.828, 49.5669, 143.297, 35.4248, 50.1523, 0.98668, 3.58333, 0.971005, -117.453, 1.021, 122.994
5095, 84.90833, 55.1279, -70.8418, 49.5163, 143.291, 35.3973, 50.1358, 0.986573, 3.57352, 0.970952, -117.456, 1.0209, 122.985
5095, 84.91666, 55.0701, -70.8555, 49.4658, 143.285, 35.3699, 50.1193, 0.986467, 3.56373, 0.9709, -117.458, 1.02079, 122.975
5096, 84.92500, 55.0125, -70.8692, 49.4154, 143.279, 35.3424, 50.1029, 0.986361, 3.55398, 0.970848, -117.461, 1.02068, 122.966
5096, 84.93333, 54.955, -70.8828, 49.3651, 143.274, 35.3151, 50.0865, 0.986255, 3.54427, 0.970796, -117.464, 1.02058, 122.957
5097, 84.94167, 54.8976, -70.8964, 49.3149, 143.268, 35.2877, 50.0702, 0.98615, 3.53459, 0.970745, -117.466, 1.02047, 122.948
5097, 84.95000, 54.8404, -70.91, 49.2648, 143.262, 35.2604, 50.0539, 0.986045, 3.52494, 0.970693, -117.469, 1.02037, 122.938
5098, 84.95834, 54.7832, -70.9235, 49.2148, 143.256, 35.2331, 50.0377, 0.98594, 3.51532, 0.970642, -117.472, 1.02026, 122.929
5098, 84.96667, 54.7262, -70.937, 49.1648, 143.25, 35.2059, 50.0215, 0.985836, 3.50574, 0.970591, -117.474, 1.02016, 122.92
5098, 84.97500, 54.6692, -70.9504, 49.115, 143.244, 35.1787, 50.0054, 0.985731, 3.49619, 0.97054, -117.477, 1.02005, 122.911
5099, 84.98333, 54.6124, -70.9638, 49.0652, 143.239, 35.1515, 49.9893, 0.985627, 3.48667, 0.970489, -117.48, 1.01995, 122.902
5100, 84.99167, 54.5557, -70.9771, 49.0155, 143.233, 35.1244, 49.9733, 0.985524, 3.47719, 0.970438, -117.482, 1.01985, 122.893
5100, 85.00000, 54.4991, -70.9904, 48.966, 143.227, 35.0972, 49.9574, 0.98542, 3.46774, 0.970388, -117.485, 1.01974, 122.884
5101, 85.00833, 54.4426, -71.0037, 48.9165, 143.221, 35.0701, 49.9414, 0.985317, 3.45832, 0.970337, -117.488, 1.01964, 122.875
5101, 85.01667, 54.3862, -71.0169, 48.8671, 143.216, 35.0431, 49.9256, 0.985215, 3.44893, 0.970287, -117.49, 1.01953, 122.866
5102, 85.02500, 54.3299, -71.0301, 48.8178, 143.21, 35.0161, 49.9098, 0.985112, 3.43957, 0.970237, -117.493, 1.01943, 122.857
5102, 85.03333, 54.2737, -71.0433, 48.7686, 143.204, 34.9891, 49.894, 0.98501, 3.43025, 0.970187, -117.495, 1.01933, 122.848
5103, 85.04166, 54.2177, -71.0564, 48.7195, 143.199, 34.9621, 49.8783, 0.984908, 3.42096, 0.970137, -117.498, 1.01922, 122.84
5103, 85.05000, 54.1617, -71.0695, 48.6704, 143.193, 34.9352, 49.8626, 0.984806, 3.4117, 0.970087, -117.5, 1.01912, 122.831
5104, 85.05833, 54.1059, -71.0825, 48.6215, 143.187, 34.9083, 49.847, 0.984705, 3.40247, 0.970038, -117.503, 1.01902, 122.822
5104, 85.06667, 54.0501, -71.0955, 48.5727, 143.182, 34.8814, 49.8315, 0.984604, 3.39327, 0.969989, -117.506, 1.01892, 122.813
5105, 85.07500, 53.9945, -71.1084, 48.5239, 143.176, 34.8546, 49.8159, 0.984503, 3.38411, 0.969939, -117.508, 1.01881, 122.805
5105, 85.08334, 53.939, -71.1214, 48.4752, 143.17, 34.8278, 49.8005, 0.984403, 3.37497, 0.96989, -117.511, 1.01871, 122.796
5106, 85.09167, 53.8836, -71.1342, 48.4266, 143.165, 34.801, 49.7851, 0.984303, 3.36587, 0.969841, -117.513, 1.01861, 122.787
5106, 85.10000, 53.8283, -71.1471, 48.3781, 143.159, 34.7743, 49.7697, 0.984203, 3.35679, 0.969793, -117.516, 1.01851, 122.779
5106, 85.10833, 53.7731, -71.1599, 48.3297, 143.154, 34.7476, 49.7544, 0.984103, 3.34775, 0.969744, -117.518, 1.01841, 122.77
5107, 85.11667, 53.718, -71.1726, 48.2814, 143.148, 34.7209, 49.7391, 0.984004, 3.33874, 0.969696, -117.521, 1.01831, 122.762
5108, 85.12500, 53.663, -71.1854, 48.2332, 143.143, 34.6942, 49.7239, 0.983905, 3.32976, 0.969647, -117.523, 1.01821, 122.753
5108, 85.13333, 53.6081, -71.1981, 48.185, 143.137, 34.6676, 49.7087, 0.983806, 3.3208, 0.969599, -117.526, 1.0181, 122.745
5109, 85.14167, 53.5533, -71.2107, 48.137, 143.132, 34.641, 49.6936, 0.983707, 3.31188, 0.969551, -117.528, 1.018, 122.736
5109, 85.15000, 53.4986, -71.2233, 48.089, 143.126, 34.6145, 49.6785, 0.983609, 3.30299, 0.969503, -117.531, 1.0179, 122.728
5110, 85.15833, 53.4441, -71.2359, 48.0411, 143.121, 34.588, 49.6635, 0.983511, 3.29413, 0.969456, -117.533, 1.0178, 122.72
5110, 85.16666, 53.3896, -71.2484, 47.9933, 143.115, 34.5615, 49.6485, 0.983413, 3.28529, 0.969408, -117.536, 1.0177, 122.711
5111, 85.17500, 53.3352, -71.2609, 47.9456, 143.11, 34.535, 49.6335, 0.983316, 3.27649, 0.969361, -117.538, 1.0176, 122.703
5111, 85.18333, 53.281, -71.2734, 47.898, 143.105, 34.5086, 49.6186, 0.983219, 3.26772, 0.969313, -117.54, 1.0175, 122.695
5112, 85.19167, 53.2268, -71.2858, 47.8504, 143.099, 34.4822, 49.6038, 0.983122, 3.25897, 0.969266, -117.543, 1.0174, 122.686
5112, 85.20000, 53.1728, -71.2982, 47.803, 143.094, 34.4558, 49.589, 0.983025, 3.25026, 0.969219, -117.545, 1.01731, 122.678
5113, 85.20834, 53.1188, -71.3106, 47.7556, 143.089, 34.4295, 49.5742, 0.982929, 3.24157, 0.969172, -117.548, 1.01721, 122.67
5113, 85.21667, 53.0649, -71.3229, 47.7083, 143.083, 34.4031, 49.5595, 0.982833, 3.23291, 0.969126, -117.55, 1.01711, 122.662
5114, 85.22500, 53.0112, -71.3352, 47.6611, 143.078, 34.3769, 49.5449, 0.982737, 3.22428, 0.969079, -117.552, 1.01701, 122.654
5114, 85.23333, 52.9576, -71.3474, 47.614, 143.073, 34.3506, 49.5303, 0.982642, 3.21568, 0.969033, -117.555, 1.01691, 122.646
5114, 85.24167, 52.904, -71.3596, 47.567, 143.067, 34.3244, 49.5157, 0.982546, 3.20711, 0.968986, -117.557, 1.01681, 122.638
5115, 85.25000, 52.8506, -71.3718, 47.52, 143.062, 34.2982, 49.5012, 0.982451, 3.19857, 0.96894, -117.56, 1.01671, 122.63
5116, 85.25833, 52.7972, -71.3839, 47.4732, 143.057, 34.272, 49.4867, 0.982357, 3.19005, 0.968894, -117.562, 1.01662, 122.622
5116, 85.26667, 52.744, -71.396, 47.4264, 143.051, 34.2459, 49.4722, 0.982262, 3.18157, 0.968848, -117.564, 1.01652, 122.614
5117, 85.27500, 52.6908, -71.4081, 47.3797, 143.046, 34.2198, 49.4578, 0.982168, 3.17311, 0.968803, -117.567, 1.01642, 122.606
5117, 85.28333, 52.6378, -71.4201, 47.3331, 143.041, 34.1938, 49.4435, 0.982074, 3.16468, 0.968757, -117.569, 1.01632, 122.598
5118, 85.29166, 52.5848, -71.4321, 47.2865, 143.036, 34.1677, 49.4292, 0.98198, 3.15627, 0.968712, -117.571, 1.01623, 122.59
5118, 85.30000, 52.532, -71.4441, 47.2401, 143.031, 34.1417, 49.4149, 0.981887, 3.1479, 0.968666, -117.574, 1.01613, 122.582
5119, 85.30833, 52.4792, -71.456, 47.1937, 143.025, 34.1157, 49.4007, 0.981794, 3.13955, 0.968621, -117.576, 1.01603, 122.574
5119, 85.31667, 52.4266, -71.4679, 47.1474, 143.02, 34.0898, 49.3866, 0.981701, 3.13123, 0.968576, -117.578, 1.01594, 122.567
5120, 85.32500, 52.374, -71.4797, 47.1012, 143.015, 34.0639, 49.3724, 0.981608, 3.12294, 0.968531, -117.581, 1.01584, 122.559
5120, 85.33334, 52.3216, -71.4916, 47.0551, 143.01, 34.038, 49.3583, 0.981516, 3.11467, 0.968486, -117.583, 1.01574, 122.551
5121, 85.34167, 52.2692, -71.5033, 47.009, 143.005, 34.0121, 49.3443, 0.981423, 3.10643, 0.968442, -117.585, 1.01565, 122.543
5121, 85.35000, 52.2169, -71.5151, 46.9631, 143, 33.9863, 49.3303, 0.981332, 3.09822, 0.968397, -117.588, 1.01555, 122.536
5122, 85.35833, 52.1648, -71.5268, 46.9172, 142.995, 33.9605, 49.3164, 0.98124, 3.09003, 0.968353, -117.59, 1.01546, 122.528
5122, 85.36667, 52.1127, -71.5385, 46.8714, 142.989, 33.9347, 49.3024, 0.981149, 3.08187, 0.968309, -117.592, 1.01536, 122.52
5122, 85.37500, 52.0607, -71.5502, 46.8256, 142.984, 33.909, 49.2886, 0.981057, 3.07374, 0.968265, -117.594, 1.01527, 122.513
5123, 85.38333, 52.0088, -71.5618, 46.78, 142.979, 33.8833, 49.2747, 0.980967, 3.06564, 0.968221, -117.597, 1.01517, 122.505
5124, 85.39167, 51.9571, -71.5733, 46.7344, 142.974, 33.8576, 49.261, 0.980876, 3.05756, 0.968177, -117.599, 1.01508, 122.498
5124, 85.40000, 51.9054, -71.5849, 46.6889, 142.969, 33.8319, 49.2472, 0.980786, 3.0495, 0.968133, -117.601, 1.01498, 122.49
5125, 85.40833, 51.8538, -71.5964, 46.6435, 142.964, 33.8063, 49.2335, 0.980695, 3.04148, 0.96809, -117.603, 1.01489, 122.483
5125, 85.41666, 51.8023, -71.6079, 46.5982, 142.959, 33.7807, 49.2199, 0.980605, 3.03347, 0.968046, -117.606, 1.01479, 122.475
5126, 85.42500, 51.7509, -71.6193, 46.553, 142.954, 33.7551, 49.2062, 0.980516, 3.0255, 0.968003, -117.608, 1.0147, 122.468
5126, 85.43333, 51.6996, -71.6308, 46.5078, 142.949, 33.7296, 49.1927, 0.980426, 3.01755, 0.96796, -117.61, 1.01461, 122.461
5127, 85.44167, 51.6484, -71.6421, 46.4627, 142.944, 33.7041, 49.1791, 0.980337, 3.00963, 0.967917, -117.612, 1.01451, 122.453
5127, 85.45000, 51.5972, -71.6535, 46.4177, 142.939, 33.6786, 49.1657, 0.980248, 3.00173, 0.967874, -117.615, 1.01442, 122.446
5128, 85.45834, 51.5462, -71.6648, 46.3728, 142.934, 33.6532, 49.1522, 0.98016, 2.99385, 0.967831, -117.617, 1.01433, 122.439
5128, 85.46667, 51.4953, -71.6761, 46.3279, 142.929, 33.6278, 49.1388, 0.980071, 2.98601, 0.967789, -117.619, 1.01423, 122.431
5129, 85.47500, 51.4444, -71.6873, 46.2831, 142.924, 33.6024, 49.1254, 0.979983, 2.97819, 0.967746, -117.621, 1.01414, 122.424
5129, 85.48333, 51.3937, -71.6986, 46.2384, 142.92, 33.577, 49.1121, 0.979895, 2.97039, 0.967704, -117.623, 1.01405, 122.417
5130, 85.49167, 51.343, -71.7097, 46.1938, 142.915, 33.5517, 49.0988, 0.979808, 2.96262, 0.967662, -117.625, 1.01396, 122.41
5130, 85.50000, 51.2925, -71.7209, 46.1492, 142.91, 33.5264, 49.0856, 0.97972, 2.95487, 0.96762, -117.628, 1.01386, 122.402
5130, 85.50833, 51.242, -71.732, 46.1048, 142.905, 33.5011, 49.0724, 0.979633, 2.94715, 0.967578, -117.63, 1.01377, 122.395
5131, 85.51667, 51.1916, -71.7431, 46.0604, 142.9, 33.4758, 49.0592, 0.979546, 2.93945, 0.967536, -117.632, 1.01368, 122.388
5132, 85.52500, 51.1413, -71.7542, 46.016, 142.895, 33.4506, 49.0461, 0.979459, 2.93178, 0.967494, -117.634, 1.01359, 122.381
5132, 85.53333, 51.0911, -71.7652, 45.9718, 142.89, 33.4254, 49.033, 0.979373, 2.92413, 0.967453, -117.636, 1.0135, 122.374
5133, 85.54166, 51.041, -71.7762, 45.9276, 142.886, 33.4003, 49.0199, 0.979287, 2.9165, 0.967411, -117.638, 1.01341, 122.367
5133, 85.55000, 50.991, -71.7871, 45.8835, 142.881, 33.3751, 49.0069, 0.979201, 2.9089, 0.96737, -117.64, 1.01331, 122.36
5134, 85.55833, 50.9411, -71.7981, 45.8395, 142.876, 33.35, 48.994, 0.979115, 2.90133, 0.967329, -117.643, 1.01322, 122.353
5134, 85.56667, 50.8912, -71.809, 45.7956, 142.871, 33.3249, 48.981, 0.979029, 2.89378, 0.967288, -117.645, 1.01313, 122.346
5135, 85.57500, 50.8415, -71.8198, 45.7517, 142.866, 33.2999, 48.9681, 0.978944, 2.88625, 0.967247, -117.647, 1.01304, 122.339
5135, 85.58334, 50.7918, -71.8307, 45.7079, 142.862, 33.2749, 48.9553, 0.978859, 2.87875, 0.967206, -117.649, 1.01295, 122.332
5136, 85.59167, 50.7422, -71.8415, 45.6642, 142.857, 33.2499, 48.9425, 0.978774, 2.87127, 0.967165, -117.651, 1.01286, 122.325
5136, 85.60000, 50.6927, -71.8523, 45.6205, 142.852, 33.2249, 48.9297, 0.97869, 2.86381, 0.967125, -117.653, 1.01277, 122.318
5137, 85.60833, 50.6434, -71.863, 45.577, 142.847, 33.2, 48.917, 0.978605, 2.85638, 0.967084, -117.655, 1.01268, 122.311
5137, 85.61667, 50.594, -71.8737, 45.5335, 142.843, 33.1751, 48.9043, 0.978521, 2.84897, 0.967044, -117.657, 1.01259, 122.304
5138, 85.62500, 50.5448, -71.8844, 45.49, 142.838, 33.1502, 48.8916, 0.978437, 2.84158, 0.967004, -117.659, 1.0125, 122.298
5138, 85.63333, 50.4957, -71.8951, 45.4467, 142.833, 33.1253, 48.879, 0.978354, 2.83422, 0.966964, -117.661, 1.01241, 122.291
5138, 85.64167, 50.4467, -71.9057, 45.4034, 142.829, 33.1005, 48.8664, 0.97827, 2.82688, 0.966924, -117.663, 1.01233, 122.284
5139, 85.65000, 50.3977, -71.9163, 45.3602, 142.824, 33.0757, 48.8539, 0.978187, 2.81956, 0.966884, -117.666, 1.01224, 122.277
5140, 85.65833, 50.3488, -71.9268, 45.3171, 142.819, 33.051, 48.8414, 0.978104, 2.81227, 0.966844, -117.668, 1.01215, 122.271
5140, 85.66666, 50.3, -71.9374, 45.274, 142.814, 33.0262, 48.8289, 0.978021, 2.805, 0.966805, -117.67, 1.01206, 122.264
5141, 85.67500, 50.2513, -71.9479, 45.231, 142.81, 33.0015, 48.8165, 0.977939, 2.79775, 0.966765, -117.672, 1.01197, 122.257
5141, 85.68333, 50.2027, -71.9583, 45.1881, 142.805, 32.9768, 48.8041, 0.977856, 2.79053, 0.966726, -117.674, 1.01188, 122.251
5142, 85.69167, 50.1542, -71.9688, 45.1453, 142.801, 32.9522, 48.7917, 0.977774, 2.78333, 0.966687, -117.676, 1.0118, 122.244
5142, 85.70000, 50.1058, -71.9792, 45.1025, 142.796, 32.9275, 48.7794, 0.977692, 2.77615, 0.966648, -117.678, 1.01171, 122.237
5143, 85.70834, 50.0574, -71.9896, 45.0598, 142.791, 32.9029, 48.7671, 0.977611, 2.76899, 0.966609, -117.68, 1.01162, 122.231
5143, 85.71667, 50.0091, -71.9999, 45.0172, 142.787, 32.8783, 48.7549, 0.977529, 2.76185, 0.96657, -117.682, 1.01153, 122.224
5144, 85.72500, 49.961, -72.0103, 44.9746, 142.782, 32.8538, 48.7427, 0.977448, 2.75474, 0.966531, -117.684, 1.01145, 122.218
5144, 85.73333, 49.9129, -72.0205, 44.9321, 142.778, 32.8293, 48.7305, 0.977367, 2.74765, 0.966493, -117.686, 1.01136, 122.211
5145, 85.74167, 49.8649, -72.0308, 44.8897, 142.773, 32.8048, 48.7184, 0.977287, 2.74058, 0.966454, -117.688, 1.01127, 122.205
5145, 85.75000, 49.8169, -72.041, 44.8474, 142.769, 32.7803, 48.7063, 0.977206, 2.73354, 0.966416, -117.69, 1.01119, 122.198
5146, 85.75833, 49.7691, -72.0513, 44.8051, 142.764, 32.7559, 48.6942, 0.977126, 2.72651, 0.966378, -117.692, 1.0111, 122.192
5146, 85.76667, 49.7213, -72.0614, 44.7629, 142.759, 32.7315, 48.6822, 0.977046, 2.71951, 0.966339, -117.694, 1.01101, 122.186
5146, 85.77500, 49.6736, -72.0716, 44.7207, 142.755, 32.7071, 48.6702, 0.976966, 2.71253, 0.966301, -117.696, 1.01093, 122.179
5147, 85.78333, 49.626, -72.0817, 44.6787, 142.75, 32.6827, 48.6582, 0.976886, 2.70557, 0.966264, -117.698, 1.01084, 122.173
5148, 85.79166, 49.5785, -72.0918, 44.6367, 142.746, 32.6584, 48.6463, 0.976807, 2.69863, 0.966226, -117.7, 1.01076, 122.166
5148, 85.80000, 49.5311, -72.1019, 44.5948, 142.741, 32.6341, 48.6344, 0.976727, 2.69171, 0.966188, -117.702, 1.01067, 122.16
5149, 85.80833, 49.4838, -72.1119, 44.5529, 142.737, 32.6098, 48.6226, 0.976648, 2.68482, 0.966151, -117.703, 1.01059, 122.154
5149, 85.81667, 49.4365, -72.1219, 44.5111, 142.732, 32.5856, 48.6107, 0.97657, 2.67795, 0.966113, -117.705, 1.0105, 122.148
5150, 85.82500, 49.3893, -72.1319, 44.4694, 142.728, 32.5613, 48.599, 0.976491, 2.67109, 0.966076, -117.707, 1.01042, 122.141
5150, 85.83334, 49.3422, -72.1418, 44.4277, 142.724, 32.5371, 48.5872, 0.976413, 2.66426, 0.966039, -117.709, 1.01033, 122.135
5151, 85.84167, 49.2952, -72.1517, 44.3862, 142.719, 32.513, 48.5755, 0.976335, 2.65745, 0.966002, -117.711, 1.01025, 122.129
5151, 85.85000, 49.2482, -72.1616, 44.3447, 142.715, 32.4888, 48.5638, 0.976257, 2.65066, 0.965965, -117.713, 1.01016, 122.123
5152, 85.85833, 49.2014, -72.1715, 44.3032, 142.71, 32.4647, 48.5522, 0.976179, 2.64389, 0.965928, -117.715, 1.01008, 122.117
5152, 85.86667, 49.1546, -72.1814, 44.2618, 142.706, 32.4406, 48.5406, 0.976101, 2.63714, 0.965891, -117.717, 1.00999, 122.11
5153, 85.87500, 49.1079, -72.1912, 44.2205, 142.701, 32.4166, 48.529, 0.976024, 2.63042, 0.965855, -117.719, 1.00991, 122.104
5153, 85.88333, 49.0613, -72.2009, 44.1793, 142.697, 32.3925, 48.5175, 0.975947, 2.62371, 0.965818, -117.721, 1.00983, 122.098
5154, 85.89167, 49.0148, -72.2107, 44.1381, 142.693, 32.3685, 48.506, 0.97587, 2.61702, 0.965782, -117.723, 1.00974, 122.092
5154, 85.90000, 48.9683, -72.2204, 44.097, 142.688, 32.3445, 48.4945, 0.975794, 2.61036, 0.965746, -117.725, 1.00966, 122.086
5154, 85.90833, 48.9219, -72.2301, 44.056, 142.684, 32.3206, 48.4831, 0.975717, 2.60371, 0.965709, -117.726, 1.00958, 122.08
5155, 85.91666, 48.8756, -72.2398, 44.015, 142.68, 32.2966, 48.4717, 0.975641, 2.59709, 0.965673, -117.728, 1.00949, 122.074
5156, 85.92500, 48.8294, -72.2494, 43.9741, 142.675, 32.2727, 48.4603, 0.975565, 2.59048, 0.965637, -117.73, 1.00941, 122.068
5156, 85.93333, 48.7833, -72.2591, 43.9332, 142.671, 32.2489, 48.449, 0.975489, 2.5839, 0.965602, -117.732, 1.00933, 122.062
5157, 85.94167, 48.7372, -72.2687, 43.8924, 142.667, 32.225, 48.4377, 0.975413, 2.57733, 0.965566, -117.734, 1.00925, 122.056
5157, 85.95000, 48.6912, -72.2782, 43.8517, 142.662, 32.2012, 48.4264, 0.975338, 2.57079, 0.96553, -117.736, 1.00916, 122.05
5158, 85.95834, 48.6453, -72.2878, 43.8111, 142.658, 32.1774, 48.4152, 0.975263, 2.56426, 0.965495, -117.738, 1.00908, 122.044
5158, 85.96667, 48.5995, -72.2973, 43.7705, 142.654, 32.1536, 48.404, 0.975188, 2.55775, 0.96546, -117.739, 1.009, 122.038
5159, 85.97500, 48.5538, -72.3068, 43.73, 142.649, 32.1298, 48.3928, 0.975113, 2.55127, 0.965424, -117.741, 1.00892, 122.032
5159, 85.98333, 48.5081, -72.3162, 43.6896, 142.645, 32.1061, 48.3817, 0.975038, 2.5448, 0.965389, -117.743, 1.00884, 122.027
5160, 85.99167, 48.4625, -72.3256, 43.6492, 142.641, 32.0824, 48.3706, 0.974964, 2.53836, 0.965354, -117.745, 1.00876, 122.021
5160, 86.00000, 48.417, -72.3351, 43.6089, 142.637, 32.0588, 48.3595, 0.97489, 2.53193, 0.965319, -117.747, 1.00868, 122.015
5161, 86.00833, 48.3716, -72.3444, 43.5686, 142.632, 32.0351, 48.3485, 0.974815, 2.52552, 0.965284, -117.749, 1.00859, 122.009
5161, 86.01667, 48.3262, -72.3538, 43.5284, 142.628, 32.0115, 48.3375, 0.974742, 2.51913, 0.96525, -117.75, 1.00851, 122.003
5162, 86.02500, 48.2809, -72.3631, 43.4883, 142.624, 31.9879, 48.3265, 0.974668, 2.51276, 0.965215, -117.752, 1.00843, 121.998
5162, 86.03333, 48.2357, -72.3724, 43.4482, 142.62, 31.9643, 48.3156, 0.974595, 2.50641, 0.965181, -117.754, 1.00835, 121.992
5162, 86.04166, 48.1906, -72.3817, 43.4082, 142.615, 31.9408, 48.3047, 0.974521, 2.50008, 0.965146, -117.756, 1.00827, 121.986
5163, 86.05000, 48.1455, -72.3909, 43.3683, 142.611, 31.9173, 48.2938, 0.974448, 2.49377, 0.965112, -117.758, 1.00819, 121.98
5164, 86.05833, 48.1005, -72.4002, 43.3284, 142.607, 31.8938, 48.2829, 0.974376, 2.48748, 0.965078, -117.759, 1.00811, 121.975
5164, 86.06667, 48.0556, -72.4094, 43.2886, 142.603, 31.8703, 48.2721, 0.974303, 2.4812, 0.965044, -117.761, 1.00803, 121.969
5165, 86.07500, 48.0108, -72.4185, 43.2489, 142.598, 31.8469, 48.2613, 0.97423, 2.47495, 0.96501, -117.763, 1.00795, 121.963
5165, 86.08334, 47.966, -72.4277, 43.2092, 142.594, 31.8235, 48.2506, 0.974158, 2.46871, 0.964976, -117.765, 1.00787, 121.958
5166, 86.09167, 47.9214, -72.4368, 43.1696, 142.59, 31.8001, 48.2399, 0.974086, 2.46249, 0.964942, -117.766, 1.00779, 121.952
5166, 86.10000, 47.8768, -72.4459, 43.1301, 142.586, 31.7767, 48.2292, 0.974014, 2.45629, 0.964909, -117.768, 1.00772, 121.947
5167, 86.10833, 47.8322, -72.455, 43.0906, 142.582, 31.7534, 48.2185, 0.973943, 2.45011, 0.964875, -117.77, 1.00764, 121.941
5167, 86.11667, 47.7878, -72.464, 43.0512, 142.578, 31.73, 48.2079, 0.973871, 2.44395, 0.964842, -117.772, 1.00756, 121.936
5168, 86.12500, 47.7434, -72.473, 43.0118, 142.574, 31.7068, 48.1973, 0.9738, 2.4378, 0.964808, -117.773, 1.00748, 121.93
5168, 86.13333, 47.6991, -72.482, 42.9725, 142.569, 31.6835, 48.1868, 0.973729, 2.43167, 0.964775, -117.775, 1.0074, 121.925
5169, 86.14167, 47.6549, -72.491, 42.9333, 142.565, 31.6602, 48.1762, 0.973658, 2.42557, 0.964742, -117.777, 1.00732, 121.919
5169, 86.15000, 47.6107, -72.4999, 42.8941, 142.561, 31.637, 48.1657, 0.973587, 2.41948, 0.964709, -117.779, 1.00725, 121.914
5170, 86.15833, 47.5666, -72.5088, 42.855, 142.557, 31.6138, 48.1553, 0.973517, 2.4134, 0.964676, -117.78, 1.00717, 121.908
5170, 86.16666, 47.5226, -72.5177, 42.8159, 142.553, 31.5907, 48.1448, 0.973446, 2.40735, 0.964643, -117.782, 1.00709, 121.903
5170, 86.17500, 47.4787, -72.5266, 42.7769, 142.549, 31.5675, 48.1344, 0.973376, 2.40131, 0.964611, -117.784, 1.00701, 121.897
5171, 86.18333, 47.4348, -72.5355, 42.738, 142.545, 31.5444, 48.1241, 0.973306, 2.3953, 0.964578, -117.786, 1.00694, 121.892
5172, 86.19167, 47.391, -72.5443, 42.6991, 142.541, 31.5213, 48.1137, 0.973237, 2.38929, 0.964546, -117.787, 1.00686, 121.887
5172, 86.20000, 47.3473, -72.5531, 42.6603, 142.537, 31.4983, 48.1034, 0.973167, 2.38331, 0.964513, -117.789, 1.00678, 121.881
5173, 86.20834, 47.3036, -72.5618, 42.6216, 142.533, 31.4752, 48.0931, 0.973098, 2.37735, 0.964481, -117.791, 1.0067, 121.876
5173, 86.21667, 47.26, -72.5706, 42.5829, 142.528, 31.4522, 48.0829, 0.973028, 2.3714, 0.964449, -117.792, 1.00663, 121.87
5174, 86.22500, 47.2165, -72.5793, 42.5443, 142.524, 31.4292, 48.0726, 0.972959, 2.36547, 0.964417, -117.794, 1.00655, 121.865
5174, 86.23333, 47.1731, -72.588, 42.5057, 142.52, 31.4063, 48.0624, 0.972891, 2.35956, 0.964385, -117.796, 1.00648, 121.86
5175, 86.24167, 47.1297, -72.5967, 42.4672, 142.516, 31.3833, 48.0523, 0.972822, 2.35366, 0.964353, -117.797, 1.0064, 121.855
5175, 86.25000, 47.0864, -72.6053, 42.4287, 142.512, 31.3604, 48.0421, 0.972754, 2.34778, 0.964321, -117.799, 1.00632, 121.849
5176, 86.25833, 47.0432, -72.614, 42.3904, 142.508, 31.3375, 48.032, 0.972685, 2.34192, 0.964289, -117.801, 1.00625, 121.844
5176, 86.26667, 47.0001, -72.6226, 42.352, 142.504, 31.3146, 48.022, 0.972617, 2.33608, 0.964258, -117.802, 1.00617, 121.839
5177, 86.27500, 46.957, -72.6311, 42.3138, 142.5, 31.2918, 48.0119, 0.972549, 2.33025, 0.964226, -117.804, 1.0061, 121.834
5177, 86.28333, 46.914, -72.6397, 42.2756, 142.496, 31.269, 48.0019, 0.972482, 2.32444, 0.964195, -117.806, 1.00602, 121.829
5178, 86.29166, 46.871, -72.6482, 42.2374, 142.492, 31.2462, 47.9919, 0.972414, 2.31865, 0.964164, -117.807, 1.00595, 121.823
5178, 86.30000, 46.8282, -72.6567, 42.1993, 142.488, 31.2234, 47.9819, 0.972347, 2.31287, 0.964132, -117.809, 1.00587, 121.818
5178, 86.30833, 46.7854, -72.6652, 42.1613, 142.484, 31.2006, 47.972, 0.972279, 2.30711, 0.964101, -117.811, 1.0058, 121.813
5179, 86.31667, 46.7426, -72.6737, 42.1233, 142.48, 31.1779, 47.9621, 0.972212, 2.30137, 0.96407, -117.812, 1.00572, 121.808
5180, 86.32500, 46.7, -72.6821, 42.0854, 142.476, 31.1552, 47.9522, 0.972146, 2.29564, 0.96404, -117.814, 1.00565, 121.803
5180, 86.33334, 46.6574, -72.6905, 42.0476, 142.472, 31.1325, 47.9424, 0.972079, 2.28993, 0.964009, -117.816, 1.00557, 121.798
5181, 86.34167, 46.6149, -72.6989, 42.0098, 142.468, 31.1099, 47.9326, 0.972012, 2.28424, 0.963978, -117.817, 1.0055, 121.793
5181, 86.35000, 46.5724, -72.7073, 41.972, 142.465, 31.0873, 47.9228, 0.971946, 2.27856, 0.963947, -117.819, 1.00542, 121.788
5182, 86.35833, 46.53, -72.7156, 41.9343, 142.461, 31.0647, 47.913, 0.97188, 2.2729, 0.963917, -117.821, 1.00535, 121.783
5182, 86.36667, 46.4877, -72.724, 41.8967, 142.457, 31.0421, 47.9033, 0.971814, 2.26726, 0.963887, -117.822, 1.00528, 121.778
5183, 86.37500, 46.4454, -72.7323, 41.8592, 142.453, 31.0195, 47.8936, 0.971748, 2.26163, 0.963856, -117.824, 1.0052, 121.773
5183, 86.38333, 46.4033, -72.7405, 41.8217, 142.449, 30.997, 47.8839, 0.971683, 2.25602, 0.963826, -117.825, 1.00513, 121.768
5184, 86.39167, 46.3611, -72.7488, 41.7842, 142.445, 30.9745, 47.8743, 0.971617, 2.25043, 0.963796, -117.827, 1.00506, 121.763
5184, 86.40000, 46.3191, -72.757, 41.7468, 142.441, 30.952, 47.8646, 0.971552, 2.24485, 0.963766, -117.829, 1.00498, 121.758
5185, 86.40833, 46.2771, -72.7652, 41.7095, 142.437, 30.9295, 47.8551, 0.971487, 2.23929, 0.963736, -117.83, 1.00491, 121.753
5185, 86.41666, 46.2352, -72.7734, 41.6722, 142.433, 30.9071, 47.8455, 0.971422, 2.23374, 0.963706, -117.832, 1.00484, 121.748
5186, 86.42500, 46.1934, -72.7816, 41.635, 142.429, 30.8847, 47.836, 0.971357, 2.22821, 0.963677, -117.833, 1.00477, 121.743
5186, 86.43333, 46.1516, -72.7897, 41.5978, 142.425, 30.8623, 47.8264, 0.971293, 2.22269, 0.963647, -117.835, 1.00469, 121.738
5186, 86.44167, 46.1099, -72.7978, 41.5607, 142.422, 30.8399, 47.817, 0.971228, 2.2172, 0.963617, -117.837, 1.00462, 121.733
5187, 86.45000, 46.0682, -72.8059, 41.5237, 142.418, 30.8176, 47.8075, 0.971164, 2.21171, 0.963588, -117.838, 1.00455, 121.728
5188, 86.45834, 46.0267, -72.814, 41.4867, 142.414, 30.7952, 47.7981, 0.9711, 2.20624, 0.963559, -117.84, 1.00448, 121.724
5188, 86.46667, 45.9852, -72.822, 41.4497, 142.41, 30.773, 47.7887, 0.971036, 2.20079, 0.963529, -117.841, 1.00441, 121.719
5189, 86.47500, 45.9437, -72.8301, 41.4128, 142.406, 30.7507, 47.7793, 0.970973, 2.19536, 0.9635, -117.843, 1.00434, 121.714
5189, 86.48333, 45.9023, -72.8381, 41.376, 142.402, 30.7284, 47.77, 0.970909, 2.18994, 0.963471, -117.844, 1.00426, 121.709
5190, 86.49167, 45.861, -72.8461, 41.3392, 142.399, 30.7062, 47.7607, 0.970846, 2.18453, 0.963442, -117.846, 1.00419, 121.704
5190, 86.50000, 45.8198, -72.854, 41.3025, 142.395, 30.684, 47.7514, 0.970783, 2.17914, 0.963413, -117.848, 1.00412, 121.7
5191, 86.50833, 45.7786, -72.862, 41.2659, 142.391, 30.6618, 47.7421, 0.97072, 2.17377, 0.963385, -117.849, 1.00405, 121.695
5191, 86.51667, 45.7375, -72.8699, 41.2293, 142.387, 30.6397, 47.7329, 0.970657, 2.16841, 0.963356, -117.851, 1.00398, 121.69
5191, 86.52500, 45.6964, -72.8778, 41.1927, 142.383, 30.6175, 47.7237, 0.970594, 2.16306, 0.963327, -117.852, 1.00391, 121.685
5192, 86.53333, 45.6554, -72.8856, 41.1562, 142.379, 30.5954, 47.7145, 0.970531, 2.15773, 0.963299, -117.854, 1.00384, 121.681
5193, 86.54166, 45.6145, -72.8935, 41.1198, 142.376, 30.5733, 47.7053, 0.970469, 2.15242, 0.96327, -117.855, 1.00377, 121.676
5193, 86.55000, 45.5737, -72.9013, 41.0834, 142.372, 30.5512, 47.6962, 0.970407, 2.14712, 0.963242, -117.857, 1.0037, 121.671
5194, 86.55833, 45.5329, -72.9091, 41.0471, 142.368, 30.5292, 47.6871, 0.970345, 2.14184, 0.963214, -117.858, 1.00363, 121.667
5194, 86.56667, 45.4921, -72.9169, 41.0108, 142.364, 30.5072, 47.678, 0.970283, 2.13657, 0.963186, -117.86, 1.00356, 121.662
5194, 86.57500, 45.4515, -72.9247, 40.9746, 142.361, 30.4852, 47.669, 0.970221, 2.13131, 0.963157, -117.861, 1.00349, 121.657
5195, 86.58334, 45.4109, -72.9324, 40.9384, 142.357, 30.4632, 47.6599, 0.97016, 2.12607, 0.96313, -117.863, 1.00342, 121.653
5196, 86.59167, 45.3703, -72.9401, 40.9023, 142.353, 30.4413, 47.6509, 0.970098, 2.12085, 0.963102, -117.864, 1.00335, 121.648
5196, 86.60000, 45.3299, -72.9479, 40.8662, 142.349, 30.4193, 47.642, 0.970037, 2.11564, 0.963074, -117.866, 1.00328, 121.644
5197, 86.60833, 45.2895, -72.9555, 40.8302, 142.345, 30.3974, 47.633, 0.969976, 2.11044, 0.963046, -117.867, 1.00321, 121.639
5197, 86.61667, 45.2491, -72.9632, 40.7943, 142.342, 30.3755, 47.6241, 0.969915, 2.10526, 0.963019, -117.869, 1.00314, 121.635
5198, 86.62500, 45.2088, -72.9708, 40.7584, 142.338, 30.3537, 47.6152, 0.969855, 2.1001, 0.962991, -117.87, 1.00308, 121.63
5198, 86.63333, 45.1686, -72.9784, 40.7225, 142.334, 30.3318, 47.6063, 0.969794, 2.09495, 0.962964, -117.872, 1.00301, 121.626
5199, 86.64167, 45.1284, -72.986, 40.6867, 142.331, 30.31, 47.5975, 0.969734, 2.08981, 0.962936, -117.873, 1.00294, 121.621
5199, 86.65000, 45.0883, -72.9936, 40.651, 142.327, 30.2882, 47.5887, 0.969673, 2.08469, 0.962909, -117.875, 1.00287, 121.617
5199, 86.65833, 45.0483, -73.0012, 40.6153, 142.323, 30.2664, 47.5799, 0.969613, 2.07958, 0.962882, -117.876, 1.0028, 121.612
5200, 86.66666, 45.0083, -73.0087, 40.5797, 142.319, 30.2447, 47.5711, 0.969553, 2.07448, 0.962855, -117.878, 1.00273, 121.608
5201, 86.67500, 44.9684, -73.0162, 40.5441, 142.316, 30.223, 47.5624, 0.969494, 2.0694, 0.962828, -117.879, 1.00267, 121.603
5201, 86.68333, 44.9286, -73.0237, 40.5086, 142.312, 30.2013, 47.5536, 0.969434, 2.06434, 0.962801, -117.881, 1.0026, 121.599
5202, 86.69167, 44.8888, -73.0312, 40.4731, 142.308, 30.1796, 47.5449, 0.969374, 2.05929, 0.962774, -117.882, 1.00253, 121.594
5202, 86.70000, 44.8491, -73.0386, 40.4377, 142.305, 30.1579, 47.5363, 0.969315, 2.05425, 0.962747, -117.884, 1.00246, 121.59
5203, 86.70834, 44.8094, -73.0461, 40.4023, 142.301, 30.1363, 47.5276, 0.969256, 2.04923, 0.962721, -117.885, 1.0024, 121.586
5203, 86.71667, 44.7698, -73.0535, 40.367, 142.297, 30.1147, 47.519, 0.969197, 2.04422, 0.962694, -117.887, 1.00233, 121.581
5204, 86.72500, 44.7303, -73.0609, 40.3317, 142.294, 30.0931, 47.5104, 0.969138, 2.03922, 0.962668, -117.888, 1.00226, 121.577
5204, 86.73333, 44.6908, -73.0682, 40.2965, 142.29, 30.0715, 47.5019, 0.96908, 2.03424, 0.962641, -117.889, 1.0022, 121.572
5205, 86.74167, 44.6514, -73.0756, 40.2613, 142.286, 30.0499, 47.4933, 0.969021, 2.02927, 0.962615, -117.891, 1.00213, 121.568
5205, 86.75000, 44.612, -73.0829, 40.2262, 142.283, 30.0284, 47.4848, 0.968963, 2.02432, 0.962589, -117.892, 1.00206, 121.564
5206, 86.75833, 44.5727, -73.0902, 40.1912, 142.279, 30.0069, 47.4763, 0.968904, 2.01938, 0.962563, -117.894, 1.002, 121.559
5206, 86.76667, 44.5335, -73.0975, 40.1562, 142.275, 29.9854, 47.4678, 0.968846, 2.01445, 0.962536, -117.895, 1.00193, 121.555
5207, 86.77500, 44.4943, -73.1048, 40.1212, 142.272, 29.964, 47.4594, 0.968789, 2.00954, 0.96251, -117.897, 1.00186, 121.551
5207, 86.78333, 44.4552, -73.112, 40.0863, 142.268, 29.9425, 47.451, 0.968731, 2.00464, 0.962485, -117.898, 1.0018, 121.547
5207, 86.79166, 44.4161, -73.1193, 40.0514, 142.264, 29.9211, 47.4426, 0.968673, 1.99975, 0.962459, -117.899, 1.00173, 121.542
5208, 86.80000, 44.3772, -73.1265, 40.0166, 142.261, 29.8997, 47.4342, 0.968616, 1.99488, 0.962433, -117.901, 1.00167, 121.538
5209, 86.80833, 44.3382, -73.1337, 39.9819, 142.257, 29.8783, 47.4258, 0.968558, 1.99002, 0.962407, -117.902, 1.0016, 121.534
5209, 86.81667, 44.2993, -73.1408, 39.9472, 142.253, 29.857, 47.4175, 0.968501, 1.98517, 0.962382, -117.904, 1.00154, 121.53
5210, 86.82500, 44.2605, -73.148, 39.9125, 142.25, 29.8356, 47.4092, 0.968444, 1.98034, 0.962356, -117.905, 1.00147, 121.526
5210, 86.83334, 44.2218, -73.1551, 39.8779, 142.246, 29.8143, 47.4009, 0.968387, 1.97552, 0.962331, -117.907, 1.00141, 121.521
5211, 86.84167, 44.1831, -73.1622, 39.8434, 142.243, 29.793, 47.3927, 0.968331, 1.97072, 0.962306, -117.908, 1.00134, 121.517
5211, 86.85000, 44.1444, -73.1693, 39.8089, 142.239, 29.7718, 47.3845, 0.968274, 1.96592, 0.962281, -117.909, 1.00128, 121.513
5212, 86.85833, 44.1058, -73.1764, 39.7744, 142.235, 29.7505, 47.3763, 0.968218, 1.96114, 0.962255, -117.911, 1.00121, 121.509
5212, 86.86667, 44.0673, -73.1834, 39.74, 142.232, 29.7293, 47.3681, 0.968162, 1.95638, 0.96223, -117.912, 1.00115, 121.505
5213, 86.87500, 44.0288, -73.1905, 39.7056, 142.228, 29.7081, 47.3599, 0.968105, 1.95162, 0.962205, -117.913, 1.00108, 121.501
5213, 86.88333, 43.9904, -73.1975, 39.6713, 142.225, 29.6869, 47.3518, 0.968049, 1.94688, 0.96218, -117.915, 1.00102, 121.496
5214, 86.89167, 43.9521, -73.2045, 39.6371, 142.221, 29.6657, 47.3437, 0.967994, 1.94215, 0.962156, -117.916, 1.00096, 121.492
5214, 86.90000, 43.9138, -73.2114, 39.6029, 142.218, 29.6446, 47.3356, 0.967938, 1.93744, 0.962131, -117.918, 1.00089, 121.488
5215, 86.90833, 43.8756, -73.2184, 39.5687, 142.214, 29.6235, 47.3275, 0.967882, 1.93274, 0.962106, -117.919, 1.00083, 121.484
5215, 86.91666, 43.8374, -73.2253, 39.5346, 142.21, 29.6024, 47.3195, 0.967827, 1.92805, 0.962082, -117.92, 1.00077, 121.48
5215, 86.92500, 43.7993, -73.2322, 39.5005, 142.207, 29.5813, 47.3115, 0.967772, 1.92337, 0.962057, -117.922, 1.0007, 121.476
5216, 86.93333, 43.7612, -73.2391, 39.4665, 142.203, 29.5602, 47.3035, 0.967717, 1.91871, 0.962033, -117.923, 1.00064, 121.472
5217, 86.94167, 43.7232, -73.246, 39.4326, 142.2, 29.5392, 47.2955, 0.967662, 1.91406, 0.962008, -117.924, 1.00058, 121.468
5217, 86.95000, 43.6853, -73.2529, 39.3987, 142.196, 29.5182, 47.2875, 0.967607, 1.90942, 0.961984, -117.926, 1.00051, 121.464
5218, 86.95834, 43.6474, -73.2597, 39.3648, 142.193, 29.4972, 47.2796, 0.967552, 1.90479, 0.96196, -117.927, 1.00045, 121.46
5218, 86.96667, 43.6095, -73.2665, 39.331, 142.189, 29.4762, 47.2717, 0.967498, 1.90018, 0.961936, -117.929, 1.00039, 121.456
5219, 86.97500, 43.5718, -73.2733, 39.2972, 142.186, 29.4553, 47.2638, 0.967444, 1.89558, 0.961912, -117.93, 1.00033, 121.452
5219, 86.98333, 43.534, -73.2801, 39.2635, 142.182, 29.4343, 47.256, 0.967389, 1.89099, 0.961888, -117.931, 1.00026, 121.448
5220, 86.99167, 43.4964, -73.2869, 39.2298, 142.179, 29.4134, 47.2481, 0.967335, 1.88641, 0.961864, -117.933, 1.0002, 121.444
5220, 87.00000, 43.4588, -73.2936, 39.1962, 142.175, 29.3925, 47.2403, 0.967281, 1.88185, 0.96184, -117.934, 1.00014, 121.44
5221, 87.00833, 43.4212, -73.3004, 39.1626, 142.172, 29.3717, 47.2325, 0.967227, 1.8773, 0.961817, -117.935, 1.00008, 121.436
5221, 87.01667, 43.3837, -73.3071, 39.1291, 142.168, 29.3508, 47.2248, 0.967174, 1.87276, 0.961793, -117.937, 1.00002, 121.432
5222, 87.02500, 43.3463, -73.3138, 39.0956, 142.165, 29.33, 47.217, 0.96712, 1.86823, 0.961769, -117.938, 0.999953, 121.429
5222, 87.03333, 43.3089, -73.3204, 39.0622, 142.161, 29.3092, 47.2093, 0.967067, 1.86371, 0.961746, -117.939, 0.999892, 121.425
5223, 87.04166, 43.2716, -73.3271, 39.0288, 142.158, 29.2884, 47.2016, 0.967014, 1.85921, 0.961723, -117.941, 0.999831, 121.421
5223, 87.05000, 43.2343, -73.3337, 38.9954, 142.154, 29.2677, 47.1939, 0.966961, 1.85472, 0.961699, -117.942, 0.999769, 121.417
5223, 87.05833, 43.1971, -73.3404, 38.9622, 142.151, 29.2469, 47.1863, 0.966908, 1.85024, 0.961676, -117.943, 0.999708, 121.413
5224, 87.06667, 43.1599, -73.347, 38.9289, 142.147, 29.2262, 47.1786, 0.966855, 1.84577, 0.961653, -117.945, 0.999647, 121.409
5225, 87.07500, 43.1228, -73.3535, 38.8957, 142.144, 29.2055, 47.171, 0.966802, 1.84132, 0.96163, -117.946, 0.999586, 121.405
5225, 87.08334, 43.0857, -73.3601, 38.8626, 142.14, 29.1848, 47.1634, 0.96675, 1.83687, 0.961607, -117.947, 0.999526, 121.402
5226, 87.09167, 43.0487, -73.3666, 38.8295, 142.137, 29.1641, 47.1559, 0.966697, 1.83244, 0.961584, -117.948, 0.999465, 121.398
5226, 87.10000, 43.0118, -73.3732, 38.7964, 142.133, 29.1435, 47.1483, 0.966645, 1.82802, 0.961561, -117.95, 0.999405, 121.394
5227, 87.10833, 42.9749, -73.3797, 38.7634, 142.13, 29.1229, 47.1408, 0.966593, 1.82362, 0.961538, -117.951, 0.999345, 121.39
5227, 87.11667, 42.9381, -73.3862, 38.7304, 142.126, 29.1023, 47.1333, 0.966541, 1.81922, 0.961515, -117.952, 0.999284, 121.386
5228, 87.12500, 42.9013, -73.3926, 38.6975, 142.123, 29.0817, 47.1258, 0.966489, 1.81484, 0.961493, -117.954, 0.999224, 121.383
5228, 87.13333, 42.8646, -73.3991, 38.6646, 142.119, 29.0611, 47.1183, 0.966437, 1.81046, 0.96147, -117.955, 0.999165, 121.379
5229, 87.14167, 42.8279, -73.4055, 38.6318, 142.116, 29.0406, 47.1109, 0.966386, 1.8061, 0.961448, -117.956, 0.999105, 121.375
5229, 87.15000, 42.7913, -73.412, 38.599, 142.112, 29.0201, 47.1035, 0.966334, 1.80175, 0.961425, -117.957, 0.999045, 121.371
5230, 87.15833, 42.7547, -73.4184, 38.5663, 142.109, 28.9996, 47.0961, 0.966283, 1.79741, 0.961403, -117.959, 0.998986, 121.368
5230, 87.16666, 42.7182, -73.4247, 38.5336, 142.105, 28.9791, 47.0887, 0.966232, 1.79309, 0.961381, -117.96, 0.998926, 121.364
5231, 87.17500, 42.6817, -73.4311, 38.5009, 142.102, 28.9586, 47.0814, 0.966181, 1.78877, 0.961359, -117.961, 0.998867, 121.36
5231, 87.18333, 42.6453, -73.4375, 38.4683, 142.099, 28.9382, 47.074, 0.96613, 1.78447, 0.961336, -117.963, 0.998808, 121.357
5231, 87.19167, 42.609, -73.4438, 38.4358, 142.095, 28.9178, 47.0667, 0.966079, 1.78018, 0.961314, -117.964, 0.998749, 121.353
5232, 87.20000, 42.5727, -73.4501, 38.4033, 142.092, 28.8974, 47.0594, 0.966028, 1.7759, 0.961292, -117.965, 0.998691, 121.349
5233, 87.20834, 42.5364, -73.4564, 38.3708, 142.088, 28.877, 47.0522, 0.965978, 1.77163, 0.961271, -117.966, 0.998632, 121.346
5233, 87.21667, 42.5002, -73.4627, 38.3384, 142.085, 28.8566, 47.0449, 0.965927, 1.76737, 0.961249, -117.968, 0.998573, 121.342
5234, 87.22500, 42.4641, -73.4689, 38.306, 142.081, 28.8363, 47.0377, 0.965877, 1.76312, 0.961227, -117.969, 0.998515, 121.338
5234, 87.23333, 42.428, -73.4752, 38.2737, 142.078, 28.816, 47.0305, 0.965827, 1.75888, 0.961205, -117.97, 0.998457, 121.335
5235, 87.24167, 42.392, -73.4814, 38.2414, 142.075, 28.7957, 47.0233, 0.965777, 1.75466, 0.961184, -117.971, 0.998399, 121.331
5235, 87.25000, 42.356, -73.4876, 38.2092, 142.071, 28.7754, 47.0161, 0.965727, 1.75044, 0.961162, -117.973, 0.998341, 121.328
5236, 87.25833, 42.3201, -73.4938, 38.177, 142.068, 28.7551, 47.009, 0.965677, 1.74624, 0.961141, -117.974, 0.998283, 121.324
5236, 87.26667, 42.2842, -73.5, 38.1448, 142.064, 28.7349, 47.0019, 0.965628, 1.74205, 0.961119, -117.975, 0.998225, 121.32
5237, 87.27500, 42.2483, -73.5061, 38.1127, 142.061, 28.7147, 46.9948, 0.965578, 1.73787, 0.961098, -117.976, 0.998167, 121.317
5237, 87.28333, 42.2126, -73.5123, 38.0806, 142.058, 28.6945, 46.9877, 0.965529, 1.7337, 0.961077, -117.978, 0.99811, 121.313
5238, 87.29166, 42.1768, -73.5184, 38.0486, 142.054, 28.6743, 46.9806, 0.965479, 1.72954, 0.961056, -117.979, 0.998053, 121.31
5238, 87.30000, 42.1412, -73.5245, 38.0166, 142.051, 28.6541, 46.9736, 0.96543, 1.72539, 0.961034, -117.98, 0.997995, 121.306
5239, 87.30833, 42.1055, -73.5306, 37.9847, 142.048, 28.634, 46.9666, 0.965381, 1.72125, 0.961013, -117.981, 0.997938, 121.303
5239, 87.31667, 42.07, -73.5367, 37.9528, 142.044, 28.6138, 46.9596, 0.965333, 1.71713, 0.960992, -117.983, 0.997881, 121.299
5239, 87.32500, 42.0345, -73.5427, 37.921, 142.041, 28.5937, 46.9526, 0.965284, 1.71301, 0.960972, -117.984, 0.997825, 121.296
5240, 87.33334, 41.999, -73.5488, 37.8892, 142.037, 28.5737, 46.9456, 0.965235, 1.70891, 0.960951, -117.985, 0.997768, 121.292
5241, 87.34167, 41.9636, -73.5548, 37.8574, 142.034, 28.5536, 46.9387, 0.965187, 1.70481, 0.96093, -117.986, 0.997711, 121.289
5241, 87.35000, 41.9282, -73.5608, 37.8257, 142.031, 28.5335, 46.9318, 0.965138, 1.70073, 0.960909, -117.987, 0.997655, 121.285
5242, 87.35833, 41.8929, -73.5668, 37.794, 142.027, 28.5135, 46.9249, 0.96509, 1.69665, 0.960889, -117.989, 0.997599, 121.282
5242, 87.36667, 41.8576, -73.5728, 37.7624, 142.024, 28.4935, 46.918, 0.965042, 1.69259, 0.960868, -117.99, 0.997542, 121.278
5243, 87.37500, 41.8224, -73.5787, 37.7308, 142.021, 28.4735, 46.9111, 0.964994, 1.68854, 0.960848, -117.991, 0.997486, 121.275
5243, 87.38333, 41.7872, -73.5847, 37.6993, 142.017, 28.4535, 46.9043, 0.964946, 1.6845, 0.960827, -117.992, 0.99743, 121.272
5244, 87.39167, 41.7521, -73.5906, 37.6678, 142.014, 28.4336, 46.8975, 0.964899, 1.68047, 0.960807, -117.993, 0.997375, 121.268
5244, 87.40000, 41.717, -73.5965, 37.6363, 142.011, 28.4137, 46.8907, 0.964851, 1.67644, 0.960787, -117.995, 0.997319, 121.265
5245, 87.40833, 41.682, -73.6024, 37.6049, 142.007, 28.3938, 46.8839, 0.964804, 1.67243, 0.960766, -117.996, 0.997263, 121.261
5245, 87.41666, 41.6471, -73.6083, 37.5735, 142.004, 28.3739, 46.8772, 0.964756, 1.66843, 0.960746, -117.997, 0.997208, 121.258
5246, 87.42500, 41.6121, -73.6141, 37.5422, 142, 28.354, 46.8704, 0.964709, 1.66444, 0.960726, -117.998, 0.997153, 121.255
5246, 87.43333, 41.5773, -73.6199, 37.5109, 141.997, 28.3341, 46.8637, 0.964662, 1.66046, 0.960706, -117.999, 0.997098, 121.251
5247, 87.44167, 41.5424, -73.6258, 37.4797, 141.994, 28.3143, 46.857, 0.964615, 1.65649, 0.960686, -118.001, 0.997043, 121.248
5247, 87.45000, 41.5077, -73.6316, 37.4485, 141.99, 28.2945, 46.8503, 0.964568, 1.65253, 0.960666, -118.002, 0.996988, 121.245
5247, 87.45834, 41.473, -73.6374, 37.4173, 141.987, 28.2747, 46.8437, 0.964521, 1.64859, 0.960647, -118.003, 0.996933, 121.241
5248, 87.46667, 41.4383, -73.6432, 37.3862, 141.984, 28.2549, 46.837, 0.964475, 1.64465, 0.960627, -118.004, 0.996878, 121.238
5249, 87.47500, 41.4037, -73.6489, 37.3551, 141.98, 28.2351, 46.8304, 0.964428, 1.64072, 0.960607, -118.005, 0.996824, 121.235
5249, 87.48333, 41.3691, -73.6546, 37.3241, 141.977, 28.2154, 46.8238, 0.964382, 1.6368, 0.960588, -118.007, 0.996769, 121.231
5250, 87.49167, 41.3346, -73.6604, 37.2931, 141.974, 28.1957, 46.8172, 0.964336, 1.63289, 0.960568, -118.008, 0.996715, 121.228
5250, 87.50000, 41.3001, -73.6661, 37.2622, 141.971, 28.176, 46.8106, 0.964289, 1.62899, 0.960549, -118.009, 0.996661, 121.225
5251, 87.50833, 41.2657, -73.6718, 37.2312, 141.967, 28.1563, 46.8041, 0.964243, 1.6251, 0.960529, -118.01, 0.996607, 121.221
5251, 87.51667, 41.2313, -73.6775, 37.2004, 141.964, 28.1366, 46.7976, 0.964198, 1.62122, 0.96051, -118.011, 0.996553, 121.218
5252, 87.52500, 41.1969, -73.6831, 37.1695, 141.961, 28.117, 46.791, 0.964152, 1.61735, 0.960491, -118.012, 0.996499, 121.215
5252, 87.53333, 41.1627, -73.6888, 37.1388, 141.957, 28.0973, 46.7846, 0.964106, 1.61349, 0.960471, -118.014, 0.996445, 121.212
5253, 87.54166, 41.1284, -73.6944, 37.108, 141.954, 28.0777, 46.7781, 0.964061, 1.60964, 0.960452, -118.015, 0.996392, 121.208
5253, 87.55000, 41.0942, -73.7, 37.0773, 141.951, 28.0581, 46.7716, 0.964015, 1.6058, 0.960433, -118.016, 0.996338, 121.205
5254, 87.55833, 41.0601, -73.7056, 37.0467, 141.947, 28.0386, 46.7652, 0.96397, 1.60197, 0.960414, -118.017, 0.996285, 121.202
5254, 87.56667, 41.026, -73.7112, 37.016, 141.944, 28.019, 46.7588, 0.963925, 1.59815, 0.960395, -118.018, 0.996232, 121.199
5255, 87.57500, 40.992, -73.7168, 36.9854, 141.941, 27.9995, 46.7524, 0.96388, 1.59434, 0.960376, -118.019, 0.996179, 121.196
5255, 87.58334, 40.958, -73.7223, 36.9549, 141.938, 27.9799, 46.746, 0.963835, 1.59054, 0.960357, -118.02, 0.996126, 121.192
5255, 87.59167, 40.924, -73.7279, 36.9244, 141.934, 27.9604, 46.7397, 0.96379, 1.58675, 0.960339, -118.022, 0.996073, 121.189
5256, 87.60000, 40.8901, -73.7334, 36.8939, 141.931, 27.941, 46.7333, 0.963745, 1.58297, 0.96032, -118.023, 0.99602, 121.186
5257, 87.60833, 40.8563, -73.7389, 36.8635, 141.928, 27.9215, 46.727, 0.9637, 1.5792, 0.960301, -118.024, 0.995968, 121.183
5257, 87.61667, 40.8224, -73.7444, 36.8331, 141.924, 27.9021, 46.7207, 0.963656, 1.57543, 0.960283, -118.025, 0.995915, 121.18
5258, 87.62500, 40.7887, -73.7499, 36.8028, 141.921, 27.8826, 46.7144, 0.963612, 1.57168, 0.960264, -118.026, 0.995863, 121.177
5258, 87.63333, 40.755, -73.7553, 36.7725, 141.918, 27.8632, 46.7082, 0.963567, 1.56794, 0.960246, -118.027, 0.995811, 121.173
5259, 87.64167, 40.7213, -73.7608, 36.7422, 141.915, 27.8438, 46.7019, 0.963523, 1.5642, 0.960227, -118.028, 0.995758, 121.17
5259, 87.65000, 40.6877, -73.7662, 36.712, 141.911, 27.8245, 46.6957, 0.963479, 1.56048, 0.960209, -118.029, 0.995706, 121.167
5260, 87.65833, 40.6541, -73.7716, 36.6819, 141.908, 27.8051, 46.6895, 0.963435, 1.55676, 0.960191, -118.031, 0.995655, 121.164
5260, 87.66666, 40.6206, -73.777, 36.6517, 141.905, 27.7858, 46.6833, 0.963391, 1.55306, 0.960173, -118.032, 0.995603, 121.161
5261, 87.67500, 40.5871, -73.7824, 36.6216, 141.902, 27.7664, 46.6771, 0.963348, 1.54936, 0.960155, -118.033, 0.995551, 121.158
5261, 87.68333, 40.5537, -73.7878, 36.5916, 141.898, 27.7471, 46.671, 0.963304, 1.54567, 0.960137, -118.034, 0.9955, 121.155
5262, 87.69167, 40.5203, -73.7931, 36.5615, 141.895, 27.7279, 46.6648, 0.963261, 1.54199, 0.960119, -118.035, 0.995448, 121.152
5262, 87.70000, 40.4869, -73.7984, 36.5315, 141.892, 27.7086, 46.6587, 0.963217, 1.53832, 0.960101, -118.036, 0.995397, 121.149
5263, 87.70834, 40.4536, -73.8038, 36.5016, 141.888, 27.6893, 46.6526, 0.963174, 1.53466, 0.960083, -118.037, 0.995346, 121.146
5263, 87.71667, 40.4204, -73.8091, 36.4717, 141.885, 27.6701, 46.6465, 0.963131, 1.53101, 0.960065, -118.038, 0.995295, 121.143
5263, 87.72500, 40.3872, -73.8144, 36.4418, 141.882, 27.6509, 46.6405, 0.963088, 1.52737, 0.960047, -118.039, 0.995244, 121.139
5264, 87.73333, 40.354, -73.8196, 36.412, 141.879, 27.6317, 46.6344, 0.963045, 1.52374, 0.96003, -118.041, 0.995193, 121.136
5265, 87.74167, 40.3209, -73.8249, 36.3822, 141.875, 27.6125, 46.6284, 0.963002, 1.52011, 0.960012, -118.042, 0.995142, 121.133
5265, 87.75000, 40.2878, -73.8301, 36.3525, 141.872, 27.5934, 46.6224, 0.96296, 1.5165, 0.959994, -118.043, 0.995092, 121.13
5266, 87.75833, 40.2548, -73.8354, 36.3228, 141.869, 27.5742, 46.6164, 0.962917, 1.51289, 0.959977, -118.044, 0.995041, 121.127
5266, 87.76667, 40.2218, -73.8406, 36.2931, 141.866, 27.5551, 46.6104, 0.962874, 1.50929, 0.959959, -118.045, 0.994991, 121.124
5267, 87.77500, 40.1889, -73.8458, 36.2635, 141.863, 27.536, 46.6045, 0.962832, 1.50571, 0.959942, -118.046, 0.994941, 121.121
5267, 87.78333, 40.156, -73.851, 36.2339, 141.859, 27.5169, 46.5985, 0.96279, 1.50213, 0.959925, -118.047, 0.994891, 121.118
5268, 87.79166, 40.1231, -73.8562, 36.2043, 141.856, 27.4979, 46.5926, 0.962748, 1.49856, 0.959907, -118.048, 0.994841, 121.115
5268, 87.80000, 40.0903, -73.8613, 36.1748, 141.853, 27.4788, 46.5867, 0.962706, 1.495, 0.95989, -118.049, 0.994791, 121.113
5269, 87.80833, 40.0576, -73.8665, 36.1453, 141.85, 27.4598, 46.5808, 0.962664, 1.49144, 0.959873, -118.05, 0.994741, 121.11
5269, 87.81667, 40.0248, -73.8716, 36.1159, 141.846, 27.4408, 46.5749, 0.962622, 1.4879, 0.959856, -118.051, 0.994691, 121.107
5270, 87.82500, 39.9922, -73.8767, 36.0865, 141.843, 27.4218, 46.5691, 0.96258, 1.48436, 0.959839, -118.052, 0.994642, 121.104
5270, 87.83334, 39.9596, -73.8818, 36.0571, 141.84, 27.4028, 46.5632, 0.962539, 1.48084, 0.959822, -118.054, 0.994592, 121.101
5271, 87.84167, 39.927, -73.8869, 36.0278, 141.837, 27.3838, 46.5574, 0.962497, 1.47732, 0.959805, -118.055, 0.994543, 121.098
5271, 87.85000, 39.8944, -73.892, 35.9985, 141.833, 27.3649, 46.5516, 0.962456, 1.47381, 0.959788, -118.056, 0.994494, 121.095
5271, 87.85833, 39.8619, -73.897, 35.9692, 141.83, 27.346, 46.5458, 0.962414, 1.47031, 0.959771, -118.057, 0.994444, 121.092
5272, 87.86667, 39.8295, -73.9021, 35.94, 141.827, 27.327, 46.5401, 0.962373, 1.46682, 0.959755, -118.058, 0.994395, 121.089
5273, 87.87500, 39.7971, -73.9071, 35.9109, 141.824, 27.3081, 46.5343, 0.962332, 1.46333, 0.959738, -118.059, 0.994347, 121.086
5273, 87.88333, 39.7647, -73.9121, 35.8817, 141.821, 27.2893, 46.5286, 0.962291, 1.45986, 0.959721, -118.06, 0.994298, 121.083
5274, 87.89167, 39.7324, -73.9171, 35.8526, 141.817, 27.2704, 46.5229, 0.96225, 1.45639, 0.959705, -118.061, 0.994249, 121.08
5274, 87.90000, 39.7001, -73.9221, 35.8236, 141.814, 27.2516, 46.5172, 0.96221, 1.45294, 0.959688, -118.062, 0.994201, 121.078
5275, 87.90833, 39.6679, -73.927, 35.7945, 141.811, 27.2327, 46.5115, 0.962169, 1.44949, 0.959672, -118.063, 0.994152, 121.075
5275, 87.91666, 39.6357, -73.932, 35.7655, 141.808, 27.2139, 46.5058, 0.962128, 1.44605, 0.959656, -118.064, 0.994104, 121.072
5276, 87.92500, 39.6036, -73.9369, 35.7366, 141.805, 27.1951, 46.5002, 0.962088, 1.44261, 0.959639, -118.065, 0.994056, 121.069
5276, 87.93333, 39.5715, -73.9419, 35.7077, 141.801, 27.1764, 46.4946, 0.962048, 1.43919, 0.959623, -118.066, 0.994007, 121.066
5277, 87.94167, 39.5394, -73.9468, 35.6788, 141.798, 27.1576, 46.4889, 0.962007, 1.43577, 0.959607, -118.067, 0.993959, 121.063
5277, 87.95000, 39.5074, -73.9517, 35.65, 141.795, 27.1389, 46.4834, 0.961967, 1.43237, 0.959591, -118.068, 0.993912, 121.061
5278, 87.95834, 39.4754, -73.9566, 35.6212, 141.792, 27.1202, 46.4778, 0.961927, 1.42897, 0.959575, -118.069, 0.993864, 121.058
5278, 87.96667, 39.4435, -73.9614, 35.5924, 141.789, 27.1015, 46.4722, 0.961887, 1.42558, 0.959558, -118.07, 0.993816, 121.055
5279, 87.97500, 39.4116, -73.9663, 35.5636, 141.785, 27.0828, 46.4667, 0.961847, 1.42219, 0.959543, -118.071, 0.993769, 121.052
5279, 87.98333, 39.3798, -73.9711, 35.535, 141.782, 27.0641, 46.4611, 0.961808, 1.41882, 0.959527, -118.072, 0.993721, 121.049
5279, 87.99167, 39.3479, -73.976, 35.5063, 141.779, 27.0454, 46.4556, 0.961768, 1.41545, 0.959511, -118.073, 0.993674, 121.047
5280, 88.00000, 39.3162, -73.9808, 35.4777, 141.776, 27.0268, 46.4501, 0.961729, 1.41209, 0.959495, -118.074, 0.993626, 121.044
5281, 88.00833, 39.2845, -73.9856, 35.4491, 141.773, 27.0082, 46.4446, 0.961689, 1.40874, 0.959479, -118.076, 0.993579, 121.041
5281, 88.01667, 39.2528, -73.9904, 35.4205, 141.769, 26.9896, 46.4392, 0.96165, 1.4054, 0.959463, -118.077, 0.993532, 121.038
5282, 88.02500, 39.2212, -73.9951, 35.392, 141.766, 26.971, 46.4337, 0.961611, 1.40207, 0.959448, -118.078, 0.993485, 121.036
5282, 88.03333, 39.1896, -73.9999, 35.3635, 141.763, 26.9524, 46.4283, 0.961572, 1.39874, 0.959432, -118.079, 0.993439, 121.033
5283, 88.04166, 39.158, -74.0046, 35.3351, 141.76, 26.9339, 46.4229, 0.961533, 1.39542, 0.959417, -118.08, 0.993392, 121.03
5283, 88.05000, 39.1265, -74.0094, 35.3067, 141.757, 26.9153, 46.4175, 0.961494, 1.39211, 0.959401, -118.081, 0.993345, 121.027
5284, 88.05833, 39.095, -74.0141, 35.2783, 141.754, 26.8968, 46.4121, 0.961455, 1.38881, 0.959386, -118.082, 0.993299, 121.025
5284, 88.06667, 39.0636, -74.0188, 35.25, 141.75, 26.8783, 46.4068, 0.961416, 1.38552, 0.95937, -118.083, 0.993252, 121.022
5285, 88.07500, 39.0322, -74.0235, 35.2217, 141.747, 26.8598, 46.4014, 0.961378, 1.38223, 0.959355, -118.084, 0.993206, 121.019
5285, 88.08334, 39.0009, -74.0282, 35.1934, 141.744, 26.8414, 46.3961, 0.961339, 1.37896, 0.95934, -118.085, 0.99316, 121.017
5286, 88.09167, 38.9696, -74.0328, 35.1652, 141.741, 26.8229, 46.3908, 0.961301, 1.37568, 0.959325, -118.086, 0.993114, 121.014
5286, 88.10000, 38.9383, -74.0375, 35.137, 141.738, 26.8045, 46.3855, 0.961262, 1.37242, 0.95931, -118.087, 0.993068, 121.011
5287, 88.10833, 38.9071, -74.0421, 35.1089, 141.734, 26.7861, 46.3802, 0.961224, 1.36917, 0.959294, -118.088, 0.993022, 121.009
5287, 88.11667, 38.8759, -74.0467, 35.0807, 141.731, 26.7677, 46.3749, 0.961186, 1.36592, 0.959279, -118.089, 0.992976, 121.006
5287, 88.12500, 38.8448, -74.0513, 35.0526, 141.728, 26.7493, 46.3697, 0.961148, 1.36268, 0.959264, -118.09, 0.992931, 121.003
5288, 88.13333, 38.8137, -74.0559, 35.0246, 141.725, 26.7309, 46.3644, 0.96111, 1.35945, 0.959249, -118.091, 0.992885, 121.001
5289, 88.14167, 38.7826, -74.0605, 34.9966, 141.722, 26.7125, 46.3592, 0.961072, 1.35623, 0.959235, -118.092, 0.99284, 120.998
5289, 88.15000, 38.7516, -74.0651, 34.9686, 141.719, 26.6942, 46.354, 0.961034, 1.35301, 0.95922, -118.093, 0.992794, 120.995
5290, 88.15833, 38.7206, -74.0696, 34.9406, 141.715, 26.6759, 46.3488, 0.960997, 1.3498, 0.959205, -118.094, 0.992749, 120.993
5290, 88.16666, 38.6897, -74.0742, 34.9127, 141.712, 26.6576, 46.3436, 0.960959, 1.3466, 0.95919, -118.095, 0.992704, 120.99
5291, 88.17500, 38.6588, -74.0787, 34.8849, 141.709, 26.6393, 46.3385, 0.960922, 1.34341, 0.959176, -118.096, 0.992659, 120.987
5291, 88.18333, 38.6279, -74.0832, 34.857, 141.706, 26.621, 46.3333, 0.960885, 1.34022, 0.959161, -118.097, 0.992614, 120.985
5292, 88.19167, 38.5971, -74.0877, 34.8292, 141.703, 26.6028, 46.3282, 0.960847, 1.33705, 0.959146, -118.098, 0.992569, 120.982
5292, 88.20000, 38.5664, -74.0922, 34.8014, 141.7, 26.5845, 46.3231, 0.96081, 1.33388, 0.959132, -118.099, 0.992525, 120.98
5293, 88.20834, 38.5356, -74.0967, 34.7737, 141.697, 26.5663, 46.318, 0.960773, 1.33071, 0.959117, -118.099, 0.99248, 120.977
5293, 88.21667, 38.5049, -74.1011, 34.746, 141.693, 26.5481, 46.3129, 0.960736, 1.32756, 0.959103, -118.1, 0.992435, 120.974
5294, 88.22500, 38.4743, -74.1056, 34.7183, 141.69, 26.5299, 46.3079, 0.960699, 1.32441, 0.959089, -118.101, 0.992391, 120.972
5294, 88.23333, 38.4436, -74.11, 34.6907, 141.687, 26.5117, 46.3028, 0.960662, 1.32127, 0.959074, -118.102, 0.992347, 120.969
5295, 88.24167, 38.4131, -74.1144, 34.6631, 141.684, 26.4936, 46.2978, 0.960626, 1.31814, 0.95906, -118.103, 0.992302, 120.967
5295, 88.25000, 38.3825, -74.1189, 34.6355, 141.681, 26.4754, 46.2928, 0.960589, 1.31501, 0.959046, -118.104, 0.992258, 120.964
5295, 88.25833, 38.352, -74.1232, 34.608, 141.678, 26.4573, 46.2878, 0.960553, 1.31189, 0.959032, -118.105, 0.992214, 120.962
5296, 88.26667, 38.3216, -74.1276, 34.5805, 141.674, 26.4392, 46.2828, 0.960516, 1.30878, 0.959018, -118.106, 0.99217, 120.959
5297, 88.27500, 38.2912, -74.132, 34.553, 141.671, 26.4211, 46.2778, 0.96048, 1.30568, 0.959004, -118.107, 0.992127, 120.957
5297, 88.28333, 38.2608, -74.1364, 34.5256, 141.668, 26.403, 46.2729, 0.960444, 1.30258, 0.95899, -118.108, 0.992083, 120.954
5298, 88.29166, 38.2304, -74.1407, 34.4982, 141.665, 26.385, 46.2679, 0.960408, 1.29949, 0.958976, -118.109, 0.992039, 120.952
5298, 88.30000, 38.2001, -74.145, 34.4708, 141.662, 26.3669, 46.263, 0.960372, 1.29641, 0.958962, -118.11, 0.991996, 120.949
5299, 88.30833, 38.1699, -74.1493, 34.4435, 141.659, 26.3489, 46.2581, 0.960336, 1.29334, 0.958948, -118.111, 0.991952, 120.947
5299, 88.31667, 38.1397, -74.1536, 34.4162, 141.656, 26.3309, 46.2532, 0.9603, 1.29027, 0.958934, -118.112, 0.991909, 120.944
5300, 88.32500, 38.1095, -74.1579, 34.3889, 141.652, 26.3129, 46.2483, 0.960264, 1.28721, 0.958921, -118.113, 0.991866, 120.942
5300, 88.33334, 38.0793, -74.1622, 34.3617, 141.649, 26.2949, 46.2435, 0.960229, 1.28416, 0.958907, -118.114, 0.991823, 120.939
5301, 88.34167, 38.0492, -74.1665, 34.3345, 141.646, 26.2769, 46.2386, 0.960193, 1.28111, 0.958893, -118.115, 0.99178, 120.937
5301, 88.35000, 38.0191, -74.1707, 34.3073, 141.643, 26.259, 46.2338, 0.960157, 1.27807, 0.95888, -118.116, 0.991737, 120.934
5302, 88.35833, 37.9891, -74.175, 34.2802, 141.64, 26.2411, 46.229, 0.960122, 1.27504, 0.958866, -118.117, 0.991694, 120.932
5302, 88.36667, 37.9591, -74.1792, 34.2531, 141.637, 26.2231, 46.2242, 0.960087, 1.27202, 0.958853, -118.118, 0.991651, 120.929
5303, 88.37500, 37.9292, -74.1834, 34.226, 141.634, 26.2052, 46.2194, 0.960052, 1.269, 0.958839, -118.119, 0.991609, 120.927
5303, 88.38333, 37.8993, -74.1876, 34.199, 141.63, 26.1874, 46.2146, 0.960016, 1.26599, 0.958826, -118.12, 0.991566, 120.924
5303, 88.39167, 37.8694, -74.1918, 34.172, 141.627, 26.1695, 46.2099, 0.959982, 1.26298, 0.958812, -118.12, 0.991524, 120.922
5304, 88.40000, 37.8395, -74.196, 34.145, 141.624, 26.1516, 46.2051, 0.959947, 1.25999, 0.958799, -118.121, 0.991481, 120.919
5305, 88.40833, 37.8097, -74.2002, 34.1181, 141.621, 26.1338, 46.2004, 0.959912, 1.257, 0.958786, -118.122, 0.991439, 120.917
5305, 88.41666, 37.78, -74.2043, 34.0912, 141.618, 26.116, 46.1957, 0.959877, 1.25402, 0.958773, -118.123, 0.991397, 120.915
5306, 88.42500, 37.7502, -74.2084, 34.0643, 141.615, 26.0982, 46.191, 0.959842, 1.25104, 0.95876, -118.124, 0.991355, 120.912
5306, 88.43333, 37.7206, -74.2126, 34.0375, 141.612, 26.0804, 46.1863, 0.959808, 1.24807, 0.958747, -118.125, 0.991313, 120.91
5307, 88.44167, 37.6909, -74.2167, 34.0107, 141.609, 26.0626, 46.1816, 0.959773, 1.24511, 0.958733, -118.126, 0.991271, 120.907
5307, 88.45000, 37.6613, -74.2208, 33.9839, 141.605, 26.0448, 46.177, 0.959739, 1.24215, 0.958721, -118.127, 0.991229, 120.905
5308, 88.45834, 37.6317, -74.2249, 33.9571, 141.602, 26.0271, 46.1724, 0.959705, 1.23921, 0.958708, -118.128, 0.991188, 120.903
5308, 88.46667, 37.6022, -74.229, 33.9304, 141.599, 26.0093, 46.1677, 0.95967, 1.23626, 0.958695, -118.129, 0.991146, 120.9
5309, 88.47500, 37.5727, -74.233, 33.9038, 141.596, 25.9916, 46.1631, 0.959636, 1.23333, 0.958682, -118.13, 0.991105, 120.898
5309, 88.48333, 37.5432, -74.2371, 33.8771, 141.593, 25.9739, 46.1585, 0.959602, 1.2304, 0.958669, -118.131, 0.991063, 120.895
5310, 88.49167, 37.5138, -74.2411, 33.8505, 141.59, 25.9562, 46.1539, 0.959568, 1.22748, 0.958656, -118.132, 0.991022, 120.893
5310, 88.50000, 37.4844, -74.2451, 33.8239, 141.587, 25.9386, 46.1494, 0.959534, 1.22457, 0.958644, -118.132, 0.990981, 120.891
5311, 88.50833, 37.455, -74.2492, 33.7974, 141.583, 25.9209, 46.1448, 0.9595, 1.22166, 0.958631, -118.133, 0.99094, 120.888
5311, 88.51667, 37.4257, -74.2532, 33.7708, 141.58, 25.9033, 46.1403, 0.959467, 1.21876, 0.958618, -118.134, 0.990899, 120.886
5311, 88.52500, 37.3965, -74.2571, 33.7444, 141.577, 25.8856, 46.1358, 0.959433, 1.21586, 0.958606, -118.135, 0.990858, 120.884
5312, 88.53333, 37.3672, -74.2611, 33.7179, 141.574, 25.868, 46.1313, 0.9594, 1.21298, 0.958593, -118.136, 0.990817, 120.881
5313, 88.54166, 37.338, -74.2651, 33.6915, 141.571, 25.8504, 46.1268, 0.959366, 1.21009, 0.958581, -118.137, 0.990776, 120.879
5313, 88.55000, 37.3088, -74.269, 33.6651, 141.568, 25.8329, 46.1223, 0.959333, 1.20722, 0.958568, -118.138, 0.990736, 120.877
5314, 88.55833, 37.2797, -74.273, 33.6387, 141.565, 25.8153, 46.1178, 0.9593, 1.20435, 0.958556, -118.139, 0.990695, 120.874
5314, 88.56667, 37.2506, -74.2769, 33.6124, 141.562, 25.7978, 46.1134, 0.959266, 1.20149, 0.958544, -118.14, 0.990655, 120.872
5315, 88.57500, 37.2215, -74.2808, 33.5861, 141.558, 25.7802, 46.1089, 0.959233, 1.19863, 0.958531, -118.141, 0.990615, 120.87
5315, 88.58334, 37.1925, -74.2847, 33.5599, 141.555, 25.7627, 46.1045, 0.9592, 1.19579, 0.958519, -118.141, 0.990574, 120.868
5316, 88.59167, 37.1635, -74.2886, 33.5336, 141.552, 25.7452, 46.1001, 0.959167, 1.19294, 0.958507, -118.142, 0.990534, 120.865
5316, 88.60000, 37.1346, -74.2925, 33.5074, 141.549, 25.7277, 46.0957, 0.959135, 1.19011, 0.958495, -118.143, 0.990494, 120.863
5316, 88.60833, 37.1057, -74.2964, 33.4812, 141.546, 25.7102, 46.0913, 0.959102, 1.18728, 0.958483, -118.144, 0.990454, 120.861
5317, 88.61667, 37.0768, -74.3002, 33.4551, 141.543, 25.6928, 46.087, 0.959069, 1.18446, 0.958471, -118.145, 0.990414, 120.858
5318, 88.62500, 37.0479, -74.3041, 33.429, 141.54, 25.6753, 46.0826, 0.959036, 1.18164, 0.958459, -118.146, 0.990375, 120.856
5318, 88.63333, 37.0191, -74.3079, 33.4029, 141.537, 25.6579, 46.0783, 0.959004, 1.17883, 0.958447, -118.147, 0.990335, 120.854
5319, 88.64167, 36.9904, -74.3117, 33.3769, 141.534, 25.6405, 46.074, 0.958972, 1.17603, 0.958435, -118.148, 0.990295, 120.852
5319, 88.65000, 36.9616, -74.3155, 33.3509, 141.53, 25.6231, 46.0697, 0.958939, 1.17323, 0.958423, -118.149, 0.990256, 120.849
5319, 88.65833, 36.9329, -74.3193, 33.3249, 141.527, 25.6057, 46.0654, 0.958907, 1.17044, 0.958411, -118.149, 0.990216, 120.847
5320, 88.66666, 36.9043, -74.3231, 33.2989, 141.524, 25.5884, 46.0611, 0.958875, 1.16765, 0.958399, -118.15, 0.990177, 120.845
5321, 88.67500, 36.8756, -74.3269, 33.273, 141.521, 25.571, 46.0568, 0.958843, 1.16488, 0.958388, -118.151, 0.990138, 120.843
5321, 88.68333, 36.847, -74.3307, 33.2471, 141.518, 25.5537, 46.0526, 0.958811, 1.1621, 0.958376, -118.152, 0.990099, 120.84
5322, 88.69167, 36.8185, -74.3344, 33.2212, 141.515, 25.5363, 46.0483, 0.958779, 1.15934, 0.958364, -118.153, 0.990059, 120.838
5322, 88.70000, 36.7899, -74.3382, 33.1954, 141.512, 25.519, 46.0441, 0.958747, 1.15658, 0.958353, -118.154, 0.990021, 120.836
5323, 88.70834, 36.7615, -74.3419, 33.1696, 141.509, 25.5017, 46.0399, 0.958715, 1.15382, 0.958341, -118.155, 0.989982, 120.834
5323, 88.71667, 36.733, -74.3456, 33.1438, 141.505, 25.4845, 46.0357, 0.958683, 1.15108, 0.95833, -118.156, 0.989943, 120.832
5324, 88.72500, 36.7046, -74.3493, 33.1181, 141.502, 25.4672, 46.0315, 0.958652, 1.14834, 0.958318, -118.156, 0.989904, 120.829
5324, 88.73333, 36.6762, -74.353, 33.0924, 141.499, 25.4499, 46.0273, 0.95862, 1.1456, 0.958307, -118.157, 0.989866, 120.827
5324, 88.74167, 36.6479, -74.3567, 33.0667, 141.496, 25.4327, 46.0232, 0.958589, 1.14287, 0.958296, -118.158, 0.989827, 120.825
5325, 88.75000, 36.6195, -74.3603, 33.041, 141.493, 25.4155, 46.019, 0.958557, 1.14015, 0.958284, -118.159, 0.989789, 120.823
5326, 88.75833, 36.5913, -74.364, 33.0154, 141.49, 25.3983, 46.0149, 0.958526, 1.13743, 0.958273, -118.16, 0.98975, 120.821
5326, 88.76667, 36.563, -74.3676, 32.9898, 141.487, 25.3811, 46.0108, 0.958495, 1.13472, 0.958262, -118.161, 0.989712, 120.819
5327, 88.77500, 36.5348, -74.3713, 32.9643, 141.484, 25.3639, 46.0067, 0.958464, 1.13202, 0.958251, -118.162, 0.989674, 120.816
5327, 88.78333, 36.5066, -74.3749, 32.9387, 141.481, 25.3467, 46.0026, 0.958433, 1.12932, 0.958239, -118.162, 0.989636, 120.814
5328, 88.79166, 36.4785, -74.3785, 32.9132, 141.477, 25.3296, 45.9985, 0.958402, 1.12663, 0.958228, -118.163, 0.989598, 120.812
5328, 88.80000, 36.4504, -74.3821, 32.8877, 141.474, 25.3125, 45.9945, 0.958371, 1.12394, 0.958217, -118.164, 0.98956, 120.81
5329, 88.80833, 36.4223, -74.3857, 32.8623, 141.471, 25.2953, 45.9904, 0.95834, 1.12126, 0.958206, -118.165, 0.989522, 120.808
5329, 88.81667, 36.3943, -74.3893, 32.8369, 141.468, 25.2782, 45.9864, 0.958309, 1.11859, 0.958195, -118.166, 0.989484, 120.806
5330, 88.82500, 36.3663, -74.3928, 32.8115, 141.465, 25.2611, 45.9823, 0.958279, 1.11592, 0.958184, -118.167, 0.989447, 120.803
5330, 88.83334, 36.3383, -74.3964, 32.7862, 141.462, 25.2441, 45.9783, 0.958248, 1.11326, 0.958174, -118.167, 0.989409, 120.801
5331, 88.84167, 36.3103, -74.3999, 32.7608, 141.459, 25.227, 45.9743, 0.958218, 1.1106, 0.958163, -118.168, 0.989372, 120.799
5331, 88.85000, 36.2824, -74.4035, 32.7355, 141.456, 25.21, 45.9704, 0.958187, 1.10795, 0.958152, -118.169, 0.989334, 120.797
5332, 88.85833, 36.2546, -74.407, 32.7103, 141.453, 25.1929, 45.9664, 0.958157, 1.1053, 0.958141, -118.17, 0.989297, 120.795
5332, 88.86667, 36.2267, -74.4105, 32.685, 141.449, 25.1759, 45.9624, 0.958127, 1.10266, 0.95813, -118.171, 0.98926, 120.793
5332, 88.87500, 36.1989, -74.414, 32.6598, 141.446, 25.1589, 45.9585, 0.958097, 1.10003, 0.95812, -118.172, 0.989223, 120.791
5333, 88.88333, 36.1712, -74.4175, 32.6346, 141.443, 25.1419, 45.9546, 0.958066, 1.0974, 0.958109, -118.172, 0.989185, 120.789
5334, 88.89167, 36.1434, -74.4209, 32.6095, 141.44, 25.1249, 45.9507, 0.958036, 1.09478, 0.958099, -118.173, 0.989148, 120.787
5334, 88.90000, 36.1157, -74.4244, 32.5844, 141.437, 25.108, 45.9468, 0.958006, 1.09217, 0.958088, -118.174, 0.989112, 120.785
5335, 88.90833, 36.0881, -74.4278, 32.5593, 141.434, 25.091, 45.9429, 0.957977, 1.08956, 0.958077, -118.175, 0.989075, 120.783
5335, 88.91666, 36.0604, -74.4313, 32.5342, 141.431, 25.0741, 45.939, 0.957947, 1.08695, 0.958067, -118.176, 0.989038, 120.78
5336, 88.92500, 36.0328, -74.4347, 32.5092, 141.428, 25.0572, 45.9351, 0.957917, 1.08435, 0.958057, -118.177, 0.989002, 120.778
5336, 88.93333, 36.0053, -74.4381, 32.4842, 141.425, 25.0403, 45.9313, 0.957887, 1.08176, 0.958046, -118.177, 0.988965, 120.776
5337, 88.94167, 35.9777, -74.4415, 32.4592, 141.421, 25.0234, 45.9274, 0.957858, 1.07917, 0.958036, -118.178, 0.988928, 120.774
5337, 88.95000, 35.9502, -74.4449, 32.4342, 141.418, 25.0065, 45.9236, 0.957828, 1.07659, 0.958026, -118.179, 0.988892, 120.772
5338, 88.95834, 35.9228, -74.4483, 32.4093, 141.415, 24.9896, 45.9198, 0.957799, 1.07402, 0.958015, -118.18, 0.988856, 120.77
5338, 88.96667, 35.8953, -74.4517, 32.3844, 141.412, 24.9728, 45.916, 0.95777, 1.07144, 0.958005, -118.181, 0.98882, 120.768
5339, 88.97500, 35.8679, -74.455, 32.3596, 141.409, 24.956, 45.9122, 0.95774, 1.06888, 0.957995, -118.182, 0.988784, 120.766
5339, 88.98333, 35.8405, -74.4584, 32.3347, 141.406, 24.9391, 45.9085, 0.957711, 1.06632, 0.957985, -118.182, 0.988747, 120.764
5340, 88.99167, 35.8132, -74.4617, 32.3099, 141.403, 24.9223, 45.9047, 0.957682, 1.06377, 0.957975, -118.183, 0.988712, 120.762
5340, 89.00000, 35.7859, -74.4651, 32.2851, 141.4, 24.9055, 45.901, 0.957653, 1.06122, 0.957965, -118.184, 0.988676, 120.76
5340, 89.00833, 35.7586, -74.4684, 32.2604, 141.396, 24.8888, 45.8972, 0.957624, 1.05868, 0.957955, -118.185, 0.98864, 120.758
5341, 89.01667, 35.7314, -74.4717, 32.2357, 141.393, 24.872, 45.8935, 0.957595, 1.05614, 0.957945, -118.186, 0.988604, 120.756
5342, 89.02500, 35.7042, -74.475, 32.211, 141.39, 24.8553, 45.8898, 0.957566, 1.05361, 0.957935, -118.186, 0.988569, 120.754
5342, 89.03333, 35.677, -74.4783, 32.1863, 141.387, 24.8385, 45.8861, 0.957538, 1.05108, 0.957925, -118.187, 0.988533, 120.752
5343, 89.04166, 35.6499, -74.4815, 32.1617, 141.384, 24.8218, 45.8824, 0.957509, 1.04856, 0.957915, -118.188, 0.988498, 120.75
5343, 89.05000, 35.6227, -74.4848, 32.1371, 141.381, 24.8051, 45.8788, 0.95748, 1.04605, 0.957905, -118.189, 0.988462, 120.748
5344, 89.05833, 35.5957, -74.4881, 32.1125, 141.378, 24.7884, 45.8751, 0.957452, 1.04354, 0.957896, -118.19, 0.988427, 120.746
5344, 89.06667, 35.5686, -74.4913, 32.0879, 141.375, 24.7717, 45.8715, 0.957423, 1.04103, 0.957886, -118.19, 0.988392, 120.744
5345, 89.07500, 35.5416, -74.4945, 32.0634, 141.372, 24.755, 45.8678, 0.957395, 1.03854, 0.957876, -118.191, 0.988357, 120.742
5345, 89.08334, 35.5146, -74.4977, 32.0389, 141.368, 24.7384, 45.8642, 0.957367, 1.03604, 0.957867, -118.192, 0.988321, 120.74
5346, 89.09167, 35.4877, -74.501, 32.0144, 141.365, 24.7217, 45.8606, 0.957338, 1.03356, 0.957857, -118.193, 0.988286, 120.738
5346, 89.10000, 35.4608, -74.5042, 31.99, 141.362, 24.7051, 45.857, 0.95731, 1.03107, 0.957847, -118.194, 0.988252, 120.736
5347, 89.10833, 35.4339, -74.5073, 31.9656, 141.359, 24.6885, 45.8534, 0.957282, 1.0286, 0.957838, -118.194, 0.988217, 120.734
5347, 89.11667, 35.407, -74.5105, 31.9412, 141.356, 24.6719, 45.8499, 0.957254, 1.02612, 0.957828, -118.195, 0.988182, 120.732
5348, 89.12500, 35.3802, -74.5137, 31.9168, 141.353, 24.6553, 45.8463, 0.957226, 1.02366, 0.957819, -118.196, 0.988147, 120.73
5348, 89.13333, 35.3534, -74.5168, 31.8925, 141.35, 24.6388, 45.8428, 0.957198, 1.0212, 0.95781, -118.197, 0.988113, 120.728
5348, 89.14167, 35.3266, -74.52, 31.8682, 141.347, 24.6222, 45.8392, 0.95717, 1.01874, 0.9578, -118.198, 0.988078, 120.726
5349, 89.15000, 35.2999, -74.5231, 31.8439, 141.344, 24.6056, 45.8357, 0.957143, 1.01629, 0.957791, -118.198, 0.988044, 120.725
5350, 89.15833, 35.2732, -74.5262, 31.8196, 141.34, 24.5891, 45.8322, 0.957115, 1.01385, 0.957782, -118.199, 0.98801, 120.723
5350, 89.16666, 35.2466, -74.5293, 31.7954, 141.337, 24.5726, 45.8287, 0.957087, 1.01141, 0.957772, -118.2, 0.987975, 120.721
5351, 89.17500, 35.2199, -74.5324, 31.7712, 141.334, 24.5561, 45.8252, 0.95706, 1.00897, 0.957763, -118.201, 0.987941, 120.719
5351, 89.18333, 35.1933, -74.5355, 31.747, 141.331, 24.5396, 45.8218, 0.957033, 1.00654, 0.957754, -118.201, 0.987907, 120.717
5352, 89.19167, 35.1667, -74.5386, 31.7229, 141.328, 24.5231, 45.8183, 0.957005, 1.00412, 0.957745, -118.202, 0.987873, 120.715
5352, 89.20000, 35.1402, -74.5417, 31.6988, 141.325, 24.5067, 45.8149, 0.956978, 1.0017, 0.957736, -118.203, 0.987839, 120.713
5353, 89.20834, 35.1137, -74.5447, 31.6747, 141.322, 24.4902, 45.8115, 0.956951, 0.999283, 0.957727, -118.204, 0.987805, 120.711
5353, 89.21667, 35.0872, -74.5478, 31.6506, 141.319, 24.4738, 45.808, 0.956923, 0.996874, 0.957718, -118.205, 0.987771, 120.709
5354, 89.22500, 35.0608, -74.5508, 31.6266, 141.315, 24.4574, 45.8046, 0.956896, 0.994471, 0.957709, -118.205, 0.987738, 120.707
5354, 89.23333, 35.0343, -74.5539, 31.6026, 141.312, 24.4409, 45.8012, 0.956869, 0.992072, 0.9577, -118.206, 0.987704, 120.705
5355, 89.24167, 35.008, -74.5569, 31.5786, 141.309, 24.4245, 45.7979, 0.956842, 0.989678, 0.957691, -118.207, 0.987671, 120.704
5355, 89.25000, 34.9816, -74.5599, 31.5546, 141.306, 24.4082, 45.7945, 0.956815, 0.98729, 0.957682, -118.208, 0.987637, 120.702
5356, 89.25833, 34.9553, -74.5629, 31.5307, 141.303, 24.3918, 45.7911, 0.956789, 0.984907, 0.957673, -118.208, 0.987604, 120.7
5356, 89.26667, 34.929, -74.5659, 31.5068, 141.3, 24.3754, 45.7878, 0.956762, 0.982528, 0.957664, -118.209, 0.98757, 120.698
5356, 89.27500, 34.9027, -74.5688, 31.4829, 141.297, 24.3591, 45.7845, 0.956735, 0.980155, 0.957656, -118.21, 0.987537, 120.696
5357, 89.28333, 34.8765, -74.5718, 31.4591, 141.294, 24.3428, 45.7811, 0.956709, 0.977787, 0.957647, -118.211, 0.987504, 120.694
5358, 89.29166, 34.8503, -74.5748, 31.4352, 141.29, 24.3264, 45.7778, 0.956682, 0.975423, 0.957638, -118.211, 0.987471, 120.692
5358, 89.30000, 34.8241, -74.5777, 31.4115, 141.287, 24.3101, 45.7745, 0.956656, 0.973065, 0.95763, -118.212, 0.987438, 120.691
5359, 89.30833, 34.798, -74.5806, 31.3877, 141.284, 24.2938, 45.7712, 0.956629, 0.970712, 0.957621, -118.213, 0.987405, 120.689
5359, 89.31667, 34.7719, -74.5836, 31.3639, 141.281, 24.2776, 45.768, 0.956603, 0.968363, 0.957613, -118.214, 0.987372, 120.687
5360, 89.32500, 34.7458, -74.5865, 31.3402, 141.278, 24.2613, 45.7647, 0.956577, 0.96602, 0.957604, -118.214, 0.987339, 120.685
5360, 89.33334, 34.7197, -74.5894, 31.3165, 141.275, 24.2451, 45.7615, 0.95655, 0.963681, 0.957596, -118.215, 0.987307, 120.683
5361, 89.34167, 34.6937, -74.5923, 31.2929, 141.272, 24.2288, 45.7582, 0.956524, 0.961348, 0.957587, -118.216, 0.987274, 120.681
5361, 89.35000, 34.6677, -74.5951, 31.2692, 141.269, 24.2126, 45.755, 0.956498, 0.959019, 0.957579, -118.217, 0.987241, 120.68
5362, 89.35833, 34.6418, -74.598, 31.2456, 141.265, 24.1964, 45.7518, 0.956472, 0.956695, 0.95757, -118.217, 0.987209, 120.678
5362, 89.36667, 34.6158, -74.6009, 31.222, 141.262, 24.1802, 45.7486, 0.956446, 0.954376, 0.957562, -118.218, 0.987177, 120.676
5363, 89.37500, 34.5899, -74.6037, 31.1984, 141.259, 24.164, 45.7454, 0.95642, 0.952062, 0.957554, -118.219, 0.987144, 120.674
5363, 89.38333, 34.564, -74.6066, 31.1749, 141.256, 24.1478, 45.7422, 0.956394, 0.949753, 0.957545, -118.22, 0.987112, 120.672
5364, 89.39167, 34.5382, -74.6094, 31.1514, 141.253, 24.1317, 45.7391, 0.956369, 0.947449, 0.957537, -118.22, 0.98708, 120.671
5364, 89.40000, 34.5124, -74.6122, 31.1279, 141.25, 24.1155, 45.7359, 0.956343, 0.945149, 0.957529, -118.221, 0.987048, 120.669
5364, 89.40833, 34.4866, -74.615, 31.1045, 141.247, 24.0994, 45.7328, 0.956317, 0.942854, 0.957521, -118.222, 0.987016, 120.667
5365, 89.41666, 34.4609, -74.6178, 31.081, 141.243, 24.0833, 45.7296, 0.956292, 0.940564, 0.957513, -118.223, 0.986984, 120.665
5366, 89.42500, 34.4351, -74.6206, 31.0576, 141.24, 24.0672, 45.7265, 0.956266, 0.938279, 0.957505, -118.223, 0.986952, 120.663
5366, 89.43333, 34.4094, -74.6234, 31.0342, 141.237, 24.0511, 45.7234, 0.956241, 0.935999, 0.957497, -118.224, 0.98692, 120.662
5367, 89.44167, 34.3838, -74.6262, 31.0109, 141.234, 24.035, 45.7203, 0.956216, 0.933723, 0.957489, -118.225, 0.986888, 120.66
5367, 89.45000, 34.3581, -74.6289, 30.9875, 141.231, 24.0189, 45.7172, 0.95619, 0.931452, 0.957481, -118.226, 0.986857, 120.658
5368, 89.45834, 34.3325, -74.6317, 30.9642, 141.228, 24.0029, 45.7142, 0.956165, 0.929186, 0.957473, -118.226, 0.986825, 120.656
5368, 89.46667, 34.3069, -74.6344, 30.9409, 141.225, 23.9868, 45.7111, 0.95614, 0.926924, 0.957465, -118.227, 0.986793, 120.655
5369, 89.47500, 34.2814, -74.6372, 30.9177, 141.222, 23.9708, 45.7081, 0.956115, 0.924667, 0.957457, -118.228, 0.986762, 120.653
5369, 89.48333, 34.2559, -74.6399, 30.8945, 141.218, 23.9548, 45.705, 0.95609, 0.922415, 0.957449, -118.229, 0.986731, 120.651
5370, 89.49167, 34.2304, -74.6426, 30.8713, 141.215, 23.9388, 45.702, 0.956065, 0.920168, 0.957441, -118.229, 0.986699, 120.649
5370, 89.50000, 34.2049, -74.6453, 30.8481, 141.212, 23.9228, 45.699, 0.95604, 0.917925, 0.957433, -118.23, 0.986668, 120.648
5371, 89.50833, 34.1795, -74.648, 30.8249, 141.209, 23.9068, 45.696, 0.956015, 0.915687, 0.957426, -118.231, 0.986637, 120.646
5371, 89.51667, 34.1541, -74.6507, 30.8018, 141.206, 23.8908, 45.693, 0.955991, 0.913453, 0.957418, -118.231, 0.986606, 120.644
5372, 89.52500, 34.1287, -74.6533, 30.7787, 141.203, 23.8749, 45.69, 0.955966, 0.911224, 0.95741, -118.232, 0.986575, 120.642
5372, 89.53333, 34.1034, -74.656, 30.7556, 141.2, 23.8589, 45.6871, 0.955941, 0.909, 0.957403, -118.233, 0.986544, 120.641
5372, 89.54166, 34.0781, -74.6586, 30.7325, 141.196, 23.843, 45.6841, 0.955917, 0.90678, 0.957395, -118.234, 0.986513, 120.639
5373, 89.55000, 34.0528, -74.6613, 30.7095, 141.193, 23.8271, 45.6812, 0.955892, 0.904564, 0.957388, -118.234, 0.986482, 120.637
5374, 89.55833, 34.0275, -74.6639, 30.6865, 141.19, 23.8112, 45.6782, 0.955868, 0.902354, 0.95738, -118.235, 0.986452, 120.635
5374, 89.56667, 34.0023, -74.6665, 30.6635, 141.187, 23.7953, 45.6753, 0.955843, 0.900147, 0.957373, -118.236, 0.986421, 120.634
5375, 89.57500, 33.9771, -74.6691, 30.6406, 141.184, 23.7794, 45.6724, 0.955819, 0.897946, 0.957365, -118.236, 0.98639, 120.632
5375, 89.58334, 33.9519, -74.6717, 30.6176, 141.181, 23.7635, 45.6695, 0.955795, 0.895749, 0.957358, -118.237, 0.98636, 120.63
5376, 89.59167, 33.9268, -74.6743, 30.5947, 141.177, 23.7477, 45.6666, 0.95577, 0.893556, 0.95735, -118.238, 0.986329, 120.629
5376, 89.60000, 33.9016, -74.6769, 30.5718, 141.174, 23.7318, 45.6637, 0.955746, 0.891368, 0.957343, -118.239, 0.986299, 120.627
5377, 89.60833, 33.8765, -74.6795, 30.549, 141.171, 23.716, 45.6609, 0.955722, 0.889184, 0.957336, -118.239, 0.986269, 120.625
5377, 89.61667, 33.8515, -74.6821, 30.5262, 141.168, 23.7002, 45.658, 0.955698, 0.887005, 0.957328, -118.24, 0.986238, 120.624
5378, 89.62500, 33.8264, -74.6846, 30.5033, 141.165, 23.6844, 45.6552, 0.955674, 0.88483, 0.957321, -118.241, 0.986208, 120.622
5378, 89.63333, 33.8014, -74.6871, 30.4806, 141.162, 23.6686, 45.6524, 0.955651, 0.88266, 0.957314, -118.241, 0.986178, 120.62
5379, 89.64167, 33.7765, -74.6897, 30.4578, 141.159, 23.6528, 45.6495, 0.955627, 0.880494, 0.957307, -118.242, 0.986148, 120.619
5379, 89.65000, 33.7515, -74.6922, 30.4351, 141.155, 23.6371, 45.6467, 0.955603, 0.878332, 0.9573, -118.243, 0.986118, 120.617
5380, 89.65833, 33.7266, -74.6947, 30.4124, 141.152, 23.6213, 45.6439, 0.955579, 0.876175, 0.957292, -118.244, 0.986088, 120.615
5380, 89.66666, 33.7017, -74.6972, 30.3897, 141.149, 23.6056, 45.6412, 0.955556, 0.874022, 0.957285, -118.244, 0.986059, 120.614
5380, 89.67500, 33.6768, -74.6997, 30.367, 141.146, 23.5898, 45.6384, 0.955532, 0.871874, 0.957278, -118.245, 0.986029, 120.612
5381, 89.68333, 33.652, -74.7022, 30.3444, 141.143, 23.5741, 45.6356, 0.955508, 0.86973, 0.957271, -118.246, 0.985999, 120.61
5382, 89.69167, 33.6272, -74.7047, 30.3217, 141.14, 23.5584, 45.6329, 0.955485, 0.86759, 0.957264, -118.246, 0.98597, 120.609
5382, 89.70000, 33.6024, -74.7071, 30.2992, 141.136, 23.5427, 45.6301, 0.955462, 0.865455, 0.957257, -118.247, 0.98594, 120.607
5383, 89.70834, 33.5776, -74.7096, 30.2766, 141.133, 23.527, 45.6274, 0.955438, 0.863324, 0.95725, -118.248, 0.985911, 120.605
5383, 89.71667, 33.5529, -74.712, 30.254, 141.13, 23.5114, 45.6247, 0.955415, 0.861197, 0.957244, -118.248, 0.985881, 120.604
5384, 89.72500, 33.5282, -74.7145, 30.2315, 141.127, 23.4957, 45.622, 0.955392, 0.859075, 0.957237, -118.249, 0.985852, 120.602
5384, 89.73333, 33.5035, -74.7169, 30.209, 141.124, 23.4801, 45.6193, 0.955369, 0.856956, 0.95723, -118.25, 0.985823, 120.6
5385, 89.74167, 33.4789, -74.7193, 30.1866, 141.121, 23.4644, 45.6166, 0.955346, 0.854842, 0.957223, -118.251, 0.985793, 120.599
5385, 89.75000, 33.4543, -74.7217, 30.1641, 141.117, 23.4488, 45.6139, 0.955323, 0.852733, 0.957216, -118.251, 0.985764, 120.597
5386, 89.75833, 33.4297, -74.7241, 30.1417, 141.114, 23.4332, 45.6113, 0.9553, 0.850627, 0.95721, -118.252, 0.985735, 120.596
5386, 89.76667, 33.4051, -74.7265, 30.1193, 141.111, 23.4176, 45.6086, 0.955277, 0.848526, 0.957203, -118.253, 0.985706, 120.594
5387, 89.77500, 33.3806, -74.7289, 30.0969, 141.108, 23.402, 45.606, 0.955254, 0.846429, 0.957196, -118.253, 0.985677, 120.592
5387, 89.78333, 33.3561, -74.7313, 30.0746, 141.105, 23.3865, 45.6034, 0.955231, 0.844337, 0.95719, -118.254, 0.985649, 120.591
5388, 89.79166, 33.3316, -74.7336, 30.0522, 141.102, 23.3709, 45.6007, 0.955208, 0.842248, 0.957183, -118.255, 0.98562, 120.589
5388, 89.80000, 33.3071, -74.736, 30.0299, 141.098, 23.3554, 45.5981, 0.955186, 0.840163, 0.957177, -118.255, 0.985591, 120.587
5388, 89.80833, 33.2827, -74.7383, 30.0076, 141.095, 23.3398, 45.5955, 0.955163, 0.838083, 0.95717, -118.256, 0.985562, 120.586
5389, 89.81667, 33.2583, -74.7407, 29.9854, 141.092, 23.3243, 45.5929, 0.95514, 0.836007, 0.957164, -118.257, 0.985534, 120.584
5390, 89.82500, 33.2339, -74.743, 29.9631, 141.089, 23.3088, 45.5904, 0.955118, 0.833935, 0.957157, -118.257, 0.985505, 120.583
5390, 89.83334, 33.2096, -74.7453, 29.9409, 141.086, 23.2933, 45.5878, 0.955095, 0.831868, 0.957151, -118.258, 0.985477, 120.581
5391, 89.84167, 33.1853, -74.7476, 29.9187, 141.083, 23.2778, 45.5853, 0.955073, 0.829804, 0.957144, -118.259, 0.985448, 120.58
5391, 89.85000, 33.161, -74.7499, 29.8966, 141.079, 23.2623, 45.5827, 0.955051, 0.827744, 0.957138, -118.259, 0.98542, 120.578
5392, 89.85833, 33.1367, -74.7522, 29.8744, 141.076, 23.2469, 45.5802, 0.955028, 0.825689, 0.957132, -118.26, 0.985392, 120.576
5392, 89.86667, 33.1125, -74.7545, 29.8523, 141.073, 23.2314, 45.5777, 0.955006, 0.823637, 0.957125, -118.261, 0.985364, 120.575
5393, 89.87500, 33.0883, -74.7567, 29.8302, 141.07, 23.216, 45.5752, 0.954984, 0.82159, 0.957119, -118.261, 0.985336, 120.573
5393, 89.88333, 33.0641, -74.759, 29.8081, 141.067, 23.2006, 45.5727, 0.954962, 0.819547, 0.957113, -118.262, 0.985308, 120.572
5394, 89.89167, 33.0399, -74.7612, 29.7861, 141.063, 23.1851, 45.5702, 0.95494, 0.817507, 0.957107, -118.263, 0.98528, 120.57
5394, 89.90000, 33.0158, -74.7635, 29.764, 141.06, 23.1697, 45.5677, 0.954918, 0.815472, 0.9571, -118.263, 0.985252, 120.569
5395, 89.90833, 32.9917, -74.7657, 29.742, 141.057, 23.1543, 45.5652, 0.954896, 0.813441, 0.957094, -118.264, 0.985224, 120.567
5395, 89.91666, 32.9676, -74.7679, 29.7201, 141.054, 23.139, 45.5628, 0.954874, 0.811414, 0.957088, -118.265, 0.985196, 120.565
5396, 89.92500, 32.9435, -74.7701, 29.6981, 141.051, 23.1236, 45.5603, 0.954852, 0.809391, 0.957082, -118.265, 0.985168, 120.564
5396, 89.93333, 32.9195, -74.7723, 29.6762, 141.047, 23.1082, 45.5579, 0.954831, 0.807372, 0.957076, -118.266, 0.985141, 120.562
5396, 89.94167, 32.8955, -74.7745, 29.6542, 141.044, 23.0929, 45.5555, 0.954809, 0.805357, 0.95707, -118.267, 0.985113, 120.561
5397, 89.95000, 32.8715, -74.7767, 29.6324, 141.041, 23.0776, 45.5531, 0.954787, 0.803345, 0.957064, -118.267, 0.985085, 120.559
5398, 89.95834, 32.8476, -74.7789, 29.6105, 141.038, 23.0623, 45.5507, 0.954766, 0.801338, 0.957058, -118.268, 0.985058, 120.558
5398, 89.96667, 32.8236, -74.7811, 29.5886, 141.035, 23.0469, 45.5483, 0.954744, 0.799335, 0.957052, -118.269, 0.985031, 120.556
5399, 89.97500, 32.7997, -74.7832, 29.5668, 141.031, 23.0316, 45.5459, 0.954723, 0.797336, 0.957046, -118.269, 0.985003, 120.555
5399, 89.98333, 32.7759, -74.7854, 29.545, 141.028, 23.0164, 45.5435, 0.954701, 0.79534, 0.95704, -118.27, 0.984976, 120.553
5400, 89.99167, 32.752, -74.7875, 29.5232, 141.025, 23.0011, 45.5412, 0.95468, 0.793348, 0.957035, -118.271, 0.984949, 120.552
5400, 90.00000, 32.7282, -74.7896, 29.5015, 141.022, 22.9858, 45.5388, 0.954659, 0.791361, 0.957029, -118.271, 0.984922, 120.55
5401, 90.00833, 32.7044, -74.7917, 29.4798, 141.019, 22.9706, 45.5365, 0.954637, 0.789377, 0.957023, -118.272, 0.984895, 120.549
5401, 90.01667, 32.6806, -74.7939, 29.458, 141.015, 22.9553, 45.5341, 0.954616, 0.787397, 0.957017, -118.273, 0.984867, 120.547
5402, 90.02500, 32.6569, -74.796, 29.4364, 141.012, 22.9401, 45.5318, 0.954595, 0.785421, 0.957012, -118.273, 0.984841, 120.546
5402, 90.03333, 32.6332, -74.798, 29.4147, 141.009, 22.9249, 45.5295, 0.954574, 0.783449, 0.957006, -118.274, 0.984814, 120.544
5403, 90.04166, 32.6095, -74.8001, 29.393, 141.006, 22.9097, 45.5272, 0.954553, 0.781481, 0.957, -118.275, 0.984787, 120.543
5403, 90.05000, 32.5858, -74.8022, 29.3714, 141.003, 22.8945, 45.5249, 0.954532, 0.779516, 0.956995, -118.275, 0.98476, 120.541
5404, 90.05833, 32.5622, -74.8043, 29.3498, 140.999, 22.8793, 45.5227, 0.954511, 0.777556, 0.956989, -118.276, 0.984733, 120.54
5404, 90.06667, 32.5385, -74.8063, 29.3282, 140.996, 22.8642, 45.5204, 0.95449, 0.775599, 0.956983, -118.276, 0.984707, 120.538
5404, 90.07500, 32.5149, -74.8084, 29.3067, 140.993, 22.849, 45.5181, 0.954469, 0.773646, 0.956978, -118.277, 0.98468, 120.537
5405, 90.08334, 32.4914, -74.8104, 29.2852, 140.99, 22.8339, 45.5159, 0.954448, 0.771697, 0.956972, -118.278, 0.984654, 120.535
5406, 90.09167, 32.4678, -74.8125, 29.2636, 140.987, 22.8187, 45.5137, 0.954428, 0.769751, 0.956967, -118.278, 0.984627, 120.534
5406, 90.10000, 32.4443, -74.8145, 29.2422, 140.983, 22.8036, 45.5114, 0.954407, 0.767809, 0.956961, -118.279, 0.984601, 120.532
5407, 90.10833, 32.4208, -74.8165, 29.2207, 140.98, 22.7885, 45.5092, 0.954386, 0.765871, 0.956956, -118.28, 0.984574, 120.531
5407, 90.11667, 32.3974, -74.8185, 29.1992, 140.977, 22.7734, 45.507, 0.954366, 0.763937, 0.956951, -118.28, 0.984548, 120.529
5408, 90.12500, 32.3739, -74.8205, 29.1778, 140.974, 22.7583, 45.5048, 0.954345, 0.762007, 0.956945, -118.281, 0.984522, 120.528
5408, 90.13333, 32.3505, -74.8225, 29.1564, 140.97, 22.7432, 45.5027, 0.954325, 0.76008, 0.95694, -118.282, 0.984496, 120.526
5409, 90.14167, 32.3271, -74.8244, 29.135, 140.967, 22.7281, 45.5005, 0.954305, 0.758157, 0.956935, -118.282, 0.98447, 120.525
5409, 90.15000, 32.3038, -74.8264, 29.1137, 140.964, 22.7131, 45.4983, 0.954284, 0.756237, 0.956929, -118.283, 0.984444, 120.523
5410, 90.15833, 32.2804, -74.8284, 29.0923, 140.961, 22.6981, 45.4962, 0.954264, 0.754322, 0.956924, -118.283, 0.984418, 120.522
5410, 90.16666, 32.2571, -74.8303, 29.071, 140.958, 22.683, 45.494, 0.954244, 0.75241, 0.956919, -118.284, 0.984392, 120.52
5411, 90.17500, 32.2338, -74.8323, 29.0497, 140.954, 22.668, 45.4919, 0.954224, 0.750501, 0.956914, -118.285, 0.984366, 120.519
5411, 90.18333, 32.2105, -74.8342, 29.0285, 140.951, 22.653, 45.4898, 0.954203, 0.748597, 0.956909, -118.285, 0.98434, 120.518
5412, 90.19167, 32.1873, -74.8361, 29.0072, 140.948, 22.638, 45.4877, 0.954183, 0.746696, 0.956903, -118.286, 0.984314, 120.516
5412, 90.20000, 32.1641, -74.838, 28.986, 140.945, 22.623, 45.4856, 0.954163, 0.744798, 0.956898, -118.287, 0.984289, 120.515
5412, 90.20834, 32.1409, -74.8399, 28.9648, 140.941, 22.608, 45.4835, 0.954143, 0.742905, 0.956893, -118.287, 0.984263, 120.513
5413, 90.21667, 32.1177, -74.8418, 28.9436, 140.938, 22.5931, 45.4814, 0.954123, 0.741014, 0.956888, -118.288, 0.984238, 120.512
5414, 90.22500, 32.0946, -74.8437, 28.9224, 140.935, 22.5781, 45.4793, 0.954104, 0.739128, 0.956883, -118.288, 0.984212, 120.51
5414, 90.23333, 32.0715, -74.8456, 28.9013, 140.932, 22.5632, 45.4773, 0.954084, 0.737245, 0.956878, -118.289, 0.984187, 120.509
5415, 90.24167, 32.0484, -74.8475, 28.8802, 140.928, 22.5482, 45.4752, 0.954064, 0.735366, 0.956873, -118.29, 0.984161, 120.508
5415, 90.25000, 32.0253, -74.8493, 28.8591, 140.925, 22.5333, 45.4732, 0.954044, 0.73349, 0.956868, -118.29, 0.984136, 120.506
5416, 90.25833, 32.0023, -74.8512, 28.838, 140.922, 22.5184, 45.4712, 0.954025, 0.731618, 0.956863, -118.291, 0.984111, 120.505
5416, 90.26667, 31.9792, -74.853, 28.8169, 140.919, 22.5035, 45.4691, 0.954005, 0.729749, 0.956859, -118.292, 0.984086, 120.503
5417, 90.27500, 31.9562, -74.8549, 28.7959, 140.915, 22.4886, 45.4671, 0.953986, 0.727884, 0.956854, -118.292, 0.984061, 120.502
5417, 90.28333, 31.9333, -74.8567, 28.7749, 140.912, 22.4738, 45.4651, 0.953966, 0.726023, 0.956849, -118.293, 0.984035, 120.501
5418, 90.29166, 31.9103, -74.8585, 28.7539, 140.909, 22.4589, 45.4632, 0.953947, 0.724165, 0.956844, -118.293, 0.98401, 120.499
5418, 90.30000, 31.8874, -74.8603, 28.7329, 140.906, 22.444, 45.4612, 0.953927, 0.72231, 0.956839, -118.294, 0.983986, 120.498
5419, 90.30833, 31.8645, -74.8621, 28.712, 140.902, 22.4292, 45.4592, 0.953908, 0.720459, 0.956835, -118.295, 0.983961, 120.496
5419, 90.31667, 31.8416, -74.8639, 28.691, 140.899, 22.4144, 45.4572, 0.953889, 0.718612, 0.95683, -118.295, 0.983936, 120.495
5420, 90.32500, 31.8188, -74.8657, 28.6701, 140.896, 22.3996, 45.4553, 0.953869, 0.716768, 0.956825, -118.296, 0.983911, 120.494
5420, 90.33334, 31.7959, -74.8675, 28.6492, 140.893, 22.3848, 45.4534, 0.95385, 0.714927, 0.956821, -118.296, 0.983886, 120.492
5420, 90.34167, 31.7731, -74.8692, 28.6284, 140.889, 22.37, 45.4514, 0.953831, 0.71309, 0.956816, -118.297, 0.983862, 120.491
5421, 90.35000, 31.7504, -74.871, 28.6075, 140.886, 22.3552, 45.4495, 0.953812, 0.711256, 0.956811, -118.298, 0.983837, 120.489
5422, 90.35833, 31.7276, -74.8727, 28.5867, 140.883, 22.3404, 45.4476, 0.953793, 0.709426, 0.956807, -118.298, 0.983813, 120.488
5422, 90.36667, 31.7049, -74.8745, 28.5659, 140.88, 22.3256, 45.4457, 0.953774, 0.7076, 0.956802, -118.299, 0.983788, 120.487
5423, 90.37500, 31.6822, -74.8762, 28.5451, 140.876, 22.3109, 45.4438, 0.953755, 0.705776, 0.956798, -118.299, 0.983764, 120.485
5423, 90.38333, 31.6595, -74.8779, 28.5243, 140.873, 22.2961, 45.4419, 0.953736, 0.703956, 0.956793, -118.3, 0.983739, 120.484
5424, 90.39167, 31.6368, -74.8796, 28.5036, 140.87, 22.2814, 45.4401, 0.953717, 0.70214, 0.956789, -118.301, 0.983715, 120.483
5424, 90.40000, 31.6142, -74.8814, 28.4829, 140.866, 22.2667, 45.4382, 0.953698, 0.700327, 0.956784, -118.301, 0.983691, 120.481
5425, 90.40833, 31.5916, -74.883, 28.4622, 140.863, 22.252, 45.4364, 0.95368, 0.698517, 0.95678, -118.302, 0.983667, 120.48
5425, 90.41666, 31.569, -74.8847, 28.4415, 140.86, 22.2373, 45.4345, 0.953661, 0.696711, 0.956776, -118.302, 0.983642, 120.478
5426, 90.42500, 31.5464, -74.8864, 28.4208, 140.857, 22.2226, 45.4327, 0.953642, 0.694908, 0.956771, -118.303, 0.983618, 120.477
5426, 90.43333, 31.5239, -74.8881, 28.4002, 140.853, 22.2079, 45.4309, 0.953624, 0.693108, 0.956767, -118.304, 0.983594, 120.476
5427, 90.44167, 31.5013, -74.8898, 28.3795, 140.85, 22.1932, 45.4291, 0.953605, 0.691312, 0.956763, -118.304, 0.98357, 120.474
5427, 90.45000, 31.4789, -74.8914, 28.3589, 140.847, 22.1786, 45.4273, 0.953587, 0.689519, 0.956758, -118.305, 0.983546, 120.473
5428, 90.45834, 31.4564, -74.8931, 28.3384, 140.843, 22.1639, 45.4255, 0.953568, 0.68773, 0.956754, -118.305, 0.983523, 120.472
5428, 90.46667, 31.4339, -74.8947, 28.3178, 140.84, 22.1493, 45.4237, 0.95355, 0.685943, 0.95675, -118.306, 0.983499, 120.47
5428, 90.47500, 31.4115, -74.8963, 28.2973, 140.837, 22.1347, 45.4219, 0.953531, 0.684161, 0.956746, -118.307, 0.983475, 120.469
5429, 90.48333, 31.3891, -74.8979, 28.2767, 140.834, 22.1201, 45.4202, 0.953513, 0.682381, 0.956742, -118.307, 0.983451, 120.468
5430, 90.49167, 31.3667, -74.8996, 28.2562, 140.83, 22.1055, 45.4184, 0.953495, 0.680605, 0.956737, -118.308, 0.983428, 120.466
5430, 90.50000, 31.3444, -74.9012, 28.2358, 140.827, 22.0909, 45.4167, 0.953477, 0.678832, 0.956733, -118.308, 0.983404, 120.465
5431, 90.50833, 31.322, -74.9028, 28.2153, 140.824, 22.0763, 45.415, 0.953458, 0.677062, 0.956729, -118.309, 0.983381, 120.464
5431, 90.51667, 31.2997, -74.9044, 28.1949, 140.82, 22.0617, 45.4132, 0.95344, 0.675295, 0.956725, -118.31, 0.983357, 120.462
5432, 90.52500, 31.2774, -74.9059, 28.1744, 140.817, 22.0472, 45.4115, 0.953422, 0.673532, 0.956721, -118.31, 0.983334, 120.461
5432, 90.53333, 31.2552, -74.9075, 28.154, 140.814, 22.0326, 45.4098, 0.953404, 0.671772, 0.956717, -118.311, 0.983311, 120.46
5433, 90.54166, 31.2329, -74.9091, 28.1337, 140.811, 22.0181, 45.4081, 0.953386, 0.670016, 0.956713, -118.311, 0.983287, 120.458
5433, 90.55000, 31.2107, -74.9106, 28.1133, 140.807, 22.0036, 45.4064, 0.953368, 0.668262, 0.956709, -118.312, 0.983264, 120.457
5434, 90.55833, 31.1885, -74.9122, 28.093, 140.804, 21.989, 45.4048, 0.95335, 0.666512, 0.956705, -118.312, 0.983241, 120.456
5434, 90.56667, 31.1663, -74.9137, 28.0727, 140.801, 21.9745, 45.4031, 0.953333, 0.664765, 0.956701, -118.313, 0.983218, 120.455
5435, 90.57500, 31.1442, -74.9152, 28.0524, 140.797, 21.96, 45.4015, 0.953315, 0.663021, 0.956697, -118.314, 0.983195, 120.453
5435, 90.58334, 31.1221, -74.9167, 28.0321, 140.794, 21.9456, 45.3998, 0.953297, 0.66128, 0.956694, -118.314, 0.983172, 120.452
5436, 90.59167, 31.1, -74.9183, 28.0118, 140.791, 21.9311, 45.3982, 0.953279, 0.659543, 0.95669, -118.315, 0.983149, 120.451
5436, 90.60000, 31.0779, -74.9198, 27.9916, 140.787, 21.9166, 45.3966, 0.953262, 0.657808, 0.956686, -118.315, 0.983126, 120.449
5436, 90.60833, 31.0558, -74.9213, 27.9714, 140.784, 21.9022, 45.3949, 0.953244, 0.656077, 0.956682, -118.316, 0.983103, 120.448
5437, 90.61667, 31.0338, -74.9228, 27.9512, 140.781, 21.8877, 45.3933, 0.953227, 0.654349, 0.956678, -118.316, 0.98308, 120.447
5438, 90.62500, 31.0118, -74.9242, 27.931, 140.777, 21.8733, 45.3917, 0.953209, 0.652624, 0.956675, -118.317, 0.983057, 120.445
5438, 90.63333, 30.9898, -74.9257, 27.9108, 140.774, 21.8589, 45.3902, 0.953192, 0.650903, 0.956671, -118.318, 0.983035, 120.444
5439, 90.64167, 30.9678, -74.9272, 27.8907, 140.771, 21.8445, 45.3886, 0.953174, 0.649184, 0.956667, -118.318, 0.983012, 120.443
5439, 90.65000, 30.9459, -74.9286, 27.8705, 140.767, 21.8301, 45.387, 0.953157, 0.647469, 0.956664, -118.319, 0.98299, 120.442
5440, 90.65833, 30.9239, -74.9301, 27.8504, 140.764, 21.8157, 45.3854, 0.95314, 0.645757, 0.95666, -118.319, 0.982967, 120.44
5440, 90.66666, 30.902, -74.9315, 27.8304, 140.761, 21.8013, 45.3839, 0.953122, 0.644047, 0.956656, -118.32, 0.982945, 120.439
5441, 90.67500, 30.8801, -74.9329, 27.8103, 140.757, 21.7869, 45.3824, 0.953105, 0.642341, 0.956653, -118.32, 0.982922, 120.438
5441, 90.68333, 30.8583, -74.9344, 27.7903, 140.754, 21.7726, 45.3808, 0.953088, 0.640638, 0.956649, -118.321, 0.9829, 120.437
5441, 90.69167, 30.8364, -74.9358, 27.7702, 140.751, 21.7582, 45.3793, 0.953071, 0.638938, 0.956646, -118.322, 0.982877, 120.435
5442, 90.70000, 30.8146, -74.9372, 27.7502, 140.747, 21.7439, 45.3778, 0.953054, 0.637241, 0.956642, -118.322, 0.982855, 120.434
5443, 90.70834, 30.7928, -74.9386, 27.7302, 140.744, 21.7296, 45.3763, 0.953037, 0.635548, 0.956639, -118.323, 0.982833, 120.433
5443, 90.71667, 30.7711, -74.94, 27.7103, 140.741, 21.7152, 45.3748, 0.95302, 0.633857, 0.956635, -118.323, 0.982811, 120.432
5444, 90.72500, 30.7493, -74.9413, 27.6903, 140.737, 21.7009, 45.3733, 0.953003, 0.632169, 0.956632, -118.324, 0.982789, 120.43
5444, 90.73333, 30.7276, -74.9427, 27.6704, 140.734, 21.6866, 45.3719, 0.952986, 0.630484, 0.956628, -118.324, 0.982767, 120.429
5444, 90.74167, 30.7059, -74.9441, 27.6505, 140.731, 21.6723, 45.3704, 0.952969, 0.628803, 0.956625, -118.325, 0.982745, 120.428
5445, 90.75000, 30.6842, -74.9454, 27.6306, 140.727, 21.6581, 45.3689, 0.952952, 0.627124, 0.956622, -118.326, 0.982723, 120.427
5446, 90.75833, 30.6626, -74.9468, 27.6107, 140.724, 21.6438, 45.3675, 0.952935, 0.625449, 0.956618, -118.326, 0.982701, 120.425
5446, 90.76667, 30.6409, -74.9481, 27.5909, 140.721, 21.6296, 45.3661, 0.952918, 0.623776, 0.956615, -118.327, 0.982679, 120.424
5447, 90.77500, 30.6193, -74.9495, 27.571, 140.717, 21.6153, 45.3646, 0.952902, 0.622106, 0.956612, -118.327, 0.982657, 120.423
5447, 90.78333, 30.5977, -74.9508, 27.5512, 140.714, 21.6011, 45.3632, 0.952885, 0.62044, 0.956609, -118.328, 0.982636, 120.422
5448, 90.79166, 30.5761, -74.9521, 27.5314, 140.711, 21.5868, 45.3618, 0.952869, 0.618776, 0.956605, -118.328, 0.982614, 120.42
5448, 90.80000, 30.5546, -74.9534, 27.5117, 140.707, 21.5726, 45.3604, 0.952852, 0.617115, 0.956602, -118.329, 0.982592, 120.419
5449, 90.80833, 30.5331, -74.9547, 27.4919, 140.704, 21.5584, 45.359, 0.952836, 0.615458, 0.956599, -118.329, 0.982571, 120.418
5449, 90.81667, 30.5115, -74.956, 27.4722, 140.701, 21.5442, 45.3576, 0.952819, 0.613803, 0.956596, -118.33, 0.982549, 120.417
5449, 90.82500, 30.4901, -74.9573, 27.4524, 140.697, 21.5301, 45.3563, 0.952803, 0.612151, 0.956593, -118.33, 0.982528, 120.415
5450, 90.83334, 30.4686, -74.9586, 27.4327, 140.694, 21.5159, 45.3549, 0.952786, 0.610502, 0.95659, -118.331, 0.982506, 120.414
5451, 90.84167, 30.4471, -74.9598, 27.4131, 140.69, 21.5017, 45.3536, 0.95277, 0.608856, 0.956586, -118.332, 0.982485, 120.413
5451, 90.85000, 30.4257, -74.9611, 27.3934, 140.687, 21.4876, 45.3522, 0.952754, 0.607213, 0.956583, -118.332, 0.982464, 120.412
5452, 90.85833, 30.4043, -74.9623, 27.3738, 140.684, 21.4734, 45.3509, 0.952737, 0.605573, 0.95658, -118.333, 0.982442, 120.411
5452, 90.86667, 30.3829, -74.9636, 27.3541, 140.68, 21.4593, 45.3496, 0.952721, 0.603936, 0.956577, -118.333, 0.982421, 120.409
5453, 90.87500, 30.3616, -74.9648, 27.3345, 140.677, 21.4452, 45.3483, 0.952705, 0.602302, 0.956574, -118.334, 0.9824, 120.408
5453, 90.88333, 30.3403, -74.966, 27.3149, 140.674, 21.4311, 45.347, 0.952689, 0.60067, 0.956571, -118.334, 0.982379, 120.407
5454, 90.89167, 30.3189, -74.9673, 27.2954, 140.67, 21.4169, 45.3457, 0.952673, 0.599042, 0.956568, -118.335, 0.982358, 120.406
5454, 90.90000, 30.2976, -74.9685, 27.2758, 140.667, 21.4029, 45.3444, 0.952657, 0.597416, 0.956565, -118.335, 0.982337, 120.405
5455, 90.90833, 30.2764, -74.9697, 27.2563, 140.663, 21.3888, 45.3431, 0.952641, 0.595793, 0.956563, -118.336, 0.982316, 120.403
5455, 90.91666, 30.2551, -74.9709, 27.2368, 140.66, 21.3747, 45.3418, 0.952625, 0.594173, 0.95656, -118.336, 0.982295, 120.402
5456, 90.92500, 30.2339, -74.9721, 27.2173, 140.657, 21.3606, 45.3406, 0.952609, 0.592556, 0.956557, -118.337, 0.982274, 120.401
5456, 90.93333, 30.2127, -74.9732, 27.1978, 140.653, 21.3466, 45.3393, 0.952593, 0.590942, 0.956554, -118.337, 0.982253, 120.4
5457, 90.94167, 30.1915, -74.9744, 27.1783, 140.65, 21.3325, 45.3381, 0.952577, 0.58933, 0.956551, -118.338, 0.982233, 120.399
5457, 90.95000, 30.1703, -74.9756, 27.1589, 140.646, 21.3185, 45.3368, 0.952561, 0.587722, 0.956548, -118.339, 0.982212, 120.397
5457, 90.95834, 30.1492, -74.9767, 27.1395, 140.643, 21.3045, 45.3356, 0.952546, 0.586116, 0.956546, -118.339, 0.982191, 120.396
5458, 90.96667, 30.1281, -74.9779, 27.1201, 140.64, 21.2905, 45.3344, 0.95253, 0.584513, 0.956543, -118.34, 0.982171, 120.395
5459, 90.97500, 30.107, -74.979, 27.1007, 140.636, 21.2765, 45.3332, 0.952514, 0.582913, 0.95654, -118.34, 0.98215, 120.394
5459, 90.98333, 30.0859, -74.9802, 27.0813, 140.633, 21.2625, 45.332, 0.952499, 0.581316, 0.956537, -118.341, 0.98213, 120.393
5460, 90.99167, 30.0648, -74.9813, 27.062, 140.629, 21.2485, 45.3308, 0.952483, 0.579721, 0.956535, -118.341, 0.982109, 120.392
5460, 91.00000, 30.0438, -74.9824, 27.0426, 140.626, 21.2345, 45.3296, 0.952468, 0.578129, 0.956532, -118.342, 0.982089, 120.39
5461, 91.00833, 30.0227, -74.9835, 27.0233, 140.623, 21.2206, 45.3285, 0.952452, 0.57654, 0.95653, -118.342, 0.982068, 120.389
5461, 91.01667, 30.0017, -74.9846, 27.004, 140.619, 21.2066, 45.3273, 0.952437, 0.574954, 0.956527, -118.343, 0.982048, 120.388
5462, 91.02500, 29.9808, -74.9857, 26.9848, 140.616, 21.1927, 45.3262, 0.952421, 0.57337, 0.956524, -118.343, 0.982028, 120.387
5462, 91.03333, 29.9598, -74.9868, 26.9655, 140.612, 21.1787, 45.325, 0.952406, 0.57179, 0.956522, -118.344, 0.982008, 120.386
5463, 91.04166, 29.9389, -74.9879, 26.9463, 140.609, 21.1648, 45.3239, 0.952391, 0.570211, 0.956519, -118.344, 0.981987, 120.385
5463, 91.05000, 29.918, -74.9889, 26.927, 140.605, 21.1509, 45.3228, 0.952375, 0.568636, 0.956517, -118.345, 0.981967, 120.383
5464, 91.05833, 29.8971, -74.99, 26.9078, 140.602, 21.137, 45.3217, 0.95236, 0.567064, 0.956514, -118.345, 0.981947, 120.382
5464, 91.06667, 29.8762, -74.9911, 26.8887, 140.599, 21.1231, 45.3206, 0.952345, 0.565494, 0.956512, -118.346, 0.981927, 120.381
5465, 91.07500, 29.8553, -74.9921, 26.8695, 140.595, 21.1092, 45.3195, 0.95233, 0.563927, 0.956509, -118.346, 0.981907, 120.38
5465, 91.08334, 29.8345, -74.9931, 26.8503, 140.592, 21.0953, 45.3184, 0.952315, 0.562362, 0.956507, -118.347, 0.981887, 120.379
5465, 91.09167, 29.8137, -74.9942, 26.8312, 140.588, 21.0815, 45.3173, 0.952299, 0.5608, 0.956505, -118.347, 0.981868, 120.378
5466, 91.10000, 29.7929, -74.9952, 26.8121, 140.585, 21.0676, 45.3162, 0.952284, 0.559241, 0.956502, -118.348, 0.981848, 120.377
5467, 91.10833, 29.7721, -74.9962, 26.793, 140.581, 21.0538, 45.3152, 0.952269, 0.557685, 0.9565, -118.348, 0.981828, 120.375
5467, 91.11667, 29.7513, -74.9972, 26.7739, 140.578, 21.0399, 45.3141, 0.952254, 0.556131, 0.956497, -118.349, 0.981808, 120.374
5468, 91.12500, 29.7306, -74.9982, 26.7549, 140.575, 21.0261, 45.3131, 0.95224, 0.55458, 0.956495, -118.35, 0.981789, 120.373
5468, 91.13333, 29.7099, -74.9992, 26.7358, 140.571, 21.0123, 45.312, 0.952225, 0.553032, 0.956493, -118.35, 0.981769, 120.372
5469, 91.14167, 29.6892, -75.0002, 26.7168, 140.568, 20.9985, 45.311, 0.95221, 0.551486, 0.956491, -118.351, 0.981749, 120.371
5469, 91.15000, 29.6685, -75.0012, 26.6978, 140.564, 20.9847, 45.31, 0.952195, 0.549943, 0.956488, -118.351, 0.98173, 120.37
5470, 91.15833, 29.6479, -75.0021, 26.6788, 140.561, 20.9709, 45.309, 0.95218, 0.548403, 0.956486, -118.352, 0.98171, 120.369
5470, 91.16666, 29.6273, -75.0031, 26.6598, 140.557, 20.9571, 45.308, 0.952166, 0.546865, 0.956484, -118.352, 0.981691, 120.368
5471, 91.17500, 29.6066, -75.0041, 26.6409, 140.554, 20.9433, 45.307, 0.952151, 0.54533, 0.956482, -118.353, 0.981672, 120.366
5471, 91.18333, 29.586, -75.005, 26.6219, 140.55, 20.9296, 45.306, 0.952136, 0.543797, 0.95648, -118.353, 0.981652, 120.365
5472, 91.19167, 29.5655, -75.0059, 26.603, 140.547, 20.9158, 45.3051, 0.952122, 0.542267, 0.956478, -118.354, 0.981633, 120.364
5472, 91.20000, 29.5449, -75.0069, 26.5841, 140.544, 20.9021, 45.3041, 0.952107, 0.54074, 0.956475, -118.354, 0.981614, 120.363
5473, 91.20834, 29.5244, -75.0078, 26.5652, 140.54, 20.8884, 45.3032, 0.952093, 0.539215, 0.956473, -118.355, 0.981594, 120.362
5473, 91.21667, 29.5039, -75.0087, 26.5463, 140.537, 20.8746, 45.3022, 0.952078, 0.537693, 0.956471, -118.355, 0.981575, 120.361
5473, 91.22500, 29.4834, -75.0096, 26.5275, 140.533, 20.8609, 45.3013, 0.952064, 0.536173, 0.956469, -118.356, 0.981556, 120.36
5474, 91.23333, 29.4629, -75.0105, 26.5087, 140.53, 20.8472, 45.3004, 0.952049, 0.534656, 0.956467, -118.356, 0.981537, 120.359
5475, 91.24167, 29.4425, -75.0114, 26.4898, 140.526, 20.8335, 45.2994, 0.952035, 0.533142, 0.956465, -118.357, 0.981518, 120.358
5475, 91.25000, 29.422, -75.0123, 26.471, 140.523, 20.8198, 45.2985, 0.952021, 0.53163, 0.956463, -118.357, 0.981499, 120.356
5476, 91.25833, 29.4016, -75.0132, 26.4523, 140.519, 20.8062, 45.2976, 0.952006, 0.530121, 0.956461, -118.358, 0.98148, 120.355
5476, 91.26667, 29.3812, -75.014, 26.4335, 140.516, 20.7925, 45.2967, 0.951992, 0.528614, 0.956459, -118.358, 0.981461, 120.354
5477, 91.27500, 29.3608, -75.0149, 26.4148, 140.512, 20.7789, 45.2959, 0.951978, 0.527109, 0.956457, -118.359, 0.981443, 120.353
5477, 91.28333, 29.3405, -75.0158, 26.396, 140.509, 20.7652, 45.295, 0.951964, 0.525608, 0.956455, -118.359, 0.981424, 120.352
5478, 91.29166, 29.3201, -75.0166, 26.3773, 140.505, 20.7516, 45.2941, 0.951949, 0.524108, 0.956454, -118.36, 0.981405, 120.351
5478, 91.30000, 29.2998, -75.0174, 26.3586, 140.502, 20.7379, 45.2933, 0.951935, 0.522612, 0.956452, -118.36, 0.981386, 120.35
5479, 91.30833, 29.2795, -75.0183, 26.3399, 140.498, 20.7243, 45.2924, 0.951921, 0.521118, 0.95645, -118.361, 0.981368, 120.349
5479, 91.31667, 29.2593, -75.0191, 26.3213, 140.495, 20.7107, 45.2916, 0.951907, 0.519626, 0.956448, -118.361, 0.981349, 120.348
5480, 91.32500, 29.239, -75.0199, 26.3026, 140.491, 20.6971, 45.2908, 0.951893, 0.518137, 0.956446, -118.362, 0.981331, 120.347
5480, 91.33334, 29.2188, -75.0207, 26.284, 140.488, 20.6835, 45.2899, 0.951879, 0.51665, 0.956444, -118.362, 0.981312, 120.346
5481, 91.34167, 29.1985, -75.0215, 26.2654, 140.484, 20.67, 45.2891, 0.951865, 0.515166, 0.956443, -118.362, 0.981294, 120.344
5481, 91.35000, 29.1784, -75.0223, 26.2468, 140.481, 20.6564, 45.2883, 0.951852, 0.513684, 0.956441, -118.363, 0.981275, 120.343
5481, 91.35833, 29.1582, -75.0231, 26.2282, 140.477, 20.6428, 45.2875, 0.951838, 0.512205, 0.956439, -118.363, 0.981257, 120.342
5482, 91.36667, 29.138, -75.0239, 26.2097, 140.474, 20.6293, 45.2867, 0.951824, 0.510728, 0.956438, -118.364, 0.981238, 120.341
5483, 91.37500, 29.1179, -75.0247, 26.1911, 140.47, 20.6157, 45.286, 0.95181, 0.509254, 0.956436, -118.364, 0.98122, 120.34
5483, 91.38333, 29.0977, -75.0254, 26.1726, 140.467, 20.6022, 45.2852, 0.951797, 0.507782, 0.956434, -118.365, 0.981202, 120.339
5484, 91.39167, 29.0776, -75.0262, 26.1541, 140.463, 20.5887, 45.2844, 0.951783, 0.506312, 0.956433, -118.365, 0.981184, 120.338
5484, 91.40000, 29.0576, -75.0269, 26.1356, 140.46, 20.5752, 45.2837, 0.951769, 0.504845, 0.956431, -118.366, 0.981166, 120.337
5485, 91.40833, 29.0375, -75.0277, 26.1171, 140.456, 20.5617, 45.2829, 0.951756, 0.503381, 0.956429, -118.366, 0.981148, 120.336
5485, 91.41666, 29.0175, -75.0284, 26.0987, 140.453, 20.5482, 45.2822, 0.951742, 0.501918, 0.956428, -118.367, 0.98113, 120.335
5486, 91.42500, 28.9974, -75.0291, 26.0802, 140.449, 20.5347, 45.2815, 0.951729, 0.500459, 0.956426, -118.367, 0.981112, 120.334
5486, 91.43333, 28.9774, -75.0298, 26.0618, 140.446, 20.5212, 45.2808, 0.951715, 0.499001, 0.956425, -118.368, 0.981094, 120.333
5487, 91.44167, 28.9574, -75.0306, 26.0434, 140.442, 20.5077, 45.2801, 0.951702, 0.497546, 0.956423, -118.368, 0.981076, 120.332
5487, 91.45000, 28.9375, -75.0313, 26.025, 140.439, 20.4943, 45.2794, 0.951688, 0.496094, 0.956422, -118.369, 0.981058, 120.331
5488, 91.45834, 28.9175, -75.032, 26.0066, 140.435, 20.4808, 45.2787, 0.951675, 0.494644, 0.95642, -118.369, 0.98104, 120.33
5488, 91.46667, 28.8976, -75.0326, 25.9883, 140.432, 20.4674, 45.278, 0.951661, 0.493196, 0.956419, -118.37, 0.981022, 120.329
5489, 91.47500, 28.8777, -75.0333, 25.9699, 140.428, 20.4539, 45.2773, 0.951648, 0.49175, 0.956417, -118.37, 0.981004, 120.328
5489, 91.48333, 28.8578, -75.034, 25.9516, 140.424, 20.4405, 45.2766, 0.951635, 0.490307, 0.956416, -118.371, 0.980987, 120.326
5489, 91.49167, 28.8379, -75.0347, 25.9333, 140.421, 20.4271, 45.276, 0.951622, 0.488867, 0.956415, -118.371, 0.980969, 120.325
5490, 91.50000, 28.818, -75.0353, 25.915, 140.417, 20.4137, 45.2753, 0.951608, 0.487428, 0.956413, -118.372, 0.980951, 120.324
5491, 91.50833, 28.7982, -75.036, 25.8967, 140.414, 20.4003, 45.2747, 0.951595, 0.485992, 0.956412, -118.372, 0.980934, 120.323
5491, 91.51667, 28.7784, -75.0366, 25.8785, 140.41, 20.3869, 45.2741, 0.951582, 0.484559, 0.956411, -118.373, 0.980916, 120.322
5492, 91.52500, 28.7586, -75.0373, 25.8602, 140.407, 20.3735, 45.2735, 0.951569, 0.483128, 0.956409, -118.373, 0.980899, 120.321
5492, 91.53333, 28.7388, -75.0379, 25.842, 140.403, 20.3602, 45.2728, 0.951556, 0.481699, 0.956408, -118.373, 0.980881, 120.32
5493, 91.54166, 28.719, -75.0385, 25.8238, 140.4, 20.3468, 45.2722, 0.951543, 0.480272, 0.956407, -118.374, 0.980864, 120.319
5493, 91.55000, 28.6993, -75.0391, 25.8056, 140.396, 20.3335, 45.2716, 0.95153, 0.478848, 0.956405, -118.374, 0.980847, 120.318
5494, 91.55833, 28.6796, -75.0397, 25.7874, 140.392, 20.3201, 45.2711, 0.951517, 0.477426, 0.956404, -118.375, 0.980829, 120.317
5494, 91.56667, 28.6599, -75.0403, 25.7692, 140.389, 20.3068, 45.2705, 0.951504, 0.476006, 0.956403, -118.375, 0.980812, 120.316
5495, 91.57500, 28.6402, -75.0409, 25.7511, 140.385, 20.2935, 45.2699, 0.951491, 0.474589, 0.956402, -118.376, 0.980795, 120.315
5495, 91.58334, 28.6205, -75.0415, 25.733, 140.382, 20.2802, 45.2693, 0.951478, 0.473173, 0.956401, -118.376, 0.980778, 120.314
5496, 91.59167, 28.6009, -75.0421, 25.7149, 140.378, 20.2669, 45.2688, 0.951465, 0.471761, 0.956399, -118.377, 0.980761, 120.313
5496, 91.60000, 28.5812, -75.0427, 25.6968, 140.375, 20.2536, 45.2682, 0.951453, 0.47035, 0.956398, -118.377, 0.980743, 120.312
5497, 91.60833, 28.5616, -75.0432, 25.6787, 140.371, 20.2403, 45.2677, 0.95144, 0.468942, 0.956397, -118.378, 0.980726, 120.311
5497, 91.61667, 28.542, -75.0438, 25.6606, 140.367, 20.227, 45.2672, 0.951427, 0.467536, 0.956396, -118.378, 0.980709, 120.31
5497, 91.62500, 28.5224, -75.0443, 25.6426, 140.364, 20.2137, 45.2667, 0.951415, 0.466132, 0.956395, -118.379, 0.980692, 120.309
5498, 91.63333, 28.5029, -75.0449, 25.6245, 140.36, 20.2005, 45.2662, 0.951402, 0.464731, 0.956394, -118.379, 0.980676, 120.308
5499, 91.64167, 28.4833, -75.0454, 25.6065, 140.357, 20.1872, 45.2656, 0.951389, 0.463331, 0.956393, -118.379, 0.980659, 120.307
5499, 91.65000, 28.4638, -75.0459, 25.5885, 140.353, 20.174, 45.2652, 0.951377, 0.461934, 0.956392, -118.38, 0.980642, 120.306
5500, 91.65833, 28.4443, -75.0465, 25.5705, 140.349, 20.1608, 45.2647, 0.951364, 0.46054, 0.956391, -118.38, 0.980625, 120.305
5500, 91.66666, 28.4248, -75.047, 25.5526, 140.346, 20.1475, 45.2642, 0.951352, 0.459147, 0.95639, -118.381, 0.980608, 120.304
5501, 91.67500, 28.4054, -75.0475, 25.5346, 140.342, 20.1343, 45.2637, 0.951339, 0.457757, 0.956389, -118.381, 0.980592, 120.303
5501, 91.68333, 28.3859, -75.048, 25.5167, 140.339, 20.1211, 45.2633, 0.951327, 0.456369, 0.956388, -118.382, 0.980575, 120.302
5502, 91.69167, 28.3665, -75.0485, 25.4987, 140.335, 20.1079, 45.2628, 0.951314, 0.454983, 0.956387, -118.382, 0.980558, 120.301
5502, 91.70000, 28.3471, -75.049, 25.4808, 140.331, 20.0947, 45.2624, 0.951302, 0.453599, 0.956386, -118.383, 0.980542, 120.3
5503, 91.70834, 28.3277, -75.0494, 25.463, 140.328, 20.0815, 45.2619, 0.95129, 0.452218, 0.956385, -118.383, 0.980525, 120.299
5503, 91.71667, 28.3083, -75.0499, 25.4451, 140.324, 20.0684, 45.2615, 0.951277, 0.450839, 0.956384, -118.384, 0.980509, 120.298
5504, 91.72500, 28.2889, -75.0504, 25.4272, 140.321, 20.0552, 45.2611, 0.951265, 0.449462, 0.956384, -118.384, 0.980492, 120.297
5504, 91.73333, 28.2696, -75.0508, 25.4094, 140.317, 20.0421, 45.2607, 0.951253, 0.448087, 0.956383, -118.384, 0.980476, 120.296
5505, 91.74167, 28.2503, -75.0513, 25.3916, 140.313, 20.0289, 45.2603, 0.951241, 0.446714, 0.956382, -118.385, 0.980459, 120.295
5505, 91.75000, 28.231, -75.0517, 25.3737, 140.31, 20.0158, 45.2599, 0.951229, 0.445344, 0.956381, -118.385, 0.980443, 120.294
5505, 91.75833, 28.2117, -75.0521, 25.3559, 140.306, 20.0027, 45.2595, 0.951216, 0.443975, 0.95638, -118.386, 0.980427, 120.293
5506, 91.76667, 28.1924, -75.0526, 25.3382, 140.302, 19.9895, 45.2591, 0.951204, 0.442609, 0.95638, -118.386, 0.98041, 120.292
5507, 91.77500, 28.1732, -75.053, 25.3204, 140.299, 19.9764, 45.2587, 0.951192, 0.441245, 0.956379, -118.387, 0.980394, 120.291
5507, 91.78333, 28.1539, -75.0534, 25.3027, 140.295, 19.9633, 45.2584, 0.95118, 0.439883, 0.956378, -118.387, 0.980378, 120.29
5508, 91.79166, 28.1347, -75.0538, 25.2849, 140.292, 19.9502, 45.258, 0.951168, 0.438523, 0.956378, -118.388, 0.980362, 120.289
5508, 91.80000, 28.1155, -75.0542, 25.2672, 140.288, 19.9371, 45.2577, 0.951156, 0.437166, 0.956377, -118.388, 0.980346, 120.288
5509, 91.80833, 28.0963, -75.0546, 25.2495, 140.284, 19.9241, 45.2574, 0.951144, 0.435811, 0.956376, -118.388, 0.98033, 120.288
5509, 91.81667, 28.0772, -75.055, 25.2318, 140.281, 19.911, 45.257, 0.951132, 0.434457, 0.956375, -118.389, 0.980314, 120.287
5510, 91.82500, 28.058, -75.0553, 25.2141, 140.277, 19.898, 45.2567, 0.951121, 0.433106, 0.956375, -118.389, 0.980298, 120.286
5510, 91.83334, 28.0389, -75.0557, 25.1965, 140.273, 19.8849, 45.2564, 0.951109, 0.431757, 0.956374, -118.39, 0.980282, 120.285
5511, 91.84167, 28.0198, -75.0561, 25.1789, 140.27, 19.8719, 45.2561, 0.951097, 0.43041, 0.956374, -118.39, 0.980266, 120.284
5511, 91.85000, 28.0007, -75.0564, 25.1612, 140.266, 19.8588, 45.2558, 0.951085, 0.429065, 0.956373, -118.391, 0.98025, 120.283
5512, 91.85833, 27.9816, -75.0568, 25.1436, 140.262, 19.8458, 45.2555, 0.951074, 0.427722, 0.956373, -118.391, 0.980234, 120.282
5512, 91.86667, 27.9625, -75.0571, 25.126, 140.259, 19.8328, 45.2552, 0.951062, 0.426381, 0.956372, -118.391, 0.980219, 120.281
5513, 91.87500, 27.9435, -75.0574, 25.1084, 140.255, 19.8198, 45.255, 0.95105, 0.425043, 0.956371, -118.392, 0.980203, 120.28
5513, 91.88333, 27.9245, -75.0578, 25.0909, 140.251, 19.8068, 45.2547, 0.951039, 0.423706, 0.956371, -118.392, 0.980187, 120.279
5513, 91.89167, 27.9055, -75.0581, 25.0733, 140.248, 19.7938, 45.2545, 0.951027, 0.422372, 0.956371, -118.393, 0.980172, 120.278
5514, 91.90000, 27.8865, -75.0584, 25.0558, 140.244, 19.7808, 45.2542, 0.951015, 0.421039, 0.95637, -118.393, 0.980156, 120.277
5515, 91.90833, 27.8675, -75.0587, 25.0383, 140.24, 19.7679, 45.254, 0.951004, 0.419709, 0.95637, -118.394, 0.98014, 120.276
5515, 91.91666, 27.8486, -75.059, 25.0208, 140.237, 19.7549, 45.2538, 0.950992, 0.418381, 0.956369, -118.394, 0.980125, 120.275
5516, 91.92500, 27.8296, -75.0593, 25.0033, 140.233, 19.7419, 45.2535, 0.950981, 0.417055, 0.956369, -118.394, 0.980109, 120.274
5516, 91.93333, 27.8107, -75.0596, 24.9858, 140.229, 19.729, 45.2533, 0.950969, 0.41573, 0.956368, -118.395, 0.980094, 120.273
5517, 91.94167, 27.7918, -75.0598, 24.9684, 140.226, 19.7161, 45.2531, 0.950958, 0.414408, 0.956368, -118.395, 0.980078, 120.272
5517, 91.95000, 27.7729, -75.0601, 24.9509, 140.222, 19.7031, 45.2529, 0.950947, 0.413088, 0.956368, -118.396, 0.980063, 120.271
5518, 91.95834, 27.7541, -75.0604, 24.9335, 140.218, 19.6902, 45.2527, 0.950935, 0.41177, 0.956367, -118.396, 0.980048, 120.271
5518, 91.96667, 27.7352, -75.0606, 24.9161, 140.215, 19.6773, 45.2526, 0.950924, 0.410454, 0.956367, -118.397, 0.980033, 120.27
5519, 91.97500, 27.7164, -75.0609, 24.8987, 140.211, 19.6644, 45.2524, 0.950913, 0.40914, 0.956367, -118.397, 0.980017, 120.269
5519, 91.98333, 27.6976, -75.0611, 24.8813, 140.207, 19.6515, 45.2522, 0.950901, 0.407828, 0.956366, -118.397, 0.980002, 120.268
5520, 91.99167, 27.6788, -75.0613, 24.8639, 140.204, 19.6386, 45.2521, 0.95089, 0.406518, 0.956366, -118.398, 0.979987, 120.267
5520, 92.00000, 27.66, -75.0616, 24.8466, 140.2, 19.6257, 45.2519, 0.950879, 0.40521, 0.956366, -118.398, 0.979972, 120.266
5521, 92.00833, 27.6412, -75.0618, 24.8293, 140.196, 19.6129, 45.2518, 0.950868, 0.403904, 0.956366, -118.399, 0.979957, 120.265
5521, 92.01667, 27.6225, -75.062, 24.8119, 140.192, 19.6, 45.2517, 0.950857, 0.4026, 0.956365, -118.399, 0.979942, 120.264
5521, 92.02500, 27.6037, -75.0622, 24.7946, 140.189, 19.5872, 45.2515, 0.950846, 0.401298, 0.956365, -118.4, 0.979927, 120.263
5522, 92.03333, 27.585, -75.0624, 24.7773, 140.185, 19.5743, 45.2514, 0.950835, 0.399998, 0.956365, -118.4, 0.979912, 120.262
5523, 92.04166, 27.5663, -75.0626, 24.7601, 140.181, 19.5615, 45.2513, 0.950824, 0.3987, 0.956365, -118.4, 0.979897, 120.261
5523, 92.05000, 27.5476, -75.0628, 24.7428, 140.178, 19.5487, 45.2512, 0.950813, 0.397404, 0.956365, -118.401, 0.979882, 120.26
5524, 92.05833, 27.529, -75.063, 24.7255, 140.174, 19.5358, 45.2511, 0.950802, 0.39611, 0.956365, -118.401, 0.979867, 120.259
5524, 92.06667, 27.5103, -75.0631, 24.7083, 140.17, 19.523, 45.2511, 0.950791, 0.394817, 0.956365, -118.402, 0.979852, 120.259
5525, 92.07500, 27.4917, -75.0633, 24.6911, 140.166, 19.5102, 45.251, 0.95078, 0.393527, 0.956364, -118.402, 0.979837, 120.258
5525, 92.08334, 27.4731, -75.0634, 24.6739, 140.163, 19.4974, 45.2509, 0.950769, 0.392239, 0.956364, -118.402, 0.979822, 120.257
5526, 92.09167, 27.4545, -75.0636, 24.6567, 140.159, 19.4847, 45.2509, 0.950758, 0.390952, 0.956364, -118.403, 0.979808, 120.256
5526, 92.10000, 27.4359, -75.0637, 24.6395, 140.155, 19.4719, 45.2508, 0.950747, 0.389668, 0.956364, -118.403, 0.979793, 120.255
5527, 92.10833, 27.4173, -75.0639, 24.6224, 140.151, 19.4591, 45.2508, 0.950736, 0.388386, 0.956364, -118.404, 0.979778, 120.254
5527, 92.11667, 27.3988, -75.064, 24.6052, 140.148, 19.4464, 45.2508, 0.950726, 0.387105, 0.956364, -118.404, 0.979764, 120.253
5528, 92.12500, 27.3803, -75.0641, 24.5881, 140.144, 19.4336, 45.2507, 0.950715, 0.385827, 0.956364, -118.404, 0.979749, 120.252
5528, 92.13333, 27.3618, -75.0642, 24.571, 140.14, 19.4209, 45.2507, 0.950704, 0.38455, 0.956364, -118.405, 0.979735, 120.251
5529, 92.14167, 27.3433, -75.0643, 24.5539, 140.136, 19.4081, 45.2507, 0.950693, 0.383275, 0.956364, -118.405, 0.97972, 120.25
5529, 92.15000, 27.3248, -75.0644, 24.5368, 140.133, 19.3954, 45.2507, 0.950683, 0.382002, 0.956364, -118.406, 0.979706, 120.25
5529, 92.15833, 27.3063, -75.0645, 24.5197, 140.129, 19.3827, 45.2507, 0.950672, 0.380731, 0.956364, -118.406, 0.979691, 120.249
5530, 92.16666, 27.2879, -75.0646, 24.5027, 140.125, 19.37, 45.2507, 0.950662, 0.379462, 0.956364, -118.406, 0.979677, 120.248
5531, 92.17500, 27.2694, -75.0647, 24.4856, 140.121, 19.3573, 45.2508, 0.950651, 0.378195, 0.956365, -118.407, 0.979663, 120.247
5531, 92.18333, 27.251, -75.0648, 24.4686, 140.118, 19.3446, 45.2508, 0.950641, 0.37693, 0.956365, -118.407, 0.979648, 120.246
5532, 92.19167, 27.2326, -75.0648, 24.4516, 140.114, 19.3319, 45.2508, 0.95063, 0.375666, 0.956365, -118.408, 0.979634, 120.245
5532, 92.20000, 27.2142, -75.0649, 24.4346, 140.11, 19.3192, 45.2509, 0.95062, 0.374405, 0.956365, -118.408, 0.97962, 120.244
5533, 92.20834, 27.1959, -75.0649, 24.4176, 140.106, 19.3066, 45.2509, 0.950609, 0.373145, 0.956365, -118.408, 0.979606, 120.243
5533, 92.21667, 27.1775, -75.065, 24.4006, 140.102, 19.2939, 45.251, 0.950599, 0.371887, 0.956365, -118.409, 0.979592, 120.243
5534, 92.22500, 27.1592, -75.065, 24.3837, 140.099, 19.2812, 45.2511, 0.950588, 0.370631, 0.956366, -118.409, 0.979577, 120.242
5534, 92.23333, 27.1409, -75.065, 24.3667, 140.095, 19.2686, 45.2512, 0.950578, 0.369377, 0.956366, -118.41, 0.979563, 120.241
5535, 92.24167, 27.1226, -75.0651, 24.3498, 140.091, 19.256, 45.2513, 0.950568, 0.368125, 0.956366, -118.41, 0.979549, 120.24
5535, 92.25000, 27.1043, -75.0651, 24.3329, 140.087, 19.2433, 45.2514, 0.950557, 0.366875, 0.956366, -118.41, 0.979535, 120.239
5536, 92.25833, 27.086, -75.0651, 24.316, 140.084, 19.2307, 45.2515, 0.950547, 0.365626, 0.956367, -118.411, 0.979521, 120.238
5536, 92.26667, 27.0678, -75.0651, 24.2991, 140.08, 19.2181, 45.2516, 0.950537, 0.364379, 0.956367, -118.411, 0.979507, 120.237
5537, 92.27500, 27.0496, -75.0651, 24.2822, 140.076, 19.2055, 45.2517, 0.950527, 0.363135, 0.956367, -118.412, 0.979494, 120.236
5537, 92.28333, 27.0313, -75.0651, 24.2654, 140.072, 19.1929, 45.2518, 0.950517, 0.361892, 0.956367, -118.412, 0.97948, 120.236
5537, 92.29166, 27.0131, -75.0651, 24.2485, 140.068, 19.1803, 45.252, 0.950507, 0.36065, 0.956368, -118.412, 0.979466, 120.235
5538, 92.30000, 26.9949, -75.065, 24.2317, 140.065, 19.1677, 45.2521, 0.950496, 0.359411, 0.956368, -118.413, 0.979452, 120.234
5539, 92.30833, 26.9768, -75.065, 24.2149, 140.061, 19.1552, 45.2523, 0.950486, 0.358173, 0.956369, -118.413, 0.979438, 120.233
5539, 92.31667, 26.9586, -75.065, 24.1981, 140.057, 19.1426, 45.2524, 0.950476, 0.356938, 0.956369, -118.414, 0.979425, 120.232
5540, 92.32500, 26.9405, -75.0649, 24.1813, 140.053, 19.13, 45.2526, 0.950466, 0.355704, 0.956369, -118.414, 0.979411, 120.231
5540, 92.33334, 26.9224, -75.0649, 24.1645, 140.049, 19.1175, 45.2528, 0.950456, 0.354472, 0.95637, -118.414, 0.979397, 120.23
5541, 92.34167, 26.9043, -75.0648, 24.1478, 140.045, 19.105, 45.253, 0.950446, 0.353241, 0.95637, -118.415, 0.979384, 120.23
5541, 92.35000, 26.8862, -75.0647, 24.131, 140.042, 19.0924, 45.2532, 0.950436, 0.352012, 0.956371, -118.415, 0.97937, 120.229
5542, 92.35833, 26.8681, -75.0647, 24.1143, 140.038, 19.0799, 45.2534, 0.950426, 0.350786, 0.956371, -118.415, 0.979357, 120.228
5542, 92.36667, 26.85, -75.0646, 24.0976, 140.034, 19.0674, 45.2536, 0.950417, 0.349561, 0.956372, -118.416, 0.979343, 120.227
5543, 92.37500, 26.832, -75.0645, 24.0809, 140.03, 19.0549, 45.2538, 0.950407, 0.348337, 0.956372, -118.416, 0.97933, 120.226
5543, 92.38333, 26.814, -75.0644, 24.0642, 140.026, 19.0424, 45.254, 0.950397, 0.347116, 0.956373, -118.417, 0.979316, 120.225
5544, 92.39167, 26.796, -75.0643, 24.0475, 140.022, 19.0299, 45.2542, 0.950387, 0.345896, 0.956373, -118.417, 0.979303, 120.224
5544, 92.40000, 26.778, -75.0642, 24.0309, 140.019, 19.0174, 45.2545, 0.950377, 0.344678, 0.956374, -118.417, 0.97929, 120.224
5545, 92.40833, 26.76, -75.0641, 24.0142, 140.015, 19.0049, 45.2547, 0.950368, 0.343462, 0.956374, -118.418, 0.979276, 120.223
5545, 92.41666, 26.742, -75.064, 23.9976, 140.011, 18.9925, 45.255, 0.950358, 0.342247, 0.956375, -118.418, 0.979263, 120.222
5545, 92.42500, 26.7241, -75.0638, 23.981, 140.007, 18.98, 45.2553, 0.950348, 0.341035, 0.956375, -118.419, 0.97925, 120.221
5546, 92.43333, 26.7061, -75.0637, 23.9644, 140.003, 18.9676, 45.2555, 0.950338, 0.339824, 0.956376, -118.419, 0.979236, 120.22
5547, 92.44167, 26.6882, -75.0636, 23.9478, 139.999, 18.9551, 45.2558, 0.950329, 0.338615, 0.956377, -118.419, 0.979223, 120.219
5547, 92.45000, 26.6703, -75.0634, 23.9312, 139.995, 18.9427, 45.2561, 0.950319, 0.337407, 0.956377, -118.42, 0.97921, 120.219
5548, 92.45834, 26.6524, -75.0633, 23.9146, 139.992, 18.9303, 45.2564, 0.95031, 0.336201, 0.956378, -118.42, 0.979197, 120.218
5548, 92.46667, 26.6346, -75.0631, 23.8981, 139.988, 18.9178, 45.2567, 0.9503, 0.334997, 0.956379, -118.42, 0.979184, 120.217
5549, 92.47500, 26.6167, -75.0629, 23.8815, 139.984, 18.9054, 45.257, 0.950291, 0.333795, 0.956379, -118.421, 0.979171, 120.216
5549, 92.48333, 26.5989, -75.0628, 23.865, 139.98, 18.893, 45.2573, 0.950281, 0.332594, 0.95638, -118.421, 0.979158, 120.215
5550, 92.49167, 26.5811, -75.0626, 23.8485, 139.976, 18.8806, 45.2577, 0.950272, 0.331395, 0.956381, -118.421, 0.979145, 120.214
5550, 92.50000, 26.5632, -75.0624, 23.832, 139.972, 18.8682, 45.258, 0.950262, 0.330198, 0.956381, -118.422, 0.979132, 120.214
5551, 92.50833, 26.5455, -75.0622, 23.8155, 139.968, 18.8559, 45.2583, 0.950253, 0.329003, 0.956382, -118.422, 0.979119, 120.213
5551, 92.51667, 26.5277, -75.062, 23.7991, 139.964, 18.8435, 45.2587, 0.950243, 0.327809, 0.956383, -118.423, 0.979106, 120.212
5552, 92.52500, 26.5099, -75.0618, 23.7826, 139.961, 18.8311, 45.259, 0.950234, 0.326617, 0.956384, -118.423, 0.979093, 120.211
5552, 92.53333, 26.4922, -75.0616, 23.7662, 139.957, 18.8188, 45.2594, 0.950225, 0.325426, 0.956385, -118.423, 0.979081, 120.21
5553, 92.54166, 26.4744, -75.0613, 23.7497, 139.953, 18.8064, 45.2598, 0.950215, 0.324237, 0.956385, -118.424, 0.979068, 120.21
5553, 92.55000, 26.4567, -75.0611, 23.7333, 139.949, 18.7941, 45.2602, 0.950206, 0.32305, 0.956386, -118.424, 0.979055, 120.209
5553, 92.55833, 26.439, -75.0609, 23.7169, 139.945, 18.7818, 45.2606, 0.950197, 0.321865, 0.956387, -118.424, 0.979042, 120.208
5554, 92.56667, 26.4213, -75.0606, 23.7005, 139.941, 18.7694, 45.261, 0.950187, 0.320681, 0.956388, -118.425, 0.97903, 120.207
5555, 92.57500, 26.4037, -75.0604, 23.6842, 139.937, 18.7571, 45.2614, 0.950178, 0.319499, 0.956389, -118.425, 0.979017, 120.206
5555, 92.58334, 26.386, -75.0601, 23.6678, 139.933, 18.7448, 45.2618, 0.950169, 0.318318, 0.95639, -118.426, 0.979005, 120.206
5556, 92.59167, 26.3684, -75.0598, 23.6515, 139.929, 18.7325, 45.2622, 0.95016, 0.31714, 0.956391, -118.426, 0.978992, 120.205
5556, 92.60000, 26.3508, -75.0596, 23.6351, 139.925, 18.7202, 45.2626, 0.950151, 0.315963, 0.956391, -118.426, 0.978979, 120.204
5557, 92.60833, 26.3332, -75.0593, 23.6188, 139.921, 18.7079, 45.2631, 0.950142, 0.314787, 0.956392, -118.427, 0.978967, 120.203
5557, 92.61667, 26.3156, -75.059, 23.6025, 139.918, 18.6956, 45.2635, 0.950133, 0.313613, 0.956393, -118.427, 0.978954, 120.202
5558, 92.62500, 26.298, -75.0587, 23.5862, 139.914, 18.6834, 45.264, 0.950124, 0.312441, 0.956394, -118.427, 0.978942, 120.201
5558, 92.63333, 26.2804, -75.0584, 23.5699, 139.91, 18.6711, 45.2644, 0.950115, 0.31127, 0.956395, -118.428, 0.97893, 120.201
5559, 92.64167, 26.2629, -75.0581, 23.5537, 139.906, 18.6588, 45.2649, 0.950106, 0.310101, 0.956396, -118.428, 0.978917, 120.2
5559, 92.65000, 26.2453, -75.0578, 23.5374, 139.902, 18.6466, 45.2654, 0.950097, 0.308934, 0.956397, -118.428, 0.978905, 120.199
5560, 92.65833, 26.2278, -75.0575, 23.5212, 139.898, 18.6344, 45.2659, 0.950088, 0.307768, 0.956398, -118.429, 0.978893, 120.198
5560, 92.66666, 26.2103, -75.0572, 23.5049, 139.894, 18.6221, 45.2664, 0.950079, 0.306604, 0.956399, -118.429, 0.97888, 120.198
5561, 92.67500, 26.1928, -75.0568, 23.4887, 139.89, 18.6099, 45.2669, 0.95007, 0.305442, 0.9564, -118.429, 0.978868, 120.197
5561, 92.68333, 26.1754, -75.0565, 23.4725, 139.886, 18.5977, 45.2674, 0.950061, 0.304281, 0.956401, -118.43, 0.978856, 120.196
5561, 92.69167, 26.1579, -75.0562, 23.4563, 139.882, 18.5855, 45.2679, 0.950052, 0.303121, 0.956403, -118.43, 0.978844, 120.195
5562, 92.70000, 26.1405, -75.0558, 23.4402, 139.878, 18.5733, 45.2684, 0.950043, 0.301964, 0.956404, -118.43, 0.978832, 120.194
5563, 92.70834, 26.123, -75.0554, 23.424, 139.874, 18.5611, 45.269, 0.950034, 0.300808, 0.956405, -118.431, 0.97882, 120.194
5563, 92.71667, 26.1056, -75.0551, 23.4079, 139.87, 18.5489, 45.2695, 0.950026, 0.299653, 0.956406, -118.431, 0.978808, 120.193
5564, 92.72500, 26.0882, -75.0547, 23.3917, 139.866, 18.5367, 45.27, 0.950017, 0.2985, 0.956407, -118.432, 0.978796, 120.192
5564, 92.73333, 26.0709, -75.0543, 23.3756, 139.862, 18.5245, 45.2706, 0.950008, 0.297349, 0.956408, -118.432, 0.978784, 120.191
5565, 92.74167, 26.0535, -75.0539, 23.3595, 139.858, 18.5124, 45.2712, 0.95, 0.296199, 0.956409, -118.432, 0.978772, 120.19
5565, 92.75000, 26.0361, -75.0536, 23.3434, 139.854, 18.5002, 45.2717, 0.949991, 0.295051, 0.95641, -118.433, 0.97876, 120.19
5566, 92.75833, 26.0188, -75.0532, 23.3273, 139.85, 18.4881, 45.2723, 0.949982, 0.293904, 0.956412, -118.433, 0.978748, 120.189
5566, 92.76667, 26.0015, -75.0527, 23.3113, 139.846, 18.4759, 45.2729, 0.949974, 0.292759, 0.956413, -118.433, 0.978736, 120.188
5566, 92.77500, 25.9842, -75.0523, 23.2952, 139.842, 18.4638, 45.2735, 0.949965, 0.291616, 0.956414, -118.434, 0.978724, 120.187
5567, 92.78333, 25.9669, -75.0519, 23.2792, 139.838, 18.4517, 45.2741, 0.949956, 0.290474, 0.956415, -118.434, 0.978712, 120.187
5568, 92.79166, 25.9496, -75.0515, 23.2631, 139.834, 18.4396, 45.2747, 0.949948, 0.289333, 0.956417, -118.434, 0.978701, 120.186
5568, 92.80000, 25.9323, -75.0511, 23.2471, 139.83, 18.4275, 45.2753, 0.949939, 0.288194, 0.956418, -118.435, 0.978689, 120.185
5569, 92.80833, 25.9151, -75.0506, 23.2311, 139.826, 18.4153, 45.2759, 0.949931, 0.287057, 0.956419, -118.435, 0.978677, 120.184
5569, 92.81667, 25.8978, -75.0502, 23.2151, 139.822, 18.4033, 45.2766, 0.949922, 0.285921, 0.95642, -118.435, 0.978666, 120.183
5569, 92.82500, 25.8806, -75.0497, 23.1991, 139.818, 18.3912, 45.2772, 0.949914, 0.284787, 0.956422, -118.436, 0.978654, 120.183
5570, 92.83334, 25.8634, -75.0493, 23.1832, 139.814, 18.3791, 45.2779, 0.949906, 0.283654, 0.956423, -118.436, 0.978642, 120.182
5571, 92.84167, 25.8462, -75.0488, 23.1672, 139.81, 18.367, 45.2785, 0.949897, 0.282523, 0.956424, -118.436, 0.978631, 120.181
5571, 92.85000, 25.8291, -75.0483, 23.1513, 139.806, 18.3549, 45.2792, 0.949889, 0.281393, 0.956426, -118.437, 0.978619, 120.18
5572, 92.85833, 25.8119, -75.0479, 23.1353, 139.802, 18.3429, 45.2799, 0.94988, 0.280265, 0.956427, -118.437, 0.978608, 120.18
5572, 92.86667, 25.7947, -75.0474, 23.1194, 139.798, 18.3308, 45.2805, 0.949872, 0.279138, 0.956429, -118.437, 0.978596, 120.179
5573, 92.87500, 25.7776, -75.0469, 23.1035, 139.794, 18.3188, 45.2812, 0.949864, 0.278013, 0.95643, -118.438, 0.978585, 120.178
5573, 92.88333, 25.7605, -75.0464, 23.0876, 139.79, 18.3068, 45.2819, 0.949856, 0.27689, 0.956431, -118.438, 0.978573, 120.177
5574, 92.89167, 25.7434, -75.0459, 23.0718, 139.786, 18.2947, 45.2826, 0.949847, 0.275767, 0.956433, -118.438, 0.978562, 120.177
5574, 92.90000, 25.7263, -75.0454, 23.0559, 139.782, 18.2827, 45.2833, 0.949839, 0.274647, 0.956434, -118.439, 0.978551, 120.176
5574, 92.90833, 25.7092, -75.0448, 23.04, 139.778, 18.2707, 45.2841, 0.949831, 0.273528, 0.956436, -118.439, 0.978539, 120.175
5575, 92.91666, 25.6922, -75.0443, 23.0242, 139.774, 18.2587, 45.2848, 0.949823, 0.27241, 0.956437, -118.439, 0.978528, 120.174
5576, 92.92500, 25.6751, -75.0438, 23.0084, 139.77, 18.2467, 45.2855, 0.949814, 0.271294, 0.956439, -118.44, 0.978517, 120.174
5576, 92.93333, 25.6581, -75.0433, 22.9926, 139.766, 18.2347, 45.2863, 0.949806, 0.270179, 0.95644, -118.44, 0.978506, 120.173
5577, 92.94167, 25.6411, -75.0427, 22.9768, 139.762, 18.2227, 45.287, 0.949798, 0.269066, 0.956442, -118.44, 0.978494, 120.172
5577, 92.95000, 25.6241, -75.0422, 22.961, 139.758, 18.2107, 45.2878, 0.94979, 0.267954, 0.956443, -118.441, 0.978483, 120.171
5578, 92.95834, 25.6071, -75.0416, 22.9452, 139.754, 18.1988, 45.2885, 0.949782, 0.266844, 0.956445, -118.441, 0.978472, 120.171
5578, 92.96667, 25.5901, -75.041, 22.9294, 139.75, 18.1868, 45.2893, 0.949774, 0.265735, 0.956446, -118.441, 0.978461, 120.17
5579, 92.97500, 25.5731, -75.0405, 22.9137, 139.746, 18.1749, 45.2901, 0.949766, 0.264627, 0.956448, -118.442, 0.97845, 120.169
5579, 92.98333, 25.5562, -75.0399, 22.8979, 139.742, 18.1629, 45.2909, 0.949758, 0.263522, 0.956449, -118.442, 0.978439, 120.168
5580, 92.99167, 25.5393, -75.0393, 22.8822, 139.738, 18.151, 45.2917, 0.94975, 0.262417, 0.956451, -118.442, 0.978428, 120.168
5580, 93.00000, 25.5223, -75.0387, 22.8665, 139.733, 18.139, 45.2925, 0.949742, 0.261314, 0.956453, -118.442, 0.978417, 120.167
5581, 93.00833, 25.5054, -75.0381, 22.8508, 139.729, 18.1271, 45.2933, 0.949734, 0.260212, 0.956454, -118.443, 0.978406, 120.166
5581, 93.01667, 25.4886, -75.0375, 22.8351, 139.725, 18.1152, 45.2941, 0.949726, 0.259112, 0.956456, -118.443, 0.978395, 120.165
5582, 93.02500, 25.4717, -75.0369, 22.8194, 139.721, 18.1033, 45.2949, 0.949718, 0.258014, 0.956458, -118.443, 0.978384, 120.165
5582, 93.03333, 25.4548, -75.0363, 22.8038, 139.717, 18.0914, 45.2957, 0.949711, 0.256916, 0.956459, -118.444, 0.978373, 120.164
5582, 93.04166, 25.438, -75.0357, 22.7881, 139.713, 18.0795, 45.2966, 0.949703, 0.25582, 0.956461, -118.444, 0.978363, 120.163
5583, 93.05000, 25.4211, -75.035, 22.7725, 139.709, 18.0676, 45.2974, 0.949695, 0.254726, 0.956463, -118.444, 0.978352, 120.163
5584, 93.05833, 25.4043, -75.0344, 22.7569, 139.705, 18.0557, 45.2983, 0.949687, 0.253633, 0.956464, -118.445, 0.978341, 120.162
5584, 93.06667, 25.3875, -75.0337, 22.7412, 139.701, 18.0438, 45.2992, 0.949679, 0.252541, 0.956466, -118.445, 0.97833, 120.161
5585, 93.07500, 25.3707, -75.0331, 22.7256, 139.697, 18.032, 45.3, 0.949672, 0.251451, 0.956468, -118.445, 0.97832, 120.16
5585, 93.08334, 25.3539, -75.0324, 22.7101, 139.693, 18.0201, 45.3009, 0.949664, 0.250363, 0.956469, -118.446, 0.978309, 120.16
5586, 93.09167, 25.3372, -75.0318, 22.6945, 139.688, 18.0083, 45.3018, 0.949656, 0.249275, 0.956471, -118.446, 0.978298, 120.159
5586, 93.10000, 25.3204, -75.0311, 22.6789, 139.684, 17.9964, 45.3027, 0.949648, 0.248189, 0.956473, -118.446, 0.978288, 120.158
5587, 93.10833, 25.3037, -75.0304, 22.6634, 139.68, 17.9846, 45.3036, 0.949641, 0.247105, 0.956475, -118.447, 0.978277, 120.157
5587, 93.11667, 25.287, -75.0297, 22.6478, 139.676, 17.9727, 45.3045, 0.949633, 0.246021, 0.956477, -118.447, 0.978267, 120.157
5588, 93.12500, 25.2703, -75.029, 22.6323, 139.672, 17.9609, 45.3054, 0.949626, 0.24494, 0.956478, -118.447, 0.978256, 120.156
5588, 93.13333, 25.2536, -75.0284, 22.6168, 139.668, 17.9491, 45.3063, 0.949618, 0.243859, 0.95648, -118.448, 0.978246, 120.155
5589, 93.14167, 25.2369, -75.0276, 22.6013, 139.664, 17.9373, 45.3073, 0.94961, 0.24278, 0.956482, -118.448, 0.978235, 120.155
5589, 93.15000, 25.2202, -75.0269, 22.5858, 139.66, 17.9255, 45.3082, 0.949603, 0.241703, 0.956484, -118.448, 0.978225, 120.154
5590, 93.15833, 25.2036, -75.0262, 22.5703, 139.655, 17.9137, 45.3092, 0.949595, 0.240627, 0.956486, -118.448, 0.978214, 120.153
5590, 93.16666, 25.1869, -75.0255, 22.5548, 139.651, 17.9019, 45.3101, 0.949588, 0.239552, 0.956488, -118.449, 0.978204, 120.152
5590, 93.17500, 25.1703, -75.0248, 22.5394, 139.647, 17.8901, 45.3111, 0.94958, 0.238478, 0.95649, -118.449, 0.978194, 120.152
5591, 93.18333, 25.1537, -75.024, 22.5239, 139.643, 17.8784, 45.3121, 0.949573, 0.237406, 0.956491, -118.449, 0.978183, 120.151
5592, 93.19167, 25.1371, -75.0233, 22.5085, 139.639, 17.8666, 45.313, 0.949566, 0.236335, 0.956493, -118.45, 0.978173, 120.15
5592, 93.20000, 25.1205, -75.0225, 22.4931, 139.635, 17.8548, 45.314, 0.949558, 0.235266, 0.956495, -118.45, 0.978163, 120.15
5593, 93.20834, 25.1039, -75.0218, 22.4777, 139.63, 17.8431, 45.315, 0.949551, 0.234198, 0.956497, -118.45, 0.978153, 120.149
5593, 93.21667, 25.0874, -75.021, 22.4623, 139.626, 17.8313, 45.316, 0.949543, 0.233131, 0.956499, -118.451, 0.978142, 120.148
5594, 93.22500, 25.0708, -75.0203, 22.4469, 139.622, 17.8196, 45.317, 0.949536, 0.232066, 0.956501, -118.451, 0.978132, 120.147
5594, 93.23333, 25.0543, -75.0195, 22.4315, 139.618, 17.8079, 45.318, 0.949529, 0.231002, 0.956503, -118.451, 0.978122, 120.147
5595, 93.24167, 25.0378, -75.0187, 22.4162, 139.614, 17.7961, 45.3191, 0.949521, 0.229939, 0.956505, -118.451, 0.978112, 120.146
5595, 93.25000, 25.0213, -75.0179, 22.4008, 139.61, 17.7844, 45.3201, 0.949514, 0.228877, 0.956507, -118.452, 0.978102, 120.145
5596, 93.25833, 25.0048, -75.0171, 22.3855, 139.605, 17.7727, 45.3211, 0.949507, 0.227817, 0.956509, -118.452, 0.978092, 120.145
5596, 93.26667, 24.9883, -75.0163, 22.3701, 139.601, 17.761, 45.3222, 0.9495, 0.226759, 0.956511, -118.452, 0.978082, 120.144
5597, 93.27500, 24.9719, -75.0155, 22.3548, 139.597, 17.7493, 45.3232, 0.949492, 0.225701, 0.956513, -118.453, 0.978072, 120.143
5597, 93.28333, 24.9554, -75.0147, 22.3395, 139.593, 17.7376, 45.3243, 0.949485, 0.224645, 0.956515, -118.453, 0.978062, 120.143
5598, 93.29166, 24.939, -75.0139, 22.3242, 139.589, 17.7259, 45.3254, 0.949478, 0.22359, 0.956517, -118.453, 0.978052, 120.142
5598, 93.30000, 24.9226, -75.013, 22.309, 139.584, 17.7143, 45.3265, 0.949471, 0.222537, 0.956519, -118.453, 0.978042, 120.141
5598, 93.30833, 24.9062, -75.0122, 22.2937, 139.58, 17.7026, 45.3275, 0.949464, 0.221485, 0.956522, -118.454, 0.978032, 120.141
5599, 93.31667, 24.8898, -75.0114, 22.2785, 139.576, 17.6909, 45.3286, 0.949457, 0.220434, 0.956524, -118.454, 0.978023, 120.14
5600, 93.32500, 24.8734, -75.0105, 22.2632, 139.572, 17.6793, 45.3297, 0.949449, 0.219385, 0.956526, -118.454, 0.978013, 120.139
5600, 93.33334, 24.857, -75.0097, 22.248, 139.568, 17.6676, 45.3308, 0.949442, 0.218336, 0.956528, -118.455, 0.978003, 120.138
5601, 93.34167, 24.8407, -75.0088, 22.2328, 139.563, 17.656, 45.332, 0.949435, 0.217289, 0.95653, -118.455, 0.977993, 120.138
5601, 93.35000, 24.8243, -75.0079, 22.2176, 139.559, 17.6444, 45.3331, 0.949428, 0.216244, 0.956532, -118.455, 0.977983, 120.137
5602, 93.35833, 24.808, -75.0071, 22.2024, 139.555, 17.6327, 45.3342, 0.949421, 0.2152, 0.956534, -118.455, 0.977974, 120.136
5602, 93.36667, 24.7917, -75.0062, 22.1872, 139.551, 17.6211, 45.3353, 0.949414, 0.214156, 0.956537, -118.456, 0.977964, 120.136
5603, 93.37500, 24.7754, -75.0053, 22.172, 139.546, 17.6095, 45.3365, 0.949407, 0.213115, 0.956539, -118.456, 0.977955, 120.135
5603, 93.38333, 24.7591, -75.0044, 22.1569, 139.542, 17.5979, 45.3376, 0.9494, 0.212074, 0.956541, -118.456, 0.977945, 120.134
5604, 93.39167, 24.7428, -75.0035, 22.1417, 139.538, 17.5863, 45.3388, 0.949393, 0.211035, 0.956543, -118.457, 0.977935, 120.134
5604, 93.40000, 24.7265, -75.0026, 22.1266, 139.534, 17.5747, 45.34, 0.949387, 0.209997, 0.956546, -118.457, 0.977926, 120.133
5605, 93.40833, 24.7103, -75.0017, 22.1114, 139.529, 17.5631, 45.3411, 0.94938, 0.20896, 0.956548, -118.457, 0.977916, 120.132
5605, 93.41666, 24.6941, -75.0008, 22.0963, 139.525, 17.5516, 45.3423, 0.949373, 0.207925, 0.95655, -118.457, 0.977907, 120.132
5606, 93.42500, 24.6778, -74.9999, 22.0812, 139.521, 17.54, 45.3435, 0.949366, 0.206891, 0.956552, -118.458, 0.977897, 120.131
5606, 93.43333, 24.6616, -74.9989, 22.0661, 139.517, 17.5284, 45.3447, 0.949359, 0.205858, 0.956555, -118.458, 0.977888, 120.13
5606, 93.44167, 24.6454, -74.998, 22.0511, 139.512, 17.5169, 45.3459, 0.949352, 0.204826, 0.956557, -118.458, 0.977879, 120.13
5607, 93.45000, 24.6293, -74.997, 22.036, 139.508, 17.5053, 45.3471, 0.949345, 0.203796, 0.956559, -118.459, 0.977869, 120.129
5608, 93.45834, 24.6131, -74.9961, 22.0209, 139.504, 17.4938, 45.3484, 0.949339, 0.202767, 0.956562, -118.459, 0.97786, 120.128
5608, 93.46667, 24.5969, -74.9951, 22.0059, 139.5, 17.4822, 45.3496, 0.949332, 0.201739, 0.956564, -118.459, 0.97785, 120.128
5609, 93.47500, 24.5808, -74.9942, 21.9909, 139.495, 17.4707, 45.3508, 0.949325, 0.200712, 0.956566, -118.459, 0.977841, 120.127
5609, 93.48333, 24.5646, -74.9932, 21.9758, 139.491, 17.4592, 45.3521, 0.949319, 0.199687, 0.956569, -118.46, 0.977832, 120.126
5610, 93.49167, 24.5485, -74.9922, 21.9608, 139.487, 17.4477, 45.3533, 0.949312, 0.198662, 0.956571, -118.46, 0.977823, 120.126
5610, 93.50000, 24.5324, -74.9912, 21.9458, 139.482, 17.4362, 45.3546, 0.949305, 0.197639, 0.956573, -118.46, 0.977813, 120.125
5611, 93.50833, 24.5163, -74.9902, 21.9309, 139.478, 17.4247, 45.3558, 0.949299, 0.196618, 0.956576, -118.46, 0.977804, 120.124
5611, 93.51667, 24.5003, -74.9893, 21.9159, 139.474, 17.4132, 45.3571, 0.949292, 0.195597, 0.956578, -118.461, 0.977795, 120.124
5612, 93.52500, 24.4842, -74.9883, 21.9009, 139.47, 17.4017, 45.3584, 0.949285, 0.194578, 0.956581, -118.461, 0.977786, 120.123
5612, 93.53333, 24.4681, -74.9872, 21.886, 139.465, 17.3902, 45.3597, 0.949279, 0.19356, 0.956583, -118.461, 0.977777, 120.122
5613, 93.54166, 24.4521, -74.9862, 21.871, 139.461, 17.3787, 45.361, 0.949272, 0.192543, 0.956586, -118.462, 0.977768, 120.122
5613, 93.55000, 24.4361, -74.9852, 21.8561, 139.457, 17.3673, 45.3623, 0.949266, 0.191527, 0.956588, -118.462, 0.977759, 120.121
5614, 93.55833, 24.4201, -74.9842, 21.8412, 139.452, 17.3558, 45.3636, 0.949259, 0.190513, 0.956591, -118.462, 0.97775, 120.12
5614, 93.56667, 24.4041, -74.9831, 21.8263, 139.448, 17.3444, 45.3649, 0.949252, 0.189499, 0.956593, -118.462, 0.977741, 120.12
5614, 93.57500, 24.3881, -74.9821, 21.8114, 139.444, 17.3329, 45.3662, 0.949246, 0.188487, 0.956596, -118.463, 0.977732, 120.119
5615, 93.58334, 24.3721, -74.981, 21.7965, 139.439, 17.3215, 45.3676, 0.949239, 0.187477, 0.956598, -118.463, 0.977723, 120.118
5616, 93.59167, 24.3561, -74.98, 21.7816, 139.435, 17.31, 45.3689, 0.949233, 0.186467, 0.956601, -118.463, 0.977714, 120.118
5616, 93.60000, 24.3402, -74.9789, 21.7668, 139.431, 17.2986, 45.3703, 0.949227, 0.185458, 0.956603, -118.463, 0.977705, 120.117
5617, 93.60833, 24.3242, -74.9779, 21.7519, 139.426, 17.2872, 45.3716, 0.94922, 0.184451, 0.956606, -118.464, 0.977696, 120.116
5617, 93.61667, 24.3083, -74.9768, 21.7371, 139.422, 17.2758, 45.373, 0.949214, 0.183445, 0.956608, -118.464, 0.977687, 120.116
5618, 93.62500, 24.2924, -74.9757, 21.7222, 139.418, 17.2644, 45.3744, 0.949207, 0.18244, 0.956611, -118.464, 0.977679, 120.115
5618, 93.63333, 24.2765, -74.9746, 21.7074, 139.413, 17.253, 45.3757, 0.949201, 0.181436, 0.956613, -118.464, 0.97767, 120.114
5619, 93.64167, 24.2606, -74.9735, 21.6926, 139.409, 17.2416, 45.3771, 0.949195, 0.180434, 0.956616, -118.465, 0.977661, 120.114
5619, 93.65000, 24.2447, -74.9724, 21.6778, 139.405, 17.2302, 45.3785, 0.949188, 0.179432, 0.956619, -118.465, 0.977652, 120.113
5620, 93.65833, 24.2289, -74.9713, 21.663, 139.4, 17.2188, 45.3799, 0.949182, 0.178432, 0.956621, -118.465, 0.977644, 120.113
5620, 93.66666, 24.213, -74.9702, 21.6483, 139.396, 17.2074, 45.3813, 0.949176, 0.177433, 0.956624, -118.465, 0.977635, 120.112
5621, 93.67500, 24.1972, -74.9691, 21.6335, 139.392, 17.1961, 45.3828, 0.949169, 0.176435, 0.956627, -118.466, 0.977626, 120.111
5621, 93.68333, 24.1814, -74.968, 21.6187, 139.387, 17.1847, 45.3842, 0.949163, 0.175438, 0.956629, -118.466, 0.977618, 120.111
5622, 93.69167, 24.1656, -74.9668, 21.604, 139.383, 17.1734, 45.3856, 0.949157, 0.174443, 0.956632, -118.466, 0.977609, 120.11
5622, 93.70000, 24.1498, -74.9657, 21.5893, 139.378, 17.162, 45.3871, 0.949151, 0.173448, 0.956635, -118.466, 0.977601, 120.109
5622, 93.70834, 24.134, -74.9646, 21.5746, 139.374, 17.1507, 45.3885, 0.949145, 0.172455, 0.956637, -118.467, 0.977592, 120.109
5623, 93.71667, 24.1182, -74.9634, 21.5599, 139.37, 17.1393, 45.39, 0.949138, 0.171463, 0.95664, -118.467, 0.977584, 120.108
5624, 93.72500, 24.1024, -74.9622, 21.5452, 139.365, 17.128, 45.3914, 0.949132, 0.170472, 0.956643, -118.467, 0.977575, 120.107
5624, 93.73333, 24.0867, -74.9611, 21.5305, 139.361, 17.1167, 45.3929, 0.949126, 0.169482, 0.956645, -118.467, 0.977567, 120.107
5625, 93.74167, 24.071, -74.9599, 21.5158, 139.356, 17.1054, 45.3944, 0.94912, 0.168493, 0.956648, -118.468, 0.977558, 120.106
5625, 93.75000, 24.0552, -74.9587, 21.5011, 139.352, 17.0941, 45.3959, 0.949114, 0.167506, 0.956651, -118.468, 0.97755, 120.106
5626, 93.75833, 24.0395, -74.9576, 21.4865, 139.348, 17.0828, 45.3973, 0.949108, 0.166519, 0.956654, -118.468, 0.977542, 120.105
5626, 93.76667, 24.0238, -74.9564, 21.4719, 139.343, 17.0715, 45.3988, 0.949102, 0.165534, 0.956657, -118.468, 0.977533, 120.104
5627, 93.77500, 24.0081, -74.9552, 21.4572, 139.339, 17.0602, 45.4003, 0.949096, 0.16455, 0.956659, -118.469, 0.977525, 120.104
5627, 93.78333, 23.9925, -74.954, 21.4426, 139.334, 17.0489, 45.4019, 0.94909, 0.163566, 0.956662, -118.469, 0.977517, 120.103
5628, 93.79166, 23.9768, -74.9528, 21.428, 139.33, 17.0376, 45.4034, 0.949084, 0.162584, 0.956665, -118.469, 0.977508, 120.102
5628, 93.80000, 23.9611, -74.9515, 21.4134, 139.326, 17.0264, 45.4049, 0.949077, 0.161604, 0.956668, -118.469, 0.9775, 120.102
5629, 93.80833, 23.9455, -74.9503, 21.3988, 139.321, 17.0151, 45.4065, 0.949072, 0.160624, 0.956671, -118.47, 0.977492, 120.101
5629, 93.81667, 23.9299, -74.9491, 21.3842, 139.317, 17.0039, 45.408, 0.949066, 0.159645, 0.956673, -118.47, 0.977484, 120.101
5630, 93.82500, 23.9143, -74.9478, 21.3697, 139.312, 16.9926, 45.4095, 0.94906, 0.158668, 0.956676, -118.47, 0.977475, 120.1
5630, 93.83334, 23.8987, -74.9466, 21.3551, 139.308, 16.9814, 45.4111, 0.949054, 0.157691, 0.956679, -118.47, 0.977467, 120.099
5630, 93.84167, 23.8831, -74.9454, 21.3406, 139.303, 16.9701, 45.4127, 0.949048, 0.156716, 0.956682, -118.471, 0.977459, 120.099
5631, 93.85000, 23.8675, -74.9441, 21.326, 139.299, 16.9589, 45.4142, 0.949042, 0.155742, 0.956685, -118.471, 0.977451, 120.098
5632, 93.85833, 23.8519, -74.9428, 21.3115, 139.295, 16.9477, 45.4158, 0.949036, 0.154768, 0.956688, -118.471, 0.977443, 120.098
5632, 93.86667, 23.8364, -74.9416, 21.297, 139.29, 16.9365, 45.4174, 0.94903, 0.153796, 0.956691, -118.471, 0.977435, 120.097
5633, 93.87500, 23.8209, -74.9403, 21.2825, 139.286, 16.9253, 45.419, 0.949024, 0.152825, 0.956694, -118.472, 0.977427, 120.096
5633, 93.88333, 23.8053, -74.939, 21.268, 139.281, 16.9141, 45.4206, 0.949018, 0.151855, 0.956697, -118.472, 0.977419, 120.096
5634, 93.89167, 23.7898, -74.9377, 21.2535, 139.277, 16.9029, 45.4222, 0.949013, 0.150886, 0.9567, -118.472, 0.977411, 120.095
5634, 93.90000, 23.7743, -74.9364, 21.2391, 139.272, 16.8917, 45.4239, 0.949007, 0.149919, 0.956703, -118.472, 0.977403, 120.094
5635, 93.90833, 23.7588, -74.9351, 21.2246, 139.268, 16.8805, 45.4255, 0.949001, 0.148952, 0.956706, -118.472, 0.977395, 120.094
5635, 93.91666, 23.7433, -74.9338, 21.2102, 139.263, 16.8693, 45.4271, 0.948995, 0.147986, 0.956709, -118.473, 0.977387, 120.093
5636, 93.92500, 23.7279, -74.9325, 21.1957, 139.259, 16.8581, 45.4288, 0.94899, 0.147022, 0.956712, -118.473, 0.97738, 120.093
5636, 93.93333, 23.7124, -74.9312, 21.1813, 139.254, 16.847, 45.4304, 0.948984, 0.146058, 0.956715, -118.473, 0.977372, 120.092
5637, 93.94167, 23.697, -74.9299, 21.1669, 139.25, 16.8358, 45.4321, 0.948978, 0.145096, 0.956718, -118.473, 0.977364, 120.091
5637, 93.95000, 23.6815, -74.9286, 21.1525, 139.245, 16.8247, 45.4337, 0.948972, 0.144135, 0.956721, -118.474, 0.977356, 120.091
5638, 93.95834, 23.6661, -74.9272, 21.1381, 139.241, 16.8135, 45.4354, 0.948967, 0.143174, 0.956724, -118.474, 0.977348, 120.09
5638, 93.96667, 23.6507, -74.9259, 21.1237, 139.236, 16.8024, 45.4371, 0.948961, 0.142215, 0.956727, -118.474, 0.977341, 120.09
5638, 93.97500, 23.6353, -74.9245, 21.1094, 139.232, 16.7913, 45.4388, 0.948955, 0.141257, 0.95673, -118.474, 0.977333, 120.089
5639, 93.98333, 23.6199, -74.9232, 21.095, 139.227, 16.7801, 45.4405, 0.94895, 0.1403, 0.956733, -118.475, 0.977325, 120.088
5640, 93.99167, 23.6046, -74.9218, 21.0806, 139.223, 16.769, 45.4422, 0.948944, 0.139344, 0.956736, -118.475, 0.977318, 120.088
5640, 94.00000, 23.5892, -74.9204, 21.0663, 139.218, 16.7579, 45.4439, 0.948938, 0.138389, 0.956739, -118.475, 0.97731, 120.087
5641, 94.00833, 23.5739, -74.9191, 21.052, 139.214, 16.7468, 45.4456, 0.948933, 0.137435, 0.956742, -118.475, 0.977302, 120.087
5641, 94.01667, 23.5585, -74.9177, 21.0376, 139.209, 16.7357, 45.4473, 0.948927, 0.136482, 0.956745, -118.475, 0.977295, 120.086
5642, 94.02500, 23.5432, -74.9163, 21.0233, 139.205, 16.7246, 45.449, 0.948922, 0.13553, 0.956749, -118.476, 0.977287, 120.085
5642, 94.03333, 23.5279, -74.9149, 21.009, 139.2, 16.7135, 45.4508, 0.948916, 0.134579, 0.956752, -118.476, 0.97728, 120.085
5643, 94.04166, 23.5126, -74.9135, 20.9948, 139.196, 16.7024, 45.4525, 0.948911, 0.133629, 0.956755, -118.476, 0.977272, 120.084
5643, 94.05000, 23.4973, -74.9121, 20.9805, 139.191, 16.6914, 45.4543, 0.948905, 0.13268, 0.956758, -118.476, 0.977265, 120.084
5644, 94.05833, 23.482, -74.9107, 20.9662, 139.187, 16.6803, 45.456, 0.9489, 0.131732, 0.956761, -118.476, 0.977257, 120.083
5644, 94.06667, 23.4668, -74.9092, 20.952, 139.182, 16.6692, 45.4578, 0.948894, 0.130785, 0.956764, -118.477, 0.97725, 120.082
5645, 94.07500, 23.4515, -74.9078, 20.9377, 139.177, 16.6582, 45.4596, 0.948889, 0.12984, 0.956768, -118.477, 0.977242, 120.082
5645, 94.08334, 23.4363, -74.9064, 20.9235, 139.173, 16.6471, 45.4614, 0.948883, 0.128895, 0.956771, -118.477, 0.977235, 120.081
5646, 94.09167, 23.421, -74.9049, 20.9092, 139.168, 16.6361, 45.4632, 0.948878, 0.127951, 0.956774, -118.477, 0.977228, 120.081
5646, 94.10000, 23.4058, -74.9035, 20.895, 139.164, 16.6251, 45.465, 0.948873, 0.127008, 0.956777, -118.478, 0.97722, 120.08
5646, 94.10833, 23.3906, -74.902, 20.8808, 139.159, 16.614, 45.4668, 0.948867, 0.126067, 0.956781, -118.478, 0.977213, 120.08
5647, 94.11667, 23.3754, -74.9006, 20.8666, 139.155, 16.603, 45.4686, 0.948862, 0.125126, 0.956784, -118.478, 0.977206, 120.079
5648, 94.12500, 23.3602, -74.8991, 20.8524, 139.15, 16.592, 45.4704, 0.948856, 0.124186, 0.956787, -118.478, 0.977199, 120.078
5648, 94.13333, 23.3451, -74.8976, 20.8383, 139.145, 16.581, 45.4722, 0.948851, 0.123247, 0.956791, -118.478, 0.977191, 120.078
5649, 94.14167, 23.3299, -74.8962, 20.8241, 139.141, 16.57, 45.4741, 0.948846, 0.122309, 0.956794, -118.479, 0.977184, 120.077
5649, 94.15000, 23.3148, -74.8947, 20.8099, 139.136, 16.559, 45.4759, 0.94884, 0.121373, 0.956797, -118.479, 0.977177, 120.077
5650, 94.15833, 23.2996, -74.8932, 20.7958, 139.132, 16.548, 45.4778, 0.948835, 0.120437, 0.9568, -118.479, 0.97717, 120.076
5650, 94.16666, 23.2845, -74.8917, 20.7817, 139.127, 16.537, 45.4796, 0.94883, 0.119502, 0.956804, -118.479, 0.977163, 120.075
5651, 94.17500, 23.2694, -74.8902, 20.7675, 139.122, 16.526, 45.4815, 0.948825, 0.118568, 0.956807, -118.479, 0.977156, 120.075
5651, 94.18333, 23.2543, -74.8887, 20.7534, 139.118, 16.5151, 45.4834, 0.948819, 0.117635, 0.95681, -118.48, 0.977149, 120.074
5652, 94.19167, 23.2392, -74.8871, 20.7393, 139.113, 16.5041, 45.4852, 0.948814, 0.116704, 0.956814, -118.48, 0.977141, 120.074
5652, 94.20000, 23.2241, -74.8856, 20.7252, 139.109, 16.4931, 45.4871, 0.948809, 0.115773, 0.956817, -118.48, 0.977134, 120.073
5653, 94.20834, 23.2091, -74.8841, 20.7112, 139.104, 16.4822, 45.489, 0.948804, 0.114843, 0.956821, -118.48, 0.977127, 120.073
5653, 94.21667, 23.194, -74.8826, 20.6971, 139.099, 16.4712, 45.4909, 0.948798, 0.113914, 0.956824, -118.48, 0.97712, 120.072
5654, 94.22500, 23.179, -74.881, 20.683, 139.095, 16.4603, 45.4928, 0.948793, 0.112986, 0.956827, -118.481, 0.977113, 120.071
5654, 94.23333, 23.1639, -74.8795, 20.669, 139.09, 16.4494, 45.4948, 0.948788, 0.112059, 0.956831, -118.481, 0.977107, 120.071
5654, 94.24167, 23.1489, -74.8779, 20.6549, 139.085, 16.4384, 45.4967, 0.948783, 0.111133, 0.956834, -118.481, 0.9771, 120.07
5655, 94.25000, 23.1339, -74.8763, 20.6409, 139.081, 16.4275, 45.4986, 0.948778, 0.110208, 0.956838, -118.481, 0.977093, 120.07
5656, 94.25833, 23.1189, -74.8748, 20.6269, 139.076, 16.4166, 45.5006, 0.948773, 0.109284, 0.956841, -118.481, 0.977086, 120.069
5656, 94.26667, 23.1039, -74.8732, 20.6129, 139.072, 16.4057, 45.5025, 0.948768, 0.10836, 0.956845, -118.482, 0.977079, 120.069
5657, 94.27500, 23.089, -74.8716, 20.5989, 139.067, 16.3948, 45.5045, 0.948762, 0.107438, 0.956848, -118.482, 0.977072, 120.068
5657, 94.28333, 23.074, -74.87, 20.5849, 139.062, 16.3839, 45.5064, 0.948757, 0.106517, 0.956852, -118.482, 0.977065, 120.068
5658, 94.29166, 23.059, -74.8684, 20.5709, 139.058, 16.373, 45.5084, 0.948752, 0.105596, 0.956855, -118.482, 0.977059, 120.067
5658, 94.30000, 23.0441, -74.8668, 20.5569, 139.053, 16.3621, 45.5104, 0.948747, 0.104677, 0.956859, -118.482, 0.977052, 120.066
5659, 94.30833, 23.0292, -74.8652, 20.543, 139.048, 16.3512, 45.5124, 0.948742, 0.103759, 0.956862, -118.483, 0.977045, 120.066
5659, 94.31667, 23.0143, -74.8636, 20.529, 139.044, 16.3403, 45.5144, 0.948737, 0.102841, 0.956866, -118.483, 0.977038, 120.065
5660, 94.32500, 22.9993, -74.862, 20.5151, 139.039, 16.3295, 45.5164, 0.948732, 0.101925, 0.956869, -118.483, 0.977032, 120.065
5660, 94.33334, 22.9845, -74.8604, 20.5011, 139.034, 16.3186, 45.5184, 0.948727, 0.101009, 0.956873, -118.483, 0.977025, 120.064
5661, 94.34167, 22.9696, -74.8587, 20.4872, 139.03, 16.3078, 45.5204, 0.948722, 0.100094, 0.956876, -118.483, 0.977018, 120.064
5661, 94.35000, 22.9547, -74.8571, 20.4733, 139.025, 16.2969, 45.5224, 0.948717, 0.0991804, 0.95688, -118.483, 0.977012, 120.063
5662, 94.35833, 22.9398, -74.8554, 20.4594, 139.02, 16.2861, 45.5244, 0.948712, 0.0982675, 0.956884, -118.484, 0.977005, 120.063
5662, 94.36667, 22.925, -74.8538, 20.4455, 139.015, 16.2752, 45.5265, 0.948707, 0.0973555, 0.956887, -118.484, 0.976999, 120.062
5662, 94.37500, 22.9101, -74.8521, 20.4316, 139.011, 16.2644, 45.5285, 0.948702, 0.0964445, 0.956891, -118.484, 0.976992, 120.061
5663, 94.38333, 22.8953, -74.8505, 20.4177, 139.006, 16.2536, 45.5306, 0.948698, 0.0955345, 0.956894, -118.484, 0.976986, 120.061
5664, 94.39167, 22.8805, -74.8488, 20.4039, 139.001, 16.2428, 45.5326, 0.948693, 0.0946252, 0.956898, -118.484, 0.976979, 120.06
5664, 94.40000, 22.8657, -74.8471, 20.39, 138.997, 16.232, 45.5347, 0.948688, 0.0937169, 0.956902, -118.485, 0.976973, 120.06
5665, 94.40833, 22.8509, -74.8454, 20.3762, 138.992, 16.2211, 45.5368, 0.948683, 0.0928096, 0.956905, -118.485, 0.976966, 120.059
5665, 94.41666, 22.8361, -74.8438, 20.3624, 138.987, 16.2103, 45.5389, 0.948678, 0.0919031, 0.956909, -118.485, 0.97696, 120.059
5666, 94.42500, 22.8213, -74.842, 20.3485, 138.982, 16.1995, 45.541, 0.948673, 0.0909975, 0.956913, -118.485, 0.976953, 120.058
5666, 94.43333, 22.8066, -74.8403, 20.3347, 138.978, 16.1888, 45.543, 0.948668, 0.0900929, 0.956916, -118.485, 0.976947, 120.058
5667, 94.44167, 22.7918, -74.8386, 20.3209, 138.973, 16.178, 45.5452, 0.948663, 0.0891891, 0.95692, -118.485, 0.976941, 120.057
5667, 94.45000, 22.7771, -74.8369, 20.3071, 138.968, 16.1672, 45.5473, 0.948659, 0.0882862, 0.956924, -118.486, 0.976934, 120.056
5668, 94.45834, 22.7624, -74.8352, 20.2933, 138.964, 16.1564, 45.5494, 0.948654, 0.0873843, 0.956928, -118.486, 0.976928, 120.056
5668, 94.46667, 22.7477, -74.8335, 20.2796, 138.959, 16.1457, 45.5515, 0.948649, 0.0864832, 0.956931, -118.486, 0.976922, 120.055
5669, 94.47500, 22.733, -74.8317, 20.2658, 138.954, 16.1349, 45.5536, 0.948644, 0.085583, 0.956935, -118.486, 0.976916, 120.055
5669, 94.48333, 22.7183, -74.83, 20.252, 138.949, 16.1242, 45.5558, 0.94864, 0.0846837, 0.956939, -118.486, 0.976909, 120.054
5670, 94.49167, 22.7036, -74.8282, 20.2383, 138.944, 16.1134, 45.5579, 0.948635, 0.0837852, 0.956943, -118.487, 0.976903, 120.054
5670, 94.50000, 22.6889, -74.8265, 20.2246, 138.94, 16.1027, 45.5601, 0.94863, 0.0828877, 0.956946, -118.487, 0.976897, 120.053
5670, 94.50833, 22.6742, -74.8247, 20.2108, 138.935, 16.0919, 45.5623, 0.948625, 0.0819911, 0.95695, -118.487, 0.976891, 120.053
5671, 94.51667, 22.6596, -74.823, 20.1971, 138.93, 16.0812, 45.5644, 0.948621, 0.0810953, 0.956954, -118.487, 0.976885, 120.052
5672, 94.52500, 22.645, -74.8212, 20.1834, 138.925, 16.0705, 45.5666, 0.948616, 0.0802004, 0.956958, -118.487, 0.976878, 120.052
5672, 94.53333, 22.6303, -74.8194, 20.1697, 138.921, 16.0598, 45.5688, 0.948611, 0.0793064, 0.956962, -118.487, 0.976872, 120.051
5673, 94.54166, 22.6157, -74.8176, 20.156, 138.916, 16.0491, 45.571, 0.948607, 0.0784132, 0.956965, -118.488, 0.976866, 120.051
5673, 94.55000, 22.6011, -74.8158, 20.1423, 138.911, 16.0384, 45.5732, 0.948602, 0.0775209, 0.956969, -118.488, 0.97686, 120.05
5674, 94.55833, 22.5865, -74.814, 20.1287, 138.906, 16.0277, 45.5754, 0.948597, 0.0766295, 0.956973, -118.488, 0.976854, 120.05
5674, 94.56667, 22.5719, -74.8122, 20.115, 138.901, 16.017, 45.5776, 0.948593, 0.0757388, 0.956977, -118.488, 0.976848, 120.049
5675, 94.57500, 22.5573, -74.8104, 20.1014, 138.897, 16.0063, 45.5798, 0.948588, 0.0748492, 0.956981, -118.488, 0.976842, 120.048
5675, 94.58334, 22.5428, -74.8086, 20.0877, 138.892, 15.9956, 45.5821, 0.948584, 0.0739604, 0.956985, -118.488, 0.976836, 120.048
5676, 94.59167, 22.5282, -74.8068, 20.0741, 138.887, 15.9849, 45.5843, 0.948579, 0.0730723, 0.956989, -118.489, 0.97683, 120.047
5676, 94.60000, 22.5137, -74.8049, 20.0605, 138.882, 15.9743, 45.5866, 0.948574, 0.0721852, 0.956993, -118.489, 0.976824, 120.047
5677, 94.60833, 22.4992, -74.8031, 20.0469, 138.877, 15.9636, 45.5888, 0.94857, 0.0712989, 0.956996, -118.489, 0.976819, 120.046
5677, 94.61667, 22.4846, -74.8012, 20.0333, 138.873, 15.9529, 45.5911, 0.948565, 0.0704134, 0.957, -118.489, 0.976813, 120.046
5678, 94.62500, 22.4701, -74.7994, 20.0197, 138.868, 15.9423, 45.5934, 0.948561, 0.0695288, 0.957004, -118.489, 0.976807, 120.045
5678, 94.63333, 22.4556, -74.7975, 20.0061, 138.863, 15.9316, 45.5956, 0.948556, 0.0686451, 0.957008, -118.489, 0.976801, 120.045
5678, 94.64167, 22.4411, -74.7957, 19.9925, 138.858, 15.921, 45.5979, 0.948552, 0.0677621, 0.957012, -118.489, 0.976795, 120.044
5679, 94.65000, 22.4267, -74.7938, 19.979, 138.853, 15.9104, 45.6002, 0.948547, 0.0668801, 0.957016, -118.49, 0.976789, 120.044
5680, 94.65833, 22.4122, -74.7919, 19.9654, 138.848, 15.8997, 45.6025, 0.948543, 0.0659989, 0.95702, -118.49, 0.976784, 120.043
5680, 94.66666, 22.3977, -74.79, 19.9519, 138.844, 15.8891, 45.6048, 0.948538, 0.0651184, 0.957024, -118.49, 0.976778, 120.043
5681, 94.67500, 22.3833, -74.7881, 19.9383, 138.839, 15.8785, 45.6071, 0.948534, 0.0642388, 0.957028, -118.49, 0.976772, 120.042
5681, 94.68333, 22.3689, -74.7863, 19.9248, 138.834, 15.8679, 45.6094, 0.948529, 0.0633601, 0.957032, -118.49, 0.976766, 120.042
5682, 94.69167, 22.3544, -74.7843, 19.9113, 138.829, 15.8573, 45.6118, 0.948525, 0.0624821, 0.957036, -118.49, 0.976761, 120.041
5682, 94.70000, 22.34, -74.7824, 19.8978, 138.824, 15.8467, 45.6141, 0.948521, 0.0616051, 0.95704, -118.491, 0.976755, 120.041
5683, 94.70834, 22.3256, -74.7805, 19.8843, 138.819, 15.8361, 45.6165, 0.948516, 0.0607288, 0.957044, -118.491, 0.976749, 120.04
5683, 94.71667, 22.3112, -74.7786, 19.8708, 138.814, 15.8255, 45.6188, 0.948512, 0.0598533, 0.957048, -118.491, 0.976744, 120.04
5684, 94.72500, 22.2969, -74.7767, 19.8573, 138.809, 15.8149, 45.6212, 0.948507, 0.0589787, 0.957052, -118.491, 0.976738, 120.039
5684, 94.73333, 22.2825, -74.7747, 19.8438, 138.805, 15.8044, 45.6235, 0.948503, 0.0581049, 0.957056, -118.491, 0.976733, 120.039
5685, 94.74167, 22.2681, -74.7728, 19.8304, 138.8, 15.7938, 45.6259, 0.948499, 0.0572319, 0.957061, -118.491, 0.976727, 120.038
5685, 94.75000, 22.2538, -74.7709, 19.8169, 138.795, 15.7832, 45.6283, 0.948494, 0.0563597, 0.957065, -118.491, 0.976722, 120.038
5686, 94.75833, 22.2394, -74.7689, 19.8035, 138.79, 15.7727, 45.6307, 0.94849, 0.0554883, 0.957069, -118.492, 0.976716, 120.037
5686, 94.76667, 22.2251, -74.7669, 19.7901, 138.785, 15.7621, 45.6331, 0.948486, 0.0546177, 0.957073, -118.492, 0.976711, 120.037
5686, 94.77500, 22.2108, -74.765, 19.7766, 138.78, 15.7516, 45.6355, 0.948481, 0.0537479, 0.957077, -118.492, 0.976705, 120.036
5687, 94.78333, 22.1965, -74.763, 19.7632, 138.775, 15.741, 45.6379, 0.948477, 0.052879, 0.957081, -118.492, 0.9767, 120.036
5688, 94.79166, 22.1822, -74.761, 19.7498, 138.77, 15.7305, 45.6403, 0.948473, 0.0520108, 0.957085, -118.492, 0.976694, 120.035
5688, 94.80000, 22.1679, -74.759, 19.7364, 138.765, 15.72, 45.6427, 0.948468, 0.0511434, 0.957089, -118.492, 0.976689, 120.035
5689, 94.80833, 22.1536, -74.757, 19.723, 138.76, 15.7095, 45.6452, 0.948464, 0.0502769, 0.957094, -118.492, 0.976684, 120.034
5689, 94.81667, 22.1394, -74.755, 19.7097, 138.755, 15.6989, 45.6476, 0.94846, 0.049411, 0.957098, -118.493, 0.976678, 120.034
5690, 94.82500, 22.1251, -74.753, 19.6963, 138.751, 15.6884, 45.6501, 0.948456, 0.048546, 0.957102, -118.493, 0.976673, 120.033
5690, 94.83334, 22.1109, -74.751, 19.6829, 138.746, 15.6779, 45.6525, 0.948451, 0.0476819, 0.957106, -118.493, 0.976668, 120.033
5691, 94.84167, 22.0966, -74.749, 19.6696, 138.741, 15.6674, 45.655, 0.948447, 0.0468184, 0.95711, -118.493, 0.976662, 120.032
5691, 94.85000, 22.0824, -74.747, 19.6562, 138.736, 15.6569, 45.6575, 0.948443, 0.0459558, 0.957115, -118.493, 0.976657, 120.032
5691, 94.85833, 22.0682, -74.7449, 19.6429, 138.731, 15.6464, 45.6599, 0.948439, 0.0450939, 0.957119, -118.493, 0.976652, 120.031
5692, 94.86667, 22.054, -74.7429, 19.6296, 138.726, 15.636, 45.6624, 0.948434, 0.0442328, 0.957123, -118.493, 0.976647, 120.031
5693, 94.87500, 22.0398, -74.7409, 19.6163, 138.721, 15.6255, 45.6649, 0.94843, 0.0433725, 0.957127, -118.493, 0.976641, 120.03
5693, 94.88333, 22.0256, -74.7388, 19.603, 138.716, 15.615, 45.6674, 0.948426, 0.042513, 0.957132, -118.494, 0.976636, 120.03
5694, 94.89167, 22.0114, -74.7367, 19.5897, 138.711, 15.6045, 45.6699, 0.948422, 0.0416542, 0.957136, -118.494, 0.976631, 120.029
5694, 94.90000, 21.9973, -74.7347, 19.5764, 138.706, 15.5941, 45.6724, 0.948418, 0.0407963, 0.95714, -118.494, 0.976626, 120.029
5694, 94.90833, 21.9831, -74.7326, 19.5631, 138.701, 15.5836, 45.675, 0.948414, 0.0399391, 0.957145, -118.494, 0.976621, 120.028
5695, 94.91666, 21.969, -74.7305, 19.5498, 138.696, 15.5732, 45.6775, 0.948409, 0.0390826, 0.957149, -118.494, 0.976616, 120.028
5696, 94.92500, 21.9549, -74.7285, 19.5366, 138.691, 15.5627, 45.68, 0.948405, 0.0382269, 0.957153, -118.494, 0.976611, 120.027
5696, 94.93333, 21.9407, -74.7264, 19.5233, 138.686, 15.5523, 45.6826, 0.948401, 0.0373721, 0.957158, -118.494, 0.976606, 120.027
5697, 94.94167, 21.9266, -74.7243, 19.5101, 138.681, 15.5419, 45.6851, 0.948397, 0.0365178, 0.957162, -118.494, 0.976601, 120.026
5697, 94.95000, 21.9125, -74.7222, 19.4969, 138.676, 15.5314, 45.6877, 0.948393, 0.0356645, 0.957166, -118.495, 0.976596, 120.026
5698, 94.95834, 21.8984, -74.7201, 19.4836, 138.671, 15.521, 45.6903, 0.948389, 0.0348119, 0.957171, -118.495, 0.976591, 120.025
5698, 94.96667, 21.8844, -74.7179, 19.4704, 138.666, 15.5106, 45.6928, 0.948385, 0.0339599, 0.957175, -118.495, 0.976586, 120.025
5699, 94.97500, 21.8703, -74.7158, 19.4572, 138.661, 15.5002, 45.6954, 0.948381, 0.0331088, 0.957179, -118.495, 0.976581, 120.024
5699, 94.98333, 21.8562, -74.7137, 19.444, 138.656, 15.4898, 45.698, 0.948377, 0.0322585, 0.957184, -118.495, 0.976576, 120.024
5699, 94.99167, 21.8422, -74.7116, 19.4308, 138.651, 15.4794, 45.7006, 0.948373, 0.0314087, 0.957188, -118.495, 0.976571, 120.023
5700, 95.00000, 21.8281, -74.7094, 19.4177, 138.646, 15.469, 45.7032, 0.948369, 0.0305599, 0.957193, -118.495, 0.976566, 120.023
5701, 95.00833, 21.8141, -74.7073, 19.4045, 138.641, 15.4586, 45.7058, 0.948365, 0.0297118, 0.957197, -118.495, 0.976561, 120.022
5701, 95.01667, 21.8001, -74.7051, 19.3913, 138.636, 15.4482, 45.7085, 0.948361, 0.0288643, 0.957201, -118.496, 0.976556, 120.022
5702, 95.02500, 21.7861, -74.7029, 19.3782, 138.631, 15.4379, 45.7111, 0.948357, 0.0280177, 0.957206, -118.496, 0.976551, 120.021
5702, 95.03333, 21.7721, -74.7008, 19.365, 138.626, 15.4275, 45.7137, 0.948353, 0.0271718, 0.95721, -118.496, 0.976547, 120.021
5703, 95.04166, 21.7581, -74.6986, 19.3519, 138.621, 15.4171, 45.7164, 0.948349, 0.0263265, 0.957215, -118.496, 0.976542, 120.02
5703, 95.05000, 21.7441, -74.6964, 19.3388, 138.616, 15.4068, 45.719, 0.948345, 0.0254821, 0.957219, -118.496, 0.976537, 120.02
5704, 95.05833, 21.7302, -74.6942, 19.3257, 138.611, 15.3964, 45.7217, 0.948341, 0.0246384, 0.957224, -118.496, 0.976532, 120.019
5704, 95.06667, 21.7162, -74.692, 19.3126, 138.605, 15.3861, 45.7243, 0.948337, 0.0237953, 0.957228, -118.496, 0.976528, 120.019
5705, 95.07500, 21.7022, -74.6898, 19.2995, 138.6, 15.3757, 45.727, 0.948333, 0.0229531, 0.957233, -118.496, 0.976523, 120.018
5705, 95.08334, 21.6883, -74.6876, 19.2864, 138.595, 15.3654, 45.7297, 0.948329, 0.0221116, 0.957237, -118.496, 0.976518, 120.018
5706, 95.09167, 21.6744, -74.6854, 19.2733, 138.59, 15.3551, 45.7324, 0.948325, 0.0212707, 0.957242, -118.497, 0.976514, 120.017
5706, 95.10000, 21.6605, -74.6832, 19.2602, 138.585, 15.3448, 45.7351, 0.948321, 0.0204306, 0.957246, -118.497, 0.976509, 120.017
5707, 95.10833, 21.6466, -74.681, 19.2472, 138.58, 15.3344, 45.7378, 0.948317, 0.0195913, 0.957251, -118.497, 0.976504, 120.017
5707, 95.11667, 21.6327, -74.6787, 19.2341, 138.575, 15.3241, 45.7405, 0.948313, 0.0187526, 0.957256, -118.497, 0.9765, 120.016
5707, 95.12500, 21.6188, -74.6765, 19.2211, 138.57, 15.3138, 45.7432, 0.948309, 0.0179147, 0.95726, -118.497, 0.976495, 120.016
5708, 95.13333, 21.6049, -74.6743, 19.208, 138.565, 15.3035, 45.7459, 0.948305, 0.0170775, 0.957265, -118.497, 0.976491, 120.015
5709, 95.14167, 21.591, -74.672, 19.195, 138.56, 15.2932, 45.7487, 0.948302, 0.0162409, 0.957269, -118.497, 0.976486, 120.015
5709, 95.15000, 21.5772, -74.6698, 19.182, 138.555, 15.2829, 45.7514, 0.948298, 0.0154051, 0.957274, -118.497, 0.976482, 120.014
5710, 95.15833, 21.5633, -74.6675, 19.169, 138.549, 15.2726, 45.7542, 0.948294, 0.01457, 0.957279, -118.497, 0.976477, 120.014
5710, 95.16666, 21.5495, -74.6652, 19.156, 138.544, 15.2624, 45.7569, 0.94829, 0.0137356, 0.957283, -118.497, 0.976473, 120.013
5711, 95.17500, 21.5357, -74.6629, 19.143, 138.539, 15.2521, 45.7597, 0.948286, 0.0129019, 0.957288, -118.498, 0.976468, 120.013
5711, 95.18333, 21.5218, -74.6607, 19.13, 138.534, 15.2418, 45.7625, 0.948282, 0.012069, 0.957292, -118.498, 0.976464, 120.012
5712, 95.19167, 21.508, -74.6584, 19.117, 138.529, 15.2316, 45.7652, 0.948279, 0.0112366, 0.957297, -118.498, 0.976459, 120.012
5712, 95.20000, 21.4942, -74.6561, 19.104, 138.524, 15.2213, 45.768, 0.948275, 0.010405, 0.957302, -118.498, 0.976455, 120.011
5713, 95.20834, 21.4804, -74.6538, 19.0911, 138.519, 15.211, 45.7708, 0.948271, 0.00957418, 0.957307, -118.498, 0.976451, 120.011
5713, 95.21667, 21.4667, -74.6515, 19.0781, 138.514, 15.2008, 45.7736, 0.948267, 0.00874391, 0.957311, -118.498, 0.976446, 120.011
5714, 95.22500, 21.4529, -74.6491, 19.0652, 138.508, 15.1906, 45.7764, 0.948263, 0.00791444, 0.957316, -118.498, 0.976442, 120.01
5714, 95.23333, 21.4391, -74.6468, 19.0523, 138.503, 15.1803, 45.7793, 0.94826, 0.00708566, 0.957321, -118.498, 0.976438, 120.01
5715, 95.24167, 21.4254, -74.6445, 19.0393, 138.498, 15.1701, 45.7821, 0.948256, 0.00625746, 0.957325, -118.498, 0.976433, 120.009
5715, 95.25000, 21.4116, -74.6422, 19.0264, 138.493, 15.1599, 45.7849, 0.948252, 0.00543006, 0.95733, -118.498, 0.976429, 120.009
5715, 95.25833, 21.3979, -74.6398, 19.0135, 138.488, 15.1496, 45.7878, 0.948248, 0.00460333, 0.957335, -118.498, 0.976425, 120.008
5716, 95.26667, 21.3842, -74.6375, 19.0006, 138.483, 15.1394, 45.7906, 0.948245, 0.0037772, 0.95734, -118.499, 0.976421, 120.008
5717, 95.27500, 21.3705, -74.6351, 18.9877, 138.477, 15.1292, 45.7935, 0.948241, 0.00295184, 0.957344, -118.499, 0.976416, 120.007
5717, 95.28333, 21.3568, -74.6327, 18.9749, 138.472, 15.119, 45.7963, 0.948237, 0.00212716, 0.957349, -118.499, 0.976412, 120.007
5718, 95.29166, 21.3431, -74.6304, 18.962, 138.467, 15.1088, 45.7992, 0.948233, 0.00130306, 0.957354, -118.499, 0.976408, 120.006
5718, 95.30000, 21.3294, -74.628, 18.9491, 138.462, 15.0986, 45.8021, 0.94823, 0.000479736, 0.957359, -118.499, 0.976404, 120.006
5719, 95.30833, 21.3157, -74.6256, 18.9363, 138.457, 15.0884, 45.805, 0.948226, -0.000342915, 0.957364, -118.499, 0.9764, 120.006
5719, 95.31667, 21.3021, -74.6232, 18.9234, 138.451, 15.0783, 45.8078, 0.948222, -0.00116499, 0.957368, -118.499, 0.976396, 120.005
5720, 95.32500, 21.2884, -74.6208, 18.9106, 138.446, 15.0681, 45.8107, 0.948219, -0.0019863, 0.957373, -118.499, 0.976392, 120.005
5720, 95.33334, 21.2748, -74.6184, 18.8978, 138.441, 15.0579, 45.8137, 0.948215, -0.00280694, 0.957378, -118.499, 0.976388, 120.004
5721, 95.34167, 21.2611, -74.616, 18.8849, 138.436, 15.0477, 45.8166, 0.948211, -0.00362701, 0.957383, -118.499, 0.976384, 120.004
5721, 95.35000, 21.2475, -74.6136, 18.8721, 138.43, 15.0376, 45.8195, 0.948208, -0.00444632, 0.957388, -118.499, 0.976379, 120.003
5722, 95.35833, 21.2339, -74.6112, 18.8593, 138.425, 15.0274, 45.8224, 0.948204, -0.00526496, 0.957393, -118.499, 0.976375, 120.003
5722, 95.36667, 21.2203, -74.6087, 18.8465, 138.42, 15.0173, 45.8254, 0.9482, -0.00608304, 0.957397, -118.5, 0.976371, 120.002
5723, 95.37500, 21.2067, -74.6063, 18.8337, 138.415, 15.0071, 45.8283, 0.948197, -0.00690036, 0.957402, -118.5, 0.976367, 120.002
5723, 95.38333, 21.1931, -74.6039, 18.821, 138.41, 14.997, 45.8313, 0.948193, -0.00771703, 0.957407, -118.5, 0.976364, 120.002
5723, 95.39167, 21.1795, -74.6014, 18.8082, 138.404, 14.9869, 45.8342, 0.948189, -0.00853314, 0.957412, -118.5, 0.97636, 120.001
5724, 95.40000, 21.166, -74.599, 18.7954, 138.399, 14.9767, 45.8372, 0.948186, -0.00934849, 0.957417, -118.5, 0.976356, 120.001
5725, 95.40833, 21.1524, -74.5965, 18.7827, 138.394, 14.9666, 45.8402, 0.948182, -0.0101632, 0.957422, -118.5, 0.976352, 120
5725, 95.41666, 21.1389, -74.594, 18.7699, 138.389, 14.9565, 45.8431, 0.948179, -0.0109773, 0.957427, -118.5, 0.976348, 120
5726, 95.42500, 21.1253, -74.5916, 18.7572, 138.383, 14.9464, 45.8461, 0.948175, -0.0117907, 0.957432, -118.5, 0.976344, 119.999
5726, 95.43333, 21.1118, -74.5891, 18.7445, 138.378, 14.9363, 45.8491, 0.948171, -0.0126035, 0.957437, -118.5, 0.97634, 119.999
5727, 95.44167, 21.0983, -74.5866, 18.7317, 138.373, 14.9262, 45.8521, 0.948168, -0.0134157, 0.957442, -118.5, 0.976336, 119.998
5727, 95.45000, 21.0848, -74.5841, 18.719, 138.367, 14.9161, 45.8552, 0.948164, -0.0142272, 0.957447, -118.5, 0.976333, 119.998
5728, 95.45834, 21.0713, -74.5816, 18.7063, 138.362, 14.906, 45.8582, 0.948161, -0.015038, 0.957452, -118.5, 0.976329, 119.998
5728, 95.46667, 21.0578, -74.5791, 18.6936, 138.357, 14.8959, 45.8612, 0.948157, -0.0158483, 0.957457, -118.5, 0.976325, 119.997
5729, 95.47500, 21.0443, -74.5766, 18.6809, 138.352, 14.8858, 45.8642, 0.948154, -0.0166578, 0.957462, -118.5, 0.976321, 119.997
5729, 95.48333, 21.0308, -74.5741, 18.6683, 138.346, 14.8758, 45.8673, 0.94815, -0.0174667, 0.957467, -118.5, 0.976318, 119.996
5730, 95.49167, 21.0174, -74.5715, 18.6556, 138.341, 14.8657, 45.8703, 0.948146, -0.0182751, 0.957472, -118.501, 0.976314, 119.996
5730, 95.50000, 21.0039, -74.569, 18.6429, 138.336, 14.8556, 45.8734, 0.948143, -0.0190827, 0.957477, -118.501, 0.97631, 119.995
5731, 95.50833, 20.9905, -74.5665, 18.6303, 138.33, 14.8456, 45.8765, 0.948139, -0.0198897, 0.957482, -118.501, 0.976307, 119.995
5731, 95.51667, 20.9771, -74.5639, 18.6176, 138.325, 14.8355, 45.8795, 0.948136, -0.0206962, 0.957487, -118.501, 0.976303, 119.995
5731, 95.52500, 20.9636, -74.5614, 18.605, 138.32, 14.8255, 45.8826, 0.948132, -0.0215019, 0.957492, -118.501, 0.976299, 119.994
5732, 95.53333, 20.9502, -74.5588, 18.5924, 138.314, 14.8154, 45.8857, 0.948129, -0.022307, 0.957497, -118.501, 0.976296, 119.994
5733, 95.54166, 20.9368, -74.5562, 18.5798, 138.309, 14.8054, 45.8888, 0.948125, -0.0231116, 0.957503, -118.501, 0.976292, 119.993
5733, 95.55000, 20.9234, -74.5537, 18.5671, 138.304, 14.7954, 45.8919, 0.948122, -0.0239155, 0.957508, -118.501, 0.976289, 119.993
5734, 95.55833, 20.91, -74.5511, 18.5545, 138.298, 14.7853, 45.895, 0.948118, -0.0247187, 0.957513, -118.501, 0.976285, 119.992
5734, 95.56667, 20.8967, -74.5485, 18.5419, 138.293, 14.7753, 45.8982, 0.948115, -0.0255214, 0.957518, -118.501, 0.976282, 119.992
5735, 95.57500, 20.8833, -74.5459, 18.5294, 138.288, 14.7653, 45.9013, 0.948111, -0.0263234, 0.957523, -118.501, 0.976278, 119.992
5735, 95.58334, 20.8699, -74.5433, 18.5168, 138.282, 14.7553, 45.9044, 0.948108, -0.0271248, 0.957528, -118.501, 0.976275, 119.991
5736, 95.59167, 20.8566, -74.5407, 18.5042, 138.277, 14.7453, 45.9076, 0.948105, -0.0279257, 0.957533, -118.501, 0.976271, 119.991
5736, 95.60000, 20.8432, -74.5381, 18.4916, 138.272, 14.7353, 45.9107, 0.948101, -0.0287259, 0.957539, -118.501, 0.976268, 119.99
5737, 95.60833, 20.8299, -74.5355, 18.4791, 138.266, 14.7253, 45.9139, 0.948098, -0.0295254, 0.957544, -118.501, 0.976264, 119.99
5737, 95.61667, 20.8166, -74.5328, 18.4665, 138.261, 14.7153, 45.917, 0.948094, -0.0303244, 0.957549, -118.501, 0.976261, 119.989
5738, 95.62500, 20.8033, -74.5302, 18.454, 138.255, 14.7053, 45.9202, 0.948091, -0.0311227, 0.957554, -118.501, 0.976258, 119.989
5738, 95.63333, 20.79, -74.5276, 18.4415, 138.25, 14.6953, 45.9234, 0.948087, -0.0319204, 0.957559, -118.501, 0.976254, 119.989
5739, 95.64167, 20.7767, -74.5249, 18.4289, 138.245, 14.6853, 45.9266, 0.948084, -0.0327176, 0.957565, -118.501, 0.976251, 119.988
5739, 95.65000, 20.7634, -74.5223, 18.4164, 138.239, 14.6754, 45.9298, 0.94808, -0.0335141, 0.95757, -118.502, 0.976247, 119.988
5739, 95.65833, 20.7501, -74.5196, 18.4039, 138.234, 14.6654, 45.933, 0.948077, -0.03431, 0.957575, -118.502, 0.976244, 119.987
5740, 95.66666, 20.7369, -74.5169, 18.3914, 138.228, 14.6555, 45.9362, 0.948074, -0.0351054, 0.957581, -118.502, 0.976241, 119.987
5741, 95.67500, 20.7236, -74.5143, 18.3789, 138.223, 14.6455, 45.9394, 0.94807, -0.0359001, 0.957586, -118.502, 0.976238, 119.987
5741, 95.68333, 20.7103, -74.5116, 18.3665, 138.218, 14.6355, 45.9426, 0.948067, -0.0366942, 0.957591, -118.502, 0.976234, 119.986
5742, 95.69167, 20.6971, -74.5089, 18.354, 138.212, 14.6256, 45.9459, 0.948063, -0.0374878, 0.957596, -118.502, 0.976231, 119.986
5742, 95.70000, 20.6839, -74.5062, 18.3415, 138.207, 14.6157, 45.9491, 0.94806, -0.0382807, 0.957602, -118.502, 0.976228, 119.985
5743, 95.70834, 20.6707, -74.5035, 18.3291, 138.201, 14.6057, 45.9524, 0.948057, -0.039073, 0.957607, -118.502, 0.976225, 119.985
5743, 95.71667, 20.6574, -74.5008, 18.3166, 138.196, 14.5958, 45.9556, 0.948053, -0.0398648, 0.957612, -118.502, 0.976222, 119.985
5744, 95.72500, 20.6442, -74.4981, 18.3042, 138.19, 14.5859, 45.9589, 0.94805, -0.0406559, 0.957618, -118.502, 0.976218, 119.984
5744, 95.73333, 20.6311, -74.4954, 18.2917, 138.185, 14.576, 45.9622, 0.948047, -0.0414465, 0.957623, -118.502, 0.976215, 119.984
5745, 95.74167, 20.6179, -74.4927, 18.2793, 138.18, 14.5661, 45.9655, 0.948043, -0.0422365, 0.957628, -118.502, 0.976212, 119.983
5745, 95.75000, 20.6047, -74.4899, 18.2669, 138.174, 14.5561, 45.9687, 0.94804, -0.0430258, 0.957634, -118.502, 0.976209, 119.983
5746, 95.75833, 20.5915, -74.4872, 18.2545, 138.169, 14.5462, 45.972, 0.948036, -0.0438146, 0.957639, -118.502, 0.976206, 119.982
5746, 95.76667, 20.5784, -74.4844, 18.2421, 138.163, 14.5363, 45.9753, 0.948033, -0.0446029, 0.957645, -118.502, 0.976203, 119.982
5747, 95.77500, 20.5652, -74.4817, 18.2297, 138.158, 14.5265, 45.9786, 0.94803, -0.0453905, 0.95765, -118.502, 0.9762, 119.982
5747, 95.78333, 20.5521, -74.4789, 18.2173, 138.152, 14.5166, 45.982, 0.948026, -0.0461775, 0.957655, -118.502, 0.976197, 119.981
5747, 95.79166, 20.539, -74.4762, 18.2049, 138.147, 14.5067, 45.9853, 0.948023, -0.046964, 0.957661, -118.502, 0.976194, 119.981
5748, 95.80000, 20.5258, -74.4734, 18.1925, 138.141, 14.4968, 45.9886, 0.94802, -0.0477499, 0.957666, -118.502, 0.976191, 119.98
5749, 95.80833, 20.5127, -74.4706, 18.1802, 138.136, 14.4869, 45.992, 0.948017, -0.0485352, 0.957672, -118.502, 0.976188, 119.98
5749, 95.81667, 20.4996, -74.4678, 18.1678, 138.13, 14.4771, 45.9953, 0.948013, -0.04932, 0.957677, -118.502, 0.976185, 119.98
5750, 95.82500, 20.4865, -74.465, 18.1555, 138.125, 14.4672, 45.9987, 0.94801, -0.0501041, 0.957683, -118.502, 0.976182, 119.979
5750, 95.83334, 20.4734, -74.4622, 18.1431, 138.119, 14.4574, 46.002, 0.948007, -0.0508877, 0.957688, -118.502, 0.976179, 119.979
5751, 95.84167, 20.4604, -74.4594, 18.1308, 138.114, 14.4475, 46.0054, 0.948003, -0.0516707, 0.957694, -118.502, 0.976176, 119.978
5751, 95.85000, 20.4473, -74.4566, 18.1185, 138.108, 14.4377, 46.0088, 0.948, -0.0524532, 0.957699, -118.502, 0.976173, 119.978
5752, 95.85833, 20.4342, -74.4538, 18.1062, 138.103, 14.4278, 46.0122, 0.947997, -0.053235, 0.957705, -118.502, 0.97617, 119.978
5752, 95.86667, 20.4212, -74.451, 18.0939, 138.097, 14.418, 46.0156, 0.947993, -0.0540164, 0.95771, -118.502, 0.976168, 119.977
5753, 95.87500, 20.4082, -74.4481, 18.0816, 138.092, 14.4082, 46.019, 0.94799, -0.0547971, 0.957716, -118.502, 0.976165, 119.977
5753, 95.88333, 20.3951, -74.4453, 18.0693, 138.086, 14.3983, 46.0224, 0.947987, -0.0555772, 0.957721, -118.502, 0.976162, 119.976
5754, 95.89167, 20.3821, -74.4424, 18.057, 138.081, 14.3885, 46.0258, 0.947984, -0.0563569, 0.957727, -118.502, 0.976159, 119.976
5754, 95.90000, 20.3691, -74.4396, 18.0447, 138.075, 14.3787, 46.0293, 0.94798, -0.0571359, 0.957733, -118.502, 0.976156, 119.976
5755, 95.90833, 20.3561, -74.4367, 18.0324, 138.069, 14.3689, 46.0327, 0.947977, -0.0579144, 0.957738, -118.502, 0.976154, 119.975
5755, 95.91666, 20.3431, -74.4339, 18.0202, 138.064, 14.3591, 46.0361, 0.947974, -0.0586924, 0.957744, -118.502, 0.976151, 119.975
5755, 95.92500, 20.3301, -74.431, 18.0079, 138.058, 14.3493, 46.0396, 0.947971, -0.0594697, 0.957749, -118.502, 0.976148, 119.975
5756, 95.93333, 20.3171, -74.4281, 17.9957, 138.053, 14.3395, 46.043, 0.947967, -0.0602465, 0.957755, -118.502, 0.976146, 119.974
5757, 95.94167, 20.3042, -74.4252, 17.9834, 138.047, 14.3297, 46.0465, 0.947964, -0.0610228, 0.957761, -118.502, 0.976143, 119.974
5757, 95.95000, 20.2912, -74.4223, 17.9712, 138.042, 14.3199, 46.05, 0.947961, -0.0617985, 0.957766, -118.502, 0.97614, 119.973
5758, 95.95834, 20.2782, -74.4194, 17.959, 138.036, 14.3101, 46.0535, 0.947958, -0.0625736, 0.957772, -118.502, 0.976138, 119.973
5758, 95.96667, 20.2653, -74.4165, 17.9468, 138.03, 14.3003, 46.0569, 0.947954, -0.0633483, 0.957778, -118.502, 0.976135, 119.973
5759, 95.97500, 20.2524, -74.4136, 17.9346, 138.025, 14.2906, 46.0604, 0.947951, -0.0641223, 0.957783, -118.502, 0.976132, 119.972
5759, 95.98333, 20.2394, -74.4107, 17.9224, 138.019, 14.2808, 46.0639, 0.947948, -0.0648957, 0.957789, -118.502, 0.97613, 119.972
5760, 95.99167, 20.2265, -74.4078, 17.9102, 138.014, 14.271, 46.0675, 0.947945, -0.0656688, 0.957795, -118.502, 0.976127, 119.971
5760, 96.00000, 20.2136, -74.4048, 17.898, 138.008, 14.2613, 46.071, 0.947941, -0.0664411, 0.9578, -118.502, 0.976125, 119.971
5761, 96.00833, 20.2007, -74.4019, 17.8858, 138.002, 14.2515, 46.0745, 0.947938, -0.0672129, 0.957806, -118.502, 0.976122, 119.971
5761, 96.01667, 20.1878, -74.3989, 17.8737, 137.997, 14.2418, 46.078, 0.947935, -0.0679843, 0.957812, -118.502, 0.97612, 119.97
5762, 96.02500, 20.1749, -74.396, 17.8615, 137.991, 14.2321, 46.0816, 0.947932, -0.068755, 0.957818, -118.502, 0.976117, 119.97
5762, 96.03333, 20.1621, -74.393, 17.8493, 137.986, 14.2223, 46.0851, 0.947928, -0.0695252, 0.957823, -118.502, 0.976115, 119.97
5763, 96.04166, 20.1492, -74.3901, 17.8372, 137.98, 14.2126, 46.0887, 0.947925, -0.070295, 0.957829, -118.502, 0.976112, 119.969
5763, 96.05000, 20.1364, -74.3871, 17.8251, 137.974, 14.2029, 46.0923, 0.947922, -0.0710641, 0.957835, -118.502, 0.97611, 119.969
5763, 96.05833, 20.1235, -74.3841, 17.8129, 137.969, 14.1931, 46.0958, 0.947919, -0.0718327, 0.957841, -118.502, 0.976107, 119.968
5764, 96.06667, 20.1107, -74.3811, 17.8008, 137.963, 14.1834, 46.0994, 0.947916, -0.0726008, 0.957847, -118.502, 0.976105, 119.968
5765, 96.07500, 20.0978, -74.3781, 17.7887, 137.957, 14.1737, 46.103, 0.947913, -0.0733683, 0.957852, -118.502, 0.976103, 119.968
5765, 96.08334, 20.085, -74.3751, 17.7766, 137.952, 14.164, 46.1066, 0.947909, -0.0741352, 0.957858, -118.502, 0.9761, 119.967
5766, 96.09167, 20.0722, -74.3721, 17.7645, 137.946, 14.1543, 46.1102, 0.947906, -0.0749018, 0.957864, -118.502, 0.976098, 119.967
5766, 96.10000, 20.0594, -74.3691, 17.7524, 137.94, 14.1446, 46.1138, 0.947903, -0.0756676, 0.95787, -118.502, 0.976096, 119.967
5767, 96.10833, 20.0466, -74.3661, 17.7403, 137.935, 14.1349, 46.1174, 0.9479, -0.076433, 0.957876, -118.502, 0.976093, 119.966
5767, 96.11667, 20.0338, -74.363, 17.7282, 137.929, 14.1252, 46.1211, 0.947897, -0.0771979, 0.957882, -118.502, 0.976091, 119.966
5768, 96.12500, 20.021, -74.36, 17.7162, 137.923, 14.1156, 46.1247, 0.947893, -0.0779622, 0.957888, -118.502, 0.976089, 119.965
5768, 96.13333, 20.0083, -74.3569, 17.7041, 137.918, 14.1059, 46.1283, 0.94789, -0.078726, 0.957894, -118.502, 0.976087, 119.965
5769, 96.14167, 19.9955, -74.3539, 17.692, 137.912, 14.0962, 46.132, 0.947887, -0.0794893, 0.957899, -118.502, 0.976084, 119.965
5769, 96.15000, 19.9828, -74.3508, 17.68, 137.906, 14.0865, 46.1357, 0.947884, -0.080252, 0.957905, -118.502, 0.976082, 119.964
5770, 96.15833, 19.97, -74.3478, 17.668, 137.901, 14.0769, 46.1393, 0.947881, -0.0810142, 0.957911, -118.502, 0.97608, 119.964
5770, 96.16666, 19.9573, -74.3447, 17.6559, 137.895, 14.0672, 46.143, 0.947878, -0.081776, 0.957917, -118.502, 0.976078, 119.964
5771, 96.17500, 19.9446, -74.3416, 17.6439, 137.889, 14.0576, 46.1467, 0.947874, -0.0825371, 0.957923, -118.502, 0.976076, 119.963
5771, 96.18333, 19.9318, -74.3385, 17.6319, 137.883, 14.0479, 46.1504, 0.947871, -0.0832977, 0.957929, -118.502, 0.976073, 119.963
5772, 96.19167, 19.9191, -74.3355, 17.6199, 137.878, 14.0383, 46.1541, 0.947868, -0.0840579, 0.957935, -118.502, 0.976071, 119.963
5772, 96.20000, 19.9064, -74.3324, 17.6079, 137.872, 14.0286, 46.1578, 0.947865, -0.0848175, 0.957941, -118.502, 0.976069, 119.962
5773, 96.20834, 19.8937, -74.3293, 17.5959, 137.866, 14.019, 46.1615, 0.947862, -0.0855766, 0.957947, -118.502, 0.976067, 119.962
5773, 96.21667, 19.8811, -74.3261, 17.5839, 137.86, 14.0094, 46.1652, 0.947859, -0.0863352, 0.957953, -118.502, 0.976065, 119.961
5774, 96.22500, 19.8684, -74.323, 17.5719, 137.855, 13.9998, 46.1689, 0.947855, -0.0870932, 0.957959, -118.502, 0.976063, 119.961
5774, 96.23333, 19.8557, -74.3199, 17.5599, 137.849, 13.9901, 46.1727, 0.947852, -0.0878507, 0.957965, -118.502, 0.976061, 119.961
5775, 96.24167, 19.8431, -74.3168, 17.548, 137.843, 13.9805, 46.1764, 0.947849, -0.0886078, 0.957971, -118.502, 0.976059, 119.96
5775, 96.25000, 19.8304, -74.3136, 17.536, 137.837, 13.9709, 46.1802, 0.947846, -0.0893643, 0.957977, -118.502, 0.976057, 119.96
5776, 96.25833, 19.8178, -74.3105, 17.5241, 137.832, 13.9613, 46.1839, 0.947843, -0.0901202, 0.957983, -118.502, 0.976055, 119.96
5776, 96.26667, 19.8051, -74.3073, 17.5121, 137.826, 13.9517, 46.1877, 0.94784, -0.0908758, 0.95799, -118.502, 0.976053, 119.959
5777, 96.27500, 19.7925, -74.3042, 17.5002, 137.82, 13.9421, 46.1915, 0.947837, -0.0916307, 0.957996, -118.502, 0.976051, 119.959
5777, 96.28333, 19.7799, -74.301, 17.4883, 137.814, 13.9325, 46.1953, 0.947833, -0.0923851, 0.958002, -118.502, 0.976049, 119.959
5778, 96.29166, 19.7673, -74.2978, 17.4763, 137.809, 13.923, 46.1991, 0.94783, -0.0931391, 0.958008, -118.502, 0.976047, 119.958
5778, 96.30000, 19.7547, -74.2947, 17.4644, 137.803, 13.9134, 46.2029, 0.947827, -0.0938925, 0.958014, -118.502, 0.976045, 119.958
5779, 96.30833, 19.7421, -74.2915, 17.4525, 137.797, 13.9038, 46.2067, 0.947824, -0.0946454, 0.95802, -118.502, 0.976043, 119.958
5779, 96.31667, 19.7295, -74.2883, 17.4406, 137.791, 13.8942, 46.2105, 0.947821, -0.0953979, 0.958026, -118.502, 0.976042, 119.957
5780, 96.32500, 19.7169, -74.2851, 17.4287, 137.785, 13.8847, 46.2143, 0.947818, -0.0961498, 0.958033, -118.502, 0.97604, 119.957
5780, 96.33334, 19.7044, -74.2819, 17.4168, 137.78, 13.8751, 46.2182, 0.947815, -0.0969012, 0.958039, -118.502, 0.976038, 119.956
5781, 96.34167, 19.6918, -74.2786, 17.405, 137.774, 13.8656, 46.222, 0.947811, -0.0976521, 0.958045, -118.501, 0.976036, 119.956
5781, 96.35000, 19.6793, -74.2754, 17.3931, 137.768, 13.856, 46.2258, 0.947808, -0.0984025, 0.958051, -118.501, 0.976034, 119.956
5782, 96.35833, 19.6667, -74.2722, 17.3812, 137.762, 13.8465, 46.2297, 0.947805, -0.0991524, 0.958057, -118.501, 0.976033, 119.955
5782, 96.36667, 19.6542, -74.269, 17.3694, 137.756, 13.8369, 46.2336, 0.947802, -0.0999018, 0.958064, -118.501, 0.976031, 119.955
5783, 96.37500, 19.6417, -74.2657, 17.3575, 137.75, 13.8274, 46.2374, 0.947799, -0.100651, 0.95807, -118.501, 0.976029, 119.955
5783, 96.38333, 19.6292, -74.2625, 17.3457, 137.745, 13.8179, 46.2413, 0.947796, -0.101399, 0.958076, -118.501, 0.976027, 119.954
5784, 96.39167, 19.6167, -74.2592, 17.3339, 137.739, 13.8083, 46.2452, 0.947793, -0.102147, 0.958082, -118.501, 0.976026, 119.954
5784, 96.40000, 19.6042, -74.256, 17.322, 137.733, 13.7988, 46.2491, 0.94779, -0.102894, 0.958089, -118.501, 0.976024, 119.954
5785, 96.40833, 19.5917, -74.2527, 17.3102, 137.727, 13.7893, 46.253, 0.947787, -0.103641, 0.958095, -118.501, 0.976022, 119.953
5785, 96.41666, 19.5792, -74.2494, 17.2984, 137.721, 13.7798, 46.2569, 0.947783, -0.104388, 0.958101, -118.501, 0.976021, 119.953
5786, 96.42500, 19.5667, -74.2461, 17.2866, 137.715, 13.7703, 46.2608, 0.94778, -0.105134, 0.958108, -118.501, 0.976019, 119.953
5786, 96.43333, 19.5542, -74.2428, 17.2748, 137.709, 13.7608, 46.2647, 0.947777, -0.105879, 0.958114, -118.501, 0.976017, 119.952
5787, 96.44167, 19.5418, -74.2395, 17.263, 137.703, 13.7513, 46.2687, 0.947774, -0.106624, 0.95812, -118.501, 0.976016, 119.952
5787, 96.45000, 19.5293, -74.2362, 17.2512, 137.698, 13.7418, 46.2726, 0.947771, -0.107368, 0.958127, -118.501, 0.976014, 119.952
5788, 96.45834, 19.5169, -74.2329, 17.2395, 137.692, 13.7323, 46.2766, 0.947768, -0.108112, 0.958133, -118.501, 0.976013, 119.951
5788, 96.46667, 19.5045, -74.2296, 17.2277, 137.686, 13.7228, 46.2805, 0.947765, -0.108856, 0.958139, -118.501, 0.976011, 119.951
5789, 96.47500, 19.492, -74.2263, 17.2159, 137.68, 13.7133, 46.2845, 0.947762, -0.109599, 0.958146, -118.501, 0.97601, 119.951
5789, 96.48333, 19.4796, -74.2229, 17.2042, 137.674, 13.7039, 46.2885, 0.947758, -0.110341, 0.958152, -118.501, 0.976008, 119.95
5790, 96.49167, 19.4672, -74.2196, 17.1924, 137.668, 13.6944, 46.2925, 0.947755, -0.111083, 0.958159, -118.5, 0.976007, 119.95
5790, 96.50000, 19.4548, -74.2162, 17.1807, 137.662, 13.6849, 46.2964, 0.947752, -0.111824, 0.958165, -118.5, 0.976005, 119.95
5791, 96.50833, 19.4424, -74.2129, 17.169, 137.656, 13.6755, 46.3004, 0.947749, -0.112565, 0.958172, -118.5, 0.976004, 119.949
5791, 96.51667, 19.43, -74.2095, 17.1572, 137.65, 13.666, 46.3044, 0.947746, -0.113306, 0.958178, -118.5, 0.976002, 119.949
5792, 96.52500, 19.4177, -74.2062, 17.1455, 137.644, 13.6566, 46.3085, 0.947743, -0.114046, 0.958185, -118.5, 0.976001, 119.949
5792, 96.53333, 19.4053, -74.2028, 17.1338, 137.638, 13.6471, 46.3125, 0.94774, -0.114785, 0.958191, -118.5, 0.976, 119.948
5793, 96.54166, 19.3929, -74.1994, 17.1221, 137.632, 13.6377, 46.3165, 0.947737, -0.115525, 0.958198, -118.5, 0.975998, 119.948
5793, 96.55000, 19.3806, -74.196, 17.1104, 137.626, 13.6282, 46.3205, 0.947734, -0.116263, 0.958204, -118.5, 0.975997, 119.948
5794, 96.55833, 19.3682, -74.1926, 17.0987, 137.62, 13.6188, 46.3246, 0.94773, -0.117001, 0.958211, -118.5, 0.975996, 119.947
5794, 96.56667, 19.3559, -74.1892, 17.087, 137.615, 13.6094, 46.3286, 0.947727, -0.117739, 0.958217, -118.5, 0.975994, 119.947
5795, 96.57500, 19.3436, -74.1858, 17.0753, 137.609, 13.5999, 46.3327, 0.947724, -0.118476, 0.958224, -118.5, 0.975993, 119.947
5795, 96.58334, 19.3313, -74.1824, 17.0637, 137.603, 13.5905, 46.3368, 0.947721, -0.119212, 0.95823, -118.5, 0.975992, 119.946
5796, 96.59167, 19.319, -74.179, 17.052, 137.597, 13.5811, 46.3409, 0.947718, -0.119949, 0.958237, -118.5, 0.97599, 119.946
5796, 96.60000, 19.3067, -74.1755, 17.0404, 137.591, 13.5717, 46.3449, 0.947715, -0.120684, 0.958243, -118.5, 0.975989, 119.946
5797, 96.60833, 19.2944, -74.1721, 17.0287, 137.585, 13.5623, 46.349, 0.947712, -0.121419, 0.95825, -118.499, 0.975988, 119.945
5797, 96.61667, 19.2821, -74.1686, 17.0171, 137.579, 13.5529, 46.3531, 0.947709, -0.122154, 0.958257, -118.499, 0.975987, 119.945
5798, 96.62500, 19.2698, -74.1652, 17.0054, 137.573, 13.5435, 46.3572, 0.947705, -0.122888, 0.958263, -118.499, 0.975985, 119.945
5798, 96.63333, 19.2575, -74.1617, 16.9938, 137.567, 13.5341, 46.3614, 0.947702, -0.123622, 0.95827, -118.499, 0.975984, 119.944
5799, 96.64167, 19.2453, -74.1583, 16.9822, 137.561, 13.5247, 46.3655, 0.947699, -0.124355, 0.958277, -118.499, 0.975983, 119.944
5799, 96.65000, 19.233, -74.1548, 16.9706, 137.555, 13.5154, 46.3696, 0.947696, -0.125088, 0.958283, -118.499, 0.975982, 119.944
5800, 96.65833, 19.2208, -74.1513, 16.959, 137.549, 13.506, 46.3738, 0.947693, -0.12582, 0.95829, -118.499, 0.975981, 119.943
5800, 96.66666, 19.2085, -74.1478, 16.9474, 137.542, 13.4966, 46.3779, 0.94769, -0.126552, 0.958297, -118.499, 0.97598, 119.943
5801, 96.67500, 19.1963, -74.1443, 16.9358, 137.536, 13.4872, 46.3821, 0.947687, -0.127283, 0.958303, -118.499, 0.975979, 119.943
5801, 96.68333, 19.1841, -74.1408, 16.9242, 137.53, 13.4779, 46.3862, 0.947684, -0.128014, 0.95831, -118.499, 0.975978, 119.942
5802, 96.69167, 19.1719, -74.1373, 16.9126, 137.524, 13.4685, 46.3904, 0.94768, -0.128745, 0.958317, -118.499, 0.975977, 119.942
5802, 96.70000, 19.1596, -74.1338, 16.9011, 137.518, 13.4592, 46.3946, 0.947677, -0.129474, 0.958324, -118.498, 0.975975, 119.942
5803, 96.70834, 19.1474, -74.1303, 16.8895, 137.512, 13.4498, 46.3988, 0.947674, -0.130204, 0.95833, -118.498, 0.975974, 119.942
5803, 96.71667, 19.1353, -74.1267, 16.8779, 137.506, 13.4405, 46.403, 0.947671, -0.130933, 0.958337, -118.498, 0.975973, 119.941
5804, 96.72500, 19.1231, -74.1232, 16.8664, 137.5, 13.4311, 46.4072, 0.947668, -0.131661, 0.958344, -118.498, 0.975972, 119.941
5804, 96.73333, 19.1109, -74.1197, 16.8548, 137.494, 13.4218, 46.4114, 0.947665, -0.132389, 0.958351, -118.498, 0.975971, 119.941
5805, 96.74167, 19.0987, -74.1161, 16.8433, 137.488, 13.4125, 46.4156, 0.947662, -0.133117, 0.958358, -118.498, 0.975971, 119.94
5805, 96.75000, 19.0866, -74.1126, 16.8318, 137.482, 13.4031, 46.4198, 0.947658, -0.133844, 0.958364, -118.498, 0.97597, 119.94
5806, 96.75833, 19.0744, -74.109, 16.8203, 137.476, 13.3938, 46.4241, 0.947655, -0.13457, 0.958371, -118.498, 0.975969, 119.94
5806, 96.76667, 19.0623, -74.1054, 16.8087, 137.47, 13.3845, 46.4283, 0.947652, -0.135297, 0.958378, -118.498, 0.975968, 119.939
5807, 96.77500, 19.0501, -74.1018, 16.7972, 137.464, 13.3752, 46.4326, 0.947649, -0.136022, 0.958385, -118.498, 0.975967, 119.939
5807, 96.78333, 19.038, -74.0982, 16.7857, 137.457, 13.3659, 46.4368, 0.947646, -0.136747, 0.958392, -118.498, 0.975966, 119.939
5808, 96.79166, 19.0259, -74.0947, 16.7742, 137.451, 13.3566, 46.4411, 0.947643, -0.137472, 0.958399, -118.497, 0.975965, 119.938
5808, 96.80000, 19.0138, -74.091, 16.7627, 137.445, 13.3473, 46.4454, 0.947639, -0.138196, 0.958406, -118.497, 0.975964, 119.938
5809, 96.80833, 19.0017, -74.0874, 16.7513, 137.439, 13.338, 46.4497, 0.947636, -0.13892, 0.958413, -118.497, 0.975964, 119.938
5809, 96.81667, 18.9896, -74.0838, 16.7398, 137.433, 13.3287, 46.454, 0.947633, -0.139643, 0.95842, -118.497, 0.975963, 119.937
5810, 96.82500, 18.9775, -74.0802, 16.7283, 137.427, 13.3194, 46.4583, 0.94763, -0.140366, 0.958426, -118.497, 0.975962, 119.937
5810, 96.83334, 18.9654, -74.0766, 16.7169, 137.421, 13.3101, 46.4626, 0.947627, -0.141088, 0.958433, -118.497, 0.975961, 119.937
5811, 96.84167, 18.9533, -74.0729, 16.7054, 137.415, 13.3009, 46.4669, 0.947624, -0.14181, 0.95844, -118.497, 0.97596, 119.937
5811, 96.85000, 18.9413, -74.0693, 16.694, 137.408, 13.2916, 46.4712, 0.947621, -0.142532, 0.958447, -118.497, 0.97596, 119.936
5812, 96.85833, 18.9292, -74.0656, 16.6825, 137.402, 13.2823, 46.4755, 0.947617, -0.143252, 0.958454, -118.497, 0.975959, 119.936
5812, 96.86667, 18.9172, -74.062, 16.6711, 137.396, 13.2731, 46.4799, 0.947614, -0.143973, 0.958461, -118.496, 0.975958, 119.936
5813, 96.87500, 18.9051, -74.0583, 16.6597, 137.39, 13.2638, 46.4842, 0.947611, -0.144693, 0.958468, -118.496, 0.975958, 119.935
5813, 96.88333, 18.8931, -74.0546, 16.6482, 137.384, 13.2545, 46.4886, 0.947608, -0.145412, 0.958476, -118.496, 0.975957, 119.935
5814, 96.89167, 18.8811, -74.0509, 16.6368, 137.378, 13.2453, 46.493, 0.947605, -0.146132, 0.958483, -118.496, 0.975956, 119.935
5814, 96.90000, 18.869, -74.0473, 16.6254, 137.371, 13.236, 46.4973, 0.947601, -0.14685, 0.95849, -118.496, 0.975956, 119.934
5815, 96.90833, 18.857, -74.0436, 16.614, 137.365, 13.2268, 46.5017, 0.947598, -0.147568, 0.958497, -118.496, 0.975955, 119.934
5815, 96.91666, 18.845, -74.0399, 16.6026, 137.359, 13.2176, 46.5061, 0.947595, -0.148286, 0.958504, -118.496, 0.975955, 119.934
5816, 96.92500, 18.833, -74.0361, 16.5912, 137.353, 13.2083, 46.5105, 0.947592, -0.149003, 0.958511, -118.496, 0.975954, 119.934
5816, 96.93333, 18.8211, -74.0324, 16.5799, 137.347, 13.1991, 46.5149, 0.947589, -0.14972, 0.958518, -118.495, 0.975954, 119.933
5817, 96.94167, 18.8091, -74.0287, 16.5685, 137.34, 13.1899, 46.5193, 0.947585, -0.150436, 0.958525, -118.495, 0.975953, 119.933
5817, 96.95000, 18.7971, -74.025, 16.5571, 137.334, 13.1807, 46.5237, 0.947582, -0.151152, 0.958533, -118.495, 0.975952, 119.933
5818, 96.95834, 18.7851, -74.0212, 16.5458, 137.328, 13.1715, 46.5282, 0.947579, -0.151867, 0.95854, -118.495, 0.975952, 119.932
5818, 96.96667, 18.7732, -74.0175, 16.5344, 137.322, 13.1622, 46.5326, 0.947576, -0.152582, 0.958547, -118.495, 0.975951, 119.932
5819, 96.97500, 18.7612, -74.0137, 16.5231, 137.315, 13.153, 46.5371, 0.947573, -0.153296, 0.958554, -118.495, 0.975951, 119.932
5819, 96.98333, 18.7493, -74.01, 16.5117, 137.309, 13.1438, 46.5415, 0.947569, -0.15401, 0.958561, -118.495, 0.975951, 119.932
5820, 96.99167, 18.7374, -74.0062, 16.5004, 137.303, 13.1346, 46.546, 0.947566, -0.154723, 0.958569, -118.495, 0.97595, 119.931
5820, 97.00000, 18.7254, -74.0024, 16.4891, 137.297, 13.1255, 46.5504, 0.947563, -0.155436, 0.958576, -118.494, 0.97595, 119.931
5821, 97.00833, 18.7135, -73.9986, 16.4777, 137.29, 13.1163, 46.5549, 0.94756, -0.156149, 0.958583, -118.494, 0.975949, 119.931
5821, 97.01667, 18.7016, -73.9949, 16.4664, 137.284, 13.1071, 46.5594, 0.947556, -0.156861, 0.95859, -118.494, 0.975949, 119.93
5822, 97.02500, 18.6897, -73.9911, 16.4551, 137.278, 13.0979, 46.5639, 0.947553, -0.157572, 0.958598, -118.494, 0.975949, 119.93
5822, 97.03333, 18.6778, -73.9873, 16.4438, 137.272, 13.0887, 46.5684, 0.94755, -0.158283, 0.958605, -118.494, 0.975948, 119.93
5823, 97.04166, 18.6659, -73.9834, 16.4325, 137.265, 13.0796, 46.5729, 0.947547, -0.158994, 0.958612, -118.494, 0.975948, 119.93
5823, 97.05000, 18.654, -73.9796, 16.4212, 137.259, 13.0704, 46.5774, 0.947544, -0.159704, 0.95862, -118.494, 0.975948, 119.929
5824, 97.05833, 18.6422, -73.9758, 16.41, 137.253, 13.0612, 46.582, 0.94754, -0.160414, 0.958627, -118.493, 0.975947, 119.929
5824, 97.06667, 18.6303, -73.972, 16.3987, 137.246, 13.0521, 46.5865, 0.947537, -0.161123, 0.958634, -118.493, 0.975947, 119.929
5825, 97.07500, 18.6184, -73.9681, 16.3874, 137.24, 13.0429, 46.5911, 0.947534, -0.161832, 0.958642, -118.493, 0.975947, 119.928
5825, 97.08334, 18.6066, -73.9643, 16.3762, 137.234, 13.0338, 46.5956, 0.94753, -0.16254, 0.958649, -118.493, 0.975947, 119.928
5826, 97.09167, 18.5948, -73.9604, 16.3649, 137.228, 13.0246, 46.6002, 0.947527, -0.163248, 0.958657, -118.493, 0.975946, 119.928
5826, 97.10000, 18.5829, -73.9566, 16.3537, 137.221, 13.0155, 46.6047, 0.947524, -0.163955, 0.958664, -118.493, 0.975946, 119.928
5827, 97.10833, 18.5711, -73.9527, 16.3424, 137.215, 13.0064, 46.6093, 0.947521, -0.164662, 0.958672, -118.493, 0.975946, 119.927
5827, 97.11667, 18.5593, -73.9488, 16.3312, 137.209, 12.9972, 46.6139, 0.947517, -0.165369, 0.958679, -118.492, 0.975946, 119.927
5828, 97.12500, 18.5475, -73.9449, 16.32, 137.202, 12.9881, 46.6185, 0.947514, -0.166075, 0.958687, -118.492, 0.975946, 119.927
5828, 97.13333, 18.5357, -73.941, 16.3087, 137.196, 12.979, 46.6231, 0.947511, -0.16678, 0.958694, -118.492, 0.975946, 119.926
5829, 97.14167, 18.5239, -73.9371, 16.2975, 137.19, 12.9699, 46.6277, 0.947507, -0.167485, 0.958701, -118.492, 0.975946, 119.926
5829, 97.15000, 18.5121, -73.9332, 16.2863, 137.183, 12.9608, 46.6323, 0.947504, -0.16819, 0.958709, -118.492, 0.975945, 119.926
5830, 97.15833, 18.5003, -73.9293, 16.2751, 137.177, 12.9517, 46.637, 0.947501, -0.168894, 0.958717, -118.492, 0.975945, 119.926
5830, 97.16666, 18.4885, -73.9254, 16.2639, 137.17, 12.9426, 46.6416, 0.947498, -0.169597, 0.958724, -118.491, 0.975945, 119.925
5831, 97.17500, 18.4767, -73.9214, 16.2527, 137.164, 12.9335, 46.6462, 0.947494, -0.1703, 0.958732, -118.491, 0.975945, 119.925
5831, 97.18333, 18.465, -73.9175, 16.2415, 137.158, 12.9244, 46.6509, 0.947491, -0.171003, 0.958739, -118.491, 0.975945, 119.925
5832, 97.19167, 18.4532, -73.9136, 16.2304, 137.151, 12.9153, 46.6556, 0.947488, -0.171705, 0.958747, -118.491, 0.975945, 119.925
5832, 97.20000, 18.4415, -73.9096, 16.2192, 137.145, 12.9062, 46.6602, 0.947484, -0.172407, 0.958755, -118.491, 0.975945, 119.924
5833, 97.20834, 18.4298, -73.9056, 16.208, 137.139, 12.8971, 46.6649, 0.947481, -0.173108, 0.958762, -118.491, 0.975945, 119.924
5833, 97.21667, 18.418, -73.9017, 16.1969, 137.132, 12.888, 46.6696, 0.947478, -0.173809, 0.95877, -118.49, 0.975945, 119.924
5834, 97.22500, 18.4063, -73.8977, 16.1857, 137.126, 12.879, 46.6743, 0.947474, -0.174509, 0.958777, -118.49, 0.975945, 119.924
5834, 97.23333, 18.3946, -73.8937, 16.1746, 137.119, 12.8699, 46.679, 0.947471, -0.175209, 0.958785, -118.49, 0.975946, 119.923
5835, 97.24167, 18.3829, -73.8897, 16.1635, 137.113, 12.8608, 46.6837, 0.947467, -0.175908, 0.958793, -118.49, 0.975946, 119.923
5835, 97.25000, 18.3712, -73.8857, 16.1523, 137.106, 12.8518, 46.6884, 0.947464, -0.176607, 0.958801, -118.49, 0.975946, 119.923
5836, 97.25833, 18.3595, -73.8817, 16.1412, 137.1, 12.8427, 46.6931, 0.947461, -0.177305, 0.958808, -118.49, 0.975946, 119.922
5836, 97.26667, 18.3478, -73.8777, 16.1301, 137.094, 12.8337, 46.6979, 0.947457, -0.178003, 0.958816, -118.489, 0.975946, 119.922
5837, 97.27500, 18.3361, -73.8737, 16.119, 137.087, 12.8246, 46.7026, 0.947454, -0.178701, 0.958824, -118.489, 0.975946, 119.922
5837, 97.28333, 18.3245, -73.8697, 16.1079, 137.081, 12.8156, 46.7074, 0.947451, -0.179398, 0.958832, -118.489, 0.975946, 119.922
5838, 97.29166, 18.3128, -73.8656, 16.0968, 137.074, 12.8065, 46.7121, 0.947447, -0.180094, 0.958839, -118.489, 0.975947, 119.921
5838, 97.30000, 18.3011, -73.8616, 16.0857, 137.068, 12.7975, 46.7169, 0.947444, -0.18079, 0.958847, -118.489, 0.975947, 119.921
5839, 97.30833, 18.2895, -73.8576, 16.0746, 137.061, 12.7885, 46.7217, 0.94744, -0.181486, 0.958855, -118.489, 0.975947, 119.921
5839, 97.31667, 18.2778, -73.8535, 16.0635, 137.055, 12.7794, 46.7264, 0.947437, -0.182181, 0.958863, -118.488, 0.975947, 119.921
5840, 97.32500, 18.2662, -73.8494, 16.0524, 137.048, 12.7704, 46.7312, 0.947434, -0.182876, 0.958871, -118.488, 0.975948, 119.92
5840, 97.33334, 18.2546, -73.8454, 16.0414, 137.042, 12.7614, 46.736, 0.94743, -0.18357, 0.958879, -118.488, 0.975948, 119.92
5841, 97.34167, 18.243, -73.8413, 16.0303, 137.035, 12.7524, 46.7408, 0.947427, -0.184263, 0.958887, -118.488, 0.975948, 119.92
5841, 97.35000, 18.2314, -73.8372, 16.0193, 137.029, 12.7434, 46.7457, 0.947423, -0.184957, 0.958894, -118.488, 0.975949, 119.92
5842, 97.35833, 18.2198, -73.8331, 16.0082, 137.022, 12.7344, 46.7505, 0.94742, -0.185649, 0.958902, -118.487, 0.975949, 119.919
5842, 97.36667, 18.2082, -73.829, 15.9972, 137.016, 12.7254, 46.7553, 0.947416, -0.186341, 0.95891, -118.487, 0.975949, 119.919
5843, 97.37500, 18.1966, -73.8249, 15.9861, 137.009, 12.7164, 46.7602, 0.947413, -0.187033, 0.958918, -118.487, 0.97595, 119.919
5843, 97.38333, 18.185, -73.8208, 15.9751, 137.003, 12.7074, 46.765, 0.947409, -0.187724, 0.958926, -118.487, 0.97595, 119.919
5844, 97.39167, 18.1734, -73.8166, 15.9641, 136.996, 12.6984, 46.7699, 0.947406, -0.188415, 0.958934, -118.487, 0.975951, 119.918
5844, 97.40000, 18.1618, -73.8125, 15.9531, 136.99, 12.6894, 46.7747, 0.947402, -0.189105, 0.958942, -118.486, 0.975951, 119.918
5845, 97.40833, 18.1503, -73.8084, 15.9421, 136.983, 12.6804, 46.7796, 0.947399, -0.189795, 0.95895, -118.486, 0.975952, 119.918
5845, 97.41666, 18.1387, -73.8042, 15.9311, 136.977, 12.6715, 46.7845, 0.947395, -0.190485, 0.958958, -118.486, 0.975952, 119.918
5846, 97.42500, 18.1272, -73.8001, 15.9201, 136.97, 12.6625, 46.7894, 0.947392, -0.191173, 0.958966, -118.486, 0.975953, 119.917
5846, 97.43333, 18.1156, -73.7959, 15.9091, 136.964, 12.6535, 46.7943, 0.947388, -0.191862, 0.958975, -118.486, 0.975953, 119.917
5847, 97.44167, 18.1041, -73.7917, 15.8981, 136.957, 12.6446, 46.7992, 0.947385, -0.19255, 0.958983, -118.485, 0.975954, 119.917
5847, 97.45000, 18.0926, -73.7876, 15.8871, 136.951, 12.6356, 46.8041, 0.947381, -0.193237, 0.958991, -118.485, 0.975954, 119.917
5848, 97.45834, 18.0811, -73.7834, 15.8761, 136.944, 12.6266, 46.8091, 0.947378, -0.193924, 0.958999, -118.485, 0.975955, 119.916
5848, 97.46667, 18.0696, -73.7792, 15.8652, 136.937, 12.6177, 46.814, 0.947374, -0.19461, 0.959007, -118.485, 0.975955, 119.916
5849, 97.47500, 18.0581, -73.775, 15.8542, 136.931, 12.6087, 46.8189, 0.947371, -0.195296, 0.959015, -118.485, 0.975956, 119.916
5849, 97.48333, 18.0466, -73.7708, 15.8432, 136.924, 12.5998, 46.8239, 0.947367, -0.195981, 0.959023, -118.484, 0.975956, 119.916
5850, 97.49167, 18.0351, -73.7666, 15.8323, 136.918, 12.5909, 46.8288, 0.947364, -0.196666, 0.959032, -118.484, 0.975957, 119.915
5850, 97.50000, 18.0236, -73.7623, 15.8214, 136.911, 12.5819, 46.8338, 0.94736, -0.197351, 0.95904, -118.484, 0.975958, 119.915
5851, 97.50833, 18.0121, -73.7581, 15.8104, 136.904, 12.573, 46.8388, 0.947357, -0.198035, 0.959048, -118.484, 0.975958, 119.915
5851, 97.51667, 18.0007, -73.7539, 15.7995, 136.898, 12.5641, 46.8438, 0.947353, -0.198718, 0.959056, -118.484, 0.975959, 119.915
5852, 97.52500, 17.9892, -73.7496, 15.7886, 136.891, 12.5552, 46.8488, 0.947349, -0.199401, 0.959065, -118.483, 0.97596, 119.914
5852, 97.53333, 17.9778, -73.7454, 15.7777, 136.885, 12.5462, 46.8538, 0.947346, -0.200084, 0.959073, -118.483, 0.975961, 119.914
5853, 97.54166, 17.9663, -73.7411, 15.7667, 136.878, 12.5373, 46.8588, 0.947342, -0.200766, 0.959081, -118.483, 0.975961, 119.914
5853, 97.55000, 17.9549, -73.7368, 15.7558, 136.871, 12.5284, 46.8638, 0.947339, -0.201447, 0.95909, -118.483, 0.975962, 119.914
5854, 97.55833, 17.9434, -73.7326, 15.7449, 136.865, 12.5195, 46.8688, 0.947335, -0.202128, 0.959098, -118.483, 0.975963, 119.913
5854, 97.56667, 17.932, -73.7283, 15.7341, 136.858, 12.5106, 46.8739, 0.947331, -0.202809, 0.959106, -118.482, 0.975964, 119.913
5855, 97.57500, 17.9206, -73.724, 15.7232, 136.851, 12.5017, 46.8789, 0.947328, -0.203489, 0.959115, -118.482, 0.975965, 119.913
5855, 97.58334, 17.9092, -73.7197, 15.7123, 136.845, 12.4928, 46.884, 0.947324, -0.204168, 0.959123, -118.482, 0.975965, 119.913
5856, 97.59167, 17.8978, -73.7154, 15.7014, 136.838, 12.4839, 46.889, 0.94732, -0.204847, 0.959131, -118.482, 0.975966, 119.912
5856, 97.60000, 17.8864, -73.7111, 15.6905, 136.831, 12.4751, 46.8941, 0.947317, -0.205525, 0.95914, -118.481, 0.975967, 119.912
5857, 97.60833, 17.875, -73.7067, 15.6797, 136.825, 12.4662, 46.8992, 0.947313, -0.206203, 0.959148, -118.481, 0.975968, 119.912
5857, 97.61667, 17.8636, -73.7024, 15.6688, 136.818, 12.4573, 46.9043, 0.947309, -0.206881, 0.959157, -118.481, 0.975969, 119.912
5858, 97.62500, 17.8523, -73.6981, 15.658, 136.811, 12.4484, 46.9094, 0.947306, -0.207558, 0.959165, -118.481, 0.97597, 119.912
5858, 97.63333, 17.8409, -73.6937, 15.6471, 136.805, 12.4396, 46.9145, 0.947302, -0.208234, 0.959174, -118.481, 0.975971, 119.911
5859, 97.64167, 17.8295, -73.6894, 15.6363, 136.798, 12.4307, 46.9196, 0.947298, -0.20891, 0.959182, -118.48, 0.975972, 119.911
5859, 97.65000, 17.8182, -73.685, 15.6255, 136.791, 12.4218, 46.9247, 0.947295, -0.209586, 0.959191, -118.48, 0.975973, 119.911
5860, 97.65833, 17.8068, -73.6806, 15.6147, 136.785, 12.413, 46.9298, 0.947291, -0.210261, 0.959199, -118.48, 0.975974, 119.911
5860, 97.66666, 17.7955, -73.6763, 15.6038, 136.778, 12.4041, 46.935, 0.947287, -0.210935, 0.959208, -118.48, 0.975975, 119.91
5861, 97.67500, 17.7842, -73.6719, 15.593, 136.771, 12.3953, 46.9401, 0.947283, -0.211609, 0.959217, -118.479, 0.975976, 119.91
5861, 97.68333, 17.7728, -73.6675, 15.5822, 136.764, 12.3865, 46.9453, 0.94728, -0.212282, 0.959225, -118.479, 0.975977, 119.91
5862, 97.69167, 17.7615, -73.6631, 15.5714, 136.758, 12.3776, 46.9504, 0.947276, -0.212955, 0.959234, -118.479, 0.975978, 119.91
5862, 97.70000, 17.7502, -73.6587, 15.5606, 136.751, 12.3688, 46.9556, 0.947272, -0.213628, 0.959243, -118.479, 0.975979, 119.91
5863, 97.70834, 17.7389, -73.6543, 15.5498, 136.744, 12.36, 46.9608, 0.947268, -0.214299, 0.959251, -118.478, 0.97598, 119.909
5863, 97.71667, 17.7276, -73.6498, 15.5391, 136.737, 12.3511, 46.966, 0.947264, -0.214971, 0.95926, -118.478, 0.975981, 119.909
5864, 97.72500, 17.7163, -73.6454, 15.5283, 136.731, 12.3423, 46.9712, 0.947261, -0.215642, 0.959269, -118.478, 0.975983, 119.909
5864, 97.73333, 17.705, -73.641, 15.5175, 136.724, 12.3335, 46.9764, 0.947257, -0.216312, 0.959277, -118.478, 0.975984, 119.909
5865, 97.74167, 17.6938, -73.6365, 15.5067, 136.717, 12.3247, 46.9816, 0.947253, -0.216982, 0.959286, -118.477, 0.975985, 119.908
5865, 97.75000, 17.6825, -73.632, 15.496, 136.71, 12.3159, 46.9868, 0.947249, -0.217651, 0.959295, -118.477, 0.975986, 119.908
5866, 97.75833, 17.6712, -73.6276, 15.4852, 136.704, 12.3071, 46.992, 0.947245, -0.21832, 0.959304, -118.477, 0.975987, 119.908
5866, 97.76667, 17.66, -73.6231, 15.4745, 136.697, 12.2983, 46.9973, 0.947241, -0.218988, 0.959312, -118.477, 0.975989, 119.908
5867, 97.77500, 17.6487, -73.6186, 15.4637, 136.69, 12.2895, 47.0025, 0.947238, -0.219655, 0.959321, -118.476, 0.97599, 119.908
5867, 97.78333, 17.6375, -73.6142, 15.453, 136.683, 12.2807, 47.0078, 0.947234, -0.220322, 0.95933, -118.476, 0.975991, 119.907
5868, 97.79166, 17.6263, -73.6097, 15.4423, 136.676, 12.2719, 47.0131, 0.94723, -0.220989, 0.959339, -118.476, 0.975992, 119.907
5868, 97.80000, 17.615, -73.6052, 15.4316, 136.669, 12.2631, 47.0183, 0.947226, -0.221655, 0.959348, -118.476, 0.975994, 119.907
5869, 97.80833, 17.6038, -73.6006, 15.4208, 136.663, 12.2543, 47.0236, 0.947222, -0.222321, 0.959357, -118.475, 0.975995, 119.907
5869, 97.81667, 17.5926, -73.5961, 15.4101, 136.656, 12.2455, 47.0289, 0.947218, -0.222986, 0.959366, -118.475, 0.975996, 119.906
5870, 97.82500, 17.5814, -73.5916, 15.3994, 136.649, 12.2368, 47.0342, 0.947214, -0.22365, 0.959375, -118.475, 0.975998, 119.906
5870, 97.83334, 17.5702, -73.5871, 15.3887, 136.642, 12.228, 47.0395, 0.94721, -0.224314, 0.959384, -118.475, 0.975999, 119.906
5871, 97.84167, 17.559, -73.5825, 15.378, 136.635, 12.2192, 47.0448, 0.947206, -0.224977, 0.959393, -118.474, 0.976001, 119.906
5871, 97.85000, 17.5478, -73.578, 15.3674, 136.628, 12.2105, 47.0502, 0.947202, -0.22564, 0.959402, -118.474, 0.976002, 119.906
5872, 97.85833, 17.5367, -73.5734, 15.3567, 136.622, 12.2017, 47.0555, 0.947198, -0.226303, 0.959411, -118.474, 0.976004, 119.905
5872, 97.86667, 17.5255, -73.5689, 15.346, 136.615, 12.1929, 47.0608, 0.947194, -0.226964, 0.95942, -118.474, 0.976005, 119.905
5873, 97.87500, 17.5143, -73.5643, 15.3353, 136.608, 12.1842, 47.0662, 0.947191, -0.227626, 0.959429, -118.473, 0.976007, 119.905
5873, 97.88333, 17.5032, -73.5597, 15.3247, 136.601, 12.1754, 47.0716, 0.947187, -0.228286, 0.959438, -118.473, 0.976008, 119.905
5874, 97.89167, 17.492, -73.5551, 15.314, 136.594, 12.1667, 47.0769, 0.947182, -0.228946, 0.959447, -118.473, 0.97601, 119.905
5874, 97.90000, 17.4809, -73.5505, 15.3034, 136.587, 12.158, 47.0823, 0.947178, -0.229606, 0.959456, -118.473, 0.976011, 119.904
5875, 97.90833, 17.4697, -73.5459, 15.2927, 136.58, 12.1492, 47.0877, 0.947174, -0.230265, 0.959465, -118.472, 0.976013, 119.904
5875, 97.91666, 17.4586, -73.5413, 15.2821, 136.573, 12.1405, 47.0931, 0.94717, -0.230923, 0.959475, -118.472, 0.976014, 119.904
5876, 97.92500, 17.4475, -73.5367, 15.2714, 136.567, 12.1318, 47.0985, 0.947166, -0.231581, 0.959484, -118.472, 0.976016, 119.904
5876, 97.93333, 17.4364, -73.532, 15.2608, 136.56, 12.1231, 47.1039, 0.947162, -0.232238, 0.959493, -118.471, 0.976017, 119.904
5877, 97.94167, 17.4253, -73.5274, 15.2502, 136.553, 12.1143, 47.1093, 0.947158, -0.232895, 0.959502, -118.471, 0.976019, 119.903
5877, 97.95000, 17.4142, -73.5228, 15.2396, 136.546, 12.1056, 47.1148, 0.947154, -0.233551, 0.959512, -118.471, 0.976021, 119.903
5878, 97.95834, 17.4031, -73.5181, 15.229, 136.539, 12.0969, 47.1202, 0.94715, -0.234207, 0.959521, -118.471, 0.976022, 119.903
5878, 97.96667, 17.392, -73.5135, 15.2184, 136.532, 12.0882, 47.1256, 0.947146, -0.234862, 0.95953, -118.47, 0.976024, 119.903
5879, 97.97500, 17.3809, -73.5088, 15.2078, 136.525, 12.0795, 47.1311, 0.947142, -0.235517, 0.959539, -118.47, 0.976026, 119.903
5879, 97.98333, 17.3698, -73.5041, 15.1972, 136.518, 12.0708, 47.1366, 0.947138, -0.236171, 0.959549, -118.47, 0.976028, 119.902
5880, 97.99167, 17.3588, -73.4994, 15.1866, 136.511, 12.0621, 47.142, 0.947134, -0.236824, 0.959558, -118.469, 0.976029, 119.902
5880, 98.00000, 17.3477, -73.4947, 15.176, 136.504, 12.0534, 47.1475, 0.947129, -0.237477, 0.959567, -118.469, 0.976031, 119.902
5881, 98.00833, 17.3366, -73.49, 15.1654, 136.497, 12.0447, 47.153, 0.947125, -0.238129, 0.959577, -118.469, 0.976033, 119.902
5881, 98.01667, 17.3256, -73.4853, 15.1549, 136.49, 12.036, 47.1585, 0.947121, -0.238781, 0.959586, -118.469, 0.976035, 119.902
5882, 98.02500, 17.3145, -73.4806, 15.1443, 136.483, 12.0274, 47.164, 0.947117, -0.239432, 0.959596, -118.468, 0.976037, 119.901
5882, 98.03333, 17.3035, -73.4759, 15.1338, 136.476, 12.0187, 47.1696, 0.947113, -0.240082, 0.959605, -118.468, 0.976038, 119.901
5883, 98.04166, 17.2925, -73.4711, 15.1232, 136.469, 12.01, 47.1751, 0.947108, -0.240732, 0.959615, -118.468, 0.97604, 119.901
5883, 98.05000, 17.2815, -73.4664, 15.1127, 136.462, 12.0014, 47.1806, 0.947104, -0.241381, 0.959624, -118.467, 0.976042, 119.901
5884, 98.05833, 17.2705, -73.4617, 15.1021, 136.455, 11.9927, 47.1862, 0.9471, -0.24203, 0.959634, -118.467, 0.976044, 119.901
5884, 98.06667, 17.2594, -73.4569, 15.0916, 136.448, 11.984, 47.1917, 0.947096, -0.242678, 0.959643, -118.467, 0.976046, 119.9
5885, 98.07500, 17.2484, -73.4521, 15.0811, 136.441, 11.9754, 47.1973, 0.947091, -0.243326, 0.959653, -118.467, 0.976048, 119.9
5885, 98.08334, 17.2375, -73.4474, 15.0705, 136.434, 11.9667, 47.2029, 0.947087, -0.243973, 0.959663, -118.466, 0.97605, 119.9
5886, 98.09167, 17.2265, -73.4426, 15.06, 136.427, 11.9581, 47.2084, 0.947083, -0.244619, 0.959672, -118.466, 0.976052, 119.9
5886, 98.10000, 17.2155, -73.4378, 15.0495, 136.42, 11.9494, 47.214, 0.947079, -0.245265, 0.959682, -118.466, 0.976054, 119.9
5887, 98.10833, 17.2045, -73.433, 15.039, 136.413, 11.9408, 47.2196, 0.947074, -0.24591, 0.959692, -118.465, 0.976056, 119.9
5887, 98.11667, 17.1936, -73.4282, 15.0285, 136.406, 11.9322, 47.2252, 0.94707, -0.246555, 0.959701, -118.465, 0.976058, 119.899
5888, 98.12500, 17.1826, -73.4234, 15.018, 136.399, 11.9235, 47.2308, 0.947066, -0.247199, 0.959711, -118.465, 0.97606, 119.899
5888, 98.13333, 17.1716, -73.4185, 15.0075, 136.392, 11.9149, 47.2365, 0.947061, -0.247842, 0.959721, -118.464, 0.976062, 119.899
5889, 98.14167, 17.1607, -73.4137, 14.997, 136.385, 11.9063, 47.2421, 0.947057, -0.248485, 0.95973, -118.464, 0.976064, 119.899
5889, 98.15000, 17.1498, -73.4089, 14.9866, 136.378, 11.8977, 47.2477, 0.947052, -0.249127, 0.95974, -118.464, 0.976066, 119.899
5890, 98.15833, 17.1388, -73.404, 14.9761, 136.371, 11.889, 47.2534, 0.947048, -0.249768, 0.95975, -118.463, 0.976069, 119.898
5890, 98.16666, 17.1279, -73.3992, 14.9656, 136.364, 11.8804, 47.2591, 0.947044, -0.250409, 0.95976, -118.463, 0.976071, 119.898
5891, 98.17500, 17.117, -73.3943, 14.9552, 136.357, 11.8718, 47.2647, 0.947039, -0.251049, 0.95977, -118.463, 0.976073, 119.898
5891, 98.18333, 17.1061, -73.3894, 14.9447, 136.35, 11.8632, 47.2704, 0.947035, -0.251689, 0.95978, -118.463, 0.976075, 119.898
5892, 98.19167, 17.0952, -73.3846, 14.9343, 136.342, 11.8546, 47.2761, 0.94703, -0.252328, 0.959789, -118.462, 0.976077, 119.898
5892, 98.20000, 17.0843, -73.3797, 14.9238, 136.335, 11.846, 47.2818, 0.947026, -0.252967, 0.959799, -118.462, 0.97608, 119.898
5893, 98.20834, 17.0734, -73.3748, 14.9134, 136.328, 11.8374, 47.2875, 0.947021, -0.253604, 0.959809, -118.462, 0.976082, 119.897
5893, 98.21667, 17.0625, -73.3699, 14.9029, 136.321, 11.8288, 47.2932, 0.947017, -0.254241, 0.959819, -118.461, 0.976084, 119.897
5894, 98.22500, 17.0516, -73.365, 14.8925, 136.314, 11.8202, 47.2989, 0.947012, -0.254878, 0.959829, -118.461, 0.976086, 119.897
5894, 98.23333, 17.0407, -73.36, 14.8821, 136.307, 11.8117, 47.3047, 0.947008, -0.255514, 0.959839, -118.461, 0.976089, 119.897
5895, 98.24167, 17.0299, -73.3551, 14.8717, 136.3, 11.8031, 47.3104, 0.947003, -0.256149, 0.959849, -118.46, 0.976091, 119.897
5895, 98.25000, 17.019, -73.3502, 14.8613, 136.293, 11.7945, 47.3161, 0.946999, -0.256784, 0.959859, -118.46, 0.976094, 119.896
5896, 98.25833, 17.0082, -73.3452, 14.8509, 136.285, 11.7859, 47.3219, 0.946994, -0.257418, 0.95987, -118.46, 0.976096, 119.896
5896, 98.26667, 16.9973, -73.3403, 14.8405, 136.278, 11.7774, 47.3277, 0.94699, -0.258051, 0.95988, -118.459, 0.976098, 119.896
5897, 98.27500, 16.9865, -73.3353, 14.8301, 136.271, 11.7688, 47.3334, 0.946985, -0.258683, 0.95989, -118.459, 0.976101, 119.896
5897, 98.28333, 16.9756, -73.3304, 14.8197, 136.264, 11.7602, 47.3392, 0.94698, -0.259315, 0.9599, -118.459, 0.976103, 119.896
5898, 98.29166, 16.9648, -73.3254, 14.8093, 136.257, 11.7517, 47.345, 0.946976, -0.259947, 0.95991, -118.458, 0.976106, 119.896
5898, 98.30000, 16.954, -73.3204, 14.7989, 136.25, 11.7431, 47.3508, 0.946971, -0.260577, 0.95992, -118.458, 0.976108, 119.895
5899, 98.30833, 16.9432, -73.3154, 14.7886, 136.242, 11.7346, 47.3566, 0.946966, -0.261207, 0.959931, -118.458, 0.976111, 119.895
5899, 98.31667, 16.9324, -73.3104, 14.7782, 136.235, 11.726, 47.3625, 0.946962, -0.261837, 0.959941, -118.457, 0.976113, 119.895
5900, 98.32500, 16.9216, -73.3054, 14.7679, 136.228, 11.7175, 47.3683, 0.946957, -0.262466, 0.959951, -118.457, 0.976116, 119.895
5900, 98.33334, 16.9108, -73.3004, 14.7575, 136.221, 11.709, 47.3741, 0.946952, -0.263094, 0.959961, -118.457, 0.976118, 119.895
5901, 98.34167, 16.9, -73.2953, 14.7472, 136.214, 11.7004, 47.38, 0.946948, -0.263721, 0.959972, -118.456, 0.976121, 119.895
5901, 98.35000, 16.8892, -73.2903, 14.7368, 136.206, 11.6919, 47.3858, 0.946943, -0.264348, 0.959982, -118.456, 0.976124, 119.894
5902, 98.35833, 16.8784, -73.2853, 14.7265, 136.199, 11.6834, 47.3917, 0.946938, -0.264974, 0.959992, -118.456, 0.976126, 119.894
5902, 98.36667, 16.8677, -73.2802, 14.7162, 136.192, 11.6748, 47.3976, 0.946934, -0.265599, 0.960003, -118.455, 0.976129, 119.894
5903, 98.37500, 16.8569, -73.2751, 14.7058, 136.185, 11.6663, 47.4035, 0.946929, -0.266224, 0.960013, -118.455, 0.976131, 119.894
5903, 98.38333, 16.8462, -73.2701, 14.6955, 136.177, 11.6578, 47.4094, 0.946924, -0.266847, 0.960024, -118.455, 0.976134, 119.894
5904, 98.39167, 16.8354, -73.265, 14.6852, 136.17, 11.6493, 47.4153, 0.946919, -0.267471, 0.960034, -118.454, 0.976137, 119.894
5904, 98.40000, 16.8247, -73.2599, 14.6749, 136.163, 11.6408, 47.4212, 0.946914, -0.268093, 0.960045, -118.454, 0.97614, 119.893
5905, 98.40833, 16.8139, -73.2548, 14.6646, 136.156, 11.6323, 47.4271, 0.94691, -0.268715, 0.960055, -118.453, 0.976142, 119.893
5905, 98.41666, 16.8032, -73.2497, 14.6543, 136.148, 11.6238, 47.433, 0.946905, -0.269336, 0.960066, -118.453, 0.976145, 119.893
5906, 98.42500, 16.7925, -73.2446, 14.644, 136.141, 11.6153, 47.439, 0.9469, -0.269957, 0.960076, -118.453, 0.976148, 119.893
5906, 98.43333, 16.7818, -73.2395, 14.6337, 136.134, 11.6068, 47.4449, 0.946895, -0.270577, 0.960087, -118.452, 0.976151, 119.893
5907, 98.44167, 16.7711, -73.2344, 14.6234, 136.127, 11.5983, 47.4509, 0.94689, -0.271196, 0.960098, -118.452, 0.976154, 119.893
5907, 98.45000, 16.7604, -73.2292, 14.6132, 136.119, 11.5898, 47.4568, 0.946885, -0.271814, 0.960108, -118.452, 0.976156, 119.893
5908, 98.45834, 16.7497, -73.2241, 14.6029, 136.112, 11.5813, 47.4628, 0.94688, -0.272432, 0.960119, -118.451, 0.976159, 119.892
5908, 98.46667, 16.739, -73.2189, 14.5926, 136.105, 11.5729, 47.4688, 0.946875, -0.273048, 0.96013, -118.451, 0.976162, 119.892
5909, 98.47500, 16.7283, -73.2138, 14.5824, 136.097, 11.5644, 47.4748, 0.94687, -0.273665, 0.96014, -118.451, 0.976165, 119.892
5909, 98.48333, 16.7176, -73.2086, 14.5721, 136.09, 11.5559, 47.4808, 0.946865, -0.27428, 0.960151, -118.45, 0.976168, 119.892
5910, 98.49167, 16.7069, -73.2034, 14.5619, 136.083, 11.5475, 47.4868, 0.94686, -0.274895, 0.960162, -118.45, 0.976171, 119.892
5910, 98.50000, 16.6963, -73.1982, 14.5516, 136.075, 11.539, 47.4928, 0.946855, -0.275509, 0.960173, -118.45, 0.976174, 119.892
5911, 98.50833, 16.6856, -73.193, 14.5414, 136.068, 11.5305, 47.4989, 0.94685, -0.276122, 0.960184, -118.449, 0.976177, 119.891
5911, 98.51667, 16.675, -73.1878, 14.5312, 136.061, 11.5221, 47.5049, 0.946845, -0.276735, 0.960195, -118.449, 0.97618, 119.891
5912, 98.52500, 16.6643, -73.1826, 14.5209, 136.053, 11.5136, 47.511, 0.94684, -0.277346, 0.960205, -118.448, 0.976183, 119.891
5912, 98.53333, 16.6537, -73.1774, 14.5107, 136.046, 11.5052, 47.517, 0.946835, -0.277957, 0.960216, -118.448, 0.976186, 119.891
5913, 98.54166, 16.6431, -73.1722, 14.5005, 136.039, 11.4967, 47.5231, 0.94683, -0.278568, 0.960227, -118.448, 0.976189, 119.891
5913, 98.55000, 16.6324, -73.167, 14.4903, 136.031, 11.4883, 47.5292, 0.946825, -0.279177, 0.960238, -118.447, 0.976192, 119.891
5914, 98.55833, 16.6218, -73.1617, 14.4801, 136.024, 11.4798, 47.5352, 0.94682, -0.279786, 0.960249, -118.447, 0.976195, 119.891
5914, 98.56667, 16.6112, -73.1565, 14.4699, 136.017, 11.4714, 47.5413, 0.946815, -0.280394, 0.96026, -118.447, 0.976199, 119.89
5915, 98.57500, 16.6006, -73.1512, 14.4597, 136.009, 11.463, 47.5474, 0.94681, -0.281001, 0.960271, -118.446, 0.976202, 119.89
5915, 98.58334, 16.59, -73.1459, 14.4495, 136.002, 11.4546, 47.5536, 0.946804, -0.281608, 0.960283, -118.446, 0.976205, 119.89
5916, 98.59167, 16.5794, -73.1406, 14.4393, 135.994, 11.4461, 47.5597, 0.946799, -0.282214, 0.960294, -118.445, 0.976208, 119.89
5916, 98.60000, 16.5688, -73.1354, 14.4291, 135.987, 11.4377, 47.5658, 0.946794, -0.282818, 0.960305, -118.445, 0.976211, 119.89
5917, 98.60833, 16.5583, -73.1301, 14.419, 135.98, 11.4293, 47.572, 0.946789, -0.283423, 0.960316, -118.445, 0.976215, 119.89
5917, 98.61667, 16.5477, -73.1248, 14.4088, 135.972, 11.4209, 47.5781, 0.946783, -0.284026, 0.960327, -118.444, 0.976218, 119.89
5918, 98.62500, 16.5371, -73.1194, 14.3987, 135.965, 11.4125, 47.5843, 0.946778, -0.284629, 0.960338, -118.444, 0.976221, 119.889
5918, 98.63333, 16.5266, -73.1141, 14.3885, 135.957, 11.4041, 47.5904, 0.946773, -0.28523, 0.96035, -118.444, 0.976225, 119.889
5919, 98.64167, 16.516, -73.1088, 14.3783, 135.95, 11.3957, 47.5966, 0.946768, -0.285832, 0.960361, -118.443, 0.976228, 119.889
5919, 98.65000, 16.5055, -73.1035, 14.3682, 135.942, 11.3873, 47.6028, 0.946762, -0.286432, 0.960372, -118.443, 0.976231, 119.889
5920, 98.65833, 16.4949, -73.0981, 14.3581, 135.935, 11.3789, 47.609, 0.946757, -0.287031, 0.960384, -118.442, 0.976235, 119.889
5920, 98.66666, 16.4844, -73.0928, 14.3479, 135.928, 11.3705, 47.6152, 0.946752, -0.28763, 0.960395, -118.442, 0.976238, 119.889
5921, 98.67500, 16.4738, -73.0874, 14.3378, 135.92, 11.3621, 47.6214, 0.946746, -0.288228, 0.960406, -118.442, 0.976242, 119.889
5921, 98.68333, 16.4633, -73.082, 14.3277, 135.913, 11.3537, 47.6277, 0.946741, -0.288825, 0.960418, -118.441, 0.976245, 119.888
5922, 98.69167, 16.4528, -73.0766, 14.3176, 135.905, 11.3453, 47.6339, 0.946736, -0.289421, 0.960429, -118.441, 0.976249, 119.888
5922, 98.70000, 16.4423, -73.0712, 14.3075, 135.898, 11.337, 47.6401, 0.94673, -0.290016, 0.960441, -118.44, 0.976252, 119.888
5923, 98.70834, 16.4318, -73.0658, 14.2973, 135.89, 11.3286, 47.6464, 0.946725, -0.290611, 0.960452, -118.44, 0.976256, 119.888
5923, 98.71667, 16.4213, -73.0604, 14.2872, 135.883, 11.3202, 47.6526, 0.946719, -0.291204, 0.960464, -118.44, 0.976259, 119.888
5924, 98.72500, 16.4108, -73.055, 14.2772, 135.875, 11.3119, 47.6589, 0.946714, -0.291797, 0.960475, -118.439, 0.976263, 119.888
5924, 98.73333, 16.4003, -73.0496, 14.2671, 135.868, 11.3035, 47.6652, 0.946708, -0.292389, 0.960487, -118.439, 0.976266, 119.888
5925, 98.74167, 16.3899, -73.0442, 14.257, 135.86, 11.2951, 47.6715, 0.946703, -0.29298, 0.960498, -118.438, 0.97627, 119.887
5925, 98.75000, 16.3794, -73.0387, 14.2469, 135.853, 11.2868, 47.6778, 0.946697, -0.293571, 0.96051, -118.438, 0.976273, 119.887
5926, 98.75833, 16.3689, -73.0333, 14.2368, 135.845, 11.2784, 47.6841, 0.946692, -0.29416, 0.960522, -118.438, 0.976277, 119.887
5926, 98.76667, 16.3585, -73.0278, 14.2268, 135.838, 11.2701, 47.6904, 0.946686, -0.294749, 0.960533, -118.437, 0.976281, 119.887
5927, 98.77500, 16.348, -73.0223, 14.2167, 135.83, 11.2617, 47.6968, 0.94668, -0.295337, 0.960545, -118.437, 0.976285, 119.887
5927, 98.78333, 16.3376, -73.0169, 14.2066, 135.823, 11.2534, 47.7031, 0.946675, -0.295924, 0.960557, -118.436, 0.976288, 119.887
5928, 98.79166, 16.3271, -73.0114, 14.1966, 135.815, 11.2451, 47.7094, 0.946669, -0.29651, 0.960569, -118.436, 0.976292, 119.887
5928, 98.80000, 16.3167, -73.0059, 14.1865, 135.807, 11.2367, 47.7158, 0.946664, -0.297095, 0.960581, -118.436, 0.976296, 119.887
5929, 98.80833, 16.3063, -73.0004, 14.1765, 135.8, 11.2284, 47.7222, 0.946658, -0.297679, 0.960593, -118.435, 0.9763, 119.886
5929, 98.81667, 16.2958, -72.9949, 14.1664, 135.792, 11.2201, 47.7286, 0.946652, -0.298263, 0.960604, -118.435, 0.976303, 119.886
5930, 98.82500, 16.2854, -72.9894, 14.1564, 135.785, 11.2117, 47.7349, 0.946647, -0.298845, 0.960616, -118.434, 0.976307, 119.886
5930, 98.83334, 16.275, -72.9838, 14.1464, 135.777, 11.2034, 47.7413, 0.946641, -0.299427, 0.960628, -118.434, 0.976311, 119.886
5931, 98.84167, 16.2646, -72.9783, 14.1364, 135.77, 11.1951, 47.7477, 0.946635, -0.300008, 0.96064, -118.433, 0.976315, 119.886
5931, 98.85000, 16.2542, -72.9727, 14.1264, 135.762, 11.1868, 47.7542, 0.946629, -0.300588, 0.960652, -118.433, 0.976319, 119.886
5932, 98.85833, 16.2438, -72.9672, 14.1163, 135.754, 11.1785, 47.7606, 0.946624, -0.301167, 0.960664, -118.433, 0.976323, 119.886
5932, 98.86667, 16.2334, -72.9616, 14.1063, 135.747, 11.1702, 47.767, 0.946618, -0.301745, 0.960676, -118.432, 0.976327, 119.886
5933, 98.87500, 16.2231, -72.9561, 14.0963, 135.739, 11.1619, 47.7735, 0.946612, -0.302322, 0.960689, -118.432, 0.976331, 119.885
5933, 98.88333, 16.2127, -72.9505, 14.0863, 135.732, 11.1536, 47.7799, 0.946606, -0.302898, 0.960701, -118.431, 0.976335, 119.885
5934, 98.89167, 16.2023, -72.9449, 14.0764, 135.724, 11.1453, 47.7864, 0.9466, -0.303473, 0.960713, -118.431, 0.976339, 119.885
5934, 98.90000, 16.192, -72.9393, 14.0664, 135.716, 11.137, 47.7929, 0.946594, -0.304048, 0.960725, -118.43, 0.976343, 119.885
5935, 98.90833, 16.1816, -72.9337, 14.0564, 135.709, 11.1287, 47.7993, 0.946589, -0.304621, 0.960737, -118.43, 0.976347, 119.885
5935, 98.91666, 16.1713, -72.9281, 14.0464, 135.701, 11.1204, 47.8058, 0.946583, -0.305194, 0.96075, -118.43, 0.976351, 119.885
5936, 98.92500, 16.1609, -72.9224, 14.0364, 135.693, 11.1121, 47.8123, 0.946577, -0.305765, 0.960762, -118.429, 0.976355, 119.885
5936, 98.93333, 16.1506, -72.9168, 14.0265, 135.686, 11.1038, 47.8188, 0.946571, -0.306336, 0.960774, -118.429, 0.976359, 119.885
5937, 98.94167, 16.1403, -72.9112, 14.0165, 135.678, 11.0956, 47.8254, 0.946565, -0.306906, 0.960786, -118.428, 0.976363, 119.885
5937, 98.95000, 16.13, -72.9055, 14.0066, 135.67, 11.0873, 47.8319, 0.946559, -0.307474, 0.960799, -118.428, 0.976367, 119.884
5938, 98.95834, 16.1196, -72.8999, 13.9966, 135.663, 11.079, 47.8384, 0.946553, -0.308042, 0.960811, -118.427, 0.976372, 119.884
5938, 98.96667, 16.1093, -72.8942, 13.9867, 135.655, 11.0708, 47.845, 0.946547, -0.308609, 0.960824, -118.427, 0.976376, 119.884
5939, 98.97500, 16.099, -72.8885, 13.9767, 135.647, 11.0625, 47.8515, 0.946541, -0.309175, 0.960836, -118.427, 0.97638, 119.884
5939, 98.98333, 16.0887, -72.8828, 13.9668, 135.64, 11.0542, 47.8581, 0.946535, -0.30974, 0.960849, -118.426, 0.976384, 119.884
5940, 98.99167, 16.0784, -72.8771, 13.9569, 135.632, 11.046, 47.8647, 0.946528, -0.310304, 0.960861, -118.426, 0.976389, 119.884
5940, 99.00000, 16.0682, -72.8714, 13.947, 135.624, 11.0377, 47.8713, 0.946522, -0.310867, 0.960874, -118.425, 0.976393, 119.884
5941, 99.00833, 16.0579, -72.8657, 13.937, 135.617, 11.0295, 47.8779, 0.946516, -0.311429, 0.960886, -118.425, 0.976397, 119.884
5941, 99.01667, 16.0476, -72.86, 13.9271, 135.609, 11.0212, 47.8845, 0.94651, -0.311989, 0.960899, -118.424, 0.976402, 119.884
5942, 99.02500, 16.0373, -72.8543, 13.9172, 135.601, 11.013, 47.8911, 0.946504, -0.312549, 0.960912, -118.424, 0.976406, 119.883
5942, 99.03333, 16.0271, -72.8485, 13.9073, 135.593, 11.0048, 47.8977, 0.946498, -0.313108, 0.960925, -118.423, 0.976411, 119.883
5943, 99.04166, 16.0168, -72.8428, 13.8974, 135.586, 10.9965, 47.9044, 0.946491, -0.313666, 0.960937, -118.423, 0.976415, 119.883
5943, 99.05000, 16.0066, -72.837, 13.8875, 135.578, 10.9883, 47.911, 0.946485, -0.314223, 0.96095, -118.423, 0.97642, 119.883
5944, 99.05833, 15.9964, -72.8313, 13.8777, 135.57, 10.9801, 47.9177, 0.946479, -0.314779, 0.960963, -118.422, 0.976424, 119.883
5944, 99.06667, 15.9861, -72.8255, 13.8678, 135.562, 10.9719, 47.9244, 0.946473, -0.315334, 0.960976, -118.422, 0.976429, 119.883
5945, 99.07500, 15.9759, -72.8197, 13.8579, 135.555, 10.9636, 47.931, 0.946466, -0.315888, 0.960989, -118.421, 0.976433, 119.883
5945, 99.08334, 15.9657, -72.8139, 13.848, 135.547, 10.9554, 47.9377, 0.94646, -0.31644, 0.961001, -118.421, 0.976438, 119.883
5946, 99.09167, 15.9554, -72.8081, 13.8382, 135.539, 10.9472, 47.9444, 0.946454, -0.316992, 0.961014, -118.42, 0.976442, 119.883
5946, 99.10000, 15.9452, -72.8023, 13.8283, 135.531, 10.939, 47.9511, 0.946447, -0.317543, 0.961027, -118.42, 0.976447, 119.883
5947, 99.10833, 15.935, -72.7965, 13.8184, 135.524, 10.9308, 47.9578, 0.946441, -0.318092, 0.96104, -118.419, 0.976451, 119.882
5947, 99.11667, 15.9248, -72.7907, 13.8086, 135.516, 10.9226, 47.9646, 0.946434, -0.318641, 0.961053, -118.419, 0.976456, 119.882
5948, 99.12500, 15.9146, -72.7848, 13.7988, 135.508, 10.9144, 47.9713, 0.946428, -0.319189, 0.961066, -118.418, 0.976461, 119.882
5948, 99.13333, 15.9045, -72.779, 13.7889, 135.5, 10.9062, 47.9781, 0.946422, -0.319735, 0.96108, -118.418, 0.976465, 119.882
5949, 99.14167, 15.8943, -72.7731, 13.7791, 135.492, 10.898, 47.9848, 0.946415, -0.32028, 0.961093, -118.417, 0.97647, 119.882
5949, 99.15000, 15.8841, -72.7673, 13.7693, 135.485, 10.8898, 47.9916, 0.946409, -0.320825, 0.961106, -118.417, 0.976475, 119.882
5950, 99.15833, 15.8739, -72.7614, 13.7594, 135.477, 10.8816, 47.9984, 0.946402, -0.321368, 0.961119, -118.417, 0.97648, 119.882
5950, 99.16666, 15.8638, -72.7555, 13.7496, 135.469, 10.8734, 48.0051, 0.946396, -0.32191, 0.961132, -118.416, 0.976485, 119.882
5951, 99.17500, 15.8536, -72.7496, 13.7398, 135.461, 10.8653, 48.0119, 0.946389, -0.322451, 0.961146, -118.416, 0.976489, 119.882
5951, 99.18333, 15.8435, -72.7437, 13.73, 135.453, 10.8571, 48.0187, 0.946382, -0.322991, 0.961159, -118.415, 0.976494, 119.882
5952, 99.19167, 15.8333, -72.7378, 13.7202, 135.445, 10.8489, 48.0256, 0.946376, -0.32353, 0.961172, -118.415, 0.976499, 119.881
5952, 99.20000, 15.8232, -72.7319, 13.7104, 135.438, 10.8407, 48.0324, 0.946369, -0.324067, 0.961186, -118.414, 0.976504, 119.881
5953, 99.20834, 15.8131, -72.726, 13.7006, 135.43, 10.8326, 48.0392, 0.946362, -0.324604, 0.961199, -118.414, 0.976509, 119.881
5953, 99.21667, 15.8029, -72.72, 13.6908, 135.422, 10.8244, 48.0461, 0.946356, -0.325139, 0.961213, -118.413, 0.976514, 119.881
5954, 99.22500, 15.7928, -72.7141, 13.681, 135.414, 10.8162, 48.0529, 0.946349, -0.325674, 0.961226, -118.413, 0.976519, 119.881
5954, 99.23333, 15.7827, -72.7081, 13.6712, 135.406, 10.8081, 48.0598, 0.946342, -0.326207, 0.96124, -118.412, 0.976524, 119.881
5955, 99.24167, 15.7726, -72.7022, 13.6615, 135.398, 10.7999, 48.0667, 0.946336, -0.326739, 0.961253, -118.412, 0.976529, 119.881
5955, 99.25000, 15.7625, -72.6962, 13.6517, 135.39, 10.7918, 48.0736, 0.946329, -0.32727, 0.961267, -118.411, 0.976534, 119.881
5956, 99.25833, 15.7524, -72.6902, 13.6419, 135.382, 10.7836, 48.0805, 0.946322, -0.327799, 0.961281, -118.411, 0.976539, 119.881
5956, 99.26667, 15.7423, -72.6842, 13.6322, 135.374, 10.7755, 48.0874, 0.946315, -0.328328, 0.961294, -118.41, 0.976544, 119.881
5957, 99.27500, 15.7322, -72.6782, 13.6224, 135.367, 10.7673, 48.0943, 0.946308, -0.328855, 0.961308, -118.41, 0.976549, 119.881
5957, 99.28333, 15.7222, -72.6722, 13.6127, 135.359, 10.7592, 48.1012, 0.946302, -0.329381, 0.961322, -118.409, 0.976555, 119.88
5958, 99.29166, 15.7121, -72.6662, 13.6029, 135.351, 10.7511, 48.1082, 0.946295, -0.329906, 0.961335, -118.409, 0.97656, 119.88
5958, 99.30000, 15.702, -72.6602, 13.5932, 135.343, 10.7429, 48.1151, 0.946288, -0.33043, 0.961349, -118.408, 0.976565, 119.88
5959, 99.30833, 15.692, -72.6542, 13.5835, 135.335, 10.7348, 48.1221, 0.946281, -0.330953, 0.961363, -118.408, 0.97657, 119.88
5959, 99.31667, 15.6819, -72.6481, 13.5737, 135.327, 10.7267, 48.129, 0.946274, -0.331474, 0.961377, -118.407, 0.976575, 119.88
5960, 99.32500, 15.6719, -72.6421, 13.564, 135.319, 10.7186, 48.136, 0.946267, -0.331994, 0.961391, -118.407, 0.976581, 119.88
5960, 99.33334, 15.6618, -72.636, 13.5543, 135.311, 10.7105, 48.143, 0.94626, -0.332513, 0.961405, -118.406, 0.976586, 119.88
5961, 99.34167, 15.6518, -72.6299, 13.5446, 135.303, 10.7023, 48.15, 0.946253, -0.333031, 0.961419, -118.406, 0.976591, 119.88
5961, 99.35000, 15.6418, -72.6239, 13.5349, 135.295, 10.6942, 48.157, 0.946246, -0.333548, 0.961433, -118.405, 0.976597, 119.88
5962, 99.35833, 15.6318, -72.6178, 13.5252, 135.287, 10.6861, 48.164, 0.946239, -0.334063, 0.961447, -118.405, 0.976602, 119.88
5962, 99.36667, 15.6217, -72.6117, 13.5155, 135.279, 10.678, 48.1711, 0.946232, -0.334577, 0.961461, -118.404, 0.976608, 119.88
5963, 99.37500, 15.6117, -72.6056, 13.5058, 135.271, 10.6699, 48.1781, 0.946225, -0.33509, 0.961475, -118.404, 0.976613, 119.88
5963, 99.38333, 15.6017, -72.5995, 13.4961, 135.263, 10.6618, 48.1852, 0.946217, -0.335601, 0.961489, -118.403, 0.976618, 119.879
5964, 99.39167, 15.5917, -72.5933, 13.4864, 135.255, 10.6537, 48.1922, 0.94621, -0.336112, 0.961504, -118.403, 0.976624, 119.879
5964, 99.40000, 15.5817, -72.5872, 13.4767, 135.247, 10.6456, 48.1993, 0.946203, -0.336621, 0.961518, -118.402, 0.976629, 119.879
5965, 99.40833, 15.5718, -72.5811, 13.4671, 135.239, 10.6375, 48.2064, 0.946196, -0.337128, 0.961532, -118.402, 0.976635, 119.879
5965, 99.41666, 15.5618, -72.5749, 13.4574, 135.231, 10.6294, 48.2135, 0.946189, -0.337635, 0.961547, -118.401, 0.976641, 119.879
5966, 99.42500, 15.5518, -72.5687, 13.4477, 135.223, 10.6214, 48.2206, 0.946181, -0.33814, 0.961561, -118.401, 0.976646, 119.879
5966, 99.43333, 15.5418, -72.5626, 13.4381, 135.215, 10.6133, 48.2277, 0.946174, -0.338644, 0.961575, -118.4, 0.976652, 119.879
5967, 99.44167, 15.5319, -72.5564, 13.4284, 135.207, 10.6052, 48.2348, 0.946167, -0.339147, 0.96159, -118.4, 0.976658, 119.879
5967, 99.45000, 15.5219, -72.5502, 13.4188, 135.199, 10.5971, 48.2419, 0.94616, -0.339648, 0.961604, -118.399, 0.976663, 119.879
5968, 99.45834, 15.512, -72.544, 13.4091, 135.191, 10.5891, 48.2491, 0.946152, -0.340148, 0.961619, -118.399, 0.976669, 119.879
5968, 99.46667, 15.502, -72.5378, 13.3995, 135.183, 10.581, 48.2562, 0.946145, -0.340647, 0.961634, -118.398, 0.976675, 119.879
5969, 99.47500, 15.4921, -72.5316, 13.3899, 135.175, 10.5729, 48.2634, 0.946137, -0.341144, 0.961648, -118.398, 0.97668, 119.879
5969, 99.48333, 15.4821, -72.5254, 13.3802, 135.167, 10.5649, 48.2706, 0.94613, -0.34164, 0.961663, -118.397, 0.976686, 119.878
5970, 99.49167, 15.4722, -72.5191, 13.3706, 135.159, 10.5568, 48.2778, 0.946123, -0.342135, 0.961677, -118.397, 0.976692, 119.878
5970, 99.50000, 15.4623, -72.5129, 13.361, 135.15, 10.5488, 48.285, 0.946115, -0.342628, 0.961692, -118.396, 0.976698, 119.878
5971, 99.50833, 15.4524, -72.5066, 13.3514, 135.142, 10.5407, 48.2922, 0.946108, -0.34312, 0.961707, -118.396, 0.976704, 119.878
5971, 99.51667, 15.4425, -72.5004, 13.3418, 135.134, 10.5327, 48.2994, 0.9461, -0.34361, 0.961722, -118.395, 0.97671, 119.878
5972, 99.52500, 15.4326, -72.4941, 13.3322, 135.126, 10.5246, 48.3066, 0.946093, -0.344099, 0.961737, -118.395, 0.976716, 119.878
5972, 99.53333, 15.4227, -72.4878, 13.3226, 135.118, 10.5166, 48.3139, 0.946085, -0.344587, 0.961752, -118.394, 0.976721, 119.878
5973, 99.54166, 15.4128, -72.4815, 13.313, 135.11, 10.5085, 48.3211, 0.946077, -0.345074, 0.961766, -118.394, 0.976727, 119.878
5973, 99.55000, 15.4029, -72.4752, 13.3034, 135.102, 10.5005, 48.3284, 0.94607, -0.345559, 0.961781, -118.393, 0.976733, 119.878
5974, 99.55833, 15.393, -72.4689, 13.2938, 135.094, 10.4925, 48.3357, 0.946062, -0.346042, 0.961796, -118.393, 0.976739, 119.878
5974, 99.56667, 15.3832, -72.4626, 13.2842, 135.085, 10.4844, 48.3429, 0.946054, -0.346525, 0.961811, -118.392, 0.976746, 119.878
5975, 99.57500, 15.3733, -72.4563, 13.2747, 135.077, 10.4764, 48.3502, 0.946047, -0.347006, 0.961827, -118.392, 0.976752, 119.878
5975, 99.58334, 15.3634, -72.45, 13.2651, 135.069, 10.4684, 48.3575, 0.946039, -0.347485, 0.961842, -118.391, 0.976758, 119.878
5976, 99.59167, 15.3536, -72.4436, 13.2555, 135.061, 10.4604, 48.3649, 0.946031, -0.347963, 0.961857, -118.391, 0.976764, 119.878
5976, 99.60000, 15.3437, -72.4373, 13.246, 135.053, 10.4524, 48.3722, 0.946024, -0.348439, 0.961872, -118.39, 0.97677, 119.878
5977, 99.60833, 15.3339, -72.4309, 13.2364, 135.045, 10.4443, 48.3795, 0.946016, -0.348914, 0.961887, -118.39, 0.976776, 119.877
5977, 99.61667, 15.324, -72.4245, 13.2269, 135.037, 10.4363, 48.3869, 0.946008, -0.349388, 0.961903, -118.389, 0.976783, 119.877
5978, 99.62500, 15.3142, -72.4181, 13.2173, 135.028, 10.4283, 48.3942, 0.946, -0.34986, 0.961918, -118.389, 0.976789, 119.877
5978, 99.63333, 15.3044, -72.4117, 13.2078, 135.02, 10.4203, 48.4016, 0.945992, -0.350331, 0.961933, -118.388, 0.976795, 119.877
5979, 99.64167, 15.2946, -72.4053, 13.1983, 135.012, 10.4123, 48.409, 0.945984, -0.3508, 0.961949, -118.387, 0.976801, 119.877
5979, 99.65000, 15.2847, -72.3989, 13.1887, 135.004, 10.4043, 48.4164, 0.945976, -0.351268, 0.961964, -118.387, 0.976808, 119.877
5980, 99.65833, 15.2749, -72.3925, 13.1792, 134.996, 10.3963, 48.4238, 0.945969, -0.351734, 0.96198, -118.386, 0.976814, 119.877
5980, 99.66666, 15.2651, -72.3861, 13.1697, 134.987, 10.3883, 48.4312, 0.945961, -0.352199, 0.961995, -118.386, 0.97682, 119.877
5981, 99.67500, 15.2553, -72.3797, 13.1602, 134.979, 10.3803, 48.4386, 0.945953, -0.352662, 0.962011, -118.385, 0.976827, 119.877
5981, 99.68333, 15.2456, -72.3732, 13.1507, 134.971, 10.3724, 48.446, 0.945945, -0.353124, 0.962027, -118.385, 0.976833, 119.877
5982, 99.69167, 15.2358, -72.3668, 13.1412, 134.963, 10.3644, 48.4535, 0.945937, -0.353584, 0.962042, -118.384, 0.97684, 119.877
5982, 99.70000, 15.226, -72.3603, 13.1317, 134.954, 10.3564, 48.4609, 0.945928, -0.354043, 0.962058, -118.384, 0.976846, 119.877
5983, 99.70834, 15.2162, -72.3538, 13.1222, 134.946, 10.3484, 48.4684, 0.94592, -0.3545, 0.962074, -118.383, 0.976853, 119.877
5983, 99.71667, 15.2064, -72.3473, 13.1127, 134.938, 10.3404, 48.4759, 0.945912, -0.354956, 0.962089, -118.383, 0.976859, 119.877
5984, 99.72500, 15.1967, -72.3408, 13.1032, 134.93, 10.3325, 48.4834, 0.945904, -0.35541, 0.962105, -118.382, 0.976866, 119.877
5984, 99.73333, 15.1869, -72.3343, 13.0937, 134.921, 10.3245, 48.4909, 0.945896, -0.355862, 0.962121, -118.382, 0.976873, 119.876
5985, 99.74167, 15.1772, -72.3278, 13.0842, 134.913, 10.3165, 48.4984, 0.945888, -0.356313, 0.962137, -118.381, 0.976879, 119.876
5985, 99.75000, 15.1674, -72.3213, 13.0748, 134.905, 10.3086, 48.5059, 0.945879, -0.356762, 0.962153, -118.381, 0.976886, 119.876
5986, 99.75833, 15.1577, -72.3148, 13.0653, 134.897, 10.3006, 48.5134, 0.945871, -0.35721, 0.962169, -118.38, 0.976893, 119.876
5986, 99.76667, 15.148, -72.3082, 13.0558, 134.888, 10.2927, 48.521, 0.945863, -0.357656, 0.962185, -118.379, 0.976899, 119.876
5987, 99.77500, 15.1382, -72.3017, 13.0464, 134.88, 10.2847, 48.5285, 0.945855, -0.358101, 0.962201, -118.379, 0.976906, 119.876
5987, 99.78333, 15.1285, -72.2951, 13.0369, 134.872, 10.2768, 48.5361, 0.945846, -0.358544, 0.962217, -118.378, 0.976913, 119.876
5988, 99.79166, 15.1188, -72.2886, 13.0275, 134.863, 10.2688, 48.5437, 0.945838, -0.358985, 0.962234, -118.378, 0.97692, 119.876
5988, 99.80000, 15.1091, -72.282, 13.018, 134.855, 10.2609, 48.5513, 0.94583, -0.359425, 0.96225, -118.377, 0.976927, 119.876
5989, 99.80833, 15.0994, -72.2754, 13.0086, 134.847, 10.2529, 48.5589, 0.945821, -0.359863, 0.962266, -118.377, 0.976934, 119.876
5989, 99.81667, 15.0897, -72.2688, 12.9992, 134.838, 10.245, 48.5665, 0.945813, -0.360299, 0.962282, -118.376, 0.976941, 119.876
5990, 99.82500, 15.08, -72.2622, 12.9897, 134.83, 10.2371, 48.5741, 0.945804, -0.360734, 0.962299, -118.376, 0.976947, 119.876
5990, 99.83334, 15.0703, -72.2556, 12.9803, 134.822, 10.2291, 48.5817, 0.945796, -0.361167, 0.962315, -118.375, 0.976954, 119.876
5991, 99.84167, 15.0606, -72.249, 12.9709, 134.813, 10.2212, 48.5894, 0.945787, -0.361599, 0.962332, -118.374, 0.976961, 119.876
5991, 99.85000, 15.051, -72.2423, 12.9615, 134.805, 10.2133, 48.597, 0.945779, -0.362028, 0.962348, -118.374, 0.976968, 119.876
5992, 99.85833, 15.0413, -72.2357, 12.9521, 134.797, 10.2054, 48.6047, 0.94577, -0.362457, 0.962365, -118.373, 0.976976, 119.876
5992, 99.86667, 15.0316, -72.229, 12.9427, 134.788, 10.1974, 48.6124, 0.945762, -0.362883, 0.962381, -118.373, 0.976983, 119.876
5993, 99.87500, 15.022, -72.2224, 12.9333, 134.78, 10.1895, 48.6201, 0.945753, -0.363308, 0.962398, -118.372, 0.97699, 119.876
5993, 99.88333, 15.0123, -72.2157, 12.9239, 134.772, 10.1816, 48.6278, 0.945744, -0.363731, 0.962415, -118.372, 0.976997, 119.876
5994, 99.89167, 15.0027, -72.209, 12.9145, 134.763, 10.1737, 48.6355, 0.945736, -0.364152, 0.962431, -118.371, 0.977004, 119.875
5994, 99.90000, 14.993, -72.2024, 12.9051, 134.755, 10.1658, 48.6432, 0.945727, -0.364571, 0.962448, -118.371, 0.977011, 119.875
5995, 99.90833, 14.9834, -72.1957, 12.8957, 134.746, 10.1579, 48.6509, 0.945718, -0.364989, 0.962465, -118.37, 0.977019, 119.875
5995, 99.91666, 14.9738, -72.1889, 12.8864, 134.738, 10.15, 48.6587, 0.94571, -0.365405, 0.962482, -118.369, 0.977026, 119.875
5996, 99.92500, 14.9642, -72.1822, 12.877, 134.73, 10.1421, 48.6664, 0.945701, -0.365819, 0.962499, -118.369, 0.977033, 119.875
5996, 99.93333, 14.9545, -72.1755, 12.8676, 134.721, 10.1342, 48.6742, 0.945692, -0.366232, 0.962516, -118.368, 0.97704, 119.875
5997, 99.94167, 14.9449, -72.1688, 12.8583, 134.713, 10.1263, 48.682, 0.945683, -0.366643, 0.962533, -118.368, 0.977048, 119.875
5997, 99.95000, 14.9353, -72.162, 12.8489, 134.704, 10.1184, 48.6898, 0.945674, -0.367052, 0.96255, -118.367, 0.977055, 119.875
5998, 99.95834, 14.9257, -72.1553, 12.8396, 134.696, 10.1105, 48.6976, 0.945666, -0.367459, 0.962567, -118.367, 0.977063, 119.875
5998, 99.96667, 14.9161, -72.1485, 12.8302, 134.687, 10.1026, 48.7054, 0.945657, -0.367864, 0.962584, -118.366, 0.97707, 119.875
5999, 99.97500, 14.9066, -72.1417, 12.8209, 134.679, 10.0948, 48.7132, 0.945648, -0.368268, 0.962601, -118.365, 0.977078, 119.875
5999, 99.98333, 14.897, -72.135, 12.8116, 134.67, 10.0869, 48.7211, 0.945639, -0.368669, 0.962618, -118.365, 0.977085, 119.875
6000, 99.99167, 14.8874, -72.1282, 12.8022, 134.662, 10.079, 48.7289, 0.94563, -0.369069, 0.962635, -118.364, 0.977093, 119.875
6000, 100.00000, 14.8778, -72.1214, 12.7929, 134.654, 10.0711, 48.7368, 0.945621, -0.369467, 0.962653, -118.364, 0.9771, 119.875
