Freq, Harmonic, V1, VAngle1, V2, VAngle2, V3, VAngle3, I1, IAngle1, I2, IAngle2, I3, IAngle3
60, 1.00000, 15004.4, -3.42839, 14875.9, -124.299, 14960.7, 116.07, 9.90847, 78.8572, 9.61222, -47.0462, 9.8887, -161.716
60, 1.00833, 12105.2, -1.14163, 12645.5, -124.311, 12787, 116.844, 7.19806, 68.7437, 7.67674, -66.2601, 7.72875, -172.031
61, 1.01667, 1.90037, 47.9279, 61.6537, -30.4409, 63.407, 149.874, 0.00123857, 133.335, 0.0401719, 46.0881, 0.0424694, -128.379
62, 1.02500, 1.91199, 47.5706, 61.849, -30.2925, 63.6101, 150.027, 0.00125811, 133, 0.0406755, 46.3995, 0.0429985, -128.125
62, 1.03333, 1.92369, 47.215, 62.0457, -30.1451, 63.8147, 150.178, 0.00127784, 132.667, 0.0411825, 46.7067, 0.0435313, -127.874
63, 1.04167, 1.93546, 46.8609, 62.2439, -29.9986, 64.0208, 150.329, 0.00129778, 132.335, 0.0416931, 47.01, 0.0440676, -127.626
63, 1.05000, 1.94731, 46.5084, 62.4434, -29.8532, 64.2283, 150.478, 0.00131792, 132.004, 0.0422071, 47.3092, 0.0446074, -127.38
63, 1.05833, 1.95922, 46.1574, 62.6443, -29.7087, 64.4373, 150.626, 0.00133826, 131.675, 0.0427247, 47.6046, 0.0451509, -127.137
64, 1.06667, 1.97121, 45.8079, 62.8467, -29.5651, 64.6478, 150.774, 0.00135881, 131.348, 0.043246, 47.8961, 0.0456981, -126.898
65, 1.07500, 1.98327, 45.4599, 63.0505, -29.4226, 64.8597, 150.92, 0.00137956, 131.022, 0.0437707, 48.1839, 0.0462489, -126.66
65, 1.08333, 1.99541, 45.1134, 63.2556, -29.281, 65.0732, 151.066, 0.00140051, 130.697, 0.0442991, 48.468, 0.0468033, -126.426
66, 1.09167, 2.00762, 44.7682, 63.4622, -29.1404, 65.2881, 151.21, 0.00142168, 130.374, 0.0448312, 48.7485, 0.0473616, -126.194
66, 1.10000, 2.0199, 44.4245, 63.6702, -29.0008, 65.5045, 151.354, 0.00144306, 130.052, 0.0453669, 49.0254, 0.0479236, -125.965
66, 1.10833, 2.03226, 44.0822, 63.8796, -28.8622, 65.7223, 151.496, 0.00146465, 129.731, 0.0459063, 49.2988, 0.0484893, -125.738
67, 1.11667, 2.04469, 43.7413, 64.0904, -28.7246, 65.9417, 151.638, 0.00148645, 129.412, 0.0464495, 49.5688, 0.049059, -125.514
68, 1.12500, 2.05719, 43.4017, 64.3026, -28.5879, 66.1624, 151.778, 0.00150846, 129.094, 0.0469963, 49.8354, 0.0496324, -125.292
68, 1.13333, 2.06977, 43.0634, 64.5162, -28.4523, 66.3847, 151.918, 0.00153069, 128.777, 0.0475469, 50.0987, 0.0502096, -125.073
69, 1.14167, 2.08242, 42.7264, 64.7313, -28.3177, 66.6085, 152.056, 0.00155314, 128.461, 0.0481014, 50.3588, 0.0507909, -124.856
69, 1.15000, 2.09514, 42.3907, 64.9477, -28.184, 66.8337, 152.194, 0.0015758, 128.146, 0.0486596, 50.6156, 0.0513759, -124.642
69, 1.15833, 2.10794, 42.0562, 65.1655, -28.0514, 67.0604, 152.33, 0.00159869, 127.833, 0.0492217, 50.8692, 0.051965, -124.43
70, 1.16667, 2.12081, 41.723, 65.3848, -27.9197, 67.2886, 152.466, 0.00162179, 127.521, 0.0497877, 51.1198, 0.052558, -124.22
71, 1.17500, 2.13375, 41.391, 65.6054, -27.7891, 67.5182, 152.6, 0.00164512, 127.21, 0.0503575, 51.3673, 0.053155, -124.013
71, 1.18333, 2.14677, 41.0601, 65.8275, -27.6595, 67.7493, 152.734, 0.00166867, 126.899, 0.0509312, 51.6118, 0.0537561, -123.808
72, 1.19167, 2.15987, 40.7304, 66.051, -27.5308, 67.982, 152.866, 0.00169245, 126.59, 0.051509, 51.8533, 0.0543613, -123.605
72, 1.20000, 2.17304, 40.4019, 66.2758, -27.4032, 68.216, 152.998, 0.00171645, 126.282, 0.0520906, 52.0919, 0.0549704, -123.405
72, 1.20833, 2.18628, 40.0745, 66.5021, -27.2766, 68.4516, 153.128, 0.00174068, 125.975, 0.0526762, 52.3277, 0.0555837, -123.206
73, 1.21667, 2.1996, 39.7481, 66.7298, -27.151, 68.6886, 153.258, 0.00176514, 125.669, 0.053266, 52.5606, 0.0562012, -123.01
74, 1.22500, 2.21299, 39.4229, 66.9589, -27.0264, 68.9272, 153.386, 0.00178984, 125.364, 0.0538596, 52.7907, 0.0568229, -122.816
74, 1.23333, 2.22646, 39.0987, 67.1894, -26.9028, 69.1671, 153.514, 0.00181476, 125.06, 0.0544574, 53.018, 0.0574487, -122.624
75, 1.24167, 2.24001, 38.7755, 67.4213, -26.7802, 69.4086, 153.64, 0.00183992, 124.757, 0.0550593, 53.2427, 0.0580788, -122.434
75, 1.25000, 2.25362, 38.4533, 67.6547, -26.6586, 69.6516, 153.766, 0.00186532, 124.454, 0.0556653, 53.4646, 0.0587131, -122.246
75, 1.25833, 2.26732, 38.1321, 67.8894, -26.5381, 69.896, 153.89, 0.00189095, 124.153, 0.0562754, 53.6839, 0.0593517, -122.06
76, 1.26667, 2.28109, 37.8119, 68.1256, -26.4185, 70.142, 154.013, 0.00191683, 123.852, 0.0568897, 53.9007, 0.0599946, -121.876
77, 1.27500, 2.29494, 37.4926, 68.3631, -26.2999, 70.3894, 154.136, 0.00194294, 123.552, 0.0575082, 54.1148, 0.0606418, -121.694
77, 1.28333, 2.30886, 37.1742, 68.6021, -26.1824, 70.6383, 154.257, 0.00196929, 123.253, 0.0581309, 54.3264, 0.0612934, -121.514
78, 1.29167, 2.32287, 36.8567, 68.8425, -26.0658, 70.8887, 154.378, 0.0019959, 122.954, 0.0587579, 54.5356, 0.0619495, -121.336
78, 1.30000, 2.33694, 36.5401, 69.0844, -25.9503, 71.1406, 154.497, 0.00202274, 122.657, 0.0593891, 54.7422, 0.0626099, -121.16
78, 1.30833, 2.3511, 36.2244, 69.3276, -25.8357, 71.394, 154.615, 0.00204983, 122.36, 0.0600246, 54.9464, 0.0632748, -120.986
79, 1.31667, 2.36533, 35.9095, 69.5723, -25.7222, 71.6489, 154.733, 0.00207717, 122.064, 0.0606645, 55.1483, 0.0639443, -120.814
80, 1.32500, 2.37964, 35.5954, 69.8184, -25.6096, 71.9053, 154.849, 0.00210476, 121.768, 0.0613087, 55.3477, 0.0646181, -120.643
80, 1.33333, 2.39403, 35.2821, 70.0659, -25.4981, 72.1631, 154.965, 0.0021326, 121.474, 0.0619573, 55.5448, 0.0652965, -120.475
81, 1.34167, 2.4085, 34.9696, 70.3148, -25.3876, 72.4225, 155.079, 0.0021607, 121.179, 0.0626104, 55.7396, 0.0659796, -120.308
81, 1.35000, 2.42304, 34.6578, 70.5652, -25.278, 72.6834, 155.193, 0.00218905, 120.886, 0.0632678, 55.932, 0.0666672, -120.143
81, 1.35833, 2.43767, 34.3468, 70.817, -25.1695, 72.9458, 155.305, 0.00221766, 120.593, 0.0639297, 56.1222, 0.0673594, -119.98
82, 1.36667, 2.45237, 34.0364, 71.0702, -25.0619, 73.2097, 155.417, 0.00224653, 120.3, 0.0645961, 56.3102, 0.0680564, -119.819
83, 1.37500, 2.46715, 33.7268, 71.3249, -24.9554, 73.4751, 155.527, 0.00227566, 120.009, 0.065267, 56.496, 0.068758, -119.659
83, 1.38333, 2.48201, 33.4179, 71.5809, -24.8499, 73.742, 155.637, 0.00230504, 119.717, 0.0659424, 56.6796, 0.0694642, -119.501
84, 1.39167, 2.49695, 33.1095, 71.8385, -24.7453, 74.0105, 155.745, 0.0023347, 119.427, 0.0666225, 56.8611, 0.0701754, -119.345
84, 1.40000, 2.51197, 32.8019, 72.0975, -24.6417, 74.2805, 155.853, 0.00236462, 119.136, 0.0673071, 57.0404, 0.0708912, -119.19
84, 1.40833, 2.52707, 32.4948, 72.3579, -24.5392, 74.5519, 155.959, 0.0023948, 118.847, 0.0679963, 57.2176, 0.0716118, -119.038
85, 1.41667, 2.54226, 32.1883, 72.6197, -24.4376, 74.825, 156.065, 0.00242526, 118.557, 0.0686902, 57.3927, 0.0723374, -118.886
86, 1.42500, 2.55752, 31.8824, 72.883, -24.337, 75.0995, 156.17, 0.00245598, 118.268, 0.0693888, 57.5657, 0.0730677, -118.737
86, 1.43333, 2.57286, 31.5771, 73.1478, -24.2374, 75.3756, 156.273, 0.00248698, 117.98, 0.070092, 57.7368, 0.073803, -118.589
87, 1.44167, 2.58829, 31.2723, 73.414, -24.1388, 75.6532, 156.376, 0.00251825, 117.692, 0.0708001, 57.9058, 0.0745432, -118.443
87, 1.45000, 2.6038, 30.968, 73.6816, -24.0411, 75.9323, 156.478, 0.0025498, 117.404, 0.0715128, 58.0728, 0.0752884, -118.298
87, 1.45833, 2.61939, 30.6642, 73.9508, -23.9445, 76.213, 156.578, 0.00258163, 117.117, 0.0722304, 58.2378, 0.0760385, -118.155
88, 1.46667, 2.63506, 30.3608, 74.2213, -23.8488, 76.4953, 156.678, 0.00261373, 116.83, 0.0729529, 58.4008, 0.0767938, -118.014
89, 1.47500, 2.65081, 30.058, 74.4934, -23.7541, 76.779, 156.777, 0.00264612, 116.543, 0.0736801, 58.562, 0.077554, -117.874
89, 1.48333, 2.66665, 29.7556, 74.7669, -23.6604, 77.0643, 156.875, 0.00267879, 116.257, 0.0744122, 58.7212, 0.0783193, -117.736
90, 1.49167, 2.68257, 29.4535, 75.0418, -23.5676, 77.3513, 156.972, 0.00271175, 115.971, 0.0751493, 58.8785, 0.0790899, -117.599
90, 1.50000, 2.69857, 29.1519, 75.3183, -23.4759, 77.6397, 157.068, 0.00274499, 115.685, 0.0758913, 59.0339, 0.0798655, -117.464
90, 1.50833, 2.71466, 28.8507, 75.5962, -23.3851, 77.9297, 157.163, 0.00277852, 115.399, 0.0766382, 59.1875, 0.0806462, -117.33
91, 1.51667, 2.73083, 28.5498, 75.8756, -23.2953, 78.2213, 157.257, 0.00281234, 115.114, 0.0773902, 59.3393, 0.0814323, -117.197
92, 1.52500, 2.74709, 28.2493, 76.1564, -23.2064, 78.5145, 157.35, 0.00284646, 114.829, 0.0781472, 59.4892, 0.0822236, -117.067
92, 1.53333, 2.76343, 27.9491, 76.4388, -23.1185, 78.8092, 157.442, 0.00288087, 114.544, 0.0789092, 59.6373, 0.0830202, -116.937
93, 1.54167, 2.77986, 27.6492, 76.7226, -23.0316, 79.1055, 157.533, 0.00291557, 114.259, 0.0796764, 59.7836, 0.0838221, -116.809
93, 1.55000, 2.79637, 27.3497, 77.0079, -22.9457, 79.4034, 157.624, 0.00295058, 113.975, 0.0804486, 59.9282, 0.0846294, -116.683
93, 1.55833, 2.81296, 27.0503, 77.2947, -22.8607, 79.7029, 157.713, 0.00298588, 113.69, 0.0812259, 60.071, 0.085442, -116.558
94, 1.56667, 2.82964, 26.7513, 77.5831, -22.7766, 80.004, 157.801, 0.00302149, 113.406, 0.0820086, 60.212, 0.0862601, -116.435
94, 1.57500, 2.84641, 26.4524, 77.8729, -22.6936, 80.3067, 157.889, 0.00305739, 113.122, 0.0827964, 60.3513, 0.0870836, -116.312
95, 1.58333, 2.86326, 26.1538, 78.1642, -22.6115, 80.611, 157.975, 0.00309361, 112.838, 0.0835893, 60.489, 0.0879126, -116.192
96, 1.59167, 2.88021, 25.8554, 78.457, -22.5303, 80.9169, 158.061, 0.00313013, 112.554, 0.0843877, 60.6249, 0.0887473, -116.072
96, 1.60000, 2.89723, 25.5572, 78.7514, -22.4501, 81.2244, 158.146, 0.00316696, 112.27, 0.0851913, 60.7591, 0.0895873, -115.954
96, 1.60833, 2.91435, 25.2591, 79.0472, -22.3709, 81.5336, 158.229, 0.0032041, 111.986, 0.0860002, 60.8917, 0.090433, -115.838
97, 1.61667, 2.93155, 24.9612, 79.3446, -22.2926, 81.8444, 158.312, 0.00324156, 111.702, 0.0868146, 61.0227, 0.0912844, -115.723
98, 1.62500, 2.94884, 24.6634, 79.6435, -22.2152, 82.1568, 158.394, 0.00327933, 111.418, 0.0876343, 61.1519, 0.0921414, -115.609
98, 1.63333, 2.96621, 24.3658, 79.9439, -22.1388, 82.4708, 158.475, 0.00331742, 111.134, 0.0884594, 61.2796, 0.0930041, -115.496
99, 1.64167, 2.98368, 24.0682, 80.2459, -22.0633, 82.7865, 158.555, 0.00335583, 110.85, 0.08929, 61.4057, 0.0938726, -115.385
99, 1.65000, 3.00123, 23.7707, 80.5494, -21.9888, 83.1039, 158.635, 0.00339456, 110.567, 0.0901261, 61.5301, 0.0947469, -115.275
99, 1.65833, 3.01887, 23.4733, 80.8544, -21.9153, 83.4229, 158.713, 0.00343361, 110.283, 0.0909677, 61.653, 0.0956269, -115.166
100, 1.66667, 3.0366, 23.1758, 81.161, -21.8426, 83.7435, 158.79, 0.00347298, 109.998, 0.091815, 61.7743, 0.0965129, -115.059
101, 1.67500, 3.05442, 22.8785, 81.4691, -21.7709, 84.0659, 158.867, 0.00351268, 109.714, 0.0926677, 61.8941, 0.0974046, -114.953
101, 1.68333, 3.07232, 22.5811, 81.7788, -21.7002, 84.3899, 158.942, 0.00355271, 109.43, 0.0935261, 62.0123, 0.0983023, -114.848
102, 1.69167, 3.09032, 22.2837, 82.0901, -21.6304, 84.7156, 159.017, 0.00359308, 109.146, 0.0943902, 62.129, 0.0992061, -114.745
102, 1.70000, 3.10841, 21.9864, 82.4029, -21.5615, 85.0429, 159.091, 0.00363377, 108.861, 0.0952599, 62.2441, 0.100116, -114.643
102, 1.70833, 3.12658, 21.689, 82.7172, -21.4935, 85.372, 159.164, 0.00367479, 108.576, 0.0961354, 62.3577, 0.101031, -114.542
103, 1.71667, 3.14485, 21.3914, 83.0332, -21.4265, 85.7028, 159.236, 0.00371615, 108.291, 0.0970167, 62.4699, 0.101953, -114.442
104, 1.72500, 3.1632, 21.0939, 83.3507, -21.3604, 86.0353, 159.307, 0.00375785, 108.006, 0.0979037, 62.5805, 0.102881, -114.344
104, 1.73333, 3.18164, 20.7962, 83.6698, -21.2952, 86.3695, 159.377, 0.00379989, 107.721, 0.0987966, 62.6897, 0.103815, -114.247
105, 1.74167, 3.20018, 20.4985, 83.9905, -21.231, 86.7055, 159.447, 0.00384227, 107.435, 0.0996954, 62.7974, 0.104756, -114.151
105, 1.75000, 3.2188, 20.2006, 84.3128, -21.1677, 87.0431, 159.515, 0.00388499, 107.15, 0.1006, 62.9036, 0.105702, -114.056
105, 1.75833, 3.23751, 19.9026, 84.6367, -21.1053, 87.3825, 159.583, 0.00392806, 106.864, 0.101511, 63.0084, 0.106655, -113.962
106, 1.76667, 3.25632, 19.6044, 84.9622, -21.0438, 87.7237, 159.649, 0.00397147, 106.577, 0.102427, 63.1118, 0.107614, -113.87
107, 1.77500, 3.27521, 19.306, 85.2892, -20.9832, 88.0666, 159.715, 0.00401523, 106.291, 0.10335, 63.2137, 0.10858, -113.779
107, 1.78333, 3.29419, 19.0075, 85.6179, -20.9236, 88.4112, 159.78, 0.00405934, 106.004, 0.104278, 63.3142, 0.109552, -113.689
108, 1.79167, 3.31327, 18.7087, 85.9482, -20.8649, 88.7577, 159.844, 0.00410381, 105.717, 0.105213, 63.4133, 0.11053, -113.6
108, 1.80000, 3.33243, 18.4098, 86.2802, -20.8071, 89.1059, 159.908, 0.00414862, 105.429, 0.106154, 63.511, 0.111515, -113.512
108, 1.80833, 3.35169, 18.1106, 86.6137, -20.7502, 89.4559, 159.97, 0.00419379, 105.142, 0.107101, 63.6074, 0.112506, -113.426
109, 1.81667, 3.37103, 17.8111, 86.9489, -20.6942, 89.8078, 160.031, 0.00423932, 104.853, 0.108054, 63.7023, 0.113504, -113.34
109, 1.82500, 3.39047, 17.5114, 87.2858, -20.6391, 90.1614, 160.092, 0.00428521, 104.565, 0.109013, 63.7959, 0.114509, -113.256
110, 1.83333, 3.40999, 17.2114, 87.6242, -20.585, 90.5168, 160.152, 0.00433145, 104.276, 0.109978, 63.888, 0.11552, -113.173
111, 1.84167, 3.4296, 16.9111, 87.9644, -20.5317, 90.8741, 160.211, 0.00437806, 103.986, 0.11095, 63.9789, 0.116538, -113.091
111, 1.85000, 3.44931, 16.6105, 88.3062, -20.4794, 91.2332, 160.269, 0.00442503, 103.697, 0.111929, 64.0684, 0.117563, -113.01
111, 1.85833, 3.4691, 16.3095, 88.6496, -20.4279, 91.5941, 160.326, 0.00447236, 103.406, 0.112913, 64.1565, 0.118595, -112.931
112, 1.86667, 3.48898, 16.0082, 88.9947, -20.3774, 91.9569, 160.383, 0.00452006, 103.116, 0.113904, 64.2434, 0.119633, -112.852
113, 1.87500, 3.50895, 15.7066, 89.3415, -20.3278, 92.3215, 160.438, 0.00456812, 102.824, 0.114901, 64.3289, 0.120678, -112.775
113, 1.88333, 3.52901, 15.4046, 89.6899, -20.279, 92.688, 160.493, 0.00461655, 102.533, 0.115905, 64.413, 0.121731, -112.698
114, 1.89167, 3.54916, 15.1021, 90.0401, -20.2312, 93.0564, 160.547, 0.00466536, 102.241, 0.116916, 64.4959, 0.12279, -112.623
114, 1.90000, 3.56939, 14.7993, 90.3919, -20.1843, 93.4267, 160.6, 0.00471453, 101.948, 0.117933, 64.5775, 0.123856, -112.549
114, 1.90833, 3.58972, 14.4961, 90.7454, -20.1383, 93.7989, 160.652, 0.00476407, 101.655, 0.118956, 64.6578, 0.124929, -112.476
115, 1.91667, 3.61013, 14.1924, 91.1007, -20.0931, 94.173, 160.703, 0.004814, 101.361, 0.119986, 64.7368, 0.12601, -112.404
116, 1.92500, 3.63063, 13.8883, 91.4576, -20.0489, 94.549, 160.754, 0.00486429, 101.067, 0.121023, 64.8145, 0.127098, -112.333
116, 1.93333, 3.65121, 13.5837, 91.8162, -20.0055, 94.927, 160.803, 0.00491495, 100.772, 0.122067, 64.8909, 0.128193, -112.263
117, 1.94167, 3.67188, 13.2786, 92.1766, -19.9631, 95.3069, 160.852, 0.004966, 100.477, 0.123117, 64.9661, 0.129295, -112.194
117, 1.95000, 3.69264, 12.9731, 92.5387, -19.9215, 95.6888, 160.9, 0.00501742, 100.181, 0.124174, 65.04, 0.130404, -112.126
117, 1.95833, 3.71348, 12.667, 92.9024, -19.8809, 96.0726, 160.947, 0.00506922, 99.8841, 0.125238, 65.1127, 0.131521, -112.06
118, 1.96667, 3.7344, 12.3604, 93.268, -19.8411, 96.4584, 160.994, 0.0051214, 99.5868, 0.126309, 65.1841, 0.132646, -111.994
119, 1.97500, 3.75541, 12.0533, 93.6353, -19.8022, 96.8462, 161.039, 0.00517395, 99.289, 0.127387, 65.2542, 0.133778, -111.929
119, 1.98333, 3.7765, 11.7457, 94.0043, -19.7642, 97.236, 161.084, 0.00522689, 98.9905, 0.128471, 65.3232, 0.134917, -111.866
120, 1.99167, 3.79768, 11.4375, 94.3751, -19.7271, 97.6279, 161.128, 0.00528021, 98.6913, 0.129563, 65.3909, 0.136064, -111.803
120, 2.00000, 3.81893, 11.1287, 94.7477, -19.6909, 98.0217, 161.171, 0.00533391, 98.3915, 0.130661, 65.4574, 0.137219, -111.742
120, 2.00833, 3.84027, 10.8194, 95.122, -19.6556, 98.4176, 161.213, 0.00538799, 98.091, 0.131767, 65.5226, 0.138381, -111.681
121, 2.01667, 3.86169, 10.5094, 95.4981, -19.6211, 98.8155, 161.254, 0.00544245, 97.7898, 0.13288, 65.5867, 0.139551, -111.622
122, 2.02500, 3.88318, 10.1989, 95.8759, -19.5876, 99.2155, 161.295, 0.00549729, 97.4879, 0.134, 65.6495, 0.140729, -111.563
122, 2.03333, 3.90475, 9.88771, 96.2556, -19.5549, 99.6176, 161.335, 0.00555252, 97.1853, 0.135127, 65.7112, 0.141915, -111.506
123, 2.04167, 3.92641, 9.57588, 96.637, -19.5231, 100.022, 161.374, 0.00560813, 96.882, 0.136262, 65.7716, 0.143109, -111.45
123, 2.05000, 3.94813, 9.26345, 97.0202, -19.4922, 100.428, 161.412, 0.00566411, 96.5779, 0.137403, 65.8309, 0.14431, -111.394
123, 2.05833, 3.96993, 8.95037, 97.4053, -19.4622, 100.836, 161.449, 0.00572048, 96.2731, 0.138552, 65.889, 0.14552, -111.34
124, 2.06667, 3.99181, 8.63659, 97.7921, -19.433, 101.247, 161.486, 0.00577724, 95.9675, 0.139708, 65.9459, 0.146738, -111.286
125, 2.07500, 4.01375, 8.32217, 98.1808, -19.4047, 101.66, 161.521, 0.00583437, 95.6611, 0.140872, 66.0016, 0.147964, -111.234
125, 2.08333, 4.03577, 8.00707, 98.5712, -19.3773, 102.074, 161.556, 0.00589188, 95.354, 0.142043, 66.0562, 0.149198, -111.183
126, 2.09167, 4.05786, 7.69124, 98.9636, -19.3508, 102.492, 161.59, 0.00594978, 95.046, 0.143222, 66.1095, 0.150441, -111.132
126, 2.10000, 4.08002, 7.37474, 99.3577, -19.3252, 102.911, 161.624, 0.00600805, 94.7373, 0.144408, 66.1618, 0.151692, -111.083
126, 2.10833, 4.10224, 7.05754, 99.7537, -19.3004, 103.332, 161.656, 0.0060667, 94.4278, 0.145602, 66.2128, 0.152951, -111.034
127, 2.11667, 4.12453, 6.73957, 100.152, -19.2765, 103.756, 161.688, 0.00612573, 94.1174, 0.146803, 66.2628, 0.154219, -110.987
128, 2.12500, 4.14688, 6.42092, 100.551, -19.2535, 104.182, 161.718, 0.00618513, 93.8062, 0.148012, 66.3115, 0.155495, -110.94
128, 2.13333, 4.1693, 6.10153, 100.953, -19.2314, 104.61, 161.748, 0.00624491, 93.4942, 0.149229, 66.3591, 0.15678, -110.894
129, 2.14167, 4.19177, 5.78136, 101.356, -19.2101, 105.04, 161.778, 0.00630506, 93.1814, 0.150453, 66.4056, 0.158074, -110.85
129, 2.15000, 4.21431, 5.46048, 101.761, -19.1898, 105.473, 161.806, 0.00636558, 92.8677, 0.151685, 66.451, 0.159376, -110.806
129, 2.15833, 4.2369, 5.13885, 102.168, -19.1702, 105.908, 161.834, 0.00642647, 92.5532, 0.152925, 66.4952, 0.160687, -110.764
130, 2.16667, 4.25954, 4.81641, 102.578, -19.1516, 106.345, 161.86, 0.00648773, 92.2377, 0.154173, 66.5383, 0.162007, -110.722
131, 2.17500, 4.28224, 4.49325, 102.988, -19.1338, 106.785, 161.886, 0.00654935, 91.9215, 0.155429, 66.5803, 0.163336, -110.681
131, 2.18333, 4.30499, 4.16931, 103.401, -19.1169, 107.227, 161.912, 0.00661134, 91.6044, 0.156693, 66.6212, 0.164674, -110.641
132, 2.19167, 4.32779, 3.84456, 103.816, -19.1009, 107.671, 161.936, 0.00667369, 91.2864, 0.157964, 66.6609, 0.166021, -110.602
132, 2.20000, 4.35063, 3.51907, 104.233, -19.0857, 108.118, 161.959, 0.00673639, 90.9675, 0.159244, 66.6995, 0.167377, -110.565
132, 2.20833, 4.37351, 3.1928, 104.651, -19.0715, 108.567, 161.982, 0.00679945, 90.6478, 0.160532, 66.7371, 0.168743, -110.528
133, 2.21667, 4.39644, 2.86571, 105.071, -19.058, 109.018, 162.004, 0.00686287, 90.3271, 0.161828, 66.7735, 0.170117, -110.492
134, 2.22500, 4.41941, 2.53787, 105.494, -19.0455, 109.472, 162.025, 0.00692662, 90.0056, 0.163132, 66.8088, 0.171501, -110.457
134, 2.23333, 4.44241, 2.20924, 105.918, -19.0338, 109.929, 162.046, 0.00699073, 89.6832, 0.164444, 66.8431, 0.172895, -110.422
135, 2.24167, 4.46545, 1.87979, 106.344, -19.0229, 110.388, 162.065, 0.00705518, 89.3599, 0.165765, 66.8762, 0.174298, -110.389
135, 2.25000, 4.48851, 1.54959, 106.772, -19.013, 110.849, 162.084, 0.00711996, 89.0358, 0.167094, 66.9083, 0.17571, -110.357
135, 2.25833, 4.51161, 1.21861, 107.203, -19.0039, 111.313, 162.102, 0.00718508, 88.7108, 0.168431, 66.9392, 0.177133, -110.326
136, 2.26667, 4.53473, 0.886812, 107.635, -18.9956, 111.78, 162.119, 0.00725053, 88.3849, 0.169777, 66.9691, 0.178565, -110.295
137, 2.27500, 4.55787, 0.554274, 108.069, -18.9883, 112.249, 162.135, 0.00731631, 88.0581, 0.171131, 66.9979, 0.180006, -110.266
137, 2.28333, 4.58103, 0.220963, 108.505, -18.9818, 112.72, 162.15, 0.0073824, 87.7305, 0.172493, 67.0257, 0.181458, -110.238
138, 2.29167, 4.60421, -0.113157, 108.943, -18.9761, 113.194, 162.165, 0.00744881, 87.402, 0.173864, 67.0524, 0.18292, -110.21
138, 2.30000, 4.6274, -0.447997, 109.382, -18.9713, 113.671, 162.179, 0.00751553, 87.0726, 0.175244, 67.078, 0.184392, -110.184
138, 2.30833, 4.6506, -0.783592, 109.824, -18.9674, 114.151, 162.192, 0.00758255, 86.7424, 0.176632, 67.1025, 0.185873, -110.158
139, 2.31667, 4.67381, -1.11997, 110.268, -18.9643, 114.633, 162.204, 0.00764988, 86.4114, 0.178029, 67.126, 0.187366, -110.133
140, 2.32500, 4.69701, -1.45705, 110.714, -18.9621, 115.117, 162.215, 0.0077175, 86.0795, 0.179435, 67.1485, 0.188868, -110.11
140, 2.33333, 4.72022, -1.79485, 111.162, -18.9607, 115.605, 162.226, 0.0077854, 85.7468, 0.180849, 67.1698, 0.190381, -110.087
141, 2.34167, 4.74342, -2.13341, 111.612, -18.9602, 116.095, 162.235, 0.00785359, 85.4133, 0.182272, 67.1902, 0.191904, -110.065
141, 2.35000, 4.76662, -2.47263, 112.064, -18.9605, 116.588, 162.244, 0.00792205, 85.079, 0.183704, 67.2095, 0.193438, -110.044
141, 2.35833, 4.78979, -2.81253, 112.518, -18.9617, 117.084, 162.252, 0.00799078, 84.7439, 0.185145, 67.2277, 0.194982, -110.024
142, 2.36667, 4.81296, -3.15315, 112.973, -18.9638, 117.582, 162.259, 0.00805978, 84.408, 0.186595, 67.245, 0.196538, -110.005
143, 2.37500, 4.8361, -3.49438, 113.431, -18.9667, 118.083, 162.266, 0.00812902, 84.0714, 0.188054, 67.2611, 0.198104, -109.987
143, 2.38333, 4.85922, -3.83625, 113.891, -18.9704, 118.588, 162.271, 0.00819851, 83.7341, 0.189521, 67.2763, 0.199681, -109.97
144, 2.39167, 4.88231, -4.17877, 114.353, -18.975, 119.095, 162.276, 0.00826824, 83.396, 0.190998, 67.2904, 0.201269, -109.954
144, 2.40000, 4.90537, -4.52185, 114.817, -18.9804, 119.604, 162.279, 0.0083382, 83.0573, 0.192484, 67.3035, 0.202868, -109.939
144, 2.40833, 4.92839, -4.8655, 115.283, -18.9867, 120.117, 162.282, 0.00840838, 82.7179, 0.193979, 67.3156, 0.204478, -109.924
145, 2.41667, 4.95137, -5.20974, 115.752, -18.9938, 120.633, 162.284, 0.00847879, 82.3779, 0.195484, 67.3267, 0.2061, -109.911
146, 2.42500, 4.97431, -5.55446, 116.222, -19.0017, 121.151, 162.286, 0.00854939, 82.0372, 0.196997, 67.3368, 0.207733, -109.899
146, 2.43333, 4.99719, -5.89968, 116.694, -19.0105, 121.673, 162.286, 0.00862019, 81.696, 0.19852, 67.3458, 0.209377, -109.887
147, 2.44167, 5.02002, -6.24541, 117.168, -19.0202, 122.198, 162.286, 0.00869119, 81.3541, 0.200052, 67.3539, 0.211034, -109.877
147, 2.45000, 5.04279, -6.59152, 117.645, -19.0306, 122.725, 162.284, 0.00876236, 81.0118, 0.201594, 67.361, 0.212701, -109.868
147, 2.45833, 5.0655, -6.93805, 118.123, -19.0419, 123.256, 162.282, 0.0088337, 80.669, 0.203145, 67.367, 0.214381, -109.859
148, 2.46667, 5.08815, -7.28498, 118.604, -19.054, 123.79, 162.279, 0.0089052, 80.3256, 0.204706, 67.3721, 0.216072, -109.852
149, 2.47500, 5.11071, -7.6322, 119.086, -19.067, 124.326, 162.275, 0.00897685, 79.9819, 0.206276, 67.3762, 0.217776, -109.845
149, 2.48333, 5.1332, -7.97971, 119.571, -19.0808, 124.866, 162.27, 0.00904864, 79.6378, 0.207855, 67.3793, 0.219491, -109.84
150, 2.49167, 5.15562, -8.32753, 120.058, -19.0954, 125.409, 162.264, 0.00912058, 79.2933, 0.209445, 67.3814, 0.221219, -109.835
150, 2.50000, 5.17794, -8.67551, 120.547, -19.1108, 125.956, 162.257, 0.00919262, 78.9485, 0.211044, 67.3826, 0.222959, -109.831
150, 2.50833, 5.20018, -9.02366, 121.038, -19.127, 126.505, 162.25, 0.00926478, 78.6035, 0.212652, 67.3828, 0.224711, -109.829
151, 2.51667, 5.22232, -9.37198, 121.531, -19.1441, 127.058, 162.241, 0.00933705, 78.2582, 0.214271, 67.382, 0.226476, -109.827
152, 2.52500, 5.24436, -9.72033, 122.027, -19.162, 127.614, 162.232, 0.0094094, 77.9128, 0.215899, 67.3802, 0.228253, -109.827
152, 2.53333, 5.2663, -10.0687, 122.524, -19.1806, 128.173, 162.221, 0.00948183, 77.5672, 0.217538, 67.3775, 0.230043, -109.827
153, 2.54167, 5.28813, -10.4171, 123.024, -19.2001, 128.735, 162.21, 0.00955434, 77.2216, 0.219186, 67.3739, 0.231846, -109.829
153, 2.55000, 5.30985, -10.7654, 123.526, -19.2204, 129.301, 162.198, 0.0096269, 76.876, 0.220844, 67.3693, 0.233662, -109.831
153, 2.55833, 5.33145, -11.1135, 124.03, -19.2415, 129.87, 162.185, 0.00969952, 76.5304, 0.222512, 67.3637, 0.235491, -109.835
154, 2.56667, 5.35294, -11.4615, 124.536, -19.2634, 130.443, 162.171, 0.00977218, 76.1849, 0.224191, 67.3573, 0.237333, -109.839
155, 2.57500, 5.3743, -11.8092, 125.044, -19.2861, 131.018, 162.155, 0.00984487, 75.8395, 0.225879, 67.3498, 0.239188, -109.845
155, 2.58333, 5.39553, -12.1566, 125.555, -19.3096, 131.598, 162.139, 0.00991758, 75.4944, 0.227578, 67.3415, 0.241056, -109.851
156, 2.59167, 5.41663, -12.5036, 126.068, -19.3339, 132.18, 162.122, 0.0099903, 75.1496, 0.229287, 67.3322, 0.242938, -109.859
156, 2.60000, 5.43759, -12.8502, 126.582, -19.359, 132.767, 162.104, 0.010063, 74.8051, 0.231006, 67.322, 0.244834, -109.868
156, 2.60833, 5.45842, -13.1962, 127.1, -19.3849, 133.356, 162.086, 0.0101357, 74.4611, 0.232736, 67.3109, 0.246743, -109.877
157, 2.61667, 5.47911, -13.5417, 127.619, -19.4115, 133.949, 162.066, 0.0102084, 74.1175, 0.234476, 67.2989, 0.248666, -109.888
158, 2.62500, 5.49965, -13.8865, 128.141, -19.4389, 134.546, 162.045, 0.0102811, 73.7746, 0.236227, 67.286, 0.250602, -109.9
158, 2.63333, 5.52005, -14.2306, 128.665, -19.4672, 135.146, 162.023, 0.0103538, 73.4322, 0.237988, 67.2721, 0.252553, -109.913
159, 2.64167, 5.5403, -14.5739, 129.191, -19.4961, 135.75, 162, 0.0104264, 73.0906, 0.23976, 67.2574, 0.254518, -109.927
159, 2.65000, 5.56039, -14.9163, 129.719, -19.5259, 136.357, 161.976, 0.0104989, 72.7498, 0.241542, 67.2418, 0.256497, -109.942
159, 2.65833, 5.58034, -15.2578, 130.25, -19.5564, 136.969, 161.951, 0.0105714, 72.4098, 0.243335, 67.2253, 0.25849, -109.958
160, 2.66667, 5.60013, -15.5982, 130.783, -19.5877, 137.583, 161.925, 0.0106438, 72.0708, 0.24514, 67.2079, 0.260498, -109.976
161, 2.67500, 5.61976, -15.9375, 131.319, -19.6197, 138.202, 161.898, 0.0107162, 71.7329, 0.246955, 67.1896, 0.26252, -109.994
161, 2.68333, 5.63924, -16.2755, 131.856, -19.6525, 138.824, 161.87, 0.0107885, 71.3961, 0.248781, 67.1705, 0.264557, -110.014
162, 2.69167, 5.65856, -16.6124, 132.396, -19.6861, 139.449, 161.841, 0.0108607, 71.0604, 0.250618, 67.1505, 0.266609, -110.034
162, 2.70000, 5.67773, -16.9478, 132.939, -19.7204, 140.079, 161.81, 0.0109328, 70.7261, 0.252466, 67.1296, 0.268675, -110.056
162, 2.70833, 5.69673, -17.2817, 133.484, -19.7554, 140.712, 161.779, 0.0110049, 70.3932, 0.254325, 67.1079, 0.270757, -110.079
163, 2.71667, 5.71559, -17.6142, 134.031, -19.7912, 141.349, 161.747, 0.0110768, 70.0617, 0.256196, 67.0853, 0.272853, -110.103
164, 2.72500, 5.73428, -17.9449, 134.581, -19.8277, 141.99, 161.713, 0.0111487, 69.7319, 0.258078, 67.0618, 0.274965, -110.128
164, 2.73333, 5.75282, -18.2739, 135.133, -19.865, 142.634, 161.679, 0.0112205, 69.4037, 0.259971, 67.0375, 0.277092, -110.155
165, 2.74167, 5.77122, -18.6012, 135.687, -19.903, 143.283, 161.643, 0.0112922, 69.0772, 0.261876, 67.0124, 0.279234, -110.182
165, 2.75000, 5.78946, -18.9265, 136.244, -19.9418, 143.935, 161.606, 0.0113638, 68.7526, 0.263792, 66.9864, 0.281392, -110.211
165, 2.75833, 5.80756, -19.2498, 136.804, -19.9813, 144.591, 161.568, 0.0114353, 68.4299, 0.26572, 66.9596, 0.283566, -110.241
166, 2.76667, 5.82551, -19.5711, 137.366, -20.0215, 145.251, 161.529, 0.0115067, 68.1093, 0.26766, 66.932, 0.285755, -110.272
167, 2.77500, 5.84333, -19.8901, 137.931, -20.0625, 145.914, 161.489, 0.011578, 67.7908, 0.269612, 66.9035, 0.28796, -110.305
167, 2.78333, 5.86101, -20.2069, 138.498, -20.1041, 146.582, 161.448, 0.0116493, 67.4745, 0.271576, 66.8742, 0.29018, -110.338
168, 2.79167, 5.87857, -20.5213, 139.068, -20.1465, 147.254, 161.405, 0.0117205, 67.1605, 0.273552, 66.8441, 0.292417, -110.373
168, 2.80000, 5.896, -20.8333, 139.64, -20.1897, 147.929, 161.362, 0.0117917, 66.8489, 0.275539, 66.8132, 0.29467, -110.409
168, 2.80833, 5.91332, -21.1427, 140.215, -20.2335, 148.609, 161.317, 0.0118627, 66.5398, 0.27754, 66.7814, 0.296939, -110.446
169, 2.81667, 5.93053, -21.4495, 140.793, -20.2781, 149.292, 161.271, 0.0119338, 66.2333, 0.279552, 66.7488, 0.299224, -110.485
170, 2.82500, 5.94764, -21.7536, 141.373, -20.3234, 149.979, 161.224, 0.0120048, 65.9295, 0.281577, 66.7154, 0.301526, -110.525
170, 2.83333, 5.96465, -22.055, 141.956, -20.3694, 150.671, 161.176, 0.0120759, 65.6284, 0.283614, 66.6812, 0.303844, -110.566
171, 2.84167, 5.98158, -22.3535, 142.542, -20.4161, 151.366, 161.126, 0.0121469, 65.3301, 0.285665, 66.6462, 0.306179, -110.608
171, 2.85000, 5.99844, -22.649, 143.131, -20.4636, 152.065, 161.075, 0.0122179, 65.0348, 0.287727, 66.6104, 0.30853, -110.651
171, 2.85833, 6.01523, -22.9415, 143.723, -20.5117, 152.769, 161.023, 0.012289, 64.7425, 0.289803, 66.5738, 0.310898, -110.696
172, 2.86667, 6.03197, -23.231, 144.317, -20.5606, 153.476, 160.97, 0.0123602, 64.4532, 0.291892, 66.5363, 0.313283, -110.742
173, 2.87500, 6.04866, -23.5173, 144.914, -20.6103, 154.187, 160.916, 0.0124314, 64.1671, 0.293994, 66.4981, 0.315685, -110.79
173, 2.88333, 6.06532, -23.8003, 145.515, -20.6606, 154.902, 160.86, 0.0125027, 63.8842, 0.296109, 66.459, 0.318104, -110.838
174, 2.89167, 6.08197, -24.0802, 146.118, -20.7117, 155.622, 160.803, 0.0125742, 63.6046, 0.298237, 66.4192, 0.32054, -110.888
174, 2.90000, 6.09861, -24.3566, 146.724, -20.7635, 156.345, 160.745, 0.0126458, 63.3283, 0.300379, 66.3785, 0.322993, -110.94
174, 2.90833, 6.11525, -24.6297, 147.333, -20.816, 157.073, 160.686, 0.0127176, 63.0554, 0.302534, 66.337, 0.325463, -110.992
175, 2.91667, 6.13192, -24.8994, 147.945, -20.8692, 157.804, 160.625, 0.0127896, 62.786, 0.304704, 66.2947, 0.327951, -111.046
176, 2.92500, 6.14863, -25.1656, 148.561, -20.9232, 158.54, 160.563, 0.0128618, 62.5201, 0.306887, 66.2516, 0.330457, -111.101
176, 2.93333, 6.16539, -25.4283, 149.179, -20.978, 159.279, 160.5, 0.0129343, 62.2577, 0.309084, 66.2077, 0.332979, -111.158
177, 2.94167, 6.18222, -25.6874, 149.801, -21.0335, 160.023, 160.435, 0.0130071, 61.9988, 0.311295, 66.163, 0.33552, -111.216
177, 2.95000, 6.19913, -25.943, 150.425, -21.0897, 160.77, 160.37, 0.0130803, 61.7436, 0.31352, 66.1174, 0.338078, -111.275
177, 2.95833, 6.21615, -26.195, 151.053, -21.1467, 161.522, 160.303, 0.0131538, 61.492, 0.31576, 66.071, 0.340654, -111.335
178, 2.96667, 6.23328, -26.4435, 151.685, -21.2044, 162.278, 160.234, 0.0132278, 61.244, 0.318015, 66.0238, 0.343248, -111.397
179, 2.97500, 6.25056, -26.6883, 152.319, -21.2629, 163.038, 160.165, 0.0133022, 60.9997, 0.320283, 65.9757, 0.345859, -111.46
179, 2.98333, 6.26798, -26.9296, 152.957, -21.3221, 163.802, 160.094, 0.0133771, 60.7591, 0.322567, 65.9268, 0.348489, -111.525
180, 2.99167, 6.28559, -27.1673, 153.598, -21.3822, 164.57, 160.022, 0.0134526, 60.5221, 0.324866, 65.8771, 0.351136, -111.591
180, 3.00000, 6.30338, -27.4014, 154.243, -21.443, 165.342, 159.948, 0.0135286, 60.2888, 0.32718, 65.8265, 0.353802, -111.658
180, 3.00833, 6.32139, -27.6319, 154.891, -21.5046, 166.118, 159.873, 0.0136053, 60.0591, 0.329509, 65.775, 0.356486, -111.727
181, 3.01667, 6.33963, -27.859, 155.543, -21.567, 166.898, 159.797, 0.0136826, 59.833, 0.331854, 65.7227, 0.359189, -111.797
182, 3.02500, 6.35812, -28.0825, 156.198, -21.6302, 167.683, 159.72, 0.0137607, 59.6105, 0.334214, 65.6695, 0.36191, -111.868
182, 3.03333, 6.37688, -28.3026, 156.857, -21.6942, 168.471, 159.641, 0.0138395, 59.3915, 0.33659, 65.6155, 0.364649, -111.941
183, 3.04167, 6.39594, -28.5194, 157.52, -21.7591, 169.263, 159.561, 0.0139192, 59.176, 0.338982, 65.5605, 0.367407, -112.015
183, 3.05000, 6.4153, -28.7328, 158.186, -21.8247, 170.06, 159.48, 0.0139997, 58.964, 0.341389, 65.5047, 0.370183, -112.091
183, 3.05833, 6.43499, -28.9429, 158.856, -21.8912, 170.861, 159.397, 0.0140811, 58.7554, 0.343813, 65.448, 0.372978, -112.167
184, 3.06667, 6.45504, -29.1499, 159.529, -21.9586, 171.665, 159.313, 0.0141635, 58.55, 0.346253, 65.3903, 0.375792, -112.246
185, 3.07500, 6.47546, -29.3538, 160.207, -22.0268, 172.474, 159.227, 0.0142469, 58.3479, 0.34871, 65.3318, 0.378625, -112.325
185, 3.08333, 6.49628, -29.5546, 160.888, -22.0958, 173.287, 159.141, 0.0143314, 58.149, 0.351183, 65.2723, 0.381477, -112.406
186, 3.09167, 6.5175, -29.7525, 161.573, -22.1658, 174.104, 159.053, 0.0144171, 57.9531, 0.353673, 65.2118, 0.384347, -112.489
186, 3.10000, 6.53916, -29.9476, 162.262, -22.2366, 174.925, 158.963, 0.0145039, 57.7602, 0.35618, 65.1505, 0.387237, -112.572
186, 3.10833, 6.56128, -30.14, 162.955, -22.3084, 175.75, 158.873, 0.0145919, 57.5701, 0.358704, 65.0881, 0.390146, -112.657
187, 3.11667, 6.58386, -30.3299, 163.652, -22.381, 176.579, 158.781, 0.0146812, 57.3828, 0.361245, 65.0248, 0.393074, -112.744
188, 3.12500, 6.60694, -30.5172, 164.352, -22.4546, 177.413, 158.687, 0.0147719, 57.1981, 0.363804, 64.9606, 0.396022, -112.832
188, 3.13333, 6.63053, -30.7022, 165.057, -22.5291, 178.25, 158.593, 0.014864, 57.016, 0.36638, 64.8953, 0.398989, -112.921
189, 3.14167, 6.65465, -30.885, 165.766, -22.6045, 179.092, 158.497, 0.0149575, 56.8361, 0.368974, 64.829, 0.401975, -113.012
189, 3.15000, 6.67932, -31.0657, 166.479, -22.6809, 179.937, 158.399, 0.0150525, 56.6586, 0.371585, 64.7617, 0.404981, -113.104
189, 3.15833, 6.70456, -31.2445, 167.196, -22.7582, 180.787, 158.3, 0.015149, 56.4831, 0.374215, 64.6934, 0.408007, -113.197
190, 3.16667, 6.73038, -31.4215, 167.918, -22.8366, 181.641, 158.2, 0.0152472, 56.3096, 0.376863, 64.6241, 0.411052, -113.292
191, 3.17500, 6.7568, -31.5969, 168.643, -22.9159, 182.499, 158.099, 0.015347, 56.1379, 0.379529, 64.5537, 0.414117, -113.388
191, 3.18333, 6.78385, -31.7708, 169.373, -22.9963, 183.361, 157.996, 0.0154485, 55.9679, 0.382213, 64.4822, 0.417202, -113.486
192, 3.19167, 6.81153, -31.9434, 170.107, -23.0777, 184.227, 157.892, 0.0155517, 55.7993, 0.384916, 64.4097, 0.420308, -113.585
192, 3.20000, 6.83986, -32.1148, 170.845, -23.16, 185.098, 157.786, 0.0156568, 55.632, 0.387638, 64.336, 0.423433, -113.685
192, 3.20833, 6.86886, -32.2853, 171.588, -23.2435, 185.972, 157.68, 0.0157637, 55.466, 0.390379, 64.2613, 0.426578, -113.787
193, 3.21667, 6.89855, -32.455, 172.335, -23.328, 186.851, 157.571, 0.0158726, 55.3008, 0.393139, 64.1855, 0.429744, -113.89
194, 3.22500, 6.92893, -32.624, 173.086, -23.4136, 187.734, 157.462, 0.0159833, 55.1365, 0.395917, 64.1085, 0.432929, -113.995
194, 3.23333, 6.96002, -32.7926, 173.841, -23.5002, 188.621, 157.351, 0.0160961, 54.9729, 0.398715, 64.0304, 0.436135, -114.101
195, 3.24167, 6.99184, -32.9608, 174.602, -23.588, 189.512, 157.239, 0.0162109, 54.8097, 0.401533, 63.9512, 0.439363, -114.208
195, 3.25000, 7.02439, -33.129, 175.366, -23.6769, 190.407, 157.125, 0.0163278, 54.6468, 0.40437, 63.8708, 0.44261, -114.317
195, 3.25833, 7.05769, -33.2972, 176.135, -23.7669, 191.306, 157.01, 0.0164468, 54.4841, 0.407227, 63.7892, 0.445878, -114.427
196, 3.26667, 7.09175, -33.4656, 176.909, -23.858, 192.21, 156.894, 0.0165681, 54.3212, 0.410104, 63.7064, 0.449167, -114.539
197, 3.27500, 7.12658, -33.6345, 177.687, -23.9503, 193.118, 156.776, 0.0166915, 54.1582, 0.413001, 63.6225, 0.452477, -114.652
197, 3.28333, 7.16219, -33.8039, 178.469, -24.0437, 194.03, 156.657, 0.0168171, 53.9947, 0.415917, 63.5373, 0.455807, -114.767
198, 3.29167, 7.19859, -33.9741, 179.257, -24.1384, 194.946, 156.536, 0.0169451, 53.8306, 0.418855, 63.4508, 0.459159, -114.882
198, 3.30000, 7.23579, -34.1452, 180.048, -24.2342, 195.867, 156.414, 0.0170753, 53.6657, 0.421812, 63.3632, 0.462532, -115
198, 3.30833, 7.2738, -34.3173, 180.844, -24.3312, 196.791, 156.291, 0.017208, 53.5, 0.42479, 63.2743, 0.465926, -115.118
199, 3.31667, 7.31263, -34.4908, 181.645, -24.4295, 197.72, 156.167, 0.017343, 53.333, 0.427788, 63.1841, 0.469342, -115.238
200, 3.32500, 7.35227, -34.6657, 182.451, -24.529, 198.653, 156.041, 0.0174804, 53.1649, 0.430808, 63.0926, 0.472779, -115.36
200, 3.33333, 7.39274, -34.8421, 183.261, -24.6297, 199.591, 155.913, 0.0176204, 52.9953, 0.433848, 62.9998, 0.476238, -115.483
201, 3.34167, 7.43405, -35.0203, 184.076, -24.7317, 200.532, 155.784, 0.0177628, 52.824, 0.436909, 62.9058, 0.479718, -115.607
201, 3.35000, 7.4762, -35.2004, 184.895, -24.835, 201.478, 155.654, 0.0179077, 52.651, 0.439991, 62.8104, 0.48322, -115.733
201, 3.35833, 7.51919, -35.3826, 185.719, -24.9396, 202.428, 155.522, 0.0180552, 52.4761, 0.443095, 62.7137, 0.486744, -115.86
202, 3.36667, 7.56303, -35.5669, 186.548, -25.0454, 203.383, 155.389, 0.0182052, 52.2991, 0.44622, 62.6156, 0.49029, -115.989
203, 3.37500, 7.60772, -35.7536, 187.382, -25.1526, 204.342, 155.255, 0.0183579, 52.1199, 0.449366, 62.5162, 0.493858, -116.119
203, 3.38333, 7.65326, -35.9428, 188.22, -25.2611, 205.305, 155.119, 0.0185132, 51.9383, 0.452533, 62.4154, 0.497447, -116.251
204, 3.39167, 7.69967, -36.1346, 189.063, -25.3709, 206.272, 154.982, 0.0186711, 51.7541, 0.455723, 62.3132, 0.50106, -116.384
204, 3.40000, 7.74693, -36.3291, 189.91, -25.4821, 207.244, 154.843, 0.0188317, 51.5673, 0.458934, 62.2096, 0.504694, -116.519
204, 3.40833, 7.79505, -36.5265, 190.763, -25.5947, 208.219, 154.703, 0.018995, 51.3778, 0.462167, 62.1046, 0.508351, -116.655
205, 3.41667, 7.84404, -36.727, 191.62, -25.7086, 209.2, 154.561, 0.019161, 51.1853, 0.465422, 61.9982, 0.51203, -116.792
206, 3.42500, 7.89389, -36.9305, 192.481, -25.8239, 210.184, 154.418, 0.0193297, 50.9898, 0.468699, 61.8903, 0.515732, -116.931
206, 3.43333, 7.9446, -37.1373, 193.348, -25.9406, 211.173, 154.273, 0.0195012, 50.7911, 0.471998, 61.781, 0.519456, -117.071
207, 3.44167, 7.99618, -37.3475, 194.219, -26.0588, 212.166, 154.127, 0.0196755, 50.5891, 0.47532, 61.6703, 0.523204, -117.213
207, 3.45000, 8.04861, -37.561, 195.095, -26.1783, 213.164, 153.98, 0.0198525, 50.3838, 0.478663, 61.5581, 0.526974, -117.357
207, 3.45833, 8.10191, -37.7782, 195.976, -26.2993, 214.165, 153.831, 0.0200323, 50.1749, 0.482029, 61.4444, 0.530766, -117.502
208, 3.46667, 8.15607, -37.999, 196.861, -26.4218, 215.172, 153.681, 0.0202149, 49.9625, 0.485418, 61.3292, 0.534583, -117.648
209, 3.47500, 8.21109, -38.2235, 197.752, -26.5457, 216.182, 153.529, 0.0204004, 49.7464, 0.488829, 61.2125, 0.538422, -117.796
209, 3.48333, 8.26696, -38.4518, 198.646, -26.6711, 217.197, 153.375, 0.0205886, 49.5265, 0.492263, 61.0942, 0.542283, -117.946
210, 3.49167, 8.32369, -38.6841, 199.546, -26.798, 218.216, 153.22, 0.0207798, 49.3027, 0.495719, 60.9745, 0.546169, -118.097
210, 3.50000, 8.38127, -38.9203, 200.45, -26.9263, 219.239, 153.064, 0.0209737, 49.075, 0.499198, 60.8532, 0.550078, -118.249
210, 3.50833, 8.4397, -39.1606, 201.359, -27.0562, 220.267, 152.906, 0.0211706, 48.8432, 0.502701, 60.7304, 0.55401, -118.403
211, 3.51667, 8.49898, -39.405, 202.273, -27.1876, 221.299, 152.747, 0.0213703, 48.6073, 0.506226, 60.606, 0.557965, -118.559
212, 3.52500, 8.55909, -39.6536, 203.191, -27.3206, 222.335, 152.585, 0.0215729, 48.3673, 0.509774, 60.48, 0.561944, -118.716
212, 3.53333, 8.62005, -39.9065, 204.115, -27.455, 223.376, 152.423, 0.0217783, 48.123, 0.513345, 60.3524, 0.565946, -118.875
213, 3.54167, 8.68185, -40.1637, 205.042, -27.5911, 224.421, 152.259, 0.0219867, 47.8744, 0.516939, 60.2233, 0.569973, -119.035
213, 3.55000, 8.74447, -40.4252, 205.975, -27.7287, 225.47, 152.093, 0.022198, 47.6215, 0.520557, 60.0925, 0.574022, -119.197
213, 3.55833, 8.80792, -40.6912, 206.912, -27.8678, 226.524, 151.926, 0.0224121, 47.3642, 0.524197, 59.9602, 0.578096, -119.361
214, 3.56667, 8.87219, -40.9616, 207.853, -28.0086, 227.581, 151.757, 0.0226292, 47.1023, 0.527861, 59.8261, 0.582193, -119.526
215, 3.57500, 8.93728, -41.2365, 208.8, -28.151, 228.643, 151.587, 0.0228492, 46.836, 0.531549, 59.6905, 0.586314, -119.693
215, 3.58333, 9.00319, -41.516, 209.751, -28.2949, 229.709, 151.415, 0.0230721, 46.5651, 0.535259, 59.5532, 0.590459, -119.861
216, 3.59167, 9.06991, -41.8001, 210.706, -28.4406, 230.78, 151.241, 0.0232979, 46.2896, 0.538993, 59.4142, 0.594628, -120.031
216, 3.60000, 9.13742, -42.0887, 211.666, -28.5878, 231.854, 151.066, 0.0235267, 46.0095, 0.54275, 59.2736, 0.598821, -120.203
216, 3.60833, 9.20574, -42.382, 212.631, -28.7366, 232.933, 150.889, 0.0237583, 45.7248, 0.546531, 59.1313, 0.603037, -120.376
217, 3.61667, 9.27485, -42.68, 213.6, -28.8872, 234.016, 150.71, 0.0239929, 45.4352, 0.550336, 58.9873, 0.607278, -120.551
217, 3.62500, 9.34475, -42.9827, 214.573, -29.0394, 235.103, 150.53, 0.0242304, 45.1411, 0.554163, 58.8416, 0.611542, -120.728
218, 3.63333, 9.41543, -43.2901, 215.551, -29.1932, 236.194, 150.348, 0.0244708, 44.8421, 0.558015, 58.6942, 0.615831, -120.906
219, 3.64167, 9.48689, -43.6023, 216.534, -29.3488, 237.29, 150.165, 0.0247142, 44.5383, 0.56189, 58.545, 0.620144, -121.086
219, 3.65000, 9.55912, -43.9192, 217.52, -29.506, 238.389, 149.98, 0.0249604, 44.2298, 0.565788, 58.3942, 0.62448, -121.268
219, 3.65833, 9.63211, -44.2409, 218.511, -29.665, 239.492, 149.793, 0.0252096, 43.9165, 0.56971, 58.2416, 0.62884, -121.451
220, 3.66667, 9.70587, -44.5674, 219.507, -29.8256, 240.599, 149.604, 0.0254618, 43.5983, 0.573655, 58.0872, 0.633225, -121.636
221, 3.67500, 9.78037, -44.8987, 220.507, -29.988, 241.711, 149.414, 0.0257168, 43.2753, 0.577624, 57.9311, 0.637633, -121.823
221, 3.68333, 9.85562, -45.2347, 221.511, -30.1521, 242.826, 149.222, 0.0259747, 42.9475, 0.581616, 57.7732, 0.642065, -122.012
222, 3.69167, 9.93162, -45.5757, 222.519, -30.318, 243.945, 149.029, 0.0262356, 42.6147, 0.585633, 57.6135, 0.646522, -122.202
222, 3.70000, 10.0083, -45.9214, 223.532, -30.4856, 245.068, 148.833, 0.0264994, 42.2771, 0.589672, 57.452, 0.651002, -122.394
222, 3.70833, 10.0858, -46.272, 224.548, -30.655, 246.194, 148.636, 0.026766, 41.9346, 0.593734, 57.2887, 0.655505, -122.588
223, 3.71667, 10.164, -46.6275, 225.569, -30.8262, 247.325, 148.437, 0.0270356, 41.5872, 0.597821, 57.1237, 0.660033, -122.784
224, 3.72500, 10.2429, -46.9877, 226.594, -30.9991, 248.459, 148.237, 0.0273081, 41.235, 0.60193, 56.9568, 0.664584, -122.981
224, 3.73333, 10.3225, -47.3528, 227.623, -31.1739, 249.596, 148.034, 0.0275834, 40.8778, 0.606063, 56.788, 0.669159, -123.18
225, 3.74167, 10.4028, -47.7228, 228.656, -31.3504, 250.738, 147.83, 0.0278617, 40.5158, 0.61022, 56.6175, 0.673758, -123.381
225, 3.75000, 10.4837, -48.0975, 229.693, -31.5288, 251.882, 147.624, 0.0281428, 40.1488, 0.614399, 56.445, 0.67838, -123.584
225, 3.75833, 10.5654, -48.4772, 230.733, -31.709, 253.031, 147.416, 0.0284268, 39.777, 0.618601, 56.2708, 0.683025, -123.789
226, 3.76667, 10.6478, -48.8617, 231.778, -31.891, 254.182, 147.206, 0.0287137, 39.4002, 0.622827, 56.0946, 0.687694, -123.995
227, 3.77500, 10.7308, -49.2509, 232.826, -32.0748, 255.337, 146.995, 0.0290034, 39.0186, 0.627076, 55.9166, 0.692385, -124.204
227, 3.78333, 10.8145, -49.6451, 233.878, -32.2605, 256.496, 146.782, 0.0292959, 38.6321, 0.631347, 55.7367, 0.6971, -124.414
228, 3.79167, 10.8988, -50.0441, 234.934, -32.4481, 257.657, 146.567, 0.0295913, 38.2407, 0.635642, 55.5549, 0.701838, -124.626
228, 3.80000, 10.9838, -50.4478, 235.993, -32.6375, 258.822, 146.35, 0.0298895, 37.8445, 0.639958, 55.3713, 0.706598, -124.84
228, 3.80833, 11.0695, -50.8564, 237.056, -32.8288, 259.99, 146.131, 0.0301906, 37.4433, 0.644298, 55.1857, 0.711381, -125.056
229, 3.81667, 11.1557, -51.2698, 238.122, -33.022, 261.16, 145.91, 0.0304944, 37.0373, 0.64866, 54.9981, 0.716186, -125.273
230, 3.82500, 11.2426, -51.688, 239.192, -33.2171, 262.334, 145.687, 0.0308011, 36.6265, 0.653045, 54.8087, 0.721014, -125.493
230, 3.83333, 11.3301, -52.111, 240.265, -33.4141, 263.51, 145.463, 0.0311105, 36.2108, 0.657451, 54.6173, 0.725864, -125.714
231, 3.84167, 11.4182, -52.5388, 241.341, -33.613, 264.69, 145.236, 0.0314227, 35.7902, 0.66188, 54.424, 0.730736, -125.938
231, 3.85000, 11.5069, -52.9713, 242.421, -33.8138, 265.871, 145.008, 0.0317376, 35.3648, 0.666331, 54.2288, 0.735629, -126.163
231, 3.85833, 11.5962, -53.4086, 243.503, -34.0165, 267.056, 144.778, 0.0320553, 34.9347, 0.670803, 54.0316, 0.740544, -126.39
232, 3.86667, 11.6861, -53.8507, 244.589, -34.2212, 268.243, 144.546, 0.0323758, 34.4996, 0.675298, 53.8324, 0.74548, -126.62
233, 3.87500, 11.7765, -54.2975, 245.677, -34.4278, 269.432, 144.312, 0.0326989, 34.0598, 0.679814, 53.6312, 0.750437, -126.851
233, 3.88333, 11.8675, -54.749, 246.768, -34.6363, 270.623, 144.075, 0.0330247, 33.6152, 0.68435, 53.4281, 0.755415, -127.084
234, 3.89167, 11.959, -55.2053, 247.862, -34.8469, 271.817, 143.837, 0.0333532, 33.1658, 0.688909, 53.2229, 0.760414, -127.319
234, 3.90000, 12.0511, -55.6663, 248.959, -35.0593, 273.012, 143.597, 0.0336844, 32.7116, 0.693487, 53.0158, 0.765433, -127.556
234, 3.90833, 12.1437, -56.132, 250.058, -35.2738, 274.209, 143.355, 0.0340182, 32.2527, 0.698087, 52.8067, 0.770472, -127.795
235, 3.91667, 12.2369, -56.6024, 251.16, -35.4902, 275.409, 143.112, 0.0343546, 31.789, 0.702707, 52.5956, 0.77553, -128.036
236, 3.92500, 12.3305, -57.0775, 252.264, -35.7086, 276.61, 142.866, 0.0346936, 31.3205, 0.707347, 52.3825, 0.780608, -128.279
236, 3.93333, 12.4246, -57.5573, 253.371, -35.929, 277.812, 142.618, 0.0350351, 30.8474, 0.712007, 52.1673, 0.785705, -128.524
237, 3.94167, 12.5192, -58.0417, 254.479, -36.1514, 279.016, 142.368, 0.0353793, 30.3695, 0.716687, 51.9501, 0.790821, -128.771
237, 3.95000, 12.6143, -58.5308, 255.59, -36.3758, 280.221, 142.116, 0.0357259, 29.8869, 0.721386, 51.7309, 0.795954, -129.021
237, 3.95833, 12.7098, -59.0245, 256.703, -36.6022, 281.427, 141.862, 0.036075, 29.3996, 0.726104, 51.5097, 0.801106, -129.272
238, 3.96667, 12.8058, -59.5229, 257.817, -36.8306, 282.635, 141.606, 0.0364267, 28.9076, 0.730842, 51.2864, 0.806276, -129.525
238, 3.97500, 12.9022, -60.0258, 258.933, -37.061, 283.843, 141.348, 0.0367807, 28.411, 0.735598, 51.0611, 0.811462, -129.78
239, 3.98333, 12.9991, -60.5334, 260.051, -37.2935, 285.051, 141.088, 0.0371372, 27.9097, 0.740372, 50.8337, 0.816665, -130.037
240, 3.99167, 13.0963, -61.0456, 261.17, -37.528, 286.261, 140.826, 0.037496, 27.4037, 0.745164, 50.6042, 0.821885, -130.297
240, 4.00000, 13.194, -61.5623, 262.291, -37.7645, 287.47, 140.562, 0.0378572, 26.8931, 0.749973, 50.3727, 0.827121, -130.558
240, 4.00833, 13.292, -62.0837, 263.413, -38.0031, 288.68, 140.296, 0.0382207, 26.3779, 0.7548, 50.1392, 0.832372, -130.822
241, 4.01667, 13.3904, -62.6096, 264.535, -38.2437, 289.89, 140.027, 0.0385865, 25.858, 0.759644, 49.9035, 0.837638, -131.087
242, 4.02500, 13.4891, -63.14, 265.659, -38.4863, 291.1, 139.757, 0.0389545, 25.3336, 0.764504, 49.6658, 0.842918, -131.355
242, 4.03333, 13.5882, -63.675, 266.784, -38.731, 292.31, 139.485, 0.0393247, 24.8046, 0.76938, 49.426, 0.848213, -131.624
243, 4.04167, 13.6876, -64.2145, 267.909, -38.9778, 293.519, 139.211, 0.0396972, 24.271, 0.774272, 49.1842, 0.853521, -131.896
243, 4.05000, 13.7873, -64.7585, 269.035, -39.2266, 294.728, 138.934, 0.0400717, 23.7329, 0.779179, 48.9402, 0.858842, -132.17
243, 4.05833, 13.8872, -65.3069, 270.161, -39.4774, 295.935, 138.656, 0.0404483, 23.1902, 0.784101, 48.6942, 0.864175, -132.446
244, 4.06667, 13.9875, -65.86, 271.287, -39.7304, 297.142, 138.375, 0.040827, 22.643, 0.789038, 48.4461, 0.86952, -132.724
245, 4.07500, 14.088, -66.4174, 272.414, -39.9853, 298.347, 138.092, 0.0412076, 22.0912, 0.793989, 48.1959, 0.874876, -133.004
245, 4.08333, 14.1887, -66.9793, 273.54, -40.2424, 299.551, 137.808, 0.0415902, 21.535, 0.798952, 47.9436, 0.880243, -133.286
246, 4.09167, 14.2897, -67.5457, 274.666, -40.5015, 300.754, 137.521, 0.0419747, 20.9743, 0.80393, 47.6892, 0.88562, -133.57
246, 4.10000, 14.3909, -68.1164, 275.791, -40.7627, 301.955, 137.232, 0.042361, 20.4091, 0.808919, 47.4327, 0.891006, -133.857
246, 4.10833, 14.4922, -68.6916, 276.916, -41.0259, 303.153, 136.941, 0.0427491, 19.8394, 0.81392, 47.1741, 0.8964, -134.145
247, 4.11667, 14.5937, -69.2712, 278.041, -41.2912, 304.35, 136.648, 0.043139, 19.2653, 0.818934, 46.9135, 0.901803, -134.436
248, 4.12500, 14.6954, -69.8551, 279.164, -41.5586, 305.543, 136.353, 0.0435306, 18.6868, 0.823958, 46.6507, 0.907213, -134.728
248, 4.13333, 14.7971, -70.4434, 280.286, -41.828, 306.735, 136.055, 0.0439238, 18.1039, 0.828992, 46.3859, 0.91263, -135.023
249, 4.14167, 14.899, -71.0362, 281.406, -42.0995, 307.923, 135.756, 0.0443186, 17.5165, 0.834036, 46.119, 0.918053, -135.32
249, 4.15000, 15.0009, -71.6332, 282.526, -42.3731, 309.108, 135.455, 0.0447148, 16.9248, 0.83909, 45.85, 0.92348, -135.619
249, 4.15833, 15.1029, -72.2345, 283.643, -42.6487, 310.29, 135.151, 0.0451125, 16.3288, 0.844152, 45.5789, 0.928912, -135.92
250, 4.16667, 15.205, -72.8401, 284.759, -42.9264, 311.468, 134.846, 0.0455117, 15.7283, 0.849222, 45.3057, 0.934348, -136.223
251, 4.17500, 15.3071, -73.45, 285.872, -43.2061, 312.642, 134.538, 0.0459121, 15.1236, 0.854299, 45.0305, 0.939786, -136.528
251, 4.18333, 15.4091, -74.0642, 286.983, -43.4879, 313.813, 134.229, 0.0463138, 14.5146, 0.859383, 44.7532, 0.945227, -136.835
252, 4.19167, 15.5111, -74.6827, 288.092, -43.7717, 314.978, 133.917, 0.0467166, 13.9012, 0.864474, 44.4737, 0.950669, -137.144
252, 4.20000, 15.6131, -75.3053, 289.198, -44.0576, 316.14, 133.604, 0.0471206, 13.2837, 0.86957, 44.1923, 0.95611, -137.456
252, 4.20833, 15.715, -75.9321, 290.301, -44.3454, 317.296, 133.288, 0.0475256, 12.6619, 0.87467, 43.9088, 0.961552, -137.769
253, 4.21667, 15.8168, -76.5632, 291.4, -44.6354, 318.447, 132.97, 0.0479316, 12.0357, 0.879775, 43.6232, 0.966992, -138.084
254, 4.22500, 15.9184, -77.1984, 292.497, -44.9273, 319.593, 132.65, 0.0483384, 11.4055, 0.884883, 43.3356, 0.97243, -138.402
254, 4.23333, 16.0199, -77.8378, 293.59, -45.2213, 320.733, 132.329, 0.048746, 10.7711, 0.889993, 43.046, 0.977864, -138.721
255, 4.24167, 16.1213, -78.4813, 294.679, -45.5173, 321.868, 132.005, 0.0491544, 10.1324, 0.895106, 42.7543, 0.983295, -139.043
255, 4.25000, 16.2224, -79.1289, 295.764, -45.8153, 322.996, 131.679, 0.0495633, 9.48966, 0.900219, 42.4606, 0.98872, -139.366
255, 4.25833, 16.3233, -79.7805, 296.845, -46.1152, 324.118, 131.351, 0.0499728, 8.84282, 0.905333, 42.1649, 0.994139, -139.691
256, 4.26667, 16.4239, -80.4363, 297.921, -46.4172, 325.233, 131.021, 0.0503828, 8.1918, 0.910447, 41.8671, 0.999552, -140.019
257, 4.27500, 16.5242, -81.0961, 298.993, -46.7211, 326.34, 130.69, 0.0507932, 7.5368, 0.915559, 41.5674, 1.00496, -140.348
257, 4.28333, 16.6243, -81.7598, 300.059, -47.027, 327.441, 130.356, 0.0512038, 6.87775, 0.920669, 41.2657, 1.01035, -140.68
258, 4.29167, 16.724, -82.4276, 301.121, -47.3349, 328.534, 130.021, 0.0516146, 6.21461, 0.925776, 40.962, 1.01574, -141.013
258, 4.30000, 16.8233, -83.0993, 302.177, -47.6447, 329.619, 129.683, 0.0520255, 5.54756, 0.93088, 40.6564, 1.02111, -141.348
258, 4.30833, 16.9222, -83.7749, 303.227, -47.9564, 330.696, 129.344, 0.0524364, 4.87655, 0.935978, 40.3488, 1.02647, -141.685
259, 4.31667, 17.0207, -84.4545, 304.272, -48.27, 331.765, 129.002, 0.0528472, 4.20153, 0.941072, 40.0392, 1.03182, -142.024
260, 4.32500, 17.1187, -85.1379, 305.31, -48.5856, 332.824, 128.659, 0.0532577, 3.52268, 0.946159, 39.7278, 1.03716, -142.365
260, 4.33333, 17.2162, -85.8251, 306.342, -48.903, 333.875, 128.314, 0.053668, 2.83997, 0.951239, 39.4144, 1.04248, -142.708
261, 4.34167, 17.3132, -86.5162, 307.367, -49.2223, 334.917, 127.967, 0.0540779, 2.15333, 0.956312, 39.0991, 1.04778, -143.053
261, 4.35000, 17.4097, -87.211, 308.385, -49.5435, 335.948, 127.619, 0.0544872, 1.46296, 0.961374, 38.782, 1.05306, -143.399
261, 4.35833, 17.5056, -87.9096, 309.396, -49.8665, 336.97, 127.268, 0.0548958, 0.768808, 0.966427, 38.463, 1.05833, -143.748
262, 4.36667, 17.6008, -88.612, 310.4, -50.1914, 337.982, 126.916, 0.0553038, 0.0708315, 0.97147, 38.1421, 1.06358, -144.098
263, 4.37500, 17.6954, -89.3179, 311.396, -50.518, 338.983, 126.562, 0.0557109, -0.630772, 0.976501, 37.8194, 1.0688, -144.45
263, 4.38333, 17.7894, -90.0275, 312.384, -50.8465, 339.973, 126.206, 0.056117, -1.33605, 0.981518, 37.4949, 1.07401, -144.803
264, 4.39167, 17.8826, -90.7408, 313.364, -51.1767, 340.952, 125.849, 0.0565221, -2.04505, 0.986523, 37.1686, 1.07919, -145.158
264, 4.40000, 17.9751, -91.4576, 314.336, -51.5087, 341.92, 125.49, 0.056926, -2.75758, 0.991512, 36.8405, 1.08435, -145.516
264, 4.40833, 18.0668, -92.178, 315.298, -51.8424, 342.876, 125.129, 0.0573285, -3.47366, 0.996486, 36.5107, 1.08948, -145.874
265, 4.41667, 18.1577, -92.9019, 316.252, -52.1779, 343.82, 124.766, 0.0577296, -4.19336, 1.00144, 36.1791, 1.09458, -146.235
265, 4.42500, 18.2478, -93.6292, 317.197, -52.515, 344.751, 124.402, 0.0581292, -4.91646, 1.00638, 35.8458, 1.09966, -146.597
266, 4.43333, 18.337, -94.3599, 318.132, -52.8538, 345.67, 124.036, 0.0585271, -5.643, 1.01131, 35.5109, 1.10471, -146.96
267, 4.44167, 18.4253, -95.094, 319.058, -53.1942, 346.576, 123.669, 0.0589232, -6.37304, 1.01621, 35.1742, 1.10973, -147.325
267, 4.45000, 18.5126, -95.8315, 319.973, -53.5363, 347.469, 123.3, 0.0593174, -7.10635, 1.02109, 34.8359, 1.11472, -147.692
267, 4.45833, 18.599, -96.5722, 320.878, -53.88, 348.349, 122.93, 0.0597095, -7.84298, 1.02595, 34.496, 1.11967, -148.06
268, 4.46667, 18.6844, -97.3162, 321.773, -54.2253, 349.214, 122.558, 0.0600995, -8.58298, 1.03079, 34.1545, 1.12459, -148.43
269, 4.47500, 18.7687, -98.0634, 322.657, -54.572, 350.066, 122.185, 0.0604872, -9.32611, 1.0356, 33.8114, 1.12948, -148.801
269, 4.48333, 18.8519, -98.8137, 323.53, -54.9204, 350.903, 121.81, 0.0608724, -10.0724, 1.04039, 33.4668, 1.13433, -149.174
270, 4.49167, 18.9341, -99.5673, 324.392, -55.2702, 351.726, 121.434, 0.0612552, -10.822, 1.04515, 33.1206, 1.13914, -149.548
270, 4.50000, 19.0151, -100.324, 325.242, -55.6215, 352.534, 121.057, 0.0616352, -11.5745, 1.04989, 32.773, 1.14392, -149.923
270, 4.50833, 19.095, -101.083, 326.08, -55.9743, 353.326, 120.678, 0.0620124, -12.3301, 1.0546, 32.4239, 1.14865, -150.3
271, 4.51667, 19.1736, -101.846, 326.907, -56.3285, 354.104, 120.298, 0.0623868, -13.0887, 1.05928, 32.0734, 1.15335, -150.678
272, 4.52500, 19.251, -102.611, 327.721, -56.684, 354.865, 119.917, 0.062758, -13.8502, 1.06393, 31.7214, 1.158, -151.057
272, 4.53333, 19.3271, -103.38, 328.523, -57.041, 355.611, 119.535, 0.063126, -14.6146, 1.06856, 31.3681, 1.16261, -151.438
273, 4.54167, 19.402, -104.151, 329.312, -57.3992, 356.34, 119.151, 0.0634908, -15.3819, 1.07315, 31.0135, 1.16718, -151.82
273, 4.55000, 19.4755, -104.925, 330.088, -57.7588, 357.053, 118.766, 0.0638521, -16.1519, 1.0777, 30.6575, 1.1717, -152.202
273, 4.55833, 19.5476, -105.701, 330.851, -58.1196, 357.749, 118.38, 0.0642098, -16.9247, 1.08223, 30.3002, 1.17618, -152.586
274, 4.56667, 19.6184, -106.48, 331.601, -58.4817, 358.429, 117.993, 0.0645638, -17.7001, 1.08671, 29.9417, 1.1806, -152.971
275, 4.57500, 19.6877, -107.262, 332.337, -58.8449, 359.091, 117.605, 0.064914, -18.4781, 1.09117, 29.582, 1.18498, -153.357
275, 4.58333, 19.7555, -108.046, 333.059, -59.2093, 359.736, 117.216, 0.0652602, -19.2587, 1.09559, 29.2211, 1.18931, -153.745
276, 4.59167, 19.8219, -108.833, 333.767, -59.5749, 360.363, 116.826, 0.0656024, -20.0418, 1.09997, 28.859, 1.1936, -154.133
276, 4.60000, 19.8868, -109.622, 334.461, -59.9416, 360.972, 116.435, 0.0659403, -20.8273, 1.10431, 28.4958, 1.19782, -154.522
276, 4.60833, 19.9501, -110.414, 335.141, -60.3093, 361.564, 116.043, 0.0662739, -21.6151, 1.10861, 28.1315, 1.202, -154.912
277, 4.61667, 20.0118, -111.208, 335.806, -60.6781, 362.137, 115.651, 0.066603, -22.4054, 1.11287, 27.7662, 1.20612, -155.302
278, 4.62500, 20.072, -112.004, 336.455, -61.0478, 362.692, 115.257, 0.0669275, -23.1978, 1.11709, 27.3999, 1.21019, -155.694
278, 4.63333, 20.1305, -112.802, 337.09, -61.4185, 363.228, 114.863, 0.0672474, -23.9924, 1.12127, 27.0326, 1.2142, -156.086
279, 4.64167, 20.1873, -113.603, 337.71, -61.7902, 363.745, 114.468, 0.0675624, -24.7893, 1.12541, 26.6643, 1.21816, -156.479
279, 4.65000, 20.2425, -114.405, 338.314, -62.1627, 364.243, 114.073, 0.0678724, -25.5881, 1.1295, 26.2951, 1.22206, -156.873
279, 4.65833, 20.2959, -115.209, 338.903, -62.5361, 364.723, 113.677, 0.0681774, -26.3888, 1.13354, 25.9251, 1.2259, -157.267
280, 4.66667, 20.3477, -116.016, 339.476, -62.9103, 365.183, 113.28, 0.0684773, -27.1917, 1.13755, 25.5542, 1.22968, -157.662
281, 4.67500, 20.3976, -116.824, 340.033, -63.2853, 365.623, 112.882, 0.0687718, -27.9963, 1.1415, 25.1826, 1.2334, -158.058
281, 4.68333, 20.4458, -117.634, 340.574, -63.661, 366.044, 112.485, 0.0690609, -28.8026, 1.14541, 24.8102, 1.23707, -158.454
282, 4.69167, 20.4922, -118.446, 341.099, -64.0375, 366.446, 112.086, 0.0693445, -29.6109, 1.14927, 24.4371, 1.24067, -158.85
282, 4.70000, 20.5367, -119.259, 341.608, -64.4145, 366.827, 111.688, 0.0696225, -30.4206, 1.15308, 24.0633, 1.2442, -159.247
282, 4.70833, 20.5795, -120.074, 342.1, -64.7922, 367.189, 111.289, 0.0698948, -31.232, 1.15684, 23.6889, 1.24768, -159.644
283, 4.71667, 20.6203, -120.89, 342.575, -65.1705, 367.531, 110.889, 0.0701612, -32.045, 1.16055, 23.3138, 1.25109, -160.042
284, 4.72500, 20.6593, -121.708, 343.034, -65.5493, 367.853, 110.49, 0.0704217, -32.8594, 1.16421, 22.9382, 1.25444, -160.439
284, 4.73333, 20.6963, -122.527, 343.475, -65.9286, 368.154, 110.09, 0.0706762, -33.6751, 1.16782, 22.5621, 1.25772, -160.837
285, 4.74167, 20.7315, -123.348, 343.9, -66.3085, 368.436, 109.69, 0.0709246, -34.4923, 1.17138, 22.1855, 1.26094, -161.236
285, 4.75000, 20.7647, -124.17, 344.308, -66.6887, 368.697, 109.29, 0.0711667, -35.3106, 1.17488, 21.8085, 1.26409, -161.634
285, 4.75833, 20.7959, -124.992, 344.699, -67.0692, 368.937, 108.89, 0.0714026, -36.13, 1.17833, 21.4311, 1.26717, -162.033
286, 4.76667, 20.8252, -125.816, 345.072, -67.4502, 369.158, 108.489, 0.071632, -36.9507, 1.18173, 21.0533, 1.27019, -162.431
287, 4.77500, 20.8525, -126.641, 345.428, -67.8314, 369.358, 108.089, 0.071855, -37.7723, 1.18507, 20.6752, 1.27314, -162.83
287, 4.78333, 20.8778, -127.467, 345.767, -68.2129, 369.537, 107.689, 0.0720715, -38.5948, 1.18836, 20.2969, 1.27602, -163.228
288, 4.79167, 20.9011, -128.294, 346.088, -68.5947, 369.696, 107.289, 0.0722813, -39.4184, 1.19159, 19.9182, 1.27883, -163.626
288, 4.80000, 20.9224, -129.122, 346.392, -68.9766, 369.835, 106.889, 0.0724844, -40.2426, 1.19476, 19.5395, 1.28157, -164.025
288, 4.80833, 20.9417, -129.95, 346.678, -69.3586, 369.953, 106.489, 0.0726808, -41.0676, 1.19788, 19.1605, 1.28425, -164.423
289, 4.81667, 20.9589, -130.779, 346.947, -69.7408, 370.051, 106.09, 0.0728703, -41.8933, 1.20093, 18.7814, 1.28685, -164.821
290, 4.82500, 20.9741, -131.608, 347.198, -70.123, 370.128, 105.69, 0.0730529, -42.7195, 1.20394, 18.4023, 1.28939, -165.218
290, 4.83333, 20.9873, -132.438, 347.431, -70.5052, 370.185, 105.291, 0.0732286, -43.5463, 1.20688, 18.0231, 1.29185, -165.615
291, 4.84167, 20.9984, -133.269, 347.647, -70.8875, 370.222, 104.893, 0.0733973, -44.3735, 1.20976, 17.6439, 1.29425, -166.012
291, 4.85000, 21.0074, -134.1, 347.845, -71.2696, 370.238, 104.495, 0.0735589, -45.2011, 1.21259, 17.2648, 1.29657, -166.409
291, 4.85833, 21.0144, -134.931, 348.025, -71.6517, 370.234, 104.097, 0.0737134, -46.0289, 1.21535, 16.8857, 1.29882, -166.805
292, 4.86667, 21.0194, -135.762, 348.188, -72.0336, 370.211, 103.7, 0.0738608, -46.8571, 1.21806, 16.5068, 1.30101, -167.2
293, 4.87500, 21.0223, -136.594, 348.333, -72.4153, 370.167, 103.303, 0.074001, -47.6853, 1.22071, 16.1281, 1.30312, -167.595
293, 4.88333, 21.0231, -137.425, 348.461, -72.7969, 370.103, 102.907, 0.0741339, -48.5136, 1.22329, 15.7495, 1.30516, -167.99
294, 4.89167, 21.0219, -138.257, 348.57, -73.1781, 370.019, 102.511, 0.0742596, -49.342, 1.22582, 15.3712, 1.30713, -168.384
294, 4.90000, 21.0186, -139.088, 348.663, -73.5591, 369.916, 102.117, 0.0743781, -50.1702, 1.22829, 14.9932, 1.30903, -168.777
294, 4.90833, 21.0133, -139.919, 348.737, -73.9397, 369.793, 101.723, 0.0744892, -50.9982, 1.23069, 14.6155, 1.31086, -169.169
295, 4.91667, 21.006, -140.75, 348.795, -74.32, 369.651, 101.329, 0.074593, -51.8262, 1.23303, 14.2381, 1.31262, -169.561
296, 4.92500, 20.9966, -141.581, 348.835, -74.6999, 369.489, 100.937, 0.0746894, -52.6538, 1.23532, 13.8612, 1.3143, -169.952
296, 4.93333, 20.9852, -142.411, 348.857, -75.0793, 369.308, 100.545, 0.0747785, -53.481, 1.23754, 13.4847, 1.31592, -170.342
297, 4.94167, 20.9717, -143.241, 348.863, -75.4582, 369.108, 100.154, 0.0748603, -54.3078, 1.2397, 13.1086, 1.31747, -170.731
297, 4.95000, 20.9563, -144.071, 348.851, -75.8366, 368.889, 99.7644, 0.0749346, -55.1341, 1.2418, 12.7331, 1.31895, -171.119
297, 4.95833, 20.9388, -144.899, 348.822, -76.2144, 368.652, 99.3755, 0.0750017, -55.9598, 1.24384, 12.3581, 1.32035, -171.507
298, 4.96667, 20.9194, -145.728, 348.776, -76.5917, 368.396, 98.9876, 0.0750613, -56.7849, 1.24582, 11.9837, 1.32169, -171.893
299, 4.97500, 20.898, -146.555, 348.713, -76.9683, 368.122, 98.6007, 0.0751137, -57.6093, 1.24773, 11.6099, 1.32296, -172.279
299, 4.98333, 20.8746, -147.382, 348.633, -77.3443, 367.829, 98.2149, 0.0751586, -58.4328, 1.24959, 11.2368, 1.32416, -172.663
300, 4.99167, 20.8493, -148.208, 348.537, -77.7195, 367.519, 97.8301, 0.0751963, -59.2556, 1.25138, 10.8643, 1.32529, -173.046
300, 5.00000, 20.8221, -149.032, 348.424, -78.0941, 367.191, 97.4466, 0.0752267, -60.0774, 1.25312, 10.4926, 1.32636, -173.428
300, 5.00833, 20.7929, -149.856, 348.294, -78.4678, 366.845, 97.0642, 0.0752498, -60.8982, 1.25479, 10.1216, 1.32735, -173.809
301, 5.01667, 20.7619, -150.679, 348.148, -78.8408, 366.482, 96.6829, 0.0752656, -61.718, 1.2564, 9.75139, 1.32828, -174.188
302, 5.02500, 20.729, -151.501, 347.986, -79.2129, 366.102, 96.303, 0.0752742, -62.5367, 1.25796, 9.38204, 1.32915, -174.567
302, 5.03333, 20.6942, -152.321, 347.808, -79.5841, 365.705, 95.9244, 0.0752757, -63.3541, 1.25945, 9.01355, 1.32994, -174.944
303, 5.04167, 20.6575, -153.14, 347.614, -79.9545, 365.291, 95.547, 0.07527, -64.1704, 1.26088, 8.64589, 1.33067, -175.32
303, 5.05000, 20.6191, -153.958, 347.405, -80.3239, 364.861, 95.171, 0.0752572, -64.9853, 1.26225, 8.2792, 1.33134, -175.694
303, 5.05833, 20.5789, -154.775, 347.18, -80.6924, 364.415, 94.7963, 0.0752373, -65.7988, 1.26357, 7.91346, 1.33194, -176.068
304, 5.06667, 20.5368, -155.59, 346.939, -81.0599, 363.953, 94.4231, 0.0752104, -66.611, 1.26482, 7.54865, 1.33248, -176.439
305, 5.07500, 20.4931, -156.403, 346.683, -81.4263, 363.475, 94.0513, 0.0751766, -67.4216, 1.26602, 7.18489, 1.33296, -176.81
305, 5.08333, 20.4476, -157.215, 346.412, -81.7917, 362.982, 93.681, 0.0751359, -68.2306, 1.26715, 6.82216, 1.33337, -177.178
306, 5.09167, 20.4004, -158.026, 346.126, -82.1561, 362.473, 93.3121, 0.0750883, -69.0381, 1.26823, 6.46046, 1.33372, -177.546
306, 5.10000, 20.3515, -158.834, 345.825, -82.5193, 361.95, 92.9448, 0.075034, -69.8438, 1.26925, 6.0999, 1.33401, -177.912
306, 5.10833, 20.301, -159.641, 345.51, -82.8814, 361.412, 92.579, 0.0749729, -70.6478, 1.27022, 5.74045, 1.33424, -178.276
307, 5.11667, 20.2488, -160.447, 345.18, -83.2424, 360.86, 92.2147, 0.0749052, -71.4501, 1.27113, 5.38211, 1.33441, -178.639
308, 5.12500, 20.1951, -161.25, 344.836, -83.6021, 360.293, 91.8521, 0.0748309, -72.2505, 1.27198, 5.02499, 1.33452, -179
308, 5.13333, 20.1397, -162.051, 344.479, -83.9607, 359.713, 91.4911, 0.07475, -73.049, 1.27277, 4.66906, 1.33457, -179.359
309, 5.14167, 20.0829, -162.851, 344.107, -84.318, 359.119, 91.1317, 0.0746628, -73.8456, 1.27351, 4.31431, 1.33457, -179.717
309, 5.15000, 20.0245, -163.648, 343.722, -84.674, 358.512, 90.774, 0.0745692, -74.6401, 1.2742, 3.96086, 1.33451, 179.926
309, 5.15833, 19.9646, -164.443, 343.323, -85.0288, 357.892, 90.418, 0.0744693, -75.4325, 1.27483, 3.60868, 1.33439, 179.572
310, 5.16667, 19.9033, -165.237, 342.911, -85.3823, 357.259, 90.0637, 0.0743632, -76.223, 1.2754, 3.25775, 1.33422, 179.219
311, 5.17500, 19.8405, -166.028, 342.486, -85.7344, 356.614, 89.7111, 0.074251, -77.0111, 1.27593, 2.90818, 1.33399, 178.868
311, 5.18333, 19.7763, -166.816, 342.049, -86.0852, 355.957, 89.3602, 0.0741328, -77.7971, 1.27639, 2.55994, 1.33371, 178.518
312, 5.19167, 19.7108, -167.603, 341.598, -86.4346, 355.287, 89.0111, 0.0740086, -78.5809, 1.27681, 2.21303, 1.33338, 178.171
312, 5.20000, 19.6439, -168.387, 341.136, -86.7826, 354.606, 88.6638, 0.0738786, -79.3623, 1.27718, 1.86754, 1.33299, 177.825
312, 5.20833, 19.5758, -169.169, 340.661, -87.1292, 353.914, 88.3183, 0.0737428, -80.1414, 1.27749, 1.52345, 1.33255, 177.481
313, 5.21667, 19.5063, -169.949, 340.174, -87.4745, 353.211, 87.9746, 0.0736014, -80.9181, 1.27775, 1.18074, 1.33207, 177.138
314, 5.22500, 19.4356, -170.726, 339.676, -87.8182, 352.497, 87.6328, 0.0734544, -81.6924, 1.27797, 0.839505, 1.33153, 176.798
314, 5.23333, 19.3637, -171.5, 339.166, -88.1604, 351.772, 87.2928, 0.0733019, -82.4641, 1.27813, 0.499731, 1.33095, 176.459
315, 5.24167, 19.2907, -172.272, 338.644, -88.5012, 351.037, 86.9546, 0.073144, -83.2334, 1.27825, 0.16139, 1.33032, 176.122
315, 5.25000, 19.2164, -173.042, 338.112, -88.8405, 350.293, 86.6183, 0.0729809, -84.0001, 1.27831, -0.175418, 1.32964, 175.788
315, 5.25833, 19.1411, -173.809, 337.569, -89.1783, 349.538, 86.2839, 0.0728125, -84.7642, 1.27833, -0.510718, 1.32891, 175.454
316, 5.26667, 19.0646, -174.573, 337.015, -89.5145, 348.774, 85.9513, 0.0726391, -85.5257, 1.2783, -0.844535, 1.32815, 175.123
317, 5.27500, 18.9871, -175.334, 336.451, -89.8492, 348.002, 85.6208, 0.0724608, -86.2844, 1.27823, -1.17677, 1.32733, 174.794
317, 5.28333, 18.9086, -176.093, 335.876, -90.1823, 347.22, 85.2921, 0.0722775, -87.0405, 1.27811, -1.50746, 1.32648, 174.467
318, 5.29167, 18.8291, -176.849, 335.292, -90.5139, 346.43, 84.9653, 0.0720895, -87.7939, 1.27794, -1.83662, 1.32558, 174.141
318, 5.30000, 18.7487, -177.603, 334.697, -90.8438, 345.631, 84.6405, 0.0718968, -88.5444, 1.27773, -2.16415, 1.32464, 173.818
318, 5.30833, 18.6673, -178.353, 334.094, -91.1721, 344.824, 84.3176, 0.0716995, -89.2921, 1.27748, -2.4901, 1.32366, 173.496
319, 5.31667, 18.585, -179.101, 333.48, -91.4989, 344.01, 83.9966, 0.0714978, -90.037, 1.27718, -2.81447, 1.32264, 173.177
320, 5.32500, 18.5018, -179.845, 332.858, -91.824, 343.188, 83.6776, 0.0712917, -90.779, 1.27684, -3.13719, 1.32158, 172.859
320, 5.33333, 18.4179, 179.413, 332.227, -92.1474, 342.359, 83.3606, 0.0710814, -91.5181, 1.27646, -3.45829, 1.32048, 172.543
321, 5.34167, 18.3331, 178.674, 331.587, -92.4693, 341.523, 83.0455, 0.0708669, -92.2543, 1.27604, -3.77778, 1.31934, 172.23
321, 5.35000, 18.2475, 177.938, 330.939, -92.7894, 340.68, 82.7325, 0.0706484, -92.9875, 1.27558, -4.09558, 1.31817, 171.918
321, 5.35833, 18.1612, 177.205, 330.283, -93.1079, 339.831, 82.4214, 0.070426, -93.7177, 1.27507, -4.41173, 1.31697, 171.608
322, 5.36667, 18.0742, 176.475, 329.618, -93.4247, 338.975, 82.1123, 0.0701997, -94.445, 1.27453, -4.72624, 1.31573, 171.3
323, 5.37500, 17.9866, 175.748, 328.946, -93.7398, 338.113, 81.8051, 0.0699698, -95.1692, 1.27395, -5.03904, 1.31445, 170.994
323, 5.38333, 17.8982, 175.025, 328.266, -94.0533, 337.246, 81.5, 0.0697362, -95.8903, 1.27333, -5.35016, 1.31314, 170.691
324, 5.39167, 17.8093, 174.304, 327.579, -94.365, 336.373, 81.1968, 0.069499, -96.6084, 1.27268, -5.65963, 1.3118, 170.389
324, 5.40000, 17.7198, 173.586, 326.884, -94.675, 335.495, 80.8956, 0.0692585, -97.3233, 1.27199, -5.96735, 1.31043, 170.089
324, 5.40833, 17.6297, 172.872, 326.183, -94.9833, 334.612, 80.5965, 0.0690147, -98.0351, 1.27126, -6.27338, 1.30903, 169.791
325, 5.41667, 17.539, 172.16, 325.475, -95.2899, 333.724, 80.2993, 0.0687677, -98.7438, 1.2705, -6.57773, 1.3076, 169.495
326, 5.42500, 17.4479, 171.452, 324.76, -95.5948, 332.832, 80.0041, 0.0685176, -99.4493, 1.2697, -6.88032, 1.30614, 169.201
326, 5.43333, 17.3563, 170.747, 324.039, -95.8979, 331.935, 79.7109, 0.0682645, -100.152, 1.26887, -7.1812, 1.30465, 168.909
327, 5.44167, 17.2643, 170.045, 323.311, -96.1993, 331.034, 79.4197, 0.0680085, -100.851, 1.26801, -7.48039, 1.30314, 168.619
327, 5.45000, 17.1718, 169.347, 322.578, -96.499, 330.129, 79.1304, 0.0677497, -101.547, 1.26711, -7.77781, 1.3016, 168.331
327, 5.45833, 17.079, 168.652, 321.839, -96.7969, 329.22, 78.8432, 0.0674882, -102.239, 1.26619, -8.0735, 1.30003, 168.045
328, 5.46667, 16.9858, 167.959, 321.095, -97.0931, 328.308, 78.5579, 0.0672241, -102.929, 1.26523, -8.36748, 1.29844, 167.761
329, 5.47500, 16.8922, 167.271, 320.345, -97.3875, 327.393, 78.2747, 0.0669575, -103.615, 1.26424, -8.65969, 1.29682, 167.479
329, 5.48333, 16.7984, 166.585, 319.59, -97.6802, 326.474, 77.9934, 0.0666886, -104.298, 1.26322, -8.95016, 1.29518, 167.199
330, 5.49167, 16.7042, 165.903, 318.829, -97.9711, 325.553, 77.7141, 0.0664173, -104.978, 1.26218, -9.23893, 1.29352, 166.921
330, 5.50000, 16.6098, 165.224, 318.065, -98.2603, 324.629, 77.4367, 0.0661438, -105.654, 1.2611, -9.52591, 1.29183, 166.645
330, 5.50833, 16.5152, 164.548, 317.295, -98.5477, 323.702, 77.1613, 0.0658683, -106.327, 1.26, -9.81114, 1.29013, 166.371
331, 5.51667, 16.4203, 163.876, 316.521, -98.8334, 322.773, 76.8879, 0.0655906, -106.997, 1.25887, -10.0947, 1.2884, 166.099
332, 5.52500, 16.3253, 163.207, 315.743, -99.1173, 321.842, 76.6164, 0.0653111, -107.664, 1.25771, -10.3764, 1.28665, 165.828
332, 5.53333, 16.2301, 162.541, 314.96, -99.3994, 320.909, 76.3469, 0.0650298, -108.327, 1.25653, -10.6564, 1.28489, 165.56
333, 5.54167, 16.1347, 161.878, 314.174, -99.6798, 319.974, 76.0793, 0.0647467, -108.987, 1.25532, -10.9347, 1.2831, 165.294
333, 5.55000, 16.0393, 161.219, 313.384, -99.9585, 319.038, 75.8137, 0.0644619, -109.643, 1.25409, -11.2112, 1.2813, 165.029
333, 5.55833, 15.9437, 160.564, 312.591, -100.235, 318.1, 75.55, 0.0641756, -110.297, 1.25283, -11.4859, 1.27948, 164.767
334, 5.56667, 15.8481, 159.911, 311.793, -100.511, 317.161, 75.2882, 0.0638878, -110.946, 1.25155, -11.759, 1.27764, 164.506
335, 5.57500, 15.7524, 159.262, 310.993, -100.784, 316.22, 75.0283, 0.0635986, -111.593, 1.25025, -12.0303, 1.27579, 164.247
335, 5.58333, 15.6567, 158.616, 310.19, -101.056, 315.279, 74.7703, 0.0633081, -112.236, 1.24892, -12.2998, 1.27392, 163.991
336, 5.59167, 15.561, 157.974, 309.384, -101.325, 314.337, 74.5143, 0.0630163, -112.876, 1.24757, -12.5676, 1.27204, 163.736
336, 5.60000, 15.4653, 157.335, 308.575, -101.594, 313.395, 74.2601, 0.0627234, -113.513, 1.24621, -12.8337, 1.27015, 163.483
336, 5.60833, 15.3696, 156.699, 307.763, -101.86, 312.451, 74.0078, 0.0624295, -114.146, 1.24482, -13.098, 1.26824, 163.232
337, 5.61667, 15.2739, 156.067, 306.949, -102.125, 311.508, 73.7574, 0.0621345, -114.776, 1.24341, -13.3606, 1.26631, 162.982
338, 5.62500, 15.1784, 155.438, 306.133, -102.388, 310.564, 73.5089, 0.0618386, -115.402, 1.24198, -13.6215, 1.26438, 162.735
338, 5.63333, 15.0829, 154.812, 305.314, -102.649, 309.62, 73.2622, 0.0615419, -116.025, 1.24053, -13.8806, 1.26243, 162.49
339, 5.64167, 14.9875, 154.19, 304.493, -102.908, 308.676, 73.0173, 0.0612444, -116.645, 1.23907, -14.1381, 1.26047, 162.246
339, 5.65000, 14.8922, 153.571, 303.671, -103.166, 307.733, 72.7744, 0.0609462, -117.262, 1.23759, -14.3938, 1.2585, 162.004
339, 5.65833, 14.7971, 152.955, 302.847, -103.422, 306.789, 72.5332, 0.0606474, -117.875, 1.23609, -14.6478, 1.25652, 161.764
340, 5.66667, 14.7021, 152.342, 302.021, -103.676, 305.846, 72.2939, 0.060348, -118.485, 1.23457, -14.9002, 1.25453, 161.526
341, 5.67500, 14.6073, 151.733, 301.194, -103.929, 304.904, 72.0563, 0.0600481, -119.091, 1.23304, -15.1508, 1.25253, 161.289
341, 5.68333, 14.5126, 151.128, 300.365, -104.18, 303.962, 71.8206, 0.0597478, -119.695, 1.23149, -15.3997, 1.25052, 161.055
342, 5.69167, 14.4182, 150.525, 299.535, -104.429, 303.021, 71.5867, 0.0594471, -120.295, 1.22993, -15.6469, 1.24851, 160.822
342, 5.70000, 14.324, 149.926, 298.704, -104.677, 302.081, 71.3545, 0.0591462, -120.891, 1.22835, -15.8925, 1.24648, 160.591
342, 5.70833, 14.23, 149.33, 297.872, -104.923, 301.142, 71.1241, 0.058845, -121.484, 1.22675, -16.1363, 1.24445, 160.362
343, 5.71667, 14.1362, 148.738, 297.039, -105.167, 300.204, 70.8955, 0.0585436, -122.075, 1.22515, -16.3785, 1.24241, 160.134
344, 5.72500, 14.0427, 148.149, 296.206, -105.409, 299.268, 70.6686, 0.0582422, -122.661, 1.22353, -16.6191, 1.24037, 159.909
344, 5.73333, 13.9494, 147.563, 295.372, -105.65, 298.332, 70.4435, 0.0579407, -123.245, 1.2219, -16.8579, 1.23832, 159.685
345, 5.74167, 13.8565, 146.98, 294.537, -105.889, 297.398, 70.2201, 0.0576391, -123.825, 1.22025, -17.0952, 1.23626, 159.462
345, 5.75000, 13.7638, 146.401, 293.702, -106.127, 296.465, 69.9984, 0.0573377, -124.402, 1.2186, -17.3307, 1.2342, 159.242
345, 5.75833, 13.6714, 145.824, 292.867, -106.363, 295.535, 69.7784, 0.0570363, -124.976, 1.21693, -17.5647, 1.23213, 159.023
346, 5.76667, 13.5794, 145.251, 292.031, -106.597, 294.605, 69.5601, 0.0567351, -125.546, 1.21525, -17.797, 1.23006, 158.806
347, 5.77500, 13.4876, 144.682, 291.196, -106.829, 293.677, 69.3435, 0.0564342, -126.114, 1.21356, -18.0277, 1.22799, 158.59
347, 5.78333, 13.3962, 144.115, 290.36, -107.06, 292.752, 69.1286, 0.0561335, -126.678, 1.21186, -18.2567, 1.22591, 158.376
348, 5.79167, 13.3051, 143.552, 289.525, -107.29, 291.828, 68.9153, 0.055833, -127.239, 1.21015, -18.4842, 1.22383, 158.164
348, 5.80000, 13.2144, 142.992, 288.69, -107.518, 290.906, 68.7037, 0.055533, -127.796, 1.20843, -18.71, 1.22174, 157.953
348, 5.80833, 13.1241, 142.435, 287.855, -107.744, 289.986, 68.4937, 0.0552334, -128.351, 1.20671, -18.9343, 1.21965, 157.745
349, 5.81667, 13.0341, 141.881, 287.02, -107.968, 289.068, 68.2853, 0.0549342, -128.902, 1.20497, -19.157, 1.21756, 157.537
350, 5.82500, 12.9445, 141.33, 286.186, -108.191, 288.153, 68.0786, 0.0546355, -129.45, 1.20322, -19.3781, 1.21547, 157.332
350, 5.83333, 12.8553, 140.783, 285.353, -108.413, 287.239, 67.8735, 0.0543373, -129.995, 1.20147, -19.5976, 1.21338, 157.128
351, 5.84167, 12.7665, 140.239, 284.52, -108.632, 286.328, 67.6699, 0.0540397, -130.537, 1.19971, -19.8156, 1.21128, 156.925
351, 5.85000, 12.6781, 139.697, 283.688, -108.851, 285.42, 67.4679, 0.0537428, -131.076, 1.19795, -20.032, 1.20918, 156.724
351, 5.85833, 12.5901, 139.159, 282.857, -109.067, 284.514, 67.2675, 0.0534465, -131.612, 1.19617, -20.2468, 1.20709, 156.525
352, 5.86667, 12.5025, 138.624, 282.027, -109.283, 283.61, 67.0687, 0.0531508, -132.145, 1.19439, -20.4602, 1.20499, 156.327
353, 5.87500, 12.4153, 138.092, 281.198, -109.496, 282.709, 66.8714, 0.0528559, -132.674, 1.19261, -20.672, 1.20289, 156.131
353, 5.88333, 12.3286, 137.563, 280.37, -109.708, 281.811, 66.6756, 0.0525618, -133.201, 1.19082, -20.8822, 1.20079, 155.936
354, 5.89167, 12.2423, 137.038, 279.543, -109.919, 280.915, 66.4814, 0.0522684, -133.724, 1.18902, -21.091, 1.1987, 155.743
354, 5.90000, 12.1565, 136.515, 278.717, -110.128, 280.022, 66.2886, 0.0519759, -134.244, 1.18722, -21.2983, 1.1966, 155.551
354, 5.90833, 12.0711, 135.995, 277.892, -110.336, 279.131, 66.0974, 0.0516843, -134.762, 1.18541, -21.504, 1.19451, 155.361
355, 5.91667, 11.9861, 135.478, 277.069, -110.542, 278.244, 65.9076, 0.0513935, -135.276, 1.1836, -21.7083, 1.19241, 155.172
356, 5.92500, 11.9016, 134.964, 276.247, -110.746, 277.359, 65.7194, 0.0511036, -135.788, 1.18179, -21.9111, 1.19032, 154.985
356, 5.93333, 11.8176, 134.454, 275.427, -110.949, 276.477, 65.5326, 0.0508147, -136.296, 1.17997, -22.1125, 1.18823, 154.799
357, 5.94167, 11.734, 133.946, 274.608, -111.151, 275.598, 65.3472, 0.0505267, -136.802, 1.17815, -22.3124, 1.18614, 154.615
357, 5.95000, 11.651, 133.441, 273.791, -111.351, 274.722, 65.1633, 0.0502398, -137.304, 1.17632, -22.5108, 1.18405, 154.432
357, 5.95833, 11.5683, 132.939, 272.975, -111.55, 273.85, 64.9808, 0.0499539, -137.804, 1.17449, -22.7078, 1.18196, 154.251
358, 5.96667, 11.4862, 132.44, 272.161, -111.747, 272.98, 64.7997, 0.049669, -138.301, 1.17266, -22.9033, 1.17988, 154.07
359, 5.97500, 11.4045, 131.943, 271.349, -111.943, 272.113, 64.62, 0.0493852, -138.795, 1.17083, -23.0975, 1.1778, 153.892
359, 5.98333, 11.3234, 131.45, 270.539, -112.138, 271.249, 64.4418, 0.0491025, -139.286, 1.16899, -23.2902, 1.17572, 153.715
360, 5.99167, 11.2427, 130.96, 269.73, -112.331, 270.388, 64.2649, 0.0488209, -139.774, 1.16716, -23.4816, 1.17365, 153.539
360, 6.00000, 11.1625, 130.472, 268.924, -112.523, 269.531, 64.0894, 0.0485405, -140.259, 1.16532, -23.6715, 1.17158, 153.364
360, 6.00833, 11.0828, 129.987, 268.119, -112.713, 268.677, 63.9152, 0.0482612, -140.742, 1.16348, -23.86, 1.16951, 153.191
361, 6.01667, 11.0036, 129.505, 267.317, -112.902, 267.826, 63.7424, 0.047983, -141.221, 1.16163, -24.0472, 1.16744, 153.019
362, 6.02500, 10.9248, 129.026, 266.516, -113.089, 266.978, 63.5709, 0.0477061, -141.698, 1.15979, -24.233, 1.16538, 152.849
362, 6.03333, 10.8466, 128.55, 265.718, -113.276, 266.133, 63.4008, 0.0474304, -142.172, 1.15795, -24.4174, 1.16332, 152.679
363, 6.04167, 10.7689, 128.076, 264.921, -113.46, 265.292, 63.2319, 0.0471559, -142.644, 1.1561, -24.6006, 1.16127, 152.512
363, 6.05000, 10.6917, 127.605, 264.127, -113.644, 264.454, 63.0644, 0.0468826, -143.112, 1.15426, -24.7823, 1.15922, 152.345
363, 6.05833, 10.615, 127.137, 263.335, -113.826, 263.62, 62.8982, 0.0466106, -143.578, 1.15242, -24.9628, 1.15718, 152.18
364, 6.06667, 10.5388, 126.671, 262.546, -114.007, 262.788, 62.7332, 0.0463399, -144.041, 1.15057, -25.1419, 1.15514, 152.016
365, 6.07500, 10.4631, 126.208, 261.758, -114.186, 261.96, 62.5695, 0.0460704, -144.502, 1.14873, -25.3197, 1.1531, 151.853
365, 6.08333, 10.3879, 125.748, 260.973, -114.364, 261.136, 62.4071, 0.0458023, -144.96, 1.14688, -25.4962, 1.15107, 151.692
366, 6.09167, 10.3132, 125.291, 260.19, -114.541, 260.314, 62.2459, 0.0455354, -145.415, 1.14504, -25.6714, 1.14905, 151.531
366, 6.10000, 10.239, 124.836, 259.41, -114.717, 259.496, 62.086, 0.0452699, -145.868, 1.1432, -25.8453, 1.14703, 151.372
366, 6.10833, 10.1653, 124.384, 258.632, -114.891, 258.682, 61.9273, 0.0450057, -146.318, 1.14136, -26.018, 1.14501, 151.215
367, 6.11667, 10.0921, 123.934, 257.856, -115.064, 257.871, 61.7698, 0.0447428, -146.765, 1.13952, -26.1894, 1.143, 151.058
368, 6.12500, 10.0194, 123.487, 257.083, -115.236, 257.063, 61.6135, 0.0444813, -147.21, 1.13768, -26.3595, 1.14099, 150.903
368, 6.13333, 9.94729, 123.042, 256.313, -115.407, 256.259, 61.4584, 0.0442212, -147.652, 1.13585, -26.5284, 1.13899, 150.749
369, 6.14167, 9.87562, 122.6, 255.544, -115.576, 255.458, 61.3045, 0.0439623, -148.092, 1.13401, -26.6961, 1.137, 150.596
369, 6.15000, 9.80447, 122.161, 254.779, -115.744, 254.661, 61.1518, 0.0437049, -148.529, 1.13218, -26.8625, 1.13501, 150.444
369, 6.15833, 9.73382, 121.724, 254.016, -115.911, 253.867, 61.0003, 0.0434489, -148.964, 1.13035, -27.0278, 1.13303, 150.293
370, 6.16667, 9.66368, 121.29, 253.256, -116.077, 253.077, 60.8498, 0.0431942, -149.396, 1.12852, -27.1918, 1.13105, 150.144
371, 6.17500, 9.59404, 120.858, 252.498, -116.241, 252.29, 60.7006, 0.042941, -149.825, 1.12669, -27.3546, 1.12908, 149.996
371, 6.18333, 9.5249, 120.428, 251.743, -116.404, 251.507, 60.5525, 0.0426891, -150.253, 1.12487, -27.5162, 1.12711, 149.848
372, 6.19167, 9.45626, 120.001, 250.99, -116.566, 250.727, 60.4055, 0.0424386, -150.677, 1.12305, -27.6767, 1.12515, 149.702
372, 6.20000, 9.38813, 119.577, 250.24, -116.727, 249.95, 60.2596, 0.0421896, -151.1, 1.12123, -27.8359, 1.1232, 149.557
372, 6.20833, 9.32049, 119.154, 249.493, -116.887, 249.178, 60.1148, 0.041942, -151.52, 1.11941, -27.994, 1.12125, 149.414
373, 6.21667, 9.25335, 118.735, 248.749, -117.045, 248.408, 59.9711, 0.0416957, -151.937, 1.1176, -28.151, 1.11931, 149.271
374, 6.22500, 9.18671, 118.317, 248.007, -117.203, 247.642, 59.8285, 0.0414509, -152.353, 1.11579, -28.3068, 1.11738, 149.129
374, 6.23333, 9.12057, 117.902, 247.268, -117.359, 246.88, 59.687, 0.0412075, -152.765, 1.11398, -28.4614, 1.11545, 148.988
375, 6.24167, 9.05491, 117.489, 246.532, -117.514, 246.12, 59.5465, 0.0409655, -153.176, 1.11218, -28.615, 1.11352, 148.849
375, 6.25000, 8.98975, 117.079, 245.799, -117.668, 245.365, 59.4071, 0.040725, -153.584, 1.11038, -28.7674, 1.11161, 148.71
375, 6.25833, 8.92508, 116.671, 245.068, -117.821, 244.613, 59.2688, 0.0404859, -153.99, 1.10858, -28.9187, 1.1097, 148.573
376, 6.26667, 8.8609, 116.265, 244.34, -117.973, 243.864, 59.1315, 0.0402482, -154.394, 1.10679, -29.069, 1.1078, 148.437
377, 6.27500, 8.7972, 115.861, 243.615, -118.124, 243.119, 58.9952, 0.0400119, -154.795, 1.105, -29.2181, 1.1059, 148.301
377, 6.28333, 8.73399, 115.46, 242.893, -118.273, 242.377, 58.8599, 0.0397771, -155.194, 1.10322, -29.3661, 1.10401, 148.167
378, 6.29167, 8.67126, 115.061, 242.173, -118.422, 241.639, 58.7257, 0.0395436, -155.591, 1.10144, -29.5131, 1.10213, 148.033
378, 6.30000, 8.60902, 114.664, 241.457, -118.569, 240.904, 58.5924, 0.0393117, -155.986, 1.09966, -29.659, 1.10025, 147.901
378, 6.30833, 8.54725, 114.27, 240.743, -118.715, 240.173, 58.4602, 0.0390811, -156.378, 1.09789, -29.8038, 1.09839, 147.77
379, 6.31667, 8.48596, 113.877, 240.032, -118.861, 239.445, 58.3289, 0.0388519, -156.768, 1.09612, -29.9476, 1.09652, 147.639
380, 6.32500, 8.42514, 113.487, 239.324, -119.005, 238.721, 58.1986, 0.0386242, -157.156, 1.09436, -30.0904, 1.09467, 147.51
380, 6.33333, 8.3648, 113.099, 238.619, -119.148, 238, 58.0692, 0.038398, -157.542, 1.0926, -30.2321, 1.09282, 147.381
381, 6.34167, 8.30492, 112.713, 237.916, -119.291, 237.282, 57.9409, 0.0381731, -157.926, 1.09084, -30.3728, 1.09098, 147.254
381, 6.35000, 8.24551, 112.329, 237.217, -119.432, 236.568, 57.8134, 0.0379496, -158.308, 1.08909, -30.5124, 1.08914, 147.127
381, 6.35833, 8.18657, 111.947, 236.52, -119.572, 235.857, 57.6869, 0.0377276, -158.688, 1.08734, -30.6511, 1.08732, 147.002
382, 6.36667, 8.12809, 111.568, 235.826, -119.711, 235.15, 57.5614, 0.0375069, -159.065, 1.0856, -30.7888, 1.0855, 146.877
383, 6.37500, 8.07007, 111.19, 235.135, -119.849, 234.446, 57.4367, 0.0372877, -159.441, 1.08387, -30.9254, 1.08368, 146.753
383, 6.38333, 8.01251, 110.814, 234.447, -119.986, 233.745, 57.313, 0.0370699, -159.814, 1.08213, -31.0611, 1.08188, 146.63
384, 6.39167, 7.95539, 110.441, 233.762, -120.123, 233.048, 57.1902, 0.0368535, -160.185, 1.08041, -31.1959, 1.08008, 146.508
384, 6.40000, 7.89874, 110.069, 233.08, -120.258, 232.354, 57.0683, 0.0366385, -160.555, 1.07868, -31.3296, 1.07828, 146.387
384, 6.40833, 7.84254, 109.7, 232.4, -120.392, 231.664, 56.9473, 0.0364249, -160.922, 1.07697, -31.4624, 1.0765, 146.267
385, 6.41667, 7.78677, 109.332, 231.724, -120.525, 230.977, 56.8271, 0.0362127, -161.287, 1.07526, -31.5942, 1.07472, 146.148
386, 6.42500, 7.73146, 108.967, 231.05, -120.658, 230.293, 56.7079, 0.0360018, -161.651, 1.07355, -31.7251, 1.07295, 146.03
386, 6.43333, 7.67659, 108.603, 230.38, -120.789, 229.612, 56.5895, 0.0357924, -162.012, 1.07185, -31.8551, 1.07119, 145.912
387, 6.44167, 7.62215, 108.242, 229.712, -120.92, 228.935, 56.4719, 0.0355843, -162.372, 1.07015, -31.9841, 1.06943, 145.795
387, 6.45000, 7.56816, 107.882, 229.047, -121.049, 228.261, 56.3553, 0.0353776, -162.729, 1.06846, -32.1122, 1.06768, 145.679
387, 6.45833, 7.51459, 107.524, 228.385, -121.178, 227.591, 56.2394, 0.0351723, -163.085, 1.06677, -32.2394, 1.06594, 145.564
388, 6.46667, 7.46146, 107.168, 227.725, -121.306, 226.924, 56.1244, 0.0349683, -163.439, 1.06509, -32.3657, 1.0642, 145.45
389, 6.47500, 7.40875, 106.814, 227.069, -121.433, 226.26, 56.0102, 0.0347657, -163.791, 1.06342, -32.4911, 1.06248, 145.337
389, 6.48333, 7.35647, 106.462, 226.415, -121.558, 225.599, 55.8969, 0.0345645, -164.141, 1.06175, -32.6156, 1.06076, 145.224
390, 6.49167, 7.30461, 106.112, 225.765, -121.684, 224.941, 55.7843, 0.0343645, -164.489, 1.06008, -32.7393, 1.05904, 145.113
390, 6.50000, 7.25317, 105.764, 225.117, -121.808, 224.287, 55.6726, 0.034166, -164.835, 1.05842, -32.862, 1.05734, 145.002
390, 6.50833, 7.20215, 105.417, 224.472, -121.931, 223.636, 55.5616, 0.0339688, -165.18, 1.05677, -32.9839, 1.05564, 144.892
391, 6.51667, 7.15154, 105.072, 223.83, -122.053, 222.988, 55.4515, 0.0337729, -165.522, 1.05512, -33.1049, 1.05395, 144.782
392, 6.52500, 7.10135, 104.729, 223.191, -122.175, 222.343, 55.3421, 0.0335783, -165.863, 1.05348, -33.225, 1.05226, 144.674
392, 6.53333, 7.05156, 104.388, 222.554, -122.296, 221.702, 55.2336, 0.033385, -166.202, 1.05184, -33.3444, 1.05058, 144.566
393, 6.54167, 7.00217, 104.049, 221.921, -122.416, 221.064, 55.1257, 0.0331931, -166.54, 1.05021, -33.4628, 1.04891, 144.459
393, 6.55000, 6.95319, 103.711, 221.29, -122.535, 220.428, 55.0187, 0.0330025, -166.876, 1.04858, -33.5805, 1.04725, 144.353
393, 6.55833, 6.9046, 103.375, 220.662, -122.653, 219.796, 54.9124, 0.0328131, -167.209, 1.04696, -33.6973, 1.04559, 144.247
394, 6.56667, 6.85641, 103.041, 220.037, -122.77, 219.167, 54.8069, 0.0326251, -167.542, 1.04535, -33.8133, 1.04394, 144.143
395, 6.57500, 6.80862, 102.708, 219.415, -122.887, 218.542, 54.7021, 0.0324383, -167.872, 1.04374, -33.9285, 1.0423, 144.039
395, 6.58333, 6.76122, 102.377, 218.796, -123.003, 217.919, 54.598, 0.0322529, -168.201, 1.04214, -34.0428, 1.04067, 143.935
396, 6.59167, 6.7142, 102.048, 218.179, -123.118, 217.299, 54.4947, 0.0320686, -168.528, 1.04054, -34.1564, 1.03904, 143.833
396, 6.60000, 6.66757, 101.721, 217.565, -123.232, 216.683, 54.3921, 0.0318857, -168.854, 1.03895, -34.2692, 1.03742, 143.731
396, 6.60833, 6.62132, 101.395, 216.954, -123.345, 216.069, 54.2902, 0.031704, -169.177, 1.03736, -34.3812, 1.03581, 143.63
397, 6.61667, 6.57545, 101.071, 216.346, -123.458, 215.459, 54.189, 0.0315236, -169.5, 1.03578, -34.4925, 1.0342, 143.529
398, 6.62500, 6.52995, 100.748, 215.74, -123.569, 214.851, 54.0886, 0.0313444, -169.82, 1.03421, -34.6029, 1.0326, 143.43
398, 6.63333, 6.48483, 100.427, 215.137, -123.681, 214.247, 53.9888, 0.0311665, -170.139, 1.03264, -34.7126, 1.03101, 143.331
399, 6.64167, 6.44008, 100.108, 214.537, -123.791, 213.645, 53.8897, 0.0309898, -170.456, 1.03108, -34.8215, 1.02942, 143.232
399, 6.65000, 6.39569, 99.7901, 213.94, -123.9, 213.047, 53.7913, 0.0308143, -170.772, 1.02952, -34.9297, 1.02785, 143.135
399, 6.65833, 6.35168, 99.4739, 213.346, -124.009, 212.451, 53.6936, 0.03064, -171.086, 1.02797, -35.0371, 1.02628, 143.038
400, 6.66667, 6.30801, 99.1592, 212.754, -124.117, 211.859, 53.5966, 0.030467, -171.399, 1.02643, -35.1438, 1.02471, 142.942
401, 6.67500, 6.26472, 98.8462, 212.165, -124.224, 211.269, 53.5002, 0.0302951, -171.71, 1.02489, -35.2497, 1.02315, 142.846
401, 6.68333, 6.22177, 98.5346, 211.578, -124.331, 210.682, 53.4045, 0.0301245, -172.02, 1.02335, -35.355, 1.0216, 142.751
402, 6.69167, 6.17918, 98.2246, 210.995, -124.437, 210.099, 53.3094, 0.029955, -172.328, 1.02183, -35.4595, 1.02006, 142.657
402, 6.70000, 6.13694, 97.9161, 210.414, -124.542, 209.518, 53.2151, 0.0297867, -172.634, 1.02031, -35.5633, 1.01852, 142.563
402, 6.70833, 6.09505, 97.6091, 209.836, -124.646, 208.94, 53.1213, 0.0296196, -172.939, 1.01879, -35.6663, 1.017, 142.47
403, 6.71667, 6.0535, 97.3035, 209.26, -124.75, 208.365, 53.0282, 0.0294536, -173.243, 1.01728, -35.7687, 1.01547, 142.378
404, 6.72500, 6.01229, 96.9994, 208.687, -124.853, 207.792, 52.9357, 0.0292888, -173.545, 1.01578, -35.8704, 1.01396, 142.286
404, 6.73333, 5.97142, 96.6968, 208.117, -124.955, 207.223, 52.8439, 0.0291252, -173.846, 1.01428, -35.9714, 1.01245, 142.195
405, 6.74167, 5.93089, 96.3957, 207.549, -125.057, 206.656, 52.7526, 0.0289627, -174.145, 1.01279, -36.0717, 1.01095, 142.105
405, 6.75000, 5.89069, 96.096, 206.984, -125.158, 206.092, 52.662, 0.0288014, -174.443, 1.0113, -36.1713, 1.00945, 142.015
405, 6.75833, 5.85083, 95.7977, 206.421, -125.258, 205.531, 52.572, 0.0286411, -174.739, 1.00982, -36.2702, 1.00796, 141.926
406, 6.76667, 5.81128, 95.5008, 205.862, -125.358, 204.973, 52.4826, 0.028482, -175.034, 1.00835, -36.3685, 1.00648, 141.837
407, 6.77500, 5.77207, 95.2053, 205.304, -125.456, 204.417, 52.3939, 0.028324, -175.328, 1.00688, -36.4661, 1.00501, 141.749
407, 6.78333, 5.73318, 94.9112, 204.75, -125.555, 203.865, 52.3057, 0.0281672, -175.62, 1.00542, -36.563, 1.00354, 141.661
408, 6.79167, 5.6946, 94.6185, 204.198, -125.652, 203.315, 52.2181, 0.0280114, -175.911, 1.00396, -36.6593, 1.00208, 141.575
408, 6.80000, 5.65635, 94.3271, 203.648, -125.749, 202.767, 52.131, 0.0278567, -176.2, 1.00251, -36.755, 1.00062, 141.488
408, 6.80833, 5.61841, 94.0372, 203.101, -125.846, 202.223, 52.0446, 0.0277031, -176.488, 1.00107, -36.85, 0.999174, 141.403
409, 6.81667, 5.58077, 93.7485, 202.557, -125.941, 201.681, 51.9587, 0.0275506, -176.775, 0.999628, -36.9444, 0.997733, 141.317
410, 6.82500, 5.54345, 93.4612, 202.015, -126.036, 201.141, 51.8735, 0.0273991, -177.061, 0.998195, -37.0381, 0.996298, 141.233
410, 6.83333, 5.50644, 93.1752, 201.476, -126.131, 200.605, 51.7887, 0.0272487, -177.345, 0.996768, -37.1312, 0.99487, 141.149
411, 6.84167, 5.46973, 92.8905, 200.939, -126.224, 200.071, 51.7046, 0.0270994, -177.628, 0.995346, -37.2237, 0.993448, 141.065
411, 6.85000, 5.43332, 92.6071, 200.405, -126.317, 199.539, 51.621, 0.0269511, -177.909, 0.993931, -37.3156, 0.992032, 140.983
411, 6.85833, 5.39721, 92.325, 199.873, -126.41, 199.011, 51.5379, 0.0268039, -178.189, 0.992521, -37.4068, 0.990624, 140.9
412, 6.86667, 5.36139, 92.0442, 199.344, -126.502, 198.484, 51.4554, 0.0266577, -178.468, 0.991117, -37.4975, 0.989221, 140.818
413, 6.87500, 5.32587, 91.7646, 198.817, -126.593, 197.961, 51.3734, 0.0265125, -178.746, 0.989719, -37.5876, 0.987825, 140.737
413, 6.88333, 5.29064, 91.4864, 198.293, -126.684, 197.44, 51.292, 0.0263683, -179.022, 0.988327, -37.677, 0.986436, 140.656
414, 6.89167, 5.25569, 91.2093, 197.771, -126.774, 196.921, 51.2111, 0.0262252, -179.298, 0.98694, -37.7659, 0.985053, 140.576
414, 6.90000, 5.22104, 90.9335, 197.251, -126.863, 196.405, 51.1307, 0.026083, -179.572, 0.98556, -37.8542, 0.983676, 140.497
414, 6.90833, 5.18667, 90.6589, 196.734, -126.952, 195.892, 51.0509, 0.0259419, -179.844, 0.984185, -37.9419, 0.982306, 140.418
415, 6.91667, 5.15257, 90.3855, 196.219, -127.041, 195.381, 50.9716, 0.0258017, 179.884, 0.982815, -38.029, 0.980941, 140.339
416, 6.92500, 5.11876, 90.1134, 195.707, -127.129, 194.872, 50.8928, 0.0256625, 179.614, 0.981452, -38.1156, 0.979584, 140.261
416, 6.93333, 5.08522, 89.8424, 195.197, -127.216, 194.367, 50.8145, 0.0255244, 179.344, 0.980094, -38.2016, 0.978232, 140.183
417, 6.94167, 5.05196, 89.5726, 194.69, -127.302, 193.863, 50.7367, 0.0253871, 179.076, 0.978742, -38.287, 0.976887, 140.106
417, 6.95000, 5.01897, 89.304, 194.184, -127.389, 193.362, 50.6594, 0.0252509, 178.81, 0.977396, -38.3719, 0.975548, 140.03
417, 6.95833, 4.98624, 89.0366, 193.682, -127.474, 192.863, 50.5826, 0.0251155, 178.544, 0.976055, -38.4562, 0.974215, 139.953
418, 6.96667, 4.95378, 88.7703, 193.181, -127.559, 192.367, 50.5063, 0.0249812, 178.279, 0.97472, -38.54, 0.972888, 139.878
418, 6.97500, 4.92159, 88.5051, 192.683, -127.643, 191.873, 50.4305, 0.0248478, 178.016, 0.97339, -38.6232, 0.971567, 139.803
419, 6.98333, 4.88966, 88.2411, 192.187, -127.727, 191.382, 50.3552, 0.0247153, 177.754, 0.972067, -38.7059, 0.970253, 139.728
420, 6.99167, 4.85799, 87.9782, 191.694, -127.811, 190.893, 50.2803, 0.0245837, 177.493, 0.970748, -38.7881, 0.968944, 139.654
420, 7.00000, 4.82657, 87.7165, 191.203, -127.894, 190.406, 50.2059, 0.0244531, 177.233, 0.969436, -38.8697, 0.967641, 139.58
420, 7.00833, 4.79542, 87.4558, 190.714, -127.976, 189.922, 50.132, 0.0243234, 176.974, 0.968129, -38.9508, 0.966345, 139.507
421, 7.01667, 4.76451, 87.1963, 190.227, -128.058, 189.44, 50.0586, 0.0241945, 176.716, 0.966827, -39.0314, 0.965054, 139.434
422, 7.02500, 4.73385, 86.9378, 189.743, -128.139, 188.961, 49.9856, 0.0240666, 176.459, 0.965531, -39.1115, 0.96377, 139.362
422, 7.03333, 4.70344, 86.6805, 189.261, -128.22, 188.483, 49.9131, 0.0239396, 176.203, 0.964241, -39.191, 0.962491, 139.29
423, 7.04167, 4.67328, 86.4241, 188.781, -128.3, 188.008, 49.8411, 0.0238134, 175.949, 0.962956, -39.2701, 0.961218, 139.219
423, 7.05000, 4.64336, 86.1689, 188.303, -128.38, 187.535, 49.7695, 0.0236882, 175.695, 0.961676, -39.3486, 0.959951, 139.148
423, 7.05833, 4.61369, 85.9147, 187.828, -128.459, 187.065, 49.6984, 0.0235638, 175.443, 0.960402, -39.4267, 0.95869, 139.077
424, 7.06667, 4.58425, 85.6616, 187.354, -128.537, 186.597, 49.6277, 0.0234403, 175.191, 0.959134, -39.5042, 0.957435, 139.007
425, 7.07500, 4.55505, 85.4095, 186.883, -128.616, 186.131, 49.5574, 0.0233176, 174.941, 0.957871, -39.5813, 0.956186, 138.938
425, 7.08333, 4.52609, 85.1584, 186.414, -128.693, 185.667, 49.4876, 0.0231958, 174.691, 0.956613, -39.6578, 0.954942, 138.869
426, 7.09167, 4.49735, 84.9084, 185.948, -128.771, 185.205, 49.4182, 0.0230748, 174.443, 0.955361, -39.7339, 0.953704, 138.8
426, 7.10000, 4.46885, 84.6593, 185.483, -128.847, 184.746, 49.3493, 0.0229547, 174.196, 0.954114, -39.8095, 0.952472, 138.732
426, 7.10833, 4.44058, 84.4113, 185.021, -128.924, 184.289, 49.2808, 0.0228354, 173.949, 0.952872, -39.8846, 0.951245, 138.664
427, 7.11667, 4.41254, 84.1642, 184.56, -128.999, 183.834, 49.2127, 0.022717, 173.704, 0.951636, -39.9593, 0.950024, 138.596
428, 7.12500, 4.38472, 83.9182, 184.102, -129.075, 183.381, 49.145, 0.0225993, 173.459, 0.950405, -40.0335, 0.948809, 138.529
428, 7.13333, 4.35712, 83.6731, 183.646, -129.15, 182.931, 49.0777, 0.0224825, 173.216, 0.94918, -40.1072, 0.947599, 138.463
429, 7.14167, 4.32974, 83.429, 183.192, -129.224, 182.482, 49.0109, 0.0223665, 172.973, 0.947959, -40.1805, 0.946395, 138.397
429, 7.15000, 4.30259, 83.1859, 182.74, -129.298, 182.036, 48.9445, 0.0222513, 172.732, 0.946744, -40.2533, 0.945196, 138.331
429, 7.15833, 4.27565, 82.9437, 182.291, -129.371, 181.591, 48.8784, 0.0221369, 172.491, 0.945534, -40.3256, 0.944003, 138.265
430, 7.16667, 4.24892, 82.7024, 181.843, -129.444, 181.149, 48.8128, 0.0220232, 172.252, 0.94433, -40.3975, 0.942816, 138.2
431, 7.17500, 4.22241, 82.4622, 181.397, -129.517, 180.709, 48.7476, 0.0219104, 172.013, 0.94313, -40.469, 0.941633, 138.136
431, 7.18333, 4.19611, 82.2228, 180.954, -129.589, 180.271, 48.6828, 0.0217983, 171.775, 0.941936, -40.54, 0.940457, 138.072
432, 7.19167, 4.17002, 81.9843, 180.512, -129.661, 179.835, 48.6183, 0.021687, 171.538, 0.940747, -40.6105, 0.939285, 138.008
432, 7.20000, 4.14414, 81.7468, 180.073, -129.732, 179.401, 48.5543, 0.0215765, 171.302, 0.939563, -40.6807, 0.938119, 137.944
432, 7.20833, 4.11846, 81.5102, 179.635, -129.803, 178.969, 48.4906, 0.0214668, 171.067, 0.938384, -40.7504, 0.936959, 137.881
433, 7.21667, 4.09298, 81.2745, 179.2, -129.873, 178.539, 48.4274, 0.0213577, 170.833, 0.93721, -40.8196, 0.935803, 137.819
434, 7.22500, 4.06771, 81.0397, 178.766, -129.943, 178.111, 48.3645, 0.0212495, 170.6, 0.936042, -40.8885, 0.934653, 137.757
434, 7.23333, 4.04264, 80.8057, 178.335, -130.013, 177.685, 48.302, 0.021142, 170.367, 0.934878, -40.9569, 0.933508, 137.695
435, 7.24167, 4.01776, 80.5727, 177.905, -130.082, 177.261, 48.2399, 0.0210352, 170.136, 0.933719, -41.0249, 0.932369, 137.633
435, 7.25000, 3.99308, 80.3405, 177.477, -130.15, 176.839, 48.1781, 0.0209291, 169.905, 0.932566, -41.0925, 0.931234, 137.572
435, 7.25833, 3.9686, 80.1092, 177.052, -130.219, 176.419, 48.1167, 0.0208238, 169.675, 0.931417, -41.1597, 0.930105, 137.511
436, 7.26667, 3.94431, 79.8787, 176.628, -130.287, 176.001, 48.0557, 0.0207192, 169.446, 0.930274, -41.2264, 0.928981, 137.451
437, 7.27500, 3.92021, 79.6491, 176.206, -130.354, 175.585, 47.995, 0.0206153, 169.218, 0.929135, -41.2928, 0.927862, 137.391
437, 7.28333, 3.8963, 79.4204, 175.786, -130.421, 175.171, 47.9347, 0.0205121, 168.991, 0.928001, -41.3588, 0.926748, 137.331
438, 7.29167, 3.87258, 79.1924, 175.368, -130.488, 174.759, 47.8748, 0.0204096, 168.764, 0.926872, -41.4243, 0.925639, 137.272
438, 7.30000, 3.84904, 78.9653, 174.952, -130.554, 174.349, 47.8152, 0.0203078, 168.539, 0.925749, -41.4895, 0.924536, 137.213
438, 7.30833, 3.82569, 78.7391, 174.538, -130.62, 173.94, 47.756, 0.0202068, 168.314, 0.92463, -41.5543, 0.923437, 137.154
439, 7.31667, 3.80252, 78.5136, 174.125, -130.685, 173.534, 47.6971, 0.0201063, 168.09, 0.923515, -41.6187, 0.922343, 137.096
439, 7.32500, 3.77954, 78.289, 173.715, -130.75, 173.129, 47.6386, 0.0200066, 167.866, 0.922406, -41.6826, 0.921255, 137.038
440, 7.33333, 3.75673, 78.0651, 173.306, -130.815, 172.726, 47.5804, 0.0199076, 167.644, 0.921301, -41.7463, 0.920171, 136.981
441, 7.34167, 3.7341, 77.8421, 172.899, -130.879, 172.325, 47.5225, 0.0198092, 167.422, 0.920201, -41.8095, 0.919092, 136.923
441, 7.35000, 3.71165, 77.6198, 172.494, -130.943, 171.926, 47.465, 0.0197115, 167.201, 0.919106, -41.8723, 0.918018, 136.866
441, 7.35833, 3.68937, 77.3984, 172.091, -131.007, 171.528, 47.4078, 0.0196144, 166.981, 0.918016, -41.9348, 0.916949, 136.81
442, 7.36667, 3.66726, 77.1776, 171.69, -131.07, 171.133, 47.351, 0.019518, 166.762, 0.91693, -41.9969, 0.915884, 136.754
443, 7.37500, 3.64533, 76.9577, 171.29, -131.133, 170.739, 47.2945, 0.0194223, 166.543, 0.915849, -42.0587, 0.914825, 136.698
443, 7.38333, 3.62356, 76.7386, 170.892, -131.195, 170.347, 47.2383, 0.0193272, 166.326, 0.914773, -42.12, 0.91377, 136.642
444, 7.39167, 3.60197, 76.5202, 170.496, -131.257, 169.957, 47.1824, 0.0192327, 166.109, 0.913701, -42.1811, 0.91272, 136.587
444, 7.40000, 3.58054, 76.3025, 170.102, -131.319, 169.569, 47.1269, 0.0191389, 165.892, 0.912634, -42.2417, 0.911675, 136.532
444, 7.40833, 3.55928, 76.0856, 169.709, -131.38, 169.182, 47.0717, 0.0190457, 165.677, 0.911572, -42.302, 0.910634, 136.477
445, 7.41667, 3.53818, 75.8695, 169.319, -131.441, 168.797, 47.0168, 0.0189531, 165.462, 0.910514, -42.3619, 0.909598, 136.423
446, 7.42500, 3.51724, 75.6541, 168.93, -131.502, 168.414, 46.9622, 0.0188611, 165.248, 0.909461, -42.4215, 0.908567, 136.369
446, 7.43333, 3.49647, 75.4394, 168.542, -131.562, 168.032, 46.9079, 0.0187698, 165.034, 0.908412, -42.4807, 0.90754, 136.315
447, 7.44167, 3.47585, 75.2254, 168.157, -131.622, 167.653, 46.854, 0.0186791, 164.821, 0.907368, -42.5396, 0.906518, 136.262
447, 7.45000, 3.45539, 75.0121, 167.773, -131.681, 167.275, 46.8003, 0.0185889, 164.609, 0.906328, -42.5982, 0.905501, 136.209
447, 7.45833, 3.43509, 74.7996, 167.391, -131.741, 166.898, 46.747, 0.0184994, 164.398, 0.905293, -42.6564, 0.904488, 136.156
448, 7.46667, 3.41495, 74.5878, 167.01, -131.8, 166.524, 46.6939, 0.0184105, 164.188, 0.904262, -42.7142, 0.90348, 136.104
449, 7.47500, 3.39496, 74.3766, 166.632, -131.858, 166.151, 46.6412, 0.0183221, 163.978, 0.903236, -42.7718, 0.902476, 136.052
449, 7.48333, 3.37512, 74.1662, 166.254, -131.916, 165.779, 46.5887, 0.0182344, 163.768, 0.902214, -42.829, 0.901477, 136
450, 7.49167, 3.35543, 73.9564, 165.879, -131.974, 165.41, 46.5366, 0.0181472, 163.56, 0.901196, -42.8858, 0.900482, 135.948
450, 7.50000, 3.3359, 73.7474, 165.505, -132.032, 165.042, 46.4848, 0.0180606, 163.352, 0.900183, -42.9424, 0.899491, 135.897
450, 7.50833, 3.31651, 73.539, 165.133, -132.089, 164.675, 46.4332, 0.0179746, 163.145, 0.899174, -42.9986, 0.898505, 135.846
451, 7.51667, 3.29727, 73.3313, 164.762, -132.146, 164.31, 46.3819, 0.0178892, 162.938, 0.89817, -43.0545, 0.897523, 135.795
452, 7.52500, 3.27818, 73.1242, 164.394, -132.202, 163.947, 46.331, 0.0178043, 162.732, 0.89717, -43.11, 0.896546, 135.745
452, 7.53333, 3.25923, 72.9178, 164.026, -132.259, 163.586, 46.2803, 0.0177199, 162.527, 0.896174, -43.1653, 0.895573, 135.695
453, 7.54167, 3.24042, 72.7121, 163.66, -132.315, 163.226, 46.2298, 0.0176362, 162.322, 0.895182, -43.2202, 0.894604, 135.645
453, 7.55000, 3.22176, 72.507, 163.296, -132.37, 162.867, 46.1797, 0.0175529, 162.118, 0.894195, -43.2748, 0.89364, 135.595
453, 7.55833, 3.20323, 72.3026, 162.934, -132.425, 162.51, 46.1299, 0.0174703, 161.915, 0.893212, -43.3291, 0.89268, 135.546
454, 7.56667, 3.18485, 72.0988, 162.573, -132.48, 162.155, 46.0803, 0.0173881, 161.712, 0.892233, -43.3831, 0.891724, 135.497
455, 7.57500, 3.16661, 71.8956, 162.214, -132.535, 161.801, 46.031, 0.0173065, 161.51, 0.891258, -43.4368, 0.890772, 135.448
455, 7.58333, 3.1485, 71.6931, 161.856, -132.589, 161.449, 45.982, 0.0172255, 161.309, 0.890287, -43.4902, 0.889825, 135.4
456, 7.59167, 3.13053, 71.4912, 161.499, -132.643, 161.099, 45.9332, 0.017145, 161.108, 0.889321, -43.5433, 0.888882, 135.352
456, 7.60000, 3.11269, 71.2899, 161.145, -132.697, 160.75, 45.8847, 0.017065, 160.908, 0.888359, -43.5961, 0.887942, 135.304
456, 7.60833, 3.09499, 71.0892, 160.791, -132.751, 160.402, 45.8365, 0.0169855, 160.708, 0.8874, -43.6485, 0.887007, 135.256
457, 7.61667, 3.07742, 70.8891, 160.44, -132.804, 160.056, 45.7886, 0.0169065, 160.509, 0.886446, -43.7007, 0.886076, 135.209
458, 7.62500, 3.05998, 70.6897, 160.09, -132.857, 159.711, 45.7409, 0.0168281, 160.311, 0.885496, -43.7526, 0.88515, 135.161
458, 7.63333, 3.04267, 70.4909, 159.741, -132.909, 159.368, 45.6935, 0.0167501, 160.113, 0.88455, -43.8042, 0.884227, 135.115
459, 7.64167, 3.02549, 70.2926, 159.394, -132.962, 159.027, 45.6463, 0.0166727, 159.916, 0.883608, -43.8556, 0.883308, 135.068
459, 7.65000, 3.00844, 70.0949, 159.048, -133.014, 158.687, 45.5994, 0.0165957, 159.719, 0.88267, -43.9066, 0.882393, 135.022
459, 7.65833, 2.99152, 69.8979, 158.704, -133.065, 158.348, 45.5527, 0.0165193, 159.523, 0.881736, -43.9573, 0.881483, 134.976
460, 7.66667, 2.97471, 69.7014, 158.361, -133.117, 158.011, 45.5063, 0.0164434, 159.327, 0.880806, -44.0078, 0.880576, 134.93
461, 7.67500, 2.95804, 69.5054, 158.02, -133.168, 157.675, 45.4602, 0.0163679, 159.132, 0.87988, -44.058, 0.879673, 134.884
461, 7.68333, 2.94149, 69.3101, 157.68, -133.219, 157.341, 45.4143, 0.016293, 158.938, 0.878957, -44.1079, 0.878774, 134.839
462, 7.69167, 2.92506, 69.1153, 157.342, -133.269, 157.008, 45.3686, 0.0162185, 158.744, 0.878039, -44.1575, 0.877879, 134.794
462, 7.70000, 2.90875, 68.9211, 157.005, -133.32, 156.676, 45.3232, 0.0161445, 158.551, 0.877125, -44.2069, 0.876988, 134.749
462, 7.70833, 2.89257, 68.7275, 156.669, -133.37, 156.346, 45.278, 0.0160709, 158.358, 0.876214, -44.2559, 0.876101, 134.704
463, 7.71667, 2.8765, 68.5344, 156.335, -133.419, 156.018, 45.2331, 0.0159979, 158.165, 0.875307, -44.3047, 0.875217, 134.66
464, 7.72500, 2.86055, 68.3418, 156.002, -133.469, 155.69, 45.1884, 0.0159253, 157.974, 0.874404, -44.3533, 0.874338, 134.616
464, 7.73333, 2.84472, 68.1498, 155.671, -133.518, 155.365, 45.144, 0.0158532, 157.783, 0.873505, -44.4016, 0.873462, 134.572
465, 7.74167, 2.829, 67.9584, 155.341, -133.567, 155.04, 45.0998, 0.0157815, 157.592, 0.87261, -44.4496, 0.87259, 134.528
465, 7.75000, 2.8134, 67.7674, 155.013, -133.616, 154.717, 45.0558, 0.0157103, 157.402, 0.871718, -44.4973, 0.871722, 134.485
465, 7.75833, 2.79791, 67.5771, 154.686, -133.664, 154.395, 45.0121, 0.0156395, 157.212, 0.87083, -44.5448, 0.870857, 134.441
466, 7.76667, 2.78254, 67.3872, 154.36, -133.712, 154.075, 44.9686, 0.0155692, 157.023, 0.869946, -44.592, 0.869996, 134.398
467, 7.77500, 2.76728, 67.1979, 154.036, -133.76, 153.756, 44.9253, 0.0154994, 156.835, 0.869066, -44.639, 0.869139, 134.356
467, 7.78333, 2.75213, 67.0091, 153.713, -133.808, 153.438, 44.8822, 0.01543, 156.647, 0.868189, -44.6857, 0.868286, 134.313
468, 7.79167, 2.73709, 66.8208, 153.391, -133.855, 153.122, 44.8394, 0.015361, 156.459, 0.867316, -44.7322, 0.867436, 134.271
468, 7.80000, 2.72216, 66.633, 153.071, -133.902, 152.807, 44.7968, 0.0152925, 156.272, 0.866447, -44.7784, 0.86659, 134.229
468, 7.80833, 2.70734, 66.4457, 152.752, -133.949, 152.493, 44.7545, 0.0152244, 156.085, 0.865581, -44.8244, 0.865747, 134.187
469, 7.81667, 2.69262, 66.259, 152.434, -133.996, 152.18, 44.7123, 0.0151567, 155.899, 0.864719, -44.8701, 0.864908, 134.145
470, 7.82500, 2.67801, 66.0727, 152.118, -134.042, 151.869, 44.6704, 0.0150894, 155.714, 0.86386, -44.9156, 0.864073, 134.104
470, 7.83333, 2.66351, 65.887, 151.803, -134.088, 151.56, 44.6287, 0.0150226, 155.529, 0.863005, -44.9608, 0.863241, 134.063
471, 7.84167, 2.64911, 65.7017, 151.489, -134.134, 151.251, 44.5872, 0.0149562, 155.344, 0.862154, -45.0058, 0.862413, 134.022
471, 7.85000, 2.63482, 65.5169, 151.176, -134.18, 150.944, 44.5459, 0.0148902, 155.16, 0.861306, -45.0505, 0.861588, 133.981
471, 7.85833, 2.62063, 65.3326, 150.865, -134.225, 150.638, 44.5049, 0.0148246, 154.976, 0.860462, -45.095, 0.860767, 133.94
472, 7.86667, 2.60654, 65.1488, 150.555, -134.27, 150.333, 44.464, 0.0147595, 154.793, 0.859621, -45.1393, 0.859949, 133.9
472, 7.87500, 2.59255, 64.9655, 150.247, -134.315, 150.029, 44.4234, 0.0146947, 154.61, 0.858783, -45.1833, 0.859134, 133.86
473, 7.88333, 2.57866, 64.7826, 149.939, -134.36, 149.727, 44.383, 0.0146304, 154.428, 0.857949, -45.2271, 0.858324, 133.82
474, 7.89167, 2.56487, 64.6002, 149.633, -134.404, 149.426, 44.3428, 0.0145664, 154.246, 0.857119, -45.2707, 0.857516, 133.78
474, 7.90000, 2.55118, 64.4183, 149.329, -134.449, 149.126, 44.3028, 0.0145029, 154.064, 0.856292, -45.314, 0.856712, 133.741
474, 7.90833, 2.53759, 64.2368, 149.025, -134.493, 148.828, 44.263, 0.0144397, 153.884, 0.855468, -45.3571, 0.855911, 133.702
475, 7.91667, 2.5241, 64.0558, 148.723, -134.536, 148.53, 44.2234, 0.014377, 153.703, 0.854648, -45.4, 0.855114, 133.663
476, 7.92500, 2.5107, 63.8753, 148.422, -134.58, 148.234, 44.184, 0.0143146, 153.523, 0.853831, -45.4427, 0.85432, 133.624
476, 7.93333, 2.49739, 63.6952, 148.122, -134.623, 147.939, 44.1448, 0.0142526, 153.343, 0.853018, -45.4851, 0.853529, 133.585
477, 7.94167, 2.48418, 63.5156, 147.823, -134.666, 147.646, 44.1058, 0.014191, 153.164, 0.852208, -45.5273, 0.852742, 133.546
477, 7.95000, 2.47107, 63.3364, 147.526, -134.709, 147.353, 44.067, 0.0141298, 152.985, 0.851401, -45.5693, 0.851958, 133.508
477, 7.95833, 2.45805, 63.1576, 147.229, -134.752, 147.062, 44.0284, 0.0140689, 152.807, 0.850597, -45.6111, 0.851177, 133.47
478, 7.96667, 2.44512, 62.9793, 146.934, -134.794, 146.772, 43.99, 0.0140085, 152.629, 0.849797, -45.6526, 0.850399, 133.432
479, 7.97500, 2.43228, 62.8015, 146.641, -134.836, 146.483, 43.9518, 0.0139484, 152.452, 0.849, -45.694, 0.849625, 133.394
479, 7.98333, 2.41953, 62.624, 146.348, -134.878, 146.195, 43.9138, 0.0138887, 152.274, 0.848206, -45.7351, 0.848854, 133.357
480, 7.99167, 2.40687, 62.447, 146.056, -134.92, 145.908, 43.8759, 0.0138293, 152.098, 0.847416, -45.776, 0.848086, 133.32
480, 8.00000, 2.3943, 62.2704, 145.766, -134.962, 145.623, 43.8383, 0.0137703, 151.922, 0.846629, -45.8167, 0.847321, 133.282
480, 8.00833, 2.38182, 62.0943, 145.477, -135.003, 145.338, 43.8009, 0.0137117, 151.746, 0.845845, -45.8572, 0.84656, 133.246
481, 8.01667, 2.36943, 61.9185, 145.189, -135.044, 145.055, 43.7636, 0.0136534, 151.57, 0.845064, -45.8974, 0.845801, 133.209
482, 8.02500, 2.35712, 61.7432, 144.902, -135.085, 144.773, 43.7265, 0.0135955, 151.395, 0.844286, -45.9375, 0.845046, 133.172
482, 8.03333, 2.3449, 61.5683, 144.616, -135.126, 144.492, 43.6897, 0.0135379, 151.221, 0.843512, -45.9774, 0.844294, 133.136
483, 8.04167, 2.33277, 61.3938, 144.332, -135.166, 144.212, 43.653, 0.0134807, 151.046, 0.84274, -46.017, 0.843545, 133.1
483, 8.05000, 2.32072, 61.2197, 144.048, -135.207, 143.933, 43.6164, 0.0134238, 150.872, 0.841972, -46.0565, 0.842799, 133.064
483, 8.05833, 2.30875, 61.046, 143.766, -135.247, 143.656, 43.5801, 0.0133673, 150.699, 0.841207, -46.0957, 0.842056, 133.028
484, 8.06667, 2.29687, 60.8727, 143.485, -135.287, 143.379, 43.544, 0.0133111, 150.526, 0.840445, -46.1348, 0.841316, 132.992
485, 8.07500, 2.28507, 60.6999, 143.205, -135.326, 143.103, 43.508, 0.0132553, 150.353, 0.839686, -46.1736, 0.840579, 132.957
485, 8.08333, 2.27335, 60.5274, 142.926, -135.366, 142.829, 43.4722, 0.0131998, 150.181, 0.83893, -46.2123, 0.839845, 132.921
486, 8.09167, 2.26171, 60.3553, 142.648, -135.405, 142.556, 43.4366, 0.0131446, 150.009, 0.838178, -46.2508, 0.839115, 132.886
486, 8.10000, 2.25016, 60.1835, 142.371, -135.444, 142.283, 43.4011, 0.0130898, 149.837, 0.837428, -46.289, 0.838387, 132.851
486, 8.10833, 2.23868, 60.0122, 142.095, -135.483, 142.012, 43.3659, 0.0130353, 149.666, 0.836681, -46.3271, 0.837662, 132.816
487, 8.11667, 2.22728, 59.8413, 141.821, -135.522, 141.742, 43.3308, 0.0129811, 149.495, 0.835937, -46.365, 0.83694, 132.782
488, 8.12500, 2.21597, 59.6707, 141.547, -135.56, 141.473, 43.2958, 0.0129273, 149.324, 0.835196, -46.4027, 0.836221, 132.747
488, 8.13333, 2.20473, 59.5005, 141.275, -135.599, 141.205, 43.2611, 0.0128738, 149.154, 0.834459, -46.4401, 0.835505, 132.713
489, 8.14167, 2.19356, 59.3307, 141.003, -135.637, 140.938, 43.2265, 0.0128206, 148.984, 0.833724, -46.4775, 0.834792, 132.679
489, 8.15000, 2.18248, 59.1613, 140.733, -135.675, 140.672, 43.1921, 0.0127677, 148.815, 0.832992, -46.5146, 0.834081, 132.645
489, 8.15833, 2.17147, 58.9922, 140.464, -135.712, 140.407, 43.1578, 0.0127151, 148.646, 0.832263, -46.5515, 0.833374, 132.611
490, 8.16667, 2.16053, 58.8235, 140.195, -135.75, 140.143, 43.1237, 0.0126629, 148.477, 0.831537, -46.5883, 0.832669, 132.578
491, 8.17500, 2.14967, 58.6552, 139.928, -135.787, 139.881, 43.0898, 0.0126109, 148.309, 0.830813, -46.6248, 0.831968, 132.544
491, 8.18333, 2.13888, 58.4872, 139.662, -135.825, 139.619, 43.0561, 0.0125593, 148.141, 0.830093, -46.6612, 0.831269, 132.511
492, 8.19167, 2.12817, 58.3196, 139.397, -135.862, 139.358, 43.0225, 0.012508, 147.973, 0.829375, -46.6974, 0.830573, 132.478
492, 8.20000, 2.11753, 58.1523, 139.133, -135.898, 139.098, 42.9891, 0.012457, 147.805, 0.828661, -46.7335, 0.82988, 132.445
492, 8.20833, 2.10697, 57.9854, 138.87, -135.935, 138.839, 42.9558, 0.0124062, 147.638, 0.827949, -46.7693, 0.829189, 132.412
493, 8.21667, 2.09647, 57.8188, 138.608, -135.972, 138.581, 42.9227, 0.0123558, 147.472, 0.82724, -46.805, 0.828501, 132.379
493, 8.22500, 2.08605, 57.6526, 138.347, -136.008, 138.325, 42.8897, 0.0123057, 147.305, 0.826534, -46.8405, 0.827816, 132.347
494, 8.23333, 2.07569, 57.4868, 138.086, -136.044, 138.069, 42.857, 0.0122559, 147.139, 0.82583, -46.8758, 0.827134, 132.314
495, 8.24167, 2.06541, 57.3212, 137.827, -136.08, 137.814, 42.8243, 0.0122064, 146.973, 0.82513, -46.9109, 0.826454, 132.282
495, 8.25000, 2.0552, 57.1561, 137.569, -136.116, 137.56, 42.7918, 0.0121571, 146.808, 0.824432, -46.9459, 0.825778, 132.25
495, 8.25833, 2.04505, 56.9912, 137.312, -136.151, 137.307, 42.7595, 0.0121082, 146.643, 0.823737, -46.9807, 0.825103, 132.218
496, 8.26667, 2.03497, 56.8267, 137.056, -136.187, 137.055, 42.7274, 0.0120595, 146.478, 0.823044, -47.0153, 0.824432, 132.187
497, 8.27500, 2.02497, 56.6625, 136.801, -136.222, 136.804, 42.6953, 0.0120112, 146.313, 0.822355, -47.0498, 0.823763, 132.155
497, 8.28333, 2.01503, 56.4987, 136.547, -136.257, 136.554, 42.6635, 0.0119631, 146.149, 0.821668, -47.0841, 0.823097, 132.124
498, 8.29167, 2.00515, 56.3352, 136.293, -136.292, 136.305, 42.6318, 0.0119153, 145.985, 0.820983, -47.1182, 0.822433, 132.092
498, 8.30000, 1.99534, 56.172, 136.041, -136.327, 136.056, 42.6002, 0.0118678, 145.822, 0.820302, -47.1522, 0.821773, 132.061
498, 8.30833, 1.9856, 56.0091, 135.79, -136.361, 135.809, 42.5688, 0.0118205, 145.658, 0.819623, -47.186, 0.821114, 132.03
499, 8.31667, 1.97592, 55.8465, 135.54, -136.396, 135.563, 42.5375, 0.0117735, 145.495, 0.818946, -47.2196, 0.820459, 132
500, 8.32500, 1.96631, 55.6843, 135.29, -136.43, 135.317, 42.5064, 0.0117269, 145.333, 0.818273, -47.2531, 0.819805, 131.969
500, 8.33333, 1.95676, 55.5224, 135.042, -136.464, 135.073, 42.4754, 0.0116804, 145.17, 0.817602, -47.2864, 0.819155, 131.938
501, 8.34167, 1.94728, 55.3608, 134.794, -136.498, 134.829, 42.4446, 0.0116343, 145.008, 0.816933, -47.3195, 0.818507, 131.908
501, 8.35000, 1.93786, 55.1995, 134.547, -136.532, 134.586, 42.4139, 0.0115884, 144.846, 0.816267, -47.3525, 0.817861, 131.878
501, 8.35833, 1.9285, 55.0385, 134.302, -136.565, 134.345, 42.3834, 0.0115428, 144.685, 0.815604, -47.3853, 0.817218, 131.848
502, 8.36667, 1.9192, 54.8779, 134.057, -136.599, 134.104, 42.353, 0.0114974, 144.523, 0.814943, -47.418, 0.816578, 131.818
503, 8.37500, 1.90997, 54.7175, 133.813, -136.632, 133.864, 42.3227, 0.0114523, 144.362, 0.814285, -47.4505, 0.81594, 131.788
503, 8.38333, 1.90079, 54.5574, 133.57, -136.665, 133.625, 42.2926, 0.0114075, 144.202, 0.81363, -47.4829, 0.815305, 131.758
504, 8.39167, 1.89168, 54.3977, 133.328, -136.698, 133.386, 42.2626, 0.0113629, 144.041, 0.812976, -47.5151, 0.814672, 131.729
504, 8.40000, 1.88263, 54.2382, 133.087, -136.731, 133.149, 42.2328, 0.0113186, 143.881, 0.812326, -47.5472, 0.814041, 131.699
504, 8.40833, 1.87363, 54.079, 132.847, -136.764, 132.913, 42.2031, 0.0112746, 143.721, 0.811678, -47.5791, 0.813413, 131.67
505, 8.41667, 1.8647, 53.9202, 132.607, -136.796, 132.677, 42.1735, 0.0112308, 143.562, 0.811032, -47.6108, 0.812787, 131.641
506, 8.42500, 1.85583, 53.7616, 132.369, -136.828, 132.442, 42.1441, 0.0111872, 143.402, 0.810389, -47.6424, 0.812164, 131.612
506, 8.43333, 1.84701, 53.6033, 132.131, -136.861, 132.208, 42.1148, 0.0111439, 143.243, 0.809749, -47.6738, 0.811543, 131.583
507, 8.44167, 1.83825, 53.4453, 131.894, -136.893, 131.975, 42.0856, 0.0111008, 143.084, 0.80911, -47.7052, 0.810925, 131.554
507, 8.45000, 1.82955, 53.2876, 131.658, -136.925, 131.743, 42.0566, 0.011058, 142.926, 0.808475, -47.7363, 0.810309, 131.526
507, 8.45833, 1.8209, 53.1301, 131.423, -136.956, 131.512, 42.0277, 0.0110155, 142.768, 0.807841, -47.7673, 0.809695, 131.497
508, 8.46667, 1.81231, 52.973, 131.189, -136.988, 131.281, 41.9989, 0.0109732, 142.61, 0.80721, -47.7982, 0.809084, 131.469
509, 8.47500, 1.80378, 52.8161, 130.956, -137.019, 131.052, 41.9703, 0.0109311, 142.452, 0.806582, -47.8289, 0.808475, 131.441
509, 8.48333, 1.79531, 52.6595, 130.724, -137.051, 130.823, 41.9418, 0.0108892, 142.294, 0.805956, -47.8595, 0.807868, 131.413
510, 8.49167, 1.78689, 52.5032, 130.492, -137.082, 130.595, 41.9134, 0.0108476, 142.137, 0.805332, -47.8899, 0.807264, 131.385
510, 8.50000, 1.77852, 52.3471, 130.261, -137.113, 130.368, 41.8852, 0.0108063, 141.98, 0.804711, -47.9202, 0.806662, 131.357
510, 8.50833, 1.77021, 52.1914, 130.031, -137.144, 130.141, 41.8571, 0.0107652, 141.823, 0.804091, -47.9503, 0.806062, 131.329
511, 8.51667, 1.76195, 52.0359, 129.802, -137.175, 129.916, 41.8291, 0.0107243, 141.667, 0.803475, -47.9803, 0.805464, 131.302
512, 8.52500, 1.75374, 51.8806, 129.574, -137.205, 129.691, 41.8012, 0.0106836, 141.51, 0.80286, -48.0102, 0.804869, 131.274
512, 8.53333, 1.74559, 51.7257, 129.346, -137.236, 129.467, 41.7735, 0.0106432, 141.354, 0.802248, -48.0399, 0.804276, 131.247
513, 8.54167, 1.73749, 51.571, 129.12, -137.266, 129.244, 41.7459, 0.010603, 141.199, 0.801639, -48.0695, 0.803686, 131.22
513, 8.55000, 1.72945, 51.4165, 128.894, -137.296, 129.021, 41.7184, 0.010563, 141.043, 0.801031, -48.099, 0.803097, 131.193
514, 8.55833, 1.72145, 51.2624, 128.669, -137.326, 128.8, 41.691, 0.0105232, 140.888, 0.800426, -48.1283, 0.802511, 131.166
514, 8.56667, 1.71351, 51.1084, 128.445, -137.356, 128.579, 41.6638, 0.0104837, 140.732, 0.799823, -48.1575, 0.801927, 131.139
514, 8.57500, 1.70562, 50.9548, 128.221, -137.386, 128.359, 41.6367, 0.0104444, 140.578, 0.799222, -48.1865, 0.801345, 131.112
515, 8.58333, 1.69778, 50.8014, 127.999, -137.416, 128.14, 41.6097, 0.0104053, 140.423, 0.798624, -48.2154, 0.800765, 131.085
516, 8.59167, 1.68999, 50.6482, 127.777, -137.445, 127.922, 41.5828, 0.0103664, 140.269, 0.798028, -48.2442, 0.800188, 131.059
516, 8.60000, 1.68225, 50.4953, 127.556, -137.474, 127.704, 41.556, 0.0103278, 140.114, 0.797434, -48.2728, 0.799613, 131.033
517, 8.60833, 1.67455, 50.3427, 127.336, -137.504, 127.487, 41.5294, 0.0102894, 139.96, 0.796842, -48.3014, 0.79904, 131.006
517, 8.61667, 1.66691, 50.1903, 127.117, -137.533, 127.271, 41.5029, 0.0102512, 139.807, 0.796253, -48.3298, 0.798469, 130.98
518, 8.62500, 1.65932, 50.0381, 126.898, -137.562, 127.056, 41.4765, 0.0102132, 139.653, 0.795665, -48.358, 0.7979, 130.954
518, 8.63333, 1.65177, 49.8862, 126.68, -137.591, 126.841, 41.4502, 0.0101754, 139.5, 0.79508, -48.3861, 0.797333, 130.928
518, 8.64167, 1.64428, 49.7345, 126.463, -137.619, 126.627, 41.424, 0.0101378, 139.347, 0.794497, -48.4142, 0.796768, 130.903
519, 8.65000, 1.63683, 49.5831, 126.247, -137.648, 126.414, 41.3979, 0.0101004, 139.194, 0.793916, -48.442, 0.796206, 130.877
520, 8.65833, 1.62942, 49.432, 126.031, -137.676, 126.202, 41.372, 0.0100633, 139.041, 0.793338, -48.4698, 0.795646, 130.851
520, 8.66667, 1.62207, 49.281, 125.816, -137.705, 125.99, 41.3462, 0.0100263, 138.889, 0.792761, -48.4974, 0.795087, 130.826
521, 8.67500, 1.61476, 49.1303, 125.602, -137.733, 125.779, 41.3205, 0.00998955, 138.736, 0.792187, -48.5249, 0.794531, 130.801
521, 8.68333, 1.6075, 48.9798, 125.389, -137.761, 125.569, 41.2949, 0.00995301, 138.584, 0.791614, -48.5523, 0.793977, 130.775
522, 8.69167, 1.60028, 48.8296, 125.176, -137.789, 125.36, 41.2694, 0.00991666, 138.432, 0.791044, -48.5795, 0.793425, 130.75
522, 8.70000, 1.59311, 48.6796, 124.964, -137.817, 125.151, 41.244, 0.00988052, 138.281, 0.790476, -48.6067, 0.792875, 130.725
522, 8.70833, 1.58599, 48.5298, 124.753, -137.844, 124.943, 41.2187, 0.00984458, 138.129, 0.78991, -48.6337, 0.792326, 130.701
523, 8.71667, 1.57891, 48.3803, 124.543, -137.872, 124.736, 41.1935, 0.00980883, 137.978, 0.789346, -48.6606, 0.79178, 130.676
524, 8.72500, 1.57187, 48.231, 124.333, -137.9, 124.529, 41.1685, 0.00977329, 137.827, 0.788784, -48.6873, 0.791236, 130.651
524, 8.73333, 1.56488, 48.0819, 124.124, -137.927, 124.324, 41.1435, 0.00973793, 137.676, 0.788224, -48.714, 0.790694, 130.627
525, 8.74167, 1.55793, 47.933, 123.916, -137.954, 124.119, 41.1187, 0.00970278, 137.526, 0.787666, -48.7405, 0.790154, 130.602
525, 8.75000, 1.55103, 47.7844, 123.709, -137.981, 123.914, 41.094, 0.00966781, 137.375, 0.787111, -48.7669, 0.789616, 130.578
526, 8.75833, 1.54417, 47.636, 123.502, -138.008, 123.71, 41.0694, 0.00963304, 137.225, 0.786557, -48.7932, 0.78908, 130.554
526, 8.76667, 1.53735, 47.4878, 123.296, -138.035, 123.507, 41.0448, 0.00959846, 137.075, 0.786005, -48.8194, 0.788546, 130.529
527, 8.77500, 1.53057, 47.3398, 123.091, -138.062, 123.305, 41.0204, 0.00956407, 136.925, 0.785455, -48.8455, 0.788013, 130.505
527, 8.78333, 1.52384, 47.1921, 122.886, -138.088, 123.104, 40.9961, 0.00952987, 136.775, 0.784908, -48.8714, 0.787483, 130.481
528, 8.79167, 1.51715, 47.0445, 122.682, -138.115, 122.903, 40.9719, 0.00949585, 136.626, 0.784362, -48.8972, 0.786955, 130.458
528, 8.80000, 1.5105, 46.8972, 122.479, -138.141, 122.702, 40.9478, 0.00946203, 136.476, 0.783818, -48.923, 0.786428, 130.434
529, 8.80833, 1.50389, 46.7501, 122.277, -138.168, 122.503, 40.9238, 0.00942838, 136.327, 0.783276, -48.9486, 0.785904, 130.41
529, 8.81667, 1.49732, 46.6032, 122.075, -138.194, 122.304, 40.8999, 0.00939492, 136.178, 0.782736, -48.9741, 0.785381, 130.387
530, 8.82500, 1.4908, 46.4565, 121.874, -138.22, 122.106, 40.8761, 0.00936164, 136.029, 0.782198, -48.9994, 0.78486, 130.363
530, 8.83333, 1.48431, 46.3101, 121.673, -138.246, 121.908, 40.8524, 0.00932854, 135.881, 0.781662, -49.0247, 0.784341, 130.34
531, 8.84167, 1.47786, 46.1638, 121.473, -138.272, 121.711, 40.8288, 0.00929562, 135.732, 0.781128, -49.0499, 0.783824, 130.317
531, 8.85000, 1.47146, 46.0177, 121.274, -138.297, 121.515, 40.8053, 0.00926288, 135.584, 0.780596, -49.0749, 0.783309, 130.294
532, 8.85833, 1.46509, 45.8719, 121.076, -138.323, 121.319, 40.782, 0.00923032, 135.436, 0.780066, -49.0999, 0.782796, 130.271
532, 8.86667, 1.45876, 45.7262, 120.878, -138.348, 121.125, 40.7587, 0.00919794, 135.288, 0.779538, -49.1247, 0.782284, 130.248
533, 8.87500, 1.45248, 45.5808, 120.681, -138.374, 120.93, 40.7355, 0.00916573, 135.14, 0.779011, -49.1494, 0.781775, 130.225
533, 8.88333, 1.44623, 45.4355, 120.485, -138.399, 120.737, 40.7124, 0.00913369, 134.993, 0.778486, -49.174, 0.781267, 130.202
534, 8.89167, 1.44001, 45.2905, 120.289, -138.424, 120.544, 40.6894, 0.00910183, 134.845, 0.777964, -49.1986, 0.780761, 130.18
534, 8.90000, 1.43384, 45.1456, 120.094, -138.449, 120.351, 40.6665, 0.00907014, 134.698, 0.777443, -49.223, 0.780257, 130.157
535, 8.90833, 1.42771, 45.001, 119.899, -138.474, 120.16, 40.6436, 0.00903862, 134.551, 0.776924, -49.2473, 0.779754, 130.135
535, 8.91667, 1.42161, 44.8565, 119.706, -138.499, 119.969, 40.6209, 0.00900727, 134.404, 0.776407, -49.2715, 0.779254, 130.112
536, 8.92500, 1.41555, 44.7123, 119.512, -138.524, 119.778, 40.5983, 0.00897609, 134.257, 0.775891, -49.2956, 0.778755, 130.09
536, 8.93333, 1.40953, 44.5682, 119.32, -138.549, 119.588, 40.5758, 0.00894507, 134.111, 0.775378, -49.3195, 0.778258, 130.068
537, 8.94167, 1.40354, 44.4244, 119.128, -138.573, 119.399, 40.5534, 0.00891422, 133.964, 0.774866, -49.3434, 0.777763, 130.046
537, 8.95000, 1.39759, 44.2807, 118.937, -138.598, 119.211, 40.531, 0.00888354, 133.818, 0.774356, -49.3672, 0.777269, 130.024
538, 8.95833, 1.39168, 44.1372, 118.746, -138.622, 119.023, 40.5088, 0.00885303, 133.672, 0.773848, -49.3909, 0.776777, 130.002
538, 8.96667, 1.3858, 43.9939, 118.556, -138.646, 118.835, 40.4866, 0.00882267, 133.526, 0.773342, -49.4145, 0.776287, 129.98
539, 8.97500, 1.37996, 43.8508, 118.367, -138.67, 118.649, 40.4646, 0.00879248, 133.38, 0.772837, -49.438, 0.775799, 129.959
539, 8.98333, 1.37415, 43.7079, 118.178, -138.694, 118.463, 40.4426, 0.00876245, 133.235, 0.772334, -49.4613, 0.775312, 129.937
539, 8.99167, 1.36838, 43.5652, 117.99, -138.718, 118.277, 40.4207, 0.00873258, 133.089, 0.771833, -49.4846, 0.774827, 129.916
540, 9.00000, 1.36264, 43.4227, 117.803, -138.742, 118.092, 40.3989, 0.00870287, 132.944, 0.771334, -49.5078, 0.774344, 129.894
541, 9.00833, 1.35694, 43.2803, 117.616, -138.766, 117.908, 40.3772, 0.00867332, 132.799, 0.770836, -49.5309, 0.773863, 129.873
541, 9.01667, 1.35127, 43.1381, 117.43, -138.789, 117.724, 40.3556, 0.00864392, 132.654, 0.770341, -49.5539, 0.773383, 129.852
542, 9.02500, 1.34564, 42.9962, 117.244, -138.813, 117.541, 40.3341, 0.00861469, 132.509, 0.769846, -49.5768, 0.772904, 129.83
542, 9.03333, 1.34004, 42.8544, 117.059, -138.836, 117.359, 40.3126, 0.0085856, 132.364, 0.769354, -49.5996, 0.772428, 129.809
543, 9.04167, 1.33447, 42.7127, 116.875, -138.86, 117.177, 40.2913, 0.00855667, 132.219, 0.768863, -49.6223, 0.771953, 129.788
543, 9.05000, 1.32894, 42.5713, 116.691, -138.883, 116.996, 40.27, 0.0085279, 132.075, 0.768374, -49.6449, 0.77148, 129.767
543, 9.05833, 1.32344, 42.43, 116.508, -138.906, 116.815, 40.2488, 0.00849928, 131.931, 0.767887, -49.6674, 0.771008, 129.747
544, 9.06667, 1.31798, 42.2889, 116.325, -138.929, 116.635, 40.2278, 0.00847081, 131.786, 0.767402, -49.6898, 0.770538, 129.726
545, 9.07500, 1.31255, 42.148, 116.143, -138.952, 116.455, 40.2067, 0.00844249, 131.642, 0.766918, -49.7121, 0.77007, 129.705
545, 9.08333, 1.30715, 42.0073, 115.962, -138.975, 116.276, 40.1858, 0.00841432, 131.498, 0.766436, -49.7343, 0.769603, 129.685
546, 9.09167, 1.30178, 41.8667, 115.781, -138.998, 116.098, 40.165, 0.00838629, 131.355, 0.765955, -49.7565, 0.769138, 129.664
546, 9.10000, 1.29644, 41.7263, 115.601, -139.02, 115.92, 40.1442, 0.00835842, 131.211, 0.765476, -49.7785, 0.768675, 129.644
547, 9.10833, 1.29114, 41.5861, 115.421, -139.043, 115.743, 40.1236, 0.0083307, 131.068, 0.764999, -49.8004, 0.768213, 129.623
547, 9.11667, 1.28586, 41.4461, 115.242, -139.065, 115.566, 40.103, 0.00830311, 130.924, 0.764523, -49.8223, 0.767753, 129.603
547, 9.12500, 1.28062, 41.3062, 115.063, -139.088, 115.39, 40.0825, 0.00827568, 130.781, 0.764049, -49.8441, 0.767294, 129.583
548, 9.13333, 1.27541, 41.1665, 114.885, -139.11, 115.215, 40.0621, 0.00824839, 130.638, 0.763577, -49.8657, 0.766837, 129.563
549, 9.14167, 1.27023, 41.027, 114.708, -139.132, 115.039, 40.0417, 0.00822124, 130.495, 0.763106, -49.8873, 0.766381, 129.543
549, 9.15000, 1.26509, 40.8876, 114.531, -139.154, 114.865, 40.0215, 0.00819423, 130.352, 0.762637, -49.9088, 0.765927, 129.523
550, 9.15833, 1.25997, 40.7484, 114.355, -139.176, 114.691, 40.0013, 0.00816737, 130.21, 0.762169, -49.9302, 0.765475, 129.503
550, 9.16667, 1.25488, 40.6094, 114.179, -139.198, 114.518, 39.9812, 0.00814065, 130.067, 0.761703, -49.9516, 0.765024, 129.484
551, 9.17500, 1.24982, 40.4705, 114.004, -139.22, 114.345, 39.9612, 0.00811406, 129.925, 0.761239, -49.9728, 0.764575, 129.464
551, 9.18333, 1.2448, 40.3318, 113.83, -139.242, 114.173, 39.9413, 0.00808762, 129.782, 0.760776, -49.9939, 0.764127, 129.444
552, 9.19167, 1.2398, 40.1933, 113.656, -139.264, 114.001, 39.9214, 0.00806131, 129.64, 0.760315, -50.015, 0.763681, 129.425
552, 9.20000, 1.23483, 40.0549, 113.482, -139.285, 113.83, 39.9016, 0.00803515, 129.498, 0.759855, -50.036, 0.763236, 129.405
553, 9.20833, 1.22989, 39.9167, 113.309, -139.307, 113.659, 39.8819, 0.00800912, 129.356, 0.759397, -50.0569, 0.762792, 129.386
553, 9.21667, 1.22498, 39.7787, 113.137, -139.328, 113.489, 39.8623, 0.00798322, 129.214, 0.75894, -50.0777, 0.762351, 129.367
554, 9.22500, 1.2201, 39.6408, 112.965, -139.35, 113.319, 39.8428, 0.00795746, 129.073, 0.758485, -50.0984, 0.76191, 129.348
554, 9.23333, 1.21525, 39.5031, 112.794, -139.371, 113.15, 39.8233, 0.00793183, 128.931, 0.758032, -50.119, 0.761472, 129.328
555, 9.24167, 1.21043, 39.3655, 112.623, -139.392, 112.982, 39.8039, 0.00790634, 128.79, 0.75758, -50.1396, 0.761034, 129.309
555, 9.25000, 1.20563, 39.2281, 112.453, -139.413, 112.814, 39.7846, 0.00788098, 128.648, 0.757129, -50.16, 0.760598, 129.29
556, 9.25833, 1.20086, 39.0908, 112.283, -139.434, 112.646, 39.7654, 0.00785575, 128.507, 0.75668, -50.1804, 0.760164, 129.271
556, 9.26667, 1.19612, 38.9537, 112.114, -139.455, 112.479, 39.7462, 0.00783065, 128.366, 0.756233, -50.2007, 0.759731, 129.253
557, 9.27500, 1.19141, 38.8168, 111.945, -139.476, 112.313, 39.7271, 0.00780568, 128.225, 0.755787, -50.221, 0.759299, 129.234
557, 9.28333, 1.18673, 38.68, 111.777, -139.496, 112.147, 39.7081, 0.00778084, 128.084, 0.755342, -50.2411, 0.758869, 129.215
558, 9.29167, 1.18207, 38.5434, 111.61, -139.517, 111.981, 39.6892, 0.00775613, 127.943, 0.754899, -50.2612, 0.758441, 129.197
558, 9.30000, 1.17744, 38.4069, 111.443, -139.538, 111.817, 39.6703, 0.00773155, 127.803, 0.754458, -50.2811, 0.758013, 129.178
559, 9.30833, 1.17284, 38.2706, 111.276, -139.558, 111.652, 39.6515, 0.0077071, 127.662, 0.754018, -50.301, 0.757588, 129.16
559, 9.31667, 1.16826, 38.1344, 111.11, -139.579, 111.488, 39.6328, 0.00768277, 127.522, 0.753579, -50.3208, 0.757163, 129.141
560, 9.32500, 1.16371, 37.9984, 110.945, -139.599, 111.325, 39.6142, 0.00765856, 127.382, 0.753142, -50.3406, 0.75674, 129.123
560, 9.33333, 1.15919, 37.8625, 110.78, -139.619, 111.162, 39.5956, 0.00763449, 127.241, 0.752706, -50.3602, 0.756319, 129.105
561, 9.34167, 1.15469, 37.7268, 110.615, -139.639, 111, 39.5771, 0.00761053, 127.101, 0.752272, -50.3798, 0.755898, 129.087
561, 9.35000, 1.15022, 37.5912, 110.451, -139.659, 110.838, 39.5587, 0.0075867, 126.961, 0.751839, -50.3993, 0.75548, 129.068
562, 9.35833, 1.14577, 37.4558, 110.288, -139.679, 110.676, 39.5403, 0.00756299, 126.822, 0.751408, -50.4188, 0.755062, 129.05
562, 9.36667, 1.14135, 37.3206, 110.125, -139.699, 110.515, 39.522, 0.00753941, 126.682, 0.750978, -50.4381, 0.754646, 129.032
563, 9.37500, 1.13696, 37.1854, 109.962, -139.719, 110.355, 39.5038, 0.00751594, 126.542, 0.750549, -50.4574, 0.754232, 129.015
563, 9.38333, 1.13259, 37.0505, 109.8, -139.739, 110.195, 39.4856, 0.0074926, 126.403, 0.750122, -50.4766, 0.753818, 128.997
564, 9.39167, 1.12825, 36.9156, 109.639, -139.759, 110.035, 39.4676, 0.00746937, 126.263, 0.749696, -50.4957, 0.753406, 128.979
564, 9.40000, 1.12393, 36.781, 109.478, -139.778, 109.876, 39.4496, 0.00744627, 126.124, 0.749272, -50.5147, 0.752996, 128.961
564, 9.40833, 1.11964, 36.6464, 109.317, -139.798, 109.718, 39.4316, 0.00742328, 125.985, 0.748849, -50.5337, 0.752587, 128.944
565, 9.41667, 1.11537, 36.512, 109.157, -139.817, 109.56, 39.4137, 0.00740041, 125.846, 0.748427, -50.5526, 0.752179, 128.926
566, 9.42500, 1.11112, 36.3778, 108.998, -139.837, 109.402, 39.3959, 0.00737766, 125.707, 0.748007, -50.5714, 0.751772, 128.909
566, 9.43333, 1.1069, 36.2437, 108.839, -139.856, 109.245, 39.3782, 0.00735502, 125.568, 0.747588, -50.5902, 0.751367, 128.891
567, 9.44167, 1.10271, 36.1097, 108.68, -139.875, 109.089, 39.3605, 0.0073325, 125.429, 0.74717, -50.6088, 0.750963, 128.874
567, 9.45000, 1.09854, 35.9759, 108.522, -139.894, 108.932, 39.3429, 0.0073101, 125.29, 0.746754, -50.6274, 0.75056, 128.857
568, 9.45833, 1.09439, 35.8422, 108.365, -139.914, 108.777, 39.3254, 0.00728781, 125.151, 0.746339, -50.646, 0.750159, 128.839
568, 9.46667, 1.09026, 35.7087, 108.208, -139.933, 108.622, 39.3079, 0.00726563, 125.013, 0.745926, -50.6644, 0.749759, 128.822
568, 9.47500, 1.08616, 35.5753, 108.051, -139.952, 108.467, 39.2905, 0.00724356, 124.875, 0.745514, -50.6828, 0.74936, 128.805
569, 9.48333, 1.08208, 35.442, 107.895, -139.97, 108.312, 39.2732, 0.00722161, 124.736, 0.745103, -50.7011, 0.748963, 128.788
570, 9.49167, 1.07803, 35.3089, 107.739, -139.989, 108.159, 39.2559, 0.00719977, 124.598, 0.744693, -50.7193, 0.748567, 128.771
570, 9.50000, 1.074, 35.176, 107.584, -140.008, 108.005, 39.2387, 0.00717804, 124.46, 0.744285, -50.7375, 0.748172, 128.754
571, 9.50833, 1.06999, 35.0431, 107.429, -140.027, 107.852, 39.2216, 0.00715643, 124.322, 0.743878, -50.7556, 0.747778, 128.738
571, 9.51667, 1.066, 34.9104, 107.275, -140.045, 107.7, 39.2045, 0.00713492, 124.184, 0.743473, -50.7736, 0.747386, 128.721
572, 9.52500, 1.06204, 34.7779, 107.121, -140.064, 107.548, 39.1875, 0.00711352, 124.046, 0.743069, -50.7916, 0.746995, 128.704
572, 9.53333, 1.0581, 34.6454, 106.967, -140.082, 107.396, 39.1705, 0.00709223, 123.908, 0.742666, -50.8095, 0.746605, 128.687
572, 9.54167, 1.05418, 34.5131, 106.814, -140.101, 107.245, 39.1536, 0.00707104, 123.771, 0.742264, -50.8273, 0.746216, 128.671
573, 9.55000, 1.05029, 34.381, 106.662, -140.119, 107.094, 39.1368, 0.00704997, 123.633, 0.741864, -50.8451, 0.745829, 128.654
574, 9.55833, 1.04641, 34.249, 106.51, -140.137, 106.944, 39.12, 0.007029, 123.496, 0.741464, -50.8627, 0.745443, 128.638
574, 9.56667, 1.04256, 34.1171, 106.358, -140.155, 106.794, 39.1033, 0.00700814, 123.358, 0.741067, -50.8803, 0.745058, 128.622
575, 9.57500, 1.03873, 33.9854, 106.207, -140.173, 106.645, 39.0867, 0.00698738, 123.221, 0.74067, -50.8979, 0.744675, 128.605
575, 9.58333, 1.03492, 33.8538, 106.057, -140.191, 106.496, 39.0701, 0.00696673, 123.084, 0.740275, -50.9154, 0.744292, 128.589
576, 9.59167, 1.03113, 33.7223, 105.906, -140.209, 106.347, 39.0536, 0.00694618, 122.947, 0.739881, -50.9328, 0.743911, 128.573
576, 9.60000, 1.02737, 33.5909, 105.756, -140.227, 106.199, 39.0372, 0.00692574, 122.81, 0.739488, -50.9501, 0.743531, 128.557
577, 9.60833, 1.02362, 33.4597, 105.607, -140.245, 106.052, 39.0208, 0.0069054, 122.673, 0.739096, -50.9674, 0.743152, 128.541
577, 9.61667, 1.0199, 33.3287, 105.458, -140.263, 105.905, 39.0044, 0.00688516, 122.536, 0.738706, -50.9846, 0.742775, 128.524
578, 9.62500, 1.01619, 33.1977, 105.31, -140.281, 105.758, 38.9882, 0.00686503, 122.399, 0.738317, -51.0018, 0.742398, 128.509
578, 9.63333, 1.01251, 33.0669, 105.162, -140.298, 105.611, 38.972, 0.00684499, 122.262, 0.737929, -51.0189, 0.742023, 128.493
579, 9.64167, 1.00885, 32.9362, 105.014, -140.316, 105.465, 38.9558, 0.00682506, 122.126, 0.737542, -51.0359, 0.741649, 128.477
579, 9.65000, 1.00521, 32.8057, 104.867, -140.333, 105.32, 38.9397, 0.00680522, 121.989, 0.737157, -51.0528, 0.741276, 128.461
580, 9.65833, 1.00159, 32.6753, 104.72, -140.351, 105.175, 38.9237, 0.00678549, 121.853, 0.736773, -51.0697, 0.740904, 128.445
580, 9.66667, 0.997985, 32.545, 104.574, -140.368, 105.03, 38.9077, 0.00676586, 121.717, 0.73639, -51.0866, 0.740534, 128.43
581, 9.67500, 0.994404, 32.4148, 104.428, -140.385, 104.886, 38.8918, 0.00674632, 121.58, 0.736008, -51.1033, 0.740164, 128.414
581, 9.68333, 0.990843, 32.2848, 104.282, -140.403, 104.742, 38.8759, 0.00672688, 121.444, 0.735627, -51.12, 0.739796, 128.398
582, 9.69167, 0.987302, 32.1549, 104.137, -140.42, 104.599, 38.8601, 0.00670754, 121.308, 0.735248, -51.1367, 0.739429, 128.383
582, 9.70000, 0.983781, 32.0251, 103.992, -140.437, 104.456, 38.8444, 0.0066883, 121.172, 0.734869, -51.1532, 0.739063, 128.367
583, 9.70833, 0.980279, 31.8955, 103.848, -140.454, 104.313, 38.8287, 0.00666916, 121.036, 0.734492, -51.1698, 0.738698, 128.352
583, 9.71667, 0.976796, 31.766, 103.704, -140.471, 104.171, 38.8131, 0.0066501, 120.9, 0.734116, -51.1862, 0.738335, 128.337
584, 9.72500, 0.973333, 31.6366, 103.561, -140.488, 104.029, 38.7975, 0.00663115, 120.765, 0.733741, -51.2026, 0.737972, 128.321
584, 9.73333, 0.969889, 31.5073, 103.418, -140.505, 103.887, 38.782, 0.00661229, 120.629, 0.733368, -51.2189, 0.737611, 128.306
585, 9.74167, 0.966464, 31.3782, 103.275, -140.521, 103.746, 38.7665, 0.00659352, 120.493, 0.732995, -51.2352, 0.737251, 128.291
585, 9.75000, 0.963058, 31.2492, 103.133, -140.538, 103.606, 38.7511, 0.00657485, 120.358, 0.732624, -51.2514, 0.736891, 128.276
586, 9.75833, 0.959671, 31.1203, 102.991, -140.555, 103.466, 38.7358, 0.00655628, 120.222, 0.732254, -51.2675, 0.736533, 128.261
586, 9.76667, 0.956302, 30.9916, 102.85, -140.572, 103.326, 38.7205, 0.00653779, 120.087, 0.731885, -51.2836, 0.736176, 128.246
587, 9.77500, 0.952952, 30.8629, 102.709, -140.588, 103.186, 38.7052, 0.0065194, 119.952, 0.731517, -51.2997, 0.735821, 128.231
587, 9.78333, 0.949621, 30.7345, 102.568, -140.605, 103.047, 38.6901, 0.0065011, 119.817, 0.73115, -51.3156, 0.735466, 128.216
588, 9.79167, 0.946307, 30.6061, 102.428, -140.621, 102.909, 38.6749, 0.00648288, 119.681, 0.730785, -51.3315, 0.735112, 128.201
588, 9.80000, 0.943013, 30.4778, 102.289, -140.637, 102.77, 38.6598, 0.00646477, 119.546, 0.73042, -51.3474, 0.73476, 128.186
589, 9.80833, 0.939736, 30.3497, 102.149, -140.654, 102.633, 38.6448, 0.00644674, 119.411, 0.730057, -51.3632, 0.734408, 128.172
589, 9.81667, 0.936477, 30.2217, 102.01, -140.67, 102.495, 38.6299, 0.0064288, 119.276, 0.729694, -51.3789, 0.734058, 128.157
590, 9.82500, 0.933236, 30.0938, 101.872, -140.686, 102.358, 38.6149, 0.00641095, 119.142, 0.729333, -51.3946, 0.733708, 128.142
590, 9.83333, 0.930013, 29.9661, 101.733, -140.702, 102.221, 38.6001, 0.00639319, 119.007, 0.728973, -51.4102, 0.73336, 128.128
591, 9.84167, 0.926807, 29.8385, 101.596, -140.718, 102.085, 38.5853, 0.00637552, 118.872, 0.728614, -51.4258, 0.733013, 128.113
591, 9.85000, 0.923619, 29.711, 101.458, -140.734, 101.949, 38.5705, 0.00635793, 118.738, 0.728256, -51.4413, 0.732667, 128.099
592, 9.85833, 0.920448, 29.5836, 101.321, -140.75, 101.813, 38.5558, 0.00634044, 118.603, 0.727899, -51.4567, 0.732322, 128.084
592, 9.86667, 0.917295, 29.4563, 101.184, -140.766, 101.678, 38.5412, 0.00632303, 118.469, 0.727544, -51.4721, 0.731977, 128.07
593, 9.87500, 0.914158, 29.3292, 101.048, -140.782, 101.543, 38.5266, 0.0063057, 118.334, 0.727189, -51.4874, 0.731634, 128.056
593, 9.88333, 0.911039, 29.2022, 100.912, -140.798, 101.409, 38.512, 0.00628847, 118.2, 0.726835, -51.5027, 0.731292, 128.042
594, 9.89167, 0.907937, 29.0753, 100.777, -140.814, 101.275, 38.4975, 0.00627131, 118.066, 0.726483, -51.5179, 0.730951, 128.027
594, 9.90000, 0.904852, 28.9486, 100.642, -140.829, 101.141, 38.4831, 0.00625425, 117.932, 0.726131, -51.5331, 0.730611, 128.013
595, 9.90833, 0.901784, 28.8219, 100.507, -140.845, 101.008, 38.4687, 0.00623727, 117.798, 0.725781, -51.5482, 0.730273, 127.999
595, 9.91667, 0.898731, 28.6954, 100.372, -140.86, 100.875, 38.4543, 0.00622037, 117.664, 0.725432, -51.5633, 0.729935, 127.985
596, 9.92500, 0.895696, 28.569, 100.238, -140.876, 100.742, 38.44, 0.00620356, 117.53, 0.725083, -51.5783, 0.729598, 127.971
596, 9.93333, 0.892678, 28.4427, 100.105, -140.891, 100.61, 38.4258, 0.00618683, 117.396, 0.724736, -51.5932, 0.729262, 127.957
597, 9.94167, 0.889675, 28.3166, 99.9714, -140.907, 100.478, 38.4116, 0.00617018, 117.262, 0.72439, -51.6081, 0.728927, 127.943
597, 9.95000, 0.886689, 28.1906, 99.8385, -140.922, 100.346, 38.3974, 0.00615361, 117.129, 0.724045, -51.623, 0.728593, 127.929
598, 9.95833, 0.883719, 28.0647, 99.706, -140.937, 100.215, 38.3833, 0.00613713, 116.995, 0.723701, -51.6377, 0.72826, 127.915
598, 9.96667, 0.880764, 27.9389, 99.5738, -140.953, 100.084, 38.3693, 0.00612073, 116.861, 0.723357, -51.6525, 0.727928, 127.902
599, 9.97500, 0.877826, 27.8132, 99.442, -140.968, 99.9539, 38.3553, 0.00610441, 116.728, 0.723015, -51.6672, 0.727598, 127.888
599, 9.98333, 0.874904, 27.6877, 99.3105, -140.983, 99.8238, 38.3414, 0.00608817, 116.595, 0.722674, -51.6818, 0.727268, 127.874
600, 9.99167, 0.871997, 27.5622, 99.1794, -140.998, 99.694, 38.3274, 0.00607201, 116.461, 0.722334, -51.6964, 0.726939, 127.861
600, 10.00000, 0.869107, 27.4369, 99.0487, -141.013, 99.5646, 38.3136, 0.00605593, 116.328, 0.721995, -51.7109, 0.726611, 127.847
601, 10.00833, 0.866231, 27.3117, 98.9183, -141.028, 99.4355, 38.2998, 0.00603993, 116.195, 0.721657, -51.7253, 0.726284, 127.834
601, 10.01667, 0.863371, 27.1867, 98.7882, -141.043, 99.3068, 38.286, 0.00602401, 116.062, 0.72132, -51.7398, 0.725958, 127.82
602, 10.02500, 0.860527, 27.0617, 98.6586, -141.058, 99.1785, 38.2723, 0.00600817, 115.929, 0.720984, -51.7541, 0.725633, 127.807
602, 10.03333, 0.857698, 26.9369, 98.5293, -141.073, 99.0504, 38.2587, 0.0059924, 115.796, 0.720649, -51.7685, 0.725309, 127.793
603, 10.04167, 0.854883, 26.8122, 98.4003, -141.087, 98.9228, 38.245, 0.00597671, 115.663, 0.720315, -51.7827, 0.724985, 127.78
603, 10.05000, 0.852084, 26.6876, 98.2717, -141.102, 98.7954, 38.2315, 0.00596111, 115.53, 0.719981, -51.7969, 0.724663, 127.767
604, 10.05833, 0.8493, 26.5632, 98.1434, -141.117, 98.6684, 38.218, 0.00594557, 115.397, 0.719649, -51.8111, 0.724342, 127.753
604, 10.06667, 0.846531, 26.4388, 98.0155, -141.131, 98.5418, 38.2045, 0.00593012, 115.265, 0.719318, -51.8252, 0.724022, 127.74
605, 10.07500, 0.843776, 26.3146, 97.8879, -141.146, 98.4155, 38.191, 0.00591474, 115.132, 0.718988, -51.8393, 0.723702, 127.727
605, 10.08333, 0.841037, 26.1905, 97.7607, -141.16, 98.2895, 38.1777, 0.00589944, 114.999, 0.718659, -51.8533, 0.723384, 127.714
606, 10.09167, 0.838311, 26.0665, 97.6337, -141.175, 98.1638, 38.1643, 0.00588421, 114.867, 0.71833, -51.8673, 0.723067, 127.701
606, 10.10000, 0.835601, 25.9426, 97.5072, -141.189, 98.0385, 38.151, 0.00586906, 114.734, 0.718003, -51.8812, 0.72275, 127.688
607, 10.10833, 0.832905, 25.8189, 97.381, -141.204, 97.9136, 38.1378, 0.00585398, 114.602, 0.717677, -51.895, 0.722434, 127.675
607, 10.11667, 0.830223, 25.6953, 97.2551, -141.218, 97.7889, 38.1246, 0.00583897, 114.47, 0.717351, -51.9089, 0.72212, 127.662
608, 10.12500, 0.827555, 25.5717, 97.1296, -141.232, 97.6646, 38.1114, 0.00582404, 114.338, 0.717027, -51.9226, 0.721806, 127.649
608, 10.13333, 0.824902, 25.4484, 97.0044, -141.246, 97.5406, 38.0983, 0.00580919, 114.205, 0.716703, -51.9364, 0.721493, 127.636
609, 10.14167, 0.822263, 25.3251, 96.8795, -141.261, 97.4169, 38.0852, 0.0057944, 114.073, 0.716381, -51.95, 0.721181, 127.623
609, 10.15000, 0.819637, 25.2019, 96.755, -141.275, 97.2936, 38.0722, 0.00577969, 113.941, 0.716059, -51.9637, 0.72087, 127.611
610, 10.15833, 0.817026, 25.0789, 96.6307, -141.289, 97.1706, 38.0592, 0.00576505, 113.809, 0.715738, -51.9772, 0.72056, 127.598
610, 10.16667, 0.814428, 24.956, 96.5069, -141.303, 97.0479, 38.0463, 0.00575048, 113.678, 0.715418, -51.9908, 0.72025, 127.585
611, 10.17500, 0.811844, 24.8332, 96.3833, -141.317, 96.9255, 38.0334, 0.00573599, 113.546, 0.7151, -52.0042, 0.719942, 127.573
611, 10.18333, 0.809274, 24.7105, 96.2601, -141.331, 96.8035, 38.0206, 0.00572157, 113.414, 0.714782, -52.0177, 0.719634, 127.56
612, 10.19167, 0.806717, 24.588, 96.1372, -141.344, 96.6818, 38.0078, 0.00570721, 113.282, 0.714464, -52.0311, 0.719328, 127.547
612, 10.20000, 0.804174, 24.4655, 96.0146, -141.358, 96.5604, 37.995, 0.00569293, 113.151, 0.714148, -52.0444, 0.719022, 127.535
613, 10.20833, 0.801645, 24.3432, 95.8924, -141.372, 96.4393, 37.9823, 0.00567872, 113.019, 0.713833, -52.0577, 0.718717, 127.523
613, 10.21667, 0.799128, 24.221, 95.7704, -141.386, 96.3185, 37.9696, 0.00566457, 112.888, 0.713519, -52.071, 0.718413, 127.51
614, 10.22500, 0.796625, 24.0989, 95.6488, -141.399, 96.198, 37.957, 0.0056505, 112.756, 0.713205, -52.0842, 0.71811, 127.498
614, 10.23333, 0.794135, 23.977, 95.5276, -141.413, 96.0779, 37.9444, 0.0056365, 112.625, 0.712893, -52.0973, 0.717808, 127.485
615, 10.24167, 0.791658, 23.8551, 95.4066, -141.427, 95.9581, 37.9318, 0.00562256, 112.494, 0.712581, -52.1104, 0.717506, 127.473
615, 10.25000, 0.789194, 23.7334, 95.2859, -141.44, 95.8385, 37.9193, 0.00560869, 112.363, 0.71227, -52.1235, 0.717206, 127.461
616, 10.25833, 0.786743, 23.6118, 95.1656, -141.454, 95.7193, 37.9068, 0.00559489, 112.232, 0.71196, -52.1365, 0.716906, 127.449
616, 10.26667, 0.784304, 23.4903, 95.0456, -141.467, 95.6004, 37.8944, 0.00558116, 112.101, 0.711651, -52.1495, 0.716607, 127.437
617, 10.27500, 0.781879, 23.3689, 94.9259, -141.481, 95.4818, 37.882, 0.0055675, 111.97, 0.711343, -52.1625, 0.716309, 127.424
617, 10.28333, 0.779466, 23.2477, 94.8065, -141.494, 95.3635, 37.8697, 0.0055539, 111.839, 0.711036, -52.1753, 0.716012, 127.412
618, 10.29167, 0.777066, 23.1265, 94.6874, -141.507, 95.2455, 37.8574, 0.00554037, 111.708, 0.710729, -52.1882, 0.715716, 127.4
618, 10.30000, 0.774678, 23.0055, 94.5686, -141.521, 95.1278, 37.8451, 0.00552691, 111.577, 0.710424, -52.201, 0.71542, 127.388
619, 10.30833, 0.772303, 22.8846, 94.4501, -141.534, 95.0105, 37.8329, 0.00551351, 111.446, 0.710119, -52.2138, 0.715126, 127.376
619, 10.31667, 0.76994, 22.7638, 94.332, -141.547, 94.8934, 37.8207, 0.00550018, 111.316, 0.709815, -52.2265, 0.714832, 127.364
620, 10.32500, 0.76759, 22.6432, 94.2141, -141.56, 94.7766, 37.8086, 0.00548691, 111.185, 0.709512, -52.2391, 0.714539, 127.352
620, 10.33333, 0.765252, 22.5226, 94.0966, -141.573, 94.6601, 37.7965, 0.00547371, 111.055, 0.70921, -52.2518, 0.714247, 127.341
621, 10.34167, 0.762926, 22.4022, 93.9793, -141.586, 94.5439, 37.7844, 0.00546057, 110.924, 0.708909, -52.2644, 0.713956, 127.329
621, 10.35000, 0.760612, 22.2819, 93.8624, -141.599, 94.428, 37.7724, 0.00544749, 110.794, 0.708608, -52.2769, 0.713665, 127.317
622, 10.35833, 0.75831, 22.1617, 93.7457, -141.612, 94.3124, 37.7604, 0.00543449, 110.664, 0.708309, -52.2894, 0.713375, 127.305
622, 10.36667, 0.75602, 22.0417, 93.6294, -141.625, 94.1971, 37.7485, 0.00542154, 110.533, 0.70801, -52.3019, 0.713086, 127.294
623, 10.37500, 0.753742, 21.9217, 93.5133, -141.638, 94.0821, 37.7366, 0.00540866, 110.403, 0.707712, -52.3143, 0.712798, 127.282
623, 10.38333, 0.751476, 21.8019, 93.3976, -141.651, 93.9674, 37.7247, 0.00539584, 110.273, 0.707415, -52.3266, 0.712511, 127.27
624, 10.39167, 0.749221, 21.6822, 93.2821, -141.664, 93.8529, 37.7129, 0.00538308, 110.143, 0.707119, -52.339, 0.712225, 127.259
624, 10.40000, 0.746978, 21.5626, 93.1669, -141.676, 93.7388, 37.7011, 0.00537039, 110.013, 0.706823, -52.3513, 0.711939, 127.247
625, 10.40833, 0.744747, 21.4431, 93.0521, -141.689, 93.6249, 37.6894, 0.00535776, 109.883, 0.706529, -52.3635, 0.711654, 127.236
625, 10.41667, 0.742527, 21.3238, 92.9375, -141.702, 93.5114, 37.6776, 0.00534519, 109.753, 0.706235, -52.3757, 0.71137, 127.224
626, 10.42500, 0.740319, 21.2046, 92.8232, -141.714, 93.3981, 37.666, 0.00533268, 109.624, 0.705942, -52.3879, 0.711087, 127.213
626, 10.43333, 0.738122, 21.0855, 92.7092, -141.727, 93.2851, 37.6543, 0.00532023, 109.494, 0.70565, -52.4, 0.710804, 127.201
627, 10.44167, 0.735936, 20.9665, 92.5955, -141.739, 93.1724, 37.6427, 0.00530784, 109.364, 0.705358, -52.4121, 0.710522, 127.19
627, 10.45000, 0.733762, 20.8476, 92.4821, -141.752, 93.0599, 37.6312, 0.00529552, 109.235, 0.705068, -52.4241, 0.710241, 127.179
628, 10.45833, 0.731599, 20.7289, 92.3689, -141.764, 92.9478, 37.6197, 0.00528325, 109.105, 0.704778, -52.4361, 0.709961, 127.168
628, 10.46667, 0.729446, 20.6102, 92.2561, -141.777, 92.8359, 37.6082, 0.00527105, 108.976, 0.704489, -52.4481, 0.709682, 127.156
629, 10.47500, 0.727305, 20.4917, 92.1435, -141.789, 92.7243, 37.5967, 0.0052589, 108.847, 0.704201, -52.46, 0.709403, 127.145
629, 10.48333, 0.725176, 20.3733, 92.0313, -141.801, 92.613, 37.5853, 0.00524682, 108.717, 0.703913, -52.4719, 0.709125, 127.134
630, 10.49167, 0.723056, 20.2551, 91.9193, -141.814, 92.502, 37.5739, 0.00523479, 108.588, 0.703626, -52.4838, 0.708848, 127.123
630, 10.50000, 0.720948, 20.1369, 91.8075, -141.826, 92.3912, 37.5626, 0.00522282, 108.459, 0.703341, -52.4956, 0.708571, 127.112
631, 10.50833, 0.718851, 20.0189, 91.6961, -141.838, 92.2807, 37.5513, 0.00521091, 108.33, 0.703055, -52.5073, 0.708296, 127.101
631, 10.51667, 0.716764, 19.901, 91.5849, -141.85, 92.1705, 37.54, 0.00519906, 108.201, 0.702771, -52.5191, 0.708021, 127.09
632, 10.52500, 0.714688, 19.7832, 91.4741, -141.862, 92.0606, 37.5288, 0.00518726, 108.072, 0.702488, -52.5308, 0.707747, 127.079
632, 10.53333, 0.712623, 19.6655, 91.3635, -141.875, 91.9509, 37.5176, 0.00517553, 107.943, 0.702205, -52.5424, 0.707473, 127.068
633, 10.54167, 0.710568, 19.548, 91.2531, -141.887, 91.8415, 37.5065, 0.00516385, 107.814, 0.701923, -52.554, 0.707201, 127.057
633, 10.55000, 0.708523, 19.4306, 91.1431, -141.899, 91.7324, 37.4953, 0.00515223, 107.686, 0.701642, -52.5656, 0.706929, 127.046
634, 10.55833, 0.706489, 19.3133, 91.0333, -141.911, 91.6235, 37.4843, 0.00514066, 107.557, 0.701361, -52.5771, 0.706658, 127.035
634, 10.56667, 0.704466, 19.1961, 90.9238, -141.923, 91.5149, 37.4732, 0.00512916, 107.428, 0.701081, -52.5886, 0.706387, 127.024
635, 10.57500, 0.702452, 19.079, 90.8146, -141.934, 91.4066, 37.4622, 0.0051177, 107.3, 0.700802, -52.6001, 0.706118, 127.013
635, 10.58333, 0.700449, 18.9621, 90.7056, -141.946, 91.2985, 37.4512, 0.00510631, 107.172, 0.700524, -52.6115, 0.705849, 127.003
636, 10.59167, 0.698456, 18.8452, 90.5969, -141.958, 91.1907, 37.4403, 0.00509497, 107.043, 0.700247, -52.6229, 0.70558, 126.992
636, 10.60000, 0.696474, 18.7286, 90.4885, -141.97, 91.0832, 37.4293, 0.00508368, 106.915, 0.69997, -52.6342, 0.705313, 126.981
637, 10.60833, 0.694501, 18.612, 90.3803, -141.982, 90.9759, 37.4185, 0.00507246, 106.787, 0.699694, -52.6455, 0.705046, 126.971
637, 10.61667, 0.692538, 18.4955, 90.2724, -141.993, 90.8689, 37.4076, 0.00506128, 106.659, 0.699419, -52.6568, 0.70478, 126.96
638, 10.62500, 0.690585, 18.3792, 90.1648, -142.005, 90.7622, 37.3968, 0.00505016, 106.531, 0.699144, -52.668, 0.704515, 126.95
638, 10.63333, 0.688643, 18.263, 90.0574, -142.017, 90.6557, 37.386, 0.0050391, 106.403, 0.69887, -52.6792, 0.70425, 126.939
639, 10.64167, 0.686709, 18.1469, 89.9503, -142.028, 90.5494, 37.3753, 0.00502808, 106.275, 0.698597, -52.6904, 0.703986, 126.928
639, 10.65000, 0.684786, 18.031, 89.8435, -142.04, 90.4435, 37.3646, 0.00501713, 106.147, 0.698325, -52.7015, 0.703723, 126.918
640, 10.65833, 0.682873, 17.9151, 89.7369, -142.051, 90.3377, 37.3539, 0.00500622, 106.019, 0.698053, -52.7126, 0.70346, 126.908
640, 10.66667, 0.680969, 17.7994, 89.6306, -142.063, 90.2323, 37.3433, 0.00499537, 105.891, 0.697782, -52.7237, 0.703198, 126.897
641, 10.67500, 0.679074, 17.6838, 89.5245, -142.074, 90.1271, 37.3327, 0.00498458, 105.764, 0.697512, -52.7347, 0.702937, 126.887
641, 10.68333, 0.67719, 17.5684, 89.4187, -142.086, 90.0221, 37.3221, 0.00497383, 105.636, 0.697243, -52.7457, 0.702677, 126.876
642, 10.69167, 0.675314, 17.453, 89.3132, -142.097, 89.9174, 37.3116, 0.00496314, 105.509, 0.696974, -52.7566, 0.702417, 126.866
642, 10.70000, 0.673449, 17.3378, 89.2079, -142.108, 89.813, 37.3011, 0.0049525, 105.381, 0.696706, -52.7675, 0.702158, 126.856
643, 10.70833, 0.671592, 17.2227, 89.1029, -142.12, 89.7088, 37.2906, 0.00494191, 105.254, 0.696439, -52.7784, 0.701899, 126.846
643, 10.71667, 0.669745, 17.1077, 88.9981, -142.131, 89.6048, 37.2801, 0.00493138, 105.127, 0.696172, -52.7893, 0.701642, 126.835
644, 10.72500, 0.667907, 16.9929, 88.8936, -142.142, 89.5011, 37.2697, 0.00492089, 105, 0.695906, -52.8001, 0.701385, 126.825
644, 10.73333, 0.666079, 16.8781, 88.7893, -142.153, 89.3977, 37.2594, 0.00491046, 104.872, 0.695641, -52.8108, 0.701128, 126.815
645, 10.74167, 0.664259, 16.7635, 88.6853, -142.164, 89.2944, 37.249, 0.00490008, 104.745, 0.695376, -52.8216, 0.700872, 126.805
645, 10.75000, 0.662449, 16.6491, 88.5815, -142.176, 89.1915, 37.2387, 0.00488975, 104.618, 0.695113, -52.8323, 0.700617, 126.795
646, 10.75833, 0.660648, 16.5347, 88.478, -142.187, 89.0888, 37.2284, 0.00487947, 104.492, 0.694849, -52.8429, 0.700363, 126.785
646, 10.76667, 0.658855, 16.4205, 88.3747, -142.198, 88.9863, 37.2182, 0.00486924, 104.365, 0.694587, -52.8536, 0.700109, 126.775
647, 10.77500, 0.657072, 16.3064, 88.2717, -142.209, 88.8841, 37.208, 0.00485906, 104.238, 0.694325, -52.8642, 0.699856, 126.765
647, 10.78333, 0.655297, 16.1924, 88.1689, -142.22, 88.7821, 37.1978, 0.00484893, 104.111, 0.694064, -52.8747, 0.699604, 126.755
648, 10.79167, 0.653532, 16.0786, 88.0664, -142.231, 88.6804, 37.1876, 0.00483885, 103.985, 0.693804, -52.8853, 0.699352, 126.745
648, 10.80000, 0.651775, 15.9648, 87.9641, -142.241, 88.5789, 37.1775, 0.00482882, 103.858, 0.693544, -52.8958, 0.699101, 126.735
649, 10.80833, 0.650027, 15.8512, 87.8621, -142.252, 88.4776, 37.1674, 0.00481884, 103.732, 0.693285, -52.9062, 0.698851, 126.725
649, 10.81667, 0.648288, 15.7378, 87.7603, -142.263, 88.3766, 37.1573, 0.00480891, 103.606, 0.693027, -52.9167, 0.698601, 126.715
650, 10.82500, 0.646557, 15.6244, 87.6587, -142.274, 88.2758, 37.1473, 0.00479902, 103.479, 0.692769, -52.9271, 0.698352, 126.706
650, 10.83333, 0.644835, 15.5112, 87.5574, -142.285, 88.1752, 37.1373, 0.00478919, 103.353, 0.692512, -52.9374, 0.698104, 126.696
651, 10.84167, 0.643121, 15.3981, 87.4563, -142.296, 88.0749, 37.1273, 0.0047794, 103.227, 0.692255, -52.9478, 0.697856, 126.686
651, 10.85000, 0.641417, 15.2852, 87.3555, -142.306, 87.9748, 37.1174, 0.00476966, 103.101, 0.692, -52.9581, 0.697609, 126.676
652, 10.85833, 0.63972, 15.1723, 87.2549, -142.317, 87.875, 37.1075, 0.00475997, 102.975, 0.691745, -52.9683, 0.697362, 126.667
652, 10.86667, 0.638032, 15.0596, 87.1545, -142.328, 87.7754, 37.0976, 0.00475032, 102.849, 0.69149, -52.9786, 0.697116, 126.657
653, 10.87500, 0.636352, 14.947, 87.0544, -142.338, 87.676, 37.0878, 0.00474073, 102.723, 0.691236, -52.9888, 0.696871, 126.647
653, 10.88333, 0.634681, 14.8346, 86.9545, -142.349, 87.5769, 37.078, 0.00473118, 102.598, 0.690983, -52.9989, 0.696626, 126.638
654, 10.89167, 0.633017, 14.7222, 86.8549, -142.359, 87.478, 37.0682, 0.00472168, 102.472, 0.690731, -53.0091, 0.696382, 126.628
654, 10.90000, 0.631362, 14.61, 86.7555, -142.37, 87.3793, 37.0584, 0.00471222, 102.347, 0.690479, -53.0192, 0.696139, 126.619
655, 10.90833, 0.629716, 14.498, 86.6563, -142.38, 87.2808, 37.0487, 0.00470281, 102.221, 0.690228, -53.0293, 0.695896, 126.609
655, 10.91667, 0.628077, 14.386, 86.5573, -142.391, 87.1826, 37.039, 0.00469345, 102.096, 0.689977, -53.0393, 0.695654, 126.6
656, 10.92500, 0.626446, 14.2742, 86.4586, -142.401, 87.0846, 37.0293, 0.00468413, 101.97, 0.689727, -53.0493, 0.695412, 126.59
656, 10.93333, 0.624824, 14.1625, 86.3601, -142.411, 86.9869, 37.0197, 0.00467486, 101.845, 0.689478, -53.0593, 0.695172, 126.581
657, 10.94167, 0.623209, 14.051, 86.2619, -142.422, 86.8893, 37.0101, 0.00466564, 101.72, 0.689229, -53.0692, 0.694931, 126.571
657, 10.95000, 0.621603, 13.9396, 86.1638, -142.432, 86.792, 37.0005, 0.00465646, 101.595, 0.688981, -53.0792, 0.694692, 126.562
658, 10.95833, 0.620004, 13.8283, 86.0661, -142.442, 86.6949, 36.9909, 0.00464732, 101.47, 0.688734, -53.089, 0.694453, 126.553
658, 10.96667, 0.618413, 13.7171, 85.9685, -142.453, 86.598, 36.9814, 0.00463823, 101.345, 0.688487, -53.0989, 0.694214, 126.543
659, 10.97500, 0.61683, 13.6061, 85.8711, -142.463, 86.5014, 36.9719, 0.00462919, 101.22, 0.688241, -53.1087, 0.693976, 126.534
659, 10.98333, 0.615255, 13.4952, 85.774, -142.473, 86.405, 36.9625, 0.00462019, 101.096, 0.687996, -53.1185, 0.693739, 126.525
660, 10.99167, 0.613687, 13.3844, 85.6771, -142.483, 86.3087, 36.953, 0.00461123, 100.971, 0.687751, -53.1283, 0.693502, 126.516
660, 11.00000, 0.612127, 13.2737, 85.5805, -142.493, 86.2128, 36.9436, 0.00460232, 100.846, 0.687506, -53.138, 0.693266, 126.506
661, 11.00833, 0.610575, 13.1632, 85.484, -142.503, 86.117, 36.9342, 0.00459345, 100.722, 0.687263, -53.1477, 0.693031, 126.497
661, 11.01667, 0.60903, 13.0528, 85.3878, -142.514, 86.0215, 36.9249, 0.00458462, 100.598, 0.68702, -53.1574, 0.692796, 126.488
662, 11.02500, 0.607493, 12.9426, 85.2918, -142.524, 85.9261, 36.9155, 0.00457584, 100.473, 0.686777, -53.167, 0.692562, 126.479
662, 11.03333, 0.605964, 12.8325, 85.196, -142.534, 85.831, 36.9063, 0.0045671, 100.349, 0.686535, -53.1767, 0.692328, 126.47
663, 11.04167, 0.604441, 12.7225, 85.1004, -142.544, 85.7361, 36.897, 0.00455841, 100.225, 0.686294, -53.1862, 0.692095, 126.461
663, 11.05000, 0.602927, 12.6126, 85.0051, -142.554, 85.6415, 36.8877, 0.00454976, 100.101, 0.686053, -53.1958, 0.691862, 126.452
664, 11.05833, 0.601419, 12.5029, 84.91, -142.563, 85.547, 36.8785, 0.00454115, 99.977, 0.685813, -53.2053, 0.69163, 126.443
664, 11.06667, 0.599919, 12.3933, 84.8151, -142.573, 85.4528, 36.8693, 0.00453258, 99.8531, 0.685574, -53.2148, 0.691399, 126.434
665, 11.07500, 0.598427, 12.2839, 84.7204, -142.583, 85.3587, 36.8602, 0.00452406, 99.7294, 0.685335, -53.2243, 0.691168, 126.425
665, 11.08333, 0.596941, 12.1745, 84.6259, -142.593, 85.2649, 36.851, 0.00451557, 99.6057, 0.685097, -53.2337, 0.690938, 126.416
666, 11.09167, 0.595463, 12.0653, 84.5317, -142.603, 85.1713, 36.8419, 0.00450713, 99.4821, 0.684859, -53.2431, 0.690708, 126.407
666, 11.10000, 0.593992, 11.9563, 84.4376, -142.613, 85.0779, 36.8329, 0.00449873, 99.3586, 0.684622, -53.2525, 0.690479, 126.398
667, 11.10833, 0.592528, 11.8474, 84.3438, -142.622, 84.9847, 36.8238, 0.00449038, 99.2352, 0.684385, -53.2619, 0.690251, 126.389
667, 11.11667, 0.591071, 11.7386, 84.2502, -142.632, 84.8917, 36.8148, 0.00448206, 99.1118, 0.68415, -53.2712, 0.690023, 126.381
668, 11.12500, 0.589621, 11.6299, 84.1568, -142.642, 84.799, 36.8058, 0.00447379, 98.9886, 0.683914, -53.2805, 0.689796, 126.372
668, 11.13333, 0.588179, 11.5214, 84.0636, -142.651, 84.7064, 36.7968, 0.00446555, 98.8655, 0.683679, -53.2897, 0.689569, 126.363
669, 11.14167, 0.586743, 11.413, 83.9706, -142.661, 84.6141, 36.7879, 0.00445736, 98.7424, 0.683445, -53.299, 0.689342, 126.354
669, 11.15000, 0.585314, 11.3048, 83.8779, -142.671, 84.5219, 36.7789, 0.00444921, 98.6194, 0.683212, -53.3082, 0.689117, 126.346
670, 11.15833, 0.583892, 11.1967, 83.7853, -142.68, 84.43, 36.77, 0.00444109, 98.4966, 0.682979, -53.3174, 0.688892, 126.337
670, 11.16667, 0.582477, 11.0887, 83.6929, -142.69, 84.3382, 36.7612, 0.00443302, 98.3738, 0.682746, -53.3265, 0.688667, 126.328
671, 11.17500, 0.581069, 10.9808, 83.6008, -142.699, 84.2467, 36.7523, 0.00442499, 98.2511, 0.682514, -53.3356, 0.688443, 126.32
671, 11.18333, 0.579667, 10.8731, 83.5089, -142.709, 84.1554, 36.7435, 0.004417, 98.1285, 0.682283, -53.3447, 0.68822, 126.311
672, 11.19167, 0.578272, 10.7655, 83.4171, -142.718, 84.0643, 36.7347, 0.00440904, 98.006, 0.682052, -53.3538, 0.687997, 126.302
672, 11.20000, 0.576885, 10.6581, 83.3256, -142.727, 83.9734, 36.726, 0.00440113, 97.8836, 0.681822, -53.3628, 0.687774, 126.294
673, 11.20833, 0.575503, 10.5508, 83.2343, -142.737, 83.8826, 36.7172, 0.00439326, 97.7613, 0.681592, -53.3719, 0.687552, 126.285
673, 11.21667, 0.574128, 10.4436, 83.1432, -142.746, 83.7921, 36.7085, 0.00438542, 97.639, 0.681363, -53.3809, 0.687331, 126.277
674, 11.22500, 0.57276, 10.3366, 83.0523, -142.756, 83.7018, 36.6998, 0.00437763, 97.5169, 0.681135, -53.3898, 0.68711, 126.268
674, 11.23333, 0.571399, 10.2297, 82.9616, -142.765, 83.6117, 36.6912, 0.00436987, 97.3949, 0.680907, -53.3987, 0.68689, 126.26
675, 11.24167, 0.570044, 10.123, 82.8711, -142.774, 83.5218, 36.6825, 0.00436215, 97.273, 0.680679, -53.4076, 0.68667, 126.251
675, 11.25000, 0.568695, 10.0164, 82.7808, -142.783, 83.4321, 36.6739, 0.00435447, 97.1511, 0.680452, -53.4165, 0.686451, 126.243
676, 11.25833, 0.567353, 9.9099, 82.6907, -142.793, 83.3425, 36.6653, 0.00434683, 97.0294, 0.680226, -53.4254, 0.686233, 126.235
676, 11.26667, 0.566018, 9.80356, 82.6008, -142.802, 83.2532, 36.6568, 0.00433922, 96.9077, 0.68, -53.4342, 0.686014, 126.226
677, 11.27500, 0.564688, 9.69736, 82.5111, -142.811, 83.1641, 36.6482, 0.00433166, 96.7862, 0.679775, -53.443, 0.685797, 126.218
677, 11.28333, 0.563365, 9.59131, 82.4216, -142.82, 83.0752, 36.6397, 0.00432413, 96.6647, 0.67955, -53.4518, 0.68558, 126.21
678, 11.29167, 0.562049, 9.48538, 82.3323, -142.829, 82.9864, 36.6312, 0.00431664, 96.5434, 0.679326, -53.4605, 0.685363, 126.201
678, 11.30000, 0.560739, 9.3796, 82.2432, -142.838, 82.8979, 36.6228, 0.00430918, 96.4221, 0.679102, -53.4692, 0.685147, 126.193
679, 11.30833, 0.559434, 9.27396, 82.1543, -142.847, 82.8095, 36.6143, 0.00430177, 96.301, 0.678879, -53.4779, 0.684932, 126.185
679, 11.31667, 0.558137, 9.16845, 82.0655, -142.856, 82.7214, 36.6059, 0.00429439, 96.1799, 0.678657, -53.4866, 0.684717, 126.177
680, 11.32500, 0.556845, 9.0631, 81.977, -142.865, 82.6334, 36.5975, 0.00428704, 96.059, 0.678435, -53.4953, 0.684502, 126.168
680, 11.33333, 0.555559, 8.95788, 81.8887, -142.874, 82.5456, 36.5891, 0.00427974, 95.9381, 0.678213, -53.5039, 0.684288, 126.16
681, 11.34167, 0.55428, 8.85279, 81.8006, -142.883, 82.4581, 36.5808, 0.00427247, 95.8173, 0.677992, -53.5125, 0.684075, 126.152
681, 11.35000, 0.553007, 8.74785, 81.7126, -142.892, 82.3707, 36.5725, 0.00426523, 95.6967, 0.677772, -53.521, 0.683862, 126.144
682, 11.35833, 0.551739, 8.64306, 81.6249, -142.901, 82.2835, 36.5642, 0.00425804, 95.5761, 0.677552, -53.5296, 0.68365, 126.136
682, 11.36667, 0.550478, 8.53839, 81.5373, -142.91, 82.1964, 36.5559, 0.00425087, 95.4557, 0.677332, -53.5381, 0.683438, 126.128
683, 11.37500, 0.549223, 8.43388, 81.45, -142.919, 82.1096, 36.5477, 0.00424375, 95.3353, 0.677113, -53.5466, 0.683226, 126.12
683, 11.38333, 0.547973, 8.3295, 81.3628, -142.928, 82.023, 36.5394, 0.00423666, 95.2151, 0.676895, -53.555, 0.683015, 126.112
684, 11.39167, 0.54673, 8.22526, 81.2758, -142.937, 81.9365, 36.5312, 0.0042296, 95.0949, 0.676677, -53.5635, 0.682805, 126.104
684, 11.40000, 0.545492, 8.12118, 81.189, -142.945, 81.8503, 36.5231, 0.00422258, 94.9749, 0.67646, -53.5719, 0.682595, 126.096
685, 11.40833, 0.54426, 8.01723, 81.1024, -142.954, 81.7642, 36.5149, 0.0042156, 94.855, 0.676243, -53.5803, 0.682386, 126.088
685, 11.41667, 0.543034, 7.91342, 81.016, -142.963, 81.6783, 36.5068, 0.00420865, 94.7351, 0.676026, -53.5887, 0.682177, 126.08
686, 11.42500, 0.541814, 7.80976, 80.9298, -142.972, 81.5926, 36.4987, 0.00420174, 94.6154, 0.675811, -53.597, 0.681968, 126.072
686, 11.43333, 0.5406, 7.70624, 80.8438, -142.98, 81.5071, 36.4906, 0.00419486, 94.4958, 0.675595, -53.6053, 0.68176, 126.064
687, 11.44167, 0.539391, 7.60286, 80.7579, -142.989, 81.4217, 36.4825, 0.00418801, 94.3763, 0.67538, -53.6136, 0.681553, 126.056
687, 11.45000, 0.538188, 7.49963, 80.6722, -142.997, 81.3366, 36.4745, 0.0041812, 94.2569, 0.675166, -53.6219, 0.681346, 126.048
688, 11.45833, 0.536991, 7.39654, 80.5867, -143.006, 81.2516, 36.4665, 0.00417443, 94.1376, 0.674952, -53.6301, 0.68114, 126.04
688, 11.46667, 0.535799, 7.29359, 80.5014, -143.015, 81.1668, 36.4585, 0.00416768, 94.0184, 0.674739, -53.6383, 0.680934, 126.033
689, 11.47500, 0.534613, 7.19079, 80.4163, -143.023, 81.0822, 36.4505, 0.00416098, 93.8993, 0.674526, -53.6465, 0.680728, 126.025
689, 11.48333, 0.533432, 7.08814, 80.3314, -143.032, 80.9978, 36.4426, 0.0041543, 93.7803, 0.674314, -53.6547, 0.680523, 126.017
690, 11.49167, 0.532257, 6.98562, 80.2466, -143.04, 80.9135, 36.4346, 0.00414766, 93.6614, 0.674102, -53.6628, 0.680318, 126.009
690, 11.50000, 0.531088, 6.88325, 80.1621, -143.049, 80.8295, 36.4267, 0.00414105, 93.5427, 0.67389, -53.671, 0.680114, 126.002
691, 11.50833, 0.529924, 6.78104, 80.0777, -143.057, 80.7456, 36.4188, 0.00413448, 93.424, 0.67368, -53.6791, 0.679911, 125.994
691, 11.51667, 0.528765, 6.67895, 79.9935, -143.066, 80.6618, 36.411, 0.00412794, 93.3055, 0.673469, -53.6871, 0.679708, 125.986
692, 11.52500, 0.527612, 6.57703, 79.9094, -143.074, 80.5783, 36.4031, 0.00412143, 93.187, 0.673259, -53.6952, 0.679505, 125.979
692, 11.53333, 0.526464, 6.47525, 79.8256, -143.082, 80.4949, 36.3953, 0.00411495, 93.0687, 0.67305, -53.7032, 0.679303, 125.971
693, 11.54167, 0.525321, 6.3736, 79.7419, -143.091, 80.4118, 36.3875, 0.00410851, 92.9505, 0.672841, -53.7112, 0.679101, 125.963
693, 11.55000, 0.524184, 6.27211, 79.6584, -143.099, 80.3287, 36.3798, 0.0041021, 92.8324, 0.672632, -53.7192, 0.6789, 125.956
694, 11.55833, 0.523053, 6.17077, 79.5751, -143.107, 80.2459, 36.372, 0.00409572, 92.7144, 0.672424, -53.7272, 0.678699, 125.948
694, 11.56667, 0.521926, 6.06957, 79.492, -143.116, 80.1632, 36.3643, 0.00408937, 92.5965, 0.672217, -53.7351, 0.678499, 125.941
695, 11.57500, 0.520805, 5.96852, 79.409, -143.124, 80.0808, 36.3566, 0.00408306, 92.4788, 0.67201, -53.743, 0.678299, 125.933
695, 11.58333, 0.519689, 5.86762, 79.3262, -143.132, 79.9984, 36.3489, 0.00407678, 92.3611, 0.671803, -53.7509, 0.6781, 125.926
696, 11.59167, 0.518578, 5.76686, 79.2436, -143.14, 79.9163, 36.3412, 0.00407053, 92.2436, 0.671597, -53.7588, 0.677901, 125.918
696, 11.60000, 0.517472, 5.66625, 79.1612, -143.148, 79.8343, 36.3336, 0.00406431, 92.1262, 0.671392, -53.7666, 0.677702, 125.911
697, 11.60833, 0.516371, 5.5658, 79.0789, -143.157, 79.7525, 36.326, 0.00405812, 92.0089, 0.671186, -53.7744, 0.677504, 125.903
697, 11.61667, 0.515276, 5.46548, 78.9968, -143.165, 79.6709, 36.3184, 0.00405197, 91.8917, 0.670982, -53.7822, 0.677306, 125.896
698, 11.62500, 0.514185, 5.36532, 78.9149, -143.173, 79.5894, 36.3108, 0.00404585, 91.7746, 0.670778, -53.79, 0.677109, 125.888
698, 11.63333, 0.5131, 5.26531, 78.8332, -143.181, 79.5082, 36.3032, 0.00403975, 91.6576, 0.670574, -53.7978, 0.676913, 125.881
699, 11.64167, 0.51202, 5.16544, 78.7516, -143.189, 79.427, 36.2957, 0.00403369, 91.5408, 0.67037, -53.8055, 0.676716, 125.874
699, 11.65000, 0.510944, 5.06572, 78.6702, -143.197, 79.3461, 36.2882, 0.00402766, 91.424, 0.670168, -53.8132, 0.676521, 125.866
700, 11.65833, 0.509874, 4.96616, 78.589, -143.205, 79.2653, 36.2807, 0.00402166, 91.3074, 0.669965, -53.8209, 0.676325, 125.859
700, 11.66667, 0.508808, 4.86674, 78.5079, -143.213, 79.1847, 36.2732, 0.00401569, 91.1909, 0.669763, -53.8286, 0.67613, 125.852
701, 11.67500, 0.507748, 4.76747, 78.427, -143.221, 79.1042, 36.2657, 0.00400975, 91.0746, 0.669562, -53.8362, 0.675936, 125.844
701, 11.68333, 0.506692, 4.66836, 78.3463, -143.229, 79.024, 36.2583, 0.00400384, 90.9583, 0.669361, -53.8438, 0.675742, 125.837
702, 11.69167, 0.505641, 4.56939, 78.2658, -143.237, 78.9438, 36.2509, 0.00399796, 90.8421, 0.66916, -53.8514, 0.675548, 125.83
702, 11.70000, 0.504595, 4.47058, 78.1854, -143.245, 78.8639, 36.2435, 0.00399211, 90.7261, 0.66896, -53.859, 0.675355, 125.823
703, 11.70833, 0.503554, 4.37192, 78.1052, -143.253, 78.7841, 36.2361, 0.00398629, 90.6102, 0.66876, -53.8666, 0.675163, 125.816
703, 11.71667, 0.502518, 4.27339, 78.0251, -143.261, 78.7045, 36.2288, 0.0039805, 90.4944, 0.668561, -53.8741, 0.67497, 125.808
704, 11.72500, 0.501486, 4.17504, 77.9452, -143.269, 78.625, 36.2214, 0.00397474, 90.3788, 0.668362, -53.8816, 0.674778, 125.801
704, 11.73333, 0.500459, 4.07683, 77.8655, -143.276, 78.5458, 36.2141, 0.00396901, 90.2633, 0.668164, -53.8891, 0.674587, 125.794
705, 11.74167, 0.499437, 3.97876, 77.786, -143.284, 78.4666, 36.2068, 0.00396331, 90.1478, 0.667966, -53.8966, 0.674396, 125.787
705, 11.75000, 0.498419, 3.88086, 77.7066, -143.292, 78.3876, 36.1995, 0.00395764, 90.0325, 0.667769, -53.904, 0.674205, 125.78
706, 11.75833, 0.497407, 3.78311, 77.6273, -143.3, 78.3088, 36.1923, 0.00395199, 89.9174, 0.667572, -53.9115, 0.674015, 125.773
706, 11.76667, 0.496398, 3.6855, 77.5483, -143.308, 78.2302, 36.1851, 0.00394638, 89.8023, 0.667375, -53.9189, 0.673826, 125.766
707, 11.77500, 0.495395, 3.58805, 77.4694, -143.315, 78.1517, 36.1778, 0.00394079, 89.6874, 0.667179, -53.9263, 0.673636, 125.759
707, 11.78333, 0.494396, 3.49076, 77.3906, -143.323, 78.0734, 36.1706, 0.00393524, 89.5726, 0.666983, -53.9336, 0.673448, 125.752
708, 11.79167, 0.493401, 3.39361, 77.3121, -143.331, 77.9952, 36.1635, 0.00392971, 89.4579, 0.666788, -53.941, 0.673259, 125.745
708, 11.80000, 0.492411, 3.29662, 77.2337, -143.338, 77.9172, 36.1563, 0.00392421, 89.3433, 0.666593, -53.9483, 0.673071, 125.738
709, 11.80833, 0.491426, 3.19978, 77.1554, -143.346, 77.8394, 36.1492, 0.00391873, 89.2289, 0.666398, -53.9556, 0.672884, 125.731
709, 11.81667, 0.490445, 3.10309, 77.0773, -143.354, 77.7617, 36.1421, 0.00391329, 89.1146, 0.666204, -53.9629, 0.672696, 125.724
710, 11.82500, 0.489468, 3.00657, 76.9994, -143.361, 77.6842, 36.135, 0.00390788, 89.0004, 0.666011, -53.9701, 0.67251, 125.717
710, 11.83333, 0.488496, 2.91019, 76.9216, -143.369, 77.6068, 36.1279, 0.00390249, 88.8864, 0.665818, -53.9774, 0.672323, 125.71
711, 11.84167, 0.487529, 2.81396, 76.844, -143.376, 77.5296, 36.1208, 0.00389713, 88.7724, 0.665625, -53.9846, 0.672137, 125.703
711, 11.85000, 0.486565, 2.7179, 76.7665, -143.384, 77.4525, 36.1138, 0.0038918, 88.6587, 0.665433, -53.9918, 0.671952, 125.696
712, 11.85833, 0.485607, 2.62199, 76.6892, -143.391, 77.3756, 36.1068, 0.00388649, 88.545, 0.665241, -53.999, 0.671767, 125.689
712, 11.86667, 0.484652, 2.52623, 76.6121, -143.399, 77.2988, 36.0998, 0.00388121, 88.4314, 0.665049, -54.0061, 0.671582, 125.683
713, 11.87500, 0.483702, 2.43063, 76.5351, -143.406, 77.2222, 36.0928, 0.00387596, 88.318, 0.664858, -54.0133, 0.671398, 125.676
713, 11.88333, 0.482756, 2.33518, 76.4583, -143.414, 77.1458, 36.0858, 0.00387074, 88.2047, 0.664667, -54.0204, 0.671214, 125.669
714, 11.89167, 0.481814, 2.23989, 76.3816, -143.421, 77.0695, 36.0789, 0.00386554, 88.0916, 0.664477, -54.0275, 0.67103, 125.662
714, 11.90000, 0.480877, 2.14475, 76.3051, -143.428, 76.9934, 36.0719, 0.00386037, 87.9786, 0.664287, -54.0346, 0.670847, 125.655
715, 11.90833, 0.479944, 2.04978, 76.2287, -143.436, 76.9174, 36.065, 0.00385523, 87.8657, 0.664098, -54.0416, 0.670664, 125.649
715, 11.91667, 0.479015, 1.95494, 76.1525, -143.443, 76.8416, 36.0581, 0.00385012, 87.7529, 0.663909, -54.0487, 0.670482, 125.642
716, 11.92500, 0.47809, 1.86028, 76.0764, -143.451, 76.7659, 36.0513, 0.00384503, 87.6403, 0.66372, -54.0557, 0.6703, 125.635
716, 11.93333, 0.47717, 1.76577, 76.0005, -143.458, 76.6904, 36.0444, 0.00383996, 87.5278, 0.663532, -54.0627, 0.670119, 125.629
717, 11.94167, 0.476253, 1.67141, 75.9248, -143.465, 76.615, 36.0376, 0.00383493, 87.4154, 0.663344, -54.0697, 0.669937, 125.622
717, 11.95000, 0.475341, 1.57722, 75.8492, -143.472, 76.5397, 36.0308, 0.00382992, 87.3031, 0.663157, -54.0767, 0.669757, 125.615
718, 11.95833, 0.474433, 1.48318, 75.7738, -143.48, 76.4647, 36.024, 0.00382493, 87.191, 0.66297, -54.0836, 0.669576, 125.609
718, 11.96667, 0.473528, 1.38929, 75.6984, -143.487, 76.3897, 36.0172, 0.00381997, 87.0791, 0.662783, -54.0905, 0.669396, 125.602
719, 11.97500, 0.472628, 1.29557, 75.6233, -143.494, 76.315, 36.0104, 0.00381504, 86.9672, 0.662597, -54.0974, 0.669217, 125.595
719, 11.98333, 0.471732, 1.202, 75.5483, -143.501, 76.2403, 36.0037, 0.00381013, 86.8555, 0.662411, -54.1043, 0.669038, 125.589
720, 11.99167, 0.47084, 1.10858, 75.4735, -143.509, 76.1658, 35.9969, 0.00380525, 86.7439, 0.662226, -54.1112, 0.668859, 125.582
720, 12.00000, 0.469952, 1.01534, 75.3988, -143.516, 76.0915, 35.9902, 0.0038004, 86.6325, 0.662041, -54.118, 0.66868, 125.576
721, 12.00833, 0.469068, 0.922245, 75.3242, -143.523, 76.0173, 35.9835, 0.00379557, 86.5212, 0.661856, -54.1249, 0.668502, 125.569
721, 12.01667, 0.468188, 0.829301, 75.2498, -143.53, 75.9433, 35.9769, 0.00379076, 86.41, 0.661672, -54.1317, 0.668325, 125.563
722, 12.02500, 0.467312, 0.736528, 75.1756, -143.537, 75.8694, 35.9702, 0.00378598, 86.299, 0.661488, -54.1385, 0.668148, 125.556
722, 12.03333, 0.46644, 0.643912, 75.1015, -143.544, 75.7956, 35.9636, 0.00378123, 86.1881, 0.661305, -54.1452, 0.667971, 125.55
723, 12.04167, 0.465571, 0.551445, 75.0275, -143.551, 75.722, 35.957, 0.0037765, 86.0774, 0.661122, -54.152, 0.667794, 125.543
723, 12.05000, 0.464707, 0.459148, 74.9537, -143.558, 75.6486, 35.9504, 0.00377179, 85.9667, 0.660939, -54.1587, 0.667618, 125.537
724, 12.05833, 0.463846, 0.36701, 74.8801, -143.565, 75.5752, 35.9438, 0.00376711, 85.8563, 0.660757, -54.1655, 0.667442, 125.53
724, 12.06667, 0.462989, 0.275021, 74.8065, -143.572, 75.5021, 35.9372, 0.00376245, 85.7459, 0.660575, -54.1722, 0.667267, 125.524
725, 12.07500, 0.462136, 0.183202, 74.7332, -143.579, 75.429, 35.9306, 0.00375782, 85.6357, 0.660393, -54.1788, 0.667092, 125.518
725, 12.08333, 0.461287, 0.0915434, 74.6599, -143.586, 75.3561, 35.9241, 0.00375321, 85.5256, 0.660212, -54.1855, 0.666917, 125.511
726, 12.09167, 0.460441, 3.33801E-005, 74.5868, -143.593, 75.2834, 35.9176, 0.00374863, 85.4157, 0.660032, -54.1921, 0.666743, 125.505
726, 12.10000, 0.4596, -0.0913055, 74.5139, -143.6, 75.2108, 35.9111, 0.00374407, 85.3059, 0.659851, -54.1988, 0.666569, 125.499
727, 12.10833, 0.458762, -0.182484, 74.4411, -143.607, 75.1383, 35.9046, 0.00373954, 85.1963, 0.659671, -54.2054, 0.666396, 125.492
727, 12.11667, 0.457927, -0.273513, 74.3685, -143.614, 75.066, 35.8981, 0.00373503, 85.0868, 0.659492, -54.212, 0.666222, 125.486
728, 12.12500, 0.457097, -0.364371, 74.2959, -143.621, 74.9938, 35.8917, 0.00373054, 84.9774, 0.659312, -54.2185, 0.66605, 125.48
728, 12.13333, 0.45627, -0.455067, 74.2236, -143.628, 74.9218, 35.8853, 0.00372608, 84.8682, 0.659133, -54.2251, 0.665877, 125.473
729, 12.14167, 0.455447, -0.545614, 74.1513, -143.635, 74.8499, 35.8789, 0.00372164, 84.7591, 0.658955, -54.2316, 0.665705, 125.467
729, 12.15000, 0.454627, -0.635989, 74.0793, -143.641, 74.7781, 35.8725, 0.00371722, 84.6501, 0.658777, -54.2381, 0.665533, 125.461
730, 12.15833, 0.453811, -0.726202, 74.0073, -143.648, 74.7065, 35.8661, 0.00371283, 84.5414, 0.658599, -54.2446, 0.665362, 125.455
730, 12.16667, 0.452999, -0.816265, 73.9355, -143.655, 74.635, 35.8597, 0.00370846, 84.4327, 0.658422, -54.2511, 0.665191, 125.448
731, 12.17500, 0.45219, -0.906156, 73.8638, -143.662, 74.5637, 35.8534, 0.00370411, 84.3242, 0.658245, -54.2576, 0.665021, 125.442
731, 12.18333, 0.451384, -0.995884, 73.7923, -143.669, 74.4925, 35.847, 0.00369979, 84.2158, 0.658068, -54.264, 0.66485, 125.436
732, 12.19167, 0.450583, -1.08546, 73.7209, -143.675, 74.4214, 35.8407, 0.00369549, 84.1076, 0.657892, -54.2705, 0.66468, 125.43
732, 12.20000, 0.449784, -1.17487, 73.6497, -143.682, 74.3505, 35.8344, 0.00369121, 83.9995, 0.657716, -54.2769, 0.664511, 125.424
733, 12.20833, 0.44899, -1.26411, 73.5786, -143.689, 74.2797, 35.8281, 0.00368695, 83.8916, 0.65754, -54.2833, 0.664342, 125.418
733, 12.21667, 0.448198, -1.3532, 73.5076, -143.695, 74.209, 35.8219, 0.00368272, 83.7838, 0.657365, -54.2897, 0.664173, 125.412
734, 12.22500, 0.447411, -1.44212, 73.4368, -143.702, 74.1385, 35.8156, 0.00367851, 83.6761, 0.65719, -54.296, 0.664004, 125.405
734, 12.23333, 0.446626, -1.53087, 73.3661, -143.709, 74.0681, 35.8094, 0.00367432, 83.5686, 0.657016, -54.3024, 0.663836, 125.399
735, 12.24167, 0.445845, -1.61948, 73.2955, -143.715, 73.9978, 35.8032, 0.00367016, 83.4613, 0.656841, -54.3087, 0.663668, 125.393
735, 12.25000, 0.445068, -1.70791, 73.2251, -143.722, 73.9277, 35.797, 0.00366602, 83.3541, 0.656668, -54.315, 0.663501, 125.387
736, 12.25833, 0.444294, -1.79617, 73.1548, -143.729, 73.8577, 35.7908, 0.00366189, 83.247, 0.656494, -54.3213, 0.663334, 125.381
736, 12.26667, 0.443523, -1.88429, 73.0846, -143.735, 73.7879, 35.7846, 0.0036578, 83.1401, 0.656321, -54.3276, 0.663167, 125.375
737, 12.27500, 0.442756, -1.97223, 73.0146, -143.742, 73.7182, 35.7784, 0.00365372, 83.0333, 0.656148, -54.3338, 0.663, 125.369
737, 12.28333, 0.441992, -2.06, 72.9447, -143.748, 73.6486, 35.7723, 0.00364967, 82.9267, 0.655976, -54.3401, 0.662834, 125.363
738, 12.29167, 0.441231, -2.14763, 72.875, -143.755, 73.5791, 35.7662, 0.00364563, 82.8202, 0.655804, -54.3463, 0.662669, 125.357
738, 12.30000, 0.440474, -2.23507, 72.8054, -143.761, 73.5098, 35.7601, 0.00364162, 82.7139, 0.655632, -54.3525, 0.662503, 125.351
739, 12.30833, 0.43972, -2.32236, 72.7359, -143.768, 73.4406, 35.754, 0.00363763, 82.6077, 0.655461, -54.3587, 0.662338, 125.345
739, 12.31667, 0.438969, -2.40949, 72.6665, -143.774, 73.3715, 35.7479, 0.00363366, 82.5017, 0.65529, -54.3649, 0.662173, 125.339
740, 12.32500, 0.438222, -2.49645, 72.5973, -143.781, 73.3026, 35.7418, 0.00362972, 82.3958, 0.655119, -54.371, 0.662009, 125.334
740, 12.33333, 0.437477, -2.58324, 72.5282, -143.787, 73.2338, 35.7358, 0.00362579, 82.2901, 0.654949, -54.3772, 0.661845, 125.328
741, 12.34167, 0.436736, -2.66988, 72.4592, -143.794, 73.1651, 35.7298, 0.00362189, 82.1845, 0.654779, -54.3833, 0.661681, 125.322
741, 12.35000, 0.435998, -2.75634, 72.3904, -143.8, 73.0966, 35.7238, 0.003618, 82.0791, 0.654609, -54.3894, 0.661518, 125.316
742, 12.35833, 0.435264, -2.84264, 72.3217, -143.806, 73.0282, 35.7178, 0.00361414, 81.9739, 0.65444, -54.3955, 0.661355, 125.31
742, 12.36667, 0.434532, -2.92879, 72.2532, -143.813, 72.9599, 35.7118, 0.0036103, 81.8687, 0.654271, -54.4016, 0.661192, 125.304
743, 12.37500, 0.433804, -3.01476, 72.1847, -143.819, 72.8918, 35.7058, 0.00360648, 81.7638, 0.654103, -54.4076, 0.66103, 125.298
743, 12.38333, 0.433079, -3.10056, 72.1164, -143.825, 72.8237, 35.6999, 0.00360268, 81.659, 0.653934, -54.4137, 0.660868, 125.293
744, 12.39167, 0.432357, -3.18621, 72.0482, -143.832, 72.7558, 35.6939, 0.0035989, 81.5543, 0.653766, -54.4197, 0.660706, 125.287
744, 12.40000, 0.431638, -3.27169, 71.9802, -143.838, 72.6881, 35.688, 0.00359514, 81.4498, 0.653599, -54.4257, 0.660544, 125.281
745, 12.40833, 0.430922, -3.357, 71.9123, -143.844, 72.6204, 35.6821, 0.0035914, 81.3454, 0.653432, -54.4317, 0.660383, 125.275
745, 12.41667, 0.430209, -3.44215, 71.8445, -143.851, 72.5529, 35.6762, 0.00358768, 81.2412, 0.653265, -54.4377, 0.660222, 125.27
746, 12.42500, 0.4295, -3.52713, 71.7768, -143.857, 72.4855, 35.6703, 0.00358398, 81.1372, 0.653098, -54.4437, 0.660062, 125.264
746, 12.43333, 0.428793, -3.61194, 71.7093, -143.863, 72.4183, 35.6645, 0.00358031, 81.0333, 0.652932, -54.4496, 0.659902, 125.258
747, 12.44167, 0.428089, -3.6966, 71.6419, -143.869, 72.3511, 35.6586, 0.00357665, 80.9295, 0.652766, -54.4556, 0.659742, 125.252
747, 12.45000, 0.427389, -3.78108, 71.5746, -143.875, 72.2841, 35.6528, 0.00357301, 80.826, 0.6526, -54.4615, 0.659583, 125.247
748, 12.45833, 0.426691, -3.86539, 71.5074, -143.882, 72.2172, 35.6469, 0.00356939, 80.7225, 0.652435, -54.4674, 0.659423, 125.241
748, 12.46667, 0.425997, -3.94955, 71.4404, -143.888, 72.1504, 35.6411, 0.0035658, 80.6192, 0.65227, -54.4733, 0.659265, 125.235
749, 12.47500, 0.425305, -4.03353, 71.3735, -143.894, 72.0838, 35.6354, 0.00356222, 80.5161, 0.652105, -54.4791, 0.659106, 125.23
749, 12.48333, 0.424616, -4.11735, 71.3067, -143.9, 72.0173, 35.6296, 0.00355866, 80.4132, 0.651941, -54.485, 0.658948, 125.224
750, 12.49167, 0.423931, -4.20101, 71.24, -143.906, 71.9509, 35.6238, 0.00355512, 80.3104, 0.651777, -54.4908, 0.65879, 125.219
750, 12.50000, 0.423248, -4.28449, 71.1735, -143.912, 71.8846, 35.6181, 0.0035516, 80.2077, 0.651613, -54.4966, 0.658632, 125.213
751, 12.50833, 0.422568, -4.36781, 71.1071, -143.918, 71.8185, 35.6123, 0.0035481, 80.1052, 0.65145, -54.5025, 0.658475, 125.207
751, 12.51667, 0.421891, -4.45097, 71.0408, -143.925, 71.7524, 35.6066, 0.00354462, 80.0029, 0.651287, -54.5083, 0.658318, 125.202
752, 12.52500, 0.421217, -4.53395, 70.9746, -143.931, 71.6865, 35.6009, 0.00354116, 79.9007, 0.651124, -54.514, 0.658161, 125.196
752, 12.53333, 0.420546, -4.61677, 70.9086, -143.937, 71.6208, 35.5952, 0.00353771, 79.7987, 0.650962, -54.5198, 0.658005, 125.191
753, 12.54167, 0.419877, -4.69943, 70.8427, -143.943, 71.5551, 35.5896, 0.00353429, 79.6968, 0.6508, -54.5255, 0.657849, 125.185
753, 12.55000, 0.419212, -4.78191, 70.7769, -143.949, 71.4895, 35.5839, 0.00353088, 79.5951, 0.650638, -54.5313, 0.657693, 125.18
754, 12.55833, 0.418549, -4.86423, 70.7112, -143.955, 71.4241, 35.5783, 0.0035275, 79.4936, 0.650476, -54.537, 0.657538, 125.174
754, 12.56667, 0.417889, -4.94639, 70.6457, -143.961, 71.3588, 35.5726, 0.00352413, 79.3922, 0.650315, -54.5427, 0.657383, 125.169
755, 12.57500, 0.417232, -5.02837, 70.5802, -143.967, 71.2936, 35.567, 0.00352078, 79.291, 0.650154, -54.5484, 0.657228, 125.163
755, 12.58333, 0.416578, -5.11018, 70.5149, -143.973, 71.2286, 35.5614, 0.00351745, 79.1899, 0.649994, -54.5541, 0.657073, 125.158
756, 12.59167, 0.415926, -5.19184, 70.4497, -143.979, 71.1636, 35.5558, 0.00351414, 79.089, 0.649834, -54.5597, 0.656919, 125.152
756, 12.60000, 0.415278, -5.27332, 70.3847, -143.984, 71.0988, 35.5502, 0.00351085, 78.9883, 0.649674, -54.5654, 0.656765, 125.147
757, 12.60833, 0.414632, -5.35463, 70.3197, -143.99, 71.0341, 35.5447, 0.00350757, 78.8877, 0.649514, -54.571, 0.656612, 125.141
757, 12.61667, 0.413988, -5.43578, 70.2549, -143.996, 70.9695, 35.5391, 0.00350432, 78.7873, 0.649355, -54.5766, 0.656458, 125.136
758, 12.62500, 0.413348, -5.51676, 70.1902, -144.002, 70.905, 35.5336, 0.00350108, 78.687, 0.649196, -54.5822, 0.656305, 125.131
758, 12.63333, 0.41271, -5.59757, 70.1256, -144.008, 70.8407, 35.5281, 0.00349786, 78.5869, 0.649037, -54.5878, 0.656153, 125.125
759, 12.64167, 0.412075, -5.67822, 70.0611, -144.014, 70.7764, 35.5226, 0.00349466, 78.487, 0.648879, -54.5934, 0.656, 125.12
759, 12.65000, 0.411442, -5.75869, 69.9967, -144.02, 70.7123, 35.5171, 0.00349147, 78.3872, 0.648721, -54.5989, 0.655848, 125.115
760, 12.65833, 0.410812, -5.83899, 69.9325, -144.026, 70.6483, 35.5116, 0.0034883, 78.2876, 0.648563, -54.6045, 0.655696, 125.109
760, 12.66667, 0.410185, -5.91914, 69.8684, -144.031, 70.5844, 35.5061, 0.00348516, 78.1881, 0.648405, -54.61, 0.655545, 125.104
761, 12.67500, 0.40956, -5.99911, 69.8043, -144.037, 70.5206, 35.5007, 0.00348202, 78.0888, 0.648248, -54.6155, 0.655394, 125.099
761, 12.68333, 0.408938, -6.07891, 69.7405, -144.043, 70.457, 35.4952, 0.00347891, 77.9897, 0.648091, -54.621, 0.655243, 125.093
762, 12.69167, 0.408319, -6.15855, 69.6767, -144.049, 70.3934, 35.4898, 0.00347582, 77.8907, 0.647935, -54.6265, 0.655092, 125.088
762, 12.70000, 0.407702, -6.23801, 69.613, -144.054, 70.33, 35.4844, 0.00347274, 77.7919, 0.647778, -54.632, 0.654942, 125.083
763, 12.70833, 0.407088, -6.31731, 69.5495, -144.06, 70.2667, 35.479, 0.00346968, 77.6933, 0.647622, -54.6374, 0.654791, 125.077
763, 12.71667, 0.406476, -6.39645, 69.486, -144.066, 70.2035, 35.4736, 0.00346663, 77.5948, 0.647467, -54.6429, 0.654642, 125.072
764, 12.72500, 0.405867, -6.4754, 69.4227, -144.072, 70.1404, 35.4682, 0.00346361, 77.4965, 0.647311, -54.6483, 0.654492, 125.067
764, 12.73333, 0.405261, -6.55419, 69.3595, -144.077, 70.0774, 35.4629, 0.0034606, 77.3984, 0.647156, -54.6537, 0.654343, 125.062
765, 12.74167, 0.404657, -6.63282, 69.2964, -144.083, 70.0146, 35.4575, 0.0034576, 77.3004, 0.647001, -54.6591, 0.654194, 125.057
765, 12.75000, 0.404055, -6.71128, 69.2335, -144.089, 69.9518, 35.4522, 0.00345463, 77.2026, 0.646847, -54.6645, 0.654045, 125.051
766, 12.75833, 0.403456, -6.78956, 69.1706, -144.094, 69.8892, 35.4469, 0.00345167, 77.105, 0.646692, -54.6699, 0.653897, 125.046
766, 12.76667, 0.40286, -6.86769, 69.1079, -144.1, 69.8266, 35.4416, 0.00344873, 77.0075, 0.646538, -54.6752, 0.653749, 125.041
767, 12.77500, 0.402266, -6.94563, 69.0452, -144.105, 69.7642, 35.4363, 0.0034458, 76.9102, 0.646385, -54.6806, 0.653601, 125.036
767, 12.78333, 0.401675, -7.02341, 68.9827, -144.111, 69.7019, 35.431, 0.0034429, 76.813, 0.646231, -54.6859, 0.653454, 125.031
768, 12.79167, 0.401085, -7.10103, 68.9203, -144.117, 69.6397, 35.4257, 0.00344, 76.716, 0.646078, -54.6912, 0.653306, 125.026
768, 12.80000, 0.400499, -7.17847, 68.858, -144.122, 69.5777, 35.4205, 0.00343713, 76.6192, 0.645925, -54.6965, 0.653159, 125.02
769, 12.80833, 0.399915, -7.25574, 68.7958, -144.128, 69.5157, 35.4152, 0.00343427, 76.5226, 0.645773, -54.7018, 0.653013, 125.015
769, 12.81667, 0.399333, -7.33286, 68.7337, -144.133, 69.4538, 35.41, 0.00343143, 76.4261, 0.645621, -54.7071, 0.652866, 125.01
770, 12.82500, 0.398753, -7.40979, 68.6718, -144.139, 69.3921, 35.4048, 0.0034286, 76.3298, 0.645469, -54.7123, 0.65272, 125.005
770, 12.83333, 0.398177, -7.48656, 68.6099, -144.144, 69.3304, 35.3996, 0.00342579, 76.2336, 0.645317, -54.7176, 0.652574, 125
771, 12.84167, 0.397602, -7.56316, 68.5482, -144.15, 69.2689, 35.3944, 0.003423, 76.1376, 0.645166, -54.7228, 0.652429, 124.995
771, 12.85000, 0.39703, -7.63959, 68.4865, -144.155, 69.2075, 35.3892, 0.00342022, 76.0418, 0.645014, -54.7281, 0.652283, 124.99
772, 12.85833, 0.39646, -7.71585, 68.425, -144.161, 69.1462, 35.384, 0.00341746, 75.9462, 0.644864, -54.7333, 0.652138, 124.985
772, 12.86667, 0.395892, -7.79195, 68.3636, -144.166, 69.085, 35.3789, 0.00341471, 75.8507, 0.644713, -54.7385, 0.651993, 124.98
773, 12.87500, 0.395327, -7.86787, 68.3023, -144.172, 69.0238, 35.3737, 0.00341199, 75.7554, 0.644563, -54.7436, 0.651849, 124.975
773, 12.88333, 0.394764, -7.94362, 68.2411, -144.177, 68.9629, 35.3686, 0.00340927, 75.6602, 0.644413, -54.7488, 0.651705, 124.97
774, 12.89167, 0.394204, -8.01921, 68.18, -144.183, 68.902, 35.3635, 0.00340657, 75.5653, 0.644263, -54.754, 0.651561, 124.965
774, 12.90000, 0.393646, -8.09462, 68.119, -144.188, 68.8412, 35.3584, 0.00340389, 75.4705, 0.644113, -54.7591, 0.651417, 124.96
775, 12.90833, 0.39309, -8.16986, 68.0582, -144.193, 68.7805, 35.3533, 0.00340123, 75.3758, 0.643964, -54.7643, 0.651274, 124.955
775, 12.91667, 0.392536, -8.24495, 67.9974, -144.199, 68.72, 35.3482, 0.00339857, 75.2814, 0.643815, -54.7694, 0.65113, 124.95
776, 12.92500, 0.391985, -8.31985, 67.9367, -144.204, 68.6595, 35.3432, 0.00339594, 75.1871, 0.643667, -54.7745, 0.650988, 124.945
776, 12.93333, 0.391436, -8.39459, 67.8762, -144.209, 68.5992, 35.3381, 0.00339332, 75.093, 0.643518, -54.7796, 0.650845, 124.94
777, 12.94167, 0.390889, -8.46917, 67.8157, -144.215, 68.5389, 35.3331, 0.00339071, 74.999, 0.64337, -54.7846, 0.650702, 124.935
777, 12.95000, 0.390344, -8.54356, 67.7554, -144.22, 68.4788, 35.328, 0.00338812, 74.9052, 0.643222, -54.7897, 0.65056, 124.93
778, 12.95833, 0.389802, -8.61779, 67.6952, -144.225, 68.4187, 35.323, 0.00338555, 74.8116, 0.643074, -54.7948, 0.650419, 124.926
778, 12.96667, 0.389262, -8.69186, 67.635, -144.231, 68.3588, 35.318, 0.00338299, 74.7182, 0.642927, -54.7998, 0.650277, 124.921
779, 12.97500, 0.388724, -8.76575, 67.575, -144.236, 68.299, 35.313, 0.00338045, 74.6249, 0.64278, -54.8048, 0.650136, 124.916
779, 12.98333, 0.388188, -8.83947, 67.5151, -144.241, 68.2393, 35.308, 0.00337792, 74.5318, 0.642633, -54.8098, 0.649995, 124.911
780, 12.99167, 0.387654, -8.91303, 67.4553, -144.247, 68.1796, 35.3031, 0.0033754, 74.4389, 0.642487, -54.8148, 0.649854, 124.906
780, 13.00000, 0.387123, -8.98641, 67.3956, -144.252, 68.1201, 35.2981, 0.0033729, 74.3461, 0.64234, -54.8198, 0.649713, 124.901
781, 13.00833, 0.386594, -9.05963, 67.336, -144.257, 68.0607, 35.2931, 0.00337042, 74.2535, 0.642194, -54.8248, 0.649573, 124.896
781, 13.01667, 0.386067, -9.13268, 67.2765, -144.262, 68.0014, 35.2882, 0.00336795, 74.1611, 0.642049, -54.8298, 0.649433, 124.892
782, 13.02500, 0.385542, -9.20556, 67.2171, -144.268, 67.9422, 35.2833, 0.00336549, 74.0688, 0.641903, -54.8347, 0.649293, 124.887
782, 13.03333, 0.385019, -9.27826, 67.1578, -144.273, 67.8831, 35.2784, 0.00336305, 73.9768, 0.641758, -54.8397, 0.649153, 124.882
783, 13.04167, 0.384498, -9.35081, 67.0986, -144.278, 67.8241, 35.2735, 0.00336062, 73.8849, 0.641613, -54.8446, 0.649014, 124.877
783, 13.05000, 0.383979, -9.42317, 67.0395, -144.283, 67.7652, 35.2686, 0.00335821, 73.7931, 0.641468, -54.8495, 0.648875, 124.873
784, 13.05833, 0.383463, -9.49537, 66.9805, -144.288, 67.7064, 35.2637, 0.00335582, 73.7016, 0.641324, -54.8544, 0.648736, 124.868
784, 13.06667, 0.382949, -9.56741, 66.9216, -144.293, 67.6477, 35.2588, 0.00335343, 73.6102, 0.64118, -54.8593, 0.648598, 124.863
785, 13.07500, 0.382436, -9.63927, 66.8629, -144.298, 67.5891, 35.254, 0.00335106, 73.519, 0.641036, -54.8642, 0.64846, 124.858
785, 13.08333, 0.381926, -9.71096, 66.8042, -144.304, 67.5306, 35.2491, 0.00334871, 73.428, 0.640892, -54.8691, 0.648322, 124.854
786, 13.09167, 0.381418, -9.78249, 66.7456, -144.309, 67.4722, 35.2443, 0.00334637, 73.3371, 0.640748, -54.8739, 0.648184, 124.849
786, 13.10000, 0.380912, -9.85384, 66.6871, -144.314, 67.4139, 35.2395, 0.00334404, 73.2464, 0.640605, -54.8787, 0.648046, 124.844
787, 13.10833, 0.380408, -9.92503, 66.6287, -144.319, 67.3557, 35.2347, 0.00334173, 73.1559, 0.640462, -54.8836, 0.647909, 124.84
787, 13.11667, 0.379905, -9.99605, 66.5705, -144.324, 67.2976, 35.2299, 0.00333943, 73.0655, 0.64032, -54.8884, 0.647772, 124.835
788, 13.12500, 0.379405, -10.0669, 66.5123, -144.329, 67.2396, 35.2251, 0.00333715, 72.9753, 0.640177, -54.8932, 0.647635, 124.83
788, 13.13333, 0.378907, -10.1376, 66.4542, -144.334, 67.1817, 35.2203, 0.00333488, 72.8854, 0.640035, -54.898, 0.647499, 124.826
789, 13.14167, 0.378411, -10.2081, 66.3962, -144.339, 67.1239, 35.2156, 0.00333262, 72.7955, 0.639893, -54.9028, 0.647362, 124.821
789, 13.15000, 0.377917, -10.2784, 66.3384, -144.344, 67.0662, 35.2108, 0.00333038, 72.7059, 0.639751, -54.9075, 0.647226, 124.816
790, 13.15833, 0.377425, -10.3486, 66.2806, -144.349, 67.0086, 35.2061, 0.00332815, 72.6164, 0.63961, -54.9123, 0.64709, 124.812
790, 13.16667, 0.376935, -10.4186, 66.2229, -144.354, 66.9511, 35.2014, 0.00332593, 72.5271, 0.639469, -54.917, 0.646955, 124.807
791, 13.17500, 0.376447, -10.4884, 66.1653, -144.359, 66.8937, 35.1966, 0.00332373, 72.438, 0.639328, -54.9218, 0.646819, 124.802
791, 13.18333, 0.375961, -10.5581, 66.1078, -144.364, 66.8363, 35.1919, 0.00332154, 72.349, 0.639187, -54.9265, 0.646684, 124.798
792, 13.19167, 0.375476, -10.6276, 66.0504, -144.369, 66.7791, 35.1872, 0.00331936, 72.2602, 0.639046, -54.9312, 0.64655, 124.793
792, 13.20000, 0.374994, -10.6969, 65.9932, -144.374, 66.722, 35.1825, 0.0033172, 72.1716, 0.638906, -54.9359, 0.646415, 124.789
793, 13.20833, 0.374514, -10.7661, 65.936, -144.379, 66.665, 35.1779, 0.00331505, 72.0832, 0.638766, -54.9406, 0.646281, 124.784
793, 13.21667, 0.374035, -10.8351, 65.8789, -144.384, 66.6081, 35.1732, 0.00331292, 71.9949, 0.638626, -54.9453, 0.646146, 124.78
794, 13.22500, 0.373559, -10.9039, 65.8219, -144.389, 66.5512, 35.1686, 0.00331079, 71.9069, 0.638487, -54.9499, 0.646012, 124.775
794, 13.23333, 0.373084, -10.9726, 65.765, -144.394, 66.4945, 35.1639, 0.00330869, 71.819, 0.638348, -54.9546, 0.645879, 124.771
795, 13.24167, 0.372611, -11.0411, 65.7082, -144.399, 66.4379, 35.1593, 0.00330659, 71.7312, 0.638209, -54.9592, 0.645745, 124.766
795, 13.25000, 0.372141, -11.1094, 65.6515, -144.403, 66.3813, 35.1547, 0.00330451, 71.6437, 0.63807, -54.9639, 0.645612, 124.762
796, 13.25833, 0.371672, -11.1775, 65.5949, -144.408, 66.3249, 35.1501, 0.00330243, 71.5563, 0.637931, -54.9685, 0.645479, 124.757
796, 13.26667, 0.371204, -11.2455, 65.5383, -144.413, 66.2685, 35.1455, 0.00330038, 71.4691, 0.637793, -54.9731, 0.645346, 124.753
797, 13.27500, 0.370739, -11.3133, 65.4819, -144.418, 66.2123, 35.1409, 0.00329833, 71.3821, 0.637655, -54.9777, 0.645214, 124.748
797, 13.28333, 0.370276, -11.3809, 65.4256, -144.423, 66.1561, 35.1363, 0.0032963, 71.2952, 0.637517, -54.9823, 0.645082, 124.744
798, 13.29167, 0.369814, -11.4484, 65.3694, -144.428, 66.1, 35.1317, 0.00329428, 71.2085, 0.637379, -54.9868, 0.64495, 124.739
798, 13.30000, 0.369354, -11.5157, 65.3132, -144.432, 66.0441, 35.1272, 0.00329227, 71.122, 0.637242, -54.9914, 0.644818, 124.735
799, 13.30833, 0.368896, -11.5829, 65.2572, -144.437, 65.9882, 35.1226, 0.00329028, 71.0357, 0.637105, -54.9959, 0.644686, 124.73
799, 13.31667, 0.36844, -11.6498, 65.2012, -144.442, 65.9324, 35.1181, 0.0032883, 70.9496, 0.636968, -55.0005, 0.644555, 124.726
800, 13.32500, 0.367986, -11.7166, 65.1454, -144.447, 65.8767, 35.1136, 0.00328633, 70.8636, 0.636831, -55.005, 0.644424, 124.722
800, 13.33333, 0.367533, -11.7833, 65.0896, -144.451, 65.8211, 35.1091, 0.00328437, 70.7778, 0.636695, -55.0095, 0.644293, 124.717
801, 13.34167, 0.367083, -11.8498, 65.034, -144.456, 65.7656, 35.1046, 0.00328243, 70.6922, 0.636559, -55.014, 0.644162, 124.713
801, 13.35000, 0.366634, -11.9161, 64.9784, -144.461, 65.7102, 35.1001, 0.0032805, 70.6067, 0.636423, -55.0185, 0.644032, 124.708
802, 13.35833, 0.366186, -11.9822, 64.9229, -144.466, 65.6548, 35.0956, 0.00327858, 70.5215, 0.636287, -55.023, 0.643901, 124.704
802, 13.36667, 0.365741, -12.0482, 64.8675, -144.47, 65.5996, 35.0911, 0.00327667, 70.4364, 0.636151, -55.0275, 0.643771, 124.7
803, 13.37500, 0.365297, -12.1139, 64.8122, -144.475, 65.5444, 35.0867, 0.00327478, 70.3514, 0.636016, -55.0319, 0.643642, 124.695
803, 13.38333, 0.364855, -12.1796, 64.757, -144.48, 65.4894, 35.0822, 0.00327289, 70.2667, 0.635881, -55.0364, 0.643512, 124.691
804, 13.39167, 0.364415, -12.245, 64.7019, -144.484, 65.4344, 35.0778, 0.00327102, 70.1821, 0.635746, -55.0408, 0.643383, 124.687
804, 13.40000, 0.363977, -12.3103, 64.6469, -144.489, 65.3796, 35.0733, 0.00326916, 70.0978, 0.635611, -55.0453, 0.643254, 124.682
805, 13.40833, 0.36354, -12.3755, 64.592, -144.494, 65.3248, 35.0689, 0.00326732, 70.0135, 0.635477, -55.0497, 0.643125, 124.678
805, 13.41667, 0.363105, -12.4404, 64.5371, -144.498, 65.2701, 35.0645, 0.00326548, 69.9295, 0.635343, -55.0541, 0.642996, 124.674
806, 13.42500, 0.362672, -12.5052, 64.4824, -144.503, 65.2155, 35.0601, 0.00326366, 69.8457, 0.635209, -55.0585, 0.642868, 124.67
806, 13.43333, 0.36224, -12.5698, 64.4277, -144.508, 65.161, 35.0557, 0.00326185, 69.762, 0.635075, -55.0629, 0.642739, 124.665
807, 13.44167, 0.36181, -12.6343, 64.3731, -144.512, 65.1066, 35.0513, 0.00326005, 69.6785, 0.634942, -55.0672, 0.642611, 124.661
807, 13.45000, 0.361382, -12.6986, 64.3187, -144.517, 65.0522, 35.047, 0.00325826, 69.5952, 0.634808, -55.0716, 0.642484, 124.657
807, 13.45833, 0.360955, -12.7627, 64.2643, -144.521, 64.998, 35.0426, 0.00325648, 69.512, 0.634675, -55.076, 0.642356, 124.653
808, 13.46667, 0.36053, -12.8267, 64.21, -144.526, 64.9438, 35.0383, 0.00325472, 69.429, 0.634542, -55.0803, 0.642229, 124.648
809, 13.47500, 0.360107, -12.8905, 64.1558, -144.531, 64.8898, 35.0339, 0.00325296, 69.3462, 0.63441, -55.0846, 0.642101, 124.644
809, 13.48333, 0.359685, -12.9541, 64.1017, -144.535, 64.8358, 35.0296, 0.00325122, 69.2636, 0.634277, -55.089, 0.641975, 124.64
810, 13.49167, 0.359265, -13.0175, 64.0476, -144.54, 64.7819, 35.0253, 0.00324949, 69.1812, 0.634145, -55.0933, 0.641848, 124.636
810, 13.50000, 0.358847, -13.0808, 63.9937, -144.544, 64.7281, 35.021, 0.00324777, 69.0989, 0.634013, -55.0976, 0.641721, 124.631
811, 13.50833, 0.35843, -13.144, 63.9398, -144.549, 64.6744, 35.0167, 0.00324607, 69.0168, 0.633881, -55.1019, 0.641595, 124.627
811, 13.51667, 0.358015, -13.2069, 63.8861, -144.553, 64.6208, 35.0124, 0.00324437, 68.9349, 0.63375, -55.1061, 0.641469, 124.623
812, 13.52500, 0.357602, -13.2697, 63.8324, -144.558, 64.5673, 35.0081, 0.00324268, 68.8532, 0.633618, -55.1104, 0.641343, 124.619
812, 13.53333, 0.35719, -13.3323, 63.7788, -144.562, 64.5138, 35.0038, 0.00324101, 68.7717, 0.633487, -55.1147, 0.641217, 124.615
813, 13.54167, 0.356779, -13.3948, 63.7253, -144.567, 64.4604, 34.9996, 0.00323935, 68.6903, 0.633356, -55.1189, 0.641092, 124.611
813, 13.55000, 0.356371, -13.4571, 63.6719, -144.571, 64.4072, 34.9953, 0.0032377, 68.6091, 0.633226, -55.1231, 0.640967, 124.606
814, 13.55833, 0.355964, -13.5192, 63.6186, -144.576, 64.354, 34.9911, 0.00323606, 68.5281, 0.633095, -55.1274, 0.640842, 124.602
814, 13.56667, 0.355558, -13.5812, 63.5653, -144.58, 64.3009, 34.9869, 0.00323443, 68.4472, 0.632965, -55.1316, 0.640717, 124.598
815, 13.57500, 0.355154, -13.643, 63.5122, -144.585, 64.2479, 34.9826, 0.00323281, 68.3665, 0.632835, -55.1358, 0.640592, 124.594
815, 13.58333, 0.354752, -13.7046, 63.4591, -144.589, 64.1949, 34.9784, 0.0032312, 68.2861, 0.632705, -55.14, 0.640468, 124.59
816, 13.59167, 0.354351, -13.7661, 63.4061, -144.593, 64.1421, 34.9742, 0.0032296, 68.2057, 0.632575, -55.1442, 0.640343, 124.586
816, 13.60000, 0.353952, -13.8274, 63.3532, -144.598, 64.0893, 34.97, 0.00322802, 68.1256, 0.632446, -55.1484, 0.64022, 124.582
816, 13.60833, 0.353554, -13.8885, 63.3004, -144.602, 64.0366, 34.9659, 0.00322644, 68.0457, 0.632317, -55.1525, 0.640096, 124.578
817, 13.61667, 0.353158, -13.9495, 63.2477, -144.607, 63.9841, 34.9617, 0.00322488, 67.9659, 0.632188, -55.1567, 0.639972, 124.574
818, 13.62500, 0.352763, -14.0103, 63.195, -144.611, 63.9315, 34.9575, 0.00322332, 67.8863, 0.632059, -55.1608, 0.639849, 124.57
818, 13.63333, 0.35237, -14.0709, 63.1425, -144.615, 63.8791, 34.9534, 0.00322178, 67.8069, 0.63193, -55.165, 0.639726, 124.566
819, 13.64167, 0.351978, -14.1314, 63.09, -144.62, 63.8268, 34.9492, 0.00322025, 67.7276, 0.631802, -55.1691, 0.639602, 124.562
819, 13.65000, 0.351588, -14.1917, 63.0376, -144.624, 63.7745, 34.9451, 0.00321873, 67.6485, 0.631674, -55.1732, 0.63948, 124.558
820, 13.65833, 0.351199, -14.2519, 62.9853, -144.628, 63.7224, 34.941, 0.00321721, 67.5697, 0.631546, -55.1773, 0.639357, 124.554
820, 13.66667, 0.350812, -14.3119, 62.9331, -144.633, 63.6703, 34.9368, 0.00321571, 67.4909, 0.631418, -55.1814, 0.639235, 124.55
821, 13.67500, 0.350427, -14.3717, 62.881, -144.637, 63.6183, 34.9327, 0.00321422, 67.4124, 0.63129, -55.1855, 0.639113, 124.546
821, 13.68333, 0.350042, -14.4313, 62.8289, -144.641, 63.5664, 34.9286, 0.00321274, 67.3341, 0.631163, -55.1896, 0.638991, 124.542
822, 13.69167, 0.34966, -14.4908, 62.777, -144.646, 63.5145, 34.9245, 0.00321127, 67.2559, 0.631036, -55.1936, 0.638869, 124.538
822, 13.70000, 0.349278, -14.5502, 62.7251, -144.65, 63.4628, 34.9205, 0.00320981, 67.1779, 0.630909, -55.1977, 0.638747, 124.534
823, 13.70833, 0.348899, -14.6093, 62.6733, -144.654, 63.4111, 34.9164, 0.00320836, 67.1, 0.630782, -55.2017, 0.638626, 124.53
823, 13.71667, 0.34852, -14.6683, 62.6216, -144.658, 63.3595, 34.9123, 0.00320692, 67.0224, 0.630655, -55.2058, 0.638505, 124.526
824, 13.72500, 0.348143, -14.7272, 62.5699, -144.663, 63.308, 34.9083, 0.00320549, 66.9449, 0.630529, -55.2098, 0.638384, 124.522
824, 13.73333, 0.347768, -14.7858, 62.5184, -144.667, 63.2566, 34.9042, 0.00320408, 66.8676, 0.630403, -55.2138, 0.638263, 124.518
824, 13.74167, 0.347394, -14.8443, 62.4669, -144.671, 63.2052, 34.9002, 0.00320267, 66.7905, 0.630277, -55.2178, 0.638142, 124.514
825, 13.75000, 0.347021, -14.9027, 62.4155, -144.675, 63.154, 34.8962, 0.00320127, 66.7136, 0.630151, -55.2218, 0.638022, 124.51
826, 13.75833, 0.34665, -14.9609, 62.3642, -144.68, 63.1028, 34.8922, 0.00319988, 66.6368, 0.630025, -55.2258, 0.637901, 124.506
826, 13.76667, 0.346281, -15.0189, 62.313, -144.684, 63.0517, 34.8882, 0.0031985, 66.5602, 0.6299, -55.2298, 0.637781, 124.502
827, 13.77500, 0.345912, -15.0767, 62.2619, -144.688, 63.0007, 34.8842, 0.00319713, 66.4838, 0.629774, -55.2338, 0.637662, 124.498
827, 13.78333, 0.345545, -15.1344, 62.2108, -144.692, 62.9497, 34.8802, 0.00319577, 66.4076, 0.629649, -55.2377, 0.637542, 124.494
828, 13.79167, 0.34518, -15.192, 62.1598, -144.696, 62.8989, 34.8762, 0.00319442, 66.3315, 0.629525, -55.2417, 0.637423, 124.49
828, 13.80000, 0.344816, -15.2493, 62.1089, -144.701, 62.8481, 34.8722, 0.00319308, 66.2557, 0.6294, -55.2456, 0.637303, 124.487
829, 13.80833, 0.344453, -15.3065, 62.0581, -144.705, 62.7974, 34.8682, 0.00319175, 66.18, 0.629276, -55.2496, 0.637184, 124.483
829, 13.81667, 0.344092, -15.3636, 62.0074, -144.709, 62.7468, 34.8643, 0.00319043, 66.1044, 0.629151, -55.2535, 0.637065, 124.479
830, 13.82500, 0.343732, -15.4205, 61.9567, -144.713, 62.6962, 34.8604, 0.00318912, 66.0291, 0.629027, -55.2574, 0.636947, 124.475
830, 13.83333, 0.343373, -15.4772, 61.9061, -144.717, 62.6458, 34.8564, 0.00318782, 65.9539, 0.628903, -55.2613, 0.636828, 124.471
831, 13.84167, 0.343016, -15.5337, 61.8556, -144.721, 62.5954, 34.8525, 0.00318653, 65.8789, 0.62878, -55.2652, 0.63671, 124.467
831, 13.85000, 0.34266, -15.5901, 61.8052, -144.725, 62.5451, 34.8486, 0.00318524, 65.8041, 0.628656, -55.2691, 0.636592, 124.464
832, 13.85833, 0.342305, -15.6464, 61.7549, -144.729, 62.4949, 34.8447, 0.00318397, 65.7295, 0.628533, -55.273, 0.636474, 124.46
832, 13.86667, 0.341952, -15.7024, 61.7046, -144.733, 62.4447, 34.8408, 0.00318271, 65.655, 0.62841, -55.2768, 0.636356, 124.456
832, 13.87500, 0.3416, -15.7583, 61.6544, -144.738, 62.3946, 34.8369, 0.00318145, 65.5807, 0.628287, -55.2807, 0.636238, 124.452
833, 13.88333, 0.341249, -15.8141, 61.6043, -144.742, 62.3447, 34.833, 0.00318021, 65.5066, 0.628164, -55.2846, 0.636121, 124.448
834, 13.89167, 0.3409, -15.8697, 61.5543, -144.746, 62.2947, 34.8291, 0.00317897, 65.4327, 0.628042, -55.2884, 0.636004, 124.445
834, 13.90000, 0.340552, -15.9251, 61.5043, -144.75, 62.2449, 34.8252, 0.00317775, 65.359, 0.627919, -55.2922, 0.635887, 124.441
835, 13.90833, 0.340206, -15.9804, 61.4545, -144.754, 62.1952, 34.8214, 0.00317653, 65.2854, 0.627797, -55.296, 0.63577, 124.437
835, 13.91667, 0.33986, -16.0355, 61.4047, -144.758, 62.1455, 34.8175, 0.00317532, 65.212, 0.627675, -55.2999, 0.635653, 124.433
836, 13.92500, 0.339516, -16.0904, 61.355, -144.762, 62.0959, 34.8137, 0.00317412, 65.1387, 0.627553, -55.3037, 0.635537, 124.43
836, 13.93333, 0.339174, -16.1452, 61.3053, -144.766, 62.0463, 34.8099, 0.00317293, 65.0657, 0.627432, -55.3075, 0.63542, 124.426
837, 13.94167, 0.338832, -16.1998, 61.2558, -144.77, 61.9969, 34.806, 0.00317175, 64.9928, 0.62731, -55.3112, 0.635304, 124.422
837, 13.95000, 0.338492, -16.2543, 61.2063, -144.774, 61.9475, 34.8022, 0.00317058, 64.9201, 0.627189, -55.315, 0.635188, 124.418
838, 13.95833, 0.338153, -16.3086, 61.1569, -144.778, 61.8982, 34.7984, 0.00316942, 64.8476, 0.627068, -55.3188, 0.635073, 124.415
838, 13.96667, 0.337816, -16.3628, 61.1076, -144.782, 61.849, 34.7946, 0.00316827, 64.7753, 0.626947, -55.3225, 0.634957, 124.411
839, 13.97500, 0.33748, -16.4167, 61.0583, -144.786, 61.7999, 34.7908, 0.00316712, 64.7031, 0.626826, -55.3263, 0.634842, 124.407
839, 13.98333, 0.337145, -16.4706, 61.0091, -144.79, 61.7508, 34.787, 0.00316599, 64.6311, 0.626706, -55.33, 0.634726, 124.404
840, 13.99167, 0.336811, -16.5242, 60.96, -144.794, 61.7018, 34.7833, 0.00316486, 64.5593, 0.626585, -55.3338, 0.634611, 124.4
840, 14.00000, 0.336478, -16.5777, 60.911, -144.798, 61.6529, 34.7795, 0.00316374, 64.4877, 0.626465, -55.3375, 0.634497, 124.396
841, 14.00833, 0.336147, -16.6311, 60.8621, -144.801, 61.6041, 34.7757, 0.00316264, 64.4162, 0.626345, -55.3412, 0.634382, 124.393
841, 14.01667, 0.335817, -16.6843, 60.8132, -144.805, 61.5553, 34.772, 0.00316153, 64.3449, 0.626225, -55.3449, 0.634267, 124.389
841, 14.02500, 0.335488, -16.7373, 60.7644, -144.809, 61.5066, 34.7683, 0.00316044, 64.2738, 0.626106, -55.3486, 0.634153, 124.385
842, 14.03333, 0.335161, -16.7902, 60.7157, -144.813, 61.458, 34.7645, 0.00315936, 64.2029, 0.625986, -55.3523, 0.634039, 124.382
843, 14.04167, 0.334834, -16.8429, 60.667, -144.817, 61.4095, 34.7608, 0.00315829, 64.1321, 0.625867, -55.356, 0.633925, 124.378
843, 14.05000, 0.334509, -16.8955, 60.6185, -144.821, 61.361, 34.7571, 0.00315722, 64.0615, 0.625748, -55.3597, 0.633811, 124.375
844, 14.05833, 0.334185, -16.9479, 60.57, -144.825, 61.3126, 34.7534, 0.00315616, 63.9911, 0.625629, -55.3633, 0.633697, 124.371
844, 14.06667, 0.333863, -17.0001, 60.5215, -144.829, 61.2643, 34.7497, 0.00315512, 63.9209, 0.62551, -55.367, 0.633584, 124.367
845, 14.07500, 0.333541, -17.0522, 60.4732, -144.833, 61.216, 34.746, 0.00315408, 63.8508, 0.625391, -55.3706, 0.633471, 124.364
845, 14.08333, 0.333221, -17.1041, 60.4249, -144.836, 61.1679, 34.7423, 0.00315304, 63.7809, 0.625273, -55.3743, 0.633358, 124.36
846, 14.09167, 0.332902, -17.1559, 60.3767, -144.84, 61.1198, 34.7386, 0.00315202, 63.7112, 0.625155, -55.3779, 0.633245, 124.357
846, 14.10000, 0.332584, -17.2075, 60.3286, -144.844, 61.0718, 34.735, 0.00315101, 63.6417, 0.625037, -55.3815, 0.633132, 124.353
847, 14.10833, 0.332267, -17.2589, 60.2805, -144.848, 61.0238, 34.7313, 0.00315, 63.5723, 0.624919, -55.3851, 0.633019, 124.349
847, 14.11667, 0.331952, -17.3102, 60.2325, -144.852, 60.9759, 34.7276, 0.003149, 63.5031, 0.624801, -55.3887, 0.632907, 124.346
848, 14.12500, 0.331637, -17.3614, 60.1846, -144.856, 60.9281, 34.724, 0.00314801, 63.4341, 0.624683, -55.3923, 0.632795, 124.342
848, 14.13333, 0.331324, -17.4123, 60.1368, -144.859, 60.8804, 34.7204, 0.00314703, 63.3653, 0.624566, -55.3959, 0.632683, 124.339
849, 14.14167, 0.331012, -17.4632, 60.089, -144.863, 60.8327, 34.7167, 0.00314606, 63.2966, 0.624449, -55.3995, 0.632571, 124.335
849, 14.15000, 0.330701, -17.5138, 60.0414, -144.867, 60.7851, 34.7131, 0.00314509, 63.2281, 0.624332, -55.403, 0.632459, 124.332
849, 14.15833, 0.330392, -17.5644, 59.9937, -144.871, 60.7376, 34.7095, 0.00314414, 63.1598, 0.624215, -55.4066, 0.632347, 124.328
850, 14.16667, 0.330083, -17.6147, 59.9462, -144.874, 60.6902, 34.7059, 0.00314319, 63.0916, 0.624098, -55.4102, 0.632236, 124.325
851, 14.17500, 0.329776, -17.6649, 59.8987, -144.878, 60.6428, 34.7023, 0.00314225, 63.0237, 0.623982, -55.4137, 0.632125, 124.321
851, 14.18333, 0.32947, -17.715, 59.8513, -144.882, 60.5955, 34.6987, 0.00314131, 62.9559, 0.623865, -55.4172, 0.632013, 124.318
852, 14.19167, 0.329165, -17.7649, 59.804, -144.886, 60.5483, 34.6951, 0.00314039, 62.8882, 0.623749, -55.4208, 0.631903, 124.314
852, 14.20000, 0.328861, -17.8146, 59.7567, -144.889, 60.5011, 34.6916, 0.00313947, 62.8208, 0.623633, -55.4243, 0.631792, 124.311
853, 14.20833, 0.328558, -17.8642, 59.7095, -144.893, 60.454, 34.688, 0.00313857, 62.7535, 0.623517, -55.4278, 0.631681, 124.307
853, 14.21667, 0.328256, -17.9136, 59.6624, -144.897, 60.407, 34.6844, 0.00313766, 62.6864, 0.623401, -55.4313, 0.631571, 124.304
854, 14.22500, 0.327955, -17.9629, 59.6154, -144.9, 60.3601, 34.6809, 0.00313677, 62.6195, 0.623286, -55.4348, 0.63146, 124.3
854, 14.23333, 0.327656, -18.012, 59.5684, -144.904, 60.3132, 34.6774, 0.00313589, 62.5527, 0.623171, -55.4383, 0.63135, 124.297
855, 14.24167, 0.327358, -18.061, 59.5215, -144.908, 60.2664, 34.6738, 0.00313501, 62.4862, 0.623055, -55.4418, 0.63124, 124.294
855, 14.25000, 0.32706, -18.1098, 59.4747, -144.912, 60.2197, 34.6703, 0.00313414, 62.4198, 0.62294, -55.4452, 0.631131, 124.29
856, 14.25833, 0.326764, -18.1584, 59.4279, -144.915, 60.173, 34.6668, 0.00313328, 62.3535, 0.622825, -55.4487, 0.631021, 124.287
856, 14.26667, 0.326469, -18.2069, 59.3812, -144.919, 60.1264, 34.6633, 0.00313243, 62.2874, 0.622711, -55.4521, 0.630912, 124.283
857, 14.27500, 0.326175, -18.2553, 59.3346, -144.922, 60.0799, 34.6598, 0.00313158, 62.2216, 0.622596, -55.4556, 0.630802, 124.28
857, 14.28333, 0.325882, -18.3034, 59.2881, -144.926, 60.0334, 34.6563, 0.00313074, 62.1558, 0.622482, -55.459, 0.630693, 124.276
857, 14.29167, 0.325591, -18.3515, 59.2416, -144.93, 59.987, 34.6528, 0.00312991, 62.0903, 0.622367, -55.4624, 0.630584, 124.273
858, 14.30000, 0.3253, -18.3994, 59.1952, -144.933, 59.9407, 34.6493, 0.00312909, 62.0249, 0.622253, -55.4659, 0.630475, 124.27
859, 14.30833, 0.32501, -18.4471, 59.1488, -144.937, 59.8945, 34.6458, 0.00312827, 61.9597, 0.622139, -55.4693, 0.630367, 124.266
859, 14.31667, 0.324722, -18.4947, 59.1025, -144.941, 59.8483, 34.6424, 0.00312747, 61.8947, 0.622026, -55.4727, 0.630258, 124.263
860, 14.32500, 0.324434, -18.5421, 59.0563, -144.944, 59.8022, 34.6389, 0.00312667, 61.8298, 0.621912, -55.4761, 0.63015, 124.26
860, 14.33333, 0.324148, -18.5894, 59.0102, -144.948, 59.7561, 34.6354, 0.00312587, 61.7651, 0.621799, -55.4795, 0.630042, 124.256
861, 14.34167, 0.323862, -18.6365, 58.9641, -144.951, 59.7101, 34.632, 0.00312509, 61.7006, 0.621685, -55.4829, 0.629934, 124.253
861, 14.35000, 0.323578, -18.6835, 58.9181, -144.955, 59.6642, 34.6286, 0.00312431, 61.6363, 0.621572, -55.4862, 0.629826, 124.249
862, 14.35833, 0.323295, -18.7303, 58.8722, -144.958, 59.6184, 34.6251, 0.00312354, 61.5721, 0.621459, -55.4896, 0.629718, 124.246
862, 14.36667, 0.323012, -18.777, 58.8263, -144.962, 59.5726, 34.6217, 0.00312278, 61.5081, 0.621346, -55.493, 0.62961, 124.243
863, 14.37500, 0.322731, -18.8235, 58.7806, -144.966, 59.5269, 34.6183, 0.00312202, 61.4442, 0.621234, -55.4963, 0.629503, 124.239
863, 14.38333, 0.322451, -18.8698, 58.7348, -144.969, 59.4813, 34.6149, 0.00312127, 61.3806, 0.621121, -55.4997, 0.629396, 124.236
864, 14.39167, 0.322172, -18.9161, 58.6892, -144.973, 59.4357, 34.6115, 0.00312053, 61.3171, 0.621009, -55.503, 0.629289, 124.233
864, 14.40000, 0.321894, -18.9621, 58.6436, -144.976, 59.3902, 34.6081, 0.0031198, 61.2538, 0.620897, -55.5063, 0.629182, 124.23
865, 14.40833, 0.321617, -19.008, 58.598, -144.98, 59.3448, 34.6047, 0.00311907, 61.1906, 0.620785, -55.5096, 0.629075, 124.226
865, 14.41667, 0.321341, -19.0538, 58.5526, -144.983, 59.2994, 34.6013, 0.00311835, 61.1276, 0.620673, -55.5129, 0.628968, 124.223
866, 14.42500, 0.321066, -19.0994, 58.5072, -144.987, 59.2541, 34.598, 0.00311764, 61.0648, 0.620561, -55.5163, 0.628862, 124.22
866, 14.43333, 0.320792, -19.1449, 58.4619, -144.99, 59.2089, 34.5946, 0.00311694, 61.0022, 0.620449, -55.5195, 0.628756, 124.216
866, 14.44167, 0.320519, -19.1902, 58.4166, -144.994, 59.1637, 34.5912, 0.00311624, 60.9397, 0.620338, -55.5228, 0.628649, 124.213
867, 14.45000, 0.320247, -19.2353, 58.3714, -144.997, 59.1186, 34.5879, 0.00311555, 60.8774, 0.620227, -55.5261, 0.628543, 124.21
868, 14.45833, 0.319976, -19.2803, 58.3263, -145.001, 59.0736, 34.5846, 0.00311486, 60.8153, 0.620116, -55.5294, 0.628437, 124.207
868, 14.46667, 0.319706, -19.3252, 58.2812, -145.004, 59.0286, 34.5812, 0.00311419, 60.7533, 0.620005, -55.5327, 0.628332, 124.203
869, 14.47500, 0.319437, -19.3699, 58.2363, -145.008, 58.9837, 34.5779, 0.00311352, 60.6915, 0.619894, -55.5359, 0.628226, 124.2
869, 14.48333, 0.319169, -19.4145, 58.1913, -145.011, 58.9389, 34.5746, 0.00311286, 60.6299, 0.619783, -55.5392, 0.628121, 124.197
870, 14.49167, 0.318902, -19.4589, 58.1465, -145.014, 58.8941, 34.5713, 0.0031122, 60.5684, 0.619673, -55.5424, 0.628015, 124.194
870, 14.50000, 0.318636, -19.5032, 58.1017, -145.018, 58.8494, 34.568, 0.00311155, 60.5071, 0.619562, -55.5456, 0.62791, 124.19
871, 14.50833, 0.318371, -19.5473, 58.0569, -145.021, 58.8047, 34.5647, 0.00311091, 60.446, 0.619452, -55.5489, 0.627805, 124.187
871, 14.51667, 0.318107, -19.5913, 58.0123, -145.025, 58.7602, 34.5614, 0.00311028, 60.3851, 0.619342, -55.5521, 0.6277, 124.184
872, 14.52500, 0.317843, -19.6351, 57.9677, -145.028, 58.7156, 34.5581, 0.00310965, 60.3243, 0.619232, -55.5553, 0.627596, 124.181
872, 14.53333, 0.317581, -19.6787, 57.9231, -145.032, 58.6712, 34.5548, 0.00310903, 60.2637, 0.619122, -55.5585, 0.627491, 124.178
873, 14.54167, 0.31732, -19.7223, 57.8787, -145.035, 58.6268, 34.5515, 0.00310841, 60.2032, 0.619013, -55.5617, 0.627387, 124.174
873, 14.55000, 0.31706, -19.7657, 57.8343, -145.038, 58.5825, 34.5483, 0.00310781, 60.1429, 0.618903, -55.5649, 0.627283, 124.171
874, 14.55833, 0.316801, -19.8089, 57.7899, -145.042, 58.5382, 34.545, 0.00310721, 60.0828, 0.618794, -55.5681, 0.627178, 124.168
874, 14.56667, 0.316542, -19.852, 57.7457, -145.045, 58.494, 34.5418, 0.00310661, 60.0229, 0.618684, -55.5713, 0.627074, 124.165
874, 14.57500, 0.316285, -19.8949, 57.7014, -145.048, 58.4499, 34.5385, 0.00310603, 59.9631, 0.618575, -55.5744, 0.626971, 124.162
875, 14.58333, 0.316028, -19.9377, 57.6573, -145.052, 58.4059, 34.5353, 0.00310545, 59.9035, 0.618466, -55.5776, 0.626867, 124.159
876, 14.59167, 0.315773, -19.9803, 57.6132, -145.055, 58.3619, 34.532, 0.00310487, 59.8441, 0.618358, -55.5807, 0.626763, 124.155
876, 14.60000, 0.315518, -20.0228, 57.5692, -145.058, 58.3179, 34.5288, 0.00310431, 59.7848, 0.618249, -55.5839, 0.62666, 124.152
877, 14.60833, 0.315265, -20.0652, 57.5252, -145.062, 58.274, 34.5256, 0.00310375, 59.7257, 0.618141, -55.587, 0.626557, 124.149
877, 14.61667, 0.315012, -20.1074, 57.4813, -145.065, 58.2302, 34.5224, 0.00310319, 59.6667, 0.618032, -55.5902, 0.626454, 124.146
878, 14.62500, 0.31476, -20.1495, 57.4375, -145.068, 58.1865, 34.5192, 0.00310265, 59.608, 0.617924, -55.5933, 0.626351, 124.143
878, 14.63333, 0.314509, -20.1914, 57.3937, -145.072, 58.1428, 34.516, 0.0031021, 59.5493, 0.617816, -55.5964, 0.626248, 124.14
879, 14.64167, 0.314259, -20.2331, 57.35, -145.075, 58.0992, 34.5128, 0.00310157, 59.4909, 0.617708, -55.5995, 0.626145, 124.137
879, 14.65000, 0.31401, -20.2748, 57.3064, -145.078, 58.0556, 34.5096, 0.00310104, 59.4326, 0.6176, -55.6026, 0.626043, 124.134
880, 14.65833, 0.313762, -20.3162, 57.2628, -145.082, 58.0121, 34.5064, 0.00310052, 59.3745, 0.617493, -55.6057, 0.62594, 124.131
880, 14.66667, 0.313515, -20.3576, 57.2193, -145.085, 57.9687, 34.5033, 0.00310001, 59.3166, 0.617385, -55.6088, 0.625838, 124.127
881, 14.67500, 0.313269, -20.3988, 57.1758, -145.088, 57.9253, 34.5001, 0.0030995, 59.2588, 0.617278, -55.6119, 0.625736, 124.124
881, 14.68333, 0.313024, -20.4398, 57.1325, -145.091, 57.882, 34.497, 0.003099, 59.2012, 0.617171, -55.615, 0.625634, 124.121
882, 14.69167, 0.312779, -20.4807, 57.0891, -145.095, 57.8388, 34.4938, 0.0030985, 59.1437, 0.617064, -55.618, 0.625532, 124.118
882, 14.70000, 0.312536, -20.5215, 57.0459, -145.098, 57.7956, 34.4907, 0.00309801, 59.0864, 0.616957, -55.6211, 0.62543, 124.115
882, 14.70833, 0.312293, -20.5621, 57.0026, -145.101, 57.7524, 34.4875, 0.00309753, 59.0293, 0.61685, -55.6242, 0.625329, 124.112
883, 14.71667, 0.312051, -20.6026, 56.9595, -145.104, 57.7094, 34.4844, 0.00309706, 58.9723, 0.616743, -55.6272, 0.625227, 124.109
884, 14.72500, 0.31181, -20.6429, 56.9164, -145.108, 57.6664, 34.4813, 0.00309659, 58.9155, 0.616637, -55.6302, 0.625126, 124.106
884, 14.73333, 0.31157, -20.6831, 56.8734, -145.111, 57.6234, 34.4782, 0.00309612, 58.8589, 0.61653, -55.6333, 0.625025, 124.103
885, 14.74167, 0.311331, -20.7231, 56.8304, -145.114, 57.5806, 34.475, 0.00309567, 58.8024, 0.616424, -55.6363, 0.624924, 124.1
885, 14.75000, 0.311093, -20.763, 56.7875, -145.117, 57.5377, 34.4719, 0.00309521, 58.7461, 0.616318, -55.6393, 0.624823, 124.097
886, 14.75833, 0.310855, -20.8028, 56.7447, -145.12, 57.495, 34.4688, 0.00309477, 58.69, 0.616212, -55.6423, 0.624722, 124.094
886, 14.76667, 0.310619, -20.8424, 56.7019, -145.124, 57.4523, 34.4658, 0.00309433, 58.634, 0.616106, -55.6453, 0.624622, 124.091
887, 14.77500, 0.310383, -20.8819, 56.6592, -145.127, 57.4096, 34.4627, 0.0030939, 58.5782, 0.616, -55.6483, 0.624521, 124.088
887, 14.78333, 0.310148, -20.9212, 56.6166, -145.13, 57.3671, 34.4596, 0.00309347, 58.5225, 0.615895, -55.6513, 0.624421, 124.085
888, 14.79167, 0.309914, -20.9604, 56.574, -145.133, 57.3245, 34.4565, 0.00309305, 58.467, 0.615789, -55.6543, 0.624321, 124.082
888, 14.80000, 0.309681, -20.9994, 56.5314, -145.136, 57.2821, 34.4535, 0.00309264, 58.4117, 0.615684, -55.6573, 0.624221, 124.079
889, 14.80833, 0.309449, -21.0383, 56.4889, -145.139, 57.2397, 34.4504, 0.00309223, 58.3566, 0.615579, -55.6603, 0.624121, 124.076
889, 14.81667, 0.309218, -21.0771, 56.4465, -145.143, 57.1973, 34.4473, 0.00309183, 58.3015, 0.615474, -55.6632, 0.624021, 124.073
890, 14.82500, 0.308987, -21.1157, 56.4042, -145.146, 57.1551, 34.4443, 0.00309143, 58.2467, 0.615369, -55.6662, 0.623921, 124.07
890, 14.83333, 0.308758, -21.1542, 56.3619, -145.149, 57.1129, 34.4413, 0.00309104, 58.192, 0.615264, -55.6691, 0.623822, 124.067
891, 14.84167, 0.308529, -21.1926, 56.3196, -145.152, 57.0707, 34.4382, 0.00309066, 58.1375, 0.61516, -55.6721, 0.623722, 124.064
891, 14.85000, 0.308301, -21.2308, 56.2775, -145.155, 57.0286, 34.4352, 0.00309028, 58.0832, 0.615055, -55.675, 0.623623, 124.061
891, 14.85833, 0.308074, -21.2689, 56.2353, -145.158, 56.9865, 34.4322, 0.00308991, 58.029, 0.614951, -55.6779, 0.623524, 124.058
892, 14.86667, 0.307847, -21.3068, 56.1933, -145.161, 56.9446, 34.4292, 0.00308955, 57.9749, 0.614846, -55.6809, 0.623425, 124.055
893, 14.87500, 0.307622, -21.3446, 56.1513, -145.164, 56.9026, 34.4262, 0.00308919, 57.9211, 0.614742, -55.6838, 0.623326, 124.052
893, 14.88333, 0.307397, -21.3822, 56.1093, -145.168, 56.8608, 34.4232, 0.00308883, 57.8673, 0.614638, -55.6867, 0.623227, 124.049
894, 14.89167, 0.307174, -21.4197, 56.0675, -145.171, 56.819, 34.4202, 0.00308848, 57.8138, 0.614534, -55.6896, 0.623128, 124.047
894, 14.90000, 0.306951, -21.4571, 56.0256, -145.174, 56.7772, 34.4172, 0.00308814, 57.7604, 0.614431, -55.6925, 0.62303, 124.044
895, 14.90833, 0.306728, -21.4943, 55.9839, -145.177, 56.7355, 34.4142, 0.00308781, 57.7072, 0.614327, -55.6954, 0.622931, 124.041
895, 14.91667, 0.306507, -21.5314, 55.9422, -145.18, 56.6939, 34.4112, 0.00308747, 57.6541, 0.614224, -55.6983, 0.622833, 124.038
896, 14.92500, 0.306287, -21.5684, 55.9005, -145.183, 56.6523, 34.4082, 0.00308715, 57.6012, 0.61412, -55.7012, 0.622735, 124.035
896, 14.93333, 0.306067, -21.6052, 55.8589, -145.186, 56.6108, 34.4053, 0.00308683, 57.5484, 0.614017, -55.704, 0.622637, 124.032
897, 14.94167, 0.305848, -21.6419, 55.8174, -145.189, 56.5693, 34.4023, 0.00308652, 57.4958, 0.613914, -55.7069, 0.622539, 124.029
897, 14.95000, 0.30563, -21.6784, 55.7759, -145.192, 56.5279, 34.3994, 0.00308621, 57.4434, 0.613811, -55.7097, 0.622442, 124.026
898, 14.95833, 0.305412, -21.7148, 55.7345, -145.195, 56.4866, 34.3964, 0.00308591, 57.3911, 0.613708, -55.7126, 0.622344, 124.023
898, 14.96667, 0.305196, -21.7511, 55.6931, -145.198, 56.4453, 34.3935, 0.00308561, 57.339, 0.613605, -55.7154, 0.622246, 124.021
899, 14.97500, 0.30498, -21.7872, 55.6518, -145.201, 56.4041, 34.3905, 0.00308532, 57.2871, 0.613503, -55.7183, 0.622149, 124.018
899, 14.98333, 0.304765, -21.8232, 55.6106, -145.204, 56.3629, 34.3876, 0.00308504, 57.2353, 0.6134, -55.7211, 0.622052, 124.015
899, 14.99167, 0.304551, -21.8591, 55.5694, -145.207, 56.3218, 34.3847, 0.00308476, 57.1836, 0.613298, -55.7239, 0.621955, 124.012
900, 15.00000, 0.304338, -21.8948, 55.5283, -145.21, 56.2807, 34.3818, 0.00308449, 57.1321, 0.613196, -55.7267, 0.621858, 124.009
901, 15.00833, 0.304125, -21.9304, 55.4872, -145.213, 56.2397, 34.3789, 0.00308422, 57.0808, 0.613094, -55.7296, 0.621761, 124.006
901, 15.01667, 0.303914, -21.9659, 55.4462, -145.216, 56.1988, 34.376, 0.00308396, 57.0296, 0.612992, -55.7324, 0.621664, 124.004
902, 15.02500, 0.303703, -22.0012, 55.4052, -145.219, 56.1579, 34.3731, 0.0030837, 56.9786, 0.61289, -55.7352, 0.621567, 124.001
902, 15.03333, 0.303492, -22.0364, 55.3643, -145.222, 56.1171, 34.3702, 0.00308345, 56.9278, 0.612788, -55.738, 0.621471, 123.998
903, 15.04167, 0.303283, -22.0714, 55.3234, -145.225, 56.0763, 34.3673, 0.00308321, 56.8771, 0.612687, -55.7407, 0.621375, 123.995
903, 15.05000, 0.303074, -22.1063, 55.2827, -145.228, 56.0356, 34.3644, 0.00308297, 56.8265, 0.612585, -55.7435, 0.621278, 123.992
904, 15.05833, 0.302866, -22.1411, 55.2419, -145.231, 55.9949, 34.3615, 0.00308273, 56.7761, 0.612484, -55.7463, 0.621182, 123.989
904, 15.06667, 0.302659, -22.1758, 55.2012, -145.234, 55.9543, 34.3587, 0.00308251, 56.7259, 0.612382, -55.7491, 0.621086, 123.987
905, 15.07500, 0.302453, -22.2103, 55.1606, -145.237, 55.9137, 34.3558, 0.00308228, 56.6758, 0.612281, -55.7518, 0.62099, 123.984
905, 15.08333, 0.302247, -22.2446, 55.12, -145.24, 55.8733, 34.353, 0.00308206, 56.6259, 0.61218, -55.7546, 0.620895, 123.981
906, 15.09167, 0.302042, -22.2789, 55.0795, -145.243, 55.8328, 34.3501, 0.00308185, 56.5762, 0.612079, -55.7573, 0.620799, 123.978
906, 15.10000, 0.301838, -22.313, 55.0391, -145.245, 55.7924, 34.3473, 0.00308165, 56.5266, 0.611979, -55.7601, 0.620703, 123.976
907, 15.10833, 0.301635, -22.347, 54.9987, -145.248, 55.7521, 34.3444, 0.00308145, 56.4771, 0.611878, -55.7628, 0.620608, 123.973
907, 15.11667, 0.301433, -22.3808, 54.9583, -145.251, 55.7118, 34.3416, 0.00308125, 56.4278, 0.611778, -55.7655, 0.620513, 123.97
907, 15.12500, 0.301231, -22.4145, 54.918, -145.254, 55.6716, 34.3388, 0.00308106, 56.3787, 0.611677, -55.7683, 0.620418, 123.967
908, 15.13333, 0.30103, -22.4481, 54.8778, -145.257, 55.6314, 34.3359, 0.00308087, 56.3297, 0.611577, -55.771, 0.620323, 123.965
909, 15.14167, 0.300829, -22.4816, 54.8376, -145.26, 55.5913, 34.3331, 0.00308069, 56.2809, 0.611477, -55.7737, 0.620228, 123.962
909, 15.15000, 0.30063, -22.5149, 54.7975, -145.263, 55.5513, 34.3303, 0.00308052, 56.2322, 0.611377, -55.7764, 0.620133, 123.959
910, 15.15833, 0.300431, -22.5481, 54.7574, -145.266, 55.5113, 34.3275, 0.00308035, 56.1837, 0.611277, -55.7791, 0.620038, 123.956
910, 15.16667, 0.300233, -22.5811, 54.7174, -145.269, 55.4713, 34.3247, 0.00308019, 56.1353, 0.611177, -55.7818, 0.619944, 123.954
911, 15.17500, 0.300036, -22.614, 54.6774, -145.271, 55.4314, 34.3219, 0.00308003, 56.0871, 0.611077, -55.7845, 0.619849, 123.951
911, 15.18333, 0.299839, -22.6468, 54.6375, -145.274, 55.3916, 34.3191, 0.00307988, 56.039, 0.610978, -55.7872, 0.619755, 123.948
912, 15.19167, 0.299643, -22.6795, 54.5977, -145.277, 55.3518, 34.3163, 0.00307973, 55.9911, 0.610878, -55.7898, 0.61966, 123.945
912, 15.20000, 0.299448, -22.712, 54.5579, -145.28, 55.3121, 34.3136, 0.00307959, 55.9433, 0.610779, -55.7925, 0.619566, 123.943
913, 15.20833, 0.299253, -22.7444, 54.5181, -145.283, 55.2724, 34.3108, 0.00307945, 55.8957, 0.61068, -55.7952, 0.619472, 123.94
913, 15.21667, 0.29906, -22.7767, 54.4784, -145.286, 55.2327, 34.308, 0.00307932, 55.8483, 0.61058, -55.7978, 0.619379, 123.937
914, 15.22500, 0.298867, -22.8088, 54.4388, -145.288, 55.1932, 34.3053, 0.00307919, 55.801, 0.610481, -55.8005, 0.619285, 123.935
914, 15.23333, 0.298674, -22.8408, 54.3992, -145.291, 55.1537, 34.3025, 0.00307907, 55.7538, 0.610383, -55.8031, 0.619191, 123.932
915, 15.24167, 0.298483, -22.8727, 54.3596, -145.294, 55.1142, 34.2998, 0.00307895, 55.7068, 0.610284, -55.8057, 0.619098, 123.929
915, 15.25000, 0.298292, -22.9045, 54.3202, -145.297, 55.0748, 34.297, 0.00307884, 55.66, 0.610185, -55.8084, 0.619004, 123.927
916, 15.25833, 0.298102, -22.9361, 54.2807, -145.3, 55.0354, 34.2943, 0.00307874, 55.6133, 0.610087, -55.811, 0.618911, 123.924
916, 15.26667, 0.297913, -22.9676, 54.2414, -145.302, 54.9961, 34.2916, 0.00307864, 55.5668, 0.609988, -55.8136, 0.618818, 123.921
916, 15.27500, 0.297724, -22.999, 54.202, -145.305, 54.9569, 34.2888, 0.00307854, 55.5204, 0.60989, -55.8162, 0.618725, 123.919
917, 15.28333, 0.297536, -23.0302, 54.1628, -145.308, 54.9177, 34.2861, 0.00307845, 55.4741, 0.609792, -55.8188, 0.618632, 123.916
918, 15.29167, 0.297349, -23.0613, 54.1236, -145.311, 54.8785, 34.2834, 0.00307837, 55.428, 0.609693, -55.8214, 0.618539, 123.913
918, 15.30000, 0.297162, -23.0923, 54.0844, -145.314, 54.8394, 34.2807, 0.00307828, 55.3821, 0.609595, -55.824, 0.618446, 123.911
919, 15.30833, 0.296976, -23.1231, 54.0453, -145.316, 54.8004, 34.278, 0.00307821, 55.3363, 0.609498, -55.8266, 0.618353, 123.908
919, 15.31667, 0.296791, -23.1539, 54.0062, -145.319, 54.7614, 34.2753, 0.00307814, 55.2907, 0.6094, -55.8292, 0.618261, 123.905
920, 15.32500, 0.296606, -23.1845, 53.9672, -145.322, 54.7225, 34.2726, 0.00307807, 55.2452, 0.609302, -55.8318, 0.618169, 123.903
920, 15.33333, 0.296423, -23.2149, 53.9283, -145.325, 54.6836, 34.2699, 0.00307801, 55.1999, 0.609205, -55.8344, 0.618076, 123.9
921, 15.34167, 0.29624, -23.2453, 53.8894, -145.327, 54.6447, 34.2672, 0.00307796, 55.1547, 0.609107, -55.8369, 0.617984, 123.898
921, 15.35000, 0.296057, -23.2755, 53.8505, -145.33, 54.6059, 34.2646, 0.00307791, 55.1096, 0.60901, -55.8395, 0.617892, 123.895
922, 15.35833, 0.295875, -23.3056, 53.8117, -145.333, 54.5672, 34.2619, 0.00307786, 55.0647, 0.608913, -55.842, 0.6178, 123.892
922, 15.36667, 0.295694, -23.3356, 53.773, -145.335, 54.5285, 34.2592, 0.00307782, 55.02, 0.608815, -55.8446, 0.617708, 123.89
923, 15.37500, 0.295514, -23.3654, 53.7343, -145.338, 54.4899, 34.2566, 0.00307779, 54.9754, 0.608718, -55.8471, 0.617616, 123.887
923, 15.38333, 0.295334, -23.3951, 53.6956, -145.341, 54.4513, 34.2539, 0.00307776, 54.9309, 0.608622, -55.8497, 0.617525, 123.885
924, 15.39167, 0.295155, -23.4247, 53.657, -145.344, 54.4128, 34.2513, 0.00307773, 54.8866, 0.608525, -55.8522, 0.617433, 123.882
924, 15.40000, 0.294977, -23.4542, 53.6185, -145.346, 54.3743, 34.2486, 0.00307771, 54.8425, 0.608428, -55.8547, 0.617342, 123.879
924, 15.40833, 0.294799, -23.4835, 53.58, -145.349, 54.3359, 34.246, 0.0030777, 54.7985, 0.608332, -55.8573, 0.617251, 123.877
925, 15.41667, 0.294622, -23.5128, 53.5415, -145.352, 54.2975, 34.2434, 0.00307769, 54.7546, 0.608235, -55.8598, 0.617159, 123.874
926, 15.42500, 0.294446, -23.5419, 53.5032, -145.354, 54.2592, 34.2407, 0.00307768, 54.7109, 0.608139, -55.8623, 0.617068, 123.872
926, 15.43333, 0.294271, -23.5708, 53.4648, -145.357, 54.2209, 34.2381, 0.00307768, 54.6674, 0.608042, -55.8648, 0.616977, 123.869
927, 15.44167, 0.294096, -23.5997, 53.4265, -145.36, 54.1827, 34.2355, 0.00307769, 54.6239, 0.607946, -55.8673, 0.616886, 123.867
927, 15.45000, 0.293921, -23.6284, 53.3883, -145.362, 54.1445, 34.2329, 0.00307769, 54.5807, 0.60785, -55.8698, 0.616796, 123.864
928, 15.45833, 0.293748, -23.657, 53.3501, -145.365, 54.1064, 34.2303, 0.00307771, 54.5375, 0.607754, -55.8722, 0.616705, 123.862
928, 15.46667, 0.293575, -23.6855, 53.312, -145.368, 54.0684, 34.2277, 0.00307773, 54.4946, 0.607659, -55.8747, 0.616614, 123.859
929, 15.47500, 0.293402, -23.7138, 53.2739, -145.37, 54.0303, 34.2251, 0.00307775, 54.4517, 0.607563, -55.8772, 0.616524, 123.857
929, 15.48333, 0.293231, -23.7421, 53.2358, -145.373, 53.9924, 34.2225, 0.00307778, 54.409, 0.607467, -55.8797, 0.616434, 123.854
930, 15.49167, 0.29306, -23.7702, 53.1979, -145.375, 53.9544, 34.2199, 0.00307781, 54.3665, 0.607372, -55.8821, 0.616343, 123.851
930, 15.50000, 0.292889, -23.7982, 53.1599, -145.378, 53.9166, 34.2173, 0.00307785, 54.3241, 0.607276, -55.8846, 0.616253, 123.849
931, 15.50833, 0.29272, -23.826, 53.122, -145.381, 53.8788, 34.2148, 0.00307789, 54.2819, 0.607181, -55.887, 0.616163, 123.846
931, 15.51667, 0.292551, -23.8538, 53.0842, -145.383, 53.841, 34.2122, 0.00307794, 54.2397, 0.607086, -55.8895, 0.616073, 123.844
932, 15.52500, 0.292382, -23.8814, 53.0464, -145.386, 53.8033, 34.2096, 0.00307799, 54.1978, 0.606991, -55.8919, 0.615983, 123.841
932, 15.53333, 0.292214, -23.9089, 53.0087, -145.388, 53.7656, 34.2071, 0.00307805, 54.156, 0.606896, -55.8944, 0.615894, 123.839
932, 15.54167, 0.292047, -23.9363, 52.971, -145.391, 53.728, 34.2045, 0.00307811, 54.1143, 0.606801, -55.8968, 0.615804, 123.836
933, 15.55000, 0.291881, -23.9635, 52.9333, -145.394, 53.6904, 34.202, 0.00307818, 54.0728, 0.606706, -55.8992, 0.615714, 123.834
934, 15.55833, 0.291715, -23.9907, 52.8958, -145.396, 53.6529, 34.1994, 0.00307825, 54.0314, 0.606611, -55.9016, 0.615625, 123.832
934, 15.56667, 0.29155, -24.0177, 52.8582, -145.399, 53.6154, 34.1969, 0.00307833, 53.9901, 0.606517, -55.904, 0.615536, 123.829
935, 15.57500, 0.291385, -24.0446, 52.8207, -145.401, 53.578, 34.1943, 0.00307841, 53.949, 0.606422, -55.9065, 0.615447, 123.827
935, 15.58333, 0.291221, -24.0714, 52.7833, -145.404, 53.5406, 34.1918, 0.00307849, 53.9081, 0.606328, -55.9089, 0.615357, 123.824
936, 15.59167, 0.291058, -24.098, 52.7459, -145.406, 53.5033, 34.1893, 0.00307858, 53.8672, 0.606233, -55.9113, 0.615268, 123.822
936, 15.60000, 0.290895, -24.1246, 52.7085, -145.409, 53.466, 34.1868, 0.00307868, 53.8266, 0.606139, -55.9136, 0.61518, 123.819
937, 15.60833, 0.290733, -24.151, 52.6712, -145.412, 53.4287, 34.1843, 0.00307878, 53.786, 0.606045, -55.916, 0.615091, 123.817
937, 15.61667, 0.290572, -24.1773, 52.634, -145.414, 53.3916, 34.1817, 0.00307888, 53.7456, 0.605951, -55.9184, 0.615002, 123.814
938, 15.62500, 0.290411, -24.2035, 52.5968, -145.417, 53.3544, 34.1792, 0.00307899, 53.7054, 0.605857, -55.9208, 0.614913, 123.812
938, 15.63333, 0.290251, -24.2296, 52.5596, -145.419, 53.3173, 34.1767, 0.0030791, 53.6653, 0.605763, -55.9232, 0.614825, 123.809
939, 15.64167, 0.290092, -24.2555, 52.5225, -145.422, 53.2803, 34.1743, 0.00307922, 53.6253, 0.60567, -55.9255, 0.614736, 123.807
939, 15.65000, 0.289933, -24.2813, 52.4855, -145.424, 53.2433, 34.1718, 0.00307934, 53.5855, 0.605576, -55.9279, 0.614648, 123.805
940, 15.65833, 0.289775, -24.3071, 52.4484, -145.427, 53.2064, 34.1693, 0.00307947, 53.5458, 0.605482, -55.9302, 0.61456, 123.802
940, 15.66667, 0.289617, -24.3327, 52.4115, -145.429, 53.1695, 34.1668, 0.0030796, 53.5062, 0.605389, -55.9326, 0.614472, 123.8
941, 15.67500, 0.28946, -24.3581, 52.3746, -145.432, 53.1326, 34.1643, 0.00307974, 53.4668, 0.605296, -55.9349, 0.614384, 123.797
941, 15.68333, 0.289303, -24.3835, 52.3377, -145.434, 53.0958, 34.1619, 0.00307988, 53.4276, 0.605203, -55.9373, 0.614296, 123.795
941, 15.69167, 0.289148, -24.4087, 52.3009, -145.437, 53.0591, 34.1594, 0.00308002, 53.3885, 0.605109, -55.9396, 0.614208, 123.793
942, 15.70000, 0.288992, -24.4339, 52.2641, -145.439, 53.0224, 34.1569, 0.00308017, 53.3495, 0.605016, -55.9419, 0.61412, 123.79
943, 15.70833, 0.288838, -24.4589, 52.2274, -145.442, 52.9857, 34.1545, 0.00308033, 53.3106, 0.604923, -55.9442, 0.614033, 123.788
943, 15.71667, 0.288684, -24.4838, 52.1907, -145.444, 52.9491, 34.152, 0.00308049, 53.2719, 0.604831, -55.9466, 0.613945, 123.785
944, 15.72500, 0.28853, -24.5086, 52.1541, -145.447, 52.9125, 34.1496, 0.00308065, 53.2333, 0.604738, -55.9489, 0.613858, 123.783
944, 15.73333, 0.288378, -24.5332, 52.1175, -145.449, 52.876, 34.1472, 0.00308082, 53.1949, 0.604645, -55.9512, 0.61377, 123.781
945, 15.74167, 0.288226, -24.5578, 52.081, -145.451, 52.8395, 34.1447, 0.00308099, 53.1566, 0.604553, -55.9535, 0.613683, 123.778
945, 15.75000, 0.288074, -24.5822, 52.0445, -145.454, 52.8031, 34.1423, 0.00308117, 53.1185, 0.60446, -55.9558, 0.613596, 123.776
946, 15.75833, 0.287923, -24.6066, 52.008, -145.456, 52.7667, 34.1399, 0.00308135, 53.0804, 0.604368, -55.958, 0.613509, 123.773
946, 15.76667, 0.287773, -24.6308, 51.9716, -145.459, 52.7304, 34.1374, 0.00308154, 53.0426, 0.604276, -55.9603, 0.613422, 123.771
947, 15.77500, 0.287623, -24.6549, 51.9353, -145.461, 52.6941, 34.135, 0.00308173, 53.0048, 0.604183, -55.9626, 0.613335, 123.769
947, 15.78333, 0.287474, -24.6789, 51.899, -145.464, 52.6579, 34.1326, 0.00308192, 52.9672, 0.604091, -55.9649, 0.613249, 123.766
948, 15.79167, 0.287325, -24.7027, 51.8627, -145.466, 52.6217, 34.1302, 0.00308212, 52.9298, 0.603999, -55.9672, 0.613162, 123.764
948, 15.80000, 0.287177, -24.7265, 51.8265, -145.469, 52.5855, 34.1278, 0.00308232, 52.8924, 0.603907, -55.9694, 0.613075, 123.762
949, 15.80833, 0.28703, -24.7501, 51.7903, -145.471, 52.5494, 34.1254, 0.00308253, 52.8552, 0.603816, -55.9717, 0.612989, 123.759
949, 15.81667, 0.286883, -24.7737, 51.7542, -145.473, 52.5134, 34.123, 0.00308275, 52.8182, 0.603724, -55.9739, 0.612902, 123.757
949, 15.82500, 0.286737, -24.7971, 51.7181, -145.476, 52.4774, 34.1206, 0.00308296, 52.7813, 0.603632, -55.9762, 0.612816, 123.755
950, 15.83333, 0.286591, -24.8204, 51.6821, -145.478, 52.4414, 34.1183, 0.00308318, 52.7445, 0.603541, -55.9784, 0.61273, 123.752
951, 15.84167, 0.286446, -24.8436, 51.6461, -145.481, 52.4055, 34.1159, 0.00308341, 52.7078, 0.603449, -55.9807, 0.612644, 123.75
951, 15.85000, 0.286302, -24.8667, 51.6102, -145.483, 52.3696, 34.1135, 0.00308364, 52.6713, 0.603358, -55.9829, 0.612558, 123.748
952, 15.85833, 0.286158, -24.8896, 51.5743, -145.485, 52.3338, 34.1111, 0.00308388, 52.6349, 0.603267, -55.9851, 0.612472, 123.745
952, 15.86667, 0.286014, -24.9125, 51.5384, -145.488, 52.298, 34.1088, 0.00308411, 52.5987, 0.603176, -55.9873, 0.612386, 123.743
953, 15.87500, 0.285872, -24.9352, 51.5026, -145.49, 52.2623, 34.1064, 0.00308436, 52.5626, 0.603085, -55.9896, 0.6123, 123.741
953, 15.88333, 0.28573, -24.9579, 51.4669, -145.492, 52.2266, 34.1041, 0.00308461, 52.5266, 0.602994, -55.9918, 0.612215, 123.739
954, 15.89167, 0.285588, -24.9804, 51.4312, -145.495, 52.1909, 34.1017, 0.00308486, 52.4907, 0.602903, -55.994, 0.612129, 123.736
954, 15.90000, 0.285447, -25.0028, 51.3955, -145.497, 52.1553, 34.0994, 0.00308511, 52.455, 0.602812, -55.9962, 0.612044, 123.734
955, 15.90833, 0.285307, -25.0251, 51.3599, -145.499, 52.1198, 34.097, 0.00308538, 52.4195, 0.602721, -55.9984, 0.611958, 123.732
955, 15.91667, 0.285167, -25.0473, 51.3243, -145.502, 52.0843, 34.0947, 0.00308564, 52.384, 0.60263, -56.0006, 0.611873, 123.729
956, 15.92500, 0.285027, -25.0694, 51.2888, -145.504, 52.0488, 34.0924, 0.00308591, 52.3487, 0.60254, -56.0027, 0.611788, 123.727
956, 15.93333, 0.284889, -25.0914, 51.2533, -145.506, 52.0134, 34.09, 0.00308618, 52.3135, 0.60245, -56.0049, 0.611703, 123.725
957, 15.94167, 0.284751, -25.1132, 51.2178, -145.509, 51.978, 34.0877, 0.00308646, 52.2785, 0.602359, -56.0071, 0.611618, 123.723
957, 15.95000, 0.284613, -25.135, 51.1825, -145.511, 51.9427, 34.0854, 0.00308675, 52.2436, 0.602269, -56.0093, 0.611533, 123.72
957, 15.95833, 0.284476, -25.1567, 51.1471, -145.513, 51.9074, 34.0831, 0.00308703, 52.2088, 0.602179, -56.0114, 0.611448, 123.718
958, 15.96667, 0.28434, -25.1782, 51.1118, -145.516, 51.8721, 34.0808, 0.00308732, 52.1742, 0.602089, -56.0136, 0.611363, 123.716
959, 15.97500, 0.284204, -25.1996, 51.0765, -145.518, 51.8369, 34.0785, 0.00308762, 52.1397, 0.601999, -56.0158, 0.611279, 123.714
959, 15.98333, 0.284068, -25.221, 51.0413, -145.52, 51.8018, 34.0762, 0.00308792, 52.1053, 0.601909, -56.0179, 0.611194, 123.711
960, 15.99167, 0.283934, -25.2422, 51.0061, -145.523, 51.7667, 34.0739, 0.00308822, 52.071, 0.601819, -56.0201, 0.61111, 123.709
960, 16.00000, 0.283799, -25.2633, 50.971, -145.525, 51.7316, 34.0716, 0.00308853, 52.0369, 0.601729, -56.0222, 0.611025, 123.707
961, 16.00833, 0.283666, -25.2843, 50.9359, -145.527, 51.6966, 34.0693, 0.00308884, 52.0029, 0.601639, -56.0243, 0.610941, 123.705
961, 16.01667, 0.283533, -25.3052, 50.9009, -145.529, 51.6616, 34.067, 0.00308916, 51.9691, 0.60155, -56.0265, 0.610857, 123.702
962, 16.02500, 0.2834, -25.326, 50.8659, -145.532, 51.6266, 34.0648, 0.00308948, 51.9353, 0.60146, -56.0286, 0.610773, 123.7
962, 16.03333, 0.283268, -25.3467, 50.8309, -145.534, 51.5918, 34.0625, 0.00308981, 51.9017, 0.601371, -56.0307, 0.610689, 123.698
963, 16.04167, 0.283137, -25.3672, 50.796, -145.536, 51.5569, 34.0602, 0.00309014, 51.8683, 0.601282, -56.0328, 0.610605, 123.696
963, 16.05000, 0.283006, -25.3877, 50.7611, -145.539, 51.5221, 34.058, 0.00309047, 51.8349, 0.601192, -56.0349, 0.610521, 123.694
964, 16.05833, 0.282876, -25.4081, 50.7263, -145.541, 51.4873, 34.0557, 0.00309081, 51.8017, 0.601103, -56.0371, 0.610437, 123.691
964, 16.06667, 0.282746, -25.4284, 50.6915, -145.543, 51.4526, 34.0535, 0.00309115, 51.7686, 0.601014, -56.0392, 0.610354, 123.689
965, 16.07500, 0.282617, -25.4485, 50.6567, -145.545, 51.4179, 34.0512, 0.0030915, 51.7357, 0.600925, -56.0412, 0.61027, 123.687
965, 16.08333, 0.282488, -25.4686, 50.6221, -145.548, 51.3833, 34.049, 0.00309185, 51.7029, 0.600836, -56.0433, 0.610186, 123.685
966, 16.09167, 0.28236, -25.4885, 50.5874, -145.55, 51.3487, 34.0467, 0.0030922, 51.6702, 0.600747, -56.0454, 0.610103, 123.683
966, 16.10000, 0.282232, -25.5084, 50.5528, -145.552, 51.3142, 34.0445, 0.00309256, 51.6376, 0.600659, -56.0475, 0.61002, 123.68
966, 16.10833, 0.282105, -25.5281, 50.5182, -145.554, 51.2797, 34.0423, 0.00309293, 51.6052, 0.60057, -56.0496, 0.609936, 123.678
967, 16.11667, 0.281979, -25.5477, 50.4837, -145.556, 51.2452, 34.04, 0.00309329, 51.5729, 0.600481, -56.0517, 0.609853, 123.676
968, 16.12500, 0.281853, -25.5673, 50.4492, -145.559, 51.2108, 34.0378, 0.00309366, 51.5407, 0.600393, -56.0537, 0.60977, 123.674
968, 16.13333, 0.281727, -25.5867, 50.4147, -145.561, 51.1764, 34.0356, 0.00309404, 51.5086, 0.600305, -56.0558, 0.609687, 123.672
969, 16.14167, 0.281602, -25.606, 50.3803, -145.563, 51.1421, 34.0334, 0.00309442, 51.4767, 0.600216, -56.0579, 0.609604, 123.67
969, 16.15000, 0.281478, -25.6252, 50.346, -145.565, 51.1078, 34.0312, 0.00309481, 51.4449, 0.600128, -56.0599, 0.609521, 123.667
970, 16.15833, 0.281354, -25.6444, 50.3117, -145.567, 51.0735, 34.029, 0.00309519, 51.4132, 0.60004, -56.062, 0.609439, 123.665
970, 16.16667, 0.281231, -25.6634, 50.2774, -145.57, 51.0393, 34.0268, 0.00309559, 51.3817, 0.599952, -56.064, 0.609356, 123.663
971, 16.17500, 0.281108, -25.6823, 50.2432, -145.572, 51.0051, 34.0246, 0.00309598, 51.3502, 0.599864, -56.066, 0.609273, 123.661
971, 16.18333, 0.280986, -25.7011, 50.209, -145.574, 50.971, 34.0224, 0.00309638, 51.3189, 0.599776, -56.0681, 0.609191, 123.659
972, 16.19167, 0.280864, -25.7198, 50.1748, -145.576, 50.9369, 34.0202, 0.00309679, 51.2878, 0.599688, -56.0701, 0.609109, 123.657
972, 16.20000, 0.280743, -25.7384, 50.1407, -145.578, 50.9029, 34.018, 0.0030972, 51.2567, 0.5996, -56.0721, 0.609026, 123.655
973, 16.20833, 0.280622, -25.7569, 50.1066, -145.581, 50.8689, 34.0158, 0.00309761, 51.2258, 0.599513, -56.0742, 0.608944, 123.652
973, 16.21667, 0.280502, -25.7753, 50.0726, -145.583, 50.8349, 34.0137, 0.00309803, 51.195, 0.599425, -56.0762, 0.608862, 123.65
974, 16.22500, 0.280383, -25.7937, 50.0386, -145.585, 50.801, 34.0115, 0.00309845, 51.1643, 0.599337, -56.0782, 0.60878, 123.648
974, 16.23333, 0.280264, -25.8119, 50.0047, -145.587, 50.7671, 34.0093, 0.00309888, 51.1338, 0.59925, -56.0802, 0.608698, 123.646
974, 16.24167, 0.280145, -25.83, 49.9708, -145.589, 50.7333, 34.0072, 0.00309931, 51.1034, 0.599163, -56.0822, 0.608616, 123.644
975, 16.25000, 0.280027, -25.848, 49.9369, -145.591, 50.6995, 34.005, 0.00309974, 51.0731, 0.599075, -56.0842, 0.608534, 123.642
976, 16.25833, 0.279909, -25.8659, 49.9031, -145.593, 50.6658, 34.0028, 0.00310018, 51.0429, 0.598988, -56.0862, 0.608452, 123.64
976, 16.26667, 0.279792, -25.8837, 49.8693, -145.596, 50.632, 34.0007, 0.00310062, 51.0129, 0.598901, -56.0882, 0.60837, 123.638
977, 16.27500, 0.279676, -25.9014, 49.8356, -145.598, 50.5984, 33.9986, 0.00310107, 50.9829, 0.598814, -56.0902, 0.608289, 123.636
977, 16.28333, 0.27956, -25.919, 49.8019, -145.6, 50.5647, 33.9964, 0.00310152, 50.9531, 0.598727, -56.0921, 0.608207, 123.634
978, 16.29167, 0.279445, -25.9365, 49.7683, -145.602, 50.5312, 33.9943, 0.00310197, 50.9234, 0.59864, -56.0941, 0.608126, 123.631
978, 16.30000, 0.27933, -25.9539, 49.7346, -145.604, 50.4976, 33.9921, 0.00310243, 50.8939, 0.598553, -56.0961, 0.608044, 123.629
979, 16.30833, 0.279215, -25.9713, 49.7011, -145.606, 50.4641, 33.99, 0.0031029, 50.8644, 0.598466, -56.098, 0.607963, 123.627
979, 16.31667, 0.279101, -25.9885, 49.6675, -145.608, 50.4306, 33.9879, 0.00310336, 50.8351, 0.59838, -56.1, 0.607882, 123.625
980, 16.32500, 0.278988, -26.0056, 49.634, -145.61, 50.3972, 33.9858, 0.00310383, 50.8059, 0.598293, -56.102, 0.607801, 123.623
980, 16.33333, 0.278875, -26.0226, 49.6006, -145.612, 50.3638, 33.9837, 0.00310431, 50.7769, 0.598207, -56.1039, 0.60772, 123.621
981, 16.34167, 0.278763, -26.0396, 49.5672, -145.614, 50.3305, 33.9815, 0.00310479, 50.7479, 0.59812, -56.1059, 0.607639, 123.619
981, 16.35000, 0.278651, -26.0564, 49.5338, -145.617, 50.2972, 33.9794, 0.00310527, 50.7191, 0.598034, -56.1078, 0.607558, 123.617
982, 16.35833, 0.27854, -26.0731, 49.5005, -145.619, 50.2639, 33.9773, 0.00310576, 50.6904, 0.597948, -56.1097, 0.607477, 123.615
982, 16.36667, 0.278429, -26.0898, 49.4672, -145.621, 50.2307, 33.9752, 0.00310625, 50.6618, 0.597861, -56.1117, 0.607396, 123.613
982, 16.37500, 0.278319, -26.1063, 49.4339, -145.623, 50.1975, 33.9731, 0.00310675, 50.6333, 0.597775, -56.1136, 0.607316, 123.611
983, 16.38333, 0.278209, -26.1227, 49.4007, -145.625, 50.1644, 33.971, 0.00310725, 50.605, 0.597689, -56.1155, 0.607235, 123.609
984, 16.39167, 0.278099, -26.1391, 49.3676, -145.627, 50.1313, 33.969, 0.00310775, 50.5767, 0.597603, -56.1175, 0.607155, 123.607
984, 16.40000, 0.277991, -26.1553, 49.3344, -145.629, 50.0982, 33.9669, 0.00310826, 50.5486, 0.597517, -56.1194, 0.607074, 123.605
985, 16.40833, 0.277882, -26.1715, 49.3013, -145.631, 50.0652, 33.9648, 0.00310877, 50.5206, 0.597431, -56.1213, 0.606994, 123.603
985, 16.41667, 0.277775, -26.1876, 49.2683, -145.633, 50.0322, 33.9627, 0.00310928, 50.4928, 0.597346, -56.1232, 0.606914, 123.601
986, 16.42500, 0.277667, -26.2035, 49.2353, -145.635, 49.9992, 33.9606, 0.0031098, 50.465, 0.59726, -56.1251, 0.606833, 123.599
986, 16.43333, 0.27756, -26.2194, 49.2023, -145.637, 49.9663, 33.9586, 0.00311033, 50.4374, 0.597174, -56.127, 0.606753, 123.597
987, 16.44167, 0.277454, -26.2352, 49.1694, -145.639, 49.9335, 33.9565, 0.00311086, 50.4099, 0.597089, -56.1289, 0.606673, 123.595
987, 16.45000, 0.277348, -26.2509, 49.1365, -145.641, 49.9007, 33.9545, 0.00311139, 50.3825, 0.597003, -56.1308, 0.606593, 123.593
988, 16.45833, 0.277243, -26.2665, 49.1036, -145.643, 49.8679, 33.9524, 0.00311193, 50.3552, 0.596918, -56.1326, 0.606513, 123.591
988, 16.46667, 0.277138, -26.282, 49.0708, -145.645, 49.8351, 33.9504, 0.00311247, 50.328, 0.596833, -56.1345, 0.606434, 123.589
989, 16.47500, 0.277034, -26.2974, 49.038, -145.647, 49.8024, 33.9483, 0.00311301, 50.301, 0.596747, -56.1364, 0.606354, 123.587
989, 16.48333, 0.27693, -26.3127, 49.0053, -145.649, 49.7697, 33.9463, 0.00311356, 50.2741, 0.596662, -56.1383, 0.606274, 123.585
990, 16.49167, 0.276827, -26.3279, 48.9726, -145.651, 49.7371, 33.9442, 0.00311411, 50.2473, 0.596577, -56.1401, 0.606194, 123.583
990, 16.50000, 0.276724, -26.3431, 48.9399, -145.653, 49.7045, 33.9422, 0.00311467, 50.2206, 0.596492, -56.142, 0.606115, 123.581
991, 16.50833, 0.276622, -26.3581, 48.9073, -145.655, 49.672, 33.9402, 0.00311523, 50.194, 0.596407, -56.1439, 0.606036, 123.579
991, 16.51667, 0.27652, -26.373, 48.8747, -145.657, 49.6394, 33.9381, 0.00311579, 50.1675, 0.596322, -56.1457, 0.605956, 123.577
991, 16.52500, 0.276418, -26.3879, 48.8422, -145.659, 49.607, 33.9361, 0.00311636, 50.1412, 0.596237, -56.1476, 0.605877, 123.575
992, 16.53333, 0.276318, -26.4027, 48.8097, -145.661, 49.5745, 33.9341, 0.00311693, 50.115, 0.596153, -56.1494, 0.605798, 123.573
993, 16.54167, 0.276217, -26.4173, 48.7772, -145.663, 49.5421, 33.9321, 0.00311751, 50.0889, 0.596068, -56.1512, 0.605718, 123.571
993, 16.55000, 0.276117, -26.4319, 48.7448, -145.665, 49.5098, 33.9301, 0.00311809, 50.0629, 0.595983, -56.1531, 0.605639, 123.569
994, 16.55833, 0.276018, -26.4464, 48.7124, -145.667, 49.4775, 33.9281, 0.00311867, 50.037, 0.595899, -56.1549, 0.60556, 123.567
994, 16.56667, 0.275919, -26.4608, 48.68, -145.669, 49.4452, 33.9261, 0.00311926, 50.0112, 0.595814, -56.1567, 0.605481, 123.565
995, 16.57500, 0.27582, -26.4751, 48.6477, -145.671, 49.4129, 33.9241, 0.00311986, 49.9856, 0.59573, -56.1586, 0.605403, 123.563
995, 16.58333, 0.275723, -26.4894, 48.6154, -145.673, 49.3807, 33.9221, 0.00312045, 49.96, 0.595645, -56.1604, 0.605324, 123.561
996, 16.59167, 0.275625, -26.5035, 48.5832, -145.675, 49.3485, 33.9201, 0.00312105, 49.9346, 0.595561, -56.1622, 0.605245, 123.559
996, 16.60000, 0.275528, -26.5175, 48.551, -145.677, 49.3164, 33.9181, 0.00312166, 49.9093, 0.595477, -56.164, 0.605166, 123.557
997, 16.60833, 0.275432, -26.5315, 48.5188, -145.679, 49.2843, 33.9161, 0.00312227, 49.8841, 0.595393, -56.1658, 0.605088, 123.555
997, 16.61667, 0.275336, -26.5454, 48.4867, -145.681, 49.2523, 33.9141, 0.00312288, 49.859, 0.595309, -56.1676, 0.605009, 123.553
998, 16.62500, 0.27524, -26.5591, 48.4546, -145.683, 49.2202, 33.9121, 0.0031235, 49.834, 0.595225, -56.1694, 0.604931, 123.551
998, 16.63333, 0.275145, -26.5728, 48.4226, -145.685, 49.1883, 33.9102, 0.00312412, 49.8092, 0.595141, -56.1712, 0.604852, 123.549
999, 16.64167, 0.27505, -26.5864, 48.3906, -145.687, 49.1563, 33.9082, 0.00312474, 49.7844, 0.595057, -56.173, 0.604774, 123.547
999, 16.65000, 0.274956, -26.5999, 48.3586, -145.688, 49.1244, 33.9062, 0.00312537, 49.7598, 0.594973, -56.1748, 0.604696, 123.545
999, 16.65833, 0.274863, -26.6134, 48.3267, -145.69, 49.0926, 33.9043, 0.003126, 49.7353, 0.594889, -56.1766, 0.604618, 123.544
1000, 16.66667, 0.274769, -26.6267, 48.2948, -145.692, 49.0607, 33.9023, 0.00312664, 49.7109, 0.594806, -56.1783, 0.60454, 123.542
1001, 16.67500, 0.274677, -26.64, 48.2629, -145.694, 49.0289, 33.9004, 0.00312728, 49.6866, 0.594722, -56.1801, 0.604462, 123.54
1001, 16.68333, 0.274584, -26.6531, 48.2311, -145.696, 48.9972, 33.8984, 0.00312792, 49.6624, 0.594639, -56.1819, 0.604384, 123.538
1002, 16.69167, 0.274493, -26.6662, 48.1993, -145.698, 48.9655, 33.8965, 0.00312857, 49.6383, 0.594555, -56.1836, 0.604306, 123.536
1002, 16.70000, 0.274401, -26.6792, 48.1675, -145.7, 48.9338, 33.8945, 0.00312923, 49.6144, 0.594472, -56.1854, 0.604228, 123.534
1003, 16.70833, 0.274311, -26.6921, 48.1358, -145.702, 48.9021, 33.8926, 0.00312988, 49.5905, 0.594388, -56.1872, 0.60415, 123.532
1003, 16.71667, 0.27422, -26.7049, 48.1041, -145.704, 48.8705, 33.8906, 0.00313054, 49.5668, 0.594305, -56.1889, 0.604073, 123.53
1004, 16.72500, 0.27413, -26.7177, 48.0725, -145.705, 48.8389, 33.8887, 0.00313121, 49.5431, 0.594222, -56.1907, 0.603995, 123.528
1004, 16.73333, 0.274041, -26.7303, 48.0409, -145.707, 48.8074, 33.8868, 0.00313188, 49.5196, 0.594139, -56.1924, 0.603918, 123.526
1005, 16.74167, 0.273952, -26.7429, 48.0093, -145.709, 48.7759, 33.8849, 0.00313255, 49.4962, 0.594056, -56.1941, 0.60384, 123.525
1005, 16.75000, 0.273864, -26.7554, 47.9778, -145.711, 48.7445, 33.8829, 0.00313323, 49.4729, 0.593973, -56.1959, 0.603763, 123.523
1006, 16.75833, 0.273776, -26.7678, 47.9463, -145.713, 48.713, 33.881, 0.00313391, 49.4497, 0.59389, -56.1976, 0.603685, 123.521
1006, 16.76667, 0.273688, -26.7801, 47.9148, -145.715, 48.6816, 33.8791, 0.00313459, 49.4266, 0.593807, -56.1993, 0.603608, 123.519
1007, 16.77500, 0.273601, -26.7923, 47.8834, -145.717, 48.6503, 33.8772, 0.00313528, 49.4037, 0.593724, -56.201, 0.603531, 123.517
1007, 16.78333, 0.273514, -26.8045, 47.852, -145.719, 48.619, 33.8753, 0.00313597, 49.3808, 0.593641, -56.2028, 0.603454, 123.515
1007, 16.79167, 0.273428, -26.8165, 47.8207, -145.72, 48.5877, 33.8734, 0.00313667, 49.358, 0.593559, -56.2045, 0.603377, 123.513
1008, 16.80000, 0.273343, -26.8285, 47.7894, -145.722, 48.5565, 33.8715, 0.00313737, 49.3354, 0.593476, -56.2062, 0.6033, 123.511
1009, 16.80833, 0.273257, -26.8404, 47.7581, -145.724, 48.5253, 33.8696, 0.00313808, 49.3128, 0.593394, -56.2079, 0.603223, 123.51
1009, 16.81667, 0.273173, -26.8522, 47.7268, -145.726, 48.4941, 33.8677, 0.00313879, 49.2904, 0.593311, -56.2096, 0.603146, 123.508
1010, 16.82500, 0.273088, -26.8639, 47.6956, -145.728, 48.4629, 33.8658, 0.0031395, 49.2681, 0.593229, -56.2113, 0.603069, 123.506
1010, 16.83333, 0.273005, -26.8756, 47.6645, -145.729, 48.4319, 33.8639, 0.00314021, 49.2459, 0.593146, -56.213, 0.602993, 123.504
1011, 16.84167, 0.272921, -26.8872, 47.6333, -145.731, 48.4008, 33.8621, 0.00314094, 49.2237, 0.593064, -56.2147, 0.602916, 123.502
1011, 16.85000, 0.272838, -26.8986, 47.6022, -145.733, 48.3698, 33.8602, 0.00314166, 49.2017, 0.592982, -56.2164, 0.602839, 123.5
1012, 16.85833, 0.272756, -26.9101, 47.5712, -145.735, 48.3388, 33.8583, 0.00314239, 49.1798, 0.5929, -56.218, 0.602763, 123.499
1012, 16.86667, 0.272674, -26.9214, 47.5401, -145.737, 48.3078, 33.8565, 0.00314312, 49.158, 0.592818, -56.2197, 0.602686, 123.497
1013, 16.87500, 0.272592, -26.9326, 47.5092, -145.739, 48.2769, 33.8546, 0.00314386, 49.1364, 0.592735, -56.2214, 0.60261, 123.495
1013, 16.88333, 0.272511, -26.9438, 47.4782, -145.74, 48.246, 33.8527, 0.0031446, 49.1148, 0.592654, -56.223, 0.602534, 123.493
1014, 16.89167, 0.272431, -26.9549, 47.4473, -145.742, 48.2152, 33.8509, 0.00314534, 49.0933, 0.592572, -56.2247, 0.602457, 123.491
1014, 16.90000, 0.27235, -26.9659, 47.4164, -145.744, 48.1844, 33.849, 0.00314609, 49.0719, 0.59249, -56.2264, 0.602381, 123.49
1015, 16.90833, 0.272271, -26.9768, 47.3856, -145.746, 48.1536, 33.8472, 0.00314685, 49.0507, 0.592408, -56.228, 0.602305, 123.488
1015, 16.91667, 0.272191, -26.9876, 47.3547, -145.747, 48.1228, 33.8453, 0.0031476, 49.0295, 0.592326, -56.2297, 0.602229, 123.486
1016, 16.92500, 0.272113, -26.9984, 47.324, -145.749, 48.0921, 33.8435, 0.00314836, 49.0084, 0.592244, -56.2313, 0.602153, 123.484
1016, 16.93333, 0.272034, -27.0091, 47.2932, -145.751, 48.0615, 33.8416, 0.00314913, 48.9875, 0.592163, -56.233, 0.602077, 123.482
1016, 16.94167, 0.271956, -27.0197, 47.2625, -145.753, 48.0308, 33.8398, 0.0031499, 48.9666, 0.592081, -56.2346, 0.602001, 123.48
1017, 16.95000, 0.271879, -27.0302, 47.2318, -145.755, 48.0002, 33.838, 0.00315067, 48.9459, 0.592, -56.2363, 0.601925, 123.479
1018, 16.95833, 0.271802, -27.0407, 47.2012, -145.756, 47.9697, 33.8361, 0.00315145, 48.9253, 0.591918, -56.2379, 0.601849, 123.477
1018, 16.96667, 0.271725, -27.0511, 47.1706, -145.758, 47.9391, 33.8343, 0.00315223, 48.9047, 0.591837, -56.2395, 0.601774, 123.475
1019, 16.97500, 0.271649, -27.0613, 47.14, -145.76, 47.9086, 33.8325, 0.00315301, 48.8843, 0.591756, -56.2411, 0.601698, 123.473
1019, 16.98333, 0.271574, -27.0716, 47.1095, -145.762, 47.8782, 33.8307, 0.0031538, 48.8639, 0.591674, -56.2428, 0.601623, 123.472
1020, 16.99167, 0.271498, -27.0817, 47.079, -145.763, 47.8477, 33.8289, 0.0031546, 48.8437, 0.591593, -56.2444, 0.601547, 123.47
1020, 17.00000, 0.271424, -27.0918, 47.0485, -145.765, 47.8173, 33.827, 0.00315539, 48.8236, 0.591512, -56.246, 0.601472, 123.468
1021, 17.00833, 0.271349, -27.1018, 47.0181, -145.767, 47.787, 33.8252, 0.00315619, 48.8036, 0.591431, -56.2476, 0.601396, 123.466
1021, 17.01667, 0.271275, -27.1117, 46.9877, -145.769, 47.7567, 33.8234, 0.003157, 48.7836, 0.59135, -56.2492, 0.601321, 123.464
1022, 17.02500, 0.271202, -27.1215, 46.9573, -145.77, 47.7264, 33.8216, 0.00315781, 48.7638, 0.591269, -56.2508, 0.601246, 123.463
1022, 17.03333, 0.271129, -27.1313, 46.927, -145.772, 47.6961, 33.8198, 0.00315862, 48.7441, 0.591188, -56.2524, 0.601171, 123.461
1023, 17.04167, 0.271056, -27.1409, 46.8967, -145.774, 47.6659, 33.818, 0.00315944, 48.7245, 0.591107, -56.254, 0.601095, 123.459
1023, 17.05000, 0.270984, -27.1505, 46.8664, -145.775, 47.6357, 33.8162, 0.00316026, 48.7049, 0.591026, -56.2556, 0.60102, 123.457
1024, 17.05833, 0.270913, -27.1601, 46.8362, -145.777, 47.6056, 33.8145, 0.00316108, 48.6855, 0.590946, -56.2572, 0.600945, 123.456
1024, 17.06667, 0.270841, -27.1695, 46.806, -145.779, 47.5754, 33.8127, 0.00316191, 48.6662, 0.590865, -56.2587, 0.60087, 123.454
1025, 17.07500, 0.270771, -27.1789, 46.7758, -145.781, 47.5454, 33.8109, 0.00316275, 48.647, 0.590784, -56.2603, 0.600796, 123.452
1025, 17.08333, 0.2707, -27.1882, 46.7457, -145.782, 47.5153, 33.8091, 0.00316358, 48.6279, 0.590704, -56.2619, 0.600721, 123.45
1026, 17.09167, 0.27063, -27.1975, 46.7156, -145.784, 47.4853, 33.8073, 0.00316443, 48.6088, 0.590623, -56.2635, 0.600646, 123.449
1026, 17.10000, 0.270561, -27.2066, 46.6856, -145.786, 47.4553, 33.8056, 0.00316527, 48.5899, 0.590543, -56.265, 0.600571, 123.447
1027, 17.10833, 0.270492, -27.2157, 46.6555, -145.787, 47.4254, 33.8038, 0.00316612, 48.5711, 0.590462, -56.2666, 0.600497, 123.445
1027, 17.11667, 0.270423, -27.2247, 46.6256, -145.789, 47.3954, 33.802, 0.00316697, 48.5524, 0.590382, -56.2681, 0.600422, 123.444
1028, 17.12500, 0.270355, -27.2337, 46.5956, -145.791, 47.3656, 33.8003, 0.00316783, 48.5338, 0.590302, -56.2697, 0.600347, 123.442
1028, 17.13333, 0.270287, -27.2425, 46.5657, -145.792, 47.3357, 33.7985, 0.00316869, 48.5152, 0.590222, -56.2713, 0.600273, 123.44
1029, 17.14167, 0.27022, -27.2513, 46.5358, -145.794, 47.3059, 33.7968, 0.00316956, 48.4968, 0.590141, -56.2728, 0.600199, 123.438
1029, 17.15000, 0.270153, -27.26, 46.5059, -145.796, 47.2761, 33.795, 0.00317043, 48.4785, 0.590061, -56.2743, 0.600124, 123.437
1030, 17.15833, 0.270087, -27.2687, 46.4761, -145.797, 47.2464, 33.7933, 0.0031713, 48.4602, 0.589981, -56.2759, 0.60005, 123.435
1030, 17.16667, 0.270021, -27.2773, 46.4463, -145.799, 47.2167, 33.7915, 0.00317218, 48.4421, 0.589901, -56.2774, 0.599976, 123.433
1031, 17.17500, 0.269955, -27.2858, 46.4166, -145.801, 47.187, 33.7898, 0.00317306, 48.4241, 0.589821, -56.2789, 0.599901, 123.432
1031, 17.18333, 0.26989, -27.2942, 46.3868, -145.802, 47.1573, 33.7881, 0.00317395, 48.4061, 0.589741, -56.2805, 0.599827, 123.43
1032, 17.19167, 0.269826, -27.3026, 46.3571, -145.804, 47.1277, 33.7863, 0.00317484, 48.3883, 0.589661, -56.282, 0.599753, 123.428
1032, 17.20000, 0.269762, -27.3109, 46.3275, -145.806, 47.0981, 33.7846, 0.00317573, 48.3705, 0.589582, -56.2835, 0.599679, 123.426
1033, 17.20833, 0.269698, -27.3191, 46.2979, -145.807, 47.0686, 33.7829, 0.00317663, 48.3529, 0.589502, -56.285, 0.599605, 123.425
1033, 17.21667, 0.269634, -27.3273, 46.2683, -145.809, 47.0391, 33.7811, 0.00317753, 48.3353, 0.589422, -56.2865, 0.599532, 123.423
1034, 17.22500, 0.269571, -27.3353, 46.2387, -145.81, 47.0096, 33.7794, 0.00317844, 48.3179, 0.589343, -56.288, 0.599458, 123.421
1034, 17.23333, 0.269509, -27.3434, 46.2092, -145.812, 46.9801, 33.7777, 0.00317935, 48.3005, 0.589263, -56.2896, 0.599384, 123.42
1035, 17.24167, 0.269447, -27.3513, 46.1797, -145.814, 46.9507, 33.776, 0.00318026, 48.2832, 0.589184, -56.2911, 0.59931, 123.418
1035, 17.25000, 0.269385, -27.3592, 46.1502, -145.815, 46.9213, 33.7743, 0.00318118, 48.2661, 0.589104, -56.2925, 0.599237, 123.416
1036, 17.25833, 0.269324, -27.367, 46.1208, -145.817, 46.892, 33.7726, 0.0031821, 48.249, 0.589025, -56.294, 0.599163, 123.415
1036, 17.26667, 0.269263, -27.3747, 46.0914, -145.819, 46.8627, 33.7709, 0.00318303, 48.232, 0.588945, -56.2955, 0.599089, 123.413
1037, 17.27500, 0.269203, -27.3824, 46.062, -145.82, 46.8334, 33.7692, 0.00318396, 48.2151, 0.588866, -56.297, 0.599016, 123.411
1037, 17.28333, 0.269143, -27.39, 46.0327, -145.822, 46.8041, 33.7675, 0.00318489, 48.1983, 0.588787, -56.2985, 0.598943, 123.41
1038, 17.29167, 0.269083, -27.3975, 46.0034, -145.823, 46.7749, 33.7658, 0.00318583, 48.1816, 0.588708, -56.3, 0.598869, 123.408
1038, 17.30000, 0.269024, -27.405, 45.9741, -145.825, 46.7457, 33.7641, 0.00318677, 48.165, 0.588628, -56.3014, 0.598796, 123.406
1039, 17.30833, 0.268966, -27.4124, 45.9449, -145.827, 46.7166, 33.7624, 0.00318772, 48.1485, 0.588549, -56.3029, 0.598723, 123.405
1039, 17.31667, 0.268908, -27.4197, 45.9157, -145.828, 46.6874, 33.7607, 0.00318867, 48.1321, 0.58847, -56.3044, 0.598649, 123.403
1040, 17.32500, 0.26885, -27.427, 45.8865, -145.83, 46.6583, 33.759, 0.00318963, 48.1157, 0.588391, -56.3059, 0.598576, 123.401
1040, 17.33333, 0.268792, -27.4342, 45.8574, -145.831, 46.6293, 33.7574, 0.00319059, 48.0995, 0.588312, -56.3073, 0.598503, 123.4
1041, 17.34167, 0.268735, -27.4413, 45.8283, -145.833, 46.6003, 33.7557, 0.00319155, 48.0833, 0.588233, -56.3088, 0.59843, 123.398
1041, 17.35000, 0.268679, -27.4484, 45.7992, -145.834, 46.5713, 33.754, 0.00319252, 48.0673, 0.588154, -56.3102, 0.598357, 123.396
1042, 17.35833, 0.268623, -27.4554, 45.7701, -145.836, 46.5423, 33.7523, 0.00319349, 48.0513, 0.588076, -56.3117, 0.598284, 123.395
1042, 17.36667, 0.268567, -27.4623, 45.7411, -145.838, 46.5134, 33.7507, 0.00319447, 48.0355, 0.587997, -56.3131, 0.598211, 123.393
1043, 17.37500, 0.268512, -27.4692, 45.7121, -145.839, 46.4845, 33.749, 0.00319545, 48.0197, 0.587918, -56.3146, 0.598139, 123.392
1043, 17.38333, 0.268457, -27.476, 45.6832, -145.841, 46.4556, 33.7474, 0.00319643, 48.004, 0.58784, -56.316, 0.598066, 123.39
1044, 17.39167, 0.268403, -27.4827, 45.6543, -145.842, 46.4268, 33.7457, 0.00319742, 47.9884, 0.587761, -56.3174, 0.597993, 123.388
1044, 17.40000, 0.268349, -27.4894, 45.6254, -145.844, 46.398, 33.7441, 0.00319841, 47.9729, 0.587682, -56.3189, 0.59792, 123.387
1045, 17.40833, 0.268295, -27.496, 45.5965, -145.845, 46.3692, 33.7424, 0.00319941, 47.9575, 0.587604, -56.3203, 0.597848, 123.385
1045, 17.41667, 0.268242, -27.5025, 45.5677, -145.847, 46.3404, 33.7408, 0.00320041, 47.9421, 0.587526, -56.3217, 0.597775, 123.383
1046, 17.42500, 0.268189, -27.509, 45.5389, -145.848, 46.3117, 33.7391, 0.00320141, 47.9269, 0.587447, -56.3231, 0.597703, 123.382
1046, 17.43333, 0.268137, -27.5154, 45.5102, -145.85, 46.283, 33.7375, 0.00320242, 47.9118, 0.587369, -56.3245, 0.59763, 123.38
1047, 17.44167, 0.268085, -27.5218, 45.4814, -145.851, 46.2544, 33.7358, 0.00320343, 47.8967, 0.587291, -56.3259, 0.597558, 123.379
1047, 17.45000, 0.268034, -27.5281, 45.4527, -145.853, 46.2258, 33.7342, 0.00320445, 47.8817, 0.587212, -56.3274, 0.597486, 123.377
1048, 17.45833, 0.267983, -27.5343, 45.4241, -145.854, 46.1972, 33.7326, 0.00320547, 47.8669, 0.587134, -56.3288, 0.597413, 123.375
1048, 17.46667, 0.267932, -27.5405, 45.3954, -145.856, 46.1686, 33.731, 0.0032065, 47.8521, 0.587056, -56.3302, 0.597341, 123.374
1049, 17.47500, 0.267882, -27.5466, 45.3668, -145.857, 46.1401, 33.7293, 0.00320753, 47.8374, 0.586978, -56.3316, 0.597269, 123.372
1049, 17.48333, 0.267832, -27.5526, 45.3382, -145.859, 46.1116, 33.7277, 0.00320856, 47.8228, 0.5869, -56.333, 0.597197, 123.371
1050, 17.49167, 0.267783, -27.5586, 45.3097, -145.861, 46.0832, 33.7261, 0.0032096, 47.8082, 0.586822, -56.3343, 0.597125, 123.369
1050, 17.50000, 0.267734, -27.5645, 45.2812, -145.862, 46.0547, 33.7245, 0.00321064, 47.7938, 0.586744, -56.3357, 0.597053, 123.368
1051, 17.50833, 0.267685, -27.5704, 45.2527, -145.864, 46.0263, 33.7229, 0.00321169, 47.7794, 0.586666, -56.3371, 0.596981, 123.366
1051, 17.51667, 0.267637, -27.5762, 45.2243, -145.865, 45.998, 33.7213, 0.00321274, 47.7652, 0.586588, -56.3385, 0.596909, 123.364
1052, 17.52500, 0.267589, -27.5819, 45.1958, -145.867, 45.9696, 33.7197, 0.00321379, 47.751, 0.58651, -56.3399, 0.596837, 123.363
1052, 17.53333, 0.267542, -27.5876, 45.1674, -145.868, 45.9413, 33.7181, 0.00321485, 47.7369, 0.586433, -56.3412, 0.596765, 123.361
1053, 17.54167, 0.267495, -27.5932, 45.1391, -145.869, 45.913, 33.7165, 0.00321592, 47.7229, 0.586355, -56.3426, 0.596693, 123.36
1053, 17.55000, 0.267449, -27.5988, 45.1108, -145.871, 45.8848, 33.7149, 0.00321698, 47.709, 0.586277, -56.344, 0.596622, 123.358
1054, 17.55833, 0.267403, -27.6043, 45.0825, -145.872, 45.8566, 33.7133, 0.00321805, 47.6952, 0.5862, -56.3453, 0.59655, 123.357
1054, 17.56667, 0.267357, -27.6097, 45.0542, -145.874, 45.8284, 33.7117, 0.00321913, 47.6814, 0.586122, -56.3467, 0.596478, 123.355
1055, 17.57500, 0.267312, -27.6151, 45.026, -145.875, 45.8002, 33.7101, 0.00322021, 47.6677, 0.586044, -56.348, 0.596407, 123.353
1055, 17.58333, 0.267267, -27.6204, 44.9977, -145.877, 45.7721, 33.7085, 0.00322129, 47.6542, 0.585967, -56.3494, 0.596335, 123.352
1056, 17.59167, 0.267222, -27.6257, 44.9696, -145.878, 45.744, 33.7069, 0.00322238, 47.6407, 0.58589, -56.3507, 0.596264, 123.35
1056, 17.60000, 0.267178, -27.6309, 44.9414, -145.88, 45.716, 33.7054, 0.00322348, 47.6273, 0.585812, -56.3521, 0.596193, 123.349
1057, 17.60833, 0.267135, -27.636, 44.9133, -145.881, 45.6879, 33.7038, 0.00322457, 47.614, 0.585735, -56.3534, 0.596121, 123.347
1057, 17.61667, 0.267092, -27.6411, 44.8852, -145.883, 45.6599, 33.7022, 0.00322567, 47.6007, 0.585657, -56.3548, 0.59605, 123.346
1058, 17.62500, 0.267049, -27.6461, 44.8572, -145.884, 45.632, 33.7006, 0.00322678, 47.5876, 0.58558, -56.3561, 0.595979, 123.344
1058, 17.63333, 0.267007, -27.6511, 44.8291, -145.886, 45.604, 33.6991, 0.00322789, 47.5745, 0.585503, -56.3574, 0.595908, 123.343
1059, 17.64167, 0.266965, -27.656, 44.8011, -145.887, 45.5761, 33.6975, 0.003229, 47.5615, 0.585426, -56.3587, 0.595836, 123.341
1059, 17.65000, 0.266923, -27.6609, 44.7732, -145.888, 45.5482, 33.6959, 0.00323012, 47.5486, 0.585349, -56.3601, 0.595765, 123.34
1060, 17.65833, 0.266882, -27.6656, 44.7452, -145.89, 45.5204, 33.6944, 0.00323124, 47.5358, 0.585272, -56.3614, 0.595694, 123.338
1060, 17.66667, 0.266841, -27.6704, 44.7173, -145.891, 45.4925, 33.6928, 0.00323237, 47.523, 0.585195, -56.3627, 0.595623, 123.336
1061, 17.67500, 0.266801, -27.6751, 44.6894, -145.893, 45.4648, 33.6913, 0.0032335, 47.5104, 0.585118, -56.364, 0.595552, 123.335
1061, 17.68333, 0.266761, -27.6797, 44.6616, -145.894, 45.437, 33.6897, 0.00323464, 47.4978, 0.585041, -56.3653, 0.595481, 123.333
1062, 17.69167, 0.266722, -27.6843, 44.6338, -145.896, 45.4093, 33.6882, 0.00323578, 47.4853, 0.584964, -56.3666, 0.59541, 123.332
1062, 17.70000, 0.266682, -27.6888, 44.606, -145.897, 45.3816, 33.6867, 0.00323692, 47.4729, 0.584887, -56.3679, 0.59534, 123.33
1063, 17.70833, 0.266644, -27.6933, 44.5782, -145.898, 45.3539, 33.6851, 0.00323807, 47.4606, 0.58481, -56.3692, 0.595269, 123.329
1063, 17.71667, 0.266605, -27.6977, 44.5505, -145.9, 45.3262, 33.6836, 0.00323922, 47.4483, 0.584733, -56.3705, 0.595198, 123.327
1063, 17.72500, 0.266568, -27.702, 44.5228, -145.901, 45.2986, 33.682, 0.00324038, 47.4362, 0.584657, -56.3718, 0.595128, 123.326
1064, 17.73333, 0.26653, -27.7063, 44.4951, -145.903, 45.271, 33.6805, 0.00324154, 47.4241, 0.58458, -56.3731, 0.595057, 123.324
1065, 17.74167, 0.266493, -27.7106, 44.4675, -145.904, 45.2435, 33.679, 0.0032427, 47.4121, 0.584503, -56.3744, 0.594986, 123.323
1065, 17.75000, 0.266456, -27.7148, 44.4398, -145.905, 45.216, 33.6775, 0.00324387, 47.4002, 0.584427, -56.3757, 0.594916, 123.321
1065, 17.75833, 0.26642, -27.7189, 44.4123, -145.907, 45.1885, 33.6759, 0.00324505, 47.3883, 0.58435, -56.3769, 0.594845, 123.32
1066, 17.76667, 0.266384, -27.723, 44.3847, -145.908, 45.161, 33.6744, 0.00324623, 47.3766, 0.584274, -56.3782, 0.594775, 123.318
1067, 17.77500, 0.266349, -27.7271, 44.3572, -145.91, 45.1335, 33.6729, 0.00324741, 47.3649, 0.584197, -56.3795, 0.594705, 123.317
1067, 17.78333, 0.266314, -27.731, 44.3297, -145.911, 45.1061, 33.6714, 0.0032486, 47.3533, 0.584121, -56.3808, 0.594634, 123.315
1067, 17.79167, 0.266279, -27.735, 44.3022, -145.912, 45.0788, 33.6699, 0.00324979, 47.3418, 0.584045, -56.382, 0.594564, 123.314
1068, 17.80000, 0.266245, -27.7388, 44.2748, -145.914, 45.0514, 33.6684, 0.00325098, 47.3303, 0.583968, -56.3833, 0.594494, 123.312
1069, 17.80833, 0.266211, -27.7427, 44.2473, -145.915, 45.0241, 33.6669, 0.00325218, 47.3189, 0.583892, -56.3845, 0.594423, 123.311
1069, 17.81667, 0.266178, -27.7464, 44.22, -145.916, 44.9968, 33.6654, 0.00325339, 47.3076, 0.583816, -56.3858, 0.594353, 123.31
1069, 17.82500, 0.266145, -27.7502, 44.1926, -145.918, 44.9695, 33.6639, 0.0032546, 47.2964, 0.583739, -56.387, 0.594283, 123.308
1070, 17.83333, 0.266112, -27.7538, 44.1653, -145.919, 44.9423, 33.6624, 0.00325581, 47.2853, 0.583663, -56.3883, 0.594213, 123.307
1071, 17.84167, 0.26608, -27.7575, 44.138, -145.92, 44.9151, 33.6609, 0.00325703, 47.2742, 0.583587, -56.3895, 0.594143, 123.305
1071, 17.85000, 0.266048, -27.761, 44.1107, -145.922, 44.8879, 33.6594, 0.00325825, 47.2633, 0.583511, -56.3908, 0.594073, 123.304
1071, 17.85833, 0.266017, -27.7645, 44.0835, -145.923, 44.8607, 33.6579, 0.00325948, 47.2524, 0.583435, -56.392, 0.594003, 123.302
1072, 17.86667, 0.265986, -27.768, 44.0563, -145.924, 44.8336, 33.6564, 0.00326071, 47.2415, 0.583359, -56.3932, 0.593933, 123.301
1073, 17.87500, 0.265955, -27.7714, 44.0291, -145.926, 44.8065, 33.655, 0.00326194, 47.2308, 0.583283, -56.3945, 0.593864, 123.299
1073, 17.88333, 0.265925, -27.7748, 44.0019, -145.927, 44.7795, 33.6535, 0.00326318, 47.2201, 0.583207, -56.3957, 0.593794, 123.298
1073, 17.89167, 0.265895, -27.7781, 43.9748, -145.928, 44.7524, 33.652, 0.00326443, 47.2095, 0.583131, -56.3969, 0.593724, 123.296
1074, 17.90000, 0.265865, -27.7814, 43.9477, -145.93, 44.7254, 33.6505, 0.00326568, 47.199, 0.583055, -56.3981, 0.593654, 123.295
1075, 17.90833, 0.265836, -27.7846, 43.9206, -145.931, 44.6984, 33.6491, 0.00326693, 47.1886, 0.58298, -56.3993, 0.593585, 123.293
1075, 17.91667, 0.265808, -27.7878, 43.8936, -145.932, 44.6715, 33.6476, 0.00326819, 47.1782, 0.582904, -56.4006, 0.593515, 123.292
1075, 17.92500, 0.26578, -27.7909, 43.8666, -145.934, 44.6446, 33.6461, 0.00326945, 47.1679, 0.582828, -56.4018, 0.593446, 123.291
1076, 17.93333, 0.265752, -27.794, 43.8396, -145.935, 44.6177, 33.6447, 0.00327071, 47.1577, 0.582752, -56.403, 0.593376, 123.289
1077, 17.94167, 0.265724, -27.797, 43.8126, -145.936, 44.5908, 33.6432, 0.00327198, 47.1475, 0.582677, -56.4042, 0.593307, 123.288
1077, 17.95000, 0.265697, -27.8, 43.7857, -145.938, 44.564, 33.6418, 0.00327326, 47.1375, 0.582601, -56.4054, 0.593237, 123.286
1077, 17.95833, 0.265671, -27.803, 43.7588, -145.939, 44.5371, 33.6403, 0.00327454, 47.1275, 0.582526, -56.4066, 0.593168, 123.285
1078, 17.96667, 0.265644, -27.8058, 43.7319, -145.94, 44.5104, 33.6389, 0.00327582, 47.1175, 0.58245, -56.4078, 0.593098, 123.283
1079, 17.97500, 0.265619, -27.8087, 43.705, -145.942, 44.4836, 33.6374, 0.00327711, 47.1077, 0.582375, -56.409, 0.593029, 123.282
1079, 17.98333, 0.265593, -27.8115, 43.6782, -145.943, 44.4569, 33.636, 0.0032784, 47.0979, 0.582299, -56.4101, 0.59296, 123.281
1079, 17.99167, 0.265568, -27.8142, 43.6514, -145.944, 44.4302, 33.6345, 0.0032797, 47.0882, 0.582224, -56.4113, 0.592891, 123.279
1080, 18.00000, 0.265543, -27.8169, 43.6247, -145.945, 44.4035, 33.6331, 0.003281, 47.0786, 0.582148, -56.4125, 0.592822, 123.278
1081, 18.00833, 0.265519, -27.8196, 43.5979, -145.947, 44.3769, 33.6317, 0.00328231, 47.069, 0.582073, -56.4137, 0.592752, 123.276
1081, 18.01667, 0.265495, -27.8222, 43.5712, -145.948, 44.3502, 33.6302, 0.00328362, 47.0595, 0.581998, -56.4148, 0.592683, 123.275
1081, 18.02500, 0.265472, -27.8248, 43.5445, -145.949, 44.3237, 33.6288, 0.00328494, 47.0501, 0.581923, -56.416, 0.592614, 123.274
1082, 18.03333, 0.265449, -27.8273, 43.5179, -145.951, 44.2971, 33.6274, 0.00328626, 47.0408, 0.581847, -56.4172, 0.592545, 123.272
1083, 18.04167, 0.265426, -27.8298, 43.4912, -145.952, 44.2706, 33.6259, 0.00328758, 47.0315, 0.581772, -56.4183, 0.592476, 123.271
1083, 18.05000, 0.265404, -27.8322, 43.4646, -145.953, 44.2441, 33.6245, 0.00328891, 47.0223, 0.581697, -56.4195, 0.592408, 123.269
1083, 18.05833, 0.265382, -27.8346, 43.4381, -145.954, 44.2176, 33.6231, 0.00329024, 47.0132, 0.581622, -56.4207, 0.592339, 123.268
1084, 18.06667, 0.26536, -27.8369, 43.4115, -145.956, 44.1911, 33.6217, 0.00329158, 47.0041, 0.581547, -56.4218, 0.59227, 123.267
1085, 18.07500, 0.265339, -27.8392, 43.385, -145.957, 44.1647, 33.6203, 0.00329293, 46.9952, 0.581472, -56.423, 0.592201, 123.265
1085, 18.08333, 0.265319, -27.8415, 43.3585, -145.958, 44.1383, 33.6189, 0.00329427, 46.9862, 0.581397, -56.4241, 0.592132, 123.264
1085, 18.09167, 0.265298, -27.8437, 43.332, -145.959, 44.1119, 33.6175, 0.00329563, 46.9774, 0.581322, -56.4253, 0.592064, 123.262
1086, 18.10000, 0.265278, -27.8459, 43.3056, -145.961, 44.0856, 33.6161, 0.00329698, 46.9686, 0.581247, -56.4264, 0.591995, 123.261
1087, 18.10833, 0.265259, -27.848, 43.2792, -145.962, 44.0593, 33.6146, 0.00329834, 46.9599, 0.581172, -56.4275, 0.591926, 123.26
1087, 18.11667, 0.26524, -27.8501, 43.2528, -145.963, 44.033, 33.6132, 0.00329971, 46.9513, 0.581097, -56.4287, 0.591858, 123.258
1087, 18.12500, 0.265221, -27.8521, 43.2265, -145.964, 44.0067, 33.6119, 0.00330108, 46.9427, 0.581022, -56.4298, 0.591789, 123.257
1088, 18.13333, 0.265203, -27.8541, 43.2001, -145.966, 43.9805, 33.6105, 0.00330245, 46.9342, 0.580948, -56.4309, 0.591721, 123.255
1089, 18.14167, 0.265185, -27.8561, 43.1738, -145.967, 43.9543, 33.6091, 0.00330383, 46.9258, 0.580873, -56.432, 0.591652, 123.254
1089, 18.15000, 0.265167, -27.858, 43.1475, -145.968, 43.9281, 33.6077, 0.00330522, 46.9174, 0.580798, -56.4332, 0.591584, 123.253
1089, 18.15833, 0.26515, -27.8599, 43.1213, -145.969, 43.902, 33.6063, 0.00330661, 46.9091, 0.580724, -56.4343, 0.591516, 123.251
1090, 18.16667, 0.265133, -27.8617, 43.0951, -145.971, 43.8758, 33.6049, 0.003308, 46.9009, 0.580649, -56.4354, 0.591447, 123.25
1091, 18.17500, 0.265117, -27.8635, 43.0689, -145.972, 43.8497, 33.6035, 0.0033094, 46.8927, 0.580574, -56.4365, 0.591379, 123.249
1091, 18.18333, 0.265101, -27.8653, 43.0427, -145.973, 43.8237, 33.6021, 0.0033108, 46.8847, 0.5805, -56.4376, 0.591311, 123.247
1091, 18.19167, 0.265085, -27.867, 43.0166, -145.974, 43.7976, 33.6008, 0.00331221, 46.8766, 0.580425, -56.4387, 0.591243, 123.246
1092, 18.20000, 0.26507, -27.8687, 42.9904, -145.975, 43.7716, 33.5994, 0.00331362, 46.8687, 0.580351, -56.4398, 0.591174, 123.245
1093, 18.20833, 0.265055, -27.8703, 42.9643, -145.977, 43.7456, 33.598, 0.00331504, 46.8608, 0.580276, -56.4409, 0.591106, 123.243
1093, 18.21667, 0.265041, -27.8719, 42.9383, -145.978, 43.7196, 33.5967, 0.00331646, 46.853, 0.580202, -56.442, 0.591038, 123.242
1093, 18.22500, 0.265026, -27.8735, 42.9122, -145.979, 43.6937, 33.5953, 0.00331788, 46.8452, 0.580128, -56.4431, 0.59097, 123.241
1094, 18.23333, 0.265013, -27.875, 42.8862, -145.98, 43.6678, 33.5939, 0.00331931, 46.8375, 0.580053, -56.4442, 0.590902, 123.239
1095, 18.24167, 0.265, -27.8765, 42.8602, -145.981, 43.6419, 33.5926, 0.00332075, 46.8299, 0.579979, -56.4453, 0.590834, 123.238
1095, 18.25000, 0.264987, -27.8779, 42.8343, -145.982, 43.616, 33.5912, 0.00332219, 46.8223, 0.579905, -56.4463, 0.590766, 123.237
1095, 18.25833, 0.264974, -27.8793, 42.8083, -145.984, 43.5902, 33.5899, 0.00332363, 46.8148, 0.57983, -56.4474, 0.590698, 123.235
1096, 18.26667, 0.264962, -27.8807, 42.7824, -145.985, 43.5644, 33.5885, 0.00332508, 46.8074, 0.579756, -56.4485, 0.590631, 123.234
1097, 18.27500, 0.26495, -27.882, 42.7566, -145.986, 43.5386, 33.5872, 0.00332654, 46.8, 0.579682, -56.4496, 0.590563, 123.233
1097, 18.28333, 0.264939, -27.8833, 42.7307, -145.987, 43.5129, 33.5858, 0.003328, 46.7927, 0.579608, -56.4506, 0.590495, 123.231
1098, 18.29167, 0.264928, -27.8846, 42.7049, -145.988, 43.4871, 33.5845, 0.00332946, 46.7855, 0.579534, -56.4517, 0.590427, 123.23
1098, 18.30000, 0.264917, -27.8858, 42.6791, -145.99, 43.4614, 33.5831, 0.00333093, 46.7783, 0.57946, -56.4528, 0.59036, 123.229
1099, 18.30833, 0.264907, -27.887, 42.6533, -145.991, 43.4358, 33.5818, 0.0033324, 46.7712, 0.579386, -56.4538, 0.590292, 123.227
1099, 18.31667, 0.264897, -27.8882, 42.6275, -145.992, 43.4101, 33.5804, 0.00333388, 46.7642, 0.579312, -56.4549, 0.590224, 123.226
1100, 18.32500, 0.264888, -27.8893, 42.6018, -145.993, 43.3845, 33.5791, 0.00333536, 46.7572, 0.579238, -56.4559, 0.590157, 123.225
1100, 18.33333, 0.264879, -27.8903, 42.5761, -145.994, 43.3589, 33.5778, 0.00333685, 46.7502, 0.579164, -56.457, 0.590089, 123.223
1101, 18.34167, 0.26487, -27.8914, 42.5504, -145.995, 43.3333, 33.5765, 0.00333834, 46.7434, 0.57909, -56.458, 0.590022, 123.222
1101, 18.35000, 0.264862, -27.8924, 42.5248, -145.996, 43.3078, 33.5751, 0.00333984, 46.7366, 0.579016, -56.4591, 0.589954, 123.221
1102, 18.35833, 0.264854, -27.8934, 42.4992, -145.998, 43.2822, 33.5738, 0.00334134, 46.7299, 0.578942, -56.4601, 0.589887, 123.219
1102, 18.36667, 0.264847, -27.8943, 42.4736, -145.999, 43.2567, 33.5725, 0.00334285, 46.7232, 0.578868, -56.4611, 0.589819, 123.218
1103, 18.37500, 0.26484, -27.8952, 42.448, -146, 43.2313, 33.5712, 0.00334436, 46.7166, 0.578794, -56.4622, 0.589752, 123.217
1103, 18.38333, 0.264833, -27.8961, 42.4224, -146.001, 43.2058, 33.5698, 0.00334588, 46.71, 0.578721, -56.4632, 0.589685, 123.215
1104, 18.39167, 0.264827, -27.8969, 42.3969, -146.002, 43.1804, 33.5685, 0.0033474, 46.7035, 0.578647, -56.4642, 0.589617, 123.214
1104, 18.40000, 0.264821, -27.8977, 42.3714, -146.003, 43.155, 33.5672, 0.00334893, 46.6971, 0.578573, -56.4653, 0.58955, 123.213
1105, 18.40833, 0.264815, -27.8985, 42.3459, -146.004, 43.1297, 33.5659, 0.00335046, 46.6907, 0.5785, -56.4663, 0.589483, 123.212
1105, 18.41667, 0.26481, -27.8992, 42.3205, -146.006, 43.1043, 33.5646, 0.00335199, 46.6844, 0.578426, -56.4673, 0.589416, 123.21
1106, 18.42500, 0.264805, -27.8999, 42.2951, -146.007, 43.079, 33.5633, 0.00335353, 46.6782, 0.578352, -56.4683, 0.589349, 123.209
1106, 18.43333, 0.264801, -27.9006, 42.2697, -146.008, 43.0537, 33.562, 0.00335508, 46.672, 0.578279, -56.4693, 0.589282, 123.208
1107, 18.44167, 0.264797, -27.9012, 42.2443, -146.009, 43.0284, 33.5607, 0.00335663, 46.6659, 0.578205, -56.4703, 0.589215, 123.206
1107, 18.45000, 0.264793, -27.9018, 42.219, -146.01, 43.0032, 33.5594, 0.00335818, 46.6598, 0.578132, -56.4713, 0.589148, 123.205
1108, 18.45833, 0.26479, -27.9024, 42.1936, -146.011, 42.978, 33.5581, 0.00335974, 46.6538, 0.578058, -56.4723, 0.589081, 123.204
1108, 18.46667, 0.264787, -27.9029, 42.1683, -146.012, 42.9528, 33.5568, 0.00336131, 46.6478, 0.577985, -56.4733, 0.589014, 123.203
1109, 18.47500, 0.264785, -27.9035, 42.1431, -146.013, 42.9276, 33.5555, 0.00336288, 46.6419, 0.577911, -56.4743, 0.588947, 123.201
1109, 18.48333, 0.264783, -27.9039, 42.1178, -146.014, 42.9025, 33.5543, 0.00336445, 46.6361, 0.577838, -56.4753, 0.58888, 123.2
1110, 18.49167, 0.264781, -27.9044, 42.0926, -146.015, 42.8774, 33.553, 0.00336603, 46.6303, 0.577765, -56.4763, 0.588813, 123.199
1110, 18.50000, 0.26478, -27.9048, 42.0674, -146.017, 42.8523, 33.5517, 0.00336762, 46.6246, 0.577691, -56.4773, 0.588746, 123.198
1111, 18.50833, 0.264779, -27.9052, 42.0422, -146.018, 42.8272, 33.5504, 0.00336921, 46.6189, 0.577618, -56.4783, 0.58868, 123.196
1111, 18.51667, 0.264778, -27.9056, 42.0171, -146.019, 42.8022, 33.5491, 0.0033708, 46.6133, 0.577545, -56.4793, 0.588613, 123.195
1112, 18.52500, 0.264778, -27.9059, 41.992, -146.02, 42.7772, 33.5479, 0.0033724, 46.6078, 0.577472, -56.4803, 0.588546, 123.194
1112, 18.53333, 0.264778, -27.9062, 41.9669, -146.021, 42.7522, 33.5466, 0.00337401, 46.6023, 0.577398, -56.4812, 0.588479, 123.193
1113, 18.54167, 0.264779, -27.9065, 41.9418, -146.022, 42.7272, 33.5453, 0.00337562, 46.5969, 0.577325, -56.4822, 0.588413, 123.191
1113, 18.55000, 0.26478, -27.9067, 41.9167, -146.023, 42.7023, 33.5441, 0.00337723, 46.5915, 0.577252, -56.4832, 0.588346, 123.19
1114, 18.55833, 0.264781, -27.9069, 41.8917, -146.024, 42.6773, 33.5428, 0.00337885, 46.5862, 0.577179, -56.4841, 0.58828, 123.189
1114, 18.56667, 0.264783, -27.9071, 41.8667, -146.025, 42.6525, 33.5415, 0.00338048, 46.5809, 0.577106, -56.4851, 0.588213, 123.188
1115, 18.57500, 0.264785, -27.9073, 41.8417, -146.026, 42.6276, 33.5403, 0.00338211, 46.5757, 0.577033, -56.4861, 0.588147, 123.186
1115, 18.58333, 0.264787, -27.9074, 41.8168, -146.027, 42.6028, 33.539, 0.00338374, 46.5705, 0.57696, -56.487, 0.58808, 123.185
1116, 18.59167, 0.26479, -27.9075, 41.7919, -146.028, 42.5779, 33.5378, 0.00338538, 46.5654, 0.576887, -56.488, 0.588014, 123.184
1116, 18.60000, 0.264793, -27.9076, 41.767, -146.029, 42.5531, 33.5365, 0.00338703, 46.5604, 0.576814, -56.4889, 0.587947, 123.183
1117, 18.60833, 0.264797, -27.9076, 41.7421, -146.03, 42.5284, 33.5353, 0.00338868, 46.5554, 0.576741, -56.4899, 0.587881, 123.181
1117, 18.61667, 0.264801, -27.9076, 41.7172, -146.031, 42.5036, 33.534, 0.00339033, 46.5504, 0.576668, -56.4908, 0.587815, 123.18
1118, 18.62500, 0.264806, -27.9076, 41.6924, -146.032, 42.4789, 33.5328, 0.00339199, 46.5456, 0.576595, -56.4917, 0.587749, 123.179
1118, 18.63333, 0.26481, -27.9076, 41.6676, -146.033, 42.4542, 33.5315, 0.00339366, 46.5407, 0.576522, -56.4927, 0.587682, 123.178
1119, 18.64167, 0.264815, -27.9075, 41.6428, -146.035, 42.4295, 33.5303, 0.00339533, 46.5359, 0.57645, -56.4936, 0.587616, 123.176
1119, 18.65000, 0.264821, -27.9074, 41.6181, -146.036, 42.4049, 33.5291, 0.003397, 46.5312, 0.576377, -56.4945, 0.58755, 123.175
1120, 18.65833, 0.264827, -27.9073, 41.5933, -146.037, 42.3803, 33.5278, 0.00339868, 46.5265, 0.576304, -56.4955, 0.587484, 123.174
1120, 18.66667, 0.264833, -27.9072, 41.5686, -146.038, 42.3557, 33.5266, 0.00340037, 46.5219, 0.576231, -56.4964, 0.587418, 123.173
1121, 18.67500, 0.26484, -27.907, 41.5439, -146.039, 42.3311, 33.5254, 0.00340206, 46.5174, 0.576159, -56.4973, 0.587352, 123.172
1121, 18.68333, 0.264847, -27.9069, 41.5193, -146.04, 42.3066, 33.5241, 0.00340376, 46.5128, 0.576086, -56.4982, 0.587286, 123.17
1122, 18.69167, 0.264854, -27.9067, 41.4946, -146.041, 42.282, 33.5229, 0.00340546, 46.5084, 0.576013, -56.4992, 0.58722, 123.169
1122, 18.70000, 0.264862, -27.9064, 41.47, -146.042, 42.2575, 33.5217, 0.00340716, 46.504, 0.575941, -56.5001, 0.587154, 123.168
1123, 18.70833, 0.26487, -27.9062, 41.4454, -146.043, 42.2331, 33.5205, 0.00340887, 46.4996, 0.575868, -56.501, 0.587088, 123.167
1123, 18.71667, 0.264879, -27.9059, 41.4209, -146.044, 42.2086, 33.5192, 0.00341059, 46.4953, 0.575795, -56.5019, 0.587022, 123.165
1124, 18.72500, 0.264888, -27.9056, 41.3963, -146.045, 42.1842, 33.518, 0.00341231, 46.491, 0.575723, -56.5028, 0.586956, 123.164
1124, 18.73333, 0.264897, -27.9052, 41.3718, -146.046, 42.1598, 33.5168, 0.00341404, 46.4868, 0.57565, -56.5037, 0.58689, 123.163
1125, 18.74167, 0.264907, -27.9049, 41.3473, -146.047, 42.1354, 33.5156, 0.00341577, 46.4827, 0.575578, -56.5046, 0.586824, 123.162
1125, 18.75000, 0.264917, -27.9045, 41.3228, -146.048, 42.111, 33.5144, 0.00341751, 46.4786, 0.575505, -56.5055, 0.586758, 123.161
1126, 18.75833, 0.264928, -27.9041, 41.2984, -146.049, 42.0867, 33.5132, 0.00341925, 46.4745, 0.575433, -56.5064, 0.586693, 123.16
1126, 18.76667, 0.264938, -27.9037, 41.274, -146.05, 42.0624, 33.512, 0.003421, 46.4705, 0.57536, -56.5073, 0.586627, 123.158
1127, 18.77500, 0.26495, -27.9033, 41.2495, -146.051, 42.0381, 33.5108, 0.00342275, 46.4665, 0.575288, -56.5082, 0.586561, 123.157
1127, 18.78333, 0.264961, -27.9028, 41.2252, -146.052, 42.0138, 33.5096, 0.00342451, 46.4626, 0.575216, -56.509, 0.586496, 123.156
1128, 18.79167, 0.264973, -27.9023, 41.2008, -146.053, 41.9896, 33.5084, 0.00342627, 46.4587, 0.575143, -56.5099, 0.58643, 123.155
1128, 18.80000, 0.264986, -27.9018, 41.1765, -146.054, 41.9654, 33.5072, 0.00342804, 46.4549, 0.575071, -56.5108, 0.586364, 123.154
1129, 18.80833, 0.264998, -27.9013, 41.1522, -146.055, 41.9412, 33.506, 0.00342982, 46.4512, 0.574999, -56.5117, 0.586299, 123.152
1129, 18.81667, 0.265012, -27.9008, 41.1279, -146.055, 41.917, 33.5048, 0.0034316, 46.4474, 0.574926, -56.5125, 0.586233, 123.151
1130, 18.82500, 0.265025, -27.9002, 41.1036, -146.056, 41.8929, 33.5036, 0.00343338, 46.4438, 0.574854, -56.5134, 0.586168, 123.15
1130, 18.83333, 0.265039, -27.8996, 41.0794, -146.057, 41.8687, 33.5025, 0.00343517, 46.4402, 0.574782, -56.5143, 0.586102, 123.149
1131, 18.84167, 0.265053, -27.899, 41.0552, -146.058, 41.8446, 33.5013, 0.00343696, 46.4366, 0.57471, -56.5151, 0.586037, 123.148
1131, 18.85000, 0.265068, -27.8984, 41.031, -146.059, 41.8206, 33.5001, 0.00343877, 46.433, 0.574638, -56.516, 0.585971, 123.147
1132, 18.85833, 0.265083, -27.8977, 41.0068, -146.06, 41.7965, 33.4989, 0.00344057, 46.4296, 0.574566, -56.5168, 0.585906, 123.145
1132, 18.86667, 0.265098, -27.8971, 40.9827, -146.061, 41.7725, 33.4977, 0.00344238, 46.4261, 0.574493, -56.5177, 0.585841, 123.144
1133, 18.87500, 0.265114, -27.8964, 40.9585, -146.062, 41.7485, 33.4966, 0.0034442, 46.4227, 0.574421, -56.5186, 0.585775, 123.143
1133, 18.88333, 0.26513, -27.8957, 40.9344, -146.063, 41.7245, 33.4954, 0.00344602, 46.4194, 0.574349, -56.5194, 0.58571, 123.142
1134, 18.89167, 0.265147, -27.895, 40.9104, -146.064, 41.7005, 33.4942, 0.00344785, 46.4161, 0.574277, -56.5202, 0.585645, 123.141
1134, 18.90000, 0.265163, -27.8942, 40.8863, -146.065, 41.6766, 33.4931, 0.00344968, 46.4128, 0.574205, -56.5211, 0.58558, 123.14
1135, 18.90833, 0.265181, -27.8935, 40.8623, -146.066, 41.6527, 33.4919, 0.00345152, 46.4096, 0.574133, -56.5219, 0.585514, 123.138
1135, 18.91667, 0.265198, -27.8927, 40.8383, -146.067, 41.6288, 33.4907, 0.00345336, 46.4065, 0.574061, -56.5228, 0.585449, 123.137
1136, 18.92500, 0.265216, -27.8919, 40.8143, -146.068, 41.6049, 33.4896, 0.00345521, 46.4033, 0.573989, -56.5236, 0.585384, 123.136
1136, 18.93333, 0.265235, -27.8911, 40.7903, -146.069, 41.5811, 33.4884, 0.00345707, 46.4003, 0.573917, -56.5244, 0.585319, 123.135
1137, 18.94167, 0.265254, -27.8903, 40.7664, -146.07, 41.5573, 33.4873, 0.00345893, 46.3972, 0.573845, -56.5252, 0.585254, 123.134
1137, 18.95000, 0.265273, -27.8894, 40.7425, -146.071, 41.5335, 33.4861, 0.00346079, 46.3942, 0.573774, -56.5261, 0.585189, 123.133
1138, 18.95833, 0.265292, -27.8886, 40.7186, -146.071, 41.5097, 33.485, 0.00346266, 46.3913, 0.573702, -56.5269, 0.585124, 123.132
1138, 18.96667, 0.265312, -27.8877, 40.6947, -146.072, 41.4859, 33.4838, 0.00346454, 46.3884, 0.57363, -56.5277, 0.585059, 123.13
1139, 18.97500, 0.265332, -27.8868, 40.6708, -146.073, 41.4622, 33.4827, 0.00346642, 46.3855, 0.573558, -56.5285, 0.584994, 123.129
1139, 18.98333, 0.265353, -27.8859, 40.647, -146.074, 41.4385, 33.4815, 0.00346831, 46.3827, 0.573486, -56.5293, 0.584929, 123.128
1140, 18.99167, 0.265374, -27.885, 40.6232, -146.075, 41.4148, 33.4804, 0.0034702, 46.3799, 0.573415, -56.5301, 0.584864, 123.127
1140, 19.00000, 0.265395, -27.8841, 40.5994, -146.076, 41.3912, 33.4792, 0.0034721, 46.3772, 0.573343, -56.5309, 0.584799, 123.126
1141, 19.00833, 0.265417, -27.8831, 40.5757, -146.077, 41.3675, 33.4781, 0.003474, 46.3745, 0.573271, -56.5317, 0.584734, 123.125
1141, 19.01667, 0.265439, -27.8822, 40.5519, -146.078, 41.3439, 33.477, 0.00347591, 46.3719, 0.573199, -56.5325, 0.58467, 123.124
1142, 19.02500, 0.265462, -27.8812, 40.5282, -146.079, 41.3203, 33.4758, 0.00347782, 46.3693, 0.573128, -56.5333, 0.584605, 123.122
1142, 19.03333, 0.265485, -27.8802, 40.5045, -146.08, 41.2967, 33.4747, 0.00347974, 46.3667, 0.573056, -56.5341, 0.58454, 123.121
1143, 19.04167, 0.265508, -27.8792, 40.4808, -146.08, 41.2732, 33.4736, 0.00348167, 46.3642, 0.572984, -56.5349, 0.584475, 123.12
1143, 19.05000, 0.265532, -27.8782, 40.4572, -146.081, 41.2497, 33.4725, 0.0034836, 46.3617, 0.572913, -56.5357, 0.584411, 123.119
1144, 19.05833, 0.265556, -27.8771, 40.4336, -146.082, 41.2262, 33.4713, 0.00348554, 46.3592, 0.572841, -56.5365, 0.584346, 123.118
1144, 19.06667, 0.26558, -27.8761, 40.41, -146.083, 41.2027, 33.4702, 0.00348748, 46.3568, 0.57277, -56.5373, 0.584281, 123.117
1145, 19.07500, 0.265605, -27.875, 40.3864, -146.084, 41.1792, 33.4691, 0.00348943, 46.3545, 0.572698, -56.5381, 0.584217, 123.116
1145, 19.08333, 0.26563, -27.874, 40.3628, -146.085, 41.1558, 33.468, 0.00349138, 46.3521, 0.572627, -56.5388, 0.584152, 123.115
1146, 19.09167, 0.265655, -27.8729, 40.3393, -146.086, 41.1324, 33.4669, 0.00349334, 46.3498, 0.572555, -56.5396, 0.584087, 123.114
1146, 19.10000, 0.265681, -27.8718, 40.3157, -146.087, 41.109, 33.4658, 0.00349531, 46.3476, 0.572484, -56.5404, 0.584023, 123.112
1147, 19.10833, 0.265708, -27.8707, 40.2923, -146.087, 41.0856, 33.4646, 0.00349728, 46.3454, 0.572412, -56.5412, 0.583958, 123.111
1147, 19.11667, 0.265734, -27.8696, 40.2688, -146.088, 41.0622, 33.4635, 0.00349925, 46.3432, 0.572341, -56.5419, 0.583894, 123.11
1148, 19.12500, 0.265761, -27.8685, 40.2453, -146.089, 41.0389, 33.4624, 0.00350124, 46.3411, 0.572269, -56.5427, 0.58383, 123.109
1148, 19.13333, 0.265789, -27.8673, 40.2219, -146.09, 41.0156, 33.4613, 0.00350322, 46.339, 0.572198, -56.5434, 0.583765, 123.108
1149, 19.14167, 0.265816, -27.8662, 40.1985, -146.091, 40.9923, 33.4602, 0.00350522, 46.3369, 0.572127, -56.5442, 0.583701, 123.107
1149, 19.15000, 0.265845, -27.865, 40.1751, -146.092, 40.9691, 33.4591, 0.00350721, 46.3349, 0.572055, -56.5449, 0.583636, 123.106
1150, 19.15833, 0.265873, -27.8639, 40.1517, -146.092, 40.9458, 33.458, 0.00350922, 46.3329, 0.571984, -56.5457, 0.583572, 123.105
1150, 19.16667, 0.265902, -27.8627, 40.1284, -146.093, 40.9226, 33.4569, 0.00351123, 46.331, 0.571913, -56.5464, 0.583508, 123.104
1151, 19.17500, 0.265931, -27.8615, 40.1051, -146.094, 40.8994, 33.4558, 0.00351325, 46.3291, 0.571841, -56.5472, 0.583443, 123.103
1151, 19.18333, 0.265961, -27.8603, 40.0818, -146.095, 40.8763, 33.4548, 0.00351527, 46.3272, 0.57177, -56.5479, 0.583379, 123.102
1152, 19.19167, 0.265991, -27.8591, 40.0585, -146.096, 40.8531, 33.4537, 0.0035173, 46.3253, 0.571699, -56.5487, 0.583315, 123.1
1152, 19.20000, 0.266021, -27.8579, 40.0352, -146.097, 40.83, 33.4526, 0.00351933, 46.3235, 0.571628, -56.5494, 0.583251, 123.099
1153, 19.20833, 0.266052, -27.8567, 40.012, -146.097, 40.8069, 33.4515, 0.00352137, 46.3218, 0.571556, -56.5501, 0.583186, 123.098
1153, 19.21667, 0.266083, -27.8554, 39.9888, -146.098, 40.7838, 33.4504, 0.00352341, 46.32, 0.571485, -56.5509, 0.583122, 123.097
1154, 19.22500, 0.266115, -27.8542, 39.9656, -146.099, 40.7607, 33.4493, 0.00352546, 46.3183, 0.571414, -56.5516, 0.583058, 123.096
1154, 19.23333, 0.266146, -27.8529, 39.9424, -146.1, 40.7377, 33.4483, 0.00352752, 46.3167, 0.571343, -56.5523, 0.582994, 123.095
1155, 19.24167, 0.266179, -27.8517, 39.9193, -146.101, 40.7146, 33.4472, 0.00352958, 46.315, 0.571272, -56.553, 0.58293, 123.094
1155, 19.25000, 0.266211, -27.8504, 39.8961, -146.102, 40.6916, 33.4461, 0.00353165, 46.3134, 0.571201, -56.5538, 0.582866, 123.093
1156, 19.25833, 0.266244, -27.8492, 39.873, -146.102, 40.6687, 33.445, 0.00353372, 46.3119, 0.57113, -56.5545, 0.582802, 123.092
1156, 19.26667, 0.266278, -27.8479, 39.8499, -146.103, 40.6457, 33.444, 0.0035358, 46.3104, 0.571058, -56.5552, 0.582738, 123.091
1157, 19.27500, 0.266311, -27.8466, 39.8269, -146.104, 40.6228, 33.4429, 0.00353789, 46.3089, 0.570987, -56.5559, 0.582674, 123.09
1157, 19.28333, 0.266345, -27.8453, 39.8038, -146.105, 40.5999, 33.4418, 0.00353998, 46.3074, 0.570916, -56.5566, 0.58261, 123.089
1158, 19.29167, 0.26638, -27.844, 39.7808, -146.106, 40.577, 33.4408, 0.00354208, 46.306, 0.570845, -56.5573, 0.582546, 123.088
1158, 19.30000, 0.266415, -27.8427, 39.7578, -146.106, 40.5541, 33.4397, 0.00354418, 46.3046, 0.570774, -56.558, 0.582482, 123.087
1159, 19.30833, 0.26645, -27.8414, 39.7348, -146.107, 40.5313, 33.4387, 0.00354629, 46.3032, 0.570703, -56.5587, 0.582418, 123.086
1159, 19.31667, 0.266485, -27.8401, 39.7119, -146.108, 40.5084, 33.4376, 0.0035484, 46.3019, 0.570632, -56.5594, 0.582354, 123.084
1160, 19.32500, 0.266521, -27.8388, 39.6889, -146.109, 40.4856, 33.4366, 0.00355053, 46.3006, 0.570561, -56.5601, 0.582291, 123.083
1160, 19.33333, 0.266558, -27.8375, 39.666, -146.109, 40.4628, 33.4355, 0.00355265, 46.2993, 0.57049, -56.5608, 0.582227, 123.082
1161, 19.34167, 0.266594, -27.8362, 39.6431, -146.11, 40.4401, 33.4344, 0.00355478, 46.2981, 0.57042, -56.5615, 0.582163, 123.081
1161, 19.35000, 0.266631, -27.8348, 39.6202, -146.111, 40.4173, 33.4334, 0.00355692, 46.2969, 0.570349, -56.5622, 0.582099, 123.08
1162, 19.35833, 0.266669, -27.8335, 39.5974, -146.112, 40.3946, 33.4324, 0.00355907, 46.2957, 0.570278, -56.5628, 0.582035, 123.079
1162, 19.36667, 0.266707, -27.8322, 39.5745, -146.113, 40.3719, 33.4313, 0.00356122, 46.2945, 0.570207, -56.5635, 0.581972, 123.078
1163, 19.37500, 0.266745, -27.8308, 39.5517, -146.113, 40.3492, 33.4303, 0.00356338, 46.2934, 0.570136, -56.5642, 0.581908, 123.077
1163, 19.38333, 0.266783, -27.8295, 39.5289, -146.114, 40.3266, 33.4292, 0.00356554, 46.2923, 0.570065, -56.5649, 0.581844, 123.076
1164, 19.39167, 0.266822, -27.8281, 39.5061, -146.115, 40.3039, 33.4282, 0.00356771, 46.2913, 0.569994, -56.5655, 0.581781, 123.075
1164, 19.40000, 0.266862, -27.8268, 39.4834, -146.116, 40.2813, 33.4272, 0.00356988, 46.2902, 0.569924, -56.5662, 0.581717, 123.074
1165, 19.40833, 0.266901, -27.8254, 39.4607, -146.116, 40.2587, 33.4261, 0.00357206, 46.2892, 0.569853, -56.5669, 0.581654, 123.073
1165, 19.41667, 0.266941, -27.8241, 39.438, -146.117, 40.2361, 33.4251, 0.00357425, 46.2883, 0.569782, -56.5675, 0.58159, 123.072
1166, 19.42500, 0.266982, -27.8227, 39.4153, -146.118, 40.2136, 33.4241, 0.00357644, 46.2873, 0.569711, -56.5682, 0.581527, 123.071
1166, 19.43333, 0.267023, -27.8214, 39.3926, -146.119, 40.191, 33.423, 0.00357864, 46.2864, 0.569641, -56.5688, 0.581463, 123.07
1167, 19.44167, 0.267064, -27.82, 39.3699, -146.119, 40.1685, 33.422, 0.00358085, 46.2855, 0.56957, -56.5695, 0.5814, 123.069
1167, 19.45000, 0.267105, -27.8187, 39.3473, -146.12, 40.146, 33.421, 0.00358306, 46.2847, 0.569499, -56.5701, 0.581336, 123.068
1168, 19.45833, 0.267147, -27.8173, 39.3247, -146.121, 40.1236, 33.42, 0.00358527, 46.2838, 0.569429, -56.5708, 0.581273, 123.067
1168, 19.46667, 0.267189, -27.816, 39.3021, -146.122, 40.1011, 33.419, 0.0035875, 46.283, 0.569358, -56.5714, 0.581209, 123.066
1169, 19.47500, 0.267232, -27.8146, 39.2796, -146.122, 40.0787, 33.4179, 0.00358973, 46.2822, 0.569287, -56.5721, 0.581146, 123.065
1169, 19.48333, 0.267275, -27.8132, 39.257, -146.123, 40.0563, 33.4169, 0.00359196, 46.2815, 0.569217, -56.5727, 0.581082, 123.064
1170, 19.49167, 0.267318, -27.8119, 39.2345, -146.124, 40.0339, 33.4159, 0.0035942, 46.2808, 0.569146, -56.5734, 0.581019, 123.063
1170, 19.50000, 0.267362, -27.8105, 39.212, -146.124, 40.0115, 33.4149, 0.00359645, 46.2801, 0.569076, -56.574, 0.580956, 123.062
1171, 19.50833, 0.267406, -27.8092, 39.1895, -146.125, 39.9892, 33.4139, 0.00359871, 46.2794, 0.569005, -56.5746, 0.580892, 123.061
1171, 19.51667, 0.267451, -27.8078, 39.167, -146.126, 39.9668, 33.4129, 0.00360097, 46.2787, 0.568934, -56.5752, 0.580829, 123.06
1172, 19.52500, 0.267496, -27.8065, 39.1446, -146.127, 39.9445, 33.4119, 0.00360323, 46.2781, 0.568864, -56.5759, 0.580766, 123.059
1172, 19.53333, 0.267541, -27.8051, 39.1221, -146.127, 39.9222, 33.4109, 0.00360551, 46.2775, 0.568793, -56.5765, 0.580703, 123.058
1173, 19.54167, 0.267586, -27.8038, 39.0997, -146.128, 39.9, 33.4099, 0.00360778, 46.2769, 0.568723, -56.5771, 0.580639, 123.057
1173, 19.55000, 0.267632, -27.8024, 39.0774, -146.129, 39.8777, 33.4089, 0.00361007, 46.2764, 0.568652, -56.5777, 0.580576, 123.056
1174, 19.55833, 0.267679, -27.8011, 39.055, -146.129, 39.8555, 33.4079, 0.00361236, 46.2758, 0.568582, -56.5783, 0.580513, 123.055
1174, 19.56667, 0.267725, -27.7997, 39.0326, -146.13, 39.8333, 33.4069, 0.00361466, 46.2753, 0.568511, -56.5789, 0.58045, 123.054
1175, 19.57500, 0.267773, -27.7984, 39.0103, -146.131, 39.8111, 33.4059, 0.00361696, 46.2749, 0.568441, -56.5796, 0.580387, 123.053
1175, 19.58333, 0.26782, -27.797, 38.988, -146.132, 39.7889, 33.4049, 0.00361927, 46.2744, 0.568371, -56.5802, 0.580324, 123.052
1176, 19.59167, 0.267868, -27.7957, 38.9657, -146.132, 39.7668, 33.4039, 0.00362159, 46.274, 0.5683, -56.5808, 0.580261, 123.051
1176, 19.60000, 0.267916, -27.7944, 38.9435, -146.133, 39.7447, 33.4029, 0.00362391, 46.2736, 0.56823, -56.5814, 0.580197, 123.05
1177, 19.60833, 0.267965, -27.793, 38.9212, -146.134, 39.7226, 33.402, 0.00362624, 46.2732, 0.568159, -56.582, 0.580134, 123.049
1177, 19.61667, 0.268013, -27.7917, 38.899, -146.134, 39.7005, 33.401, 0.00362858, 46.2728, 0.568089, -56.5826, 0.580071, 123.048
1178, 19.62500, 0.268063, -27.7904, 38.8768, -146.135, 39.6784, 33.4, 0.00363092, 46.2725, 0.568019, -56.5831, 0.580008, 123.047
1178, 19.63333, 0.268112, -27.7891, 38.8546, -146.136, 39.6564, 33.399, 0.00363327, 46.2721, 0.567948, -56.5837, 0.579945, 123.046
1179, 19.64167, 0.268162, -27.7878, 38.8324, -146.136, 39.6343, 33.398, 0.00363562, 46.2718, 0.567878, -56.5843, 0.579882, 123.045
1179, 19.65000, 0.268213, -27.7865, 38.8103, -146.137, 39.6123, 33.3971, 0.00363798, 46.2715, 0.567808, -56.5849, 0.57982, 123.044
1180, 19.65833, 0.268264, -27.7852, 38.7881, -146.138, 39.5904, 33.3961, 0.00364035, 46.2713, 0.567737, -56.5855, 0.579757, 123.043
1180, 19.66667, 0.268315, -27.7839, 38.766, -146.138, 39.5684, 33.3951, 0.00364272, 46.271, 0.567667, -56.586, 0.579694, 123.042
1181, 19.67500, 0.268366, -27.7826, 38.7439, -146.139, 39.5464, 33.3941, 0.0036451, 46.2708, 0.567597, -56.5866, 0.579631, 123.041
1181, 19.68333, 0.268418, -27.7813, 38.7219, -146.14, 39.5245, 33.3932, 0.00364749, 46.2706, 0.567526, -56.5872, 0.579568, 123.04
1182, 19.69167, 0.26847, -27.78, 38.6998, -146.14, 39.5026, 33.3922, 0.00364988, 46.2704, 0.567456, -56.5878, 0.579505, 123.039
1182, 19.70000, 0.268523, -27.7788, 38.6778, -146.141, 39.4807, 33.3913, 0.00365228, 46.2703, 0.567386, -56.5883, 0.579442, 123.038
1183, 19.70833, 0.268576, -27.7775, 38.6558, -146.142, 39.4589, 33.3903, 0.00365469, 46.2701, 0.567316, -56.5889, 0.579379, 123.037
1183, 19.71667, 0.268629, -27.7763, 38.6338, -146.142, 39.437, 33.3893, 0.0036571, 46.27, 0.567245, -56.5895, 0.579317, 123.036
1184, 19.72500, 0.268683, -27.775, 38.6118, -146.143, 39.4152, 33.3884, 0.00365952, 46.2699, 0.567175, -56.59, 0.579254, 123.035
1184, 19.73333, 0.268737, -27.7738, 38.5899, -146.143, 39.3934, 33.3874, 0.00366194, 46.2698, 0.567105, -56.5906, 0.579191, 123.034
1185, 19.74167, 0.268792, -27.7725, 38.5679, -146.144, 39.3716, 33.3865, 0.00366437, 46.2697, 0.567035, -56.5911, 0.579129, 123.033
1185, 19.75000, 0.268846, -27.7713, 38.546, -146.145, 39.3498, 33.3855, 0.00366681, 46.2697, 0.566965, -56.5917, 0.579066, 123.033
1186, 19.75833, 0.268902, -27.7701, 38.5241, -146.145, 39.3281, 33.3846, 0.00366926, 46.2696, 0.566895, -56.5922, 0.579003, 123.032
1186, 19.76667, 0.268957, -27.7689, 38.5022, -146.146, 39.3063, 33.3836, 0.00367171, 46.2696, 0.566824, -56.5928, 0.578941, 123.031
1187, 19.77500, 0.269013, -27.7677, 38.4804, -146.147, 39.2846, 33.3827, 0.00367417, 46.2696, 0.566754, -56.5933, 0.578878, 123.03
1187, 19.78333, 0.269069, -27.7665, 38.4585, -146.147, 39.2629, 33.3817, 0.00367663, 46.2696, 0.566684, -56.5938, 0.578815, 123.029
1188, 19.79167, 0.269126, -27.7653, 38.4367, -146.148, 39.2413, 33.3808, 0.0036791, 46.2697, 0.566614, -56.5944, 0.578753, 123.028
1188, 19.80000, 0.269183, -27.7642, 38.4149, -146.148, 39.2196, 33.3799, 0.00368158, 46.2697, 0.566544, -56.5949, 0.57869, 123.027
1188, 19.80833, 0.269241, -27.763, 38.3931, -146.149, 39.198, 33.3789, 0.00368406, 46.2698, 0.566474, -56.5954, 0.578628, 123.026
1189, 19.81667, 0.269298, -27.7618, 38.3714, -146.15, 39.1764, 33.378, 0.00368656, 46.2698, 0.566404, -56.596, 0.578565, 123.025
1190, 19.82500, 0.269357, -27.7607, 38.3496, -146.15, 39.1548, 33.3771, 0.00368905, 46.2699, 0.566334, -56.5965, 0.578502, 123.024
1190, 19.83333, 0.269415, -27.7596, 38.3279, -146.151, 39.1332, 33.3761, 0.00369156, 46.27, 0.566264, -56.597, 0.57844, 123.023
1190, 19.84167, 0.269474, -27.7585, 38.3062, -146.152, 39.1116, 33.3752, 0.00369407, 46.2702, 0.566194, -56.5975, 0.578377, 123.022
1191, 19.85000, 0.269533, -27.7574, 38.2845, -146.152, 39.0901, 33.3743, 0.00369659, 46.2703, 0.566124, -56.598, 0.578315, 123.021
1192, 19.85833, 0.269593, -27.7563, 38.2629, -146.153, 39.0686, 33.3733, 0.00369911, 46.2704, 0.566054, -56.5985, 0.578253, 123.02
1192, 19.86667, 0.269653, -27.7552, 38.2412, -146.153, 39.0471, 33.3724, 0.00370164, 46.2706, 0.565984, -56.599, 0.57819, 123.019
1192, 19.87500, 0.269713, -27.7541, 38.2196, -146.154, 39.0256, 33.3715, 0.00370418, 46.2708, 0.565914, -56.5996, 0.578128, 123.018
1193, 19.88333, 0.269774, -27.7531, 38.198, -146.155, 39.0042, 33.3706, 0.00370672, 46.271, 0.565844, -56.6001, 0.578065, 123.018
1194, 19.89167, 0.269835, -27.752, 38.1764, -146.155, 38.9827, 33.3697, 0.00370927, 46.2712, 0.565774, -56.6006, 0.578003, 123.017
1194, 19.90000, 0.269896, -27.751, 38.1548, -146.156, 38.9613, 33.3687, 0.00371183, 46.2714, 0.565704, -56.6011, 0.577941, 123.016
1194, 19.90833, 0.269958, -27.75, 38.1333, -146.156, 38.9399, 33.3678, 0.0037144, 46.2716, 0.565634, -56.6016, 0.577878, 123.015
1195, 19.91667, 0.270021, -27.749, 38.1117, -146.157, 38.9185, 33.3669, 0.00371697, 46.2718, 0.565564, -56.6021, 0.577816, 123.014
1196, 19.92500, 0.270083, -27.748, 38.0902, -146.157, 38.8972, 33.366, 0.00371955, 46.2721, 0.565494, -56.6025, 0.577754, 123.013
1196, 19.93333, 0.270146, -27.747, 38.0687, -146.158, 38.8758, 33.3651, 0.00372213, 46.2724, 0.565424, -56.603, 0.577691, 123.012
1196, 19.94167, 0.270209, -27.746, 38.0472, -146.159, 38.8545, 33.3642, 0.00372472, 46.2726, 0.565354, -56.6035, 0.577629, 123.011
1197, 19.95000, 0.270273, -27.7451, 38.0258, -146.159, 38.8332, 33.3633, 0.00372732, 46.2729, 0.565284, -56.604, 0.577567, 123.01
1198, 19.95833, 0.270337, -27.7441, 38.0043, -146.16, 38.8119, 33.3624, 0.00372993, 46.2732, 0.565215, -56.6045, 0.577505, 123.009
1198, 19.96667, 0.270401, -27.7432, 37.9829, -146.16, 38.7906, 33.3615, 0.00373254, 46.2735, 0.565145, -56.6049, 0.577443, 123.008
1198, 19.97500, 0.270466, -27.7423, 37.9615, -146.161, 38.7694, 33.3606, 0.00373516, 46.2738, 0.565075, -56.6054, 0.57738, 123.007
1199, 19.98333, 0.270531, -27.7414, 37.9401, -146.161, 38.7481, 33.3597, 0.00373778, 46.2741, 0.565005, -56.6059, 0.577318, 123.007
1200, 19.99167, 0.270597, -27.7405, 37.9187, -146.162, 38.7269, 33.3588, 0.00374042, 46.2745, 0.564935, -56.6064, 0.577256, 123.006
1200, 20.00000, 0.270663, -27.7397, 37.8974, -146.162, 38.7057, 33.3579, 0.00374306, 46.2748, 0.564865, -56.6068, 0.577194, 123.005
1200, 20.00833, 0.270729, -27.7388, 37.876, -146.163, 38.6845, 33.357, 0.0037457, 46.2752, 0.564796, -56.6073, 0.577132, 123.004
1201, 20.01667, 0.270796, -27.738, 37.8547, -146.164, 38.6634, 33.3561, 0.00374836, 46.2755, 0.564726, -56.6077, 0.57707, 123.003
1202, 20.02500, 0.270863, -27.7372, 37.8334, -146.164, 38.6423, 33.3552, 0.00375102, 46.2759, 0.564656, -56.6082, 0.577008, 123.002
1202, 20.03333, 0.27093, -27.7364, 37.8122, -146.165, 38.6211, 33.3543, 0.00375369, 46.2763, 0.564586, -56.6087, 0.576945, 123.001
1202, 20.04167, 0.270998, -27.7356, 37.7909, -146.165, 38.6, 33.3535, 0.00375636, 46.2767, 0.564516, -56.6091, 0.576883, 123
1203, 20.05000, 0.271066, -27.7349, 37.7697, -146.166, 38.5789, 33.3526, 0.00375904, 46.277, 0.564447, -56.6096, 0.576821, 122.999
1204, 20.05833, 0.271134, -27.7341, 37.7484, -146.166, 38.5579, 33.3517, 0.00376173, 46.2774, 0.564377, -56.61, 0.576759, 122.999
1204, 20.06667, 0.271203, -27.7334, 37.7272, -146.167, 38.5368, 33.3508, 0.00376443, 46.2778, 0.564307, -56.6105, 0.576697, 122.998
1204, 20.07500, 0.271272, -27.7327, 37.706, -146.167, 38.5158, 33.3499, 0.00376713, 46.2783, 0.564237, -56.6109, 0.576635, 122.997
1205, 20.08333, 0.271342, -27.732, 37.6849, -146.168, 38.4948, 33.3491, 0.00376984, 46.2787, 0.564168, -56.6113, 0.576573, 122.996
1206, 20.09167, 0.271412, -27.7313, 37.6637, -146.168, 38.4738, 33.3482, 0.00377255, 46.2791, 0.564098, -56.6118, 0.576511, 122.995
1206, 20.10000, 0.271482, -27.7307, 37.6426, -146.169, 38.4528, 33.3473, 0.00377528, 46.2795, 0.564028, -56.6122, 0.57645, 122.994
1206, 20.10833, 0.271553, -27.7301, 37.6215, -146.169, 38.4319, 33.3465, 0.00377801, 46.28, 0.563959, -56.6126, 0.576388, 122.993
1207, 20.11667, 0.271624, -27.7295, 37.6004, -146.17, 38.4109, 33.3456, 0.00378075, 46.2804, 0.563889, -56.6131, 0.576326, 122.992
1208, 20.12500, 0.271695, -27.7289, 37.5793, -146.17, 38.39, 33.3447, 0.00378349, 46.2808, 0.563819, -56.6135, 0.576264, 122.992
1208, 20.13333, 0.271767, -27.7283, 37.5582, -146.171, 38.3691, 33.3439, 0.00378624, 46.2813, 0.563749, -56.6139, 0.576202, 122.991
1208, 20.14167, 0.271839, -27.7277, 37.5372, -146.171, 38.3482, 33.343, 0.003789, 46.2817, 0.56368, -56.6143, 0.57614, 122.99
1209, 20.15000, 0.271911, -27.7272, 37.5162, -146.172, 38.3274, 33.3421, 0.00379177, 46.2822, 0.56361, -56.6147, 0.576078, 122.989
1210, 20.15833, 0.271984, -27.7267, 37.4952, -146.172, 38.3065, 33.3413, 0.00379454, 46.2827, 0.56354, -56.6151, 0.576016, 122.988
1210, 20.16667, 0.272057, -27.7262, 37.4742, -146.173, 38.2857, 33.3404, 0.00379732, 46.2831, 0.563471, -56.6156, 0.575955, 122.987
1210, 20.17500, 0.272131, -27.7257, 37.4532, -146.173, 38.2649, 33.3396, 0.00380011, 46.2836, 0.563401, -56.616, 0.575893, 122.986
1211, 20.18333, 0.272205, -27.7253, 37.4323, -146.174, 38.2441, 33.3387, 0.00380291, 46.2841, 0.563332, -56.6164, 0.575831, 122.985
1212, 20.19167, 0.272279, -27.7249, 37.4113, -146.174, 38.2233, 33.3379, 0.00380571, 46.2845, 0.563262, -56.6168, 0.575769, 122.985
1212, 20.20000, 0.272354, -27.7245, 37.3904, -146.175, 38.2026, 33.337, 0.00380852, 46.285, 0.563192, -56.6172, 0.575707, 122.984
1212, 20.20833, 0.272429, -27.7241, 37.3695, -146.175, 38.1818, 33.3362, 0.00381133, 46.2855, 0.563123, -56.6176, 0.575646, 122.983
1213, 20.21667, 0.272504, -27.7237, 37.3486, -146.176, 38.1611, 33.3353, 0.00381416, 46.286, 0.563053, -56.618, 0.575584, 122.982
1214, 20.22500, 0.27258, -27.7234, 37.3278, -146.176, 38.1404, 33.3345, 0.00381699, 46.2864, 0.562984, -56.6183, 0.575522, 122.981
1214, 20.23333, 0.272656, -27.7231, 37.3069, -146.177, 38.1197, 33.3336, 0.00381983, 46.2869, 0.562914, -56.6187, 0.575461, 122.98
1214, 20.24167, 0.272733, -27.7228, 37.2861, -146.177, 38.0991, 33.3328, 0.00382267, 46.2874, 0.562844, -56.6191, 0.575399, 122.98
1215, 20.25000, 0.27281, -27.7225, 37.2653, -146.178, 38.0784, 33.332, 0.00382553, 46.2879, 0.562775, -56.6195, 0.575337, 122.979
1216, 20.25833, 0.272887, -27.7223, 37.2445, -146.178, 38.0578, 33.3311, 0.00382839, 46.2884, 0.562705, -56.6199, 0.575276, 122.978
1216, 20.26667, 0.272964, -27.722, 37.2237, -146.179, 38.0372, 33.3303, 0.00383126, 46.2888, 0.562636, -56.6203, 0.575214, 122.977
1216, 20.27500, 0.273042, -27.7219, 37.2029, -146.179, 38.0166, 33.3294, 0.00383413, 46.2893, 0.562566, -56.6206, 0.575152, 122.976
1217, 20.28333, 0.273121, -27.7217, 37.1822, -146.179, 37.996, 33.3286, 0.00383701, 46.2898, 0.562497, -56.621, 0.575091, 122.975
1218, 20.29167, 0.273199, -27.7215, 37.1615, -146.18, 37.9754, 33.3278, 0.0038399, 46.2903, 0.562427, -56.6214, 0.575029, 122.974
1218, 20.30000, 0.273279, -27.7214, 37.1407, -146.18, 37.9549, 33.327, 0.0038428, 46.2908, 0.562357, -56.6217, 0.574968, 122.974
1218, 20.30833, 0.273358, -27.7213, 37.1201, -146.181, 37.9344, 33.3261, 0.0038457, 46.2912, 0.562288, -56.6221, 0.574906, 122.973
1219, 20.31667, 0.273438, -27.7213, 37.0994, -146.181, 37.9139, 33.3253, 0.00384862, 46.2917, 0.562218, -56.6225, 0.574845, 122.972
1220, 20.32500, 0.273518, -27.7212, 37.0787, -146.182, 37.8934, 33.3245, 0.00385154, 46.2922, 0.562149, -56.6228, 0.574783, 122.971
1220, 20.33333, 0.273599, -27.7212, 37.0581, -146.182, 37.8729, 33.3237, 0.00385446, 46.2926, 0.562079, -56.6232, 0.574721, 122.97
1220, 20.34167, 0.273679, -27.7212, 37.0375, -146.183, 37.8524, 33.3228, 0.0038574, 46.2931, 0.56201, -56.6235, 0.57466, 122.969
1221, 20.35000, 0.273761, -27.7212, 37.0169, -146.183, 37.832, 33.322, 0.00386034, 46.2936, 0.56194, -56.6239, 0.574598, 122.969
1222, 20.35833, 0.273842, -27.7213, 36.9963, -146.183, 37.8116, 33.3212, 0.00386329, 46.294, 0.561871, -56.6242, 0.574537, 122.968
1222, 20.36667, 0.273924, -27.7214, 36.9757, -146.184, 37.7912, 33.3204, 0.00386625, 46.2945, 0.561801, -56.6246, 0.574476, 122.967
1223, 20.37500, 0.274007, -27.7215, 36.9551, -146.184, 37.7708, 33.3196, 0.00386921, 46.295, 0.561732, -56.6249, 0.574414, 122.966
1223, 20.38333, 0.274089, -27.7216, 36.9346, -146.185, 37.7504, 33.3188, 0.00387218, 46.2954, 0.561662, -56.6253, 0.574353, 122.965
1224, 20.39167, 0.274173, -27.7218, 36.9141, -146.185, 37.7301, 33.318, 0.00387516, 46.2958, 0.561593, -56.6256, 0.574291, 122.965
1224, 20.40000, 0.274256, -27.722, 36.8936, -146.186, 37.7098, 33.3172, 0.00387815, 46.2963, 0.561523, -56.6259, 0.57423, 122.964
1225, 20.40833, 0.27434, -27.7222, 36.8731, -146.186, 37.6894, 33.3164, 0.00388114, 46.2967, 0.561454, -56.6263, 0.574168, 122.963
1225, 20.41667, 0.274424, -27.7225, 36.8526, -146.186, 37.6691, 33.3156, 0.00388414, 46.2972, 0.561385, -56.6266, 0.574107, 122.962
1226, 20.42500, 0.274509, -27.7228, 36.8322, -146.187, 37.6489, 33.3147, 0.00388715, 46.2976, 0.561315, -56.6269, 0.574046, 122.961
1226, 20.43333, 0.274594, -27.7231, 36.8117, -146.187, 37.6286, 33.3139, 0.00389017, 46.298, 0.561246, -56.6272, 0.573984, 122.96
1227, 20.44167, 0.274679, -27.7234, 36.7913, -146.188, 37.6083, 33.3131, 0.0038932, 46.2984, 0.561176, -56.6275, 0.573923, 122.96
1227, 20.45000, 0.274764, -27.7238, 36.7709, -146.188, 37.5881, 33.3124, 0.00389623, 46.2988, 0.561107, -56.6279, 0.573862, 122.959
1228, 20.45833, 0.27485, -27.7242, 36.7505, -146.188, 37.5679, 33.3116, 0.00389927, 46.2992, 0.561037, -56.6282, 0.5738, 122.958
1228, 20.46667, 0.274937, -27.7246, 36.7302, -146.189, 37.5477, 33.3108, 0.00390232, 46.2996, 0.560968, -56.6285, 0.573739, 122.957
1229, 20.47500, 0.275024, -27.7251, 36.7098, -146.189, 37.5275, 33.31, 0.00390537, 46.3, 0.560899, -56.6288, 0.573678, 122.956
1229, 20.48333, 0.275111, -27.7256, 36.6895, -146.189, 37.5074, 33.3092, 0.00390843, 46.3004, 0.560829, -56.6291, 0.573616, 122.956
1230, 20.49167, 0.275198, -27.7261, 36.6692, -146.19, 37.4872, 33.3084, 0.00391151, 46.3007, 0.56076, -56.6294, 0.573555, 122.955
1230, 20.50000, 0.275286, -27.7267, 36.6489, -146.19, 37.4671, 33.3076, 0.00391458, 46.3011, 0.56069, -56.6297, 0.573494, 122.954
1231, 20.50833, 0.275374, -27.7272, 36.6286, -146.191, 37.447, 33.3068, 0.00391767, 46.3015, 0.560621, -56.63, 0.573433, 122.953
1231, 20.51667, 0.275463, -27.7279, 36.6083, -146.191, 37.4269, 33.306, 0.00392076, 46.3018, 0.560551, -56.6303, 0.573371, 122.952
1232, 20.52500, 0.275552, -27.7285, 36.5881, -146.191, 37.4068, 33.3053, 0.00392387, 46.3021, 0.560482, -56.6306, 0.57331, 122.952
1232, 20.53333, 0.275641, -27.7292, 36.5678, -146.192, 37.3868, 33.3045, 0.00392698, 46.3025, 0.560413, -56.6309, 0.573249, 122.951
1233, 20.54167, 0.275731, -27.7299, 36.5476, -146.192, 37.3667, 33.3037, 0.00393009, 46.3028, 0.560343, -56.6312, 0.573188, 122.95
1233, 20.55000, 0.275821, -27.7306, 36.5274, -146.192, 37.3467, 33.3029, 0.00393322, 46.3031, 0.560274, -56.6315, 0.573127, 122.949
1234, 20.55833, 0.275911, -27.7314, 36.5072, -146.193, 37.3267, 33.3022, 0.00393635, 46.3034, 0.560205, -56.6317, 0.573065, 122.948
1234, 20.56667, 0.276002, -27.7322, 36.4871, -146.193, 37.3067, 33.3014, 0.00393949, 46.3037, 0.560135, -56.632, 0.573004, 122.948
1235, 20.57500, 0.276093, -27.7331, 36.4669, -146.194, 37.2867, 33.3006, 0.00394264, 46.3039, 0.560066, -56.6323, 0.572943, 122.947
1235, 20.58333, 0.276185, -27.7339, 36.4468, -146.194, 37.2668, 33.2998, 0.0039458, 46.3042, 0.559996, -56.6326, 0.572882, 122.946
1236, 20.59167, 0.276276, -27.7349, 36.4267, -146.194, 37.2468, 33.2991, 0.00394896, 46.3044, 0.559927, -56.6328, 0.572821, 122.945
1236, 20.60000, 0.276369, -27.7358, 36.4066, -146.195, 37.2269, 33.2983, 0.00395213, 46.3047, 0.559858, -56.6331, 0.57276, 122.945
1237, 20.60833, 0.276461, -27.7368, 36.3865, -146.195, 37.207, 33.2975, 0.00395531, 46.3049, 0.559788, -56.6334, 0.572699, 122.944
1237, 20.61667, 0.276554, -27.7378, 36.3664, -146.195, 37.1871, 33.2968, 0.0039585, 46.3051, 0.559719, -56.6336, 0.572637, 122.943
1238, 20.62500, 0.276648, -27.7388, 36.3464, -146.196, 37.1672, 33.296, 0.0039617, 46.3053, 0.55965, -56.6339, 0.572576, 122.942
1238, 20.63333, 0.276741, -27.7399, 36.3263, -146.196, 37.1474, 33.2953, 0.0039649, 46.3055, 0.55958, -56.6341, 0.572515, 122.941
1239, 20.64167, 0.276835, -27.7411, 36.3063, -146.196, 37.1275, 33.2945, 0.00396811, 46.3057, 0.559511, -56.6344, 0.572454, 122.941
1239, 20.65000, 0.27693, -27.7422, 36.2863, -146.197, 37.1077, 33.2937, 0.00397133, 46.3059, 0.559442, -56.6346, 0.572393, 122.94
1240, 20.65833, 0.277024, -27.7434, 36.2663, -146.197, 37.0879, 33.293, 0.00397456, 46.306, 0.559372, -56.6349, 0.572332, 122.939
1240, 20.66667, 0.27712, -27.7446, 36.2463, -146.197, 37.0681, 33.2922, 0.0039778, 46.3061, 0.559303, -56.6351, 0.572271, 122.938
1241, 20.67500, 0.277215, -27.7459, 36.2264, -146.198, 37.0483, 33.2915, 0.00398104, 46.3063, 0.559233, -56.6354, 0.57221, 122.938
1241, 20.68333, 0.277311, -27.7472, 36.2064, -146.198, 37.0286, 33.2907, 0.00398429, 46.3064, 0.559164, -56.6356, 0.572149, 122.937
1242, 20.69167, 0.277407, -27.7485, 36.1865, -146.198, 37.0088, 33.29, 0.00398755, 46.3065, 0.559095, -56.6359, 0.572088, 122.936
1242, 20.70000, 0.277504, -27.7499, 36.1666, -146.199, 36.9891, 33.2892, 0.00399082, 46.3065, 0.559025, -56.6361, 0.572027, 122.935
1243, 20.70833, 0.277601, -27.7513, 36.1467, -146.199, 36.9694, 33.2885, 0.0039941, 46.3066, 0.558956, -56.6363, 0.571966, 122.935
1243, 20.71667, 0.277698, -27.7528, 36.1268, -146.199, 36.9497, 33.2878, 0.00399738, 46.3066, 0.558887, -56.6366, 0.571905, 122.934
1244, 20.72500, 0.277796, -27.7542, 36.107, -146.199, 36.93, 33.287, 0.00400067, 46.3067, 0.558817, -56.6368, 0.571844, 122.933
1244, 20.73333, 0.277894, -27.7558, 36.0871, -146.2, 36.9104, 33.2863, 0.00400397, 46.3067, 0.558748, -56.637, 0.571783, 122.932
1245, 20.74167, 0.277992, -27.7573, 36.0673, -146.2, 36.8907, 33.2855, 0.00400728, 46.3067, 0.558679, -56.6372, 0.571722, 122.932
1245, 20.75000, 0.278091, -27.7589, 36.0475, -146.2, 36.8711, 33.2848, 0.0040106, 46.3067, 0.558609, -56.6374, 0.571661, 122.931
1246, 20.75833, 0.27819, -27.7606, 36.0277, -146.201, 36.8515, 33.2841, 0.00401392, 46.3066, 0.55854, -56.6377, 0.5716, 122.93
1246, 20.76667, 0.278289, -27.7622, 36.0079, -146.201, 36.8319, 33.2833, 0.00401726, 46.3066, 0.558471, -56.6379, 0.57154, 122.929
1247, 20.77500, 0.278389, -27.764, 35.9882, -146.201, 36.8123, 33.2826, 0.0040206, 46.3065, 0.558401, -56.6381, 0.571479, 122.929
1247, 20.78333, 0.27849, -27.7657, 35.9684, -146.202, 36.7928, 33.2819, 0.00402395, 46.3064, 0.558332, -56.6383, 0.571418, 122.928
1248, 20.79167, 0.27859, -27.7675, 35.9487, -146.202, 36.7732, 33.2811, 0.00402731, 46.3063, 0.558263, -56.6385, 0.571357, 122.927
1248, 20.80000, 0.278691, -27.7694, 35.929, -146.202, 36.7537, 33.2804, 0.00403067, 46.3061, 0.558194, -56.6387, 0.571296, 122.926
1249, 20.80833, 0.278792, -27.7712, 35.9093, -146.202, 36.7342, 33.2797, 0.00403405, 46.306, 0.558124, -56.6389, 0.571235, 122.926
1249, 20.81667, 0.278894, -27.7732, 35.8896, -146.203, 36.7147, 33.279, 0.00403743, 46.3058, 0.558055, -56.6391, 0.571174, 122.925
1250, 20.82500, 0.278996, -27.7751, 35.8699, -146.203, 36.6952, 33.2782, 0.00404082, 46.3056, 0.557986, -56.6393, 0.571113, 122.924
1250, 20.83333, 0.279099, -27.7771, 35.8503, -146.203, 36.6757, 33.2775, 0.00404422, 46.3054, 0.557916, -56.6395, 0.571053, 122.923
1251, 20.84167, 0.279201, -27.7792, 35.8306, -146.203, 36.6563, 33.2768, 0.00404762, 46.3052, 0.557847, -56.6397, 0.570992, 122.923
1251, 20.85000, 0.279304, -27.7812, 35.811, -146.204, 36.6368, 33.2761, 0.00405104, 46.3049, 0.557778, -56.6398, 0.570931, 122.922
1252, 20.85833, 0.279408, -27.7834, 35.7914, -146.204, 36.6174, 33.2754, 0.00405446, 46.3047, 0.557708, -56.64, 0.57087, 122.921
1252, 20.86667, 0.279512, -27.7855, 35.7718, -146.204, 36.598, 33.2747, 0.0040579, 46.3044, 0.557639, -56.6402, 0.570809, 122.92
1253, 20.87500, 0.279616, -27.7877, 35.7522, -146.204, 36.5786, 33.2739, 0.00406134, 46.3041, 0.55757, -56.6404, 0.570749, 122.92
1253, 20.88333, 0.279721, -27.79, 35.7327, -146.205, 36.5592, 33.2732, 0.00406479, 46.3037, 0.5575, -56.6406, 0.570688, 122.919
1254, 20.89167, 0.279826, -27.7923, 35.7131, -146.205, 36.5399, 33.2725, 0.00406824, 46.3034, 0.557431, -56.6407, 0.570627, 122.918
1254, 20.90000, 0.279931, -27.7946, 35.6936, -146.205, 36.5205, 33.2718, 0.00407171, 46.303, 0.557362, -56.6409, 0.570566, 122.918
1255, 20.90833, 0.280036, -27.797, 35.6741, -146.205, 36.5012, 33.2711, 0.00407518, 46.3026, 0.557292, -56.6411, 0.570505, 122.917
1255, 20.91667, 0.280143, -27.7994, 35.6546, -146.206, 36.4819, 33.2704, 0.00407867, 46.3022, 0.557223, -56.6412, 0.570445, 122.916
1256, 20.92500, 0.280249, -27.8019, 35.6351, -146.206, 36.4626, 33.2697, 0.00408216, 46.3017, 0.557154, -56.6414, 0.570384, 122.915
1256, 20.93333, 0.280356, -27.8044, 35.6156, -146.206, 36.4434, 33.269, 0.00408566, 46.3013, 0.557084, -56.6415, 0.570323, 122.915
1257, 20.94167, 0.280463, -27.807, 35.5962, -146.206, 36.4241, 33.2683, 0.00408916, 46.3008, 0.557015, -56.6417, 0.570262, 122.914
1257, 20.95000, 0.28057, -27.8096, 35.5767, -146.207, 36.4048, 33.2676, 0.00409268, 46.3002, 0.556946, -56.6418, 0.570202, 122.913
1258, 20.95833, 0.280678, -27.8122, 35.5573, -146.207, 36.3856, 33.2669, 0.0040962, 46.2997, 0.556876, -56.642, 0.570141, 122.913
1258, 20.96667, 0.280786, -27.8149, 35.5379, -146.207, 36.3664, 33.2662, 0.00409974, 46.2991, 0.556807, -56.6421, 0.57008, 122.912
1259, 20.97500, 0.280895, -27.8176, 35.5185, -146.207, 36.3472, 33.2655, 0.00410328, 46.2985, 0.556738, -56.6423, 0.57002, 122.911
1259, 20.98333, 0.281004, -27.8204, 35.4991, -146.208, 36.328, 33.2648, 0.00410683, 46.2979, 0.556668, -56.6424, 0.569959, 122.91
1260, 20.99167, 0.281113, -27.8233, 35.4798, -146.208, 36.3089, 33.2641, 0.00411039, 46.2973, 0.556599, -56.6426, 0.569898, 122.91
1260, 21.00000, 0.281223, -27.8261, 35.4604, -146.208, 36.2897, 33.2635, 0.00411396, 46.2966, 0.55653, -56.6427, 0.569838, 122.909
1261, 21.00833, 0.281333, -27.8291, 35.4411, -146.208, 36.2706, 33.2628, 0.00411753, 46.2959, 0.55646, -56.6428, 0.569777, 122.908
1261, 21.01667, 0.281443, -27.832, 35.4218, -146.208, 36.2514, 33.2621, 0.00412112, 46.2952, 0.556391, -56.643, 0.569716, 122.908
1262, 21.02500, 0.281554, -27.835, 35.4025, -146.209, 36.2323, 33.2614, 0.00412471, 46.2944, 0.556322, -56.6431, 0.569656, 122.907
1262, 21.03333, 0.281665, -27.8381, 35.3832, -146.209, 36.2133, 33.2607, 0.00412831, 46.2936, 0.556252, -56.6432, 0.569595, 122.906
1263, 21.04167, 0.281776, -27.8412, 35.3639, -146.209, 36.1942, 33.26, 0.00413193, 46.2928, 0.556183, -56.6433, 0.569534, 122.905
1263, 21.05000, 0.281888, -27.8444, 35.3447, -146.209, 36.1751, 33.2594, 0.00413554, 46.292, 0.556114, -56.6435, 0.569474, 122.905
1264, 21.05833, 0.282, -27.8476, 35.3255, -146.209, 36.1561, 33.2587, 0.00413917, 46.2911, 0.556045, -56.6436, 0.569413, 122.904
1264, 21.06667, 0.282113, -27.8508, 35.3062, -146.21, 36.137, 33.258, 0.00414281, 46.2902, 0.555975, -56.6437, 0.569353, 122.903
1265, 21.07500, 0.282226, -27.8541, 35.287, -146.21, 36.118, 33.2573, 0.00414646, 46.2893, 0.555906, -56.6438, 0.569292, 122.903
1265, 21.08333, 0.282339, -27.8575, 35.2678, -146.21, 36.099, 33.2567, 0.00415011, 46.2884, 0.555836, -56.6439, 0.569231, 122.902
1266, 21.09167, 0.282453, -27.8609, 35.2486, -146.21, 36.0801, 33.256, 0.00415377, 46.2874, 0.555767, -56.644, 0.569171, 122.901
1266, 21.10000, 0.282567, -27.8643, 35.2295, -146.21, 36.0611, 33.2553, 0.00415744, 46.2864, 0.555698, -56.6441, 0.56911, 122.901
1267, 21.10833, 0.282681, -27.8678, 35.2103, -146.21, 36.0421, 33.2546, 0.00416113, 46.2854, 0.555628, -56.6442, 0.56905, 122.9
1267, 21.11667, 0.282796, -27.8714, 35.1912, -146.211, 36.0232, 33.254, 0.00416481, 46.2843, 0.555559, -56.6443, 0.568989, 122.899
1268, 21.12500, 0.282911, -27.875, 35.1721, -146.211, 36.0043, 33.2533, 0.00416851, 46.2832, 0.55549, -56.6444, 0.568928, 122.899
1268, 21.13333, 0.283026, -27.8786, 35.153, -146.211, 35.9854, 33.2527, 0.00417222, 46.2821, 0.55542, -56.6445, 0.568868, 122.898
1269, 21.14167, 0.283142, -27.8823, 35.1339, -146.211, 35.9665, 33.252, 0.00417594, 46.2809, 0.555351, -56.6446, 0.568807, 122.897
1269, 21.15000, 0.283258, -27.886, 35.1148, -146.211, 35.9476, 33.2513, 0.00417966, 46.2797, 0.555282, -56.6447, 0.568747, 122.896
1270, 21.15833, 0.283374, -27.8898, 35.0957, -146.211, 35.9287, 33.2507, 0.00418339, 46.2785, 0.555212, -56.6447, 0.568686, 122.896
1270, 21.16667, 0.283491, -27.8937, 35.0767, -146.212, 35.9099, 33.25, 0.00418714, 46.2772, 0.555143, -56.6448, 0.568626, 122.895
1271, 21.17500, 0.283609, -27.8976, 35.0577, -146.212, 35.8911, 33.2494, 0.00419089, 46.276, 0.555074, -56.6449, 0.568565, 122.894
1271, 21.18333, 0.283726, -27.9015, 35.0387, -146.212, 35.8723, 33.2487, 0.00419465, 46.2746, 0.555004, -56.645, 0.568505, 122.894
1272, 21.19167, 0.283844, -27.9056, 35.0196, -146.212, 35.8535, 33.2481, 0.00419842, 46.2733, 0.554935, -56.6451, 0.568444, 122.893
1272, 21.20000, 0.283962, -27.9096, 35.0007, -146.212, 35.8347, 33.2474, 0.00420219, 46.2719, 0.554865, -56.6451, 0.568384, 122.892
1273, 21.20833, 0.284081, -27.9137, 34.9817, -146.212, 35.8159, 33.2467, 0.00420598, 46.2705, 0.554796, -56.6452, 0.568323, 122.892
1273, 21.21667, 0.2842, -27.9179, 34.9627, -146.213, 35.7971, 33.2461, 0.00420978, 46.269, 0.554727, -56.6453, 0.568263, 122.891
1274, 21.22500, 0.284319, -27.9221, 34.9438, -146.213, 35.7784, 33.2455, 0.00421358, 46.2675, 0.554657, -56.6453, 0.568202, 122.89
1274, 21.23333, 0.284439, -27.9264, 34.9249, -146.213, 35.7597, 33.2448, 0.0042174, 46.266, 0.554588, -56.6454, 0.568142, 122.89
1275, 21.24167, 0.284559, -27.9307, 34.9059, -146.213, 35.741, 33.2442, 0.00422122, 46.2645, 0.554519, -56.6454, 0.568081, 122.889
1275, 21.25000, 0.28468, -27.9351, 34.8871, -146.213, 35.7223, 33.2435, 0.00422505, 46.2629, 0.554449, -56.6455, 0.568021, 122.888
1276, 21.25833, 0.2848, -27.9395, 34.8682, -146.213, 35.7036, 33.2429, 0.00422889, 46.2612, 0.55438, -56.6455, 0.56796, 122.888
1276, 21.26667, 0.284922, -27.944, 34.8493, -146.213, 35.6849, 33.2422, 0.00423274, 46.2596, 0.55431, -56.6456, 0.5679, 122.887
1277, 21.27500, 0.285043, -27.9485, 34.8304, -146.213, 35.6663, 33.2416, 0.0042366, 46.2579, 0.554241, -56.6456, 0.567839, 122.886
1277, 21.28333, 0.285165, -27.9531, 34.8116, -146.214, 35.6476, 33.241, 0.00424047, 46.2562, 0.554172, -56.6457, 0.567779, 122.886
1278, 21.29167, 0.285287, -27.9577, 34.7928, -146.214, 35.629, 33.2403, 0.00424435, 46.2544, 0.554102, -56.6457, 0.567718, 122.885
1278, 21.30000, 0.28541, -27.9624, 34.774, -146.214, 35.6104, 33.2397, 0.00424823, 46.2526, 0.554033, -56.6457, 0.567658, 122.884
1279, 21.30833, 0.285533, -27.9672, 34.7552, -146.214, 35.5918, 33.2391, 0.00425213, 46.2507, 0.553963, -56.6458, 0.567597, 122.884
1279, 21.31667, 0.285656, -27.972, 34.7364, -146.214, 35.5732, 33.2384, 0.00425603, 46.2489, 0.553894, -56.6458, 0.567537, 122.883
1280, 21.32500, 0.28578, -27.9769, 34.7176, -146.214, 35.5547, 33.2378, 0.00425995, 46.2469, 0.553824, -56.6458, 0.567476, 122.882
1280, 21.33333, 0.285904, -27.9818, 34.6989, -146.214, 35.5361, 33.2372, 0.00426387, 46.245, 0.553755, -56.6458, 0.567416, 122.882
1281, 21.34167, 0.286028, -27.9868, 34.6801, -146.214, 35.5176, 33.2366, 0.0042678, 46.243, 0.553685, -56.6459, 0.567356, 122.881
1281, 21.35000, 0.286153, -27.9918, 34.6614, -146.214, 35.4991, 33.2359, 0.00427174, 46.241, 0.553616, -56.6459, 0.567295, 122.881
1282, 21.35833, 0.286278, -27.9969, 34.6427, -146.214, 35.4806, 33.2353, 0.00427569, 46.2389, 0.553547, -56.6459, 0.567235, 122.88
1282, 21.36667, 0.286404, -28.0021, 34.624, -146.215, 35.4621, 33.2347, 0.00427965, 46.2368, 0.553477, -56.6459, 0.567174, 122.879
1283, 21.37500, 0.286529, -28.0073, 34.6053, -146.215, 35.4436, 33.2341, 0.00428362, 46.2346, 0.553408, -56.6459, 0.567114, 122.879
1283, 21.38333, 0.286656, -28.0125, 34.5866, -146.215, 35.4251, 33.2334, 0.0042876, 46.2324, 0.553338, -56.6459, 0.567053, 122.878
1284, 21.39167, 0.286782, -28.0179, 34.568, -146.215, 35.4067, 33.2328, 0.00429159, 46.2302, 0.553269, -56.6459, 0.566993, 122.877
1284, 21.40000, 0.286909, -28.0233, 34.5493, -146.215, 35.3883, 33.2322, 0.00429559, 46.2279, 0.553199, -56.6459, 0.566933, 122.877
1285, 21.40833, 0.287036, -28.0287, 34.5307, -146.215, 35.3698, 33.2316, 0.00429959, 46.2256, 0.55313, -56.6459, 0.566872, 122.876
1285, 21.41667, 0.287164, -28.0342, 34.5121, -146.215, 35.3514, 33.231, 0.00430361, 46.2233, 0.55306, -56.6459, 0.566812, 122.875
1286, 21.42500, 0.287292, -28.0398, 34.4935, -146.215, 35.3331, 33.2304, 0.00430763, 46.2209, 0.552991, -56.6459, 0.566752, 122.875
1286, 21.43333, 0.28742, -28.0454, 34.4749, -146.215, 35.3147, 33.2298, 0.00431167, 46.2184, 0.552921, -56.6459, 0.566691, 122.874
1287, 21.44167, 0.287549, -28.0511, 34.4563, -146.215, 35.2963, 33.2292, 0.00431571, 46.216, 0.552852, -56.6459, 0.566631, 122.874
1287, 21.45000, 0.287678, -28.0568, 34.4378, -146.215, 35.278, 33.2286, 0.00431976, 46.2134, 0.552782, -56.6459, 0.56657, 122.873
1288, 21.45833, 0.287807, -28.0626, 34.4192, -146.215, 35.2596, 33.228, 0.00432382, 46.2109, 0.552713, -56.6459, 0.56651, 122.872
1288, 21.46667, 0.287937, -28.0684, 34.4007, -146.215, 35.2413, 33.2273, 0.0043279, 46.2083, 0.552643, -56.6458, 0.56645, 122.872
1289, 21.47500, 0.288067, -28.0744, 34.3822, -146.215, 35.223, 33.2267, 0.00433198, 46.2056, 0.552574, -56.6458, 0.566389, 122.871
1289, 21.48333, 0.288197, -28.0803, 34.3637, -146.216, 35.2047, 33.2261, 0.00433607, 46.2029, 0.552504, -56.6458, 0.566329, 122.87
1290, 21.49167, 0.288328, -28.0864, 34.3452, -146.216, 35.1865, 33.2255, 0.00434017, 46.2002, 0.552435, -56.6458, 0.566269, 122.87
1290, 21.50000, 0.288459, -28.0925, 34.3267, -146.216, 35.1682, 33.2249, 0.00434428, 46.1974, 0.552365, -56.6457, 0.566208, 122.869
1291, 21.50833, 0.288591, -28.0986, 34.3083, -146.216, 35.15, 33.2243, 0.0043484, 46.1946, 0.552296, -56.6457, 0.566148, 122.868
1291, 21.51667, 0.288723, -28.1049, 34.2898, -146.216, 35.1317, 33.2238, 0.00435253, 46.1917, 0.552226, -56.6457, 0.566087, 122.868
1292, 21.52500, 0.288855, -28.1112, 34.2714, -146.216, 35.1135, 33.2232, 0.00435666, 46.1888, 0.552156, -56.6456, 0.566027, 122.867
1292, 21.53333, 0.288988, -28.1175, 34.253, -146.216, 35.0953, 33.2226, 0.00436081, 46.1859, 0.552087, -56.6456, 0.565967, 122.867
1293, 21.54167, 0.28912, -28.1239, 34.2346, -146.216, 35.0771, 33.222, 0.00436497, 46.1829, 0.552017, -56.6455, 0.565906, 122.866
1293, 21.55000, 0.289254, -28.1304, 34.2162, -146.216, 35.0589, 33.2214, 0.00436913, 46.1798, 0.551948, -56.6455, 0.565846, 122.865
1294, 21.55833, 0.289387, -28.1369, 34.1978, -146.216, 35.0408, 33.2208, 0.00437331, 46.1767, 0.551878, -56.6454, 0.565786, 122.865
1294, 21.56667, 0.289521, -28.1435, 34.1794, -146.216, 35.0226, 33.2202, 0.0043775, 46.1736, 0.551808, -56.6454, 0.565725, 122.864
1295, 21.57500, 0.289656, -28.1502, 34.1611, -146.216, 35.0045, 33.2196, 0.00438169, 46.1704, 0.551739, -56.6453, 0.565665, 122.864
1295, 21.58333, 0.28979, -28.1569, 34.1427, -146.216, 34.9864, 33.219, 0.0043859, 46.1671, 0.551669, -56.6453, 0.565605, 122.863
1296, 21.59167, 0.289926, -28.1637, 34.1244, -146.216, 34.9683, 33.2185, 0.00439011, 46.1639, 0.5516, -56.6452, 0.565544, 122.862
1296, 21.60000, 0.290061, -28.1705, 34.1061, -146.216, 34.9502, 33.2179, 0.00439434, 46.1605, 0.55153, -56.6451, 0.565484, 122.862
1297, 21.60833, 0.290197, -28.1775, 34.0878, -146.216, 34.9321, 33.2173, 0.00439857, 46.1572, 0.55146, -56.6451, 0.565424, 122.861
1297, 21.61667, 0.290333, -28.1845, 34.0695, -146.216, 34.914, 33.2167, 0.00440281, 46.1537, 0.551391, -56.645, 0.565363, 122.861
1298, 21.62500, 0.290469, -28.1915, 34.0513, -146.216, 34.896, 33.2161, 0.00440707, 46.1503, 0.551321, -56.6449, 0.565303, 122.86
1298, 21.63333, 0.290606, -28.1986, 34.033, -146.216, 34.878, 33.2156, 0.00441133, 46.1467, 0.551251, -56.6448, 0.565243, 122.859
1299, 21.64167, 0.290743, -28.2058, 34.0148, -146.216, 34.8599, 33.215, 0.0044156, 46.1432, 0.551182, -56.6447, 0.565183, 122.859
1299, 21.65000, 0.290881, -28.213, 33.9965, -146.216, 34.8419, 33.2144, 0.00441988, 46.1395, 0.551112, -56.6447, 0.565122, 122.858
1300, 21.65833, 0.291019, -28.2203, 33.9783, -146.216, 34.8239, 33.2139, 0.00442418, 46.1359, 0.551042, -56.6446, 0.565062, 122.857
1300, 21.66667, 0.291157, -28.2277, 33.9601, -146.216, 34.806, 33.2133, 0.00442848, 46.1321, 0.550973, -56.6445, 0.565002, 122.857
1301, 21.67500, 0.291296, -28.2352, 33.9419, -146.216, 34.788, 33.2127, 0.00443279, 46.1284, 0.550903, -56.6444, 0.564941, 122.856
1301, 21.68333, 0.291434, -28.2427, 33.9238, -146.216, 34.77, 33.2122, 0.00443711, 46.1245, 0.550833, -56.6443, 0.564881, 122.856
1302, 21.69167, 0.291574, -28.2503, 33.9056, -146.216, 34.7521, 33.2116, 0.00444144, 46.1207, 0.550764, -56.6442, 0.564821, 122.855
1302, 21.70000, 0.291713, -28.2579, 33.8875, -146.216, 34.7342, 33.211, 0.00444578, 46.1167, 0.550694, -56.6441, 0.56476, 122.855
1303, 21.70833, 0.291853, -28.2656, 33.8693, -146.216, 34.7163, 33.2105, 0.00445013, 46.1128, 0.550624, -56.644, 0.5647, 122.854
1303, 21.71667, 0.291994, -28.2734, 33.8512, -146.216, 34.6984, 33.2099, 0.0044545, 46.1087, 0.550555, -56.6439, 0.56464, 122.853
1304, 21.72500, 0.292134, -28.2812, 33.8331, -146.216, 34.6805, 33.2093, 0.00445887, 46.1047, 0.550485, -56.6438, 0.564579, 122.853
1304, 21.73333, 0.292275, -28.2892, 33.815, -146.216, 34.6626, 33.2088, 0.00446325, 46.1005, 0.550415, -56.6437, 0.564519, 122.852
1305, 21.74167, 0.292417, -28.2971, 33.7969, -146.216, 34.6447, 33.2082, 0.00446764, 46.0963, 0.550345, -56.6436, 0.564459, 122.852
1305, 21.75000, 0.292559, -28.3052, 33.7789, -146.216, 34.6269, 33.2077, 0.00447204, 46.0921, 0.550276, -56.6434, 0.564399, 122.851
1306, 21.75833, 0.292701, -28.3133, 33.7608, -146.216, 34.6091, 33.2071, 0.00447645, 46.0878, 0.550206, -56.6433, 0.564338, 122.85
1306, 21.76667, 0.292843, -28.3215, 33.7428, -146.215, 34.5913, 33.2066, 0.00448087, 46.0835, 0.550136, -56.6432, 0.564278, 122.85
1307, 21.77500, 0.292986, -28.3298, 33.7247, -146.215, 34.5735, 33.206, 0.0044853, 46.0791, 0.550066, -56.6431, 0.564218, 122.849
1307, 21.78333, 0.293129, -28.3381, 33.7067, -146.215, 34.5557, 33.2055, 0.00448974, 46.0746, 0.549996, -56.6429, 0.564157, 122.849
1308, 21.79167, 0.293273, -28.3465, 33.6887, -146.215, 34.5379, 33.2049, 0.00449419, 46.0701, 0.549927, -56.6428, 0.564097, 122.848
1308, 21.80000, 0.293416, -28.355, 33.6707, -146.215, 34.5201, 33.2044, 0.00449865, 46.0655, 0.549857, -56.6427, 0.564037, 122.848
1309, 21.80833, 0.293561, -28.3635, 33.6528, -146.215, 34.5024, 33.2038, 0.00450312, 46.0609, 0.549787, -56.6425, 0.563976, 122.847
1309, 21.81667, 0.293705, -28.3721, 33.6348, -146.215, 34.4846, 33.2033, 0.0045076, 46.0562, 0.549717, -56.6424, 0.563916, 122.846
1310, 21.82500, 0.29385, -28.3808, 33.6168, -146.215, 34.4669, 33.2027, 0.00451209, 46.0515, 0.549647, -56.6423, 0.563856, 122.846
1310, 21.83333, 0.293995, -28.3895, 33.5989, -146.215, 34.4492, 33.2022, 0.00451659, 46.0467, 0.549577, -56.6421, 0.563796, 122.845
1311, 21.84167, 0.294141, -28.3984, 33.581, -146.215, 34.4315, 33.2017, 0.0045211, 46.0419, 0.549508, -56.642, 0.563735, 122.845
1311, 21.85000, 0.294287, -28.4073, 33.5631, -146.215, 34.4138, 33.2011, 0.00452562, 46.037, 0.549438, -56.6418, 0.563675, 122.844
1312, 21.85833, 0.294433, -28.4162, 33.5452, -146.215, 34.3962, 33.2006, 0.00453015, 46.032, 0.549368, -56.6416, 0.563615, 122.843
1312, 21.86667, 0.29458, -28.4253, 33.5273, -146.215, 34.3785, 33.2, 0.00453469, 46.027, 0.549298, -56.6415, 0.563554, 122.843
1313, 21.87500, 0.294727, -28.4344, 33.5094, -146.215, 34.3609, 33.1995, 0.00453924, 46.0219, 0.549228, -56.6413, 0.563494, 122.842
1313, 21.88333, 0.294874, -28.4436, 33.4916, -146.215, 34.3432, 33.199, 0.0045438, 46.0168, 0.549158, -56.6412, 0.563434, 122.842
1313, 21.89167, 0.295022, -28.4528, 33.4737, -146.214, 34.3256, 33.1984, 0.00454837, 46.0116, 0.549088, -56.641, 0.563374, 122.841
1314, 21.90000, 0.29517, -28.4622, 33.4559, -146.214, 34.308, 33.1979, 0.00455295, 46.0063, 0.549018, -56.6408, 0.563313, 122.841
1315, 21.90833, 0.295318, -28.4716, 33.4381, -146.214, 34.2904, 33.1974, 0.00455754, 46.001, 0.548948, -56.6407, 0.563253, 122.84
1315, 21.91667, 0.295467, -28.4811, 33.4203, -146.214, 34.2729, 33.1969, 0.00456215, 45.9957, 0.548878, -56.6405, 0.563193, 122.84
1315, 21.92500, 0.295616, -28.4906, 33.4025, -146.214, 34.2553, 33.1963, 0.00456676, 45.9902, 0.548808, -56.6403, 0.563132, 122.839
1316, 21.93333, 0.295765, -28.5002, 33.3847, -146.214, 34.2378, 33.1958, 0.00457138, 45.9848, 0.548738, -56.6401, 0.563072, 122.838
1317, 21.94167, 0.295915, -28.51, 33.3669, -146.214, 34.2202, 33.1953, 0.00457601, 45.9792, 0.548669, -56.6399, 0.563012, 122.838
1317, 21.95000, 0.296065, -28.5197, 33.3492, -146.214, 34.2027, 33.1948, 0.00458065, 45.9736, 0.548599, -56.6397, 0.562951, 122.837
1317, 21.95833, 0.296216, -28.5296, 33.3314, -146.214, 34.1852, 33.1942, 0.00458531, 45.9679, 0.548529, -56.6396, 0.562891, 122.837
1318, 21.96667, 0.296366, -28.5395, 33.3137, -146.213, 34.1677, 33.1937, 0.00458997, 45.9622, 0.548459, -56.6394, 0.562831, 122.836
1319, 21.97500, 0.296518, -28.5495, 33.296, -146.213, 34.1502, 33.1932, 0.00459464, 45.9564, 0.548388, -56.6392, 0.562771, 122.836
1319, 21.98333, 0.296669, -28.5596, 33.2783, -146.213, 34.1327, 33.1927, 0.00459933, 45.9506, 0.548318, -56.639, 0.56271, 122.835
1319, 21.99167, 0.296821, -28.5697, 33.2606, -146.213, 34.1153, 33.1922, 0.00460402, 45.9447, 0.548248, -56.6388, 0.56265, 122.835
1320, 22.00000, 0.296973, -28.58, 33.2429, -146.213, 34.0978, 33.1917, 0.00460873, 45.9387, 0.548178, -56.6386, 0.56259, 122.834
1321, 22.00833, 0.297126, -28.5903, 33.2253, -146.213, 34.0804, 33.1911, 0.00461344, 45.9327, 0.548108, -56.6383, 0.562529, 122.833
1321, 22.01667, 0.297278, -28.6007, 33.2076, -146.213, 34.063, 33.1906, 0.00461816, 45.9266, 0.548038, -56.6381, 0.562469, 122.833
1321, 22.02500, 0.297432, -28.6111, 33.19, -146.213, 34.0456, 33.1901, 0.0046229, 45.9204, 0.547968, -56.6379, 0.562409, 122.832
1322, 22.03333, 0.297585, -28.6217, 33.1723, -146.212, 34.0282, 33.1896, 0.00462765, 45.9142, 0.547898, -56.6377, 0.562348, 122.832
1323, 22.04167, 0.297739, -28.6323, 33.1547, -146.212, 34.0108, 33.1891, 0.0046324, 45.9079, 0.547828, -56.6375, 0.562288, 122.831
1323, 22.05000, 0.297893, -28.643, 33.1371, -146.212, 33.9934, 33.1886, 0.00463717, 45.9015, 0.547758, -56.6373, 0.562228, 122.831
1323, 22.05833, 0.298048, -28.6538, 33.1195, -146.212, 33.9761, 33.1881, 0.00464195, 45.8951, 0.547688, -56.637, 0.562167, 122.83
1324, 22.06667, 0.298203, -28.6646, 33.1019, -146.212, 33.9587, 33.1876, 0.00464673, 45.8886, 0.547618, -56.6368, 0.562107, 122.83
1325, 22.07500, 0.298358, -28.6755, 33.0844, -146.212, 33.9414, 33.1871, 0.00465153, 45.8821, 0.547547, -56.6366, 0.562047, 122.829
1325, 22.08333, 0.298514, -28.6866, 33.0668, -146.212, 33.9241, 33.1866, 0.00465634, 45.8755, 0.547477, -56.6363, 0.561987, 122.829
1325, 22.09167, 0.29867, -28.6976, 33.0493, -146.211, 33.9068, 33.1861, 0.00466116, 45.8688, 0.547407, -56.6361, 0.561926, 122.828
1326, 22.10000, 0.298826, -28.7088, 33.0318, -146.211, 33.8895, 33.1856, 0.00466599, 45.862, 0.547337, -56.6359, 0.561866, 122.828
1327, 22.10833, 0.298982, -28.7201, 33.0142, -146.211, 33.8722, 33.1851, 0.00467083, 45.8552, 0.547267, -56.6356, 0.561806, 122.827
1327, 22.11667, 0.299139, -28.7314, 32.9967, -146.211, 33.855, 33.1846, 0.00467568, 45.8484, 0.547197, -56.6354, 0.561745, 122.826
1327, 22.12500, 0.299297, -28.7428, 32.9793, -146.211, 33.8377, 33.1841, 0.00468054, 45.8414, 0.547126, -56.6351, 0.561685, 122.826
1328, 22.13333, 0.299454, -28.7543, 32.9618, -146.21, 33.8205, 33.1836, 0.00468541, 45.8344, 0.547056, -56.6349, 0.561625, 122.825
1329, 22.14167, 0.299612, -28.7659, 32.9443, -146.21, 33.8032, 33.1831, 0.00469029, 45.8273, 0.546986, -56.6346, 0.561564, 122.825
1329, 22.15000, 0.299771, -28.7775, 32.9269, -146.21, 33.786, 33.1826, 0.00469518, 45.8202, 0.546916, -56.6344, 0.561504, 122.824
1329, 22.15833, 0.299929, -28.7892, 32.9094, -146.21, 33.7688, 33.1821, 0.00470009, 45.813, 0.546845, -56.6341, 0.561444, 122.824
1330, 22.16667, 0.300088, -28.801, 32.892, -146.21, 33.7516, 33.1816, 0.004705, 45.8057, 0.546775, -56.6338, 0.561383, 122.823
1331, 22.17500, 0.300248, -28.8129, 32.8746, -146.21, 33.7345, 33.1812, 0.00470993, 45.7983, 0.546705, -56.6336, 0.561323, 122.823
1331, 22.18333, 0.300407, -28.8249, 32.8572, -146.209, 33.7173, 33.1807, 0.00471486, 45.7909, 0.546634, -56.6333, 0.561262, 122.822
1331, 22.19167, 0.300567, -28.837, 32.8398, -146.209, 33.7002, 33.1802, 0.00471981, 45.7834, 0.546564, -56.633, 0.561202, 122.822
1332, 22.20000, 0.300728, -28.8491, 32.8224, -146.209, 33.683, 33.1797, 0.00472476, 45.7759, 0.546494, -56.6327, 0.561142, 122.821
1333, 22.20833, 0.300888, -28.8613, 32.805, -146.209, 33.6659, 33.1792, 0.00472973, 45.7682, 0.546423, -56.6325, 0.561081, 122.821
1333, 22.21667, 0.301049, -28.8736, 32.7877, -146.209, 33.6488, 33.1788, 0.00473471, 45.7606, 0.546353, -56.6322, 0.561021, 122.82
1333, 22.22500, 0.301211, -28.886, 32.7703, -146.208, 33.6317, 33.1783, 0.0047397, 45.7528, 0.546283, -56.6319, 0.560961, 122.82
1334, 22.23333, 0.301372, -28.8985, 32.753, -146.208, 33.6146, 33.1778, 0.0047447, 45.7449, 0.546212, -56.6316, 0.5609, 122.819
1335, 22.24167, 0.301534, -28.9111, 32.7357, -146.208, 33.5975, 33.1773, 0.00474971, 45.737, 0.546142, -56.6313, 0.56084, 122.819
1335, 22.25000, 0.301697, -28.9237, 32.7184, -146.208, 33.5805, 33.1768, 0.00475473, 45.7291, 0.546071, -56.631, 0.56078, 122.818
1335, 22.25833, 0.301859, -28.9364, 32.7011, -146.207, 33.5634, 33.1764, 0.00475976, 45.721, 0.546001, -56.6307, 0.560719, 122.818
1336, 22.26667, 0.302023, -28.9492, 32.6838, -146.207, 33.5464, 33.1759, 0.0047648, 45.7129, 0.545931, -56.6304, 0.560659, 122.817
1337, 22.27500, 0.302186, -28.9621, 32.6665, -146.207, 33.5294, 33.1754, 0.00476985, 45.7047, 0.54586, -56.6301, 0.560598, 122.817
1337, 22.28333, 0.30235, -28.9751, 32.6493, -146.207, 33.5123, 33.175, 0.00477492, 45.6964, 0.54579, -56.6298, 0.560538, 122.816
1337, 22.29167, 0.302514, -28.9882, 32.632, -146.207, 33.4953, 33.1745, 0.00477999, 45.6881, 0.545719, -56.6295, 0.560478, 122.816
1338, 22.30000, 0.302678, -29.0013, 32.6148, -146.206, 33.4783, 33.174, 0.00478508, 45.6797, 0.545649, -56.6292, 0.560417, 122.815
1339, 22.30833, 0.302843, -29.0145, 32.5976, -146.206, 33.4614, 33.1736, 0.00479018, 45.6712, 0.545578, -56.6289, 0.560357, 122.815
1339, 22.31667, 0.303008, -29.0279, 32.5804, -146.206, 33.4444, 33.1731, 0.00479528, 45.6626, 0.545508, -56.6286, 0.560296, 122.814
1339, 22.32500, 0.303173, -29.0413, 32.5632, -146.206, 33.4275, 33.1726, 0.0048004, 45.654, 0.545437, -56.6282, 0.560236, 122.814
1340, 22.33333, 0.303339, -29.0548, 32.546, -146.205, 33.4105, 33.1722, 0.00480553, 45.6453, 0.545367, -56.6279, 0.560176, 122.813
1341, 22.34167, 0.303505, -29.0683, 32.5288, -146.205, 33.3936, 33.1717, 0.00481067, 45.6365, 0.545296, -56.6276, 0.560115, 122.813
1341, 22.35000, 0.303671, -29.082, 32.5116, -146.205, 33.3767, 33.1713, 0.00481582, 45.6276, 0.545226, -56.6273, 0.560055, 122.812
1341, 22.35833, 0.303838, -29.0958, 32.4945, -146.205, 33.3598, 33.1708, 0.00482098, 45.6187, 0.545155, -56.6269, 0.559994, 122.812
1342, 22.36667, 0.304005, -29.1096, 32.4773, -146.204, 33.3429, 33.1703, 0.00482616, 45.6097, 0.545084, -56.6266, 0.559934, 122.811
1343, 22.37500, 0.304172, -29.1235, 32.4602, -146.204, 33.326, 33.1699, 0.00483134, 45.6006, 0.545014, -56.6262, 0.559874, 122.811
1343, 22.38333, 0.30434, -29.1375, 32.4431, -146.204, 33.3091, 33.1694, 0.00483653, 45.5914, 0.544943, -56.6259, 0.559813, 122.81
1343, 22.39167, 0.304508, -29.1517, 32.426, -146.204, 33.2923, 33.169, 0.00484174, 45.5822, 0.544873, -56.6256, 0.559753, 122.81
1344, 22.40000, 0.304676, -29.1658, 32.4089, -146.203, 33.2755, 33.1685, 0.00484696, 45.5729, 0.544802, -56.6252, 0.559692, 122.809
1345, 22.40833, 0.304845, -29.1801, 32.3918, -146.203, 33.2586, 33.1681, 0.00485218, 45.5635, 0.544731, -56.6249, 0.559632, 122.809
1345, 22.41667, 0.305014, -29.1945, 32.3748, -146.203, 33.2418, 33.1676, 0.00485742, 45.554, 0.544661, -56.6245, 0.559571, 122.808
1345, 22.42500, 0.305184, -29.209, 32.3577, -146.202, 33.225, 33.1672, 0.00486267, 45.5445, 0.54459, -56.6241, 0.559511, 122.808
1346, 22.43333, 0.305353, -29.2235, 32.3407, -146.202, 33.2082, 33.1667, 0.00486793, 45.5348, 0.544519, -56.6238, 0.55945, 122.807
1347, 22.44167, 0.305523, -29.2382, 32.3236, -146.202, 33.1914, 33.1663, 0.0048732, 45.5251, 0.544448, -56.6234, 0.55939, 122.807
1347, 22.45000, 0.305694, -29.2529, 32.3066, -146.202, 33.1747, 33.1658, 0.00487849, 45.5153, 0.544378, -56.6231, 0.55933, 122.806
1348, 22.45833, 0.305864, -29.2677, 32.2896, -146.201, 33.1579, 33.1654, 0.00488378, 45.5055, 0.544307, -56.6227, 0.559269, 122.806
1348, 22.46667, 0.306035, -29.2826, 32.2726, -146.201, 33.1412, 33.165, 0.00488908, 45.4955, 0.544236, -56.6223, 0.559209, 122.805
1349, 22.47500, 0.306206, -29.2976, 32.2556, -146.201, 33.1244, 33.1645, 0.0048944, 45.4855, 0.544165, -56.6219, 0.559148, 122.805
1349, 22.48333, 0.306378, -29.3127, 32.2386, -146.2, 33.1077, 33.1641, 0.00489973, 45.4754, 0.544095, -56.6215, 0.559088, 122.804
1350, 22.49167, 0.30655, -29.3279, 32.2217, -146.2, 33.091, 33.1636, 0.00490507, 45.4652, 0.544024, -56.6212, 0.559027, 122.804
1350, 22.50000, 0.306722, -29.3432, 32.2047, -146.2, 33.0743, 33.1632, 0.00491041, 45.455, 0.543953, -56.6208, 0.558967, 122.803
1351, 22.50833, 0.306895, -29.3585, 32.1878, -146.199, 33.0576, 33.1628, 0.00491577, 45.4446, 0.543882, -56.6204, 0.558906, 122.803
1351, 22.51667, 0.307068, -29.374, 32.1709, -146.199, 33.0409, 33.1623, 0.00492115, 45.4342, 0.543811, -56.62, 0.558846, 122.802
1352, 22.52500, 0.307241, -29.3896, 32.1539, -146.199, 33.0243, 33.1619, 0.00492653, 45.4237, 0.54374, -56.6196, 0.558785, 122.802
1352, 22.53333, 0.307415, -29.4052, 32.137, -146.198, 33.0076, 33.1615, 0.00493192, 45.4131, 0.543669, -56.6192, 0.558724, 122.801
1353, 22.54167, 0.307589, -29.4209, 32.1201, -146.198, 32.991, 33.161, 0.00493733, 45.4025, 0.543599, -56.6188, 0.558664, 122.801
1353, 22.55000, 0.307763, -29.4368, 32.1033, -146.198, 32.9744, 33.1606, 0.00494274, 45.3917, 0.543528, -56.6184, 0.558603, 122.8
1354, 22.55833, 0.307937, -29.4527, 32.0864, -146.197, 32.9578, 33.1602, 0.00494817, 45.3809, 0.543457, -56.618, 0.558543, 122.8
1354, 22.56667, 0.308112, -29.4687, 32.0695, -146.197, 32.9412, 33.1598, 0.00495361, 45.37, 0.543386, -56.6176, 0.558482, 122.8
1355, 22.57500, 0.308287, -29.4848, 32.0527, -146.197, 32.9246, 33.1593, 0.00495906, 45.359, 0.543315, -56.6172, 0.558422, 122.799
1355, 22.58333, 0.308463, -29.501, 32.0359, -146.196, 32.908, 33.1589, 0.00496452, 45.3479, 0.543244, -56.6168, 0.558361, 122.799
1356, 22.59167, 0.308639, -29.5173, 32.019, -146.196, 32.8914, 33.1585, 0.00496999, 45.3367, 0.543173, -56.6163, 0.558301, 122.798
1356, 22.60000, 0.308815, -29.5337, 32.0022, -146.196, 32.8749, 33.1581, 0.00497548, 45.3255, 0.543102, -56.6159, 0.55824, 122.798
1357, 22.60833, 0.308991, -29.5502, 31.9854, -146.195, 32.8583, 33.1576, 0.00498097, 45.3142, 0.543031, -56.6155, 0.558179, 122.797
1357, 22.61667, 0.309168, -29.5668, 31.9686, -146.195, 32.8418, 33.1572, 0.00498648, 45.3027, 0.54296, -56.6151, 0.558119, 122.797
1358, 22.62500, 0.309345, -29.5835, 31.9518, -146.195, 32.8253, 33.1568, 0.004992, 45.2912, 0.542889, -56.6146, 0.558058, 122.796
1358, 22.63333, 0.309523, -29.6003, 31.9351, -146.194, 32.8088, 33.1564, 0.00499753, 45.2796, 0.542817, -56.6142, 0.557998, 122.796
1359, 22.64167, 0.3097, -29.6172, 31.9183, -146.194, 32.7923, 33.156, 0.00500307, 45.268, 0.542746, -56.6137, 0.557937, 122.795
1359, 22.65000, 0.309879, -29.6341, 31.9016, -146.194, 32.7758, 33.1556, 0.00500862, 45.2562, 0.542675, -56.6133, 0.557876, 122.795
1360, 22.65833, 0.310057, -29.6512, 31.8848, -146.193, 32.7593, 33.1552, 0.00501418, 45.2444, 0.542604, -56.6129, 0.557816, 122.794
1360, 22.66667, 0.310236, -29.6684, 31.8681, -146.193, 32.7428, 33.1547, 0.00501976, 45.2324, 0.542533, -56.6124, 0.557755, 122.794
1361, 22.67500, 0.310415, -29.6856, 31.8514, -146.193, 32.7264, 33.1543, 0.00502534, 45.2204, 0.542462, -56.612, 0.557695, 122.794
1361, 22.68333, 0.310594, -29.703, 31.8347, -146.192, 32.71, 33.1539, 0.00503094, 45.2083, 0.542391, -56.6115, 0.557634, 122.793
1362, 22.69167, 0.310774, -29.7204, 31.818, -146.192, 32.6935, 33.1535, 0.00503655, 45.1961, 0.542319, -56.611, 0.557573, 122.793
1362, 22.70000, 0.310954, -29.738, 31.8013, -146.191, 32.6771, 33.1531, 0.00504217, 45.1839, 0.542248, -56.6106, 0.557513, 122.792
1363, 22.70833, 0.311134, -29.7556, 31.7847, -146.191, 32.6607, 33.1527, 0.0050478, 45.1715, 0.542177, -56.6101, 0.557452, 122.792
1363, 22.71667, 0.311314, -29.7734, 31.768, -146.191, 32.6443, 33.1523, 0.00505344, 45.159, 0.542106, -56.6097, 0.557391, 122.791
1364, 22.72500, 0.311495, -29.7912, 31.7514, -146.19, 32.6279, 33.1519, 0.0050591, 45.1465, 0.542035, -56.6092, 0.557331, 122.791
1364, 22.73333, 0.311677, -29.8092, 31.7347, -146.19, 32.6116, 33.1515, 0.00506476, 45.1339, 0.541963, -56.6087, 0.55727, 122.79
1365, 22.74167, 0.311858, -29.8272, 31.7181, -146.189, 32.5952, 33.1511, 0.00507044, 45.1211, 0.541892, -56.6082, 0.557209, 122.79
1365, 22.75000, 0.31204, -29.8454, 31.7015, -146.189, 32.5789, 33.1507, 0.00507613, 45.1083, 0.541821, -56.6078, 0.557149, 122.789
1366, 22.75833, 0.312222, -29.8636, 31.6849, -146.189, 32.5625, 33.1503, 0.00508183, 45.0954, 0.541749, -56.6073, 0.557088, 122.789
1366, 22.76667, 0.312404, -29.882, 31.6683, -146.188, 32.5462, 33.1499, 0.00508754, 45.0824, 0.541678, -56.6068, 0.557027, 122.789
1367, 22.77500, 0.312587, -29.9004, 31.6517, -146.188, 32.5299, 33.1495, 0.00509326, 45.0694, 0.541607, -56.6063, 0.556966, 122.788
1367, 22.78333, 0.31277, -29.9189, 31.6352, -146.187, 32.5136, 33.1491, 0.005099, 45.0562, 0.541535, -56.6058, 0.556906, 122.788
1368, 22.79167, 0.312954, -29.9376, 31.6186, -146.187, 32.4973, 33.1487, 0.00510474, 45.0429, 0.541464, -56.6053, 0.556845, 122.787
1368, 22.80000, 0.313137, -29.9563, 31.6021, -146.187, 32.481, 33.1483, 0.0051105, 45.0296, 0.541392, -56.6048, 0.556784, 122.787
1369, 22.80833, 0.313321, -29.9752, 31.5855, -146.186, 32.4648, 33.1479, 0.00511627, 45.0161, 0.541321, -56.6043, 0.556723, 122.786
1369, 22.81667, 0.313506, -29.9941, 31.569, -146.186, 32.4485, 33.1475, 0.00512205, 45.0026, 0.541249, -56.6038, 0.556663, 122.786
1370, 22.82500, 0.31369, -30.0132, 31.5525, -146.185, 32.4323, 33.1472, 0.00512784, 44.989, 0.541178, -56.6033, 0.556602, 122.785
1370, 22.83333, 0.313875, -30.0323, 31.536, -146.185, 32.416, 33.1468, 0.00513365, 44.9752, 0.541106, -56.6028, 0.556541, 122.785
1371, 22.84167, 0.31406, -30.0516, 31.5195, -146.184, 32.3998, 33.1464, 0.00513946, 44.9614, 0.541035, -56.6023, 0.55648, 122.785
1371, 22.85000, 0.314246, -30.0709, 31.503, -146.184, 32.3836, 33.146, 0.00514529, 44.9475, 0.540963, -56.6017, 0.55642, 122.784
1372, 22.85833, 0.314432, -30.0904, 31.4866, -146.183, 32.3674, 33.1456, 0.00515113, 44.9335, 0.540892, -56.6012, 0.556359, 122.784
1372, 22.86667, 0.314618, -30.11, 31.4701, -146.183, 32.3512, 33.1452, 0.00515698, 44.9194, 0.54082, -56.6007, 0.556298, 122.783
1373, 22.87500, 0.314804, -30.1296, 31.4537, -146.183, 32.335, 33.1449, 0.00516284, 44.9053, 0.540749, -56.6002, 0.556237, 122.783
1373, 22.88333, 0.314991, -30.1494, 31.4372, -146.182, 32.3189, 33.1445, 0.00516871, 44.891, 0.540677, -56.5996, 0.556176, 122.782
1374, 22.89167, 0.315178, -30.1693, 31.4208, -146.182, 32.3027, 33.1441, 0.0051746, 44.8766, 0.540605, -56.5991, 0.556115, 122.782
1374, 22.90000, 0.315365, -30.1893, 31.4044, -146.181, 32.2866, 33.1437, 0.0051805, 44.8621, 0.540534, -56.5986, 0.556055, 122.782
1375, 22.90833, 0.315553, -30.2093, 31.388, -146.181, 32.2704, 33.1433, 0.00518641, 44.8476, 0.540462, -56.598, 0.555994, 122.781
1375, 22.91667, 0.315741, -30.2295, 31.3716, -146.18, 32.2543, 33.143, 0.00519233, 44.8329, 0.540391, -56.5975, 0.555933, 122.781
1376, 22.92500, 0.315929, -30.2498, 31.3552, -146.18, 32.2382, 33.1426, 0.00519826, 44.8181, 0.540319, -56.5969, 0.555872, 122.78
1376, 22.93333, 0.316118, -30.2702, 31.3389, -146.179, 32.2221, 33.1422, 0.0052042, 44.8033, 0.540247, -56.5964, 0.555811, 122.78
1377, 22.94167, 0.316307, -30.2907, 31.3225, -146.179, 32.206, 33.1418, 0.00521016, 44.7883, 0.540175, -56.5958, 0.55575, 122.78
1377, 22.95000, 0.316496, -30.3113, 31.3061, -146.178, 32.1899, 33.1415, 0.00521612, 44.7733, 0.540104, -56.5953, 0.555689, 122.779
1378, 22.95833, 0.316685, -30.332, 31.2898, -146.178, 32.1739, 33.1411, 0.0052221, 44.7582, 0.540032, -56.5947, 0.555628, 122.779
1378, 22.96667, 0.316875, -30.3528, 31.2735, -146.177, 32.1578, 33.1407, 0.00522809, 44.7429, 0.53996, -56.5941, 0.555568, 122.778
1379, 22.97500, 0.317065, -30.3738, 31.2572, -146.177, 32.1418, 33.1404, 0.0052341, 44.7276, 0.539888, -56.5936, 0.555507, 122.778
1379, 22.98333, 0.317255, -30.3948, 31.2409, -146.176, 32.1257, 33.14, 0.00524011, 44.7122, 0.539816, -56.593, 0.555446, 122.777
1380, 22.99167, 0.317446, -30.4159, 31.2246, -146.176, 32.1097, 33.1396, 0.00524613, 44.6966, 0.539745, -56.5924, 0.555385, 122.777
1380, 23.00000, 0.317637, -30.4372, 31.2083, -146.175, 32.0937, 33.1393, 0.00525217, 44.681, 0.539673, -56.5919, 0.555324, 122.777
1381, 23.00833, 0.317828, -30.4585, 31.192, -146.175, 32.0777, 33.1389, 0.00525822, 44.6653, 0.539601, -56.5913, 0.555263, 122.776
1381, 23.01667, 0.318019, -30.48, 31.1757, -146.174, 32.0617, 33.1386, 0.00526428, 44.6494, 0.539529, -56.5907, 0.555202, 122.776
1382, 23.02500, 0.318211, -30.5016, 31.1595, -146.174, 32.0457, 33.1382, 0.00527036, 44.6335, 0.539457, -56.5901, 0.555141, 122.775
1382, 23.03333, 0.318403, -30.5232, 31.1432, -146.173, 32.0298, 33.1378, 0.00527644, 44.6175, 0.539385, -56.5895, 0.55508, 122.775
1383, 23.04167, 0.318596, -30.545, 31.127, -146.173, 32.0138, 33.1375, 0.00528254, 44.6014, 0.539313, -56.5889, 0.555019, 122.775
1383, 23.05000, 0.318788, -30.5669, 31.1108, -146.172, 31.9979, 33.1371, 0.00528864, 44.5851, 0.539241, -56.5883, 0.554958, 122.774
1384, 23.05833, 0.318981, -30.5889, 31.0946, -146.172, 31.9819, 33.1368, 0.00529476, 44.5688, 0.539169, -56.5877, 0.554897, 122.774
1384, 23.06667, 0.319175, -30.611, 31.0784, -146.171, 31.966, 33.1364, 0.0053009, 44.5524, 0.539097, -56.5871, 0.554836, 122.773
1385, 23.07500, 0.319368, -30.6333, 31.0622, -146.171, 31.9501, 33.1361, 0.00530704, 44.5359, 0.539025, -56.5865, 0.554775, 122.773
1385, 23.08333, 0.319562, -30.6556, 31.046, -146.17, 31.9342, 33.1357, 0.0053132, 44.5192, 0.538953, -56.5859, 0.554714, 122.773
1386, 23.09167, 0.319756, -30.678, 31.0298, -146.17, 31.9183, 33.1354, 0.00531936, 44.5025, 0.538881, -56.5853, 0.554653, 122.772
1386, 23.10000, 0.31995, -30.7006, 31.0137, -146.169, 31.9024, 33.135, 0.00532554, 44.4857, 0.538809, -56.5847, 0.554592, 122.772
1387, 23.10833, 0.320145, -30.7233, 30.9975, -146.169, 31.8865, 33.1347, 0.00533173, 44.4687, 0.538737, -56.5841, 0.55453, 122.771
1387, 23.11667, 0.32034, -30.746, 30.9814, -146.168, 31.8707, 33.1343, 0.00533794, 44.4517, 0.538664, -56.5834, 0.554469, 122.771
1388, 23.12500, 0.320535, -30.7689, 30.9653, -146.168, 31.8548, 33.134, 0.00534415, 44.4346, 0.538592, -56.5828, 0.554408, 122.771
1388, 23.13333, 0.320731, -30.7919, 30.9491, -146.167, 31.839, 33.1336, 0.00535038, 44.4173, 0.53852, -56.5822, 0.554347, 122.77
1389, 23.14167, 0.320927, -30.815, 30.933, -146.166, 31.8232, 33.1333, 0.00535662, 44.4, 0.538448, -56.5815, 0.554286, 122.77
1389, 23.15000, 0.321123, -30.8382, 30.9169, -146.166, 31.8073, 33.1329, 0.00536287, 44.3825, 0.538376, -56.5809, 0.554225, 122.769
1390, 23.15833, 0.321319, -30.8616, 30.9009, -146.165, 31.7915, 33.1326, 0.00536913, 44.365, 0.538303, -56.5803, 0.554164, 122.769
1390, 23.16667, 0.321516, -30.885, 30.8848, -146.165, 31.7757, 33.1323, 0.0053754, 44.3473, 0.538231, -56.5796, 0.554102, 122.769
1391, 23.17500, 0.321712, -30.9086, 30.8687, -146.164, 31.76, 33.1319, 0.00538169, 44.3296, 0.538159, -56.579, 0.554041, 122.768
1391, 23.18333, 0.32191, -30.9322, 30.8527, -146.164, 31.7442, 33.1316, 0.00538799, 44.3117, 0.538087, -56.5783, 0.55398, 122.768
1392, 23.19167, 0.322107, -30.956, 30.8366, -146.163, 31.7284, 33.1313, 0.0053943, 44.2937, 0.538014, -56.5777, 0.553919, 122.767
1392, 23.20000, 0.322305, -30.9799, 30.8206, -146.162, 31.7127, 33.1309, 0.00540062, 44.2757, 0.537942, -56.577, 0.553858, 122.767
1393, 23.20833, 0.322503, -31.0039, 30.8046, -146.162, 31.6969, 33.1306, 0.00540695, 44.2575, 0.53787, -56.5764, 0.553797, 122.767
1393, 23.21667, 0.322701, -31.028, 30.7885, -146.161, 31.6812, 33.1303, 0.0054133, 44.2392, 0.537797, -56.5757, 0.553735, 122.766
1394, 23.22500, 0.3229, -31.0523, 30.7725, -146.161, 31.6655, 33.1299, 0.00541966, 44.2208, 0.537725, -56.575, 0.553674, 122.766
1394, 23.23333, 0.323099, -31.0766, 30.7565, -146.16, 31.6498, 33.1296, 0.00542603, 44.2023, 0.537652, -56.5744, 0.553613, 122.765
1395, 23.24167, 0.323298, -31.1011, 30.7406, -146.16, 31.6341, 33.1293, 0.00543241, 44.1837, 0.53758, -56.5737, 0.553551, 122.765
1395, 23.25000, 0.323497, -31.1257, 30.7246, -146.159, 31.6184, 33.1289, 0.0054388, 44.165, 0.537507, -56.573, 0.55349, 122.765
1396, 23.25833, 0.323697, -31.1504, 30.7086, -146.158, 31.6027, 33.1286, 0.00544521, 44.1462, 0.537435, -56.5723, 0.553429, 122.764
1396, 23.26667, 0.323897, -31.1752, 30.6927, -146.158, 31.587, 33.1283, 0.00545163, 44.1272, 0.537362, -56.5716, 0.553368, 122.764
1397, 23.27500, 0.324097, -31.2001, 30.6767, -146.157, 31.5714, 33.128, 0.00545806, 44.1082, 0.53729, -56.571, 0.553306, 122.764
1397, 23.28333, 0.324297, -31.2251, 30.6608, -146.156, 31.5557, 33.1276, 0.0054645, 44.0891, 0.537217, -56.5703, 0.553245, 122.763
1398, 23.29167, 0.324498, -31.2503, 30.6449, -146.156, 31.5401, 33.1273, 0.00547095, 44.0698, 0.537145, -56.5696, 0.553184, 122.763
1398, 23.30000, 0.324699, -31.2756, 30.629, -146.155, 31.5245, 33.127, 0.00547742, 44.0504, 0.537072, -56.5689, 0.553122, 122.762
1399, 23.30833, 0.324901, -31.301, 30.6131, -146.155, 31.5088, 33.1267, 0.0054839, 44.031, 0.536999, -56.5682, 0.553061, 122.762
1399, 23.31667, 0.325102, -31.3265, 30.5972, -146.154, 31.4932, 33.1264, 0.00549039, 44.0114, 0.536927, -56.5675, 0.553, 122.762
1400, 23.32500, 0.325304, -31.3521, 30.5813, -146.153, 31.4776, 33.126, 0.00549689, 43.9917, 0.536854, -56.5668, 0.552938, 122.761
1400, 23.33333, 0.325506, -31.3779, 30.5654, -146.153, 31.462, 33.1257, 0.0055034, 43.9719, 0.536781, -56.566, 0.552877, 122.761
1401, 23.34167, 0.325708, -31.4037, 30.5495, -146.152, 31.4465, 33.1254, 0.00550993, 43.952, 0.536709, -56.5653, 0.552815, 122.761
1401, 23.35000, 0.325911, -31.4297, 30.5337, -146.151, 31.4309, 33.1251, 0.00551646, 43.932, 0.536636, -56.5646, 0.552754, 122.76
1402, 23.35833, 0.326114, -31.4558, 30.5179, -146.151, 31.4153, 33.1248, 0.00552301, 43.9118, 0.536563, -56.5639, 0.552693, 122.76
1402, 23.36667, 0.326317, -31.482, 30.502, -146.15, 31.3998, 33.1245, 0.00552958, 43.8916, 0.53649, -56.5632, 0.552631, 122.759
1403, 23.37500, 0.32652, -31.5084, 30.4862, -146.15, 31.3843, 33.1242, 0.00553615, 43.8713, 0.536417, -56.5624, 0.55257, 122.759
1403, 23.38333, 0.326724, -31.5348, 30.4704, -146.149, 31.3687, 33.1238, 0.00554274, 43.8508, 0.536345, -56.5617, 0.552508, 122.759
1404, 23.39167, 0.326928, -31.5614, 30.4546, -146.148, 31.3532, 33.1235, 0.00554934, 43.8302, 0.536272, -56.561, 0.552447, 122.758
1404, 23.40000, 0.327132, -31.5881, 30.4388, -146.148, 31.3377, 33.1232, 0.00555595, 43.8095, 0.536199, -56.5602, 0.552385, 122.758
1405, 23.40833, 0.327336, -31.6149, 30.423, -146.147, 31.3222, 33.1229, 0.00556257, 43.7887, 0.536126, -56.5595, 0.552324, 122.758
1405, 23.41667, 0.327541, -31.6418, 30.4072, -146.146, 31.3067, 33.1226, 0.0055692, 43.7678, 0.536053, -56.5587, 0.552262, 122.757
1406, 23.42500, 0.327746, -31.6689, 30.3915, -146.146, 31.2913, 33.1223, 0.00557585, 43.7468, 0.53598, -56.558, 0.552201, 122.757
1406, 23.43333, 0.327951, -31.6961, 30.3757, -146.145, 31.2758, 33.122, 0.00558251, 43.7256, 0.535907, -56.5572, 0.552139, 122.756
1407, 23.44167, 0.328157, -31.7234, 30.36, -146.144, 31.2604, 33.1217, 0.00558918, 43.7044, 0.535834, -56.5565, 0.552077, 122.756
1407, 23.45000, 0.328362, -31.7508, 30.3442, -146.144, 31.2449, 33.1214, 0.00559586, 43.683, 0.535761, -56.5557, 0.552016, 122.756
1408, 23.45833, 0.328568, -31.7783, 30.3285, -146.143, 31.2295, 33.1211, 0.00560255, 43.6615, 0.535688, -56.555, 0.551954, 122.755
1408, 23.46667, 0.328774, -31.806, 30.3128, -146.142, 31.2141, 33.1208, 0.00560926, 43.6399, 0.535615, -56.5542, 0.551893, 122.755
1409, 23.47500, 0.328981, -31.8338, 30.2971, -146.141, 31.1986, 33.1205, 0.00561598, 43.6182, 0.535542, -56.5534, 0.551831, 122.755
1409, 23.48333, 0.329187, -31.8617, 30.2814, -146.141, 31.1832, 33.1202, 0.00562271, 43.5964, 0.535469, -56.5526, 0.551769, 122.754
1410, 23.49167, 0.329394, -31.8897, 30.2657, -146.14, 31.1678, 33.1199, 0.00562945, 43.5745, 0.535396, -56.5519, 0.551708, 122.754
1410, 23.50000, 0.329601, -31.9178, 30.25, -146.139, 31.1525, 33.1196, 0.00563621, 43.5524, 0.535323, -56.5511, 0.551646, 122.754
1411, 23.50833, 0.329809, -31.9461, 30.2344, -146.139, 31.1371, 33.1193, 0.00564298, 43.5302, 0.535249, -56.5503, 0.551584, 122.753
1411, 23.51667, 0.330016, -31.9745, 30.2187, -146.138, 31.1217, 33.119, 0.00564976, 43.5079, 0.535176, -56.5495, 0.551523, 122.753
1412, 23.52500, 0.330224, -32.003, 30.2031, -146.137, 31.1064, 33.1188, 0.00565655, 43.4855, 0.535103, -56.5487, 0.551461, 122.753
1412, 23.53333, 0.330432, -32.0317, 30.1874, -146.137, 31.091, 33.1185, 0.00566335, 43.463, 0.53503, -56.5479, 0.551399, 122.752
1413, 23.54167, 0.330641, -32.0604, 30.1718, -146.136, 31.0757, 33.1182, 0.00567017, 43.4404, 0.534956, -56.5471, 0.551338, 122.752
1413, 23.55000, 0.330849, -32.0893, 30.1562, -146.135, 31.0604, 33.1179, 0.00567699, 43.4176, 0.534883, -56.5463, 0.551276, 122.752
1414, 23.55833, 0.331058, -32.1184, 30.1406, -146.134, 31.0451, 33.1176, 0.00568383, 43.3948, 0.53481, -56.5455, 0.551214, 122.751
1414, 23.56667, 0.331267, -32.1475, 30.125, -146.134, 31.0298, 33.1173, 0.00569069, 43.3718, 0.534736, -56.5447, 0.551152, 122.751
1415, 23.57500, 0.331477, -32.1768, 30.1094, -146.133, 31.0145, 33.117, 0.00569755, 43.3486, 0.534663, -56.5439, 0.55109, 122.75
1415, 23.58333, 0.331686, -32.2062, 30.0938, -146.132, 30.9992, 33.1168, 0.00570443, 43.3254, 0.53459, -56.5431, 0.551029, 122.75
1416, 23.59167, 0.331896, -32.2357, 30.0783, -146.131, 30.9839, 33.1165, 0.00571131, 43.3021, 0.534516, -56.5423, 0.550967, 122.75
1416, 23.60000, 0.332106, -32.2653, 30.0627, -146.131, 30.9687, 33.1162, 0.00571821, 43.2786, 0.534443, -56.5414, 0.550905, 122.749
1417, 23.60833, 0.332316, -32.2951, 30.0471, -146.13, 30.9534, 33.1159, 0.00572513, 43.255, 0.534369, -56.5406, 0.550843, 122.749
1417, 23.61667, 0.332527, -32.325, 30.0316, -146.129, 30.9382, 33.1156, 0.00573205, 43.2313, 0.534296, -56.5398, 0.550781, 122.749
1418, 23.62500, 0.332738, -32.355, 30.0161, -146.128, 30.9229, 33.1154, 0.00573899, 43.2075, 0.534222, -56.5389, 0.550719, 122.748
1418, 23.63333, 0.332948, -32.3852, 30.0006, -146.128, 30.9077, 33.1151, 0.00574594, 43.1835, 0.534149, -56.5381, 0.550657, 122.748
1419, 23.64167, 0.33316, -32.4154, 29.985, -146.127, 30.8925, 33.1148, 0.0057529, 43.1595, 0.534075, -56.5373, 0.550596, 122.748
1419, 23.65000, 0.333371, -32.4458, 29.9695, -146.126, 30.8773, 33.1145, 0.00575987, 43.1353, 0.534002, -56.5364, 0.550534, 122.747
1420, 23.65833, 0.333583, -32.4764, 29.9541, -146.125, 30.8621, 33.1143, 0.00576686, 43.111, 0.533928, -56.5356, 0.550472, 122.747
1420, 23.66667, 0.333795, -32.507, 29.9386, -146.125, 30.8469, 33.114, 0.00577385, 43.0866, 0.533854, -56.5347, 0.55041, 122.747
1421, 23.67500, 0.334007, -32.5378, 29.9231, -146.124, 30.8317, 33.1137, 0.00578086, 43.062, 0.533781, -56.5339, 0.550348, 122.746
1421, 23.68333, 0.334219, -32.5687, 29.9076, -146.123, 30.8166, 33.1135, 0.00578788, 43.0373, 0.533707, -56.533, 0.550286, 122.746
1422, 23.69167, 0.334431, -32.5998, 29.8922, -146.122, 30.8014, 33.1132, 0.00579492, 43.0126, 0.533633, -56.5321, 0.550224, 122.746
1422, 23.70000, 0.334644, -32.631, 29.8767, -146.122, 30.7863, 33.1129, 0.00580196, 42.9876, 0.53356, -56.5313, 0.550162, 122.745
1423, 23.70833, 0.334857, -32.6623, 29.8613, -146.121, 30.7711, 33.1127, 0.00580902, 42.9626, 0.533486, -56.5304, 0.5501, 122.745
1423, 23.71667, 0.33507, -32.6937, 29.8459, -146.12, 30.756, 33.1124, 0.00581609, 42.9374, 0.533412, -56.5295, 0.550038, 122.745
1424, 23.72500, 0.335284, -32.7253, 29.8304, -146.119, 30.7409, 33.1121, 0.00582317, 42.9122, 0.533338, -56.5287, 0.549976, 122.744
1424, 23.73333, 0.335497, -32.757, 29.815, -146.118, 30.7258, 33.1119, 0.00583027, 42.8867, 0.533264, -56.5278, 0.549914, 122.744
1425, 23.74167, 0.335711, -32.7888, 29.7996, -146.118, 30.7107, 33.1116, 0.00583737, 42.8612, 0.533191, -56.5269, 0.549851, 122.744
1425, 23.75000, 0.335925, -32.8207, 29.7843, -146.117, 30.6956, 33.1113, 0.00584449, 42.8356, 0.533117, -56.526, 0.549789, 122.743
1426, 23.75833, 0.336139, -32.8528, 29.7689, -146.116, 30.6805, 33.1111, 0.00585162, 42.8098, 0.533043, -56.5251, 0.549727, 122.743
1426, 23.76667, 0.336354, -32.8851, 29.7535, -146.115, 30.6654, 33.1108, 0.00585876, 42.7839, 0.532969, -56.5242, 0.549665, 122.743
1427, 23.77500, 0.336568, -32.9174, 29.7381, -146.114, 30.6504, 33.1106, 0.00586592, 42.7579, 0.532895, -56.5233, 0.549603, 122.743
1427, 23.78333, 0.336783, -32.9499, 29.7228, -146.113, 30.6353, 33.1103, 0.00587309, 42.7317, 0.532821, -56.5224, 0.549541, 122.742
1428, 23.79167, 0.336998, -32.9825, 29.7074, -146.113, 30.6203, 33.1101, 0.00588027, 42.7054, 0.532747, -56.5215, 0.549478, 122.742
1428, 23.80000, 0.337214, -33.0152, 29.6921, -146.112, 30.6053, 33.1098, 0.00588746, 42.679, 0.532673, -56.5206, 0.549416, 122.742
1429, 23.80833, 0.337429, -33.0481, 29.6768, -146.111, 30.5902, 33.1096, 0.00589466, 42.6525, 0.532599, -56.5197, 0.549354, 122.741
1429, 23.81667, 0.337645, -33.0811, 29.6615, -146.11, 30.5752, 33.1093, 0.00590187, 42.6258, 0.532525, -56.5188, 0.549292, 122.741
1430, 23.82500, 0.337861, -33.1143, 29.6462, -146.109, 30.5602, 33.1091, 0.0059091, 42.599, 0.53245, -56.5178, 0.54923, 122.741
1430, 23.83333, 0.338077, -33.1475, 29.6309, -146.109, 30.5452, 33.1088, 0.00591634, 42.5721, 0.532376, -56.5169, 0.549167, 122.74
1431, 23.84167, 0.338293, -33.181, 29.6156, -146.108, 30.5302, 33.1086, 0.00592359, 42.5451, 0.532302, -56.516, 0.549105, 122.74
1431, 23.85000, 0.338509, -33.2145, 29.6003, -146.107, 30.5153, 33.1083, 0.00593085, 42.5179, 0.532228, -56.5151, 0.549043, 122.74
1432, 23.85833, 0.338726, -33.2482, 29.585, -146.106, 30.5003, 33.1081, 0.00593813, 42.4907, 0.532154, -56.5141, 0.54898, 122.739
1432, 23.86667, 0.338943, -33.282, 29.5698, -146.105, 30.4853, 33.1078, 0.00594542, 42.4632, 0.532079, -56.5132, 0.548918, 122.739
1433, 23.87500, 0.33916, -33.3159, 29.5545, -146.104, 30.4704, 33.1076, 0.00595272, 42.4357, 0.532005, -56.5122, 0.548856, 122.739
1433, 23.88333, 0.339377, -33.35, 29.5393, -146.103, 30.4555, 33.1073, 0.00596003, 42.408, 0.531931, -56.5113, 0.548793, 122.738
1434, 23.89167, 0.339595, -33.3842, 29.524, -146.103, 30.4405, 33.1071, 0.00596735, 42.3802, 0.531857, -56.5103, 0.548731, 122.738
1434, 23.90000, 0.339812, -33.4186, 29.5088, -146.102, 30.4256, 33.1069, 0.00597469, 42.3523, 0.531782, -56.5094, 0.548668, 122.738
1435, 23.90833, 0.34003, -33.4531, 29.4936, -146.101, 30.4107, 33.1066, 0.00598203, 42.3242, 0.531708, -56.5084, 0.548606, 122.737
1435, 23.91667, 0.340248, -33.4877, 29.4784, -146.1, 30.3958, 33.1064, 0.00598939, 42.296, 0.531633, -56.5075, 0.548543, 122.737
1436, 23.92500, 0.340466, -33.5224, 29.4632, -146.099, 30.3809, 33.1061, 0.00599676, 42.2677, 0.531559, -56.5065, 0.548481, 122.737
1436, 23.93333, 0.340685, -33.5573, 29.448, -146.098, 30.366, 33.1059, 0.00600415, 42.2393, 0.531484, -56.5055, 0.548418, 122.737
1437, 23.94167, 0.340903, -33.5924, 29.4328, -146.097, 30.3512, 33.1057, 0.00601154, 42.2107, 0.53141, -56.5045, 0.548356, 122.736
1437, 23.95000, 0.341122, -33.6275, 29.4177, -146.096, 30.3363, 33.1054, 0.00601895, 42.182, 0.531335, -56.5036, 0.548293, 122.736
1438, 23.95833, 0.341341, -33.6628, 29.4025, -146.095, 30.3215, 33.1052, 0.00602637, 42.1531, 0.531261, -56.5026, 0.548231, 122.736
1438, 23.96667, 0.34156, -33.6983, 29.3874, -146.095, 30.3066, 33.105, 0.0060338, 42.1242, 0.531186, -56.5016, 0.548168, 122.735
1438, 23.97500, 0.341779, -33.7338, 29.3722, -146.094, 30.2918, 33.1047, 0.00604125, 42.0951, 0.531112, -56.5006, 0.548106, 122.735
1439, 23.98333, 0.341999, -33.7696, 29.3571, -146.093, 30.277, 33.1045, 0.0060487, 42.0658, 0.531037, -56.4996, 0.548043, 122.735
1440, 23.99167, 0.342218, -33.8054, 29.342, -146.092, 30.2621, 33.1043, 0.00605617, 42.0365, 0.530962, -56.4986, 0.547981, 122.734
1440, 24.00000, 0.342438, -33.8414, 29.3268, -146.091, 30.2473, 33.1041, 0.00606365, 42.007, 0.530888, -56.4976, 0.547918, 122.734
1440, 24.00833, 0.342658, -33.8775, 29.3117, -146.09, 30.2325, 33.1038, 0.00607114, 41.9773, 0.530813, -56.4966, 0.547855, 122.734
1441, 24.01667, 0.342878, -33.9138, 29.2966, -146.089, 30.2177, 33.1036, 0.00607864, 41.9476, 0.530738, -56.4956, 0.547793, 122.734
1442, 24.02500, 0.343099, -33.9502, 29.2816, -146.088, 30.203, 33.1034, 0.00608616, 41.9177, 0.530664, -56.4946, 0.54773, 122.733
1442, 24.03333, 0.343319, -33.9868, 29.2665, -146.087, 30.1882, 33.1032, 0.00609368, 41.8876, 0.530589, -56.4936, 0.547667, 122.733
1443, 24.04167, 0.34354, -34.0235, 29.2514, -146.086, 30.1734, 33.103, 0.00610122, 41.8575, 0.530514, -56.4926, 0.547604, 122.733
1443, 24.05000, 0.343761, -34.0603, 29.2363, -146.085, 30.1587, 33.1027, 0.00610877, 41.8272, 0.530439, -56.4915, 0.547542, 122.732
1444, 24.05833, 0.343982, -34.0973, 29.2213, -146.084, 30.1439, 33.1025, 0.00611634, 41.7968, 0.530364, -56.4905, 0.547479, 122.732
1444, 24.06667, 0.344203, -34.1344, 29.2062, -146.083, 30.1292, 33.1023, 0.00612391, 41.7662, 0.530289, -56.4895, 0.547416, 122.732
1445, 24.07500, 0.344424, -34.1716, 29.1912, -146.082, 30.1145, 33.1021, 0.0061315, 41.7355, 0.530214, -56.4884, 0.547353, 122.732
1445, 24.08333, 0.344645, -34.209, 29.1762, -146.082, 30.0998, 33.1019, 0.0061391, 41.7047, 0.530139, -56.4874, 0.547291, 122.731
1446, 24.09167, 0.344867, -34.2465, 29.1612, -146.081, 30.0851, 33.1016, 0.00614671, 41.6737, 0.530064, -56.4864, 0.547228, 122.731
1446, 24.10000, 0.345089, -34.2842, 29.1461, -146.08, 30.0704, 33.1014, 0.00615433, 41.6426, 0.529989, -56.4853, 0.547165, 122.731
1447, 24.10833, 0.345311, -34.322, 29.1311, -146.079, 30.0557, 33.1012, 0.00616196, 41.6114, 0.529914, -56.4843, 0.547102, 122.73
1447, 24.11667, 0.345533, -34.36, 29.1162, -146.078, 30.041, 33.101, 0.00616961, 41.58, 0.529839, -56.4832, 0.547039, 122.73
1448, 24.12500, 0.345755, -34.3981, 29.1012, -146.077, 30.0263, 33.1008, 0.00617727, 41.5485, 0.529764, -56.4822, 0.546976, 122.73
1448, 24.13333, 0.345977, -34.4363, 29.0862, -146.076, 30.0117, 33.1006, 0.00618494, 41.5168, 0.529689, -56.4811, 0.546913, 122.73
1449, 24.14167, 0.3462, -34.4747, 29.0712, -146.075, 29.997, 33.1004, 0.00619262, 41.4851, 0.529614, -56.48, 0.54685, 122.729
1449, 24.15000, 0.346423, -34.5132, 29.0563, -146.074, 29.9824, 33.1002, 0.00620031, 41.4532, 0.529539, -56.479, 0.546787, 122.729
1450, 24.15833, 0.346645, -34.5519, 29.0413, -146.073, 29.9677, 33.1, 0.00620801, 41.4211, 0.529463, -56.4779, 0.546724, 122.729
1450, 24.16667, 0.346868, -34.5907, 29.0264, -146.072, 29.9531, 33.0998, 0.00621573, 41.3889, 0.529388, -56.4768, 0.546661, 122.728
1451, 24.17500, 0.347091, -34.6297, 29.0115, -146.071, 29.9385, 33.0996, 0.00622346, 41.3566, 0.529313, -56.4757, 0.546598, 122.728
1451, 24.18333, 0.347315, -34.6688, 28.9965, -146.07, 29.9239, 33.0994, 0.0062312, 41.3241, 0.529238, -56.4747, 0.546535, 122.728
1452, 24.19167, 0.347538, -34.708, 28.9816, -146.069, 29.9093, 33.0992, 0.00623895, 41.2915, 0.529162, -56.4736, 0.546472, 122.728
1452, 24.20000, 0.347761, -34.7474, 28.9667, -146.068, 29.8947, 33.099, 0.00624671, 41.2588, 0.529087, -56.4725, 0.546409, 122.727
1453, 24.20833, 0.347985, -34.7869, 28.9518, -146.067, 29.8801, 33.0988, 0.00625449, 41.2259, 0.529012, -56.4714, 0.546346, 122.727
1453, 24.21667, 0.348209, -34.8266, 28.9369, -146.066, 29.8655, 33.0986, 0.00626228, 41.1929, 0.528936, -56.4703, 0.546283, 122.727
1454, 24.22500, 0.348433, -34.8664, 28.922, -146.065, 29.851, 33.0984, 0.00627008, 41.1597, 0.528861, -56.4692, 0.546219, 122.727
1454, 24.23333, 0.348657, -34.9064, 28.9072, -146.064, 29.8364, 33.0982, 0.00627789, 41.1264, 0.528785, -56.4681, 0.546156, 122.726
1455, 24.24167, 0.348881, -34.9465, 28.8923, -146.063, 29.8219, 33.098, 0.00628571, 41.093, 0.52871, -56.4669, 0.546093, 122.726
1455, 24.25000, 0.349105, -34.9868, 28.8775, -146.062, 29.8073, 33.0978, 0.00629354, 41.0594, 0.528634, -56.4658, 0.54603, 122.726
1456, 24.25833, 0.34933, -35.0272, 28.8626, -146.061, 29.7928, 33.0976, 0.00630139, 41.0257, 0.528559, -56.4647, 0.545967, 122.725
1456, 24.26667, 0.349554, -35.0677, 28.8478, -146.06, 29.7783, 33.0974, 0.00630924, 40.9919, 0.528483, -56.4636, 0.545903, 122.725
1457, 24.27500, 0.349779, -35.1084, 28.833, -146.059, 29.7638, 33.0972, 0.00631711, 40.9579, 0.528407, -56.4625, 0.54584, 122.725
1457, 24.28333, 0.350004, -35.1493, 28.8181, -146.058, 29.7493, 33.097, 0.00632499, 40.9237, 0.528332, -56.4613, 0.545777, 122.725
1458, 24.29167, 0.350228, -35.1903, 28.8033, -146.056, 29.7348, 33.0968, 0.00633288, 40.8895, 0.528256, -56.4602, 0.545713, 122.724
1458, 24.30000, 0.350453, -35.2314, 28.7885, -146.055, 29.7203, 33.0966, 0.00634079, 40.855, 0.52818, -56.459, 0.54565, 122.724
1459, 24.30833, 0.350679, -35.2727, 28.7737, -146.054, 29.7058, 33.0965, 0.0063487, 40.8205, 0.528104, -56.4579, 0.545587, 122.724
1459, 24.31667, 0.350904, -35.3141, 28.7589, -146.053, 29.6914, 33.0963, 0.00635663, 40.7858, 0.528029, -56.4568, 0.545523, 122.724
1460, 24.32500, 0.351129, -35.3557, 28.7442, -146.052, 29.6769, 33.0961, 0.00636456, 40.7509, 0.527953, -56.4556, 0.54546, 122.723
1460, 24.33333, 0.351355, -35.3975, 28.7294, -146.051, 29.6625, 33.0959, 0.00637251, 40.716, 0.527877, -56.4545, 0.545396, 122.723
1461, 24.34167, 0.35158, -35.4393, 28.7146, -146.05, 29.648, 33.0957, 0.00638047, 40.6808, 0.527801, -56.4533, 0.545333, 122.723
1461, 24.35000, 0.351806, -35.4814, 28.6999, -146.049, 29.6336, 33.0956, 0.00638845, 40.6456, 0.527725, -56.4521, 0.54527, 122.723
1462, 24.35833, 0.352031, -35.5235, 28.6851, -146.048, 29.6192, 33.0954, 0.00639643, 40.6102, 0.527649, -56.451, 0.545206, 122.722
1462, 24.36667, 0.352257, -35.5659, 28.6704, -146.047, 29.6047, 33.0952, 0.00640442, 40.5746, 0.527573, -56.4498, 0.545142, 122.722
1463, 24.37500, 0.352483, -35.6084, 28.6557, -146.046, 29.5903, 33.095, 0.00641243, 40.5389, 0.527497, -56.4486, 0.545079, 122.722
1463, 24.38333, 0.352709, -35.651, 28.641, -146.045, 29.5759, 33.0948, 0.00642045, 40.5031, 0.527421, -56.4474, 0.545015, 122.722
1464, 24.39167, 0.352936, -35.6938, 28.6262, -146.044, 29.5616, 33.0947, 0.00642848, 40.4671, 0.527345, -56.4463, 0.544952, 122.721
1464, 24.40000, 0.353162, -35.7367, 28.6115, -146.042, 29.5472, 33.0945, 0.00643652, 40.431, 0.527269, -56.4451, 0.544888, 122.721
1465, 24.40833, 0.353388, -35.7798, 28.5968, -146.041, 29.5328, 33.0943, 0.00644457, 40.3947, 0.527193, -56.4439, 0.544825, 122.721
1465, 24.41667, 0.353615, -35.823, 28.5822, -146.04, 29.5184, 33.0942, 0.00645263, 40.3583, 0.527117, -56.4427, 0.544761, 122.721
1466, 24.42500, 0.353841, -35.8664, 28.5675, -146.039, 29.5041, 33.094, 0.00646071, 40.3217, 0.527041, -56.4415, 0.544697, 122.72
1466, 24.43333, 0.354068, -35.9099, 28.5528, -146.038, 29.4897, 33.0938, 0.00646879, 40.285, 0.526965, -56.4403, 0.544634, 122.72
1467, 24.44167, 0.354294, -35.9536, 28.5382, -146.037, 29.4754, 33.0936, 0.00647689, 40.2482, 0.526888, -56.4391, 0.54457, 122.72
1467, 24.45000, 0.354521, -35.9974, 28.5235, -146.036, 29.4611, 33.0935, 0.006485, 40.2112, 0.526812, -56.4379, 0.544506, 122.72
1468, 24.45833, 0.354748, -36.0414, 28.5089, -146.035, 29.4468, 33.0933, 0.00649312, 40.174, 0.526736, -56.4366, 0.544442, 122.719
1468, 24.46667, 0.354975, -36.0856, 28.4942, -146.034, 29.4324, 33.0932, 0.00650125, 40.1368, 0.526659, -56.4354, 0.544379, 122.719
1469, 24.47500, 0.355202, -36.1298, 28.4796, -146.032, 29.4181, 33.093, 0.00650939, 40.0993, 0.526583, -56.4342, 0.544315, 122.719
1469, 24.48333, 0.355429, -36.1743, 28.465, -146.031, 29.4038, 33.0928, 0.00651754, 40.0618, 0.526507, -56.433, 0.544251, 122.719
1470, 24.49167, 0.355656, -36.2189, 28.4504, -146.03, 29.3896, 33.0927, 0.00652571, 40.024, 0.52643, -56.4317, 0.544187, 122.718
1470, 24.50000, 0.355883, -36.2636, 28.4358, -146.029, 29.3753, 33.0925, 0.00653388, 39.9862, 0.526354, -56.4305, 0.544123, 122.718
1471, 24.50833, 0.356111, -36.3085, 28.4212, -146.028, 29.361, 33.0923, 0.00654207, 39.9482, 0.526277, -56.4293, 0.544059, 122.718
1471, 24.51667, 0.356338, -36.3536, 28.4066, -146.027, 29.3467, 33.0922, 0.00655027, 39.91, 0.526201, -56.428, 0.543995, 122.718
1472, 24.52500, 0.356565, -36.3988, 28.392, -146.026, 29.3325, 33.092, 0.00655847, 39.8717, 0.526124, -56.4268, 0.543931, 122.717
1472, 24.53333, 0.356793, -36.4442, 28.3774, -146.024, 29.3182, 33.0919, 0.00656669, 39.8332, 0.526048, -56.4255, 0.543867, 122.717
1473, 24.54167, 0.35702, -36.4897, 28.3629, -146.023, 29.304, 33.0917, 0.00657492, 39.7946, 0.525971, -56.4242, 0.543803, 122.717
1473, 24.55000, 0.357248, -36.5354, 28.3483, -146.022, 29.2898, 33.0916, 0.00658316, 39.7559, 0.525894, -56.423, 0.543739, 122.717
1474, 24.55833, 0.357476, -36.5812, 28.3338, -146.021, 29.2756, 33.0914, 0.00659142, 39.717, 0.525818, -56.4217, 0.543675, 122.716
1474, 24.56667, 0.357703, -36.6272, 28.3192, -146.02, 29.2613, 33.0913, 0.00659968, 39.6779, 0.525741, -56.4205, 0.543611, 122.716
1475, 24.57500, 0.357931, -36.6733, 28.3047, -146.018, 29.2471, 33.0911, 0.00660795, 39.6387, 0.525664, -56.4192, 0.543547, 122.716
1475, 24.58333, 0.358159, -36.7196, 28.2902, -146.017, 29.2329, 33.091, 0.00661624, 39.5994, 0.525588, -56.4179, 0.543483, 122.716
1476, 24.59167, 0.358387, -36.7661, 28.2757, -146.016, 29.2188, 33.0908, 0.00662454, 39.5599, 0.525511, -56.4166, 0.543419, 122.716
1476, 24.60000, 0.358615, -36.8127, 28.2612, -146.015, 29.2046, 33.0907, 0.00663284, 39.5202, 0.525434, -56.4153, 0.543355, 122.715
1477, 24.60833, 0.358843, -36.8594, 28.2467, -146.014, 29.1904, 33.0905, 0.00664116, 39.4805, 0.525357, -56.414, 0.54329, 122.715
1477, 24.61667, 0.359071, -36.9064, 28.2322, -146.012, 29.1762, 33.0904, 0.00664949, 39.4405, 0.52528, -56.4127, 0.543226, 122.715
1478, 24.62500, 0.359299, -36.9534, 28.2177, -146.011, 29.1621, 33.0902, 0.00665783, 39.4004, 0.525203, -56.4114, 0.543162, 122.715
1478, 24.63333, 0.359527, -37.0007, 28.2032, -146.01, 29.1479, 33.0901, 0.00666618, 39.3602, 0.525126, -56.4101, 0.543098, 122.714
1479, 24.64167, 0.359755, -37.0481, 28.1888, -146.009, 29.1338, 33.09, 0.00667454, 39.3198, 0.525049, -56.4088, 0.543034, 122.714
1479, 24.65000, 0.359983, -37.0956, 28.1743, -146.008, 29.1197, 33.0898, 0.00668291, 39.2792, 0.524972, -56.4075, 0.542969, 122.714
1480, 24.65833, 0.360211, -37.1433, 28.1598, -146.006, 29.1056, 33.0897, 0.00669129, 39.2385, 0.524895, -56.4062, 0.542905, 122.714
1480, 24.66667, 0.360439, -37.1912, 28.1454, -146.005, 29.0914, 33.0895, 0.00669969, 39.1977, 0.524818, -56.4049, 0.542841, 122.714
1481, 24.67500, 0.360668, -37.2392, 28.131, -146.004, 29.0773, 33.0894, 0.00670809, 39.1567, 0.524741, -56.4036, 0.542776, 122.713
1481, 24.68333, 0.360896, -37.2874, 28.1165, -146.003, 29.0632, 33.0893, 0.0067165, 39.1156, 0.524664, -56.4022, 0.542712, 122.713
1482, 24.69167, 0.361124, -37.3357, 28.1021, -146.001, 29.0492, 33.0891, 0.00672493, 39.0743, 0.524587, -56.4009, 0.542647, 122.713
1482, 24.70000, 0.361352, -37.3842, 28.0877, -146, 29.0351, 33.089, 0.00673336, 39.0328, 0.524509, -56.3996, 0.542583, 122.713
1483, 24.70833, 0.361581, -37.4329, 28.0733, -145.999, 29.021, 33.0889, 0.00674181, 38.9912, 0.524432, -56.3982, 0.542518, 122.712
1483, 24.71667, 0.361809, -37.4817, 28.0589, -145.998, 29.0069, 33.0887, 0.00675026, 38.9495, 0.524355, -56.3969, 0.542454, 122.712
1484, 24.72500, 0.362037, -37.5307, 28.0445, -145.996, 28.9929, 33.0886, 0.00675873, 38.9076, 0.524277, -56.3955, 0.542389, 122.712
1484, 24.73333, 0.362266, -37.5798, 28.0302, -145.995, 28.9788, 33.0885, 0.00676721, 38.8655, 0.5242, -56.3942, 0.542325, 122.712
1485, 24.74167, 0.362494, -37.6291, 28.0158, -145.994, 28.9648, 33.0884, 0.00677569, 38.8233, 0.524123, -56.3928, 0.54226, 122.712
1485, 24.75000, 0.362722, -37.6786, 28.0014, -145.993, 28.9508, 33.0882, 0.00678419, 38.7809, 0.524045, -56.3915, 0.542196, 122.711
1486, 24.75833, 0.362951, -37.7282, 27.9871, -145.991, 28.9367, 33.0881, 0.0067927, 38.7384, 0.523968, -56.3901, 0.542131, 122.711
1486, 24.76667, 0.363179, -37.778, 27.9727, -145.99, 28.9227, 33.088, 0.00680122, 38.6957, 0.52389, -56.3887, 0.542066, 122.711
1487, 24.77500, 0.363408, -37.8279, 27.9584, -145.989, 28.9087, 33.0879, 0.00680975, 38.6529, 0.523813, -56.3874, 0.542002, 122.711
1487, 24.78333, 0.363636, -37.878, 27.944, -145.988, 28.8947, 33.0877, 0.00681829, 38.6099, 0.523735, -56.386, 0.541937, 122.711
1488, 24.79167, 0.363864, -37.9283, 27.9297, -145.986, 28.8807, 33.0876, 0.00682684, 38.5668, 0.523658, -56.3846, 0.541872, 122.71
1488, 24.80000, 0.364093, -37.9787, 27.9154, -145.985, 28.8667, 33.0875, 0.00683539, 38.5235, 0.52358, -56.3832, 0.541807, 122.71
1489, 24.80833, 0.364321, -38.0293, 27.9011, -145.984, 28.8528, 33.0874, 0.00684396, 38.4801, 0.523502, -56.3818, 0.541743, 122.71
1489, 24.81667, 0.364549, -38.08, 27.8868, -145.982, 28.8388, 33.0873, 0.00685254, 38.4365, 0.523425, -56.3804, 0.541678, 122.71
1490, 24.82500, 0.364778, -38.1309, 27.8725, -145.981, 28.8248, 33.0872, 0.00686113, 38.3927, 0.523347, -56.379, 0.541613, 122.71
1490, 24.83333, 0.365006, -38.182, 27.8582, -145.98, 28.8109, 33.087, 0.00686973, 38.3489, 0.523269, -56.3776, 0.541548, 122.709
1491, 24.84167, 0.365234, -38.2332, 27.8439, -145.978, 28.7969, 33.0869, 0.00687834, 38.3048, 0.523191, -56.3762, 0.541483, 122.709
1491, 24.85000, 0.365463, -38.2846, 27.8297, -145.977, 28.783, 33.0868, 0.00688696, 38.2606, 0.523113, -56.3748, 0.541418, 122.709
1492, 24.85833, 0.365691, -38.3362, 27.8154, -145.976, 28.7691, 33.0867, 0.00689559, 38.2162, 0.523035, -56.3734, 0.541353, 122.709
1492, 24.86667, 0.365919, -38.3879, 27.8011, -145.974, 28.7552, 33.0866, 0.00690423, 38.1717, 0.522958, -56.372, 0.541288, 122.709
1493, 24.87500, 0.366147, -38.4398, 27.7869, -145.973, 28.7412, 33.0865, 0.00691288, 38.127, 0.52288, -56.3705, 0.541223, 122.708
1493, 24.88333, 0.366375, -38.4918, 27.7727, -145.972, 28.7273, 33.0864, 0.00692154, 38.0822, 0.522802, -56.3691, 0.541158, 122.708
1494, 24.89167, 0.366603, -38.544, 27.7584, -145.97, 28.7134, 33.0863, 0.00693021, 38.0372, 0.522724, -56.3677, 0.541093, 122.708
1494, 24.90000, 0.366832, -38.5964, 27.7442, -145.969, 28.6995, 33.0862, 0.00693889, 37.992, 0.522646, -56.3662, 0.541028, 122.708
1495, 24.90833, 0.36706, -38.6489, 27.73, -145.968, 28.6857, 33.0861, 0.00694758, 37.9467, 0.522568, -56.3648, 0.540963, 122.708
1495, 24.91667, 0.367288, -38.7016, 27.7158, -145.966, 28.6718, 33.086, 0.00695627, 37.9013, 0.522489, -56.3633, 0.540898, 122.707
1496, 24.92500, 0.367516, -38.7545, 27.7016, -145.965, 28.6579, 33.0859, 0.00696498, 37.8557, 0.522411, -56.3619, 0.540833, 122.707
1496, 24.93333, 0.367743, -38.8075, 27.6874, -145.964, 28.6441, 33.0858, 0.0069737, 37.8099, 0.522333, -56.3604, 0.540767, 122.707
1497, 24.94167, 0.367971, -38.8607, 27.6732, -145.962, 28.6302, 33.0857, 0.00698243, 37.764, 0.522255, -56.359, 0.540702, 122.707
1497, 24.95000, 0.368199, -38.9141, 27.659, -145.961, 28.6164, 33.0856, 0.00699116, 37.7179, 0.522177, -56.3575, 0.540637, 122.707
1498, 24.95833, 0.368427, -38.9676, 27.6448, -145.96, 28.6025, 33.0855, 0.00699991, 37.6716, 0.522098, -56.356, 0.540572, 122.706
1498, 24.96667, 0.368655, -39.0213, 27.6307, -145.958, 28.5887, 33.0854, 0.00700867, 37.6252, 0.52202, -56.3546, 0.540506, 122.706
1499, 24.97500, 0.368882, -39.0752, 27.6165, -145.957, 28.5749, 33.0853, 0.00701743, 37.5787, 0.521942, -56.3531, 0.540441, 122.706
1499, 24.98333, 0.36911, -39.1292, 27.6024, -145.955, 28.5611, 33.0852, 0.00702621, 37.5319, 0.521863, -56.3516, 0.540376, 122.706
1500, 24.99167, 0.369337, -39.1834, 27.5882, -145.954, 28.5473, 33.0851, 0.00703499, 37.4851, 0.521785, -56.3501, 0.54031, 122.706
1500, 25.00000, 0.369565, -39.2378, 27.5741, -145.953, 28.5335, 33.085, 0.00704378, 37.438, 0.521706, -56.3486, 0.540245, 122.705
1501, 25.00833, 0.369792, -39.2923, 27.56, -145.951, 28.5197, 33.0849, 0.00705259, 37.3908, 0.521628, -56.3471, 0.54018, 122.705
1501, 25.01667, 0.370019, -39.347, 27.5459, -145.95, 28.5059, 33.0848, 0.0070614, 37.3435, 0.521549, -56.3456, 0.540114, 122.705
1502, 25.02500, 0.370247, -39.4019, 27.5317, -145.948, 28.4921, 33.0847, 0.00707022, 37.296, 0.521471, -56.3441, 0.540049, 122.705
1502, 25.03333, 0.370474, -39.4569, 27.5176, -145.947, 28.4784, 33.0846, 0.00707905, 37.2483, 0.521392, -56.3426, 0.539983, 122.705
1503, 25.04167, 0.370701, -39.5121, 27.5035, -145.946, 28.4646, 33.0846, 0.00708789, 37.2005, 0.521313, -56.3411, 0.539918, 122.705
1503, 25.05000, 0.370928, -39.5674, 27.4895, -145.944, 28.4509, 33.0845, 0.00709674, 37.1525, 0.521235, -56.3396, 0.539852, 122.704
1504, 25.05833, 0.371155, -39.623, 27.4754, -145.943, 28.4371, 33.0844, 0.0071056, 37.1044, 0.521156, -56.3381, 0.539786, 122.704
1504, 25.06667, 0.371382, -39.6787, 27.4613, -145.941, 28.4234, 33.0843, 0.00711446, 37.056, 0.521077, -56.3365, 0.539721, 122.704
1505, 25.07500, 0.371608, -39.7345, 27.4472, -145.94, 28.4097, 33.0842, 0.00712334, 37.0076, 0.520998, -56.335, 0.539655, 122.704
1505, 25.08333, 0.371835, -39.7906, 27.4332, -145.938, 28.3959, 33.0841, 0.00713223, 36.959, 0.520919, -56.3335, 0.539589, 122.704
1506, 25.09167, 0.372061, -39.8468, 27.4191, -145.937, 28.3822, 33.0841, 0.00714112, 36.9102, 0.520841, -56.3319, 0.539524, 122.704
1506, 25.10000, 0.372288, -39.9032, 27.4051, -145.936, 28.3685, 33.084, 0.00715002, 36.8612, 0.520762, -56.3304, 0.539458, 122.703
1507, 25.10833, 0.372514, -39.9597, 27.391, -145.934, 28.3548, 33.0839, 0.00715893, 36.8121, 0.520683, -56.3288, 0.539392, 122.703
1507, 25.11667, 0.372741, -40.0164, 27.377, -145.933, 28.3411, 33.0838, 0.00716785, 36.7628, 0.520604, -56.3273, 0.539326, 122.703
1508, 25.12500, 0.372967, -40.0733, 27.363, -145.931, 28.3275, 33.0838, 0.00717678, 36.7134, 0.520525, -56.3257, 0.53926, 122.703
1508, 25.13333, 0.373193, -40.1303, 27.349, -145.93, 28.3138, 33.0837, 0.00718572, 36.6638, 0.520446, -56.3242, 0.539195, 122.703
1509, 25.14167, 0.373419, -40.1876, 27.335, -145.928, 28.3001, 33.0836, 0.00719467, 36.6141, 0.520367, -56.3226, 0.539129, 122.703
1509, 25.15000, 0.373644, -40.245, 27.321, -145.927, 28.2865, 33.0836, 0.00720362, 36.5642, 0.520287, -56.321, 0.539063, 122.702
1510, 25.15833, 0.37387, -40.3025, 27.307, -145.925, 28.2728, 33.0835, 0.00721258, 36.5141, 0.520208, -56.3194, 0.538997, 122.702
1510, 25.16667, 0.374096, -40.3603, 27.293, -145.924, 28.2592, 33.0834, 0.00722156, 36.4639, 0.520129, -56.3179, 0.538931, 122.702
1511, 25.17500, 0.374321, -40.4182, 27.279, -145.922, 28.2455, 33.0834, 0.00723054, 36.4135, 0.52005, -56.3163, 0.538865, 122.702
1511, 25.18333, 0.374546, -40.4762, 27.265, -145.921, 28.2319, 33.0833, 0.00723953, 36.3629, 0.519971, -56.3147, 0.538799, 122.702
1512, 25.19167, 0.374772, -40.5345, 27.2511, -145.919, 28.2183, 33.0832, 0.00724852, 36.3122, 0.519891, -56.3131, 0.538733, 122.702
1512, 25.20000, 0.374997, -40.5929, 27.2371, -145.918, 28.2047, 33.0832, 0.00725753, 36.2613, 0.519812, -56.3115, 0.538667, 122.701
1513, 25.20833, 0.375222, -40.6515, 27.2232, -145.916, 28.191, 33.0831, 0.00726654, 36.2103, 0.519732, -56.3099, 0.5386, 122.701
1513, 25.21667, 0.375446, -40.7102, 27.2092, -145.915, 28.1774, 33.083, 0.00727556, 36.1591, 0.519653, -56.3083, 0.538534, 122.701
1514, 25.22500, 0.375671, -40.7692, 27.1953, -145.913, 28.1639, 33.083, 0.00728459, 36.1077, 0.519574, -56.3067, 0.538468, 122.701
1514, 25.23333, 0.375895, -40.8283, 27.1814, -145.912, 28.1503, 33.0829, 0.00729363, 36.0562, 0.519494, -56.3051, 0.538402, 122.701
1515, 25.24167, 0.37612, -40.8876, 27.1674, -145.91, 28.1367, 33.0829, 0.00730268, 36.0045, 0.519414, -56.3034, 0.538336, 122.701
1515, 25.25000, 0.376344, -40.947, 27.1535, -145.909, 28.1231, 33.0828, 0.00731173, 35.9526, 0.519335, -56.3018, 0.538269, 122.701
1516, 25.25833, 0.376568, -41.0066, 27.1396, -145.907, 28.1096, 33.0828, 0.0073208, 35.9006, 0.519255, -56.3002, 0.538203, 122.7
1516, 25.26667, 0.376792, -41.0664, 27.1257, -145.906, 28.096, 33.0827, 0.00732987, 35.8484, 0.519176, -56.2985, 0.538137, 122.7
1517, 25.27500, 0.377016, -41.1264, 27.1118, -145.904, 28.0825, 33.0827, 0.00733894, 35.7961, 0.519096, -56.2969, 0.53807, 122.7
1517, 25.28333, 0.377239, -41.1865, 27.0979, -145.903, 28.0689, 33.0826, 0.00734803, 35.7436, 0.519016, -56.2953, 0.538004, 122.7
1518, 25.29167, 0.377463, -41.2468, 27.084, -145.901, 28.0554, 33.0826, 0.00735713, 35.6909, 0.518936, -56.2936, 0.537937, 122.7
1518, 25.30000, 0.377686, -41.3073, 27.0702, -145.899, 28.0418, 33.0825, 0.00736623, 35.6381, 0.518857, -56.292, 0.537871, 122.7
1519, 25.30833, 0.377909, -41.368, 27.0563, -145.898, 28.0283, 33.0825, 0.00737534, 35.5851, 0.518777, -56.2903, 0.537804, 122.7
1519, 25.31667, 0.378132, -41.4288, 27.0425, -145.896, 28.0148, 33.0824, 0.00738445, 35.5319, 0.518697, -56.2886, 0.537738, 122.699
1520, 25.32500, 0.378355, -41.4898, 27.0286, -145.895, 28.0013, 33.0824, 0.00739358, 35.4786, 0.518617, -56.287, 0.537671, 122.699
1520, 25.33333, 0.378577, -41.551, 27.0148, -145.893, 27.9878, 33.0823, 0.00740271, 35.4251, 0.518537, -56.2853, 0.537605, 122.699
1521, 25.34167, 0.3788, -41.6123, 27.0009, -145.892, 27.9743, 33.0823, 0.00741185, 35.3715, 0.518457, -56.2836, 0.537538, 122.699
1521, 25.35000, 0.379022, -41.6739, 26.9871, -145.89, 27.9608, 33.0822, 0.007421, 35.3177, 0.518377, -56.2819, 0.537471, 122.699
1522, 25.35833, 0.379244, -41.7356, 26.9733, -145.888, 27.9474, 33.0822, 0.00743015, 35.2637, 0.518297, -56.2803, 0.537405, 122.699
1522, 25.36667, 0.379466, -41.7974, 26.9595, -145.887, 27.9339, 33.0822, 0.00743931, 35.2095, 0.518217, -56.2786, 0.537338, 122.699
1523, 25.37500, 0.379687, -41.8595, 26.9456, -145.885, 27.9204, 33.0821, 0.00744848, 35.1552, 0.518136, -56.2769, 0.537271, 122.698
1523, 25.38333, 0.379909, -41.9217, 26.9318, -145.884, 27.907, 33.0821, 0.00745766, 35.1007, 0.518056, -56.2752, 0.537205, 122.698
1524, 25.39167, 0.38013, -41.9841, 26.918, -145.882, 27.8935, 33.0821, 0.00746684, 35.0461, 0.517976, -56.2735, 0.537138, 122.698
1524, 25.40000, 0.380351, -42.0467, 26.9043, -145.88, 27.8801, 33.082, 0.00747603, 34.9913, 0.517896, -56.2718, 0.537071, 122.698
1525, 25.40833, 0.380572, -42.1095, 26.8905, -145.879, 27.8667, 33.082, 0.00748523, 34.9363, 0.517815, -56.27, 0.537004, 122.698
1525, 25.41667, 0.380792, -42.1724, 26.8767, -145.877, 27.8532, 33.082, 0.00749444, 34.8812, 0.517735, -56.2683, 0.536937, 122.698
1526, 25.42500, 0.381013, -42.2355, 26.8629, -145.876, 27.8398, 33.0819, 0.00750365, 34.8259, 0.517655, -56.2666, 0.53687, 122.698
1526, 25.43333, 0.381233, -42.2988, 26.8492, -145.874, 27.8264, 33.0819, 0.00751287, 34.7705, 0.517574, -56.2649, 0.536803, 122.697
1527, 25.44167, 0.381453, -42.3622, 26.8354, -145.872, 27.813, 33.0819, 0.00752209, 34.7148, 0.517494, -56.2631, 0.536736, 122.697
1527, 25.45000, 0.381673, -42.4259, 26.8217, -145.871, 27.7996, 33.0819, 0.00753132, 34.659, 0.517413, -56.2614, 0.536669, 122.697
1528, 25.45833, 0.381892, -42.4897, 26.8079, -145.869, 27.7862, 33.0818, 0.00754056, 34.6031, 0.517333, -56.2597, 0.536602, 122.697
1528, 25.46667, 0.382112, -42.5537, 26.7942, -145.867, 27.7728, 33.0818, 0.00754981, 34.5469, 0.517252, -56.2579, 0.536535, 122.697
1529, 25.47500, 0.382331, -42.6178, 26.7805, -145.866, 27.7595, 33.0818, 0.00755906, 34.4907, 0.517171, -56.2562, 0.536468, 122.697
1529, 25.48333, 0.382549, -42.6821, 26.7668, -145.864, 27.7461, 33.0818, 0.00756832, 34.4342, 0.517091, -56.2544, 0.536401, 122.697
1530, 25.49167, 0.382768, -42.7467, 26.753, -145.862, 27.7327, 33.0818, 0.00757759, 34.3776, 0.51701, -56.2526, 0.536333, 122.697
1530, 25.50000, 0.382986, -42.8114, 26.7393, -145.861, 27.7194, 33.0817, 0.00758686, 34.3208, 0.516929, -56.2509, 0.536266, 122.697
1531, 25.50833, 0.383205, -42.8762, 26.7256, -145.859, 27.706, 33.0817, 0.00759613, 34.2638, 0.516848, -56.2491, 0.536199, 122.696
1531, 25.51667, 0.383422, -42.9413, 26.712, -145.857, 27.6927, 33.0817, 0.00760542, 34.2067, 0.516767, -56.2473, 0.536132, 122.696
1532, 25.52500, 0.38364, -43.0065, 26.6983, -145.856, 27.6793, 33.0817, 0.00761471, 34.1494, 0.516687, -56.2456, 0.536064, 122.696
1532, 25.53333, 0.383857, -43.0719, 26.6846, -145.854, 27.666, 33.0817, 0.00762401, 34.092, 0.516606, -56.2438, 0.535997, 122.696
1533, 25.54167, 0.384075, -43.1375, 26.6709, -145.852, 27.6527, 33.0817, 0.00763331, 34.0344, 0.516525, -56.242, 0.53593, 122.696
1533, 25.55000, 0.384292, -43.2033, 26.6572, -145.851, 27.6394, 33.0817, 0.00764262, 33.9766, 0.516444, -56.2402, 0.535862, 122.696
1534, 25.55833, 0.384508, -43.2692, 26.6436, -145.849, 27.6261, 33.0817, 0.00765193, 33.9186, 0.516363, -56.2384, 0.535795, 122.696
1534, 25.56667, 0.384724, -43.3353, 26.6299, -145.847, 27.6128, 33.0816, 0.00766126, 33.8605, 0.516281, -56.2366, 0.535727, 122.696
1535, 25.57500, 0.384941, -43.4016, 26.6163, -145.846, 27.5995, 33.0816, 0.00767058, 33.8022, 0.5162, -56.2348, 0.53566, 122.696
1535, 25.58333, 0.385156, -43.4681, 26.6027, -145.844, 27.5862, 33.0816, 0.00767991, 33.7438, 0.516119, -56.233, 0.535592, 122.695
1536, 25.59167, 0.385372, -43.5347, 26.589, -145.842, 27.5729, 33.0816, 0.00768925, 33.6852, 0.516038, -56.2311, 0.535524, 122.695
1536, 25.60000, 0.385587, -43.6016, 26.5754, -145.84, 27.5596, 33.0816, 0.0076986, 33.6264, 0.515957, -56.2293, 0.535457, 122.695
1537, 25.60833, 0.385802, -43.6686, 26.5618, -145.839, 27.5464, 33.0816, 0.00770795, 33.5674, 0.515875, -56.2275, 0.535389, 122.695
1537, 25.61667, 0.386017, -43.7358, 26.5482, -145.837, 27.5331, 33.0816, 0.0077173, 33.5083, 0.515794, -56.2257, 0.535321, 122.695
1538, 25.62500, 0.386231, -43.8031, 26.5346, -145.835, 27.5199, 33.0816, 0.00772666, 33.449, 0.515713, -56.2238, 0.535254, 122.695
1538, 25.63333, 0.386445, -43.8707, 26.521, -145.833, 27.5066, 33.0816, 0.00773603, 33.3896, 0.515631, -56.222, 0.535186, 122.695
1539, 25.64167, 0.386659, -43.9384, 26.5074, -145.832, 27.4934, 33.0816, 0.0077454, 33.33, 0.51555, -56.2201, 0.535118, 122.695
1539, 25.65000, 0.386873, -44.0063, 26.4938, -145.83, 27.4802, 33.0816, 0.00775478, 33.2702, 0.515468, -56.2183, 0.53505, 122.695
1540, 25.65833, 0.387086, -44.0744, 26.4802, -145.828, 27.4669, 33.0817, 0.00776416, 33.2102, 0.515387, -56.2164, 0.534982, 122.695
1540, 25.66667, 0.387299, -44.1427, 26.4666, -145.826, 27.4537, 33.0817, 0.00777355, 33.1501, 0.515305, -56.2146, 0.534915, 122.694
1541, 25.67500, 0.387512, -44.2111, 26.4531, -145.825, 27.4405, 33.0817, 0.00778294, 33.0898, 0.515223, -56.2127, 0.534847, 122.694
1541, 25.68333, 0.387724, -44.2797, 26.4395, -145.823, 27.4273, 33.0817, 0.00779234, 33.0294, 0.515142, -56.2108, 0.534779, 122.694
1542, 25.69167, 0.387936, -44.3485, 26.426, -145.821, 27.4141, 33.0817, 0.00780174, 32.9687, 0.51506, -56.209, 0.534711, 122.694
1542, 25.70000, 0.388148, -44.4175, 26.4124, -145.819, 27.4009, 33.0817, 0.00781115, 32.908, 0.514978, -56.2071, 0.534643, 122.694
1543, 25.70833, 0.388359, -44.4867, 26.3989, -145.818, 27.3877, 33.0817, 0.00782056, 32.847, 0.514896, -56.2052, 0.534575, 122.694
1543, 25.71667, 0.38857, -44.556, 26.3853, -145.816, 27.3746, 33.0817, 0.00782998, 32.7859, 0.514814, -56.2033, 0.534506, 122.694
1544, 25.72500, 0.388781, -44.6256, 26.3718, -145.814, 27.3614, 33.0818, 0.0078394, 32.7246, 0.514732, -56.2014, 0.534438, 122.694
1544, 25.73333, 0.388991, -44.6953, 26.3583, -145.812, 27.3482, 33.0818, 0.00784883, 32.6631, 0.514651, -56.1995, 0.53437, 122.694
1545, 25.74167, 0.389201, -44.7652, 26.3448, -145.81, 27.3351, 33.0818, 0.00785826, 32.6015, 0.514569, -56.1976, 0.534302, 122.694
1545, 25.75000, 0.389411, -44.8352, 26.3313, -145.809, 27.3219, 33.0818, 0.0078677, 32.5397, 0.514486, -56.1957, 0.534234, 122.694
1546, 25.75833, 0.389621, -44.9055, 26.3178, -145.807, 27.3088, 33.0819, 0.00787714, 32.4777, 0.514404, -56.1938, 0.534165, 122.693
1546, 25.76667, 0.38983, -44.9759, 26.3043, -145.805, 27.2956, 33.0819, 0.00788659, 32.4156, 0.514322, -56.1918, 0.534097, 122.693
1547, 25.77500, 0.390038, -45.0465, 26.2908, -145.803, 27.2825, 33.0819, 0.00789603, 32.3533, 0.51424, -56.1899, 0.534029, 122.693
1547, 25.78333, 0.390247, -45.1173, 26.2773, -145.801, 27.2694, 33.0819, 0.00790549, 32.2909, 0.514158, -56.188, 0.53396, 122.693
1548, 25.79167, 0.390455, -45.1883, 26.2638, -145.799, 27.2563, 33.082, 0.00791495, 32.2282, 0.514076, -56.1861, 0.533892, 122.693
1548, 25.80000, 0.390662, -45.2595, 26.2504, -145.798, 27.2432, 33.082, 0.00792441, 32.1654, 0.513993, -56.1841, 0.533823, 122.693
1549, 25.80833, 0.39087, -45.3308, 26.2369, -145.796, 27.2301, 33.082, 0.00793387, 32.1025, 0.513911, -56.1822, 0.533755, 122.693
1549, 25.81667, 0.391077, -45.4023, 26.2235, -145.794, 27.217, 33.0821, 0.00794334, 32.0393, 0.513829, -56.1802, 0.533686, 122.693
1550, 25.82500, 0.391283, -45.474, 26.21, -145.792, 27.2039, 33.0821, 0.00795282, 31.976, 0.513746, -56.1783, 0.533618, 122.693
1550, 25.83333, 0.39149, -45.5459, 26.1966, -145.79, 27.1908, 33.0821, 0.00796229, 31.9125, 0.513664, -56.1763, 0.533549, 122.693
1551, 25.84167, 0.391695, -45.618, 26.1831, -145.788, 27.1777, 33.0822, 0.00797178, 31.8489, 0.513581, -56.1743, 0.53348, 122.693
1551, 25.85000, 0.391901, -45.6902, 26.1697, -145.787, 27.1646, 33.0822, 0.00798126, 31.7851, 0.513499, -56.1724, 0.533412, 122.693
1552, 25.85833, 0.392106, -45.7627, 26.1563, -145.785, 27.1516, 33.0822, 0.00799075, 31.7211, 0.513416, -56.1704, 0.533343, 122.693
1552, 25.86667, 0.392311, -45.8353, 26.1429, -145.783, 27.1385, 33.0823, 0.00800024, 31.657, 0.513333, -56.1684, 0.533274, 122.692
1553, 25.87500, 0.392515, -45.9081, 26.1294, -145.781, 27.1255, 33.0823, 0.00800974, 31.5927, 0.513251, -56.1664, 0.533206, 122.692
1553, 25.88333, 0.392719, -45.9811, 26.116, -145.779, 27.1124, 33.0824, 0.00801924, 31.5282, 0.513168, -56.1644, 0.533137, 122.692
1554, 25.89167, 0.392923, -46.0542, 26.1026, -145.777, 27.0994, 33.0824, 0.00802874, 31.4635, 0.513085, -56.1624, 0.533068, 122.692
1554, 25.90000, 0.393126, -46.1276, 26.0892, -145.775, 27.0864, 33.0825, 0.00803825, 31.3987, 0.513002, -56.1604, 0.532999, 122.692
1555, 25.90833, 0.393328, -46.2011, 26.0759, -145.773, 27.0733, 33.0825, 0.00804775, 31.3337, 0.512919, -56.1584, 0.53293, 122.692
1555, 25.91667, 0.393531, -46.2748, 26.0625, -145.771, 27.0603, 33.0826, 0.00805727, 31.2686, 0.512836, -56.1564, 0.532861, 122.692
1556, 25.92500, 0.393733, -46.3487, 26.0491, -145.769, 27.0473, 33.0826, 0.00806678, 31.2033, 0.512753, -56.1544, 0.532792, 122.692
1556, 25.93333, 0.393934, -46.4228, 26.0357, -145.768, 27.0343, 33.0827, 0.0080763, 31.1378, 0.51267, -56.1524, 0.532723, 122.692
1557, 25.94167, 0.394136, -46.4971, 26.0224, -145.766, 27.0213, 33.0827, 0.00808582, 31.0721, 0.512587, -56.1504, 0.532654, 122.692
1557, 25.95000, 0.394336, -46.5715, 26.009, -145.764, 27.0083, 33.0828, 0.00809534, 31.0063, 0.512504, -56.1483, 0.532585, 122.692
1558, 25.95833, 0.394537, -46.6461, 25.9957, -145.762, 26.9953, 33.0828, 0.00810487, 30.9403, 0.512421, -56.1463, 0.532516, 122.692
1558, 25.96667, 0.394736, -46.7209, 25.9823, -145.76, 26.9824, 33.0829, 0.0081144, 30.8742, 0.512338, -56.1443, 0.532446, 122.692
1559, 25.97500, 0.394936, -46.7959, 25.969, -145.758, 26.9694, 33.083, 0.00812393, 30.8078, 0.512255, -56.1422, 0.532377, 122.692
1559, 25.98333, 0.395135, -46.8711, 25.9557, -145.756, 26.9564, 33.083, 0.00813347, 30.7413, 0.512171, -56.1402, 0.532308, 122.692
1560, 25.99167, 0.395334, -46.9465, 25.9423, -145.754, 26.9435, 33.0831, 0.008143, 30.6747, 0.512088, -56.1381, 0.532239, 122.692
1560, 26.00000, 0.395532, -47.022, 25.929, -145.752, 26.9305, 33.0831, 0.00815254, 30.6078, 0.512004, -56.1361, 0.532169, 122.692
1561, 26.00833, 0.395729, -47.0977, 25.9157, -145.75, 26.9176, 33.0832, 0.00816208, 30.5408, 0.511921, -56.134, 0.5321, 122.692
1561, 26.01667, 0.395927, -47.1737, 25.9024, -145.748, 26.9046, 33.0833, 0.00817163, 30.4737, 0.511838, -56.1319, 0.532031, 122.692
1562, 26.02500, 0.396124, -47.2498, 25.8891, -145.746, 26.8917, 33.0834, 0.00818117, 30.4063, 0.511754, -56.1298, 0.531961, 122.691
1562, 26.03333, 0.39632, -47.326, 25.8758, -145.744, 26.8788, 33.0834, 0.00819072, 30.3389, 0.51167, -56.1278, 0.531892, 122.691
1563, 26.04167, 0.396516, -47.4025, 25.8625, -145.742, 26.8658, 33.0835, 0.00820027, 30.2712, 0.511587, -56.1257, 0.531822, 122.691
1563, 26.05000, 0.396711, -47.4792, 25.8492, -145.74, 26.8529, 33.0836, 0.00820982, 30.2033, 0.511503, -56.1236, 0.531752, 122.691
1564, 26.05833, 0.396906, -47.556, 25.836, -145.738, 26.84, 33.0836, 0.00821937, 30.1353, 0.511419, -56.1215, 0.531683, 122.691
1564, 26.06667, 0.397101, -47.633, 25.8227, -145.736, 26.8271, 33.0837, 0.00822893, 30.0672, 0.511336, -56.1194, 0.531613, 122.691
1565, 26.07500, 0.397295, -47.7102, 25.8094, -145.734, 26.8142, 33.0838, 0.00823848, 29.9988, 0.511252, -56.1173, 0.531544, 122.691
1565, 26.08333, 0.397489, -47.7876, 25.7962, -145.732, 26.8013, 33.0839, 0.00824804, 29.9303, 0.511168, -56.1152, 0.531474, 122.691
1566, 26.09167, 0.397682, -47.8652, 25.7829, -145.73, 26.7885, 33.084, 0.0082576, 29.8617, 0.511084, -56.113, 0.531404, 122.691
1566, 26.10000, 0.397875, -47.9429, 25.7697, -145.728, 26.7756, 33.084, 0.00826716, 29.7928, 0.511, -56.1109, 0.531334, 122.691
1567, 26.10833, 0.398067, -48.0209, 25.7564, -145.726, 26.7627, 33.0841, 0.00827672, 29.7238, 0.510916, -56.1088, 0.531264, 122.691
1567, 26.11667, 0.398259, -48.099, 25.7432, -145.724, 26.7498, 33.0842, 0.00828629, 29.6546, 0.510832, -56.1067, 0.531195, 122.691
1568, 26.12500, 0.39845, -48.1773, 25.73, -145.722, 26.737, 33.0843, 0.00829585, 29.5853, 0.510748, -56.1045, 0.531125, 122.691
1568, 26.13333, 0.398641, -48.2558, 25.7167, -145.72, 26.7241, 33.0844, 0.00830542, 29.5158, 0.510664, -56.1024, 0.531055, 122.691
1569, 26.14167, 0.398831, -48.3345, 25.7035, -145.718, 26.7113, 33.0845, 0.00831499, 29.4461, 0.510579, -56.1002, 0.530985, 122.691
1569, 26.15000, 0.399021, -48.4133, 25.6903, -145.716, 26.6985, 33.0846, 0.00832455, 29.3763, 0.510495, -56.0981, 0.530915, 122.691
1570, 26.15833, 0.39921, -48.4924, 25.6771, -145.714, 26.6856, 33.0847, 0.00833412, 29.3063, 0.510411, -56.0959, 0.530845, 122.691
1570, 26.16667, 0.399399, -48.5716, 25.6639, -145.712, 26.6728, 33.0848, 0.00834369, 29.2361, 0.510326, -56.0938, 0.530775, 122.691
1571, 26.17500, 0.399587, -48.651, 25.6507, -145.71, 26.66, 33.0849, 0.00835326, 29.1657, 0.510242, -56.0916, 0.530704, 122.691
1571, 26.18333, 0.399775, -48.7306, 25.6375, -145.708, 26.6472, 33.0849, 0.00836283, 29.0952, 0.510158, -56.0894, 0.530634, 122.691
1572, 26.19167, 0.399962, -48.8104, 25.6244, -145.706, 26.6343, 33.085, 0.0083724, 29.0245, 0.510073, -56.0872, 0.530564, 122.691
1572, 26.20000, 0.400149, -48.8904, 25.6112, -145.704, 26.6215, 33.0852, 0.00838197, 28.9537, 0.509988, -56.085, 0.530494, 122.691
1573, 26.20833, 0.400335, -48.9706, 25.598, -145.702, 26.6088, 33.0853, 0.00839155, 28.8827, 0.509904, -56.0828, 0.530423, 122.691
1573, 26.21667, 0.400521, -49.0509, 25.5848, -145.699, 26.596, 33.0854, 0.00840112, 28.8115, 0.509819, -56.0807, 0.530353, 122.691
1574, 26.22500, 0.400706, -49.1314, 25.5717, -145.697, 26.5832, 33.0855, 0.00841069, 28.7402, 0.509735, -56.0785, 0.530283, 122.691
1574, 26.23333, 0.40089, -49.2121, 25.5585, -145.695, 26.5704, 33.0856, 0.00842026, 28.6687, 0.50965, -56.0762, 0.530212, 122.691
1575, 26.24167, 0.401074, -49.293, 25.5454, -145.693, 26.5576, 33.0857, 0.00842983, 28.597, 0.509565, -56.074, 0.530142, 122.691
1575, 26.25000, 0.401258, -49.3741, 25.5323, -145.691, 26.5449, 33.0858, 0.00843941, 28.5251, 0.50948, -56.0718, 0.530071, 122.691
1576, 26.25833, 0.401441, -49.4554, 25.5191, -145.689, 26.5321, 33.0859, 0.00844898, 28.4531, 0.509395, -56.0696, 0.530001, 122.691
1576, 26.26667, 0.401624, -49.5368, 25.506, -145.687, 26.5194, 33.086, 0.00845855, 28.381, 0.50931, -56.0674, 0.52993, 122.691
1577, 26.27500, 0.401806, -49.6185, 25.4929, -145.685, 26.5066, 33.0861, 0.00846812, 28.3086, 0.509225, -56.0651, 0.52986, 122.691
1577, 26.28333, 0.401987, -49.7003, 25.4797, -145.683, 26.4939, 33.0862, 0.00847769, 28.2361, 0.50914, -56.0629, 0.529789, 122.691
1578, 26.29167, 0.402168, -49.7823, 25.4666, -145.68, 26.4811, 33.0864, 0.00848726, 28.1634, 0.509055, -56.0606, 0.529718, 122.691
1578, 26.30000, 0.402348, -49.8645, 25.4535, -145.678, 26.4684, 33.0865, 0.00849683, 28.0906, 0.50897, -56.0584, 0.529647, 122.691
1579, 26.30833, 0.402528, -49.9469, 25.4404, -145.676, 26.4557, 33.0866, 0.0085064, 28.0176, 0.508885, -56.0561, 0.529577, 122.691
1579, 26.31667, 0.402707, -50.0294, 25.4273, -145.674, 26.443, 33.0867, 0.00851597, 27.9444, 0.508799, -56.0539, 0.529506, 122.691
1580, 26.32500, 0.402886, -50.1122, 25.4142, -145.672, 26.4303, 33.0868, 0.00852554, 27.8711, 0.508714, -56.0516, 0.529435, 122.691
1580, 26.33333, 0.403064, -50.1951, 25.4012, -145.67, 26.4176, 33.087, 0.0085351, 27.7976, 0.508629, -56.0493, 0.529364, 122.691
1581, 26.34167, 0.403241, -50.2783, 25.3881, -145.667, 26.4049, 33.0871, 0.00854467, 27.7239, 0.508543, -56.0471, 0.529293, 122.691
1581, 26.35000, 0.403418, -50.3616, 25.375, -145.665, 26.3922, 33.0872, 0.00855424, 27.6501, 0.508458, -56.0448, 0.529222, 122.691
1582, 26.35833, 0.403594, -50.445, 25.3619, -145.663, 26.3795, 33.0874, 0.0085638, 27.5761, 0.508372, -56.0425, 0.529151, 122.691
1582, 26.36667, 0.40377, -50.5287, 25.3489, -145.661, 26.3668, 33.0875, 0.00857336, 27.502, 0.508287, -56.0402, 0.52908, 122.691
1583, 26.37500, 0.403945, -50.6126, 25.3358, -145.659, 26.3541, 33.0876, 0.00858292, 27.4276, 0.508201, -56.0379, 0.529009, 122.691
1583, 26.38333, 0.40412, -50.6966, 25.3228, -145.657, 26.3415, 33.0878, 0.00859248, 27.3532, 0.508115, -56.0356, 0.528938, 122.691
1584, 26.39167, 0.404294, -50.7809, 25.3097, -145.654, 26.3288, 33.0879, 0.00860204, 27.2785, 0.508029, -56.0333, 0.528867, 122.691
1584, 26.40000, 0.404467, -50.8653, 25.2967, -145.652, 26.3161, 33.088, 0.00861159, 27.2037, 0.507944, -56.031, 0.528795, 122.691
1585, 26.40833, 0.40464, -50.9499, 25.2837, -145.65, 26.3035, 33.0882, 0.00862115, 27.1287, 0.507858, -56.0287, 0.528724, 122.691
1585, 26.41667, 0.404812, -51.0347, 25.2706, -145.648, 26.2908, 33.0883, 0.0086307, 27.0536, 0.507772, -56.0263, 0.528653, 122.691
1586, 26.42500, 0.404984, -51.1196, 25.2576, -145.645, 26.2782, 33.0885, 0.00864025, 26.9782, 0.507686, -56.024, 0.528582, 122.691
1586, 26.43333, 0.405155, -51.2048, 25.2446, -145.643, 26.2656, 33.0886, 0.0086498, 26.9028, 0.5076, -56.0217, 0.52851, 122.691
1587, 26.44167, 0.405325, -51.2901, 25.2316, -145.641, 26.2529, 33.0888, 0.00865935, 26.8271, 0.507514, -56.0193, 0.528439, 122.691
1587, 26.45000, 0.405495, -51.3757, 25.2186, -145.639, 26.2403, 33.0889, 0.00866889, 26.7513, 0.507428, -56.017, 0.528367, 122.691
1588, 26.45833, 0.405664, -51.4614, 25.2056, -145.637, 26.2277, 33.0891, 0.00867843, 26.6754, 0.507342, -56.0146, 0.528296, 122.691
1588, 26.46667, 0.405832, -51.5473, 25.1926, -145.634, 26.2151, 33.0892, 0.00868797, 26.5992, 0.507255, -56.0123, 0.528224, 122.691
1589, 26.47500, 0.406, -51.6334, 25.1796, -145.632, 26.2025, 33.0894, 0.00869751, 26.523, 0.507169, -56.0099, 0.528153, 122.691
1589, 26.48333, 0.406167, -51.7196, 25.1666, -145.63, 26.1899, 33.0895, 0.00870704, 26.4465, 0.507083, -56.0075, 0.528081, 122.691
1590, 26.49167, 0.406334, -51.8061, 25.1536, -145.627, 26.1773, 33.0897, 0.00871658, 26.3699, 0.506996, -56.0052, 0.528009, 122.691
1590, 26.50000, 0.4065, -51.8927, 25.1407, -145.625, 26.1647, 33.0898, 0.00872611, 26.2931, 0.50691, -56.0028, 0.527938, 122.691
1591, 26.50833, 0.406665, -51.9796, 25.1277, -145.623, 26.1522, 33.09, 0.00873563, 26.2162, 0.506823, -56.0004, 0.527866, 122.692
1591, 26.51667, 0.40683, -52.0666, 25.1147, -145.621, 26.1396, 33.0902, 0.00874516, 26.1391, 0.506737, -55.998, 0.527794, 122.692
1592, 26.52500, 0.406994, -52.1538, 25.1018, -145.618, 26.127, 33.0903, 0.00875468, 26.0618, 0.50665, -55.9956, 0.527722, 122.692
1592, 26.53333, 0.407158, -52.2411, 25.0888, -145.616, 26.1145, 33.0905, 0.0087642, 25.9844, 0.506563, -55.9932, 0.52765, 122.692
1593, 26.54167, 0.40732, -52.3287, 25.0759, -145.614, 26.1019, 33.0907, 0.00877371, 25.9068, 0.506477, -55.9908, 0.527578, 122.692
1593, 26.55000, 0.407483, -52.4165, 25.0629, -145.611, 26.0893, 33.0908, 0.00878322, 25.829, 0.50639, -55.9884, 0.527506, 122.692
1594, 26.55833, 0.407644, -52.5044, 25.05, -145.609, 26.0768, 33.091, 0.00879273, 25.7511, 0.506303, -55.986, 0.527434, 122.692
1594, 26.56667, 0.407805, -52.5925, 25.0371, -145.607, 26.0643, 33.0912, 0.00880224, 25.673, 0.506216, -55.9835, 0.527362, 122.692
1595, 26.57500, 0.407965, -52.6808, 25.0241, -145.605, 26.0517, 33.0913, 0.00881174, 25.5948, 0.506129, -55.9811, 0.52729, 122.692
1595, 26.58333, 0.408125, -52.7693, 25.0112, -145.602, 26.0392, 33.0915, 0.00882123, 25.5164, 0.506042, -55.9787, 0.527218, 122.692
1596, 26.59167, 0.408283, -52.858, 24.9983, -145.6, 26.0267, 33.0917, 0.00883073, 25.4379, 0.505955, -55.9762, 0.527146, 122.692
1596, 26.60000, 0.408442, -52.9469, 24.9854, -145.598, 26.0142, 33.0919, 0.00884022, 25.3591, 0.505868, -55.9738, 0.527074, 122.692
1597, 26.60833, 0.408599, -53.0359, 24.9725, -145.595, 26.0017, 33.0921, 0.00884971, 25.2803, 0.505781, -55.9713, 0.527001, 122.692
1597, 26.61667, 0.408756, -53.1251, 24.9596, -145.593, 25.9892, 33.0922, 0.00885919, 25.2012, 0.505694, -55.9689, 0.526929, 122.692
1598, 26.62500, 0.408912, -53.2145, 24.9467, -145.59, 25.9767, 33.0924, 0.00886867, 25.122, 0.505606, -55.9664, 0.526857, 122.692
1598, 26.63333, 0.409068, -53.3041, 24.9338, -145.588, 25.9642, 33.0926, 0.00887814, 25.0427, 0.505519, -55.9639, 0.526784, 122.692
1599, 26.64167, 0.409222, -53.3939, 24.9209, -145.586, 25.9517, 33.0928, 0.00888761, 24.9631, 0.505432, -55.9614, 0.526712, 122.692
1599, 26.65000, 0.409376, -53.4839, 24.9081, -145.583, 25.9392, 33.093, 0.00889708, 24.8835, 0.505344, -55.959, 0.526639, 122.692
1600, 26.65833, 0.40953, -53.574, 24.8952, -145.581, 25.9267, 33.0932, 0.00890654, 24.8036, 0.505257, -55.9565, 0.526567, 122.693
1600, 26.66667, 0.409683, -53.6644, 24.8823, -145.579, 25.9142, 33.0934, 0.008916, 24.7236, 0.505169, -55.954, 0.526494, 122.693
1601, 26.67500, 0.409835, -53.7549, 24.8695, -145.576, 25.9018, 33.0936, 0.00892545, 24.6435, 0.505081, -55.9515, 0.526422, 122.693
1601, 26.68333, 0.409986, -53.8456, 24.8566, -145.574, 25.8893, 33.0938, 0.0089349, 24.5632, 0.504994, -55.949, 0.526349, 122.693
1602, 26.69167, 0.410137, -53.9365, 24.8438, -145.571, 25.8769, 33.094, 0.00894434, 24.4827, 0.504906, -55.9465, 0.526276, 122.693
1602, 26.70000, 0.410287, -54.0276, 24.8309, -145.569, 25.8644, 33.0942, 0.00895378, 24.402, 0.504818, -55.944, 0.526204, 122.693
1603, 26.70833, 0.410436, -54.1188, 24.8181, -145.567, 25.852, 33.0944, 0.00896321, 24.3212, 0.50473, -55.9414, 0.526131, 122.693
1603, 26.71667, 0.410584, -54.2103, 24.8052, -145.564, 25.8396, 33.0946, 0.00897264, 24.2403, 0.504642, -55.9389, 0.526058, 122.693
1604, 26.72500, 0.410732, -54.3019, 24.7924, -145.562, 25.8271, 33.0948, 0.00898206, 24.1592, 0.504554, -55.9364, 0.525985, 122.693
1604, 26.73333, 0.410879, -54.3937, 24.7796, -145.559, 25.8147, 33.095, 0.00899148, 24.0779, 0.504466, -55.9338, 0.525912, 122.693
1605, 26.74167, 0.411026, -54.4857, 24.7667, -145.557, 25.8023, 33.0952, 0.00900089, 23.9965, 0.504378, -55.9313, 0.525839, 122.693
1605, 26.75000, 0.411171, -54.5779, 24.7539, -145.554, 25.7899, 33.0954, 0.0090103, 23.9149, 0.50429, -55.9287, 0.525766, 122.693
1606, 26.75833, 0.411316, -54.6702, 24.7411, -145.552, 25.7775, 33.0956, 0.0090197, 23.8332, 0.504202, -55.9262, 0.525693, 122.694
1606, 26.76667, 0.41146, -54.7628, 24.7283, -145.55, 25.7651, 33.0958, 0.0090291, 23.7513, 0.504113, -55.9236, 0.52562, 122.694
1607, 26.77500, 0.411604, -54.8555, 24.7155, -145.547, 25.7527, 33.096, 0.00903849, 23.6692, 0.504025, -55.921, 0.525547, 122.694
1607, 26.78333, 0.411747, -54.9484, 24.7027, -145.545, 25.7403, 33.0963, 0.00904787, 23.587, 0.503937, -55.9185, 0.525474, 122.694
1608, 26.79167, 0.411889, -55.0415, 24.6899, -145.542, 25.7279, 33.0965, 0.00905725, 23.5046, 0.503848, -55.9159, 0.5254, 122.694
1608, 26.80000, 0.41203, -55.1348, 24.6771, -145.54, 25.7155, 33.0967, 0.00906662, 23.4221, 0.50376, -55.9133, 0.525327, 122.694
1609, 26.80833, 0.41217, -55.2283, 24.6644, -145.537, 25.7031, 33.0969, 0.00907599, 23.3394, 0.503671, -55.9107, 0.525254, 122.694
1609, 26.81667, 0.41231, -55.3219, 24.6516, -145.535, 25.6908, 33.0972, 0.00908535, 23.2566, 0.503582, -55.9081, 0.525181, 122.694
1610, 26.82500, 0.412449, -55.4157, 24.6388, -145.532, 25.6784, 33.0974, 0.00909471, 23.1736, 0.503494, -55.9055, 0.525107, 122.694
1610, 26.83333, 0.412588, -55.5098, 24.626, -145.53, 25.666, 33.0976, 0.00910406, 23.0905, 0.503405, -55.9029, 0.525034, 122.694
1611, 26.84167, 0.412725, -55.604, 24.6133, -145.527, 25.6537, 33.0978, 0.0091134, 23.0072, 0.503316, -55.9003, 0.52496, 122.695
1611, 26.85000, 0.412862, -55.6983, 24.6005, -145.525, 25.6413, 33.0981, 0.00912273, 22.9237, 0.503227, -55.8976, 0.524887, 122.695
1612, 26.85833, 0.412998, -55.7929, 24.5878, -145.522, 25.629, 33.0983, 0.00913206, 22.8401, 0.503138, -55.895, 0.524813, 122.695
1612, 26.86667, 0.413133, -55.8876, 24.575, -145.52, 25.6167, 33.0985, 0.00914139, 22.7564, 0.503049, -55.8924, 0.52474, 122.695
1613, 26.87500, 0.413268, -55.9826, 24.5623, -145.517, 25.6043, 33.0988, 0.0091507, 22.6724, 0.50296, -55.8897, 0.524666, 122.695
1613, 26.88333, 0.413402, -56.0777, 24.5495, -145.515, 25.592, 33.099, 0.00916001, 22.5884, 0.502871, -55.8871, 0.524592, 122.695
1614, 26.89167, 0.413535, -56.173, 24.5368, -145.512, 25.5797, 33.0993, 0.00916931, 22.5041, 0.502782, -55.8844, 0.524518, 122.695
1614, 26.90000, 0.413667, -56.2684, 24.5241, -145.509, 25.5674, 33.0995, 0.00917861, 22.4198, 0.502692, -55.8818, 0.524445, 122.695
1615, 26.90833, 0.413798, -56.3641, 24.5114, -145.507, 25.5551, 33.0998, 0.00918789, 22.3352, 0.502603, -55.8791, 0.524371, 122.695
1615, 26.91667, 0.413929, -56.4599, 24.4986, -145.504, 25.5428, 33.1, 0.00919718, 22.2505, 0.502513, -55.8764, 0.524297, 122.696
1616, 26.92500, 0.414059, -56.556, 24.4859, -145.502, 25.5305, 33.1002, 0.00920645, 22.1657, 0.502424, -55.8738, 0.524223, 122.696
1616, 26.93333, 0.414188, -56.6522, 24.4732, -145.499, 25.5182, 33.1005, 0.00921572, 22.0807, 0.502334, -55.8711, 0.524149, 122.696
1617, 26.94167, 0.414317, -56.7486, 24.4605, -145.497, 25.5059, 33.1008, 0.00922498, 21.9956, 0.502245, -55.8684, 0.524075, 122.696
1617, 26.95000, 0.414444, -56.8451, 24.4478, -145.494, 25.4936, 33.101, 0.00923423, 21.9103, 0.502155, -55.8657, 0.524001, 122.696
1618, 26.95833, 0.414571, -56.9419, 24.4351, -145.491, 25.4813, 33.1013, 0.00924347, 21.8249, 0.502065, -55.863, 0.523927, 122.696
1618, 26.96667, 0.414697, -57.0388, 24.4224, -145.489, 25.4691, 33.1015, 0.00925271, 21.7392, 0.501976, -55.8603, 0.523853, 122.696
1619, 26.97500, 0.414822, -57.1359, 24.4097, -145.486, 25.4568, 33.1018, 0.00926194, 21.6535, 0.501886, -55.8576, 0.523778, 122.697
1619, 26.98333, 0.414947, -57.2332, 24.3971, -145.484, 25.4445, 33.102, 0.00927116, 21.5676, 0.501796, -55.8548, 0.523704, 122.697
1620, 26.99167, 0.415071, -57.3307, 24.3844, -145.481, 25.4323, 33.1023, 0.00928037, 21.4816, 0.501706, -55.8521, 0.52363, 122.697
1620, 27.00000, 0.415193, -57.4283, 24.3717, -145.478, 25.42, 33.1026, 0.00928957, 21.3954, 0.501616, -55.8494, 0.523555, 122.697
1621, 27.00833, 0.415316, -57.5262, 24.359, -145.476, 25.4078, 33.1028, 0.00929877, 21.309, 0.501526, -55.8466, 0.523481, 122.697
1621, 27.01667, 0.415437, -57.6242, 24.3464, -145.473, 25.3956, 33.1031, 0.00930796, 21.2225, 0.501435, -55.8439, 0.523407, 122.697
1622, 27.02500, 0.415557, -57.7224, 24.3337, -145.47, 25.3833, 33.1034, 0.00931714, 21.1359, 0.501345, -55.8411, 0.523332, 122.697
1622, 27.03333, 0.415677, -57.8208, 24.3211, -145.468, 25.3711, 33.1037, 0.00932631, 21.0491, 0.501255, -55.8384, 0.523258, 122.698
1623, 27.04167, 0.415796, -57.9193, 24.3084, -145.465, 25.3589, 33.1039, 0.00933547, 20.9621, 0.501164, -55.8356, 0.523183, 122.698
1623, 27.05000, 0.415914, -58.0181, 24.2958, -145.462, 25.3467, 33.1042, 0.00934463, 20.875, 0.501074, -55.8328, 0.523108, 122.698
1624, 27.05833, 0.416031, -58.117, 24.2831, -145.46, 25.3345, 33.1045, 0.00935377, 20.7878, 0.500983, -55.8301, 0.523034, 122.698
1624, 27.06667, 0.416148, -58.2161, 24.2705, -145.457, 25.3223, 33.1048, 0.00936291, 20.7004, 0.500893, -55.8273, 0.522959, 122.698
1625, 27.07500, 0.416263, -58.3154, 24.2579, -145.454, 25.3101, 33.1051, 0.00937204, 20.6129, 0.500802, -55.8245, 0.522884, 122.698
1625, 27.08333, 0.416378, -58.4149, 24.2452, -145.452, 25.2979, 33.1053, 0.00938116, 20.5252, 0.500712, -55.8217, 0.52281, 122.698
1626, 27.09167, 0.416492, -58.5145, 24.2326, -145.449, 25.2857, 33.1056, 0.00939027, 20.4373, 0.500621, -55.8189, 0.522735, 122.699
1626, 27.10000, 0.416606, -58.6143, 24.22, -145.446, 25.2735, 33.1059, 0.00939937, 20.3493, 0.50053, -55.8161, 0.52266, 122.699
1627, 27.10833, 0.416718, -58.7143, 24.2074, -145.444, 25.2613, 33.1062, 0.00940846, 20.2612, 0.500439, -55.8133, 0.522585, 122.699
1627, 27.11667, 0.41683, -58.8145, 24.1948, -145.441, 25.2491, 33.1065, 0.00941755, 20.1729, 0.500348, -55.8104, 0.52251, 122.699
1628, 27.12500, 0.41694, -58.9149, 24.1822, -145.438, 25.237, 33.1068, 0.00942662, 20.0845, 0.500257, -55.8076, 0.522435, 122.699
1628, 27.13333, 0.41705, -59.0154, 24.1696, -145.436, 25.2248, 33.1071, 0.00943568, 19.996, 0.500166, -55.8048, 0.52236, 122.699
1629, 27.14167, 0.417159, -59.1162, 24.157, -145.433, 25.2126, 33.1074, 0.00944474, 19.9072, 0.500075, -55.8019, 0.522285, 122.7
1629, 27.15000, 0.417268, -59.2171, 24.1444, -145.43, 25.2005, 33.1077, 0.00945378, 19.8184, 0.499983, -55.7991, 0.522209, 122.7
1630, 27.15833, 0.417375, -59.3181, 24.1318, -145.427, 25.1883, 33.108, 0.00946282, 19.7294, 0.499892, -55.7962, 0.522134, 122.7
1630, 27.16667, 0.417482, -59.4194, 24.1192, -145.425, 25.1762, 33.1083, 0.00947185, 19.6402, 0.4998, -55.7934, 0.522059, 122.7
1631, 27.17500, 0.417588, -59.5208, 24.1066, -145.422, 25.1641, 33.1086, 0.00948086, 19.5509, 0.499709, -55.7905, 0.521984, 122.7
1631, 27.18333, 0.417693, -59.6225, 24.0941, -145.419, 25.1519, 33.1089, 0.00948987, 19.4615, 0.499617, -55.7876, 0.521908, 122.701
1632, 27.19167, 0.417797, -59.7243, 24.0815, -145.416, 25.1398, 33.1092, 0.00949887, 19.3719, 0.499526, -55.7847, 0.521833, 122.701
1632, 27.20000, 0.4179, -59.8262, 24.0689, -145.414, 25.1277, 33.1096, 0.00950785, 19.2822, 0.499434, -55.7819, 0.521757, 122.701
1633, 27.20833, 0.418003, -59.9284, 24.0564, -145.411, 25.1156, 33.1099, 0.00951683, 19.1923, 0.499342, -55.779, 0.521682, 122.701
1633, 27.21667, 0.418104, -60.0307, 24.0438, -145.408, 25.1035, 33.1102, 0.0095258, 19.1023, 0.49925, -55.7761, 0.521606, 122.701
1634, 27.22500, 0.418205, -60.1332, 24.0313, -145.405, 25.0913, 33.1105, 0.00953475, 19.0122, 0.499159, -55.7732, 0.521531, 122.701
1634, 27.23333, 0.418305, -60.2359, 24.0187, -145.402, 25.0792, 33.1108, 0.0095437, 18.9219, 0.499067, -55.7702, 0.521455, 122.702
1635, 27.24167, 0.418404, -60.3388, 24.0062, -145.4, 25.0671, 33.1111, 0.00955263, 18.8314, 0.498975, -55.7673, 0.521379, 122.702
1635, 27.25000, 0.418502, -60.4418, 23.9936, -145.397, 25.0551, 33.1115, 0.00956156, 18.7409, 0.498882, -55.7644, 0.521304, 122.702
1636, 27.25833, 0.4186, -60.545, 23.9811, -145.394, 25.043, 33.1118, 0.00957047, 18.6501, 0.49879, -55.7615, 0.521228, 122.702
1636, 27.26667, 0.418696, -60.6484, 23.9686, -145.391, 25.0309, 33.1121, 0.00957937, 18.5593, 0.498698, -55.7585, 0.521152, 122.702
1637, 27.27500, 0.418792, -60.752, 23.956, -145.388, 25.0188, 33.1125, 0.00958827, 18.4683, 0.498606, -55.7556, 0.521076, 122.703
1637, 27.28333, 0.418887, -60.8558, 23.9435, -145.385, 25.0067, 33.1128, 0.00959715, 18.3771, 0.498513, -55.7526, 0.521, 122.703
1638, 27.29167, 0.418981, -60.9597, 23.931, -145.383, 24.9947, 33.1131, 0.00960602, 18.2859, 0.498421, -55.7497, 0.520924, 122.703
1638, 27.30000, 0.419074, -61.0638, 23.9185, -145.38, 24.9826, 33.1135, 0.00961488, 18.1944, 0.498328, -55.7467, 0.520848, 122.703
1639, 27.30833, 0.419167, -61.1681, 23.906, -145.377, 24.9706, 33.1138, 0.00962373, 18.1029, 0.498235, -55.7437, 0.520772, 122.703
1639, 27.31667, 0.419258, -61.2726, 23.8935, -145.374, 24.9585, 33.1142, 0.00963257, 18.0112, 0.498143, -55.7407, 0.520696, 122.704
1640, 27.32500, 0.419349, -61.3772, 23.881, -145.371, 24.9465, 33.1145, 0.00964139, 17.9193, 0.49805, -55.7377, 0.52062, 122.704
1640, 27.33333, 0.419438, -61.482, 23.8685, -145.368, 24.9344, 33.1148, 0.00965021, 17.8274, 0.497957, -55.7347, 0.520544, 122.704
1641, 27.34167, 0.419527, -61.587, 23.856, -145.365, 24.9224, 33.1152, 0.00965901, 17.7352, 0.497864, -55.7317, 0.520468, 122.704
1641, 27.35000, 0.419615, -61.6922, 23.8435, -145.362, 24.9104, 33.1155, 0.00966781, 17.643, 0.497771, -55.7287, 0.520391, 122.705
1642, 27.35833, 0.419703, -61.7975, 23.831, -145.359, 24.8983, 33.1159, 0.00967659, 17.5506, 0.497678, -55.7257, 0.520315, 122.705
1642, 27.36667, 0.419789, -61.903, 23.8185, -145.357, 24.8863, 33.1162, 0.00968536, 17.4581, 0.497585, -55.7227, 0.520239, 122.705
1643, 27.37500, 0.419874, -62.0087, 23.806, -145.354, 24.8743, 33.1166, 0.00969412, 17.3654, 0.497492, -55.7197, 0.520162, 122.705
1643, 27.38333, 0.419959, -62.1146, 23.7936, -145.351, 24.8623, 33.117, 0.00970286, 17.2726, 0.497398, -55.7166, 0.520086, 122.705
1644, 27.39167, 0.420043, -62.2206, 23.7811, -145.348, 24.8503, 33.1173, 0.0097116, 17.1797, 0.497305, -55.7136, 0.520009, 122.706
1644, 27.40000, 0.420126, -62.3268, 23.7686, -145.345, 24.8383, 33.1177, 0.00972032, 17.0866, 0.497212, -55.7105, 0.519932, 122.706
1645, 27.40833, 0.420208, -62.4332, 23.7562, -145.342, 24.8263, 33.118, 0.00972903, 16.9934, 0.497118, -55.7075, 0.519856, 122.706
1645, 27.41667, 0.420289, -62.5398, 23.7437, -145.339, 24.8143, 33.1184, 0.00973773, 16.9, 0.497024, -55.7044, 0.519779, 122.706
1646, 27.42500, 0.420369, -62.6466, 23.7313, -145.336, 24.8023, 33.1188, 0.00974642, 16.8066, 0.496931, -55.7013, 0.519702, 122.707
1646, 27.43333, 0.420449, -62.7535, 23.7188, -145.333, 24.7904, 33.1191, 0.00975509, 16.7129, 0.496837, -55.6983, 0.519626, 122.707
1647, 27.44167, 0.420527, -62.8606, 23.7064, -145.33, 24.7784, 33.1195, 0.00976375, 16.6192, 0.496743, -55.6952, 0.519549, 122.707
1647, 27.45000, 0.420605, -62.9678, 23.6939, -145.327, 24.7664, 33.1199, 0.00977241, 16.5253, 0.496649, -55.6921, 0.519472, 122.707
1648, 27.45833, 0.420682, -63.0753, 23.6815, -145.324, 24.7544, 33.1203, 0.00978104, 16.4313, 0.496555, -55.689, 0.519395, 122.708
1648, 27.46667, 0.420758, -63.1829, 23.6691, -145.321, 24.7425, 33.1206, 0.00978967, 16.3371, 0.496461, -55.6859, 0.519318, 122.708
1649, 27.47500, 0.420833, -63.2907, 23.6566, -145.318, 24.7305, 33.121, 0.00979828, 16.2429, 0.496367, -55.6828, 0.519241, 122.708
1649, 27.48333, 0.420907, -63.3986, 23.6442, -145.315, 24.7186, 33.1214, 0.00980688, 16.1485, 0.496273, -55.6796, 0.519164, 122.708
1650, 27.49167, 0.420981, -63.5068, 23.6318, -145.312, 24.7066, 33.1218, 0.00981547, 16.0539, 0.496178, -55.6765, 0.519087, 122.709
1650, 27.50000, 0.421053, -63.6151, 23.6194, -145.309, 24.6947, 33.1222, 0.00982405, 15.9592, 0.496084, -55.6734, 0.51901, 122.709
1651, 27.50833, 0.421125, -63.7236, 23.6069, -145.306, 24.6828, 33.1226, 0.00983261, 15.8644, 0.49599, -55.6702, 0.518932, 122.709
1651, 27.51667, 0.421196, -63.8322, 23.5945, -145.303, 24.6708, 33.123, 0.00984116, 15.7695, 0.495895, -55.6671, 0.518855, 122.709
1652, 27.52500, 0.421265, -63.9411, 23.5821, -145.3, 24.6589, 33.1234, 0.0098497, 15.6744, 0.4958, -55.6639, 0.518778, 122.71
1652, 27.53333, 0.421334, -64.0501, 23.5697, -145.297, 24.647, 33.1238, 0.00985822, 15.5792, 0.495706, -55.6608, 0.5187, 122.71
1653, 27.54167, 0.421403, -64.1592, 23.5573, -145.294, 24.6351, 33.1242, 0.00986673, 15.4839, 0.495611, -55.6576, 0.518623, 122.71
1653, 27.55000, 0.42147, -64.2686, 23.5449, -145.291, 24.6232, 33.1245, 0.00987523, 15.3884, 0.495516, -55.6544, 0.518546, 122.71
1654, 27.55833, 0.421536, -64.3781, 23.5325, -145.288, 24.6113, 33.125, 0.00988372, 15.2928, 0.495421, -55.6512, 0.518468, 122.711
1654, 27.56667, 0.421602, -64.4878, 23.5201, -145.285, 24.5994, 33.1254, 0.00989219, 15.1971, 0.495326, -55.648, 0.51839, 122.711
1655, 27.57500, 0.421667, -64.5977, 23.5078, -145.281, 24.5875, 33.1258, 0.00990065, 15.1013, 0.495231, -55.6448, 0.518313, 122.711
1655, 27.58333, 0.42173, -64.7077, 23.4954, -145.278, 24.5756, 33.1262, 0.00990909, 15.0053, 0.495136, -55.6416, 0.518235, 122.712
1656, 27.59167, 0.421793, -64.8179, 23.483, -145.275, 24.5637, 33.1266, 0.00991753, 14.9092, 0.49504, -55.6384, 0.518157, 122.712
1656, 27.60000, 0.421856, -64.9283, 23.4706, -145.272, 24.5518, 33.127, 0.00992594, 14.8129, 0.494945, -55.6352, 0.51808, 122.712
1657, 27.60833, 0.421917, -65.0388, 23.4583, -145.269, 24.5399, 33.1274, 0.00993435, 14.7166, 0.49485, -55.6319, 0.518002, 122.712
1657, 27.61667, 0.421977, -65.1496, 23.4459, -145.266, 24.5281, 33.1278, 0.00994274, 14.6201, 0.494754, -55.6287, 0.517924, 122.713
1658, 27.62500, 0.422037, -65.2605, 23.4335, -145.263, 24.5162, 33.1282, 0.00995112, 14.5235, 0.494659, -55.6254, 0.517846, 122.713
1658, 27.63333, 0.422095, -65.3715, 23.4212, -145.26, 24.5043, 33.1287, 0.00995949, 14.4267, 0.494563, -55.6222, 0.517768, 122.713
1659, 27.64167, 0.422153, -65.4828, 23.4088, -145.256, 24.4925, 33.1291, 0.00996784, 14.3299, 0.494467, -55.6189, 0.51769, 122.714
1659, 27.65000, 0.42221, -65.5942, 23.3965, -145.253, 24.4806, 33.1295, 0.00997618, 14.2329, 0.494371, -55.6156, 0.517612, 122.714
1660, 27.65833, 0.422266, -65.7058, 23.3841, -145.25, 24.4688, 33.1299, 0.0099845, 14.1358, 0.494275, -55.6124, 0.517534, 122.714
1660, 27.66667, 0.422321, -65.8175, 23.3718, -145.247, 24.4569, 33.1304, 0.00999281, 14.0385, 0.494179, -55.6091, 0.517456, 122.714
1661, 27.67500, 0.422375, -65.9294, 23.3594, -145.244, 24.4451, 33.1308, 0.0100011, 13.9412, 0.494083, -55.6058, 0.517378, 122.715
1661, 27.68333, 0.422429, -66.0415, 23.3471, -145.241, 24.4333, 33.1312, 0.0100094, 13.8437, 0.493987, -55.6025, 0.517299, 122.715
1662, 27.69167, 0.422481, -66.1538, 23.3347, -145.237, 24.4214, 33.1317, 0.0100177, 13.7461, 0.493891, -55.5992, 0.517221, 122.715
1662, 27.70000, 0.422533, -66.2662, 23.3224, -145.234, 24.4096, 33.1321, 0.0100259, 13.6483, 0.493794, -55.5959, 0.517143, 122.716
1663, 27.70833, 0.422584, -66.3788, 23.3101, -145.231, 24.3978, 33.1326, 0.0100342, 13.5505, 0.493698, -55.5925, 0.517064, 122.716
1663, 27.71667, 0.422634, -66.4916, 23.2978, -145.228, 24.386, 33.133, 0.0100424, 13.4525, 0.493601, -55.5892, 0.516986, 122.716
1664, 27.72500, 0.422683, -66.6045, 23.2854, -145.224, 24.3742, 33.1334, 0.0100506, 13.3544, 0.493505, -55.5858, 0.516907, 122.717
1664, 27.73333, 0.422731, -66.7176, 23.2731, -145.221, 24.3624, 33.1339, 0.0100588, 13.2562, 0.493408, -55.5825, 0.516829, 122.717
1665, 27.74167, 0.422778, -66.8309, 23.2608, -145.218, 24.3506, 33.1343, 0.010067, 13.1578, 0.493311, -55.5791, 0.51675, 122.717
1665, 27.75000, 0.422825, -66.9443, 23.2485, -145.215, 24.3388, 33.1348, 0.0100751, 13.0594, 0.493214, -55.5758, 0.516672, 122.718
1666, 27.75833, 0.422871, -67.0579, 23.2362, -145.211, 24.327, 33.1352, 0.0100833, 12.9608, 0.493117, -55.5724, 0.516593, 122.718
1666, 27.76667, 0.422915, -67.1717, 23.2239, -145.208, 24.3152, 33.1357, 0.0100914, 12.8621, 0.49302, -55.569, 0.516514, 122.718
1667, 27.77500, 0.422959, -67.2857, 23.2116, -145.205, 24.3034, 33.1362, 0.0100996, 12.7632, 0.492923, -55.5656, 0.516435, 122.719
1667, 27.78333, 0.423003, -67.3998, 23.1993, -145.202, 24.2917, 33.1366, 0.0101077, 12.6643, 0.492826, -55.5622, 0.516357, 122.719
1668, 27.79167, 0.423045, -67.5141, 23.187, -145.198, 24.2799, 33.1371, 0.0101158, 12.5652, 0.492729, -55.5588, 0.516278, 122.719
1668, 27.80000, 0.423086, -67.6285, 23.1747, -145.195, 24.2681, 33.1375, 0.0101239, 12.466, 0.492631, -55.5554, 0.516199, 122.72
1669, 27.80833, 0.423127, -67.7431, 23.1624, -145.192, 24.2564, 33.138, 0.0101319, 12.3667, 0.492534, -55.552, 0.51612, 122.72
1669, 27.81667, 0.423166, -67.8579, 23.1501, -145.188, 24.2446, 33.1385, 0.01014, 12.2673, 0.492436, -55.5486, 0.516041, 122.72
1670, 27.82500, 0.423205, -67.9729, 23.1378, -145.185, 24.2328, 33.1389, 0.010148, 12.1678, 0.492338, -55.5451, 0.515961, 122.721
1670, 27.83333, 0.423243, -68.088, 23.1255, -145.182, 24.2211, 33.1394, 0.010156, 12.0681, 0.492241, -55.5417, 0.515882, 122.721
1671, 27.84167, 0.42328, -68.2033, 23.1133, -145.178, 24.2094, 33.1399, 0.010164, 11.9683, 0.492143, -55.5382, 0.515803, 122.721
1671, 27.85000, 0.423317, -68.3188, 23.101, -145.175, 24.1976, 33.1404, 0.010172, 11.8684, 0.492045, -55.5348, 0.515724, 122.722
1672, 27.85833, 0.423352, -68.4344, 23.0887, -145.172, 24.1859, 33.1409, 0.01018, 11.7684, 0.491947, -55.5313, 0.515645, 122.722
1672, 27.86667, 0.423387, -68.5502, 23.0765, -145.168, 24.1742, 33.1413, 0.010188, 11.6683, 0.491849, -55.5278, 0.515565, 122.722
1673, 27.87500, 0.42342, -68.6661, 23.0642, -145.165, 24.1624, 33.1418, 0.0101959, 11.5681, 0.491751, -55.5243, 0.515486, 122.723
1673, 27.88333, 0.423453, -68.7823, 23.0519, -145.162, 24.1507, 33.1423, 0.0102039, 11.4677, 0.491652, -55.5208, 0.515406, 122.723
1674, 27.89167, 0.423485, -68.8986, 23.0397, -145.158, 24.139, 33.1428, 0.0102118, 11.3673, 0.491554, -55.5173, 0.515327, 122.723
1674, 27.90000, 0.423517, -69.015, 23.0274, -145.155, 24.1273, 33.1433, 0.0102197, 11.2667, 0.491455, -55.5138, 0.515247, 122.724
1675, 27.90833, 0.423547, -69.1316, 23.0152, -145.151, 24.1156, 33.1438, 0.0102276, 11.166, 0.491357, -55.5103, 0.515168, 122.724
1675, 27.91667, 0.423577, -69.2484, 23.0029, -145.148, 24.1039, 33.1443, 0.0102355, 11.0652, 0.491258, -55.5067, 0.515088, 122.724
1676, 27.92500, 0.423605, -69.3654, 22.9907, -145.144, 24.0922, 33.1448, 0.0102433, 10.9642, 0.491159, -55.5032, 0.515008, 122.725
1676, 27.93333, 0.423633, -69.4825, 22.9784, -145.141, 24.0805, 33.1453, 0.0102512, 10.8632, 0.491061, -55.4996, 0.514928, 122.725
1677, 27.94167, 0.42366, -69.5998, 22.9662, -145.138, 24.0688, 33.1458, 0.010259, 10.7621, 0.490962, -55.4961, 0.514849, 122.725
1677, 27.95000, 0.423687, -69.7172, 22.954, -145.134, 24.0571, 33.1463, 0.0102668, 10.6608, 0.490863, -55.4925, 0.514769, 122.726
1678, 27.95833, 0.423712, -69.8348, 22.9417, -145.131, 24.0454, 33.1468, 0.0102746, 10.5594, 0.490763, -55.4889, 0.514689, 122.726
1678, 27.96667, 0.423737, -69.9526, 22.9295, -145.127, 24.0338, 33.1473, 0.0102824, 10.4579, 0.490664, -55.4854, 0.514609, 122.727
1679, 27.97500, 0.423761, -70.0706, 22.9173, -145.124, 24.0221, 33.1478, 0.0102902, 10.3563, 0.490565, -55.4818, 0.514529, 122.727
1679, 27.98333, 0.423783, -70.1887, 22.9051, -145.12, 24.0104, 33.1483, 0.0102979, 10.2546, 0.490465, -55.4782, 0.514449, 122.727
1680, 27.99167, 0.423806, -70.307, 22.8928, -145.117, 23.9988, 33.1488, 0.0103057, 10.1528, 0.490366, -55.4746, 0.514369, 122.728
1680, 28.00000, 0.423827, -70.4254, 22.8806, -145.113, 23.9871, 33.1493, 0.0103134, 10.0509, 0.490266, -55.4709, 0.514288, 122.728
1681, 28.00833, 0.423847, -70.544, 22.8684, -145.11, 23.9755, 33.1499, 0.0103211, 9.94885, 0.490167, -55.4673, 0.514208, 122.728
1681, 28.01667, 0.423867, -70.6628, 22.8562, -145.106, 23.9638, 33.1504, 0.0103288, 9.8467, 0.490067, -55.4637, 0.514128, 122.729
1682, 28.02500, 0.423886, -70.7817, 22.844, -145.103, 23.9522, 33.1509, 0.0103365, 9.74445, 0.489967, -55.46, 0.514048, 122.729
1682, 28.03333, 0.423904, -70.9008, 22.8318, -145.099, 23.9405, 33.1514, 0.0103441, 9.64209, 0.489867, -55.4564, 0.513967, 122.73
1683, 28.04167, 0.423922, -71.0201, 22.8196, -145.096, 23.9289, 33.152, 0.0103518, 9.53961, 0.489767, -55.4527, 0.513887, 122.73
1683, 28.05000, 0.423938, -71.1395, 22.8074, -145.092, 23.9173, 33.1525, 0.0103594, 9.43703, 0.489667, -55.449, 0.513806, 122.73
1684, 28.05833, 0.423954, -71.2591, 22.7952, -145.088, 23.9057, 33.153, 0.010367, 9.33435, 0.489566, -55.4454, 0.513726, 122.731
1684, 28.06667, 0.423969, -71.3788, 22.783, -145.085, 23.894, 33.1536, 0.0103746, 9.23155, 0.489466, -55.4417, 0.513645, 122.731
1685, 28.07500, 0.423983, -71.4987, 22.7708, -145.081, 23.8824, 33.1541, 0.0103822, 9.12865, 0.489365, -55.438, 0.513564, 122.732
1685, 28.08333, 0.423996, -71.6188, 22.7586, -145.078, 23.8708, 33.1546, 0.0103898, 9.02565, 0.489265, -55.4343, 0.513484, 122.732
1686, 28.09167, 0.424009, -71.7391, 22.7464, -145.074, 23.8592, 33.1552, 0.0103973, 8.92252, 0.489164, -55.4305, 0.513403, 122.732
1686, 28.10000, 0.42402, -71.8595, 22.7342, -145.07, 23.8476, 33.1557, 0.0104048, 8.81931, 0.489063, -55.4268, 0.513322, 122.733
1687, 28.10833, 0.424031, -71.98, 22.7221, -145.067, 23.836, 33.1563, 0.0104124, 8.71599, 0.488963, -55.4231, 0.513241, 122.733
1687, 28.11667, 0.424041, -72.1007, 22.7099, -145.063, 23.8244, 33.1568, 0.0104199, 8.61255, 0.488862, -55.4193, 0.51316, 122.734
1688, 28.12500, 0.424051, -72.2216, 22.6977, -145.06, 23.8128, 33.1574, 0.0104274, 8.50902, 0.488761, -55.4156, 0.513079, 122.734
1688, 28.13333, 0.42406, -72.3427, 22.6855, -145.056, 23.8012, 33.1579, 0.0104348, 8.40539, 0.488659, -55.4118, 0.512998, 122.734
1689, 28.14167, 0.424067, -72.4639, 22.6734, -145.052, 23.7897, 33.1585, 0.0104423, 8.30164, 0.488558, -55.408, 0.512917, 122.735
1689, 28.15000, 0.424074, -72.5853, 22.6612, -145.049, 23.7781, 33.159, 0.0104497, 8.1978, 0.488457, -55.4042, 0.512836, 122.735
1690, 28.15833, 0.424081, -72.7068, 22.649, -145.045, 23.7665, 33.1596, 0.0104572, 8.09385, 0.488355, -55.4004, 0.512755, 122.736
1690, 28.16667, 0.424086, -72.8285, 22.6369, -145.041, 23.7549, 33.1601, 0.0104646, 7.98979, 0.488254, -55.3966, 0.512674, 122.736
1691, 28.17500, 0.424091, -72.9504, 22.6247, -145.037, 23.7434, 33.1607, 0.010472, 7.88564, 0.488152, -55.3928, 0.512593, 122.737
1691, 28.18333, 0.424095, -73.0724, 22.6125, -145.034, 23.7318, 33.1613, 0.0104794, 7.78139, 0.48805, -55.389, 0.512511, 122.737
1692, 28.19167, 0.424099, -73.1946, 22.6004, -145.03, 23.7203, 33.1618, 0.0104867, 7.67702, 0.487948, -55.3852, 0.51243, 122.737
1692, 28.20000, 0.424101, -73.3169, 22.5882, -145.026, 23.7087, 33.1624, 0.0104941, 7.57257, 0.487846, -55.3813, 0.512348, 122.738
1693, 28.20833, 0.424103, -73.4394, 22.5761, -145.023, 23.6972, 33.163, 0.0105014, 7.46801, 0.487744, -55.3775, 0.512267, 122.738
1693, 28.21667, 0.424104, -73.5621, 22.5639, -145.019, 23.6856, 33.1636, 0.0105087, 7.36335, 0.487642, -55.3736, 0.512185, 122.739
1694, 28.22500, 0.424104, -73.6849, 22.5518, -145.015, 23.6741, 33.1641, 0.010516, 7.25859, 0.48754, -55.3697, 0.512104, 122.739
1694, 28.23333, 0.424104, -73.8079, 22.5397, -145.011, 23.6626, 33.1647, 0.0105233, 7.15373, 0.487437, -55.3658, 0.512022, 122.74
1695, 28.24167, 0.424103, -73.9311, 22.5275, -145.007, 23.651, 33.1653, 0.0105306, 7.04876, 0.487335, -55.3619, 0.51194, 122.74
1695, 28.25000, 0.424101, -74.0544, 22.5154, -145.004, 23.6395, 33.1659, 0.0105378, 6.94371, 0.487232, -55.358, 0.511859, 122.741
1696, 28.25833, 0.424098, -74.1778, 22.5032, -145, 23.628, 33.1665, 0.0105451, 6.83855, 0.48713, -55.3541, 0.511777, 122.741
1696, 28.26667, 0.424095, -74.3015, 22.4911, -144.996, 23.6165, 33.167, 0.0105523, 6.73329, 0.487027, -55.3502, 0.511695, 122.741
1697, 28.27500, 0.424091, -74.4253, 22.479, -144.992, 23.605, 33.1676, 0.0105595, 6.62794, 0.486924, -55.3463, 0.511613, 122.742
1697, 28.28333, 0.424086, -74.5492, 22.4669, -144.988, 23.5935, 33.1682, 0.0105667, 6.52249, 0.486821, -55.3423, 0.511531, 122.742
1698, 28.29167, 0.42408, -74.6733, 22.4547, -144.985, 23.582, 33.1688, 0.0105739, 6.41693, 0.486718, -55.3384, 0.511449, 122.743
1698, 28.30000, 0.424074, -74.7976, 22.4426, -144.981, 23.5705, 33.1694, 0.0105811, 6.31129, 0.486615, -55.3344, 0.511367, 122.743
1699, 28.30833, 0.424067, -74.922, 22.4305, -144.977, 23.559, 33.17, 0.0105882, 6.20554, 0.486511, -55.3304, 0.511285, 122.744
1699, 28.31667, 0.42406, -75.0466, 22.4184, -144.973, 23.5475, 33.1706, 0.0105953, 6.0997, 0.486408, -55.3265, 0.511203, 122.744
1700, 28.32500, 0.424051, -75.1714, 22.4063, -144.969, 23.536, 33.1712, 0.0106025, 5.99376, 0.486304, -55.3225, 0.51112, 122.745
1700, 28.33333, 0.424042, -75.2963, 22.3941, -144.965, 23.5245, 33.1718, 0.0106096, 5.88773, 0.486201, -55.3185, 0.511038, 122.745
1701, 28.34167, 0.424033, -75.4213, 22.382, -144.961, 23.5131, 33.1724, 0.0106166, 5.7816, 0.486097, -55.3144, 0.510956, 122.746
1701, 28.35000, 0.424022, -75.5466, 22.3699, -144.957, 23.5016, 33.173, 0.0106237, 5.67538, 0.485993, -55.3104, 0.510873, 122.746
1702, 28.35833, 0.424011, -75.672, 22.3578, -144.953, 23.4901, 33.1737, 0.0106308, 5.56906, 0.485889, -55.3064, 0.510791, 122.746
1702, 28.36667, 0.424, -75.7975, 22.3457, -144.95, 23.4787, 33.1743, 0.0106378, 5.46264, 0.485785, -55.3023, 0.510708, 122.747
1703, 28.37500, 0.423987, -75.9232, 22.3336, -144.946, 23.4672, 33.1749, 0.0106448, 5.35614, 0.485681, -55.2983, 0.510626, 122.747
1703, 28.38333, 0.423974, -76.0491, 22.3215, -144.942, 23.4557, 33.1755, 0.0106518, 5.24954, 0.485576, -55.2942, 0.510543, 122.748
1704, 28.39167, 0.42396, -76.1751, 22.3094, -144.938, 23.4443, 33.1761, 0.0106588, 5.14284, 0.485472, -55.2901, 0.51046, 122.748
1704, 28.40000, 0.423946, -76.3013, 22.2973, -144.934, 23.4328, 33.1767, 0.0106658, 5.03606, 0.485368, -55.286, 0.510378, 122.749
1705, 28.40833, 0.423931, -76.4276, 22.2852, -144.93, 23.4214, 33.1774, 0.0106728, 4.92918, 0.485263, -55.2819, 0.510295, 122.749
1705, 28.41667, 0.423915, -76.5541, 22.2731, -144.926, 23.41, 33.178, 0.0106797, 4.8222, 0.485158, -55.2778, 0.510212, 122.75
1706, 28.42500, 0.423899, -76.6808, 22.261, -144.922, 23.3985, 33.1786, 0.0106866, 4.71514, 0.485053, -55.2737, 0.510129, 122.75
1706, 28.43333, 0.423882, -76.8076, 22.249, -144.918, 23.3871, 33.1793, 0.0106936, 4.60799, 0.484948, -55.2696, 0.510046, 122.751
1707, 28.44167, 0.423864, -76.9346, 22.2369, -144.914, 23.3757, 33.1799, 0.0107005, 4.50073, 0.484843, -55.2654, 0.509963, 122.751
1707, 28.45000, 0.423846, -77.0617, 22.2248, -144.91, 23.3643, 33.1805, 0.0107073, 4.39339, 0.484738, -55.2612, 0.50988, 122.752
1708, 28.45833, 0.423827, -77.189, 22.2127, -144.906, 23.3528, 33.1812, 0.0107142, 4.28597, 0.484633, -55.2571, 0.509797, 122.752
1708, 28.46667, 0.423808, -77.3164, 22.2006, -144.901, 23.3414, 33.1818, 0.0107211, 4.17844, 0.484527, -55.2529, 0.509714, 122.753
1709, 28.47500, 0.423788, -77.444, 22.1886, -144.897, 23.33, 33.1824, 0.0107279, 4.07083, 0.484422, -55.2487, 0.509631, 122.753
1709, 28.48333, 0.423767, -77.5718, 22.1765, -144.893, 23.3186, 33.1831, 0.0107347, 3.96313, 0.484316, -55.2445, 0.509547, 122.754
1710, 28.49167, 0.423745, -77.6997, 22.1644, -144.889, 23.3072, 33.1837, 0.0107415, 3.85533, 0.48421, -55.2403, 0.509464, 122.754
1710, 28.50000, 0.423724, -77.8278, 22.1523, -144.885, 23.2958, 33.1844, 0.0107483, 3.74746, 0.484105, -55.2361, 0.509381, 122.755
1711, 28.50833, 0.423701, -77.956, 22.1403, -144.881, 23.2844, 33.185, 0.0107551, 3.63949, 0.483999, -55.2318, 0.509297, 122.755
1711, 28.51667, 0.423678, -78.0844, 22.1282, -144.877, 23.273, 33.1857, 0.0107619, 3.53143, 0.483893, -55.2276, 0.509214, 122.756
1712, 28.52500, 0.423654, -78.213, 22.1161, -144.873, 23.2617, 33.1863, 0.0107686, 3.42329, 0.483786, -55.2233, 0.50913, 122.756
1712, 28.53333, 0.42363, -78.3417, 22.1041, -144.869, 23.2503, 33.187, 0.0107753, 3.31506, 0.48368, -55.2191, 0.509047, 122.757
1713, 28.54167, 0.423605, -78.4706, 22.092, -144.864, 23.2389, 33.1877, 0.0107821, 3.20673, 0.483574, -55.2148, 0.508963, 122.757
1713, 28.55000, 0.423579, -78.5996, 22.08, -144.86, 23.2275, 33.1883, 0.0107888, 3.09832, 0.483467, -55.2105, 0.508879, 122.758
1714, 28.55833, 0.423553, -78.7288, 22.0679, -144.856, 23.2162, 33.189, 0.0107955, 2.98983, 0.48336, -55.2062, 0.508795, 122.758
1714, 28.56667, 0.423527, -78.8581, 22.0559, -144.852, 23.2048, 33.1897, 0.0108021, 2.88124, 0.483254, -55.2019, 0.508712, 122.759
1715, 28.57500, 0.423499, -78.9876, 22.0438, -144.848, 23.1934, 33.1903, 0.0108088, 2.77257, 0.483147, -55.1975, 0.508628, 122.759
1715, 28.58333, 0.423472, -79.1173, 22.0317, -144.843, 23.1821, 33.191, 0.0108154, 2.66382, 0.48304, -55.1932, 0.508544, 122.76
1716, 28.59167, 0.423443, -79.2471, 22.0197, -144.839, 23.1707, 33.1917, 0.0108221, 2.55497, 0.482933, -55.1888, 0.50846, 122.761
1716, 28.60000, 0.423414, -79.377, 22.0077, -144.835, 23.1594, 33.1923, 0.0108287, 2.44605, 0.482825, -55.1845, 0.508376, 122.761
1717, 28.60833, 0.423385, -79.5072, 21.9956, -144.831, 23.148, 33.193, 0.0108353, 2.33704, 0.482718, -55.1801, 0.508291, 122.762
1717, 28.61667, 0.423355, -79.6375, 21.9836, -144.826, 23.1367, 33.1937, 0.0108419, 2.22793, 0.482611, -55.1757, 0.508207, 122.762
1718, 28.62500, 0.423325, -79.7679, 21.9715, -144.822, 23.1254, 33.1944, 0.0108484, 2.11875, 0.482503, -55.1713, 0.508123, 122.763
1718, 28.63333, 0.423294, -79.8985, 21.9595, -144.818, 23.114, 33.1951, 0.010855, 2.00949, 0.482395, -55.1669, 0.508039, 122.763
1719, 28.64167, 0.423262, -80.0292, 21.9474, -144.813, 23.1027, 33.1957, 0.0108615, 1.90013, 0.482287, -55.1625, 0.507954, 122.764
1719, 28.65000, 0.42323, -80.1601, 21.9354, -144.809, 23.0914, 33.1964, 0.0108681, 1.7907, 0.48218, -55.158, 0.50787, 122.764
1720, 28.65833, 0.423198, -80.2912, 21.9234, -144.805, 23.0801, 33.1971, 0.0108746, 1.68118, 0.482072, -55.1536, 0.507786, 122.765
1720, 28.66667, 0.423165, -80.4224, 21.9113, -144.8, 23.0688, 33.1978, 0.0108811, 1.57157, 0.481963, -55.1491, 0.507701, 122.765
1721, 28.67500, 0.423131, -80.5538, 21.8993, -144.796, 23.0574, 33.1985, 0.0108876, 1.46189, 0.481855, -55.1446, 0.507617, 122.766
1721, 28.68333, 0.423097, -80.6853, 21.8873, -144.792, 23.0461, 33.1992, 0.010894, 1.35212, 0.481747, -55.1401, 0.507532, 122.766
1722, 28.69167, 0.423063, -80.817, 21.8753, -144.787, 23.0348, 33.1999, 0.0109005, 1.24226, 0.481638, -55.1356, 0.507447, 122.767
1722, 28.70000, 0.423028, -80.9489, 21.8632, -144.783, 23.0235, 33.2006, 0.0109069, 1.13233, 0.481529, -55.1311, 0.507362, 122.768
1723, 28.70833, 0.422993, -81.0809, 21.8512, -144.778, 23.0122, 33.2013, 0.0109133, 1.02232, 0.481421, -55.1266, 0.507278, 122.768
1723, 28.71667, 0.422957, -81.213, 21.8392, -144.774, 23.0009, 33.202, 0.0109198, 0.912214, 0.481312, -55.1221, 0.507193, 122.769
1724, 28.72500, 0.42292, -81.3453, 21.8272, -144.77, 22.9897, 33.2027, 0.0109262, 0.802039, 0.481203, -55.1175, 0.507108, 122.769
1724, 28.73333, 0.422884, -81.4778, 21.8151, -144.765, 22.9784, 33.2034, 0.0109325, 0.691782, 0.481094, -55.1129, 0.507023, 122.77
1725, 28.74167, 0.422846, -81.6105, 21.8031, -144.761, 22.9671, 33.2041, 0.0109389, 0.581432, 0.480984, -55.1084, 0.506938, 122.77
1725, 28.75000, 0.422809, -81.7432, 21.7911, -144.756, 22.9558, 33.2048, 0.0109453, 0.471014, 0.480875, -55.1038, 0.506853, 122.771
1726, 28.75833, 0.422771, -81.8762, 21.7791, -144.752, 22.9446, 33.2056, 0.0109516, 0.360516, 0.480765, -55.0992, 0.506768, 122.772
1726, 28.76667, 0.422732, -82.0093, 21.7671, -144.747, 22.9333, 33.2063, 0.010958, 0.249924, 0.480656, -55.0946, 0.506682, 122.772
1727, 28.77500, 0.422693, -82.1425, 21.7551, -144.743, 22.922, 33.207, 0.0109643, 0.139265, 0.480546, -55.0899, 0.506597, 122.773
1727, 28.78333, 0.422654, -82.2759, 21.7431, -144.738, 22.9108, 33.2077, 0.0109706, 0.028527, 0.480436, -55.0853, 0.506512, 122.773
1728, 28.79167, 0.422614, -82.4095, 21.731, -144.734, 22.8995, 33.2084, 0.0109769, -0.0823041, 0.480326, -55.0806, 0.506426, 122.774
1728, 28.80000, 0.422574, -82.5432, 21.719, -144.729, 22.8883, 33.2092, 0.0109831, -0.193201, 0.480216, -55.076, 0.506341, 122.774
1729, 28.80833, 0.422533, -82.6771, 21.707, -144.725, 22.877, 33.2099, 0.0109894, -0.304177, 0.480106, -55.0713, 0.506255, 122.775
1729, 28.81667, 0.422492, -82.8111, 21.695, -144.72, 22.8658, 33.2106, 0.0109957, -0.415245, 0.479995, -55.0666, 0.50617, 122.776
1730, 28.82500, 0.422451, -82.9453, 21.683, -144.715, 22.8545, 33.2114, 0.0110019, -0.526379, 0.479885, -55.0619, 0.506084, 122.776
1730, 28.83333, 0.422409, -83.0797, 21.671, -144.711, 22.8433, 33.2121, 0.0110081, -0.63759, 0.479774, -55.0571, 0.505999, 122.777
1731, 28.84167, 0.422367, -83.2142, 21.659, -144.706, 22.832, 33.2128, 0.0110143, -0.748893, 0.479663, -55.0524, 0.505913, 122.777
1731, 28.85000, 0.422324, -83.3488, 21.647, -144.701, 22.8208, 33.2136, 0.0110205, -0.860261, 0.479553, -55.0477, 0.505827, 122.778
1732, 28.85833, 0.422282, -83.4836, 21.635, -144.697, 22.8096, 33.2143, 0.0110267, -0.971706, 0.479441, -55.0429, 0.505741, 122.778
1732, 28.86667, 0.422238, -83.6186, 21.623, -144.692, 22.7984, 33.215, 0.0110329, -1.08324, 0.47933, -55.0381, 0.505655, 122.779
1733, 28.87500, 0.422195, -83.7537, 21.611, -144.688, 22.7871, 33.2158, 0.0110391, -1.19484, 0.479219, -55.0333, 0.505569, 122.78
1733, 28.88333, 0.422151, -83.889, 21.5991, -144.683, 22.7759, 33.2165, 0.0110452, -1.30652, 0.479108, -55.0285, 0.505483, 122.78
1734, 28.89167, 0.422107, -84.0244, 21.5871, -144.678, 22.7647, 33.2173, 0.0110513, -1.41828, 0.478996, -55.0237, 0.505397, 122.781
1734, 28.90000, 0.422062, -84.16, 21.5751, -144.673, 22.7535, 33.218, 0.0110575, -1.53011, 0.478885, -55.0188, 0.505311, 122.781
1735, 28.90833, 0.422017, -84.2958, 21.5631, -144.669, 22.7423, 33.2188, 0.0110636, -1.64202, 0.478773, -55.014, 0.505225, 122.782
1735, 28.91667, 0.421972, -84.4317, 21.5511, -144.664, 22.7311, 33.2195, 0.0110697, -1.75401, 0.478661, -55.0091, 0.505139, 122.783
1736, 28.92500, 0.421927, -84.5677, 21.5391, -144.659, 22.7199, 33.2203, 0.0110758, -1.86607, 0.478549, -55.0043, 0.505052, 122.783
1736, 28.93333, 0.421881, -84.704, 21.5271, -144.654, 22.7087, 33.221, 0.0110818, -1.97821, 0.478437, -54.9994, 0.504966, 122.784
1737, 28.94167, 0.421835, -84.8403, 21.5151, -144.65, 22.6975, 33.2218, 0.0110879, -2.09043, 0.478324, -54.9945, 0.504879, 122.784
1737, 28.95000, 0.421789, -84.9769, 21.5032, -144.645, 22.6864, 33.2226, 0.0110939, -2.20271, 0.478212, -54.9895, 0.504793, 122.785
1738, 28.95833, 0.421742, -85.1135, 21.4912, -144.64, 22.6752, 33.2233, 0.0111, -2.31507, 0.478099, -54.9846, 0.504706, 122.786
1738, 28.96667, 0.421695, -85.2504, 21.4792, -144.635, 22.664, 33.2241, 0.011106, -2.42752, 0.477987, -54.9796, 0.50462, 122.786
1739, 28.97500, 0.421648, -85.3874, 21.4672, -144.63, 22.6528, 33.2249, 0.011112, -2.54003, 0.477874, -54.9747, 0.504533, 122.787
1739, 28.98333, 0.421601, -85.5245, 21.4552, -144.625, 22.6417, 33.2256, 0.011118, -2.65261, 0.477761, -54.9697, 0.504446, 122.788
1740, 28.99167, 0.421553, -85.6618, 21.4433, -144.621, 22.6305, 33.2264, 0.011124, -2.76528, 0.477648, -54.9647, 0.504359, 122.788
1740, 29.00000, 0.421505, -85.7993, 21.4313, -144.616, 22.6193, 33.2272, 0.01113, -2.87801, 0.477535, -54.9597, 0.504273, 122.789
1741, 29.00833, 0.421457, -85.9369, 21.4193, -144.611, 22.6082, 33.228, 0.011136, -2.99082, 0.477421, -54.9547, 0.504186, 122.789
1741, 29.01667, 0.421409, -86.0747, 21.4073, -144.606, 22.597, 33.2287, 0.0111419, -3.10371, 0.477308, -54.9496, 0.504099, 122.79
1742, 29.02500, 0.42136, -86.2126, 21.3954, -144.601, 22.5859, 33.2295, 0.0111479, -3.21666, 0.477194, -54.9446, 0.504012, 122.791
1742, 29.03333, 0.421312, -86.3507, 21.3834, -144.596, 22.5747, 33.2303, 0.0111538, -3.32969, 0.47708, -54.9395, 0.503924, 122.791
1743, 29.04167, 0.421263, -86.489, 21.3714, -144.591, 22.5636, 33.2311, 0.0111597, -3.4428, 0.476967, -54.9344, 0.503837, 122.792
1743, 29.05000, 0.421214, -86.6274, 21.3595, -144.586, 22.5524, 33.2319, 0.0111656, -3.55597, 0.476853, -54.9293, 0.50375, 122.793
1744, 29.05833, 0.421164, -86.7659, 21.3475, -144.581, 22.5413, 33.2326, 0.0111715, -3.66921, 0.476738, -54.9242, 0.503663, 122.793
1744, 29.06667, 0.421115, -86.9047, 21.3355, -144.576, 22.5302, 33.2334, 0.0111774, -3.78254, 0.476624, -54.9191, 0.503575, 122.794
1745, 29.07500, 0.421065, -87.0435, 21.3236, -144.571, 22.519, 33.2342, 0.0111833, -3.89593, 0.47651, -54.9139, 0.503488, 122.794
1745, 29.08333, 0.421015, -87.1825, 21.3116, -144.566, 22.5079, 33.235, 0.0111892, -4.00939, 0.476395, -54.9087, 0.503401, 122.795
1746, 29.09167, 0.420965, -87.3217, 21.2996, -144.561, 22.4968, 33.2358, 0.011195, -4.12294, 0.476281, -54.9036, 0.503313, 122.796
1746, 29.10000, 0.420915, -87.4611, 21.2877, -144.556, 22.4857, 33.2366, 0.0112009, -4.23655, 0.476166, -54.8984, 0.503225, 122.796
1747, 29.10833, 0.420865, -87.6006, 21.2757, -144.551, 22.4746, 33.2374, 0.0112067, -4.35022, 0.476051, -54.8931, 0.503138, 122.797
1747, 29.11667, 0.420815, -87.7402, 21.2637, -144.546, 22.4634, 33.2382, 0.0112125, -4.46399, 0.475936, -54.8879, 0.50305, 122.798
1748, 29.12500, 0.420764, -87.88, 21.2518, -144.54, 22.4523, 33.239, 0.0112184, -4.57781, 0.47582, -54.8827, 0.502962, 122.798
1748, 29.13333, 0.420714, -88.02, 21.2398, -144.535, 22.4412, 33.2398, 0.0112242, -4.6917, 0.475705, -54.8774, 0.502874, 122.799
1749, 29.14167, 0.420663, -88.1601, 21.2279, -144.53, 22.4301, 33.2406, 0.01123, -4.80568, 0.47559, -54.8721, 0.502786, 122.8
1749, 29.15000, 0.420612, -88.3004, 21.2159, -144.525, 22.419, 33.2414, 0.0112358, -4.91971, 0.475474, -54.8668, 0.502698, 122.8
1750, 29.15833, 0.420561, -88.4408, 21.2039, -144.52, 22.4079, 33.2422, 0.0112415, -5.03382, 0.475358, -54.8615, 0.50261, 122.801
1750, 29.16667, 0.42051, -88.5814, 21.192, -144.515, 22.3968, 33.2431, 0.0112473, -5.14801, 0.475242, -54.8562, 0.502522, 122.802
1751, 29.17500, 0.420459, -88.7222, 21.18, -144.509, 22.3858, 33.2439, 0.0112531, -5.26225, 0.475126, -54.8509, 0.502434, 122.802
1751, 29.18333, 0.420408, -88.8631, 21.1681, -144.504, 22.3747, 33.2447, 0.0112588, -5.37657, 0.47501, -54.8455, 0.502346, 122.803
1752, 29.19167, 0.420357, -89.0042, 21.1561, -144.499, 22.3636, 33.2455, 0.0112646, -5.49097, 0.474894, -54.8401, 0.502258, 122.803
1752, 29.20000, 0.420305, -89.1454, 21.1442, -144.494, 22.3525, 33.2463, 0.0112703, -5.60543, 0.474777, -54.8347, 0.502169, 122.804
1753, 29.20833, 0.420254, -89.2867, 21.1322, -144.488, 22.3414, 33.2471, 0.011276, -5.71996, 0.474661, -54.8293, 0.502081, 122.805
1753, 29.21667, 0.420203, -89.4283, 21.1203, -144.483, 22.3304, 33.248, 0.0112817, -5.83457, 0.474544, -54.8239, 0.501992, 122.805
1754, 29.22500, 0.420152, -89.57, 21.1083, -144.478, 22.3193, 33.2488, 0.0112874, -5.94924, 0.474427, -54.8185, 0.501904, 122.806
1754, 29.23333, 0.4201, -89.7118, 21.0964, -144.472, 22.3083, 33.2496, 0.0112931, -6.06397, 0.47431, -54.813, 0.501815, 122.807
1755, 29.24167, 0.420049, -89.8538, 21.0844, -144.467, 22.2972, 33.2504, 0.0112988, -6.17879, 0.474193, -54.8075, 0.501726, 122.807
1755, 29.25000, 0.419997, -89.996, 21.0725, -144.462, 22.2861, 33.2513, 0.0113045, -6.29367, 0.474075, -54.802, 0.501638, 122.808
1756, 29.25833, 0.419946, -90.1383, 21.0605, -144.456, 22.2751, 33.2521, 0.0113102, -6.40862, 0.473958, -54.7965, 0.501549, 122.809
1756, 29.26667, 0.419895, -90.2808, 21.0486, -144.451, 22.264, 33.2529, 0.0113158, -6.52365, 0.47384, -54.791, 0.50146, 122.809
1757, 29.27500, 0.419843, -90.4234, 21.0366, -144.446, 22.253, 33.2538, 0.0113215, -6.63873, 0.473723, -54.7854, 0.501371, 122.81
1757, 29.28333, 0.419792, -90.5662, 21.0247, -144.44, 22.2419, 33.2546, 0.0113271, -6.75388, 0.473605, -54.7799, 0.501282, 122.811
1758, 29.29167, 0.419741, -90.7092, 21.0128, -144.435, 22.2309, 33.2555, 0.0113328, -6.86912, 0.473487, -54.7743, 0.501193, 122.811
1758, 29.30000, 0.41969, -90.8523, 21.0008, -144.429, 22.2199, 33.2563, 0.0113384, -6.98441, 0.473369, -54.7687, 0.501104, 122.812
1759, 29.30833, 0.419639, -90.9955, 20.9889, -144.424, 22.2088, 33.2571, 0.011344, -7.09977, 0.47325, -54.7631, 0.501015, 122.813
1759, 29.31667, 0.419588, -91.139, 20.9769, -144.418, 22.1978, 33.258, 0.0113496, -7.21522, 0.473132, -54.7574, 0.500925, 122.814
1760, 29.32500, 0.419537, -91.2825, 20.965, -144.413, 22.1868, 33.2588, 0.0113552, -7.33071, 0.473013, -54.7518, 0.500836, 122.814
1760, 29.33333, 0.419486, -91.4263, 20.953, -144.407, 22.1758, 33.2597, 0.0113608, -7.44628, 0.472894, -54.7461, 0.500747, 122.815
1761, 29.34167, 0.419435, -91.5702, 20.9411, -144.402, 22.1647, 33.2605, 0.0113664, -7.56193, 0.472776, -54.7404, 0.500657, 122.816
1761, 29.35000, 0.419384, -91.7142, 20.9292, -144.396, 22.1537, 33.2614, 0.011372, -7.67763, 0.472656, -54.7347, 0.500568, 122.816
1762, 29.35833, 0.419334, -91.8584, 20.9172, -144.39, 22.1427, 33.2622, 0.0113776, -7.79341, 0.472537, -54.729, 0.500478, 122.817
1762, 29.36667, 0.419283, -92.0028, 20.9053, -144.385, 22.1317, 33.2631, 0.0113832, -7.90926, 0.472418, -54.7232, 0.500388, 122.818
1763, 29.37500, 0.419233, -92.1473, 20.8933, -144.379, 22.1207, 33.2639, 0.0113888, -8.02517, 0.472299, -54.7175, 0.500299, 122.818
1763, 29.38333, 0.419183, -92.292, 20.8814, -144.373, 22.1097, 33.2648, 0.0113943, -8.14114, 0.472179, -54.7117, 0.500209, 122.819
1764, 29.39167, 0.419133, -92.4369, 20.8695, -144.368, 22.0987, 33.2657, 0.0113999, -8.2572, 0.472059, -54.7059, 0.500119, 122.82
1764, 29.40000, 0.419083, -92.5819, 20.8575, -144.362, 22.0877, 33.2665, 0.0114054, -8.37331, 0.471939, -54.7001, 0.500029, 122.82
1765, 29.40833, 0.419033, -92.727, 20.8456, -144.356, 22.0767, 33.2674, 0.011411, -8.4895, 0.471819, -54.6942, 0.499939, 122.821
1765, 29.41667, 0.418984, -92.8724, 20.8337, -144.351, 22.0657, 33.2683, 0.0114165, -8.60576, 0.471699, -54.6884, 0.499849, 122.822
1766, 29.42500, 0.418934, -93.0179, 20.8217, -144.345, 22.0547, 33.2691, 0.011422, -8.72207, 0.471579, -54.6825, 0.499759, 122.823
1766, 29.43333, 0.418885, -93.1635, 20.8098, -144.339, 22.0438, 33.27, 0.0114275, -8.83846, 0.471458, -54.6766, 0.499669, 122.823
1767, 29.44167, 0.418836, -93.3093, 20.7979, -144.333, 22.0328, 33.2709, 0.0114331, -8.95492, 0.471337, -54.6707, 0.499578, 122.824
1767, 29.45000, 0.418788, -93.4552, 20.7859, -144.328, 22.0218, 33.2717, 0.0114386, -9.07144, 0.471217, -54.6647, 0.499488, 122.825
1768, 29.45833, 0.418739, -93.6014, 20.774, -144.322, 22.0108, 33.2726, 0.0114441, -9.18803, 0.471096, -54.6588, 0.499398, 122.825
1768, 29.46667, 0.418691, -93.7476, 20.7621, -144.316, 21.9999, 33.2735, 0.0114496, -9.3047, 0.470975, -54.6528, 0.499307, 122.826
1769, 29.47500, 0.418643, -93.8941, 20.7501, -144.31, 21.9889, 33.2744, 0.0114551, -9.42142, 0.470853, -54.6468, 0.499217, 122.827
1769, 29.48333, 0.418595, -94.0407, 20.7382, -144.304, 21.9779, 33.2752, 0.0114606, -9.53821, 0.470732, -54.6408, 0.499126, 122.827
1770, 29.49167, 0.418548, -94.1874, 20.7263, -144.298, 21.967, 33.2761, 0.0114661, -9.65508, 0.47061, -54.6348, 0.499035, 122.828
1770, 29.50000, 0.418501, -94.3343, 20.7143, -144.292, 21.956, 33.277, 0.0114716, -9.77201, 0.470489, -54.6287, 0.498945, 122.829
1771, 29.50833, 0.418454, -94.4814, 20.7024, -144.286, 21.9451, 33.2779, 0.011477, -9.889, 0.470367, -54.6226, 0.498854, 122.83
1771, 29.51667, 0.418407, -94.6286, 20.6905, -144.28, 21.9341, 33.2788, 0.0114825, -10.0061, 0.470245, -54.6165, 0.498763, 122.83
1772, 29.52500, 0.418361, -94.776, 20.6785, -144.274, 21.9232, 33.2797, 0.011488, -10.1232, 0.470123, -54.6104, 0.498672, 122.831
1772, 29.53333, 0.418315, -94.9236, 20.6666, -144.268, 21.9122, 33.2805, 0.0114935, -10.2404, 0.47, -54.6043, 0.498581, 122.832
1773, 29.54167, 0.418269, -95.0713, 20.6547, -144.262, 21.9013, 33.2814, 0.0114989, -10.3577, 0.469878, -54.5981, 0.49849, 122.832
1773, 29.55000, 0.418224, -95.2191, 20.6427, -144.256, 21.8903, 33.2823, 0.0115044, -10.475, 0.469755, -54.592, 0.498399, 122.833
1774, 29.55833, 0.418179, -95.3672, 20.6308, -144.25, 21.8794, 33.2832, 0.0115098, -10.5924, 0.469633, -54.5858, 0.498307, 122.834
1774, 29.56667, 0.418134, -95.5154, 20.6189, -144.244, 21.8685, 33.2841, 0.0115153, -10.7099, 0.46951, -54.5795, 0.498216, 122.835
1775, 29.57500, 0.41809, -95.6637, 20.607, -144.238, 21.8575, 33.285, 0.0115207, -10.8274, 0.469387, -54.5733, 0.498125, 122.835
1775, 29.58333, 0.418046, -95.8122, 20.595, -144.232, 21.8466, 33.2859, 0.0115262, -10.945, 0.469263, -54.5671, 0.498033, 122.836
1776, 29.59167, 0.418002, -95.9609, 20.5831, -144.226, 21.8357, 33.2868, 0.0115316, -11.0627, 0.46914, -54.5608, 0.497942, 122.837
1776, 29.60000, 0.417959, -96.1097, 20.5712, -144.22, 21.8248, 33.2877, 0.0115371, -11.1804, 0.469017, -54.5545, 0.49785, 122.837
1777, 29.60833, 0.417917, -96.2587, 20.5592, -144.214, 21.8139, 33.2886, 0.0115425, -11.2982, 0.468893, -54.5481, 0.497759, 122.838
1777, 29.61667, 0.417874, -96.4079, 20.5473, -144.207, 21.8029, 33.2895, 0.0115479, -11.4161, 0.468769, -54.5418, 0.497667, 122.839
1778, 29.62500, 0.417832, -96.5572, 20.5354, -144.201, 21.792, 33.2904, 0.0115534, -11.534, 0.468645, -54.5354, 0.497575, 122.84
1778, 29.63333, 0.417791, -96.7066, 20.5235, -144.195, 21.7811, 33.2913, 0.0115588, -11.652, 0.468521, -54.529, 0.497483, 122.84
1779, 29.64167, 0.41775, -96.8563, 20.5115, -144.189, 21.7702, 33.2922, 0.0115642, -11.7701, 0.468397, -54.5226, 0.497391, 122.841
1779, 29.65000, 0.417709, -97.0061, 20.4996, -144.182, 21.7593, 33.2931, 0.0115697, -11.8883, 0.468272, -54.5162, 0.497299, 122.842
1780, 29.65833, 0.417669, -97.156, 20.4877, -144.176, 21.7484, 33.2941, 0.0115751, -12.0065, 0.468148, -54.5098, 0.497207, 122.843
1780, 29.66667, 0.417629, -97.3061, 20.4757, -144.17, 21.7375, 33.295, 0.0115805, -12.1248, 0.468023, -54.5033, 0.497115, 122.843
1781, 29.67500, 0.41759, -97.4564, 20.4638, -144.163, 21.7266, 33.2959, 0.0115859, -12.2431, 0.467898, -54.4968, 0.497023, 122.844
1781, 29.68333, 0.417552, -97.6068, 20.4519, -144.157, 21.7157, 33.2968, 0.0115914, -12.3615, 0.467773, -54.4903, 0.49693, 122.845
1782, 29.69167, 0.417513, -97.7574, 20.44, -144.151, 21.7048, 33.2977, 0.0115968, -12.48, 0.467648, -54.4837, 0.496838, 122.845
1782, 29.70000, 0.417476, -97.9082, 20.428, -144.144, 21.694, 33.2986, 0.0116022, -12.5985, 0.467522, -54.4772, 0.496746, 122.846
1783, 29.70833, 0.417439, -98.0591, 20.4161, -144.138, 21.6831, 33.2996, 0.0116076, -12.7171, 0.467397, -54.4706, 0.496653, 122.847
1783, 29.71667, 0.417402, -98.2102, 20.4042, -144.131, 21.6722, 33.3005, 0.011613, -12.8358, 0.467271, -54.464, 0.49656, 122.848
1784, 29.72500, 0.417366, -98.3614, 20.3923, -144.125, 21.6613, 33.3014, 0.0116184, -12.9546, 0.467145, -54.4573, 0.496468, 122.848
1784, 29.73333, 0.417331, -98.5128, 20.3803, -144.118, 21.6505, 33.3023, 0.0116239, -13.0734, 0.467019, -54.4507, 0.496375, 122.849
1785, 29.74167, 0.417296, -98.6644, 20.3684, -144.112, 21.6396, 33.3032, 0.0116293, -13.1923, 0.466893, -54.444, 0.496282, 122.85
1785, 29.75000, 0.417261, -98.8161, 20.3565, -144.105, 21.6287, 33.3042, 0.0116347, -13.3112, 0.466766, -54.4373, 0.496189, 122.851
1786, 29.75833, 0.417227, -98.968, 20.3445, -144.099, 21.6179, 33.3051, 0.0116401, -13.4303, 0.46664, -54.4306, 0.496096, 122.851
1786, 29.76667, 0.417194, -99.1201, 20.3326, -144.092, 21.607, 33.306, 0.0116455, -13.5494, 0.466513, -54.4238, 0.496003, 122.852
1787, 29.77500, 0.417162, -99.2723, 20.3207, -144.085, 21.5961, 33.307, 0.0116509, -13.6685, 0.466386, -54.4171, 0.49591, 122.853
1787, 29.78333, 0.41713, -99.4247, 20.3088, -144.079, 21.5853, 33.3079, 0.0116564, -13.7877, 0.466259, -54.4103, 0.495817, 122.854
1788, 29.79167, 0.417098, -99.5772, 20.2968, -144.072, 21.5744, 33.3088, 0.0116618, -13.907, 0.466132, -54.4034, 0.495724, 122.854
1788, 29.80000, 0.417068, -99.7299, 20.2849, -144.065, 21.5636, 33.3098, 0.0116672, -14.0264, 0.466005, -54.3966, 0.495631, 122.855
1789, 29.80833, 0.417038, -99.8827, 20.273, -144.059, 21.5527, 33.3107, 0.0116726, -14.1458, 0.465878, -54.3897, 0.495537, 122.856
1789, 29.81667, 0.417008, -100.036, 20.2611, -144.052, 21.5419, 33.3116, 0.0116781, -14.2653, 0.46575, -54.3828, 0.495444, 122.857
1790, 29.82500, 0.41698, -100.189, 20.2491, -144.045, 21.531, 33.3126, 0.0116835, -14.3849, 0.465622, -54.3759, 0.49535, 122.857
1790, 29.83333, 0.416952, -100.342, 20.2372, -144.038, 21.5202, 33.3135, 0.0116889, -14.5045, 0.465494, -54.369, 0.495256, 122.858
1791, 29.84167, 0.416924, -100.496, 20.2253, -144.032, 21.5094, 33.3145, 0.0116943, -14.6242, 0.465366, -54.362, 0.495163, 122.859
1791, 29.85000, 0.416898, -100.649, 20.2133, -144.025, 21.4985, 33.3154, 0.0116998, -14.744, 0.465238, -54.355, 0.495069, 122.86
1792, 29.85833, 0.416872, -100.803, 20.2014, -144.018, 21.4877, 33.3163, 0.0117052, -14.8639, 0.465109, -54.348, 0.494975, 122.86
1792, 29.86667, 0.416847, -100.957, 20.1895, -144.011, 21.4769, 33.3173, 0.0117106, -14.9838, 0.464981, -54.341, 0.494881, 122.861
1793, 29.87500, 0.416822, -101.111, 20.1776, -144.004, 21.466, 33.3182, 0.0117161, -15.1038, 0.464852, -54.3339, 0.494787, 122.862
1793, 29.88333, 0.416799, -101.266, 20.1656, -143.997, 21.4552, 33.3192, 0.0117215, -15.2238, 0.464723, -54.3268, 0.494693, 122.863
1794, 29.89167, 0.416776, -101.42, 20.1537, -143.99, 21.4444, 33.3201, 0.0117269, -15.3439, 0.464594, -54.3197, 0.494599, 122.863
1794, 29.90000, 0.416754, -101.575, 20.1418, -143.983, 21.4336, 33.3211, 0.0117324, -15.4641, 0.464465, -54.3126, 0.494505, 122.864
1795, 29.90833, 0.416732, -101.73, 20.1298, -143.976, 21.4228, 33.322, 0.0117378, -15.5844, 0.464335, -54.3054, 0.49441, 122.865
1795, 29.91667, 0.416712, -101.885, 20.1179, -143.969, 21.412, 33.323, 0.0117433, -15.7047, 0.464206, -54.2982, 0.494316, 122.866
1796, 29.92500, 0.416692, -102.04, 20.106, -143.962, 21.4011, 33.3239, 0.0117488, -15.8251, 0.464076, -54.291, 0.494221, 122.866
1796, 29.93333, 0.416673, -102.195, 20.094, -143.955, 21.3903, 33.3249, 0.0117542, -15.9456, 0.463946, -54.2838, 0.494127, 122.867
1797, 29.94167, 0.416655, -102.351, 20.0821, -143.948, 21.3795, 33.3259, 0.0117597, -16.0661, 0.463816, -54.2765, 0.494032, 122.868
1797, 29.95000, 0.416638, -102.506, 20.0702, -143.941, 21.3687, 33.3268, 0.0117651, -16.1867, 0.463686, -54.2692, 0.493937, 122.869
1798, 29.95833, 0.416621, -102.662, 20.0583, -143.934, 21.3579, 33.3278, 0.0117706, -16.3074, 0.463555, -54.2619, 0.493843, 122.869
1798, 29.96667, 0.416606, -102.818, 20.0463, -143.926, 21.3471, 33.3287, 0.0117761, -16.4282, 0.463425, -54.2546, 0.493748, 122.87
1799, 29.97500, 0.416591, -102.974, 20.0344, -143.919, 21.3363, 33.3297, 0.0117816, -16.549, 0.463294, -54.2472, 0.493653, 122.871
1799, 29.98333, 0.416578, -103.13, 20.0225, -143.912, 21.3256, 33.3307, 0.0117871, -16.6699, 0.463163, -54.2398, 0.493558, 122.872
1800, 29.99167, 0.416565, -103.287, 20.0105, -143.905, 21.3148, 33.3316, 0.0117926, -16.7908, 0.463032, -54.2324, 0.493463, 122.873
1800, 30.00000, 0.416553, -103.443, 19.9986, -143.897, 21.304, 33.3326, 0.0117981, -16.9119, 0.462901, -54.2249, 0.493367, 122.873
1801, 30.00833, 0.416542, -103.6, 19.9867, -143.89, 21.2932, 33.3336, 0.0118036, -17.033, 0.462769, -54.2174, 0.493272, 122.874
1801, 30.01667, 0.416532, -103.757, 19.9747, -143.883, 21.2824, 33.3345, 0.0118091, -17.1541, 0.462638, -54.2099, 0.493177, 122.875
1802, 30.02500, 0.416522, -103.914, 19.9628, -143.875, 21.2716, 33.3355, 0.0118146, -17.2754, 0.462506, -54.2024, 0.493081, 122.876
1802, 30.03333, 0.416514, -104.071, 19.9509, -143.868, 21.2609, 33.3365, 0.0118201, -17.3967, 0.462374, -54.1948, 0.492986, 122.876
1803, 30.04167, 0.416507, -104.229, 19.9389, -143.861, 21.2501, 33.3374, 0.0118256, -17.5181, 0.462242, -54.1873, 0.49289, 122.877
1803, 30.05000, 0.416501, -104.386, 19.927, -143.853, 21.2393, 33.3384, 0.0118312, -17.6395, 0.462109, -54.1796, 0.492795, 122.878
1804, 30.05833, 0.416495, -104.544, 19.915, -143.846, 21.2285, 33.3394, 0.0118367, -17.7611, 0.461977, -54.172, 0.492699, 122.879
1804, 30.06667, 0.416491, -104.702, 19.9031, -143.838, 21.2178, 33.3403, 0.0118423, -17.8827, 0.461844, -54.1643, 0.492603, 122.879
1805, 30.07500, 0.416488, -104.86, 19.8912, -143.831, 21.207, 33.3413, 0.0118478, -18.0044, 0.461712, -54.1566, 0.492507, 122.88
1805, 30.08333, 0.416486, -105.018, 19.8792, -143.823, 21.1963, 33.3423, 0.0118534, -18.1261, 0.461579, -54.1489, 0.492411, 122.881
1806, 30.09167, 0.416484, -105.177, 19.8673, -143.816, 21.1855, 33.3433, 0.0118589, -18.2479, 0.461446, -54.1412, 0.492315, 122.882
1806, 30.10000, 0.416484, -105.335, 19.8554, -143.808, 21.1747, 33.3442, 0.0118645, -18.3698, 0.461312, -54.1334, 0.492219, 122.883
1807, 30.10833, 0.416485, -105.494, 19.8434, -143.8, 21.164, 33.3452, 0.0118701, -18.4918, 0.461179, -54.1256, 0.492122, 122.883
1807, 30.11667, 0.416487, -105.653, 19.8315, -143.793, 21.1532, 33.3462, 0.0118757, -18.6138, 0.461045, -54.1177, 0.492026, 122.884
1808, 30.12500, 0.41649, -105.812, 19.8195, -143.785, 21.1425, 33.3472, 0.0118813, -18.7359, 0.460911, -54.1098, 0.49193, 122.885
1808, 30.13333, 0.416494, -105.971, 19.8076, -143.777, 21.1317, 33.3482, 0.0118869, -18.8581, 0.460777, -54.1019, 0.491833, 122.886
1809, 30.14167, 0.4165, -106.13, 19.7957, -143.769, 21.121, 33.3492, 0.0118925, -18.9804, 0.460643, -54.094, 0.491737, 122.886
1809, 30.15000, 0.416506, -106.29, 19.7837, -143.762, 21.1102, 33.3501, 0.0118982, -19.1027, 0.460509, -54.0861, 0.49164, 122.887
1810, 30.15833, 0.416514, -106.45, 19.7718, -143.754, 21.0995, 33.3511, 0.0119038, -19.2251, 0.460375, -54.0781, 0.491543, 122.888
1810, 30.16667, 0.416522, -106.61, 19.7598, -143.746, 21.0888, 33.3521, 0.0119094, -19.3476, 0.46024, -54.0701, 0.491446, 122.889
1811, 30.17500, 0.416532, -106.77, 19.7479, -143.738, 21.078, 33.3531, 0.0119151, -19.4702, 0.460105, -54.062, 0.491349, 122.889
1811, 30.18333, 0.416543, -106.93, 19.736, -143.73, 21.0673, 33.3541, 0.0119208, -19.5928, 0.45997, -54.0539, 0.491252, 122.89
1812, 30.19167, 0.416555, -107.09, 19.724, -143.722, 21.0566, 33.3551, 0.0119264, -19.7155, 0.459835, -54.0458, 0.491155, 122.891
1812, 30.20000, 0.416569, -107.251, 19.7121, -143.714, 21.0458, 33.3561, 0.0119321, -19.8383, 0.459699, -54.0377, 0.491058, 122.892
1813, 30.20833, 0.416583, -107.411, 19.7001, -143.706, 21.0351, 33.357, 0.0119378, -19.9611, 0.459564, -54.0295, 0.490961, 122.893
1813, 30.21667, 0.416599, -107.572, 19.6882, -143.698, 21.0244, 33.358, 0.0119435, -20.0841, 0.459428, -54.0213, 0.490863, 122.893
1814, 30.22500, 0.416616, -107.733, 19.6762, -143.69, 21.0137, 33.359, 0.0119492, -20.2071, 0.459292, -54.0131, 0.490766, 122.894
1814, 30.23333, 0.416634, -107.894, 19.6643, -143.682, 21.0029, 33.36, 0.011955, -20.3301, 0.459156, -54.0048, 0.490668, 122.895
1815, 30.24167, 0.416654, -108.056, 19.6523, -143.674, 20.9922, 33.361, 0.0119607, -20.4533, 0.45902, -53.9965, 0.490571, 122.896
1815, 30.25000, 0.416675, -108.217, 19.6404, -143.666, 20.9815, 33.362, 0.0119664, -20.5765, 0.458884, -53.9882, 0.490473, 122.896
1816, 30.25833, 0.416697, -108.379, 19.6284, -143.658, 20.9708, 33.363, 0.0119722, -20.6998, 0.458747, -53.9799, 0.490375, 122.897
1816, 30.26667, 0.41672, -108.54, 19.6165, -143.65, 20.9601, 33.364, 0.011978, -20.8232, 0.45861, -53.9715, 0.490277, 122.898
1817, 30.27500, 0.416745, -108.702, 19.6045, -143.641, 20.9494, 33.365, 0.0119838, -20.9467, 0.458473, -53.9631, 0.490179, 122.899
1817, 30.28333, 0.416771, -108.865, 19.5926, -143.633, 20.9387, 33.366, 0.0119896, -21.0702, 0.458336, -53.9546, 0.490081, 122.9
1818, 30.29167, 0.416798, -109.027, 19.5806, -143.625, 20.928, 33.367, 0.0119954, -21.1938, 0.458199, -53.9461, 0.489983, 122.9
1818, 30.30000, 0.416827, -109.189, 19.5687, -143.616, 20.9172, 33.368, 0.0120012, -21.3175, 0.458062, -53.9376, 0.489885, 122.901
1819, 30.30833, 0.416857, -109.352, 19.5567, -143.608, 20.9065, 33.369, 0.012007, -21.4413, 0.457924, -53.9291, 0.489786, 122.902
1819, 30.31667, 0.416889, -109.515, 19.5448, -143.6, 20.8958, 33.37, 0.0120129, -21.5652, 0.457786, -53.9205, 0.489688, 122.903
1820, 30.32500, 0.416921, -109.678, 19.5328, -143.591, 20.8852, 33.371, 0.0120187, -21.6891, 0.457648, -53.9119, 0.489589, 122.903
1820, 30.33333, 0.416956, -109.841, 19.5209, -143.583, 20.8745, 33.372, 0.0120246, -21.8131, 0.45751, -53.9033, 0.489491, 122.904
1821, 30.34167, 0.416991, -110.004, 19.5089, -143.574, 20.8638, 33.373, 0.0120305, -21.9372, 0.457372, -53.8946, 0.489392, 122.905
1821, 30.35000, 0.417028, -110.167, 19.497, -143.566, 20.8531, 33.374, 0.0120364, -22.0613, 0.457233, -53.8859, 0.489293, 122.906
1822, 30.35833, 0.417067, -110.331, 19.485, -143.557, 20.8424, 33.375, 0.0120423, -22.1856, 0.457094, -53.8771, 0.489195, 122.906
1822, 30.36667, 0.417107, -110.495, 19.473, -143.549, 20.8317, 33.376, 0.0120482, -22.3099, 0.456956, -53.8684, 0.489096, 122.907
1823, 30.37500, 0.417148, -110.659, 19.4611, -143.54, 20.821, 33.377, 0.0120542, -22.4343, 0.456817, -53.8596, 0.488996, 122.908
1823, 30.38333, 0.417191, -110.823, 19.4491, -143.531, 20.8103, 33.378, 0.0120601, -22.5588, 0.456677, -53.8507, 0.488897, 122.909
1824, 30.39167, 0.417235, -110.987, 19.4372, -143.523, 20.7996, 33.379, 0.0120661, -22.6833, 0.456538, -53.8418, 0.488798, 122.91
1824, 30.40000, 0.417281, -111.151, 19.4252, -143.514, 20.789, 33.38, 0.0120721, -22.808, 0.456398, -53.8329, 0.488699, 122.91
1825, 30.40833, 0.417328, -111.316, 19.4132, -143.505, 20.7783, 33.381, 0.0120781, -22.9327, 0.456259, -53.824, 0.488599, 122.911
1825, 30.41667, 0.417377, -111.481, 19.4013, -143.497, 20.7676, 33.382, 0.0120841, -23.0575, 0.456119, -53.815, 0.4885, 122.912
1826, 30.42500, 0.417428, -111.646, 19.3893, -143.488, 20.7569, 33.383, 0.0120902, -23.1824, 0.455978, -53.806, 0.4884, 122.913
1826, 30.43333, 0.41748, -111.811, 19.3773, -143.479, 20.7463, 33.384, 0.0120962, -23.3073, 0.455838, -53.7969, 0.4883, 122.913
1827, 30.44167, 0.417533, -111.976, 19.3654, -143.47, 20.7356, 33.3851, 0.0121023, -23.4324, 0.455698, -53.7879, 0.488201, 122.914
1827, 30.45000, 0.417588, -112.141, 19.3534, -143.461, 20.7249, 33.3861, 0.0121084, -23.5575, 0.455557, -53.7787, 0.488101, 122.915
1828, 30.45833, 0.417645, -112.307, 19.3414, -143.452, 20.7143, 33.3871, 0.0121145, -23.6827, 0.455416, -53.7696, 0.488001, 122.916
1828, 30.46667, 0.417703, -112.472, 19.3295, -143.443, 20.7036, 33.3881, 0.0121206, -23.808, 0.455275, -53.7604, 0.487901, 122.917
1829, 30.47500, 0.417763, -112.638, 19.3175, -143.434, 20.6929, 33.3891, 0.0121267, -23.9334, 0.455134, -53.7512, 0.4878, 122.917
1829, 30.48333, 0.417825, -112.804, 19.3055, -143.425, 20.6823, 33.3901, 0.0121329, -24.0588, 0.454993, -53.7419, 0.4877, 122.918
1830, 30.49167, 0.417888, -112.97, 19.2936, -143.416, 20.6716, 33.3911, 0.0121391, -24.1844, 0.454851, -53.7326, 0.4876, 122.919
1830, 30.50000, 0.417952, -113.137, 19.2816, -143.407, 20.661, 33.3921, 0.0121452, -24.31, 0.454709, -53.7233, 0.487499, 122.92
1831, 30.50833, 0.418019, -113.303, 19.2696, -143.398, 20.6503, 33.3931, 0.0121514, -24.4357, 0.454567, -53.7139, 0.487399, 122.92
1831, 30.51667, 0.418087, -113.47, 19.2576, -143.388, 20.6396, 33.3942, 0.0121577, -24.5615, 0.454425, -53.7045, 0.487298, 122.921
1832, 30.52500, 0.418157, -113.637, 19.2457, -143.379, 20.629, 33.3952, 0.0121639, -24.6873, 0.454283, -53.6951, 0.487197, 122.922
1832, 30.53333, 0.418229, -113.803, 19.2337, -143.37, 20.6183, 33.3962, 0.0121702, -24.8133, 0.45414, -53.6856, 0.487096, 122.923
1833, 30.54167, 0.418302, -113.971, 19.2217, -143.361, 20.6077, 33.3972, 0.0121765, -24.9394, 0.453998, -53.6761, 0.486995, 122.923
1833, 30.55000, 0.418377, -114.138, 19.2097, -143.351, 20.5971, 33.3982, 0.0121828, -25.0655, 0.453855, -53.6665, 0.486894, 122.924
1834, 30.55833, 0.418454, -114.305, 19.1978, -143.342, 20.5864, 33.3992, 0.0121891, -25.1917, 0.453712, -53.6569, 0.486793, 122.925
1834, 30.56667, 0.418532, -114.473, 19.1858, -143.333, 20.5758, 33.4003, 0.0121954, -25.318, 0.453569, -53.6473, 0.486692, 122.926
1835, 30.57500, 0.418613, -114.641, 19.1738, -143.323, 20.5651, 33.4013, 0.0122018, -25.4444, 0.453425, -53.6376, 0.486591, 122.927
1835, 30.58333, 0.418695, -114.808, 19.1618, -143.314, 20.5545, 33.4023, 0.0122082, -25.5708, 0.453282, -53.6279, 0.486489, 122.927
1836, 30.59167, 0.418779, -114.976, 19.1498, -143.304, 20.5438, 33.4033, 0.0122146, -25.6974, 0.453138, -53.6182, 0.486388, 122.928
1836, 30.60000, 0.418864, -115.145, 19.1379, -143.294, 20.5332, 33.4043, 0.012221, -25.824, 0.452994, -53.6084, 0.486286, 122.929
1837, 30.60833, 0.418952, -115.313, 19.1259, -143.285, 20.5226, 33.4053, 0.0122274, -25.9508, 0.45285, -53.5986, 0.486184, 122.93
1837, 30.61667, 0.419041, -115.482, 19.1139, -143.275, 20.5119, 33.4064, 0.0122339, -26.0776, 0.452706, -53.5887, 0.486082, 122.93
1838, 30.62500, 0.419133, -115.65, 19.1019, -143.266, 20.5013, 33.4074, 0.0122404, -26.2045, 0.452561, -53.5788, 0.48598, 122.931
1838, 30.63333, 0.419226, -115.819, 19.0899, -143.256, 20.4907, 33.4084, 0.0122469, -26.3315, 0.452416, -53.5689, 0.485878, 122.932
1839, 30.64167, 0.419321, -115.988, 19.0779, -143.246, 20.48, 33.4094, 0.0122534, -26.4586, 0.452272, -53.5589, 0.485776, 122.933
1839, 30.65000, 0.419418, -116.157, 19.066, -143.236, 20.4694, 33.4104, 0.01226, -26.5857, 0.452127, -53.5489, 0.485674, 122.933
1840, 30.65833, 0.419517, -116.326, 19.054, -143.226, 20.4588, 33.4114, 0.0122666, -26.713, 0.451981, -53.5388, 0.485571, 122.934
1840, 30.66667, 0.419618, -116.496, 19.042, -143.217, 20.4482, 33.4125, 0.0122732, -26.8403, 0.451836, -53.5287, 0.485469, 122.935
1841, 30.67500, 0.41972, -116.665, 19.03, -143.207, 20.4375, 33.4135, 0.0122798, -26.9678, 0.45169, -53.5186, 0.485366, 122.936
1841, 30.68333, 0.419825, -116.835, 19.018, -143.197, 20.4269, 33.4145, 0.0122864, -27.0953, 0.451545, -53.5084, 0.485264, 122.936
1842, 30.69167, 0.419932, -117.005, 19.006, -143.187, 20.4163, 33.4155, 0.0122931, -27.2229, 0.451399, -53.4982, 0.485161, 122.937
1842, 30.70000, 0.42004, -117.175, 18.994, -143.177, 20.4057, 33.4165, 0.0122998, -27.3506, 0.451252, -53.4879, 0.485058, 122.938
1843, 30.70833, 0.420151, -117.345, 18.982, -143.167, 20.3951, 33.4176, 0.0123065, -27.4784, 0.451106, -53.4776, 0.484955, 122.939
1843, 30.71667, 0.420264, -117.516, 18.97, -143.156, 20.3844, 33.4186, 0.0123132, -27.6063, 0.45096, -53.4673, 0.484852, 122.939
1844, 30.72500, 0.420378, -117.686, 18.958, -143.146, 20.3738, 33.4196, 0.01232, -27.7343, 0.450813, -53.4569, 0.484749, 122.94
1844, 30.73333, 0.420495, -117.857, 18.946, -143.136, 20.3632, 33.4206, 0.0123268, -27.8623, 0.450666, -53.4465, 0.484645, 122.941
1845, 30.74167, 0.420614, -118.028, 18.934, -143.126, 20.3526, 33.4216, 0.0123336, -27.9905, 0.450519, -53.436, 0.484542, 122.942
1845, 30.75000, 0.420735, -118.199, 18.922, -143.116, 20.342, 33.4227, 0.0123404, -28.1187, 0.450372, -53.4255, 0.484438, 122.942
1846, 30.75833, 0.420858, -118.37, 18.91, -143.105, 20.3314, 33.4237, 0.0123473, -28.2471, 0.450224, -53.4149, 0.484335, 122.943
1846, 30.76667, 0.420983, -118.541, 18.898, -143.095, 20.3208, 33.4247, 0.0123542, -28.3755, 0.450077, -53.4043, 0.484231, 122.944
1847, 30.77500, 0.42111, -118.712, 18.886, -143.085, 20.3102, 33.4257, 0.0123611, -28.5041, 0.449929, -53.3937, 0.484127, 122.945
1847, 30.78333, 0.421239, -118.884, 18.874, -143.074, 20.2996, 33.4267, 0.0123681, -28.6327, 0.449781, -53.383, 0.484023, 122.945
1848, 30.79167, 0.42137, -119.056, 18.862, -143.064, 20.289, 33.4278, 0.012375, -28.7614, 0.449633, -53.3723, 0.483919, 122.946
1848, 30.80000, 0.421504, -119.227, 18.85, -143.053, 20.2784, 33.4288, 0.012382, -28.8902, 0.449484, -53.3615, 0.483815, 122.947
1849, 30.80833, 0.42164, -119.399, 18.838, -143.043, 20.2678, 33.4298, 0.012389, -29.0191, 0.449336, -53.3507, 0.483711, 122.948
1849, 30.81667, 0.421778, -119.572, 18.826, -143.032, 20.2571, 33.4308, 0.0123961, -29.1481, 0.449187, -53.3398, 0.483606, 122.948
1850, 30.82500, 0.421918, -119.744, 18.814, -143.021, 20.2465, 33.4318, 0.0124032, -29.2772, 0.449038, -53.3289, 0.483502, 122.949
1850, 30.83333, 0.42206, -119.916, 18.8019, -143.011, 20.236, 33.4329, 0.0124103, -29.4064, 0.448889, -53.318, 0.483397, 122.95
1851, 30.84167, 0.422205, -120.089, 18.7899, -143, 20.2254, 33.4339, 0.0124174, -29.5357, 0.44874, -53.307, 0.483293, 122.951
1851, 30.85000, 0.422351, -120.262, 18.7779, -142.989, 20.2148, 33.4349, 0.0124246, -29.6651, 0.44859, -53.296, 0.483188, 122.951
1852, 30.85833, 0.422501, -120.435, 18.7659, -142.978, 20.2042, 33.4359, 0.0124318, -29.7946, 0.44844, -53.2849, 0.483083, 122.952
1852, 30.86667, 0.422652, -120.608, 18.7539, -142.967, 20.1936, 33.4369, 0.012439, -29.9241, 0.448291, -53.2738, 0.482978, 122.953
1853, 30.87500, 0.422805, -120.781, 18.7419, -142.956, 20.183, 33.438, 0.0124462, -30.0538, 0.44814, -53.2626, 0.482873, 122.954
1853, 30.88333, 0.422961, -120.954, 18.7299, -142.945, 20.1724, 33.439, 0.0124535, -30.1836, 0.44799, -53.2514, 0.482767, 122.954
1854, 30.89167, 0.42312, -121.128, 18.7178, -142.934, 20.1618, 33.44, 0.0124608, -30.3135, 0.44784, -53.2401, 0.482662, 122.955
1854, 30.90000, 0.42328, -121.301, 18.7058, -142.923, 20.1512, 33.441, 0.0124682, -30.4434, 0.447689, -53.2288, 0.482556, 122.956
1855, 30.90833, 0.423443, -121.475, 18.6938, -142.912, 20.1406, 33.442, 0.0124755, -30.5735, 0.447538, -53.2174, 0.482451, 122.957
1855, 30.91667, 0.423608, -121.649, 18.6818, -142.901, 20.13, 33.4431, 0.0124829, -30.7037, 0.447387, -53.206, 0.482345, 122.957
1856, 30.92500, 0.423776, -121.823, 18.6698, -142.89, 20.1194, 33.4441, 0.0124904, -30.8339, 0.447236, -53.1946, 0.482239, 122.958
1856, 30.93333, 0.423946, -121.997, 18.6577, -142.879, 20.1089, 33.4451, 0.0124978, -30.9643, 0.447085, -53.1831, 0.482133, 122.959
1857, 30.94167, 0.424119, -122.171, 18.6457, -142.867, 20.0983, 33.4461, 0.0125053, -31.0948, 0.446933, -53.1715, 0.482027, 122.959
1857, 30.95000, 0.424293, -122.346, 18.6337, -142.856, 20.0877, 33.4471, 0.0125128, -31.2253, 0.446782, -53.1599, 0.481921, 122.96
1858, 30.95833, 0.424471, -122.52, 18.6217, -142.845, 20.0771, 33.4481, 0.0125204, -31.356, 0.44663, -53.1483, 0.481815, 122.961
1858, 30.96667, 0.42465, -122.695, 18.6096, -142.833, 20.0665, 33.4492, 0.012528, -31.4867, 0.446478, -53.1366, 0.481708, 122.962
1859, 30.97500, 0.424833, -122.87, 18.5976, -142.822, 20.0559, 33.4502, 0.0125356, -31.6176, 0.446325, -53.1249, 0.481602, 122.962
1859, 30.98333, 0.425017, -123.045, 18.5856, -142.81, 20.0454, 33.4512, 0.0125432, -31.7486, 0.446173, -53.1131, 0.481495, 122.963
1860, 30.99167, 0.425205, -123.22, 18.5735, -142.799, 20.0348, 33.4522, 0.0125509, -31.8796, 0.44602, -53.1012, 0.481388, 122.964
1860, 31.00000, 0.425394, -123.396, 18.5615, -142.787, 20.0242, 33.4532, 0.0125587, -32.0108, 0.445867, -53.0894, 0.481281, 122.964
1861, 31.00833, 0.425587, -123.571, 18.5495, -142.775, 20.0136, 33.4542, 0.0125664, -32.1421, 0.445714, -53.0774, 0.481174, 122.965
1861, 31.01667, 0.425781, -123.747, 18.5374, -142.764, 20.003, 33.4552, 0.0125742, -32.2735, 0.445561, -53.0654, 0.481067, 122.966
1862, 31.02500, 0.425979, -123.922, 18.5254, -142.752, 19.9925, 33.4563, 0.012582, -32.4049, 0.445407, -53.0534, 0.48096, 122.967
1862, 31.03333, 0.426179, -124.098, 18.5134, -142.74, 19.9819, 33.4573, 0.0125899, -32.5365, 0.445254, -53.0413, 0.480852, 122.967
1863, 31.04167, 0.426381, -124.274, 18.5013, -142.728, 19.9713, 33.4583, 0.0125978, -32.6682, 0.4451, -53.0292, 0.480745, 122.968
1863, 31.05000, 0.426586, -124.45, 18.4893, -142.716, 19.9607, 33.4593, 0.0126057, -32.8, 0.444946, -53.017, 0.480637, 122.969
1864, 31.05833, 0.426794, -124.626, 18.4772, -142.704, 19.9502, 33.4603, 0.0126136, -32.9319, 0.444792, -53.0047, 0.480529, 122.969
1864, 31.06667, 0.427004, -124.803, 18.4652, -142.692, 19.9396, 33.4613, 0.0126216, -33.0639, 0.444638, -52.9925, 0.480422, 122.97
1865, 31.07500, 0.427217, -124.979, 18.4532, -142.68, 19.929, 33.4623, 0.0126297, -33.196, 0.444483, -52.9801, 0.480314, 122.971
1865, 31.08333, 0.427433, -125.156, 18.4411, -142.668, 19.9184, 33.4633, 0.0126377, -33.3282, 0.444328, -52.9677, 0.480205, 122.972
1866, 31.09167, 0.427651, -125.333, 18.4291, -142.656, 19.9079, 33.4643, 0.0126459, -33.4606, 0.444173, -52.9553, 0.480097, 122.972
1866, 31.10000, 0.427872, -125.51, 18.417, -142.644, 19.8973, 33.4653, 0.012654, -33.593, 0.444018, -52.9428, 0.479989, 122.973
1867, 31.10833, 0.428096, -125.687, 18.405, -142.632, 19.8867, 33.4664, 0.0126622, -33.7255, 0.443863, -52.9302, 0.47988, 122.974
1867, 31.11667, 0.428322, -125.864, 18.3929, -142.619, 19.8762, 33.4674, 0.0126704, -33.8582, 0.443707, -52.9176, 0.479772, 122.974
1868, 31.12500, 0.428552, -126.041, 18.3809, -142.607, 19.8656, 33.4684, 0.0126786, -33.9909, 0.443552, -52.905, 0.479663, 122.975
1868, 31.13333, 0.428783, -126.219, 18.3688, -142.594, 19.855, 33.4694, 0.0126869, -34.1238, 0.443396, -52.8923, 0.479554, 122.976
1869, 31.14167, 0.429018, -126.396, 18.3568, -142.582, 19.8445, 33.4704, 0.0126953, -34.2567, 0.44324, -52.8795, 0.479445, 122.976
1869, 31.15000, 0.429256, -126.574, 18.3447, -142.569, 19.8339, 33.4714, 0.0127036, -34.3898, 0.443084, -52.8667, 0.479336, 122.977
1870, 31.15833, 0.429496, -126.752, 18.3327, -142.557, 19.8233, 33.4724, 0.012712, -34.523, 0.442927, -52.8538, 0.479227, 122.978
1870, 31.16667, 0.429739, -126.93, 18.3206, -142.544, 19.8128, 33.4734, 0.0127205, -34.6563, 0.442771, -52.8409, 0.479117, 122.978
1871, 31.17500, 0.429985, -127.108, 18.3086, -142.532, 19.8022, 33.4744, 0.012729, -34.7897, 0.442614, -52.8279, 0.479008, 122.979
1871, 31.18333, 0.430234, -127.286, 18.2965, -142.519, 19.7916, 33.4754, 0.0127375, -34.9232, 0.442457, -52.8148, 0.478898, 122.98
1872, 31.19167, 0.430486, -127.464, 18.2844, -142.506, 19.7811, 33.4764, 0.0127461, -35.0568, 0.4423, -52.8017, 0.478788, 122.98
1872, 31.20000, 0.43074, -127.643, 18.2724, -142.493, 19.7705, 33.4774, 0.0127547, -35.1906, 0.442142, -52.7886, 0.478678, 122.981
1873, 31.20833, 0.430998, -127.821, 18.2603, -142.48, 19.7599, 33.4784, 0.0127633, -35.3244, 0.441985, -52.7754, 0.478568, 122.982
1873, 31.21667, 0.431258, -128, 18.2483, -142.467, 19.7494, 33.4794, 0.012772, -35.4584, 0.441827, -52.7621, 0.478458, 122.982
1874, 31.22500, 0.431521, -128.179, 18.2362, -142.454, 19.7388, 33.4804, 0.0127807, -35.5924, 0.441669, -52.7488, 0.478348, 122.983
1874, 31.23333, 0.431788, -128.357, 18.2241, -142.441, 19.7282, 33.4814, 0.0127895, -35.7266, 0.441511, -52.7354, 0.478238, 122.984
1875, 31.24167, 0.432057, -128.537, 18.2121, -142.428, 19.7177, 33.4824, 0.0127983, -35.8609, 0.441353, -52.722, 0.478127, 122.984
1875, 31.25000, 0.432329, -128.716, 18.2, -142.415, 19.7071, 33.4834, 0.0128072, -35.9953, 0.441194, -52.7085, 0.478016, 122.985
1876, 31.25833, 0.432604, -128.895, 18.188, -142.402, 19.6966, 33.4843, 0.0128161, -36.1298, 0.441036, -52.6949, 0.477905, 122.986
1876, 31.26667, 0.432883, -129.074, 18.1759, -142.388, 19.686, 33.4853, 0.012825, -36.2645, 0.440877, -52.6813, 0.477794, 122.986
1877, 31.27500, 0.433164, -129.254, 18.1638, -142.375, 19.6754, 33.4863, 0.012834, -36.3992, 0.440718, -52.6676, 0.477683, 122.987
1877, 31.28333, 0.433448, -129.434, 18.1517, -142.362, 19.6649, 33.4873, 0.012843, -36.5341, 0.440558, -52.6539, 0.477572, 122.988
1878, 31.29167, 0.433735, -129.613, 18.1397, -142.348, 19.6543, 33.4883, 0.0128521, -36.6691, 0.440399, -52.6401, 0.477461, 122.988
1878, 31.30000, 0.434026, -129.793, 18.1276, -142.335, 19.6437, 33.4893, 0.0128612, -36.8042, 0.44024, -52.6263, 0.477349, 122.989
1879, 31.30833, 0.434319, -129.973, 18.1155, -142.321, 19.6332, 33.4903, 0.0128704, -36.9394, 0.44008, -52.6124, 0.477238, 122.99
1879, 31.31667, 0.434616, -130.153, 18.1035, -142.307, 19.6226, 33.4913, 0.0128796, -37.0747, 0.43992, -52.5984, 0.477126, 122.99
1880, 31.32500, 0.434916, -130.333, 18.0914, -142.294, 19.6121, 33.4922, 0.0128888, -37.2102, 0.43976, -52.5844, 0.477014, 122.991
1880, 31.33333, 0.435219, -130.514, 18.0793, -142.28, 19.6015, 33.4932, 0.0128981, -37.3457, 0.439599, -52.5703, 0.476902, 122.991
1881, 31.34167, 0.435525, -130.694, 18.0672, -142.266, 19.5909, 33.4942, 0.0129075, -37.4814, 0.439439, -52.5561, 0.47679, 122.992
1881, 31.35000, 0.435834, -130.875, 18.0552, -142.252, 19.5804, 33.4952, 0.0129169, -37.6172, 0.439278, -52.5419, 0.476677, 122.993
1882, 31.35833, 0.436146, -131.055, 18.0431, -142.238, 19.5698, 33.4962, 0.0129263, -37.7531, 0.439117, -52.5277, 0.476565, 122.993
1882, 31.36667, 0.436462, -131.236, 18.031, -142.224, 19.5592, 33.4971, 0.0129358, -37.8891, 0.438956, -52.5133, 0.476452, 122.994
1883, 31.37500, 0.436781, -131.417, 18.0189, -142.21, 19.5487, 33.4981, 0.0129453, -38.0253, 0.438795, -52.4989, 0.476339, 122.995
1883, 31.38333, 0.437103, -131.598, 18.0069, -142.196, 19.5381, 33.4991, 0.0129549, -38.1616, 0.438634, -52.4845, 0.476227, 122.995
1884, 31.39167, 0.437428, -131.779, 17.9948, -142.182, 19.5276, 33.5001, 0.0129645, -38.298, 0.438472, -52.4699, 0.476114, 122.996
1884, 31.40000, 0.437757, -131.96, 17.9827, -142.168, 19.517, 33.501, 0.0129742, -38.4345, 0.43831, -52.4553, 0.476, 122.996
1885, 31.40833, 0.438089, -132.142, 17.9706, -142.153, 19.5064, 33.502, 0.0129839, -38.5711, 0.438148, -52.4407, 0.475887, 122.997
1885, 31.41667, 0.438424, -132.323, 17.9585, -142.139, 19.4959, 33.503, 0.0129937, -38.7079, 0.437986, -52.426, 0.475774, 122.998
1886, 31.42500, 0.438762, -132.505, 17.9464, -142.124, 19.4853, 33.5039, 0.0130035, -38.8447, 0.437824, -52.4112, 0.47566, 122.998
1886, 31.43333, 0.439104, -132.686, 17.9344, -142.11, 19.4748, 33.5049, 0.0130134, -38.9817, 0.437661, -52.3964, 0.475546, 122.999
1887, 31.44167, 0.439449, -132.868, 17.9223, -142.095, 19.4642, 33.5059, 0.0130233, -39.1189, 0.437499, -52.3814, 0.475432, 122.999
1887, 31.45000, 0.439798, -133.05, 17.9102, -142.081, 19.4536, 33.5068, 0.0130332, -39.2561, 0.437336, -52.3665, 0.475318, 123
1888, 31.45833, 0.44015, -133.232, 17.8981, -142.066, 19.4431, 33.5078, 0.0130433, -39.3935, 0.437173, -52.3514, 0.475204, 123.001
1888, 31.46667, 0.440506, -133.414, 17.886, -142.051, 19.4325, 33.5088, 0.0130533, -39.531, 0.43701, -52.3363, 0.47509, 123.001
1889, 31.47500, 0.440864, -133.596, 17.8739, -142.036, 19.4219, 33.5097, 0.0130634, -39.6686, 0.436846, -52.3211, 0.474975, 123.002
1889, 31.48333, 0.441227, -133.778, 17.8618, -142.022, 19.4114, 33.5107, 0.0130736, -39.8063, 0.436683, -52.3059, 0.47486, 123.002
1890, 31.49167, 0.441592, -133.96, 17.8497, -142.007, 19.4008, 33.5116, 0.0130838, -39.9442, 0.436519, -52.2906, 0.474746, 123.003
1890, 31.50000, 0.441961, -134.143, 17.8377, -141.992, 19.3902, 33.5126, 0.0130941, -40.0821, 0.436355, -52.2752, 0.474631, 123.003
1891, 31.50833, 0.442334, -134.325, 17.8256, -141.977, 19.3797, 33.5135, 0.0131044, -40.2203, 0.436191, -52.2598, 0.474516, 123.004
1891, 31.51667, 0.44271, -134.508, 17.8135, -141.961, 19.3691, 33.5145, 0.0131148, -40.3585, 0.436027, -52.2442, 0.4744, 123.005
1892, 31.52500, 0.44309, -134.691, 17.8014, -141.946, 19.3585, 33.5154, 0.0131253, -40.4969, 0.435862, -52.2287, 0.474285, 123.005
1892, 31.53333, 0.443473, -134.873, 17.7893, -141.931, 19.348, 33.5164, 0.0131357, -40.6353, 0.435697, -52.213, 0.474169, 123.006
1893, 31.54167, 0.44386, -135.056, 17.7772, -141.916, 19.3374, 33.5173, 0.0131463, -40.774, 0.435533, -52.1973, 0.474054, 123.006
1893, 31.55000, 0.444251, -135.239, 17.7651, -141.9, 19.3268, 33.5183, 0.0131569, -40.9127, 0.435368, -52.1815, 0.473938, 123.007
1894, 31.55833, 0.444645, -135.422, 17.753, -141.885, 19.3163, 33.5192, 0.0131675, -41.0516, 0.435203, -52.1656, 0.473822, 123.007
1894, 31.56667, 0.445042, -135.606, 17.7409, -141.869, 19.3057, 33.5201, 0.0131782, -41.1906, 0.435037, -52.1497, 0.473706, 123.008
1895, 31.57500, 0.445444, -135.789, 17.7288, -141.853, 19.2951, 33.5211, 0.013189, -41.3297, 0.434872, -52.1337, 0.473589, 123.008
1895, 31.58333, 0.445848, -135.972, 17.7167, -141.838, 19.2846, 33.522, 0.0131998, -41.4689, 0.434706, -52.1176, 0.473473, 123.009
1896, 31.59167, 0.446257, -136.156, 17.7046, -141.822, 19.274, 33.523, 0.0132107, -41.6083, 0.43454, -52.1015, 0.473356, 123.009
1896, 31.60000, 0.446669, -136.339, 17.6925, -141.806, 19.2634, 33.5239, 0.0132216, -41.7478, 0.434374, -52.0852, 0.473239, 123.01
1897, 31.60833, 0.447085, -136.523, 17.6804, -141.79, 19.2528, 33.5248, 0.0132326, -41.8875, 0.434208, -52.0689, 0.473122, 123.01
1897, 31.61667, 0.447505, -136.706, 17.6683, -141.774, 19.2423, 33.5257, 0.0132436, -42.0273, 0.434042, -52.0526, 0.473005, 123.011
1898, 31.62500, 0.447928, -136.89, 17.6562, -141.758, 19.2317, 33.5267, 0.0132547, -42.1672, 0.433875, -52.0361, 0.472888, 123.012
1898, 31.63333, 0.448356, -137.074, 17.6441, -141.742, 19.2211, 33.5276, 0.0132659, -42.3072, 0.433708, -52.0196, 0.47277, 123.012
1899, 31.64167, 0.448786, -137.258, 17.632, -141.726, 19.2105, 33.5285, 0.0132771, -42.4474, 0.433541, -52.003, 0.472653, 123.013
1899, 31.65000, 0.449221, -137.442, 17.6199, -141.71, 19.2, 33.5294, 0.0132884, -42.5877, 0.433374, -51.9864, 0.472535, 123.013
1900, 31.65833, 0.44966, -137.626, 17.6078, -141.693, 19.1894, 33.5304, 0.0132997, -42.7281, 0.433207, -51.9696, 0.472417, 123.014
1900, 31.66667, 0.450102, -137.81, 17.5957, -141.677, 19.1788, 33.5313, 0.0133111, -42.8687, 0.43304, -51.9528, 0.472299, 123.014
1901, 31.67500, 0.450548, -137.995, 17.5836, -141.66, 19.1682, 33.5322, 0.0133226, -43.0094, 0.432872, -51.9359, 0.472181, 123.015
1901, 31.68333, 0.450998, -138.179, 17.5715, -141.644, 19.1576, 33.5331, 0.0133341, -43.1502, 0.432704, -51.919, 0.472062, 123.015
1902, 31.69167, 0.451452, -138.364, 17.5594, -141.627, 19.1471, 33.534, 0.0133456, -43.2912, 0.432536, -51.9019, 0.471944, 123.016
1902, 31.70000, 0.45191, -138.548, 17.5473, -141.61, 19.1365, 33.5349, 0.0133573, -43.4322, 0.432368, -51.8848, 0.471825, 123.016
1903, 31.70833, 0.452372, -138.733, 17.5352, -141.594, 19.1259, 33.5358, 0.013369, -43.5735, 0.4322, -51.8676, 0.471706, 123.017
1903, 31.71667, 0.452838, -138.917, 17.5231, -141.577, 19.1153, 33.5367, 0.0133807, -43.7148, 0.432032, -51.8503, 0.471587, 123.017
1904, 31.72500, 0.453307, -139.102, 17.511, -141.56, 19.1047, 33.5376, 0.0133925, -43.8563, 0.431863, -51.833, 0.471467, 123.017
1904, 31.73333, 0.453781, -139.287, 17.4989, -141.543, 19.0941, 33.5385, 0.0134044, -43.998, 0.431695, -51.8155, 0.471348, 123.018
1905, 31.74167, 0.454258, -139.472, 17.4868, -141.526, 19.0835, 33.5394, 0.0134164, -44.1398, 0.431526, -51.798, 0.471228, 123.018
1905, 31.75000, 0.45474, -139.657, 17.4747, -141.508, 19.073, 33.5403, 0.0134284, -44.2817, 0.431357, -51.7804, 0.471109, 123.019
1906, 31.75833, 0.455226, -139.842, 17.4626, -141.491, 19.0624, 33.5412, 0.0134404, -44.4237, 0.431187, -51.7628, 0.470989, 123.019
1906, 31.76667, 0.455715, -140.027, 17.4505, -141.474, 19.0518, 33.5421, 0.0134526, -44.5659, 0.431018, -51.745, 0.470868, 123.02
1907, 31.77500, 0.456209, -140.212, 17.4384, -141.456, 19.0412, 33.543, 0.0134648, -44.7082, 0.430849, -51.7272, 0.470748, 123.02
1907, 31.78333, 0.456707, -140.397, 17.4263, -141.439, 19.0306, 33.5438, 0.013477, -44.8507, 0.430679, -51.7093, 0.470628, 123.021
1908, 31.79167, 0.457209, -140.583, 17.4142, -141.421, 19.02, 33.5447, 0.0134894, -44.9933, 0.430509, -51.6913, 0.470507, 123.021
1908, 31.80000, 0.457715, -140.768, 17.4021, -141.404, 19.0094, 33.5456, 0.0135018, -45.136, 0.430339, -51.6732, 0.470386, 123.021
1909, 31.80833, 0.458225, -140.953, 17.39, -141.386, 18.9988, 33.5465, 0.0135142, -45.2789, 0.430169, -51.655, 0.470265, 123.022
1909, 31.81667, 0.458739, -141.139, 17.3779, -141.368, 18.9882, 33.5474, 0.0135268, -45.4219, 0.429999, -51.6368, 0.470144, 123.022
1910, 31.82500, 0.459257, -141.324, 17.3658, -141.35, 18.9776, 33.5482, 0.0135393, -45.5651, 0.429828, -51.6184, 0.470022, 123.023
1910, 31.83333, 0.45978, -141.51, 17.3537, -141.332, 18.967, 33.5491, 0.013552, -45.7084, 0.429657, -51.6, 0.469901, 123.023
1911, 31.84167, 0.460307, -141.696, 17.3416, -141.314, 18.9564, 33.55, 0.0135647, -45.8518, 0.429487, -51.5815, 0.469779, 123.024
1911, 31.85000, 0.460838, -141.882, 17.3295, -141.296, 18.9458, 33.5508, 0.0135775, -45.9954, 0.429316, -51.5629, 0.469657, 123.024
1912, 31.85833, 0.461373, -142.067, 17.3174, -141.278, 18.9352, 33.5517, 0.0135904, -46.1391, 0.429145, -51.5443, 0.469535, 123.024
1912, 31.86667, 0.461913, -142.253, 17.3053, -141.26, 18.9246, 33.5525, 0.0136033, -46.283, 0.428973, -51.5255, 0.469413, 123.025
1913, 31.87500, 0.462457, -142.439, 17.2932, -141.241, 18.9139, 33.5534, 0.0136163, -46.427, 0.428802, -51.5067, 0.46929, 123.025
1913, 31.88333, 0.463005, -142.625, 17.2811, -141.223, 18.9033, 33.5542, 0.0136294, -46.5711, 0.428631, -51.4878, 0.469168, 123.026
1914, 31.89167, 0.463557, -142.811, 17.269, -141.204, 18.8927, 33.5551, 0.0136425, -46.7154, 0.428459, -51.4687, 0.469045, 123.026
1914, 31.90000, 0.464114, -142.997, 17.2569, -141.185, 18.8821, 33.5559, 0.0136558, -46.8598, 0.428287, -51.4496, 0.468922, 123.026
1915, 31.90833, 0.464675, -143.184, 17.2448, -141.167, 18.8715, 33.5568, 0.013669, -47.0044, 0.428115, -51.4304, 0.468799, 123.027
1915, 31.91667, 0.465241, -143.37, 17.2327, -141.148, 18.8609, 33.5576, 0.0136824, -47.1491, 0.427943, -51.4112, 0.468675, 123.027
1916, 31.92500, 0.465811, -143.556, 17.2206, -141.129, 18.8502, 33.5584, 0.0136958, -47.294, 0.427771, -51.3918, 0.468552, 123.027
1916, 31.93333, 0.466385, -143.742, 17.2085, -141.11, 18.8396, 33.5593, 0.0137093, -47.439, 0.427598, -51.3723, 0.468428, 123.028
1917, 31.94167, 0.466964, -143.929, 17.1964, -141.091, 18.829, 33.5601, 0.0137229, -47.5842, 0.427426, -51.3528, 0.468304, 123.028
1917, 31.95000, 0.467547, -144.115, 17.1843, -141.072, 18.8184, 33.5609, 0.0137365, -47.7295, 0.427253, -51.3331, 0.46818, 123.028
1918, 31.95833, 0.468135, -144.302, 17.1722, -141.052, 18.8077, 33.5618, 0.0137502, -47.8749, 0.42708, -51.3134, 0.468055, 123.029
1918, 31.96667, 0.468727, -144.488, 17.1601, -141.033, 18.7971, 33.5626, 0.013764, -48.0205, 0.426907, -51.2936, 0.467931, 123.029
1919, 31.97500, 0.469324, -144.675, 17.148, -141.014, 18.7865, 33.5634, 0.0137779, -48.1663, 0.426734, -51.2737, 0.467806, 123.029
1919, 31.98333, 0.469925, -144.862, 17.1359, -140.994, 18.7758, 33.5642, 0.0137918, -48.3122, 0.426561, -51.2537, 0.467681, 123.03
1920, 31.99167, 0.470531, -145.048, 17.1238, -140.975, 18.7652, 33.565, 0.0138059, -48.4582, 0.426387, -51.2335, 0.467556, 123.03
1920, 32.00000, 0.471141, -145.235, 17.1117, -140.955, 18.7546, 33.5658, 0.01382, -48.6044, 0.426214, -51.2134, 0.467431, 123.03
1921, 32.00833, 0.471756, -145.422, 17.0996, -140.935, 18.7439, 33.5666, 0.0138341, -48.7507, 0.42604, -51.1931, 0.467305, 123.031
1921, 32.01667, 0.472375, -145.609, 17.0875, -140.915, 18.7333, 33.5674, 0.0138484, -48.8972, 0.425867, -51.1727, 0.467179, 123.031
1922, 32.02500, 0.473, -145.796, 17.0755, -140.895, 18.7226, 33.5682, 0.0138627, -49.0438, 0.425693, -51.1522, 0.467054, 123.031
1922, 32.03333, 0.473628, -145.982, 17.0634, -140.875, 18.712, 33.569, 0.0138771, -49.1906, 0.425519, -51.1316, 0.466927, 123.032
1923, 32.04167, 0.474262, -146.169, 17.0513, -140.855, 18.7013, 33.5698, 0.0138916, -49.3376, 0.425344, -51.1109, 0.466801, 123.032
1923, 32.05000, 0.4749, -146.356, 17.0392, -140.835, 18.6907, 33.5706, 0.0139061, -49.4846, 0.42517, -51.0902, 0.466675, 123.032
1924, 32.05833, 0.475543, -146.543, 17.0271, -140.814, 18.68, 33.5714, 0.0139207, -49.6319, 0.424996, -51.0693, 0.466548, 123.032
1924, 32.06667, 0.47619, -146.731, 17.015, -140.794, 18.6694, 33.5722, 0.0139354, -49.7793, 0.424821, -51.0483, 0.466421, 123.033
1925, 32.07500, 0.476843, -146.918, 17.003, -140.773, 18.6587, 33.5729, 0.0139502, -49.9268, 0.424646, -51.0273, 0.466294, 123.033
1925, 32.08333, 0.4775, -147.105, 16.9909, -140.752, 18.6481, 33.5737, 0.0139651, -50.0745, 0.424472, -51.0061, 0.466166, 123.033
1926, 32.09167, 0.478162, -147.292, 16.9788, -140.732, 18.6374, 33.5745, 0.0139801, -50.2224, 0.424297, -50.9848, 0.466039, 123.033
1926, 32.10000, 0.478828, -147.479, 16.9667, -140.711, 18.6267, 33.5753, 0.0139951, -50.3703, 0.424122, -50.9635, 0.465911, 123.034
1927, 32.10833, 0.4795, -147.667, 16.9546, -140.69, 18.6161, 33.576, 0.0140102, -50.5185, 0.423947, -50.942, 0.465783, 123.034
1927, 32.11667, 0.480176, -147.854, 16.9426, -140.669, 18.6054, 33.5768, 0.0140254, -50.6668, 0.423771, -50.9204, 0.465655, 123.034
1928, 32.12500, 0.480857, -148.041, 16.9305, -140.648, 18.5947, 33.5775, 0.0140407, -50.8153, 0.423596, -50.8988, 0.465526, 123.034
1928, 32.13333, 0.481543, -148.229, 16.9184, -140.626, 18.584, 33.5783, 0.014056, -50.9639, 0.42342, -50.877, 0.465398, 123.035
1929, 32.14167, 0.482234, -148.416, 16.9064, -140.605, 18.5734, 33.579, 0.0140715, -51.1126, 0.423245, -50.8551, 0.465269, 123.035
1929, 32.15000, 0.48293, -148.603, 16.8943, -140.584, 18.5627, 33.5798, 0.014087, -51.2616, 0.423069, -50.8332, 0.46514, 123.035
1930, 32.15833, 0.483631, -148.791, 16.8822, -140.562, 18.552, 33.5805, 0.0141026, -51.4106, 0.422893, -50.8111, 0.465011, 123.035
1930, 32.16667, 0.484337, -148.978, 16.8702, -140.54, 18.5413, 33.5812, 0.0141183, -51.5599, 0.422717, -50.7889, 0.464881, 123.035
1931, 32.17500, 0.485048, -149.166, 16.8581, -140.519, 18.5306, 33.582, 0.0141341, -51.7093, 0.422541, -50.7666, 0.464751, 123.036
1931, 32.18333, 0.485763, -149.354, 16.846, -140.497, 18.5199, 33.5827, 0.0141499, -51.8588, 0.422365, -50.7442, 0.464621, 123.036
1932, 32.19167, 0.486484, -149.541, 16.834, -140.475, 18.5092, 33.5834, 0.0141659, -52.0085, 0.422189, -50.7217, 0.464491, 123.036
1932, 32.20000, 0.48721, -149.729, 16.8219, -140.453, 18.4985, 33.5841, 0.0141819, -52.1584, 0.422013, -50.6991, 0.464361, 123.036
1933, 32.20833, 0.487941, -149.916, 16.8099, -140.431, 18.4878, 33.5849, 0.0141981, -52.3084, 0.421836, -50.6764, 0.46423, 123.036
1933, 32.21667, 0.488677, -150.104, 16.7978, -140.408, 18.4771, 33.5856, 0.0142143, -52.4586, 0.42166, -50.6535, 0.464099, 123.036
1934, 32.22500, 0.489418, -150.292, 16.7858, -140.386, 18.4664, 33.5863, 0.0142306, -52.6089, 0.421483, -50.6306, 0.463968, 123.037
1934, 32.23333, 0.490164, -150.48, 16.7737, -140.363, 18.4557, 33.587, 0.014247, -52.7594, 0.421306, -50.6076, 0.463837, 123.037
1935, 32.24167, 0.490916, -150.667, 16.7617, -140.341, 18.445, 33.5877, 0.0142634, -52.9101, 0.421129, -50.5844, 0.463706, 123.037
1935, 32.25000, 0.491672, -150.855, 16.7497, -140.318, 18.4343, 33.5884, 0.01428, -53.0609, 0.420952, -50.5612, 0.463574, 123.037
1936, 32.25833, 0.492434, -151.043, 16.7376, -140.295, 18.4235, 33.5891, 0.0142967, -53.2118, 0.420775, -50.5378, 0.463442, 123.037
1936, 32.26667, 0.493201, -151.231, 16.7256, -140.272, 18.4128, 33.5898, 0.0143134, -53.363, 0.420598, -50.5143, 0.46331, 123.037
1937, 32.27500, 0.493973, -151.419, 16.7136, -140.249, 18.4021, 33.5904, 0.0143302, -53.5143, 0.420421, -50.4907, 0.463177, 123.037
1937, 32.28333, 0.49475, -151.606, 16.7015, -140.226, 18.3913, 33.5911, 0.0143472, -53.6657, 0.420244, -50.467, 0.463045, 123.037
1938, 32.29167, 0.495533, -151.794, 16.6895, -140.203, 18.3806, 33.5918, 0.0143642, -53.8174, 0.420067, -50.4432, 0.462912, 123.038
1938, 32.30000, 0.496321, -151.982, 16.6775, -140.18, 18.3699, 33.5925, 0.0143813, -53.9692, 0.419889, -50.4192, 0.462779, 123.038
1939, 32.30833, 0.497114, -152.17, 16.6655, -140.156, 18.3591, 33.5931, 0.0143985, -54.1211, 0.419712, -50.3952, 0.462645, 123.038
1939, 32.31667, 0.497913, -152.358, 16.6534, -140.132, 18.3484, 33.5938, 0.0144158, -54.2732, 0.419534, -50.371, 0.462512, 123.038
1940, 32.32500, 0.498717, -152.546, 16.6414, -140.109, 18.3376, 33.5944, 0.0144332, -54.4255, 0.419356, -50.3467, 0.462378, 123.038
1940, 32.33333, 0.499527, -152.734, 16.6294, -140.085, 18.3269, 33.5951, 0.0144507, -54.5779, 0.419179, -50.3223, 0.462244, 123.038
1941, 32.34167, 0.500341, -152.922, 16.6174, -140.061, 18.3161, 33.5957, 0.0144683, -54.7305, 0.419001, -50.2978, 0.462109, 123.038
1941, 32.35000, 0.501162, -153.11, 16.6054, -140.037, 18.3054, 33.5964, 0.0144859, -54.8833, 0.418823, -50.2731, 0.461975, 123.038
1942, 32.35833, 0.501987, -153.298, 16.5934, -140.013, 18.2946, 33.597, 0.0145037, -55.0362, 0.418645, -50.2484, 0.46184, 123.038
1942, 32.36667, 0.502818, -153.486, 16.5814, -139.988, 18.2838, 33.5976, 0.0145216, -55.1893, 0.418467, -50.2235, 0.461705, 123.038
1943, 32.37500, 0.503655, -153.674, 16.5694, -139.964, 18.2731, 33.5983, 0.0145396, -55.3426, 0.418289, -50.1985, 0.46157, 123.038
1943, 32.38333, 0.504497, -153.862, 16.5574, -139.94, 18.2623, 33.5989, 0.0145576, -55.496, 0.418111, -50.1734, 0.461434, 123.038
1944, 32.39167, 0.505345, -154.05, 16.5454, -139.915, 18.2515, 33.5995, 0.0145758, -55.6496, 0.417933, -50.1482, 0.461298, 123.038
1944, 32.40000, 0.506198, -154.239, 16.5334, -139.89, 18.2407, 33.6001, 0.014594, -55.8034, 0.417755, -50.1228, 0.461162, 123.038
1945, 32.40833, 0.507057, -154.427, 16.5215, -139.865, 18.2299, 33.6007, 0.0146124, -55.9573, 0.417576, -50.0973, 0.461026, 123.038
1945, 32.41667, 0.507921, -154.615, 16.5095, -139.84, 18.2192, 33.6013, 0.0146309, -56.1114, 0.417398, -50.0717, 0.460889, 123.038
1946, 32.42500, 0.508791, -154.803, 16.4975, -139.815, 18.2084, 33.6019, 0.0146494, -56.2657, 0.41722, -50.046, 0.460752, 123.038
1946, 32.43333, 0.509667, -154.991, 16.4856, -139.79, 18.1976, 33.6025, 0.0146681, -56.4201, 0.417041, -50.0201, 0.460615, 123.038
1947, 32.44167, 0.510548, -155.179, 16.4736, -139.765, 18.1868, 33.6031, 0.0146868, -56.5747, 0.416863, -49.9941, 0.460478, 123.038
1947, 32.45000, 0.511435, -155.367, 16.4616, -139.739, 18.1759, 33.6037, 0.0147057, -56.7295, 0.416685, -49.968, 0.46034, 123.038
1948, 32.45833, 0.512327, -155.556, 16.4497, -139.714, 18.1651, 33.6043, 0.0147247, -56.8844, 0.416506, -49.9418, 0.460203, 123.038
1948, 32.46667, 0.513226, -155.744, 16.4377, -139.688, 18.1543, 33.6048, 0.0147437, -57.0396, 0.416327, -49.9155, 0.460064, 123.038
1949, 32.47500, 0.51413, -155.932, 16.4258, -139.662, 18.1435, 33.6054, 0.0147629, -57.1948, 0.416149, -49.889, 0.459926, 123.038
1949, 32.48333, 0.51504, -156.12, 16.4139, -139.636, 18.1327, 33.606, 0.0147822, -57.3503, 0.41597, -49.8624, 0.459787, 123.038
1950, 32.49167, 0.515956, -156.308, 16.4019, -139.61, 18.1218, 33.6065, 0.0148015, -57.5059, 0.415792, -49.8356, 0.459648, 123.037
1950, 32.50000, 0.516877, -156.497, 16.39, -139.584, 18.111, 33.6071, 0.014821, -57.6617, 0.415613, -49.8087, 0.459509, 123.037
1951, 32.50833, 0.517804, -156.685, 16.3781, -139.557, 18.1002, 33.6076, 0.0148406, -57.8177, 0.415434, -49.7817, 0.45937, 123.037
1951, 32.51667, 0.518738, -156.873, 16.3661, -139.531, 18.0893, 33.6082, 0.0148603, -57.9738, 0.415256, -49.7546, 0.45923, 123.037
1952, 32.52500, 0.519677, -157.061, 16.3542, -139.504, 18.0785, 33.6087, 0.0148801, -58.1301, 0.415077, -49.7273, 0.45909, 123.037
1952, 32.53333, 0.520622, -157.249, 16.3423, -139.477, 18.0676, 33.6092, 0.0149, -58.2866, 0.414898, -49.6999, 0.45895, 123.037
1953, 32.54167, 0.521573, -157.438, 16.3304, -139.45, 18.0568, 33.6097, 0.01492, -58.4433, 0.414719, -49.6724, 0.458809, 123.037
1953, 32.55000, 0.52253, -157.626, 16.3185, -139.423, 18.0459, 33.6103, 0.0149402, -58.6001, 0.414541, -49.6447, 0.458668, 123.037
1954, 32.55833, 0.523492, -157.814, 16.3066, -139.396, 18.035, 33.6108, 0.0149604, -58.7572, 0.414362, -49.6169, 0.458527, 123.036
1954, 32.56667, 0.524461, -158.003, 16.2947, -139.369, 18.0242, 33.6113, 0.0149807, -58.9144, 0.414183, -49.589, 0.458386, 123.036
1955, 32.57500, 0.525436, -158.191, 16.2829, -139.342, 18.0133, 33.6118, 0.0150012, -59.0717, 0.414005, -49.5609, 0.458244, 123.036
1955, 32.58333, 0.526417, -158.379, 16.271, -139.314, 18.0024, 33.6123, 0.0150217, -59.2293, 0.413826, -49.5327, 0.458102, 123.036
1956, 32.59167, 0.527404, -158.567, 16.2591, -139.286, 17.9915, 33.6128, 0.0150424, -59.387, 0.413647, -49.5043, 0.45796, 123.036
1956, 32.60000, 0.528397, -158.756, 16.2473, -139.259, 17.9806, 33.6132, 0.0150632, -59.5449, 0.413468, -49.4758, 0.457817, 123.035
1957, 32.60833, 0.529396, -158.944, 16.2354, -139.231, 17.9697, 33.6137, 0.0150841, -59.7029, 0.41329, -49.4472, 0.457675, 123.035
1957, 32.61667, 0.530402, -159.132, 16.2236, -139.203, 17.9588, 33.6142, 0.0151051, -59.8612, 0.413111, -49.4184, 0.457531, 123.035
1958, 32.62500, 0.531413, -159.32, 16.2117, -139.174, 17.9479, 33.6147, 0.0151262, -60.0196, 0.412932, -49.3895, 0.457388, 123.035
1958, 32.63333, 0.532431, -159.509, 16.1999, -139.146, 17.937, 33.6151, 0.0151475, -60.1782, 0.412754, -49.3605, 0.457244, 123.035
1959, 32.64167, 0.533455, -159.697, 16.1881, -139.117, 17.9261, 33.6156, 0.0151688, -60.337, 0.412575, -49.3313, 0.4571, 123.034
1959, 32.65000, 0.534485, -159.885, 16.1762, -139.089, 17.9152, 33.616, 0.0151903, -60.496, 0.412397, -49.302, 0.456956, 123.034
1960, 32.65833, 0.535521, -160.073, 16.1644, -139.06, 17.9042, 33.6165, 0.0152119, -60.6551, 0.412218, -49.2725, 0.456812, 123.034
1960, 32.66667, 0.536564, -160.262, 16.1526, -139.031, 17.8933, 33.6169, 0.0152336, -60.8144, 0.41204, -49.2429, 0.456667, 123.034
1961, 32.67500, 0.537613, -160.45, 16.1408, -139.002, 17.8823, 33.6173, 0.0152554, -60.9739, 0.411861, -49.2131, 0.456521, 123.033
1961, 32.68333, 0.538668, -160.638, 16.129, -138.973, 17.8714, 33.6178, 0.0152773, -61.1336, 0.411683, -49.1832, 0.456376, 123.033
1962, 32.69167, 0.539729, -160.827, 16.1172, -138.943, 17.8604, 33.6182, 0.0152993, -61.2935, 0.411505, -49.1531, 0.45623, 123.033
1962, 32.70000, 0.540797, -161.015, 16.1055, -138.914, 17.8495, 33.6186, 0.0153215, -61.4536, 0.411326, -49.1229, 0.456084, 123.032
1963, 32.70833, 0.541872, -161.203, 16.0937, -138.884, 17.8385, 33.619, 0.0153438, -61.6138, 0.411148, -49.0925, 0.455938, 123.032
1963, 32.71667, 0.542953, -161.391, 16.0819, -138.855, 17.8275, 33.6194, 0.0153662, -61.7742, 0.41097, -49.062, 0.455791, 123.032
1964, 32.72500, 0.54404, -161.58, 16.0702, -138.825, 17.8166, 33.6198, 0.0153887, -61.9348, 0.410792, -49.0314, 0.455644, 123.031
1964, 32.73333, 0.545133, -161.768, 16.0584, -138.795, 17.8056, 33.6202, 0.0154114, -62.0956, 0.410614, -49.0006, 0.455496, 123.031
1965, 32.74167, 0.546234, -161.956, 16.0467, -138.764, 17.7946, 33.6206, 0.0154342, -62.2565, 0.410436, -48.9696, 0.455349, 123.031
1965, 32.75000, 0.54734, -162.144, 16.035, -138.734, 17.7836, 33.6209, 0.015457, -62.4177, 0.410258, -48.9385, 0.455201, 123.03
1966, 32.75833, 0.548454, -162.333, 16.0232, -138.703, 17.7726, 33.6213, 0.0154801, -62.579, 0.41008, -48.9072, 0.455052, 123.03
1966, 32.76667, 0.549573, -162.521, 16.0115, -138.673, 17.7616, 33.6217, 0.0155032, -62.7406, 0.409902, -48.8758, 0.454904, 123.029
1967, 32.77500, 0.5507, -162.709, 15.9998, -138.642, 17.7506, 33.622, 0.0155265, -62.9023, 0.409725, -48.8442, 0.454755, 123.029
1967, 32.78333, 0.551833, -162.897, 15.9881, -138.611, 17.7396, 33.6224, 0.0155498, -63.0641, 0.409547, -48.8125, 0.454606, 123.029
1968, 32.79167, 0.552973, -163.086, 15.9764, -138.58, 17.7285, 33.6227, 0.0155734, -63.2262, 0.40937, -48.7806, 0.454456, 123.028
1968, 32.80000, 0.554119, -163.274, 15.9648, -138.548, 17.7175, 33.623, 0.015597, -63.3885, 0.409193, -48.7486, 0.454306, 123.028
1969, 32.80833, 0.555272, -163.462, 15.9531, -138.517, 17.7065, 33.6234, 0.0156208, -63.5509, 0.409015, -48.7164, 0.454156, 123.027
1969, 32.81667, 0.556432, -163.65, 15.9415, -138.485, 17.6954, 33.6237, 0.0156446, -63.7136, 0.408838, -48.684, 0.454005, 123.027
1970, 32.82500, 0.557598, -163.839, 15.9298, -138.454, 17.6844, 33.624, 0.0156687, -63.8764, 0.408661, -48.6515, 0.453854, 123.026
1970, 32.83333, 0.558771, -164.027, 15.9182, -138.422, 17.6733, 33.6243, 0.0156928, -64.0394, 0.408484, -48.6188, 0.453703, 123.026
1971, 32.84167, 0.559951, -164.215, 15.9066, -138.39, 17.6622, 33.6246, 0.0157171, -64.2027, 0.408308, -48.586, 0.453551, 123.025
1971, 32.85000, 0.561138, -164.403, 15.8949, -138.357, 17.6512, 33.6249, 0.0157415, -64.3661, 0.408131, -48.553, 0.453399, 123.025
1972, 32.85833, 0.562332, -164.591, 15.8833, -138.325, 17.6401, 33.6252, 0.015766, -64.5296, 0.407955, -48.5198, 0.453247, 123.024
1972, 32.86667, 0.563532, -164.78, 15.8717, -138.293, 17.629, 33.6255, 0.0157907, -64.6934, 0.407778, -48.4865, 0.453094, 123.024
1973, 32.87500, 0.56474, -164.968, 15.8602, -138.26, 17.6179, 33.6258, 0.0158155, -64.8574, 0.407602, -48.453, 0.452942, 123.023
1973, 32.88333, 0.565954, -165.156, 15.8486, -138.227, 17.6068, 33.626, 0.0158404, -65.0215, 0.407426, -48.4194, 0.452788, 123.023
1974, 32.89167, 0.567175, -165.344, 15.837, -138.194, 17.5957, 33.6263, 0.0158655, -65.1859, 0.40725, -48.3855, 0.452634, 123.022
1974, 32.90000, 0.568403, -165.533, 15.8255, -138.161, 17.5846, 33.6265, 0.0158907, -65.3505, 0.407074, -48.3515, 0.45248, 123.022
1975, 32.90833, 0.569638, -165.721, 15.8139, -138.127, 17.5734, 33.6268, 0.015916, -65.5152, 0.406899, -48.3174, 0.452326, 123.021
1975, 32.91667, 0.570881, -165.909, 15.8024, -138.094, 17.5623, 33.627, 0.0159415, -65.6801, 0.406723, -48.2831, 0.452171, 123.021
1976, 32.92500, 0.57213, -166.097, 15.7909, -138.06, 17.5512, 33.6273, 0.0159671, -65.8453, 0.406548, -48.2486, 0.452016, 123.02
1976, 32.93333, 0.573386, -166.285, 15.7794, -138.026, 17.54, 33.6275, 0.0159928, -66.0106, 0.406373, -48.2139, 0.451861, 123.019
1977, 32.94167, 0.57465, -166.474, 15.7679, -137.992, 17.5289, 33.6277, 0.0160187, -66.1761, 0.406198, -48.1791, 0.451705, 123.019
1977, 32.95000, 0.57592, -166.662, 15.7564, -137.958, 17.5177, 33.6279, 0.0160447, -66.3418, 0.406024, -48.1441, 0.451549, 123.018
1978, 32.95833, 0.577198, -166.85, 15.745, -137.924, 17.5065, 33.6281, 0.0160708, -66.5077, 0.405849, -48.1089, 0.451392, 123.017
1978, 32.96667, 0.578483, -167.038, 15.7335, -137.889, 17.4953, 33.6283, 0.0160971, -66.6738, 0.405675, -48.0735, 0.451235, 123.017
1979, 32.97500, 0.579775, -167.226, 15.7221, -137.854, 17.4842, 33.6285, 0.0161236, -66.8401, 0.405501, -48.038, 0.451078, 123.016
1979, 32.98333, 0.581074, -167.415, 15.7107, -137.82, 17.473, 33.6287, 0.0161501, -67.0066, 0.405327, -48.0023, 0.45092, 123.015
1980, 32.99167, 0.582381, -167.603, 15.6992, -137.784, 17.4618, 33.6289, 0.0161768, -67.1733, 0.405153, -47.9664, 0.450762, 123.015
1980, 33.00000, 0.583694, -167.791, 15.6878, -137.749, 17.4505, 33.629, 0.0162037, -67.3402, 0.40498, -47.9304, 0.450603, 123.014
1981, 33.00833, 0.585016, -167.979, 15.6765, -137.714, 17.4393, 33.6292, 0.0162307, -67.5073, 0.404807, -47.8941, 0.450445, 123.013
1981, 33.01667, 0.586344, -168.167, 15.6651, -137.678, 17.4281, 33.6293, 0.0162578, -67.6746, 0.404634, -47.8577, 0.450285, 123.013
1982, 33.02500, 0.58768, -168.355, 15.6537, -137.643, 17.4169, 33.6295, 0.0162851, -67.8421, 0.404461, -47.8211, 0.450126, 123.012
1982, 33.03333, 0.589023, -168.544, 15.6424, -137.607, 17.4056, 33.6296, 0.0163125, -68.0098, 0.404289, -47.7843, 0.449966, 123.011
1983, 33.04167, 0.590374, -168.732, 15.6311, -137.57, 17.3944, 33.6297, 0.0163401, -68.1777, 0.404117, -47.7474, 0.449805, 123.01
1983, 33.05000, 0.591731, -168.92, 15.6198, -137.534, 17.3831, 33.6299, 0.0163678, -68.3458, 0.403945, -47.7103, 0.449645, 123.01
1984, 33.05833, 0.593097, -169.108, 15.6085, -137.498, 17.3718, 33.63, 0.0163956, -68.5141, 0.403773, -47.6729, 0.449483, 123.009
1984, 33.06667, 0.59447, -169.296, 15.5972, -137.461, 17.3605, 33.6301, 0.0164236, -68.6826, 0.403602, -47.6354, 0.449322, 123.008
1985, 33.07500, 0.59585, -169.485, 15.5859, -137.424, 17.3493, 33.6302, 0.0164518, -68.8513, 0.40343, -47.5978, 0.44916, 123.007
1985, 33.08333, 0.597238, -169.673, 15.5747, -137.387, 17.338, 33.6303, 0.0164801, -69.0202, 0.40326, -47.5599, 0.448997, 123.006
1986, 33.09167, 0.598634, -169.861, 15.5634, -137.35, 17.3267, 33.6304, 0.0165085, -69.1893, 0.403089, -47.5218, 0.448834, 123.006
1986, 33.10000, 0.600037, -170.049, 15.5522, -137.313, 17.3153, 33.6304, 0.0165371, -69.3587, 0.402919, -47.4836, 0.448671, 123.005
1987, 33.10833, 0.601448, -170.237, 15.541, -137.275, 17.304, 33.6305, 0.0165659, -69.5282, 0.402749, -47.4451, 0.448508, 123.004
1987, 33.11667, 0.602866, -170.426, 15.5298, -137.237, 17.2927, 33.6306, 0.0165948, -69.6979, 0.402579, -47.4065, 0.448344, 123.003
1988, 33.12500, 0.604292, -170.614, 15.5187, -137.199, 17.2813, 33.6306, 0.0166238, -69.8678, 0.40241, -47.3677, 0.448179, 123.002
1988, 33.13333, 0.605726, -170.802, 15.5075, -137.161, 17.27, 33.6307, 0.016653, -70.038, 0.402241, -47.3287, 0.448014, 123.001
1989, 33.14167, 0.607168, -170.99, 15.4964, -137.123, 17.2586, 33.6307, 0.0166824, -70.2083, 0.402072, -47.2895, 0.447849, 123
1989, 33.15000, 0.608617, -171.179, 15.4853, -137.085, 17.2472, 33.6307, 0.0167119, -70.3789, 0.401904, -47.2501, 0.447683, 122.999
1990, 33.15833, 0.610074, -171.367, 15.4742, -137.046, 17.2359, 33.6308, 0.0167416, -70.5496, 0.401736, -47.2105, 0.447517, 122.999
1990, 33.16667, 0.611539, -171.555, 15.4631, -137.007, 17.2245, 33.6308, 0.0167714, -70.7206, 0.401568, -47.1708, 0.44735, 122.998
1991, 33.17500, 0.613011, -171.743, 15.452, -136.968, 17.2131, 33.6308, 0.0168014, -70.8918, 0.401401, -47.1308, 0.447183, 122.997
1991, 33.18333, 0.614492, -171.932, 15.441, -136.929, 17.2016, 33.6308, 0.0168315, -71.0632, 0.401234, -47.0906, 0.447016, 122.996
1992, 33.19167, 0.615981, -172.12, 15.43, -136.889, 17.1902, 33.6308, 0.0168618, -71.2348, 0.401068, -47.0503, 0.446848, 122.995
1992, 33.20000, 0.617477, -172.308, 15.419, -136.85, 17.1788, 33.6308, 0.0168922, -71.4066, 0.400902, -47.0097, 0.44668, 122.994
1993, 33.20833, 0.618981, -172.496, 15.408, -136.81, 17.1673, 33.6307, 0.0169228, -71.5786, 0.400736, -46.969, 0.446511, 122.993
1993, 33.21667, 0.620494, -172.685, 15.397, -136.77, 17.1559, 33.6307, 0.0169536, -71.7509, 0.400571, -46.928, 0.446342, 122.992
1994, 33.22500, 0.622014, -172.873, 15.3861, -136.729, 17.1444, 33.6307, 0.0169845, -71.9233, 0.400406, -46.8868, 0.446172, 122.991
1994, 33.23333, 0.623542, -173.061, 15.3751, -136.689, 17.1329, 33.6306, 0.0170156, -72.096, 0.400241, -46.8455, 0.446002, 122.99
1995, 33.24167, 0.625079, -173.25, 15.3642, -136.648, 17.1215, 33.6306, 0.0170469, -72.2689, 0.400077, -46.8039, 0.445831, 122.989
1995, 33.25000, 0.626623, -173.438, 15.3534, -136.608, 17.11, 33.6305, 0.0170783, -72.442, 0.399913, -46.7622, 0.44566, 122.988
1996, 33.25833, 0.628176, -173.626, 15.3425, -136.567, 17.0985, 33.6304, 0.0171098, -72.6153, 0.39975, -46.7202, 0.445488, 122.986
1996, 33.26667, 0.629737, -173.815, 15.3316, -136.525, 17.0869, 33.6304, 0.0171416, -72.7888, 0.399587, -46.678, 0.445316, 122.985
1997, 33.27500, 0.631306, -174.003, 15.3208, -136.484, 17.0754, 33.6303, 0.0171735, -72.9625, 0.399425, -46.6357, 0.445144, 122.984
1997, 33.28333, 0.632883, -174.192, 15.31, -136.442, 17.0639, 33.6302, 0.0172055, -73.1365, 0.399263, -46.5931, 0.444971, 122.983
1998, 33.29167, 0.634468, -174.38, 15.2993, -136.4, 17.0523, 33.6301, 0.0172378, -73.3107, 0.399102, -46.5503, 0.444798, 122.982
1998, 33.30000, 0.636062, -174.568, 15.2885, -136.358, 17.0407, 33.63, 0.0172702, -73.4851, 0.398941, -46.5073, 0.444624, 122.981
1999, 33.30833, 0.637663, -174.757, 15.2778, -136.316, 17.0292, 33.6299, 0.0173027, -73.6597, 0.398781, -46.4641, 0.444449, 122.98
1999, 33.31667, 0.639274, -174.945, 15.2671, -136.274, 17.0176, 33.6297, 0.0173355, -73.8345, 0.398621, -46.4207, 0.444274, 122.979
2000, 33.32500, 0.640892, -175.134, 15.2564, -136.231, 17.006, 33.6296, 0.0173684, -74.0096, 0.398461, -46.377, 0.444099, 122.977
2000, 33.33333, 0.642519, -175.322, 15.2457, -136.188, 16.9944, 33.6294, 0.0174015, -74.1848, 0.398302, -46.3332, 0.443923, 122.976
2001, 33.34167, 0.644155, -175.511, 15.2351, -136.145, 16.9827, 33.6293, 0.0174347, -74.3603, 0.398144, -46.2892, 0.443747, 122.975
2001, 33.35000, 0.645798, -175.699, 15.2245, -136.102, 16.9711, 33.6291, 0.0174681, -74.536, 0.397986, -46.2449, 0.44357, 122.974
2002, 33.35833, 0.647451, -175.888, 15.2139, -136.058, 16.9595, 33.629, 0.0175017, -74.712, 0.397829, -46.2004, 0.443393, 122.973
2002, 33.36667, 0.649111, -176.077, 15.2033, -136.014, 16.9478, 33.6288, 0.0175355, -74.8881, 0.397672, -46.1557, 0.443215, 122.971
2003, 33.37500, 0.650781, -176.265, 15.1928, -135.971, 16.9361, 33.6286, 0.0175694, -75.0645, 0.397516, -46.1108, 0.443037, 122.97
2003, 33.38333, 0.652458, -176.454, 15.1823, -135.926, 16.9245, 33.6284, 0.0176035, -75.2411, 0.397361, -46.0657, 0.442858, 122.969
2003, 33.39167, 0.654145, -176.643, 15.1718, -135.882, 16.9128, 33.6282, 0.0176378, -75.418, 0.397206, -46.0204, 0.442678, 122.968
2004, 33.40000, 0.65584, -176.831, 15.1614, -135.837, 16.901, 33.628, 0.0176722, -75.595, 0.397051, -45.9748, 0.442498, 122.966
2005, 33.40833, 0.657543, -177.02, 15.1509, -135.793, 16.8893, 33.6278, 0.0177069, -75.7723, 0.396897, -45.9291, 0.442318, 122.965
2005, 33.41667, 0.659256, -177.209, 15.1405, -135.748, 16.8776, 33.6276, 0.0177417, -75.9498, 0.396744, -45.8831, 0.442137, 122.964
2006, 33.42500, 0.660976, -177.398, 15.1301, -135.702, 16.8658, 33.6274, 0.0177767, -76.1275, 0.396592, -45.8368, 0.441956, 122.962
2006, 33.43333, 0.662706, -177.586, 15.1198, -135.657, 16.8541, 33.6271, 0.0178118, -76.3055, 0.39644, -45.7904, 0.441774, 122.961
2007, 33.44167, 0.664444, -177.775, 15.1095, -135.611, 16.8423, 33.6269, 0.0178472, -76.4837, 0.396288, -45.7438, 0.441591, 122.96
2007, 33.45000, 0.666192, -177.964, 15.0992, -135.565, 16.8305, 33.6266, 0.0178827, -76.6621, 0.396138, -45.6969, 0.441408, 122.958
2008, 33.45833, 0.667947, -178.153, 15.0889, -135.519, 16.8187, 33.6264, 0.0179184, -76.8408, 0.395988, -45.6498, 0.441224, 122.957
2008, 33.46667, 0.669712, -178.342, 15.0787, -135.473, 16.8069, 33.6261, 0.0179543, -77.0197, 0.395839, -45.6025, 0.44104, 122.955
2009, 33.47500, 0.671486, -178.531, 15.0685, -135.427, 16.7951, 33.6258, 0.0179904, -77.1988, 0.39569, -45.5549, 0.440856, 122.954
2009, 33.48333, 0.673268, -178.72, 15.0583, -135.38, 16.7832, 33.6256, 0.0180266, -77.3782, 0.395542, -45.5071, 0.44067, 122.953
2010, 33.49167, 0.67506, -178.909, 15.0482, -135.333, 16.7714, 33.6253, 0.0180631, -77.5577, 0.395395, -45.4591, 0.440484, 122.951
2010, 33.50000, 0.67686, -179.098, 15.0381, -135.286, 16.7595, 33.625, 0.0180997, -77.7376, 0.395248, -45.4109, 0.440298, 122.95
2011, 33.50833, 0.67867, -179.287, 15.028, -135.238, 16.7476, 33.6247, 0.0181365, -77.9176, 0.395103, -45.3625, 0.440111, 122.948
2011, 33.51667, 0.680488, -179.477, 15.0179, -135.19, 16.7357, 33.6244, 0.0181735, -78.0979, 0.394958, -45.3138, 0.439924, 122.947
2012, 33.52500, 0.682316, -179.666, 15.0079, -135.143, 16.7238, 33.624, 0.0182107, -78.2784, 0.394813, -45.2649, 0.439735, 122.945
2012, 33.53333, 0.684152, -179.855, 14.9979, -135.094, 16.7119, 33.6237, 0.018248, -78.4592, 0.39467, -45.2157, 0.439547, 122.944
2013, 33.54167, 0.685998, 179.956, 14.988, -135.046, 16.6999, 33.6234, 0.0182856, -78.6402, 0.394527, -45.1663, 0.439358, 122.942
2013, 33.55000, 0.687852, 179.766, 14.9781, -134.998, 16.688, 33.623, 0.0183233, -78.8214, 0.394385, -45.1167, 0.439168, 122.941
2014, 33.55833, 0.689716, 179.577, 14.9682, -134.949, 16.676, 33.6227, 0.0183613, -79.0029, 0.394244, -45.0669, 0.438977, 122.939
2014, 33.56667, 0.691589, 179.388, 14.9583, -134.9, 16.664, 33.6223, 0.0183994, -79.1846, 0.394104, -45.0168, 0.438786, 122.938
2015, 33.57500, 0.693471, 179.198, 14.9485, -134.85, 16.652, 33.622, 0.0184377, -79.3666, 0.393964, -44.9665, 0.438595, 122.936
2015, 33.58333, 0.695363, 179.008, 14.9387, -134.801, 16.64, 33.6216, 0.0184762, -79.5487, 0.393826, -44.916, 0.438402, 122.934
2016, 33.59167, 0.697264, 178.819, 14.929, -134.751, 16.628, 33.6212, 0.0185149, -79.7312, 0.393688, -44.8652, 0.43821, 122.933
2016, 33.60000, 0.699174, 178.629, 14.9192, -134.701, 16.6159, 33.6208, 0.0185538, -79.9139, 0.393551, -44.8142, 0.438016, 122.931
2017, 33.60833, 0.701093, 178.44, 14.9096, -134.651, 16.6039, 33.6205, 0.0185929, -80.0968, 0.393415, -44.763, 0.437822, 122.93
2017, 33.61667, 0.703022, 178.25, 14.8999, -134.601, 16.5918, 33.6201, 0.0186322, -80.28, 0.39328, -44.7115, 0.437627, 122.928
2018, 33.62500, 0.70496, 178.06, 14.8903, -134.55, 16.5797, 33.6197, 0.0186717, -80.4634, 0.393145, -44.6598, 0.437432, 122.926
2018, 33.63333, 0.706907, 177.87, 14.8808, -134.499, 16.5676, 33.6192, 0.0187114, -80.647, 0.393012, -44.6078, 0.437236, 122.925
2019, 33.64167, 0.708864, 177.68, 14.8712, -134.448, 16.5555, 33.6188, 0.0187513, -80.8309, 0.39288, -44.5556, 0.43704, 122.923
2019, 33.65000, 0.710831, 177.49, 14.8617, -134.397, 16.5433, 33.6184, 0.0187913, -81.0151, 0.392748, -44.5032, 0.436843, 122.921
2020, 33.65833, 0.712807, 177.3, 14.8523, -134.345, 16.5312, 33.618, 0.0188316, -81.1995, 0.392618, -44.4505, 0.436645, 122.92
2020, 33.66667, 0.714792, 177.11, 14.8429, -134.293, 16.519, 33.6175, 0.0188721, -81.3841, 0.392488, -44.3976, 0.436446, 122.918
2021, 33.67500, 0.716787, 176.92, 14.8335, -134.241, 16.5068, 33.6171, 0.0189128, -81.569, 0.392359, -44.3445, 0.436247, 122.916
2021, 33.68333, 0.718792, 176.73, 14.8242, -134.189, 16.4946, 33.6166, 0.0189537, -81.7542, 0.392232, -44.2911, 0.436047, 122.914
2022, 33.69167, 0.720806, 176.539, 14.8149, -134.136, 16.4823, 33.6162, 0.0189947, -81.9396, 0.392105, -44.2374, 0.435847, 122.913
2022, 33.70000, 0.72283, 176.349, 14.8056, -134.083, 16.4701, 33.6157, 0.019036, -82.1252, 0.39198, -44.1836, 0.435646, 122.911
2023, 33.70833, 0.724863, 176.159, 14.7964, -134.03, 16.4578, 33.6153, 0.0190775, -82.3111, 0.391855, -44.1294, 0.435444, 122.909
2023, 33.71667, 0.726907, 175.968, 14.7873, -133.977, 16.4456, 33.6148, 0.0191192, -82.4973, 0.391732, -44.0751, 0.435242, 122.907
2024, 33.72500, 0.72896, 175.777, 14.7781, -133.923, 16.4333, 33.6143, 0.0191611, -82.6837, 0.391609, -44.0205, 0.435039, 122.906
2024, 33.73333, 0.731022, 175.587, 14.769, -133.87, 16.421, 33.6138, 0.0192032, -82.8704, 0.391488, -43.9656, 0.434835, 122.904
2025, 33.74167, 0.733095, 175.396, 14.76, -133.816, 16.4086, 33.6133, 0.0192455, -83.0573, 0.391367, -43.9105, 0.434631, 122.902
2025, 33.75000, 0.735177, 175.205, 14.751, -133.761, 16.3963, 33.6128, 0.019288, -83.2445, 0.391248, -43.8552, 0.434425, 122.9
2026, 33.75833, 0.737269, 175.014, 14.7421, -133.707, 16.3839, 33.6123, 0.0193308, -83.4319, 0.39113, -43.7996, 0.43422, 122.898
2026, 33.76667, 0.739372, 174.823, 14.7332, -133.652, 16.3715, 33.6118, 0.0193737, -83.6196, 0.391013, -43.7438, 0.434013, 122.896
2027, 33.77500, 0.741484, 174.632, 14.7243, -133.597, 16.3591, 33.6113, 0.0194168, -83.8076, 0.390898, -43.6877, 0.433806, 122.895
2027, 33.78333, 0.743605, 174.441, 14.7155, -133.542, 16.3467, 33.6108, 0.0194602, -83.9958, 0.390783, -43.6314, 0.433598, 122.893
2028, 33.79167, 0.745737, 174.25, 14.7067, -133.486, 16.3342, 33.6103, 0.0195038, -84.1843, 0.39067, -43.5748, 0.433389, 122.891
2028, 33.80000, 0.747879, 174.059, 14.698, -133.431, 16.3218, 33.6098, 0.0195476, -84.373, 0.390557, -43.518, 0.43318, 122.889
2029, 33.80833, 0.750031, 173.867, 14.6893, -133.375, 16.3093, 33.6092, 0.0195915, -84.562, 0.390447, -43.4609, 0.43297, 122.887
2029, 33.81667, 0.752193, 173.676, 14.6807, -133.318, 16.2968, 33.6087, 0.0196358, -84.7513, 0.390337, -43.4036, 0.432759, 122.885
2030, 33.82500, 0.754365, 173.484, 14.6721, -133.262, 16.2843, 33.6082, 0.0196802, -84.9408, 0.390228, -43.3461, 0.432547, 122.883
2030, 33.83333, 0.756547, 173.293, 14.6636, -133.205, 16.2717, 33.6076, 0.0197248, -85.1306, 0.390121, -43.2883, 0.432335, 122.881
2031, 33.84167, 0.758739, 173.101, 14.6551, -133.148, 16.2592, 33.6071, 0.0197697, -85.3207, 0.390015, -43.2302, 0.432122, 122.879
2031, 33.85000, 0.760941, 172.909, 14.6467, -133.091, 16.2466, 33.6065, 0.0198147, -85.511, 0.38991, -43.1719, 0.431908, 122.877
2032, 33.85833, 0.763154, 172.717, 14.6383, -133.034, 16.234, 33.606, 0.01986, -85.7016, 0.389807, -43.1134, 0.431694, 122.875
2032, 33.86667, 0.765377, 172.525, 14.63, -132.976, 16.2214, 33.6054, 0.0199055, -85.8925, 0.389705, -43.0546, 0.431478, 122.873
2033, 33.87500, 0.76761, 172.333, 14.6217, -132.918, 16.2087, 33.6049, 0.0199512, -86.0836, 0.389604, -42.9955, 0.431262, 122.871
2033, 33.88333, 0.769853, 172.141, 14.6135, -132.86, 16.1961, 33.6043, 0.0199972, -86.275, 0.389505, -42.9362, 0.431046, 122.869
2034, 33.89167, 0.772106, 171.949, 14.6053, -132.801, 16.1834, 33.6037, 0.0200434, -86.4667, 0.389407, -42.8767, 0.430828, 122.867
2034, 33.90000, 0.77437, 171.756, 14.5972, -132.743, 16.1707, 33.6032, 0.0200897, -86.6586, 0.389311, -42.8169, 0.43061, 122.865
2035, 33.90833, 0.776644, 171.564, 14.5892, -132.684, 16.158, 33.6026, 0.0201363, -86.8509, 0.389216, -42.7568, 0.43039, 122.863
2035, 33.91667, 0.778929, 171.371, 14.5811, -132.624, 16.1452, 33.602, 0.0201832, -87.0434, 0.389122, -42.6965, 0.43017, 122.861
2036, 33.92500, 0.781224, 171.178, 14.5732, -132.565, 16.1325, 33.6015, 0.0202302, -87.2362, 0.38903, -42.636, 0.42995, 122.859
2036, 33.93333, 0.783529, 170.985, 14.5653, -132.505, 16.1197, 33.6009, 0.0202775, -87.4292, 0.388939, -42.5752, 0.429728, 122.857
2037, 33.94167, 0.785845, 170.792, 14.5575, -132.445, 16.1069, 33.6003, 0.020325, -87.6226, 0.38885, -42.5141, 0.429506, 122.855
2037, 33.95000, 0.788171, 170.599, 14.5497, -132.385, 16.0941, 33.5997, 0.0203727, -87.8162, 0.388762, -42.4528, 0.429282, 122.853
2038, 33.95833, 0.790508, 170.406, 14.542, -132.325, 16.0812, 33.5991, 0.0204207, -88.01, 0.388675, -42.3913, 0.429058, 122.851
2038, 33.96667, 0.792856, 170.213, 14.5343, -132.264, 16.0683, 33.5986, 0.0204688, -88.2042, 0.388591, -42.3295, 0.428834, 122.849
2039, 33.97500, 0.795213, 170.019, 14.5267, -132.203, 16.0554, 33.598, 0.0205173, -88.3987, 0.388508, -42.2675, 0.428608, 122.847
2039, 33.98333, 0.797582, 169.826, 14.5192, -132.142, 16.0425, 33.5974, 0.0205659, -88.5934, 0.388426, -42.2052, 0.428381, 122.845
2040, 33.99167, 0.799961, 169.632, 14.5117, -132.08, 16.0296, 33.5968, 0.0206148, -88.7884, 0.388346, -42.1426, 0.428154, 122.843
2040, 34.00000, 0.80235, 169.438, 14.5043, -132.018, 16.0166, 33.5962, 0.0206638, -88.9837, 0.388268, -42.0798, 0.427926, 122.84
2041, 34.00833, 0.804751, 169.244, 14.4969, -131.956, 16.0036, 33.5956, 0.0207132, -89.1793, 0.388191, -42.0168, 0.427697, 122.838
2041, 34.01667, 0.807162, 169.05, 14.4896, -131.894, 15.9906, 33.5951, 0.0207627, -89.3752, 0.388116, -41.9535, 0.427467, 122.836
2042, 34.02500, 0.809583, 168.856, 14.4824, -131.832, 15.9776, 33.5945, 0.0208125, -89.5714, 0.388042, -41.89, 0.427236, 122.834
2042, 34.03333, 0.812016, 168.662, 14.4752, -131.769, 15.9645, 33.5939, 0.0208625, -89.7678, 0.387971, -41.8262, 0.427005, 122.832
2043, 34.04167, 0.814459, 168.467, 14.4681, -131.706, 15.9514, 33.5933, 0.0209128, -89.9646, 0.387901, -41.7622, 0.426772, 122.83
2043, 34.05000, 0.816913, 168.273, 14.461, -131.643, 15.9383, 33.5927, 0.0209633, -90.1616, 0.387832, -41.6979, 0.426539, 122.828
2044, 34.05833, 0.819378, 168.078, 14.4541, -131.579, 15.9252, 33.5922, 0.021014, -90.3589, 0.387766, -41.6334, 0.426304, 122.825
2044, 34.06667, 0.821853, 167.883, 14.4471, -131.516, 15.912, 33.5916, 0.0210649, -90.5565, 0.387701, -41.5686, 0.426069, 122.823
2045, 34.07500, 0.82434, 167.688, 14.4403, -131.452, 15.8989, 33.591, 0.0211161, -90.7544, 0.387638, -41.5036, 0.425833, 122.821
2045, 34.08333, 0.826837, 167.493, 14.4335, -131.388, 15.8857, 33.5904, 0.0211675, -90.9526, 0.387577, -41.4384, 0.425596, 122.819
2046, 34.09167, 0.829345, 167.298, 14.4268, -131.323, 15.8724, 33.5899, 0.0212192, -91.1511, 0.387517, -41.3729, 0.425358, 122.817
2046, 34.10000, 0.831864, 167.103, 14.4202, -131.258, 15.8592, 33.5893, 0.0212711, -91.3499, 0.38746, -41.3071, 0.425119, 122.815
2047, 34.10833, 0.834394, 166.907, 14.4136, -131.194, 15.8459, 33.5888, 0.0213232, -91.549, 0.387404, -41.2412, 0.424879, 122.812
2047, 34.11667, 0.836935, 166.711, 14.4071, -131.128, 15.8326, 33.5882, 0.0213756, -91.7484, 0.387351, -41.1749, 0.424639, 122.81
2048, 34.12500, 0.839487, 166.515, 14.4007, -131.063, 15.8192, 33.5877, 0.0214282, -91.9481, 0.387299, -41.1085, 0.424397, 122.808
2048, 34.13333, 0.84205, 166.319, 14.3943, -130.997, 15.8059, 33.5871, 0.0214811, -92.1481, 0.387249, -41.0418, 0.424154, 122.806
2049, 34.14167, 0.844624, 166.123, 14.388, -130.931, 15.7925, 33.5866, 0.0215342, -92.3484, 0.387201, -40.9748, 0.423911, 122.804
2049, 34.15000, 0.847209, 165.927, 14.3818, -130.865, 15.7791, 33.586, 0.0215875, -92.549, 0.387155, -40.9076, 0.423666, 122.801
2050, 34.15833, 0.849805, 165.73, 14.3757, -130.799, 15.7657, 33.5855, 0.0216411, -92.7499, 0.387111, -40.8402, 0.423421, 122.799
2050, 34.16667, 0.852412, 165.534, 14.3696, -130.732, 15.7522, 33.585, 0.0216949, -92.9511, 0.387069, -40.7725, 0.423174, 122.797
2051, 34.17500, 0.855031, 165.337, 14.3636, -130.665, 15.7387, 33.5845, 0.021749, -93.1526, 0.387029, -40.7046, 0.422927, 122.795
2051, 34.18333, 0.85766, 165.14, 14.3577, -130.598, 15.7252, 33.584, 0.0218033, -93.3544, 0.386991, -40.6365, 0.422678, 122.793
2052, 34.19167, 0.860301, 164.943, 14.3519, -130.531, 15.7116, 33.5835, 0.0218578, -93.5566, 0.386956, -40.5681, 0.422429, 122.79
2052, 34.20000, 0.862952, 164.746, 14.3461, -130.463, 15.6981, 33.583, 0.0219126, -93.759, 0.386922, -40.4995, 0.422178, 122.788
2053, 34.20833, 0.865615, 164.548, 14.3404, -130.395, 15.6845, 33.5825, 0.0219677, -93.9617, 0.38689, -40.4307, 0.421927, 122.786
2053, 34.21667, 0.868289, 164.35, 14.3348, -130.327, 15.6708, 33.582, 0.022023, -94.1648, 0.386861, -40.3616, 0.421675, 122.784
2054, 34.22500, 0.870974, 164.153, 14.3293, -130.259, 15.6572, 33.5815, 0.0220785, -94.3682, 0.386834, -40.2924, 0.421421, 122.782
2054, 34.23333, 0.873671, 163.955, 14.3239, -130.191, 15.6435, 33.5811, 0.0221343, -94.5718, 0.386809, -40.2228, 0.421167, 122.779
2055, 34.24167, 0.876378, 163.756, 14.3185, -130.122, 15.6298, 33.5806, 0.0221903, -94.7759, 0.386786, -40.1531, 0.420911, 122.777
2055, 34.25000, 0.879097, 163.558, 14.3132, -130.053, 15.616, 33.5802, 0.0222466, -94.9802, 0.386765, -40.0831, 0.420654, 122.775
2056, 34.25833, 0.881827, 163.36, 14.308, -129.984, 15.6023, 33.5798, 0.0223031, -95.1848, 0.386747, -40.0129, 0.420397, 122.773
2056, 34.26667, 0.884569, 163.161, 14.3029, -129.914, 15.5885, 33.5794, 0.0223599, -95.3897, 0.386731, -39.9425, 0.420138, 122.771
2057, 34.27500, 0.887322, 162.962, 14.2979, -129.844, 15.5746, 33.579, 0.0224169, -95.595, 0.386717, -39.8718, 0.419878, 122.768
2057, 34.28333, 0.890086, 162.763, 14.293, -129.774, 15.5608, 33.5786, 0.0224742, -95.8006, 0.386706, -39.801, 0.419617, 122.766
2058, 34.29167, 0.892862, 162.564, 14.2881, -129.704, 15.5469, 33.5782, 0.0225317, -96.0065, 0.386697, -39.7299, 0.419356, 122.764
2058, 34.30000, 0.895649, 162.364, 14.2833, -129.634, 15.533, 33.5778, 0.0225895, -96.2127, 0.38669, -39.6586, 0.419093, 122.762
2059, 34.30833, 0.898447, 162.165, 14.2786, -129.563, 15.519, 33.5775, 0.0226475, -96.4193, 0.386686, -39.5871, 0.418828, 122.76
2059, 34.31667, 0.901257, 161.965, 14.2741, -129.493, 15.505, 33.5772, 0.0227058, -96.6262, 0.386684, -39.5153, 0.418563, 122.758
2060, 34.32500, 0.904077, 161.765, 14.2695, -129.422, 15.491, 33.5769, 0.0227643, -96.8334, 0.386685, -39.4434, 0.418297, 122.756
2060, 34.33333, 0.90691, 161.564, 14.2651, -129.35, 15.477, 33.5766, 0.0228231, -97.0409, 0.386688, -39.3712, 0.418029, 122.753
2061, 34.34167, 0.909754, 161.364, 14.2608, -129.279, 15.4629, 33.5763, 0.0228821, -97.2488, 0.386694, -39.2989, 0.417761, 122.751
2061, 34.35000, 0.912609, 161.163, 14.2566, -129.207, 15.4488, 33.576, 0.0229414, -97.4569, 0.386702, -39.2263, 0.417491, 122.749
2062, 34.35833, 0.915476, 160.962, 14.2524, -129.135, 15.4347, 33.5758, 0.0230009, -97.6655, 0.386712, -39.1535, 0.41722, 122.747
2062, 34.36667, 0.918354, 160.761, 14.2484, -129.063, 15.4205, 33.5755, 0.0230607, -97.8743, 0.386726, -39.0805, 0.416948, 122.745
2063, 34.37500, 0.921243, 160.56, 14.2444, -128.991, 15.4063, 33.5753, 0.0231208, -98.0835, 0.386741, -39.0074, 0.416675, 122.743
2063, 34.38333, 0.924144, 160.359, 14.2405, -128.918, 15.3921, 33.5751, 0.0231811, -98.293, 0.38676, -38.934, 0.416401, 122.741
2064, 34.39167, 0.927057, 160.157, 14.2368, -128.846, 15.3778, 33.575, 0.0232416, -98.5029, 0.386781, -38.8604, 0.416125, 122.739
2064, 34.40000, 0.929981, 159.955, 14.2331, -128.773, 15.3635, 33.5748, 0.0233025, -98.713, 0.386805, -38.7866, 0.415849, 122.737
2064, 34.40833, 0.932917, 159.753, 14.2295, -128.7, 15.3491, 33.5747, 0.0233635, -98.9236, 0.386831, -38.7127, 0.415571, 122.735
2065, 34.41667, 0.935864, 159.551, 14.226, -128.626, 15.3348, 33.5746, 0.0234248, -99.1344, 0.38686, -38.6385, 0.415292, 122.733
2066, 34.42500, 0.938822, 159.348, 14.2227, -128.553, 15.3204, 33.5745, 0.0234864, -99.3456, 0.386892, -38.5642, 0.415012, 122.731
2066, 34.43333, 0.941792, 159.145, 14.2194, -128.479, 15.3059, 33.5745, 0.0235483, -99.5571, 0.386927, -38.4896, 0.41473, 122.729
2067, 34.44167, 0.944774, 158.942, 14.2162, -128.405, 15.2915, 33.5744, 0.0236104, -99.769, 0.386964, -38.4149, 0.414448, 122.727
2067, 34.45000, 0.947767, 158.739, 14.2131, -128.331, 15.277, 33.5744, 0.0236727, -99.9812, 0.387004, -38.34, 0.414164, 122.725
2068, 34.45833, 0.950771, 158.535, 14.2101, -128.257, 15.2624, 33.5745, 0.0237353, -100.194, 0.387047, -38.265, 0.413879, 122.723
2068, 34.46667, 0.953788, 158.332, 14.2072, -128.182, 15.2479, 33.5745, 0.0237982, -100.407, 0.387093, -38.1897, 0.413592, 122.721
2068, 34.47500, 0.956815, 158.128, 14.2045, -128.108, 15.2333, 33.5746, 0.0238613, -100.62, 0.387142, -38.1143, 0.413305, 122.719
2069, 34.48333, 0.959854, 157.924, 14.2018, -128.033, 15.2186, 33.5747, 0.0239247, -100.834, 0.387194, -38.0387, 0.413016, 122.717
2070, 34.49167, 0.962905, 157.719, 14.1992, -127.958, 15.2039, 33.5748, 0.0239883, -101.048, 0.387248, -37.9629, 0.412726, 122.715
2070, 34.50000, 0.965968, 157.515, 14.1968, -127.883, 15.1892, 33.575, 0.0240522, -101.262, 0.387306, -37.887, 0.412434, 122.714
2071, 34.50833, 0.969041, 157.31, 14.1944, -127.807, 15.1745, 33.5752, 0.0241164, -101.476, 0.387366, -37.8109, 0.412142, 122.712
2071, 34.51667, 0.972127, 157.105, 14.1922, -127.732, 15.1597, 33.5754, 0.0241808, -101.691, 0.38743, -37.7347, 0.411848, 122.71
2072, 34.52500, 0.975224, 156.899, 14.19, -127.656, 15.1449, 33.5757, 0.0242455, -101.907, 0.387496, -37.6583, 0.411552, 122.708
2072, 34.53333, 0.978332, 156.694, 14.188, -127.58, 15.13, 33.576, 0.0243104, -102.122, 0.387566, -37.5817, 0.411256, 122.707
2072, 34.54167, 0.981452, 156.488, 14.1861, -127.504, 15.1151, 33.5763, 0.0243756, -102.339, 0.387639, -37.505, 0.410958, 122.705
2073, 34.55000, 0.984583, 156.282, 14.1843, -127.428, 15.1002, 33.5767, 0.0244411, -102.555, 0.387714, -37.4282, 0.410659, 122.703
2074, 34.55833, 0.987726, 156.075, 14.1826, -127.352, 15.0852, 33.5771, 0.0245068, -102.772, 0.387793, -37.3512, 0.410358, 122.702
2074, 34.56667, 0.990881, 155.869, 14.181, -127.275, 15.0702, 33.5776, 0.0245727, -102.989, 0.387875, -37.2741, 0.410056, 122.7
2075, 34.57500, 0.994047, 155.662, 14.1795, -127.199, 15.0552, 33.578, 0.024639, -103.206, 0.387961, -37.1968, 0.409753, 122.698
2075, 34.58333, 0.997224, 155.455, 14.1781, -127.122, 15.0401, 33.5786, 0.0247055, -103.424, 0.388049, -37.1194, 0.409449, 122.697
2076, 34.59167, 1.00041, 155.247, 14.1769, -127.045, 15.025, 33.5791, 0.0247722, -103.642, 0.388141, -37.0419, 0.409143, 122.695
2076, 34.60000, 1.00361, 155.04, 14.1757, -126.968, 15.0098, 33.5797, 0.0248392, -103.861, 0.388236, -36.9642, 0.408835, 122.694
2076, 34.60833, 1.00683, 154.832, 14.1747, -126.891, 14.9946, 33.5804, 0.0249065, -104.08, 0.388334, -36.8864, 0.408527, 122.692
2077, 34.61667, 1.01005, 154.624, 14.1738, -126.813, 14.9794, 33.5811, 0.024974, -104.299, 0.388435, -36.8085, 0.408217, 122.691
2078, 34.62500, 1.01328, 154.415, 14.173, -126.736, 14.9641, 33.5818, 0.0250418, -104.519, 0.38854, -36.7305, 0.407905, 122.69
2078, 34.63333, 1.01653, 154.206, 14.1724, -126.658, 14.9488, 33.5826, 0.0251098, -104.739, 0.388648, -36.6524, 0.407592, 122.688
2079, 34.64167, 1.01979, 153.997, 14.1718, -126.581, 14.9334, 33.5835, 0.0251781, -104.959, 0.38876, -36.5742, 0.407278, 122.687
2079, 34.65000, 1.02306, 153.788, 14.1714, -126.503, 14.918, 33.5844, 0.0252467, -105.18, 0.388875, -36.4958, 0.406962, 122.686
2080, 34.65833, 1.02634, 153.579, 14.1711, -126.425, 14.9026, 33.5853, 0.0253155, -105.401, 0.388993, -36.4174, 0.406645, 122.685
2080, 34.66667, 1.02963, 153.369, 14.1709, -126.347, 14.8871, 33.5863, 0.0253846, -105.623, 0.389115, -36.3389, 0.406326, 122.684
2080, 34.67500, 1.03293, 153.159, 14.1708, -126.269, 14.8716, 33.5873, 0.0254539, -105.844, 0.38924, -36.2602, 0.406006, 122.682
2081, 34.68333, 1.03625, 152.948, 14.1709, -126.19, 14.856, 33.5884, 0.0255235, -106.067, 0.389369, -36.1815, 0.405685, 122.681
2082, 34.69167, 1.03957, 152.738, 14.1711, -126.112, 14.8404, 33.5896, 0.0255934, -106.289, 0.389501, -36.1027, 0.405362, 122.68
2082, 34.70000, 1.04291, 152.527, 14.1714, -126.034, 14.8248, 33.5908, 0.0256635, -106.512, 0.389637, -36.0239, 0.405037, 122.679
2083, 34.70833, 1.04626, 152.315, 14.1718, -125.955, 14.8091, 33.592, 0.0257338, -106.736, 0.389776, -35.9449, 0.404711, 122.679
2083, 34.71667, 1.04962, 152.104, 14.1724, -125.876, 14.7934, 33.5933, 0.0258045, -106.959, 0.389919, -35.8659, 0.404384, 122.678
2084, 34.72500, 1.05299, 151.892, 14.173, -125.798, 14.7776, 33.5947, 0.0258753, -107.183, 0.390066, -35.7868, 0.404055, 122.677
2084, 34.73333, 1.05637, 151.68, 14.1738, -125.719, 14.7618, 33.5962, 0.0259465, -107.408, 0.390216, -35.7077, 0.403725, 122.676
2084, 34.74167, 1.05977, 151.468, 14.1748, -125.64, 14.746, 33.5977, 0.0260179, -107.633, 0.39037, -35.6285, 0.403393, 122.675
2085, 34.75000, 1.06317, 151.255, 14.1758, -125.561, 14.7301, 33.5993, 0.0260895, -107.858, 0.390527, -35.5492, 0.403059, 122.675
2086, 34.75833, 1.06659, 151.042, 14.177, -125.482, 14.7141, 33.6009, 0.0261614, -108.084, 0.390689, -35.4699, 0.402724, 122.674
2086, 34.76667, 1.07002, 150.829, 14.1784, -125.403, 14.6982, 33.6026, 0.0262336, -108.31, 0.390854, -35.3906, 0.402388, 122.674
2087, 34.77500, 1.07345, 150.615, 14.1798, -125.324, 14.6821, 33.6044, 0.026306, -108.536, 0.391022, -35.3112, 0.40205, 122.673
2087, 34.78333, 1.0769, 150.401, 14.1814, -125.245, 14.6661, 33.6062, 0.0263786, -108.763, 0.391195, -35.2318, 0.40171, 122.673
2088, 34.79167, 1.08036, 150.187, 14.1831, -125.166, 14.65, 33.6082, 0.0264516, -108.99, 0.391371, -35.1523, 0.401369, 122.673
2088, 34.80000, 1.08383, 149.972, 14.185, -125.086, 14.6338, 33.6101, 0.0265247, -109.217, 0.391551, -35.0728, 0.401026, 122.672
2088, 34.80833, 1.08732, 149.758, 14.187, -125.007, 14.6176, 33.6122, 0.0265981, -109.445, 0.391735, -34.9934, 0.400682, 122.672
2089, 34.81667, 1.09081, 149.542, 14.1891, -124.928, 14.6013, 33.6144, 0.0266718, -109.674, 0.391923, -34.9138, 0.400336, 122.672
2090, 34.82500, 1.09431, 149.327, 14.1914, -124.848, 14.5851, 33.6166, 0.0267457, -109.902, 0.392114, -34.8343, 0.399988, 122.672
2090, 34.83333, 1.09783, 149.111, 14.1938, -124.769, 14.5687, 33.6189, 0.0268199, -110.131, 0.39231, -34.7548, 0.399639, 122.672
2091, 34.84167, 1.10136, 148.895, 14.1963, -124.69, 14.5523, 33.6213, 0.0268943, -110.361, 0.392509, -34.6753, 0.399288, 122.672
2091, 34.85000, 1.10489, 148.679, 14.1989, -124.61, 14.5359, 33.6238, 0.026969, -110.591, 0.392713, -34.5958, 0.398936, 122.672
2092, 34.85833, 1.10844, 148.462, 14.2017, -124.531, 14.5194, 33.6263, 0.0270439, -110.821, 0.39292, -34.5163, 0.398582, 122.673
2092, 34.86667, 1.112, 148.245, 14.2047, -124.451, 14.5029, 33.629, 0.0271191, -111.052, 0.393131, -34.4369, 0.398226, 122.673
2092, 34.87500, 1.11557, 148.028, 14.2078, -124.372, 14.4863, 33.6317, 0.0271945, -111.283, 0.393347, -34.3574, 0.397869, 122.674
2093, 34.88333, 1.11915, 147.81, 14.211, -124.293, 14.4697, 33.6345, 0.0272701, -111.514, 0.393566, -34.278, 0.39751, 122.674
2094, 34.89167, 1.12274, 147.592, 14.2143, -124.213, 14.4531, 33.6374, 0.0273461, -111.746, 0.393789, -34.1986, 0.397149, 122.675
2094, 34.90000, 1.12634, 147.374, 14.2178, -124.134, 14.4364, 33.6405, 0.0274222, -111.978, 0.394017, -34.1193, 0.396786, 122.675
2095, 34.90833, 1.12995, 147.155, 14.2215, -124.055, 14.4196, 33.6436, 0.0274986, -112.211, 0.394248, -34.04, 0.396422, 122.676
2095, 34.91667, 1.13357, 146.936, 14.2253, -123.975, 14.4028, 33.6468, 0.0275752, -112.444, 0.394484, -33.9607, 0.396057, 122.677
2096, 34.92500, 1.1372, 146.717, 14.2292, -123.896, 14.386, 33.6501, 0.0276521, -112.677, 0.394723, -33.8815, 0.395689, 122.678
2096, 34.93333, 1.14084, 146.497, 14.2333, -123.817, 14.3691, 33.6535, 0.0277292, -112.911, 0.394967, -33.8024, 0.39532, 122.679
2096, 34.94167, 1.1445, 146.277, 14.2375, -123.738, 14.3521, 33.657, 0.0278066, -113.145, 0.395215, -33.7234, 0.394949, 122.68
2097, 34.95000, 1.14816, 146.057, 14.2418, -123.658, 14.3351, 33.6607, 0.0278841, -113.379, 0.395467, -33.6444, 0.394577, 122.682
2098, 34.95833, 1.15183, 145.836, 14.2463, -123.579, 14.3181, 33.6644, 0.027962, -113.614, 0.395724, -33.5655, 0.394202, 122.683
2098, 34.96667, 1.15551, 145.615, 14.251, -123.5, 14.301, 33.6682, 0.02804, -113.85, 0.395984, -33.4867, 0.393826, 122.685
2099, 34.97500, 1.15921, 145.394, 14.2558, -123.421, 14.2839, 33.6722, 0.0281183, -114.085, 0.396249, -33.408, 0.393449, 122.686
2099, 34.98333, 1.16291, 145.173, 14.2607, -123.343, 14.2667, 33.6763, 0.0281969, -114.322, 0.396518, -33.3294, 0.393069, 122.688
2100, 34.99167, 1.16662, 144.951, 14.2658, -123.264, 14.2494, 33.6805, 0.0282756, -114.558, 0.396791, -33.2509, 0.392688, 122.69
2100, 35.00000, 1.17035, 144.728, 14.271, -123.185, 14.2321, 33.6848, 0.0283546, -114.795, 0.397068, -33.1725, 0.392305, 122.692
2100, 35.00833, 1.17408, 144.506, 14.2764, -123.107, 14.2148, 33.6892, 0.0284339, -115.032, 0.39735, -33.0942, 0.39192, 122.694
2101, 35.01667, 1.17782, 144.282, 14.2819, -123.028, 14.1974, 33.6938, 0.0285133, -115.27, 0.397636, -33.016, 0.391533, 122.696
2102, 35.02500, 1.18157, 144.059, 14.2876, -122.95, 14.18, 33.6985, 0.028593, -115.508, 0.397926, -32.938, 0.391145, 122.698
2102, 35.03333, 1.18534, 143.835, 14.2934, -122.872, 14.1625, 33.7033, 0.0286729, -115.747, 0.398221, -32.8601, 0.390754, 122.701
2103, 35.04167, 1.18911, 143.611, 14.2994, -122.793, 14.1449, 33.7083, 0.0287531, -115.986, 0.39852, -32.7824, 0.390362, 122.703
2103, 35.05000, 1.19289, 143.387, 14.3055, -122.715, 14.1274, 33.7133, 0.0288334, -116.225, 0.398823, -32.7048, 0.389968, 122.706
2104, 35.05833, 1.19668, 143.162, 14.3117, -122.638, 14.1097, 33.7186, 0.028914, -116.465, 0.399131, -32.6274, 0.389573, 122.709
2104, 35.06667, 1.20048, 142.937, 14.3182, -122.56, 14.092, 33.7239, 0.0289948, -116.705, 0.399443, -32.5501, 0.389175, 122.712
2104, 35.07500, 1.20429, 142.712, 14.3247, -122.482, 14.0743, 33.7294, 0.0290758, -116.946, 0.399759, -32.473, 0.388776, 122.715
2105, 35.08333, 1.2081, 142.486, 14.3314, -122.405, 14.0565, 33.7351, 0.0291571, -117.187, 0.40008, -32.3961, 0.388375, 122.718
2106, 35.09167, 1.21193, 142.26, 14.3383, -122.328, 14.0386, 33.7409, 0.0292385, -117.428, 0.400405, -32.3193, 0.387972, 122.722
2106, 35.10000, 1.21577, 142.033, 14.3453, -122.25, 14.0208, 33.7468, 0.0293202, -117.67, 0.400735, -32.2428, 0.387567, 122.725
2107, 35.10833, 1.21961, 141.806, 14.3525, -122.174, 14.0028, 33.753, 0.0294021, -117.912, 0.401069, -32.1664, 0.38716, 122.729
2107, 35.11667, 1.22347, 141.579, 14.3598, -122.097, 13.9848, 33.7592, 0.0294842, -118.155, 0.401407, -32.0903, 0.386752, 122.733
2108, 35.12500, 1.22733, 141.351, 14.3673, -122.02, 13.9668, 33.7656, 0.0295665, -118.398, 0.40175, -32.0143, 0.386341, 122.737
2108, 35.13333, 1.2312, 141.123, 14.3749, -121.944, 13.9486, 33.7722, 0.029649, -118.641, 0.402097, -31.9386, 0.385929, 122.741
2108, 35.14167, 1.23508, 140.895, 14.3827, -121.868, 13.9305, 33.779, 0.0297317, -118.885, 0.402449, -31.8631, 0.385514, 122.745
2109, 35.15000, 1.23897, 140.666, 14.3906, -121.792, 13.9123, 33.7859, 0.0298146, -119.129, 0.402805, -31.7878, 0.385098, 122.75
2110, 35.15833, 1.24287, 140.437, 14.3987, -121.716, 13.894, 33.793, 0.0298977, -119.374, 0.403166, -31.7128, 0.38468, 122.754
2110, 35.16667, 1.24677, 140.208, 14.4069, -121.64, 13.8757, 33.8002, 0.0299811, -119.619, 0.403531, -31.638, 0.38426, 122.759
2111, 35.17500, 1.25068, 139.978, 14.4153, -121.565, 13.8573, 33.8076, 0.0300646, -119.864, 0.4039, -31.5634, 0.383839, 122.764
2111, 35.18333, 1.25461, 139.748, 14.4238, -121.49, 13.8389, 33.8153, 0.0301483, -120.11, 0.404274, -31.4891, 0.383415, 122.77
2112, 35.19167, 1.25854, 139.517, 14.4325, -121.415, 13.8204, 33.8231, 0.0302322, -120.356, 0.404653, -31.4151, 0.382989, 122.775
2112, 35.20000, 1.26247, 139.287, 14.4413, -121.34, 13.8019, 33.831, 0.0303163, -120.603, 0.405036, -31.3414, 0.382562, 122.781
2112, 35.20833, 1.26642, 139.055, 14.4503, -121.266, 13.7833, 33.8392, 0.0304006, -120.85, 0.405423, -31.2679, 0.382132, 122.786
2113, 35.21667, 1.27037, 138.824, 14.4595, -121.192, 13.7647, 33.8476, 0.0304851, -121.097, 0.405815, -31.1947, 0.381701, 122.792
2114, 35.22500, 1.27433, 138.592, 14.4688, -121.118, 13.746, 33.8561, 0.0305698, -121.345, 0.406211, -31.1218, 0.381267, 122.798
2114, 35.23333, 1.2783, 138.359, 14.4782, -121.045, 13.7273, 33.8649, 0.0306546, -121.593, 0.406612, -31.0492, 0.380832, 122.805
2115, 35.24167, 1.28228, 138.127, 14.4878, -120.971, 13.7085, 33.8738, 0.0307397, -121.842, 0.407018, -30.9769, 0.380395, 122.811
2115, 35.25000, 1.28626, 137.894, 14.4976, -120.898, 13.6896, 33.883, 0.0308249, -122.091, 0.407428, -30.9049, 0.379955, 122.818
2116, 35.25833, 1.29025, 137.66, 14.5075, -120.826, 13.6707, 33.8924, 0.0309103, -122.34, 0.407842, -30.8332, 0.379514, 122.825
2116, 35.26667, 1.29425, 137.426, 14.5175, -120.753, 13.6518, 33.902, 0.0309959, -122.59, 0.408261, -30.7619, 0.379071, 122.832
2116, 35.27500, 1.29825, 137.192, 14.5277, -120.681, 13.6328, 33.9118, 0.0310816, -122.84, 0.408684, -30.6909, 0.378626, 122.84
2117, 35.28333, 1.30226, 136.958, 14.5381, -120.609, 13.6137, 33.9218, 0.0311675, -123.091, 0.409112, -30.6202, 0.378179, 122.847
2118, 35.29167, 1.30628, 136.723, 14.5486, -120.538, 13.5946, 33.932, 0.0312536, -123.342, 0.409544, -30.5499, 0.37773, 122.855
2118, 35.30000, 1.3103, 136.487, 14.5592, -120.467, 13.5754, 33.9425, 0.0313399, -123.593, 0.409981, -30.4799, 0.377279, 122.863
2119, 35.30833, 1.31433, 136.252, 14.5701, -120.396, 13.5562, 33.9532, 0.0314263, -123.845, 0.410422, -30.4103, 0.376826, 122.872
2119, 35.31667, 1.31837, 136.016, 14.581, -120.325, 13.5369, 33.9642, 0.0315129, -124.097, 0.410868, -30.341, 0.376371, 122.88
2120, 35.32500, 1.32241, 135.779, 14.5921, -120.255, 13.5176, 33.9753, 0.0315996, -124.35, 0.411318, -30.2721, 0.375914, 122.889
2120, 35.33333, 1.32646, 135.543, 14.6034, -120.186, 13.4982, 33.9868, 0.0316865, -124.603, 0.411773, -30.2036, 0.375455, 122.898
2120, 35.34167, 1.33052, 135.306, 14.6148, -120.116, 13.4787, 33.9984, 0.0317735, -124.856, 0.412232, -30.1355, 0.374994, 122.907
2121, 35.35000, 1.33458, 135.068, 14.6264, -120.047, 13.4592, 34.0104, 0.0318607, -125.11, 0.412695, -30.0678, 0.374532, 122.917
2122, 35.35833, 1.33865, 134.83, 14.6381, -119.978, 13.4397, 34.0225, 0.031948, -125.364, 0.413163, -30.0005, 0.374067, 122.927
2122, 35.36667, 1.34272, 134.592, 14.6499, -119.91, 13.4201, 34.035, 0.0320355, -125.618, 0.413635, -29.9336, 0.3736, 122.937
2123, 35.37500, 1.3468, 134.353, 14.6619, -119.842, 13.4004, 34.0477, 0.0321231, -125.873, 0.414112, -29.8671, 0.373131, 122.947
2123, 35.38333, 1.35088, 134.114, 14.6741, -119.775, 13.3807, 34.0606, 0.0322109, -126.129, 0.414593, -29.801, 0.37266, 122.958
2124, 35.39167, 1.35497, 133.875, 14.6864, -119.708, 13.361, 34.0739, 0.0322988, -126.384, 0.415079, -29.7353, 0.372187, 122.969
2124, 35.40000, 1.35906, 133.635, 14.6988, -119.641, 13.3411, 34.0874, 0.0323868, -126.641, 0.415568, -29.6701, 0.371713, 122.98
2124, 35.40833, 1.36316, 133.395, 14.7114, -119.575, 13.3213, 34.1011, 0.032475, -126.897, 0.416063, -29.6053, 0.371236, 122.992
2125, 35.41667, 1.36726, 133.155, 14.7241, -119.509, 13.3013, 34.1152, 0.0325633, -127.154, 0.416561, -29.541, 0.370757, 123.003
2126, 35.42500, 1.37137, 132.914, 14.737, -119.443, 13.2814, 34.1296, 0.0326517, -127.411, 0.417064, -29.4771, 0.370276, 123.015
2126, 35.43333, 1.37548, 132.673, 14.7501, -119.378, 13.2613, 34.1442, 0.0327402, -127.669, 0.417571, -29.4136, 0.369794, 123.028
2127, 35.44167, 1.3796, 132.431, 14.7632, -119.314, 13.2412, 34.1592, 0.0328289, -127.927, 0.418082, -29.3507, 0.369309, 123.04
2127, 35.45000, 1.38372, 132.189, 14.7765, -119.25, 13.2211, 34.1744, 0.0329177, -128.185, 0.418598, -29.2882, 0.368822, 123.053
2128, 35.45833, 1.38784, 131.947, 14.79, -119.186, 13.2009, 34.19, 0.0330065, -128.444, 0.419118, -29.2262, 0.368333, 123.067
2128, 35.46667, 1.39197, 131.704, 14.8036, -119.123, 13.1806, 34.2058, 0.0330955, -128.703, 0.419642, -29.1646, 0.367843, 123.08
2128, 35.47500, 1.3961, 131.461, 14.8173, -119.06, 13.1603, 34.222, 0.0331846, -128.963, 0.420171, -29.1036, 0.36735, 123.094
2129, 35.48333, 1.40024, 131.218, 14.8312, -118.998, 13.14, 34.2385, 0.0332738, -129.223, 0.420703, -29.043, 0.366855, 123.109
2130, 35.49167, 1.40438, 130.974, 14.8452, -118.936, 13.1196, 34.2553, 0.0333631, -129.483, 0.42124, -28.983, 0.366359, 123.123
2130, 35.50000, 1.40852, 130.73, 14.8593, -118.874, 13.0991, 34.2725, 0.0334525, -129.743, 0.421781, -28.9234, 0.36586, 123.138
2131, 35.50833, 1.41267, 130.486, 14.8736, -118.814, 13.0786, 34.29, 0.033542, -130.004, 0.422326, -28.8644, 0.365359, 123.153
2131, 35.51667, 1.41682, 130.241, 14.888, -118.753, 13.058, 34.3078, 0.0336316, -130.266, 0.422875, -28.8059, 0.364857, 123.169
2132, 35.52500, 1.42097, 129.996, 14.9026, -118.693, 13.0374, 34.326, 0.0337213, -130.528, 0.423428, -28.7479, 0.364352, 123.185
2132, 35.53333, 1.42512, 129.75, 14.9173, -118.634, 13.0168, 34.3445, 0.033811, -130.79, 0.423985, -28.6904, 0.363846, 123.202
2133, 35.54167, 1.42928, 129.504, 14.9321, -118.575, 12.996, 34.3634, 0.0339008, -131.052, 0.424547, -28.6335, 0.363337, 123.218
2133, 35.55000, 1.43344, 129.258, 14.9471, -118.517, 12.9753, 34.3826, 0.0339907, -131.315, 0.425112, -28.5771, 0.362827, 123.235
2134, 35.55833, 1.4376, 129.012, 14.9622, -118.459, 12.9544, 34.4022, 0.0340807, -131.578, 0.425681, -28.5213, 0.362315, 123.253
2134, 35.56667, 1.44176, 128.765, 14.9774, -118.402, 12.9336, 34.4222, 0.0341707, -131.842, 0.426254, -28.466, 0.3618, 123.271
2135, 35.57500, 1.44592, 128.517, 14.9927, -118.345, 12.9126, 34.4425, 0.0342608, -132.106, 0.426832, -28.4113, 0.361284, 123.289
2135, 35.58333, 1.45009, 128.27, 15.0082, -118.289, 12.8917, 34.4633, 0.034351, -132.37, 0.427412, -28.3571, 0.360766, 123.308
2136, 35.59167, 1.45426, 128.022, 15.0238, -118.233, 12.8706, 34.4844, 0.0344412, -132.634, 0.427997, -28.3035, 0.360246, 123.327
2136, 35.60000, 1.45842, 127.773, 15.0395, -118.178, 12.8496, 34.5059, 0.0345315, -132.899, 0.428586, -28.2505, 0.359724, 123.346
2137, 35.60833, 1.46259, 127.525, 15.0554, -118.124, 12.8284, 34.5278, 0.0346218, -133.165, 0.429179, -28.1981, 0.3592, 123.366
2137, 35.61667, 1.46676, 127.276, 15.0714, -118.07, 12.8073, 34.5501, 0.0347122, -133.43, 0.429775, -28.1462, 0.358674, 123.387
2138, 35.62500, 1.47094, 127.026, 15.0875, -118.016, 12.786, 34.5728, 0.0348026, -133.696, 0.430375, -28.095, 0.358147, 123.407
2138, 35.63333, 1.47511, 126.777, 15.1037, -117.963, 12.7648, 34.5959, 0.0348931, -133.962, 0.430978, -28.0443, 0.357617, 123.429
2139, 35.64167, 1.47928, 126.527, 15.12, -117.911, 12.7434, 34.6194, 0.0349835, -134.229, 0.431586, -27.9942, 0.357085, 123.45
2139, 35.65000, 1.48345, 126.276, 15.1365, -117.859, 12.7221, 34.6434, 0.0350741, -134.496, 0.432197, -27.9447, 0.356552, 123.472
2140, 35.65833, 1.48762, 126.026, 15.1531, -117.808, 12.7006, 34.6678, 0.0351646, -134.763, 0.432811, -27.8958, 0.356017, 123.495
2140, 35.66667, 1.49179, 125.775, 15.1698, -117.758, 12.6792, 34.6926, 0.0352552, -135.031, 0.433429, -27.8476, 0.35548, 123.518
2141, 35.67500, 1.49597, 125.523, 15.1866, -117.708, 12.6577, 34.7179, 0.0353458, -135.299, 0.434051, -27.7999, 0.354941, 123.541
2141, 35.68333, 1.50014, 125.272, 15.2035, -117.658, 12.6361, 34.7436, 0.0354364, -135.567, 0.434676, -27.7529, 0.3544, 123.565
2142, 35.69167, 1.50431, 125.02, 15.2205, -117.61, 12.6145, 34.7698, 0.035527, -135.836, 0.435304, -27.7065, 0.353858, 123.59
2142, 35.70000, 1.50848, 124.767, 15.2377, -117.561, 12.5929, 34.7964, 0.0356176, -136.105, 0.435936, -27.6607, 0.353313, 123.615
2143, 35.70833, 1.51264, 124.515, 15.2549, -117.514, 12.5712, 34.8235, 0.0357082, -136.374, 0.436571, -27.6156, 0.352767, 123.64
2143, 35.71667, 1.51681, 124.262, 15.2723, -117.467, 12.5494, 34.8511, 0.0357989, -136.643, 0.43721, -27.5711, 0.352219, 123.666
2144, 35.72500, 1.52097, 124.008, 15.2897, -117.421, 12.5276, 34.8791, 0.0358895, -136.913, 0.437852, -27.5272, 0.35167, 123.692
2144, 35.73333, 1.52514, 123.755, 15.3073, -117.375, 12.5058, 34.9077, 0.0359801, -137.183, 0.438497, -27.484, 0.351118, 123.719
2145, 35.74167, 1.5293, 123.501, 15.325, -117.33, 12.4839, 34.9367, 0.0360707, -137.454, 0.439145, -27.4414, 0.350565, 123.747
2145, 35.75000, 1.53346, 123.247, 15.3427, -117.285, 12.462, 34.9662, 0.0361613, -137.724, 0.439796, -27.3994, 0.35001, 123.774
2146, 35.75833, 1.53761, 122.992, 15.3606, -117.242, 12.4401, 34.9962, 0.0362518, -137.995, 0.440451, -27.3582, 0.349453, 123.803
2146, 35.76667, 1.54177, 122.737, 15.3786, -117.199, 12.4181, 35.0267, 0.0363424, -138.267, 0.441108, -27.3175, 0.348895, 123.832
2147, 35.77500, 1.54592, 122.482, 15.3966, -117.156, 12.396, 35.0578, 0.0364329, -138.538, 0.441769, -27.2776, 0.348335, 123.862
2147, 35.78333, 1.55007, 122.227, 15.4148, -117.114, 12.3739, 35.0893, 0.0365233, -138.81, 0.442432, -27.2383, 0.347773, 123.892
2148, 35.79167, 1.55421, 121.971, 15.433, -117.073, 12.3518, 35.1214, 0.0366138, -139.082, 0.443098, -27.1996, 0.34721, 123.922
2148, 35.80000, 1.55836, 121.715, 15.4514, -117.032, 12.3296, 35.1541, 0.0367042, -139.355, 0.443767, -27.1617, 0.346645, 123.954
2149, 35.80833, 1.56249, 121.459, 15.4698, -116.992, 12.3074, 35.1872, 0.0367945, -139.628, 0.444439, -27.1244, 0.346078, 123.985
2149, 35.81667, 1.56663, 121.202, 15.4883, -116.953, 12.2852, 35.2209, 0.0368848, -139.901, 0.445114, -27.0877, 0.34551, 124.018
2150, 35.82500, 1.57076, 120.945, 15.5069, -116.914, 12.2629, 35.2552, 0.0369751, -140.174, 0.445791, -27.0518, 0.34494, 124.051
2150, 35.83333, 1.57489, 120.688, 15.5256, -116.876, 12.2406, 35.29, 0.0370652, -140.447, 0.446471, -27.0165, 0.344368, 124.084
2151, 35.84167, 1.57901, 120.431, 15.5443, -116.839, 12.2183, 35.3254, 0.0371554, -140.721, 0.447154, -26.9819, 0.343795, 124.119
2151, 35.85000, 1.58313, 120.173, 15.5632, -116.802, 12.1959, 35.3614, 0.0372454, -140.995, 0.447839, -26.948, 0.343221, 124.153
2152, 35.85833, 1.58724, 119.915, 15.5821, -116.766, 12.1734, 35.398, 0.0373354, -141.269, 0.448527, -26.9147, 0.342645, 124.189
2152, 35.86667, 1.59135, 119.657, 15.6011, -116.731, 12.151, 35.4351, 0.0374253, -141.544, 0.449217, -26.8822, 0.342067, 124.225
2153, 35.87500, 1.59545, 119.398, 15.6202, -116.696, 12.1285, 35.4728, 0.0375151, -141.819, 0.449909, -26.8503, 0.341488, 124.262
2153, 35.88333, 1.59955, 119.14, 15.6393, -116.662, 12.106, 35.5112, 0.0376049, -142.094, 0.450604, -26.8192, 0.340908, 124.299
2154, 35.89167, 1.60364, 118.881, 15.6585, -116.629, 12.0834, 35.5501, 0.0376945, -142.369, 0.451301, -26.7887, 0.340326, 124.337
2154, 35.90000, 1.60773, 118.621, 15.6778, -116.596, 12.0608, 35.5897, 0.0377841, -142.645, 0.452, -26.7589, 0.339743, 124.376
2155, 35.90833, 1.61181, 118.362, 15.6972, -116.565, 12.0382, 35.6298, 0.0378735, -142.92, 0.452702, -26.7298, 0.339158, 124.415
2155, 35.91667, 1.61588, 118.102, 15.7166, -116.533, 12.0155, 35.6707, 0.0379629, -143.196, 0.453405, -26.7014, 0.338572, 124.455
2156, 35.92500, 1.61995, 117.842, 15.7361, -116.503, 11.9929, 35.7121, 0.0380521, -143.472, 0.454111, -26.6737, 0.337984, 124.496
2156, 35.93333, 1.62401, 117.582, 15.7556, -116.473, 11.9702, 35.7542, 0.0381413, -143.749, 0.454818, -26.6467, 0.337396, 124.537
2157, 35.94167, 1.62807, 117.321, 15.7752, -116.443, 11.9474, 35.7969, 0.0382303, -144.026, 0.455528, -26.6204, 0.336806, 124.579
2157, 35.95000, 1.63212, 117.061, 15.7949, -116.415, 11.9247, 35.8403, 0.0383192, -144.302, 0.456239, -26.5947, 0.336214, 124.622
2158, 35.95833, 1.63616, 116.8, 15.8146, -116.387, 11.9019, 35.8844, 0.038408, -144.579, 0.456952, -26.5698, 0.335622, 124.665
2158, 35.96667, 1.64019, 116.538, 15.8343, -116.36, 11.879, 35.9291, 0.0384967, -144.857, 0.457667, -26.5456, 0.335028, 124.709
2159, 35.97500, 1.64421, 116.277, 15.8541, -116.333, 11.8562, 35.9746, 0.0385852, -145.134, 0.458384, -26.5221, 0.334433, 124.754
2159, 35.98333, 1.64823, 116.015, 15.874, -116.307, 11.8333, 36.0207, 0.0386736, -145.412, 0.459102, -26.4992, 0.333837, 124.8
2160, 35.99167, 1.65224, 115.753, 15.8939, -116.282, 11.8105, 36.0675, 0.0387619, -145.689, 0.459822, -26.4771, 0.333239, 124.846
2160, 36.00000, 1.65624, 115.491, 15.9139, -116.258, 11.7875, 36.115, 0.03885, -145.967, 0.460543, -26.4557, 0.332641, 124.894
2161, 36.00833, 1.66024, 115.229, 15.9338, -116.234, 11.7646, 36.1632, 0.0389379, -146.246, 0.461266, -26.435, 0.332042, 124.942
2161, 36.01667, 1.66422, 114.967, 15.9539, -116.211, 11.7417, 36.2121, 0.0390257, -146.524, 0.46199, -26.4149, 0.331441, 124.99
2162, 36.02500, 1.6682, 114.704, 15.9739, -116.188, 11.7187, 36.2618, 0.0391134, -146.802, 0.462716, -26.3956, 0.330839, 125.04
2162, 36.03333, 1.67217, 114.441, 15.9941, -116.167, 11.6957, 36.3121, 0.0392009, -147.081, 0.463442, -26.377, 0.330237, 125.09
2163, 36.04167, 1.67612, 114.178, 16.0142, -116.146, 11.6727, 36.3633, 0.0392882, -147.36, 0.46417, -26.359, 0.329633, 125.141
2163, 36.05000, 1.68007, 113.915, 16.0344, -116.125, 11.6497, 36.4151, 0.0393753, -147.639, 0.464899, -26.3418, 0.329029, 125.193
2164, 36.05833, 1.68401, 113.651, 16.0546, -116.105, 11.6267, 36.4677, 0.0394623, -147.918, 0.46563, -26.3252, 0.328423, 125.246
2164, 36.06667, 1.68794, 113.388, 16.0748, -116.086, 11.6036, 36.5211, 0.0395491, -148.197, 0.466361, -26.3094, 0.327817, 125.299
2165, 36.07500, 1.69186, 113.124, 16.095, -116.068, 11.5805, 36.5753, 0.0396357, -148.477, 0.467093, -26.2942, 0.32721, 125.354
2165, 36.08333, 1.69577, 112.86, 16.1153, -116.05, 11.5575, 36.6302, 0.0397222, -148.756, 0.467826, -26.2797, 0.326602, 125.409
2166, 36.09167, 1.69967, 112.596, 16.1356, -116.033, 11.5344, 36.6859, 0.0398084, -149.036, 0.46856, -26.2659, 0.325993, 125.465
2166, 36.10000, 1.70356, 112.332, 16.1559, -116.017, 11.5113, 36.7424, 0.0398945, -149.316, 0.469294, -26.2528, 0.325384, 125.522
2167, 36.10833, 1.70743, 112.067, 16.1762, -116.001, 11.4882, 36.7997, 0.0399803, -149.596, 0.470029, -26.2404, 0.324774, 125.58
2167, 36.11667, 1.7113, 111.803, 16.1966, -115.986, 11.4651, 36.8578, 0.040066, -149.876, 0.470765, -26.2287, 0.324163, 125.638
2168, 36.12500, 1.71516, 111.538, 16.2169, -115.972, 11.442, 36.9167, 0.0401514, -150.156, 0.471502, -26.2177, 0.323551, 125.698
2168, 36.13333, 1.719, 111.273, 16.2373, -115.958, 11.4188, 36.9765, 0.0402367, -150.436, 0.472239, -26.2073, 0.322939, 125.758
2169, 36.14167, 1.72283, 111.008, 16.2576, -115.946, 11.3957, 37.037, 0.0403217, -150.716, 0.472976, -26.1976, 0.322327, 125.82
2169, 36.15000, 1.72665, 110.743, 16.278, -115.933, 11.3726, 37.0985, 0.0404065, -150.997, 0.473714, -26.1886, 0.321713, 125.882
2170, 36.15833, 1.73046, 110.478, 16.2984, -115.922, 11.3495, 37.1607, 0.0404911, -151.277, 0.474452, -26.1803, 0.3211, 125.945
2170, 36.16667, 1.73426, 110.212, 16.3187, -115.911, 11.3263, 37.2238, 0.0405755, -151.558, 0.47519, -26.1726, 0.320486, 126.009
2171, 36.17500, 1.73804, 109.947, 16.3391, -115.9, 11.3032, 37.2878, 0.0406596, -151.839, 0.475928, -26.1656, 0.319871, 126.074
2171, 36.18333, 1.74182, 109.681, 16.3595, -115.891, 11.2801, 37.3526, 0.0407435, -152.119, 0.476667, -26.1593, 0.319256, 126.14
2172, 36.19167, 1.74558, 109.416, 16.3798, -115.882, 11.2569, 37.4183, 0.0408271, -152.4, 0.477405, -26.1537, 0.318641, 126.207
2172, 36.20000, 1.74933, 109.15, 16.4002, -115.873, 11.2338, 37.4849, 0.0409106, -152.681, 0.478144, -26.1487, 0.318025, 126.275
2173, 36.20833, 1.75306, 108.884, 16.4205, -115.865, 11.2107, 37.5524, 0.0409937, -152.962, 0.478882, -26.1443, 0.317409, 126.344
2173, 36.21667, 1.75678, 108.618, 16.4409, -115.858, 11.1876, 37.6208, 0.0410767, -153.243, 0.479621, -26.1406, 0.316793, 126.414
2174, 36.22500, 1.76049, 108.352, 16.4612, -115.852, 11.1645, 37.6901, 0.0411594, -153.524, 0.480359, -26.1376, 0.316177, 126.485
2174, 36.23333, 1.76418, 108.085, 16.4815, -115.846, 11.1414, 37.7603, 0.0412418, -153.805, 0.481097, -26.1352, 0.31556, 126.556
2175, 36.24167, 1.76787, 107.819, 16.5018, -115.841, 11.1183, 37.8314, 0.041324, -154.086, 0.481834, -26.1335, 0.314944, 126.629
2175, 36.25000, 1.77153, 107.553, 16.522, -115.837, 11.0952, 37.9035, 0.0414059, -154.368, 0.482571, -26.1324, 0.314327, 126.703
2176, 36.25833, 1.77519, 107.286, 16.5422, -115.833, 11.0722, 37.9765, 0.0414875, -154.649, 0.483308, -26.1319, 0.313711, 126.778
2176, 36.26667, 1.77883, 107.02, 16.5625, -115.829, 11.0492, 38.0504, 0.0415689, -154.93, 0.484044, -26.1321, 0.313094, 126.854
2177, 36.27500, 1.78245, 106.753, 16.5826, -115.827, 11.0261, 38.1253, 0.04165, -155.211, 0.484779, -26.1329, 0.312478, 126.931
2177, 36.28333, 1.78606, 106.487, 16.6028, -115.825, 11.0031, 38.2011, 0.0417308, -155.492, 0.485514, -26.1344, 0.311861, 127.009
2178, 36.29167, 1.78966, 106.22, 16.6229, -115.823, 10.9801, 38.278, 0.0418114, -155.774, 0.486248, -26.1364, 0.311245, 127.088
2178, 36.30000, 1.79324, 105.953, 16.643, -115.822, 10.9572, 38.3557, 0.0418916, -156.055, 0.486981, -26.1391, 0.310629, 127.168
2179, 36.30833, 1.79681, 105.687, 16.663, -115.822, 10.9342, 38.4345, 0.0419716, -156.336, 0.487713, -26.1424, 0.310014, 127.25
2179, 36.31667, 1.80036, 105.42, 16.683, -115.823, 10.9113, 38.5143, 0.0420513, -156.617, 0.488445, -26.1463, 0.309398, 127.332
2180, 36.32500, 1.8039, 105.153, 16.703, -115.824, 10.8884, 38.5951, 0.0421307, -156.899, 0.489175, -26.1509, 0.308783, 127.415
2180, 36.33333, 1.80742, 104.886, 16.7229, -115.825, 10.8655, 38.6768, 0.0422099, -157.18, 0.489905, -26.156, 0.308168, 127.5
2181, 36.34167, 1.81093, 104.619, 16.7428, -115.828, 10.8427, 38.7596, 0.0422887, -157.461, 0.490633, -26.1617, 0.307554, 127.586
2181, 36.35000, 1.81442, 104.353, 16.7626, -115.83, 10.8199, 38.8434, 0.0423672, -157.742, 0.49136, -26.168, 0.30694, 127.672
2182, 36.35833, 1.81789, 104.086, 16.7824, -115.834, 10.7971, 38.9282, 0.0424454, -158.023, 0.492086, -26.1749, 0.306327, 127.76
2182, 36.36667, 1.82135, 103.819, 16.8022, -115.838, 10.7743, 39.0141, 0.0425234, -158.304, 0.492811, -26.1824, 0.305714, 127.849
2183, 36.37500, 1.8248, 103.552, 16.8218, -115.842, 10.7516, 39.101, 0.042601, -158.585, 0.493534, -26.1905, 0.305102, 127.939
2183, 36.38333, 1.82822, 103.285, 16.8415, -115.847, 10.7289, 39.1889, 0.0426783, -158.866, 0.494256, -26.1991, 0.304491, 128.031
2184, 36.39167, 1.83164, 103.018, 16.861, -115.853, 10.7063, 39.278, 0.0427553, -159.147, 0.494977, -26.2083, 0.30388, 128.123
2184, 36.40000, 1.83503, 102.751, 16.8805, -115.859, 10.6837, 39.368, 0.042832, -159.428, 0.495695, -26.2181, 0.303271, 128.217
2185, 36.40833, 1.83841, 102.485, 16.9, -115.866, 10.6611, 39.4592, 0.0429083, -159.708, 0.496413, -26.2285, 0.302662, 128.312
2185, 36.41667, 1.84177, 102.218, 16.9194, -115.873, 10.6386, 39.5514, 0.0429844, -159.989, 0.497129, -26.2393, 0.302054, 128.408
2186, 36.42500, 1.84512, 101.951, 16.9387, -115.881, 10.6161, 39.6447, 0.0430601, -160.269, 0.497842, -26.2508, 0.301447, 128.505
2186, 36.43333, 1.84845, 101.684, 16.9579, -115.889, 10.5937, 39.7391, 0.0431355, -160.55, 0.498555, -26.2628, 0.300841, 128.604
2187, 36.44167, 1.85176, 101.418, 16.9771, -115.898, 10.5713, 39.8347, 0.0432106, -160.83, 0.499265, -26.2753, 0.300235, 128.703
2187, 36.45000, 1.85505, 101.151, 16.9963, -115.908, 10.5489, 39.9313, 0.0432853, -161.111, 0.499974, -26.2884, 0.299631, 128.804
2188, 36.45833, 1.85833, 100.884, 17.0153, -115.918, 10.5266, 40.029, 0.0433598, -161.391, 0.50068, -26.302, 0.299029, 128.907
2188, 36.46667, 1.86159, 100.618, 17.0343, -115.928, 10.5044, 40.1278, 0.0434339, -161.671, 0.501385, -26.3161, 0.298427, 129.01
2189, 36.47500, 1.86484, 100.351, 17.0532, -115.939, 10.4822, 40.2278, 0.0435076, -161.951, 0.502088, -26.3307, 0.297827, 129.115
2189, 36.48333, 1.86806, 100.085, 17.072, -115.951, 10.46, 40.3289, 0.043581, -162.23, 0.502788, -26.3459, 0.297228, 129.221
2189, 36.49167, 1.87127, 99.8186, 17.0907, -115.963, 10.438, 40.4312, 0.0436541, -162.51, 0.503487, -26.3615, 0.29663, 129.328
2190, 36.50000, 1.87446, 99.5524, 17.1094, -115.975, 10.4159, 40.5346, 0.0437268, -162.79, 0.504183, -26.3777, 0.296034, 129.436
2191, 36.50833, 1.87764, 99.2862, 17.128, -115.988, 10.394, 40.6391, 0.0437992, -163.069, 0.504877, -26.3943, 0.295439, 129.546
2191, 36.51667, 1.88079, 99.0201, 17.1465, -116.002, 10.3721, 40.7449, 0.0438713, -163.348, 0.505569, -26.4115, 0.294846, 129.657
2192, 36.52500, 1.88393, 98.7542, 17.1649, -116.016, 10.3502, 40.8518, 0.043943, -163.627, 0.506258, -26.4291, 0.294254, 129.769
2192, 36.53333, 1.88705, 98.4883, 17.1832, -116.03, 10.3285, 40.9598, 0.0440144, -163.906, 0.506945, -26.4472, 0.293665, 129.883
2193, 36.54167, 1.89015, 98.2225, 17.2014, -116.045, 10.3067, 41.0691, 0.0440854, -164.185, 0.50763, -26.4657, 0.293076, 129.998
2193, 36.55000, 1.89324, 97.9568, 17.2196, -116.06, 10.2851, 41.1795, 0.0441561, -164.463, 0.508312, -26.4848, 0.29249, 130.114
2193, 36.55833, 1.8963, 97.6912, 17.2376, -116.076, 10.2635, 41.2911, 0.0442264, -164.742, 0.508991, -26.5043, 0.291905, 130.232
2194, 36.56667, 1.89935, 97.4258, 17.2556, -116.092, 10.242, 41.4039, 0.0442964, -165.02, 0.509668, -26.5242, 0.291323, 130.351
2195, 36.57500, 1.90238, 97.1604, 17.2735, -116.109, 10.2206, 41.518, 0.044366, -165.298, 0.510343, -26.5446, 0.290742, 130.471
2195, 36.58333, 1.90539, 96.8952, 17.2912, -116.126, 10.1992, 41.6332, 0.0444353, -165.576, 0.511014, -26.5655, 0.290163, 130.592
2196, 36.59167, 1.90839, 96.6301, 17.3089, -116.144, 10.178, 41.7497, 0.0445042, -165.854, 0.511683, -26.5867, 0.289587, 130.715
2196, 36.60000, 1.91136, 96.3652, 17.3265, -116.162, 10.1568, 41.8673, 0.0445728, -166.131, 0.512349, -26.6084, 0.289012, 130.84
2197, 36.60833, 1.91432, 96.1004, 17.344, -116.18, 10.1357, 41.9863, 0.044641, -166.408, 0.513013, -26.6306, 0.28844, 130.965
2197, 36.61667, 1.91726, 95.8357, 17.3613, -116.199, 10.1146, 42.1064, 0.0447088, -166.685, 0.513673, -26.6531, 0.28787, 131.092
2197, 36.62500, 1.92018, 95.5713, 17.3786, -116.218, 10.0937, 42.2278, 0.0447763, -166.962, 0.514331, -26.6761, 0.287302, 131.221
2198, 36.63333, 1.92308, 95.3069, 17.3958, -116.238, 10.0728, 42.3504, 0.0448434, -167.239, 0.514986, -26.6994, 0.286737, 131.351
2199, 36.64167, 1.92596, 95.0427, 17.4128, -116.258, 10.052, 42.4743, 0.0449102, -167.515, 0.515637, -26.7232, 0.286174, 131.482
2199, 36.65000, 1.92882, 94.7787, 17.4298, -116.278, 10.0313, 42.5995, 0.0449766, -167.791, 0.516286, -26.7473, 0.285614, 131.615
2200, 36.65833, 1.93167, 94.5148, 17.4466, -116.299, 10.0107, 42.7259, 0.0450427, -168.067, 0.516932, -26.7718, 0.285056, 131.749
2200, 36.66667, 1.9345, 94.2511, 17.4633, -116.32, 9.99023, 42.8536, 0.0451084, -168.343, 0.517574, -26.7968, 0.284501, 131.884
2201, 36.67500, 1.93731, 93.9877, 17.48, -116.342, 9.96982, 42.9825, 0.0451737, -168.618, 0.518214, -26.822, 0.283948, 132.021
2201, 36.68333, 1.94009, 93.7243, 17.4965, -116.364, 9.94951, 43.1127, 0.0452387, -168.894, 0.51885, -26.8477, 0.283398, 132.159
2201, 36.69167, 1.94287, 93.4612, 17.5129, -116.386, 9.9293, 43.2442, 0.0453033, -169.169, 0.519483, -26.8737, 0.282851, 132.299
2202, 36.70000, 1.94562, 93.1982, 17.5292, -116.409, 9.90919, 43.377, 0.0453676, -169.443, 0.520113, -26.9001, 0.282308, 132.44
2203, 36.70833, 1.94835, 92.9355, 17.5453, -116.431, 9.88918, 43.5111, 0.0454315, -169.718, 0.52074, -26.9268, 0.281766, 132.583
2203, 36.71667, 1.95107, 92.6729, 17.5614, -116.455, 9.86928, 43.6465, 0.045495, -169.992, 0.521363, -26.9538, 0.281228, 132.727
2204, 36.72500, 1.95376, 92.4106, 17.5773, -116.478, 9.84948, 43.7832, 0.0455582, -170.266, 0.521983, -26.9812, 0.280694, 132.873
2204, 36.73333, 1.95644, 92.1485, 17.5932, -116.502, 9.82979, 43.9212, 0.045621, -170.539, 0.5226, -27.0089, 0.280162, 133.02
2205, 36.74167, 1.9591, 91.8865, 17.6089, -116.527, 9.81021, 44.0605, 0.0456835, -170.813, 0.523213, -27.0369, 0.279633, 133.168
2205, 36.75000, 1.96174, 91.6248, 17.6244, -116.551, 9.79075, 44.2011, 0.0457456, -171.086, 0.523823, -27.0653, 0.279108, 133.318
2205, 36.75833, 1.96436, 91.3634, 17.6399, -116.576, 9.7714, 44.343, 0.0458073, -171.358, 0.524429, -27.0939, 0.278586, 133.469
2206, 36.76667, 1.96696, 91.1021, 17.6552, -116.601, 9.75216, 44.4863, 0.0458687, -171.631, 0.525032, -27.1229, 0.278068, 133.622
2207, 36.77500, 1.96954, 90.8411, 17.6705, -116.627, 9.73304, 44.6309, 0.0459297, -171.903, 0.525632, -27.1521, 0.277553, 133.777
2207, 36.78333, 1.97211, 90.5803, 17.6856, -116.652, 9.71405, 44.7767, 0.0459904, -172.175, 0.526228, -27.1816, 0.277041, 133.932
2208, 36.79167, 1.97465, 90.3197, 17.7005, -116.678, 9.69517, 44.924, 0.0460507, -172.446, 0.52682, -27.2114, 0.276534, 134.09
2208, 36.80000, 1.97718, 90.0594, 17.7154, -116.705, 9.67642, 45.0726, 0.0461106, -172.717, 0.527409, -27.2415, 0.27603, 134.249
2209, 36.80833, 1.97969, 89.7993, 17.7301, -116.731, 9.6578, 45.2225, 0.0461702, -172.988, 0.527994, -27.2719, 0.275529, 134.409
2209, 36.81667, 1.98218, 89.5395, 17.7447, -116.758, 9.6393, 45.3737, 0.0462294, -173.259, 0.528575, -27.3025, 0.275033, 134.571
2209, 36.82500, 1.98465, 89.2799, 17.7592, -116.785, 9.62094, 45.5263, 0.0462883, -173.529, 0.529153, -27.3334, 0.27454, 134.734
2210, 36.83333, 1.9871, 89.0206, 17.7735, -116.812, 9.60271, 45.6802, 0.0463469, -173.799, 0.529728, -27.3645, 0.274052, 134.899
2211, 36.84167, 1.98954, 88.7615, 17.7878, -116.84, 9.58461, 45.8355, 0.046405, -174.068, 0.530298, -27.3959, 0.273567, 135.065
2211, 36.85000, 1.99195, 88.5027, 17.8019, -116.868, 9.56665, 45.9922, 0.0464629, -174.338, 0.530865, -27.4275, 0.273087, 135.233
2212, 36.85833, 1.99435, 88.2442, 17.8158, -116.896, 9.54883, 46.1502, 0.0465203, -174.607, 0.531428, -27.4593, 0.272611, 135.402
2212, 36.86667, 1.99673, 87.9859, 17.8297, -116.924, 9.53114, 46.3095, 0.0465775, -174.875, 0.531988, -27.4914, 0.272139, 135.573
2213, 36.87500, 1.99909, 87.7279, 17.8434, -116.952, 9.5136, 46.4702, 0.0466342, -175.143, 0.532544, -27.5237, 0.271672, 135.746
2213, 36.88333, 2.00143, 87.4702, 17.8569, -116.981, 9.49621, 46.6323, 0.0466907, -175.411, 0.533095, -27.5561, 0.271209, 135.919
2213, 36.89167, 2.00376, 87.2127, 17.8704, -117.01, 9.47896, 46.7957, 0.0467468, -175.679, 0.533644, -27.5888, 0.27075, 136.095
2214, 36.90000, 2.00606, 86.9556, 17.8837, -117.039, 9.46186, 46.9605, 0.0468025, -175.946, 0.534188, -27.6217, 0.270296, 136.272
2215, 36.90833, 2.00835, 86.6987, 17.8969, -117.068, 9.44492, 47.1266, 0.0468579, -176.212, 0.534729, -27.6548, 0.269847, 136.45
2215, 36.91667, 2.01062, 86.4421, 17.9099, -117.098, 9.42812, 47.2941, 0.046913, -176.479, 0.535265, -27.6881, 0.269402, 136.63
2216, 36.92500, 2.01287, 86.1859, 17.9229, -117.127, 9.41148, 47.463, 0.0469677, -176.745, 0.535798, -27.7215, 0.268962, 136.812
2216, 36.93333, 2.01511, 85.9299, 17.9357, -117.157, 9.395, 47.6332, 0.0470221, -177.01, 0.536327, -27.7551, 0.268527, 136.995
2217, 36.94167, 2.01732, 85.6742, 17.9483, -117.187, 9.37868, 47.8048, 0.0470761, -177.276, 0.536852, -27.7889, 0.268097, 137.179
2217, 36.95000, 2.01952, 85.4188, 17.9609, -117.217, 9.36252, 47.9778, 0.0471299, -177.541, 0.537374, -27.8229, 0.267672, 137.365
2217, 36.95833, 2.0217, 85.1637, 17.9732, -117.247, 9.34652, 48.1521, 0.0471832, -177.805, 0.537891, -27.857, 0.267252, 137.553
2218, 36.96667, 2.02387, 84.9089, 17.9855, -117.277, 9.33069, 48.3278, 0.0472363, -178.069, 0.538405, -27.8912, 0.266837, 137.742
2219, 36.97500, 2.02601, 84.6545, 17.9977, -117.308, 9.31503, 48.5049, 0.047289, -178.333, 0.538915, -27.9256, 0.266427, 137.933
2219, 36.98333, 2.02814, 84.4003, 18.0097, -117.339, 9.29954, 48.6833, 0.0473414, -178.596, 0.53942, -27.9601, 0.266023, 138.125
2220, 36.99167, 2.03025, 84.1464, 18.0215, -117.369, 9.28422, 48.8631, 0.0473935, -178.859, 0.539923, -27.9948, 0.265624, 138.318
2220, 37.00000, 2.03234, 83.8929, 18.0333, -117.4, 9.26908, 49.0442, 0.0474453, -179.122, 0.540421, -28.0296, 0.265231, 138.514
2221, 37.00833, 2.03442, 83.6397, 18.0449, -117.431, 9.25411, 49.2267, 0.0474967, -179.384, 0.540915, -28.0645, 0.264843, 138.71
2221, 37.01667, 2.03648, 83.3868, 18.0563, -117.462, 9.23932, 49.4106, 0.0475478, -179.645, 0.541405, -28.0995, 0.264461, 138.909
2221, 37.02500, 2.03852, 83.1343, 18.0677, -117.494, 9.22472, 49.5958, 0.0475986, -179.907, 0.541892, -28.1346, 0.264084, 139.108
2222, 37.03333, 2.04054, 82.882, 18.0789, -117.525, 9.21029, 49.7824, 0.0476491, 179.833, 0.542374, -28.1699, 0.263714, 139.309
2223, 37.04167, 2.04255, 82.6301, 18.09, -117.556, 9.19606, 49.9703, 0.0476993, 179.572, 0.542853, -28.2052, 0.263349, 139.512
2223, 37.05000, 2.04454, 82.3785, 18.1009, -117.588, 9.18201, 50.1596, 0.0477492, 179.312, 0.543327, -28.2406, 0.26299, 139.716
2224, 37.05833, 2.04651, 82.1273, 18.1117, -117.619, 9.16815, 50.3502, 0.0477987, 179.052, 0.543798, -28.2761, 0.262637, 139.922
2224, 37.06667, 2.04847, 81.8764, 18.1224, -117.651, 9.15449, 50.5422, 0.047848, 178.793, 0.544265, -28.3116, 0.26229, 140.129
2225, 37.07500, 2.05041, 81.6258, 18.133, -117.683, 9.14102, 50.7355, 0.047897, 178.534, 0.544728, -28.3473, 0.26195, 140.338
2225, 37.08333, 2.05234, 81.3756, 18.1434, -117.715, 9.12775, 50.9301, 0.0479456, 178.276, 0.545187, -28.383, 0.261615, 140.548
2225, 37.09167, 2.05424, 81.1257, 18.1537, -117.746, 9.11468, 51.1261, 0.047994, 178.018, 0.545643, -28.4187, 0.261287, 140.76
2226, 37.10000, 2.05614, 80.8761, 18.1639, -117.778, 9.10181, 51.3234, 0.0480421, 177.761, 0.546094, -28.4546, 0.260966, 140.973
2227, 37.10833, 2.05801, 80.6269, 18.1739, -117.81, 9.08914, 51.522, 0.0480899, 177.503, 0.546542, -28.4904, 0.260651, 141.187
2227, 37.11667, 2.05987, 80.378, 18.1838, -117.842, 9.07668, 51.722, 0.0481374, 177.247, 0.546986, -28.5264, 0.260342, 141.403
2228, 37.12500, 2.06171, 80.1295, 18.1936, -117.874, 9.06443, 51.9233, 0.0481846, 176.991, 0.547425, -28.5623, 0.260041, 141.62
2228, 37.13333, 2.06354, 79.8813, 18.2032, -117.906, 9.0524, 52.1258, 0.0482315, 176.735, 0.547861, -28.5983, 0.259746, 141.839
2229, 37.14167, 2.06536, 79.6335, 18.2127, -117.938, 9.04057, 52.3297, 0.0482781, 176.479, 0.548294, -28.6343, 0.259458, 142.06
2229, 37.15000, 2.06715, 79.386, 18.2221, -117.97, 9.02896, 52.5349, 0.0483245, 176.225, 0.548722, -28.6703, 0.259176, 142.281
2229, 37.15833, 2.06893, 79.1389, 18.2314, -118.003, 9.01757, 52.7414, 0.0483706, 175.97, 0.549147, -28.7064, 0.258902, 142.504
2230, 37.16667, 2.0707, 78.8921, 18.2405, -118.035, 9.0064, 52.9491, 0.0484164, 175.716, 0.549568, -28.7425, 0.258635, 142.729
2231, 37.17500, 2.07245, 78.6457, 18.2495, -118.067, 8.99546, 53.1582, 0.048462, 175.463, 0.549985, -28.7785, 0.258375, 142.955
2231, 37.18333, 2.07419, 78.3997, 18.2584, -118.099, 8.98474, 53.3685, 0.0485073, 175.21, 0.550398, -28.8146, 0.258122, 143.182
2232, 37.19167, 2.07591, 78.154, 18.2672, -118.131, 8.97425, 53.5801, 0.0485523, 174.957, 0.550808, -28.8507, 0.257877, 143.411
2232, 37.20000, 2.07761, 77.9086, 18.2758, -118.163, 8.96399, 53.7929, 0.0485971, 174.705, 0.551213, -28.8868, 0.257639, 143.641
2233, 37.20833, 2.0793, 77.6637, 18.2843, -118.195, 8.95396, 54.007, 0.0486416, 174.453, 0.551616, -28.9228, 0.257409, 143.872
2233, 37.21667, 2.08098, 77.419, 18.2927, -118.227, 8.94416, 54.2223, 0.0486859, 174.202, 0.552014, -28.9588, 0.257186, 144.105
2233, 37.22500, 2.08264, 77.1747, 18.301, -118.259, 8.93461, 54.4389, 0.0487299, 173.951, 0.552409, -28.9949, 0.256971, 144.339
2234, 37.23333, 2.08429, 76.9308, 18.3092, -118.291, 8.9253, 54.6566, 0.0487737, 173.7, 0.5528, -29.0308, 0.256764, 144.574
2235, 37.24167, 2.08592, 76.6873, 18.3172, -118.323, 8.91622, 54.8756, 0.0488172, 173.45, 0.553187, -29.0668, 0.256564, 144.811
2235, 37.25000, 2.08754, 76.4441, 18.3251, -118.355, 8.9074, 55.0958, 0.0488605, 173.201, 0.553571, -29.1027, 0.256373, 145.049
2236, 37.25833, 2.08915, 76.2013, 18.3329, -118.387, 8.89882, 55.3172, 0.0489035, 172.952, 0.553951, -29.1386, 0.256189, 145.288
2236, 37.26667, 2.09074, 75.9588, 18.3406, -118.419, 8.89049, 55.5398, 0.0489463, 172.703, 0.554328, -29.1744, 0.256014, 145.529
2237, 37.27500, 2.09232, 75.7167, 18.3481, -118.45, 8.88241, 55.7636, 0.0489889, 172.455, 0.554701, -29.2102, 0.255846, 145.771
2237, 37.28333, 2.09388, 75.475, 18.3555, -118.482, 8.87459, 55.9885, 0.0490313, 172.207, 0.55507, -29.2459, 0.255688, 146.014
2237, 37.29167, 2.09544, 75.2336, 18.3629, -118.514, 8.86703, 56.2146, 0.0490734, 171.96, 0.555436, -29.2815, 0.255537, 146.258
2238, 37.30000, 2.09697, 74.9925, 18.3701, -118.545, 8.85973, 56.4418, 0.0491153, 171.713, 0.555799, -29.3171, 0.255395, 146.504
2239, 37.30833, 2.0985, 74.7519, 18.3772, -118.577, 8.85269, 56.6701, 0.049157, 171.467, 0.556158, -29.3527, 0.255262, 146.75
2239, 37.31667, 2.10001, 74.5116, 18.3841, -118.608, 8.84592, 56.8996, 0.0491985, 171.221, 0.556513, -29.3881, 0.255137, 146.998
2240, 37.32500, 2.10151, 74.2717, 18.391, -118.639, 8.83941, 57.1302, 0.0492398, 170.976, 0.556865, -29.4235, 0.255021, 147.247
2240, 37.33333, 2.10299, 74.0321, 18.3978, -118.671, 8.83317, 57.3618, 0.0492808, 170.731, 0.557214, -29.4588, 0.254913, 147.497
2241, 37.34167, 2.10447, 73.7929, 18.4044, -118.702, 8.82721, 57.5946, 0.0493217, 170.487, 0.557559, -29.494, 0.254815, 147.748
2241, 37.35000, 2.10593, 73.554, 18.4109, -118.733, 8.82153, 57.8284, 0.0493624, 170.243, 0.557901, -29.5291, 0.254726, 148.001
2241, 37.35833, 2.10738, 73.3156, 18.4174, -118.764, 8.81612, 58.0632, 0.0494028, 169.999, 0.55824, -29.5641, 0.254645, 148.254
2242, 37.36667, 2.10881, 73.0774, 18.4237, -118.794, 8.81099, 58.2991, 0.0494431, 169.756, 0.558575, -29.599, 0.254574, 148.509
2243, 37.37500, 2.11024, 72.8397, 18.4299, -118.825, 8.80615, 58.536, 0.0494832, 169.513, 0.558907, -29.6338, 0.254512, 148.764
2243, 37.38333, 2.11165, 72.6023, 18.436, -118.856, 8.80159, 58.7739, 0.049523, 169.271, 0.559236, -29.6686, 0.25446, 149.021
2244, 37.39167, 2.11305, 72.3652, 18.442, -118.886, 8.79732, 59.0128, 0.0495628, 169.029, 0.559562, -29.7032, 0.254417, 149.279
2244, 37.40000, 2.11444, 72.1285, 18.4479, -118.917, 8.79334, 59.2527, 0.0496023, 168.788, 0.559884, -29.7377, 0.254383, 149.537
2245, 37.40833, 2.11582, 71.8922, 18.4537, -118.947, 8.78966, 59.4935, 0.0496416, 168.547, 0.560204, -29.772, 0.25436, 149.797
2245, 37.41667, 2.11718, 71.6562, 18.4594, -118.977, 8.78627, 59.7353, 0.0496808, 168.307, 0.56052, -29.8063, 0.254345, 150.057
2245, 37.42500, 2.11854, 71.4206, 18.465, -119.007, 8.78318, 59.978, 0.0497198, 168.067, 0.560833, -29.8404, 0.254341, 150.319
2246, 37.43333, 2.11988, 71.1853, 18.4705, -119.037, 8.78039, 60.2215, 0.0497587, 167.828, 0.561143, -29.8744, 0.254347, 150.581
2247, 37.44167, 2.12121, 70.9504, 18.4759, -119.067, 8.77791, 60.466, 0.0497973, 167.589, 0.56145, -29.9083, 0.254362, 150.844
2247, 37.45000, 2.12254, 70.7158, 18.4812, -119.096, 8.77574, 60.7114, 0.0498358, 167.35, 0.561754, -29.942, 0.254388, 151.108
2248, 37.45833, 2.12385, 70.4816, 18.4864, -119.126, 8.77387, 60.9576, 0.0498742, 167.112, 0.562055, -29.9756, 0.254423, 151.373
2248, 37.46667, 2.12515, 70.2477, 18.4916, -119.155, 8.77232, 61.2046, 0.0499124, 166.875, 0.562353, -30.009, 0.254469, 151.639
2249, 37.47500, 2.12644, 70.0142, 18.4966, -119.184, 8.77108, 61.4525, 0.0499505, 166.638, 0.562648, -30.0423, 0.254526, 151.906
2249, 37.48333, 2.12772, 69.7811, 18.5015, -119.213, 8.77016, 61.7011, 0.0499884, 166.401, 0.562941, -30.0755, 0.254593, 152.173
2249, 37.49167, 2.12899, 69.5482, 18.5064, -119.242, 8.76956, 61.9505, 0.0500262, 166.165, 0.56323, -30.1085, 0.25467, 152.441
2250, 37.50000, 2.13024, 69.3157, 18.5111, -119.271, 8.76929, 62.2007, 0.0500638, 165.929, 0.563517, -30.1413, 0.254758, 152.71
2251, 37.50833, 2.13149, 69.0836, 18.5158, -119.299, 8.76933, 62.4516, 0.0501013, 165.693, 0.563801, -30.174, 0.254856, 152.979
2251, 37.51667, 2.13273, 68.8518, 18.5204, -119.327, 8.76971, 62.7032, 0.0501387, 165.459, 0.564082, -30.2066, 0.254966, 153.249
2252, 37.52500, 2.13396, 68.6203, 18.5249, -119.356, 8.77042, 62.9555, 0.0501759, 165.224, 0.564361, -30.2389, 0.255086, 153.52
2252, 37.53333, 2.13518, 68.3892, 18.5293, -119.384, 8.77146, 63.2084, 0.050213, 164.99, 0.564637, -30.2711, 0.255217, 153.791
2253, 37.54167, 2.1364, 68.1584, 18.5336, -119.411, 8.77284, 63.462, 0.05025, 164.757, 0.56491, -30.3031, 0.25536, 154.063
2253, 37.55000, 2.1376, 67.928, 18.5379, -119.439, 8.77456, 63.7162, 0.0502869, 164.523, 0.565181, -30.335, 0.255513, 154.335
2253, 37.55833, 2.13879, 67.6978, 18.542, -119.466, 8.77662, 63.971, 0.0503237, 164.291, 0.565449, -30.3667, 0.255678, 154.608
2254, 37.56667, 2.13997, 67.468, 18.5461, -119.494, 8.77903, 64.2264, 0.0503603, 164.058, 0.565715, -30.3982, 0.255854, 154.882
2255, 37.57500, 2.14115, 67.2386, 18.5502, -119.521, 8.78178, 64.4823, 0.0503969, 163.827, 0.565978, -30.4295, 0.256041, 155.155
2255, 37.58333, 2.14232, 67.0094, 18.5541, -119.548, 8.78488, 64.7388, 0.0504333, 163.595, 0.566239, -30.4606, 0.25624, 155.43
2256, 37.59167, 2.14347, 66.7806, 18.558, -119.574, 8.78834, 64.9958, 0.0504697, 163.364, 0.566497, -30.4916, 0.256451, 155.704
2256, 37.60000, 2.14462, 66.5521, 18.5618, -119.601, 8.79215, 65.2532, 0.0505059, 163.134, 0.566754, -30.5223, 0.256673, 155.979
2257, 37.60833, 2.14576, 66.3239, 18.5655, -119.627, 8.79632, 65.5111, 0.0505421, 162.904, 0.567007, -30.5529, 0.256907, 156.255
2257, 37.61667, 2.1469, 66.096, 18.5691, -119.653, 8.80084, 65.7694, 0.0505781, 162.674, 0.567259, -30.5833, 0.257153, 156.531
2258, 37.62500, 2.14802, 65.8685, 18.5727, -119.679, 8.80574, 66.0281, 0.0506141, 162.445, 0.567508, -30.6135, 0.257411, 156.807
2258, 37.63333, 2.14914, 65.6412, 18.5762, -119.705, 8.81099, 66.2871, 0.05065, 162.216, 0.567756, -30.6434, 0.257681, 157.083
2259, 37.64167, 2.15025, 65.4143, 18.5797, -119.73, 8.81662, 66.5466, 0.0506858, 161.987, 0.568001, -30.6732, 0.257963, 157.359
2259, 37.65000, 2.15135, 65.1876, 18.5831, -119.756, 8.82262, 66.8063, 0.0507215, 161.759, 0.568244, -30.7028, 0.258257, 157.636
2260, 37.65833, 2.15244, 64.9613, 18.5864, -119.781, 8.82899, 67.0663, 0.0507572, 161.532, 0.568484, -30.7322, 0.258563, 157.913
2260, 37.66667, 2.15353, 64.7353, 18.5897, -119.805, 8.83574, 67.3266, 0.0507928, 161.305, 0.568723, -30.7613, 0.258882, 158.189
2261, 37.67500, 2.15461, 64.5095, 18.5929, -119.83, 8.84287, 67.5872, 0.0508283, 161.078, 0.56896, -30.7903, 0.259214, 158.466
2261, 37.68333, 2.15568, 64.2841, 18.596, -119.855, 8.85038, 67.8479, 0.0508638, 160.851, 0.569195, -30.819, 0.259557, 158.743
2262, 37.69167, 2.15674, 64.0589, 18.5991, -119.879, 8.85827, 68.1088, 0.0508992, 160.626, 0.569429, -30.8476, 0.259914, 159.02
2262, 37.70000, 2.1578, 63.8341, 18.6022, -119.903, 8.86655, 68.3699, 0.0509345, 160.4, 0.56966, -30.8759, 0.260283, 159.298
2263, 37.70833, 2.15885, 63.6095, 18.6051, -119.926, 8.87522, 68.6311, 0.0509698, 160.175, 0.569889, -30.904, 0.260665, 159.574
2263, 37.71667, 2.15989, 63.3852, 18.6081, -119.95, 8.88429, 68.8924, 0.051005, 159.95, 0.570117, -30.9319, 0.26106, 159.851
2264, 37.72500, 2.16093, 63.1612, 18.611, -119.973, 8.89374, 69.1537, 0.0510402, 159.726, 0.570343, -30.9596, 0.261468, 160.128
2264, 37.73333, 2.16196, 62.9374, 18.6138, -119.996, 8.9036, 69.4151, 0.0510753, 159.502, 0.570568, -30.987, 0.261889, 160.405
2265, 37.74167, 2.16298, 62.7139, 18.6166, -120.019, 8.91386, 69.6765, 0.0511104, 159.278, 0.57079, -31.0142, 0.262323, 160.681
2265, 37.75000, 2.164, 62.4907, 18.6193, -120.042, 8.92452, 69.9378, 0.0511455, 159.055, 0.571012, -31.0412, 0.26277, 160.957
2266, 37.75833, 2.16501, 62.2678, 18.622, -120.064, 8.93558, 70.1991, 0.0511805, 158.832, 0.571231, -31.068, 0.263231, 161.233
2266, 37.76667, 2.16602, 62.0451, 18.6247, -120.086, 8.94705, 70.4604, 0.0512155, 158.609, 0.57145, -31.0946, 0.263705, 161.509
2267, 37.77500, 2.16702, 61.8227, 18.6273, -120.108, 8.95893, 70.7214, 0.0512504, 158.387, 0.571666, -31.1209, 0.264193, 161.784
2267, 37.78333, 2.16801, 61.6005, 18.6299, -120.13, 8.97123, 70.9824, 0.0512853, 158.166, 0.571882, -31.147, 0.264694, 162.059
2268, 37.79167, 2.169, 61.3786, 18.6324, -120.151, 8.98394, 71.2431, 0.0513202, 157.944, 0.572096, -31.1728, 0.265208, 162.334
2268, 37.80000, 2.16998, 61.1569, 18.6349, -120.173, 8.99707, 71.5037, 0.0513551, 157.723, 0.572309, -31.1985, 0.265737, 162.608
2269, 37.80833, 2.17095, 60.9355, 18.6374, -120.194, 9.01062, 71.764, 0.05139, 157.503, 0.57252, -31.2239, 0.266279, 162.882
2269, 37.81667, 2.17192, 60.7143, 18.6398, -120.214, 9.02459, 72.024, 0.0514248, 157.282, 0.57273, -31.249, 0.266835, 163.155
2270, 37.82500, 2.17289, 60.4934, 18.6423, -120.235, 9.03899, 72.2837, 0.0514596, 157.062, 0.57294, -31.274, 0.267405, 163.427
2270, 37.83333, 2.17385, 60.2727, 18.6446, -120.255, 9.05381, 72.5431, 0.0514945, 156.843, 0.573148, -31.2987, 0.267988, 163.699
2271, 37.84167, 2.1748, 60.0522, 18.647, -120.275, 9.06907, 72.8021, 0.0515293, 156.624, 0.573355, -31.3231, 0.268587, 163.971
2271, 37.85000, 2.17575, 59.8319, 18.6493, -120.295, 9.08476, 73.0607, 0.0515641, 156.405, 0.573561, -31.3474, 0.269199, 164.242
2272, 37.85833, 2.1767, 59.6119, 18.6516, -120.314, 9.10088, 73.3189, 0.0515989, 156.186, 0.573766, -31.3713, 0.269825, 164.512
2272, 37.86667, 2.17763, 59.392, 18.6539, -120.334, 9.11744, 73.5766, 0.0516337, 155.968, 0.57397, -31.3951, 0.270466, 164.781
2273, 37.87500, 2.17857, 59.1724, 18.6562, -120.353, 9.13444, 73.8338, 0.0516685, 155.75, 0.574174, -31.4186, 0.271121, 165.05
2273, 37.88333, 2.1795, 58.953, 18.6584, -120.371, 9.15188, 74.0905, 0.0517033, 155.533, 0.574376, -31.4419, 0.27179, 165.318
2274, 37.89167, 2.18042, 58.7338, 18.6606, -120.39, 9.16977, 74.3466, 0.0517381, 155.315, 0.574578, -31.4649, 0.272475, 165.585
2274, 37.90000, 2.18134, 58.5148, 18.6628, -120.408, 9.1881, 74.6021, 0.0517729, 155.098, 0.574779, -31.4877, 0.273173, 165.851
2275, 37.90833, 2.18225, 58.296, 18.665, -120.426, 9.20688, 74.857, 0.0518078, 154.882, 0.574979, -31.5102, 0.273887, 166.116
2275, 37.91667, 2.18316, 58.0774, 18.6672, -120.444, 9.22611, 75.1112, 0.0518426, 154.665, 0.575179, -31.5325, 0.274615, 166.381
2276, 37.92500, 2.18407, 57.859, 18.6694, -120.462, 9.2458, 75.3647, 0.0518775, 154.449, 0.575378, -31.5546, 0.275358, 166.644
2276, 37.93333, 2.18497, 57.6407, 18.6716, -120.479, 9.26594, 75.6175, 0.0519123, 154.234, 0.575577, -31.5764, 0.276116, 166.907
2277, 37.94167, 2.18587, 57.4227, 18.6737, -120.496, 9.28654, 75.8696, 0.0519473, 154.018, 0.575775, -31.598, 0.276888, 167.168
2277, 37.95000, 2.18676, 57.2048, 18.6759, -120.513, 9.3076, 76.1208, 0.0519822, 153.803, 0.575973, -31.6194, 0.277676, 167.428
2278, 37.95833, 2.18765, 56.987, 18.678, -120.529, 9.32912, 76.3712, 0.0520171, 153.589, 0.576171, -31.6405, 0.278479, 167.688
2278, 37.96667, 2.18853, 56.7695, 18.6802, -120.546, 9.35111, 76.6207, 0.0520521, 153.374, 0.576368, -31.6613, 0.279297, 167.946
2279, 37.97500, 2.18941, 56.5521, 18.6823, -120.562, 9.37356, 76.8694, 0.0520871, 153.16, 0.576565, -31.682, 0.28013, 168.203
2279, 37.98333, 2.19029, 56.3348, 18.6845, -120.577, 9.39648, 77.1171, 0.0521222, 152.946, 0.576762, -31.7023, 0.280979, 168.458
2280, 37.99167, 2.19116, 56.1177, 18.6866, -120.593, 9.41987, 77.3639, 0.0521572, 152.732, 0.576958, -31.7225, 0.281843, 168.713
2280, 38.00000, 2.19202, 55.9008, 18.6888, -120.608, 9.44373, 77.6097, 0.0521923, 152.519, 0.577155, -31.7424, 0.282722, 168.966
2281, 38.00833, 2.19289, 55.684, 18.691, -120.623, 9.46807, 77.8544, 0.0522275, 152.305, 0.577351, -31.762, 0.283616, 169.218
2281, 38.01667, 2.19375, 55.4673, 18.6932, -120.638, 9.49288, 78.0982, 0.0522627, 152.093, 0.577548, -31.7815, 0.284527, 169.469
2282, 38.02500, 2.1946, 55.2507, 18.6953, -120.653, 9.51818, 78.3408, 0.0522979, 151.88, 0.577744, -31.8006, 0.285452, 169.718
2282, 38.03333, 2.19545, 55.0343, 18.6975, -120.667, 9.54395, 78.5823, 0.0523331, 151.667, 0.577941, -31.8196, 0.286394, 169.966
2283, 38.04167, 2.1963, 54.818, 18.6998, -120.681, 9.5702, 78.8227, 0.0523685, 151.455, 0.578138, -31.8383, 0.287351, 170.213
2283, 38.05000, 2.19714, 54.6018, 18.702, -120.695, 9.59694, 79.0618, 0.0524038, 151.243, 0.578335, -31.8568, 0.288324, 170.458
2284, 38.05833, 2.19798, 54.3857, 18.7043, -120.709, 9.62416, 79.2998, 0.0524392, 151.032, 0.578532, -31.875, 0.289312, 170.701
2284, 38.06667, 2.19882, 54.1697, 18.7065, -120.722, 9.65188, 79.5365, 0.0524747, 150.82, 0.578729, -31.893, 0.290317, 170.943
2285, 38.07500, 2.19965, 53.9539, 18.7088, -120.735, 9.68008, 79.772, 0.0525101, 150.609, 0.578927, -31.9108, 0.291338, 171.184
2285, 38.08333, 2.20048, 53.7381, 18.7111, -120.748, 9.70877, 80.0061, 0.0525457, 150.398, 0.579126, -31.9283, 0.292374, 171.423
2286, 38.09167, 2.2013, 53.5224, 18.7135, -120.761, 9.73795, 80.2389, 0.0525813, 150.187, 0.579325, -31.9456, 0.293427, 171.66
2286, 38.10000, 2.20212, 53.3068, 18.7159, -120.774, 9.76763, 80.4704, 0.0526169, 149.976, 0.579524, -31.9627, 0.294495, 171.896
2287, 38.10833, 2.20294, 53.0913, 18.7183, -120.786, 9.7978, 80.7004, 0.0526526, 149.766, 0.579724, -31.9795, 0.29558, 172.13
2287, 38.11667, 2.20375, 52.8758, 18.7207, -120.798, 9.82848, 80.929, 0.0526884, 149.556, 0.579925, -31.9962, 0.296681, 172.362
2288, 38.12500, 2.20456, 52.6604, 18.7231, -120.81, 9.85965, 81.1562, 0.0527242, 149.346, 0.580126, -32.0126, 0.297798, 172.592
2288, 38.13333, 2.20537, 52.4451, 18.7256, -120.821, 9.89132, 81.3819, 0.0527601, 149.136, 0.580328, -32.0287, 0.298931, 172.821
2289, 38.14167, 2.20617, 52.2299, 18.7282, -120.832, 9.9235, 81.606, 0.052796, 148.926, 0.580531, -32.0447, 0.300081, 173.048
2289, 38.15000, 2.20697, 52.0147, 18.7307, -120.844, 9.95617, 81.8287, 0.052832, 148.717, 0.580734, -32.0604, 0.301247, 173.273
2290, 38.15833, 2.20777, 51.7995, 18.7334, -120.854, 9.98935, 82.0497, 0.052868, 148.508, 0.580939, -32.0759, 0.302429, 173.497
2290, 38.16667, 2.20856, 51.5844, 18.736, -120.865, 10.023, 82.2692, 0.0529042, 148.298, 0.581144, -32.0912, 0.303628, 173.718
2291, 38.17500, 2.20934, 51.3693, 18.7387, -120.876, 10.0572, 82.487, 0.0529403, 148.089, 0.581351, -32.1063, 0.304843, 173.938
2291, 38.18333, 2.21013, 51.1542, 18.7415, -120.886, 10.0919, 82.7031, 0.0529766, 147.881, 0.581559, -32.1211, 0.306075, 174.156
2292, 38.19167, 2.21091, 50.9392, 18.7442, -120.896, 10.1272, 82.9176, 0.0530128, 147.672, 0.581767, -32.1358, 0.307324, 174.372
2292, 38.20000, 2.21168, 50.7242, 18.7471, -120.906, 10.1629, 83.1303, 0.0530492, 147.463, 0.581977, -32.1502, 0.308589, 174.585
2293, 38.20833, 2.21245, 50.5092, 18.75, -120.915, 10.1991, 83.3413, 0.0530856, 147.255, 0.582188, -32.1644, 0.309871, 174.797
2293, 38.21667, 2.21322, 50.2942, 18.7529, -120.925, 10.2359, 83.5506, 0.0531221, 147.047, 0.582401, -32.1785, 0.311169, 175.007
2294, 38.22500, 2.21398, 50.0792, 18.7559, -120.934, 10.2732, 83.7581, 0.0531586, 146.839, 0.582614, -32.1923, 0.312484, 175.215
2294, 38.23333, 2.21474, 49.8642, 18.759, -120.943, 10.3109, 83.9637, 0.0531952, 146.631, 0.58283, -32.2059, 0.313816, 175.42
2295, 38.24167, 2.2155, 49.6492, 18.7621, -120.952, 10.3492, 84.1675, 0.0532319, 146.423, 0.583046, -32.2193, 0.315165, 175.624
2295, 38.25000, 2.21625, 49.4342, 18.7653, -120.96, 10.3881, 84.3694, 0.0532686, 146.215, 0.583264, -32.2326, 0.316531, 175.826
2296, 38.25833, 2.217, 49.2192, 18.7685, -120.969, 10.4274, 84.5694, 0.0533054, 146.007, 0.583484, -32.2456, 0.317913, 176.025
2296, 38.26667, 2.21774, 49.0041, 18.7718, -120.977, 10.4673, 84.7675, 0.0533423, 145.8, 0.583705, -32.2585, 0.319312, 176.222
2297, 38.27500, 2.21848, 48.789, 18.7752, -120.985, 10.5077, 84.9637, 0.0533792, 145.592, 0.583928, -32.2711, 0.320729, 176.417
2297, 38.28333, 2.21921, 48.5739, 18.7786, -120.993, 10.5486, 85.1578, 0.0534161, 145.385, 0.584153, -32.2836, 0.322162, 176.61
2298, 38.29167, 2.21994, 48.3587, 18.7821, -121.001, 10.59, 85.35, 0.0534532, 145.177, 0.584379, -32.2959, 0.323612, 176.801
2298, 38.30000, 2.22067, 48.1435, 18.7857, -121.008, 10.6319, 85.5402, 0.0534903, 144.97, 0.584607, -32.308, 0.325079, 176.989
2299, 38.30833, 2.22139, 47.9282, 18.7893, -121.015, 10.6744, 85.7283, 0.0535274, 144.763, 0.584837, -32.32, 0.326563, 177.175
2299, 38.31667, 2.2221, 47.7129, 18.793, -121.023, 10.7174, 85.9144, 0.0535646, 144.556, 0.585069, -32.3317, 0.328064, 177.359
2300, 38.32500, 2.22281, 47.4975, 18.7968, -121.03, 10.7609, 86.0984, 0.0536019, 144.349, 0.585303, -32.3433, 0.329583, 177.541
2300, 38.33333, 2.22352, 47.282, 18.8007, -121.037, 10.805, 86.2802, 0.0536392, 144.142, 0.585539, -32.3548, 0.331118, 177.72
2301, 38.34167, 2.22422, 47.0664, 18.8046, -121.043, 10.8495, 86.46, 0.0536766, 143.935, 0.585777, -32.3661, 0.33267, 177.897
2301, 38.35000, 2.22492, 46.8508, 18.8087, -121.05, 10.8946, 86.6376, 0.053714, 143.728, 0.586017, -32.3772, 0.33424, 178.072
2302, 38.35833, 2.22561, 46.6351, 18.8128, -121.056, 10.9403, 86.813, 0.0537515, 143.521, 0.586259, -32.3882, 0.335826, 178.244
2302, 38.36667, 2.22629, 46.4192, 18.817, -121.063, 10.9864, 86.9862, 0.053789, 143.314, 0.586504, -32.399, 0.33743, 178.414
2303, 38.37500, 2.22697, 46.2033, 18.8213, -121.069, 11.0331, 87.1572, 0.0538266, 143.107, 0.586751, -32.4097, 0.339051, 178.581
2303, 38.38333, 2.22765, 45.9872, 18.8257, -121.075, 11.0803, 87.326, 0.0538642, 142.9, 0.587, -32.4202, 0.340689, 178.746
2304, 38.39167, 2.22832, 45.7711, 18.8301, -121.081, 11.128, 87.4925, 0.0539019, 142.693, 0.587252, -32.4306, 0.342344, 178.909
2304, 38.40000, 2.22898, 45.5548, 18.8347, -121.086, 11.1763, 87.6567, 0.0539396, 142.486, 0.587506, -32.4409, 0.344017, 179.069
2305, 38.40833, 2.22964, 45.3384, 18.8393, -121.092, 11.2251, 87.8187, 0.0539774, 142.28, 0.587762, -32.451, 0.345706, 179.226
2305, 38.41667, 2.23029, 45.1219, 18.8441, -121.098, 11.2744, 87.9783, 0.0540152, 142.073, 0.588022, -32.461, 0.347413, 179.381
2306, 38.42500, 2.23093, 44.9052, 18.8489, -121.103, 11.3243, 88.1357, 0.0540531, 141.866, 0.588283, -32.4709, 0.349137, 179.534
2306, 38.43333, 2.23157, 44.6884, 18.8539, -121.108, 11.3746, 88.2906, 0.0540909, 141.659, 0.588548, -32.4807, 0.350878, 179.684
2307, 38.44167, 2.2322, 44.4714, 18.8589, -121.114, 11.4255, 88.4432, 0.0541289, 141.452, 0.588815, -32.4904, 0.352636, 179.832
2307, 38.45000, 2.23283, 44.2543, 18.864, -121.119, 11.477, 88.5935, 0.0541668, 141.245, 0.589084, -32.5, 0.354412, 179.977
2308, 38.45833, 2.23344, 44.037, 18.8693, -121.124, 11.5289, 88.7413, 0.0542048, 141.038, 0.589357, -32.5094, 0.356204, -179.881
2308, 38.46667, 2.23405, 43.8196, 18.8746, -121.129, 11.5814, 88.8867, 0.0542428, 140.831, 0.589632, -32.5188, 0.358014, -179.741
2309, 38.47500, 2.23466, 43.602, 18.8801, -121.134, 11.6344, 89.0297, 0.0542808, 140.624, 0.589911, -32.5281, 0.359841, -179.603
2309, 38.48333, 2.23525, 43.3842, 18.8857, -121.139, 11.6879, 89.1702, 0.0543188, 140.417, 0.590192, -32.5373, 0.361685, -179.468
2310, 38.49167, 2.23584, 43.1662, 18.8913, -121.143, 11.742, 89.3083, 0.0543569, 140.209, 0.590476, -32.5464, 0.363546, -179.336
2310, 38.50000, 2.23642, 42.948, 18.8971, -121.148, 11.7966, 89.4439, 0.054395, 140.002, 0.590763, -32.5555, 0.365424, -179.207
2311, 38.50833, 2.237, 42.7297, 18.903, -121.153, 11.8517, 89.5771, 0.0544331, 139.795, 0.591054, -32.5644, 0.36732, -179.08
2311, 38.51667, 2.23756, 42.5111, 18.909, -121.157, 11.9073, 89.7077, 0.0544711, 139.587, 0.591347, -32.5734, 0.369232, -178.955
2312, 38.52500, 2.23812, 42.2923, 18.9152, -121.162, 11.9635, 89.8358, 0.0545092, 139.38, 0.591644, -32.5822, 0.371162, -178.834
2312, 38.53333, 2.23867, 42.0733, 18.9214, -121.167, 12.0201, 89.9614, 0.0545473, 139.172, 0.591944, -32.591, 0.373108, -178.715
2313, 38.54167, 2.2392, 41.8541, 18.9278, -121.171, 12.0773, 90.0844, 0.0545854, 138.964, 0.592247, -32.5998, 0.375072, -178.598
2313, 38.55000, 2.23973, 41.6347, 18.9343, -121.176, 12.135, 90.2049, 0.0546235, 138.756, 0.592553, -32.6085, 0.377052, -178.485
2314, 38.55833, 2.24026, 41.4151, 18.9409, -121.18, 12.1933, 90.3228, 0.0546616, 138.548, 0.592863, -32.6172, 0.37905, -178.374
2314, 38.56667, 2.24077, 41.1952, 18.9476, -121.185, 12.252, 90.4381, 0.0546996, 138.34, 0.593176, -32.6259, 0.381064, -178.265
2314, 38.57500, 2.24127, 40.9751, 18.9544, -121.189, 12.3113, 90.5508, 0.0547376, 138.132, 0.593493, -32.6346, 0.383095, -178.16
2315, 38.58333, 2.24176, 40.7547, 18.9614, -121.194, 12.371, 90.661, 0.0547757, 137.924, 0.593813, -32.6432, 0.385143, -178.057
2316, 38.59167, 2.24224, 40.5341, 18.9685, -121.198, 12.4313, 90.7685, 0.0548136, 137.715, 0.594136, -32.6518, 0.387208, -177.957
2316, 38.60000, 2.24271, 40.3132, 18.9757, -121.203, 12.4921, 90.8734, 0.0548516, 137.507, 0.594463, -32.6605, 0.38929, -177.859
2317, 38.60833, 2.24317, 40.0921, 18.9831, -121.207, 12.5534, 90.9756, 0.0548895, 137.298, 0.594794, -32.6691, 0.391388, -177.764
2317, 38.61667, 2.24362, 39.8707, 18.9906, -121.212, 12.6152, 91.0753, 0.0549273, 137.089, 0.595128, -32.6778, 0.393503, -177.673
2318, 38.62500, 2.24406, 39.649, 18.9982, -121.217, 12.6775, 91.1722, 0.0549651, 136.88, 0.595466, -32.6864, 0.395634, -177.583
2318, 38.63333, 2.24448, 39.4271, 19.006, -121.222, 12.7403, 91.2665, 0.0550029, 136.671, 0.595808, -32.6951, 0.397782, -177.497
2318, 38.64167, 2.2449, 39.2048, 19.0139, -121.226, 12.8037, 91.3581, 0.0550406, 136.461, 0.596153, -32.7039, 0.399947, -177.413
2319, 38.65000, 2.2453, 38.9823, 19.0219, -121.231, 12.8675, 91.4471, 0.0550782, 136.251, 0.596502, -32.7126, 0.402127, -177.332
2320, 38.65833, 2.24569, 38.7595, 19.03, -121.236, 12.9318, 91.5334, 0.0551157, 136.042, 0.596855, -32.7215, 0.404325, -177.254
2320, 38.66667, 2.24606, 38.5364, 19.0383, -121.241, 12.9966, 91.6169, 0.0551532, 135.832, 0.597212, -32.7304, 0.406538, -177.178
2321, 38.67500, 2.24643, 38.313, 19.0467, -121.246, 13.0619, 91.6978, 0.0551906, 135.622, 0.597573, -32.7393, 0.408768, -177.106
2321, 38.68333, 2.24678, 38.0893, 19.0553, -121.252, 13.1276, 91.7759, 0.0552279, 135.411, 0.597937, -32.7483, 0.411014, -177.036
2322, 38.69167, 2.24711, 37.8653, 19.064, -121.257, 13.1939, 91.8514, 0.0552651, 135.201, 0.598305, -32.7574, 0.413276, -176.969
2322, 38.70000, 2.24744, 37.641, 19.0729, -121.263, 13.2607, 91.9241, 0.0553022, 134.99, 0.598678, -32.7666, 0.415553, -176.904
2322, 38.70833, 2.24774, 37.4164, 19.0818, -121.268, 13.3279, 91.9941, 0.0553392, 134.779, 0.599054, -32.7759, 0.417847, -176.843
2323, 38.71667, 2.24804, 37.1914, 19.091, -121.274, 13.3956, 92.0613, 0.055376, 134.567, 0.599434, -32.7853, 0.420157, -176.784
2324, 38.72500, 2.24831, 36.9662, 19.1002, -121.28, 13.4638, 92.1258, 0.0554128, 134.356, 0.599819, -32.7948, 0.422482, -176.728
2324, 38.73333, 2.24858, 36.7406, 19.1097, -121.286, 13.5324, 92.1876, 0.0554494, 134.144, 0.600207, -32.8044, 0.424823, -176.675
2325, 38.74167, 2.24882, 36.5146, 19.1192, -121.292, 13.6016, 92.2466, 0.0554858, 133.932, 0.6006, -32.8142, 0.427179, -176.624
2325, 38.75000, 2.24906, 36.2883, 19.1289, -121.299, 13.6711, 92.3028, 0.0555222, 133.72, 0.600996, -32.8241, 0.429551, -176.577
2326, 38.75833, 2.24927, 36.0617, 19.1388, -121.305, 13.7412, 92.3563, 0.0555583, 133.508, 0.601397, -32.8341, 0.431938, -176.532
2326, 38.76667, 2.24947, 35.8348, 19.1487, -121.312, 13.8117, 92.407, 0.0555943, 133.295, 0.601802, -32.8443, 0.43434, -176.49
2326, 38.77500, 2.24965, 35.6075, 19.1589, -121.319, 13.8826, 92.455, 0.0556302, 133.082, 0.60221, -32.8547, 0.436758, -176.451
2327, 38.78333, 2.24981, 35.3798, 19.1692, -121.326, 13.954, 92.5002, 0.0556658, 132.869, 0.602623, -32.8652, 0.43919, -176.415
2328, 38.79167, 2.24995, 35.1518, 19.1796, -121.334, 14.0259, 92.5426, 0.0557013, 132.656, 0.603041, -32.8759, 0.441637, -176.381
2328, 38.80000, 2.25008, 34.9234, 19.1901, -121.342, 14.0982, 92.5822, 0.0557366, 132.442, 0.603462, -32.8868, 0.444099, -176.35
2329, 38.80833, 2.25019, 34.6947, 19.2009, -121.349, 14.1709, 92.6191, 0.0557716, 132.228, 0.603887, -32.8979, 0.446576, -176.322
2329, 38.81667, 2.25028, 34.4656, 19.2117, -121.358, 14.244, 92.6532, 0.0558065, 132.014, 0.604317, -32.9092, 0.449067, -176.297
2330, 38.82500, 2.25034, 34.2362, 19.2227, -121.366, 14.3176, 92.6845, 0.0558411, 131.799, 0.604751, -32.9207, 0.451572, -176.275
2330, 38.83333, 2.25039, 34.0064, 19.2339, -121.375, 14.3916, 92.713, 0.0558755, 131.585, 0.605189, -32.9325, 0.454091, -176.255
2330, 38.84167, 2.25042, 33.7762, 19.2452, -121.384, 14.466, 92.7387, 0.0559097, 131.369, 0.605632, -32.9445, 0.456625, -176.239
2331, 38.85000, 2.25043, 33.5456, 19.2566, -121.393, 14.5409, 92.7617, 0.0559436, 131.154, 0.606078, -32.9567, 0.459172, -176.225
2332, 38.85833, 2.25041, 33.3147, 19.2682, -121.403, 14.6161, 92.7819, 0.0559773, 130.938, 0.606529, -32.9691, 0.461733, -176.214
2332, 38.86667, 2.25038, 33.0834, 19.28, -121.413, 14.6917, 92.7992, 0.0560107, 130.722, 0.606984, -32.9819, 0.464307, -176.205
2333, 38.87500, 2.25032, 32.8517, 19.2918, -121.423, 14.7678, 92.8138, 0.0560438, 130.506, 0.607443, -32.9949, 0.466895, -176.2
2333, 38.88333, 2.25024, 32.6197, 19.3039, -121.434, 14.8442, 92.8256, 0.0560766, 130.29, 0.607906, -33.0082, 0.469496, -176.197
2334, 38.89167, 2.25013, 32.3872, 19.316, -121.445, 14.921, 92.8347, 0.0561091, 130.073, 0.608373, -33.0218, 0.47211, -176.197
2334, 38.90000, 2.25, 32.1544, 19.3283, -121.456, 14.9982, 92.8409, 0.0561414, 129.856, 0.608845, -33.0357, 0.474737, -176.2
2334, 38.90833, 2.24985, 31.9213, 19.3408, -121.467, 15.0757, 92.8444, 0.0561733, 129.638, 0.609321, -33.0498, 0.477377, -176.206
2335, 38.91667, 2.24968, 31.6877, 19.3534, -121.48, 15.1537, 92.8451, 0.0562048, 129.42, 0.609801, -33.0644, 0.480029, -176.214
2336, 38.92500, 2.24948, 31.4537, 19.3661, -121.492, 15.2319, 92.843, 0.0562361, 129.202, 0.610285, -33.0792, 0.482693, -176.226
2336, 38.93333, 2.24925, 31.2194, 19.379, -121.505, 15.3106, 92.8381, 0.0562669, 128.984, 0.610772, -33.0944, 0.485369, -176.24
2337, 38.94167, 2.249, 30.9847, 19.392, -121.518, 15.3896, 92.8305, 0.0562975, 128.765, 0.611265, -33.1099, 0.488058, -176.256
2337, 38.95000, 2.24872, 30.7496, 19.4052, -121.532, 15.4689, 92.8201, 0.0563276, 128.546, 0.611761, -33.1258, 0.490758, -176.276
2338, 38.95833, 2.24841, 30.5141, 19.4185, -121.546, 15.5485, 92.8069, 0.0563574, 128.327, 0.612261, -33.142, 0.493469, -176.298
2338, 38.96667, 2.24808, 30.2782, 19.4319, -121.56, 15.6285, 92.791, 0.0563867, 128.107, 0.612765, -33.1587, 0.496192, -176.323
2338, 38.97500, 2.24772, 30.042, 19.4455, -121.575, 15.7088, 92.7723, 0.0564157, 127.887, 0.613273, -33.1757, 0.498925, -176.351
2339, 38.98333, 2.24733, 29.8054, 19.4592, -121.591, 15.7894, 92.7508, 0.0564442, 127.667, 0.613785, -33.1931, 0.501669, -176.382
2340, 38.99167, 2.24691, 29.5684, 19.473, -121.607, 15.8703, 92.7266, 0.0564723, 127.446, 0.614301, -33.2109, 0.504424, -176.415
2340, 39.00000, 2.24646, 29.331, 19.487, -121.623, 15.9515, 92.6997, 0.0565, 127.225, 0.614821, -33.2291, 0.507189, -176.451
2341, 39.00833, 2.24599, 29.0933, 19.5011, -121.64, 16.033, 92.6701, 0.0565272, 127.004, 0.615345, -33.2478, 0.509964, -176.49
2341, 39.01667, 2.24548, 28.8551, 19.5153, -121.657, 16.1148, 92.6377, 0.056554, 126.782, 0.615872, -33.2669, 0.512749, -176.531
2342, 39.02500, 2.24494, 28.6167, 19.5296, -121.675, 16.1968, 92.6026, 0.0565802, 126.56, 0.616403, -33.2864, 0.515543, -176.575
2342, 39.03333, 2.24437, 28.3778, 19.5441, -121.693, 16.2792, 92.5647, 0.056606, 126.338, 0.616938, -33.3064, 0.518347, -176.622
2342, 39.04167, 2.24377, 28.1386, 19.5587, -121.712, 16.3617, 92.5242, 0.0566313, 126.115, 0.617476, -33.3268, 0.521159, -176.672
2343, 39.05000, 2.24313, 27.899, 19.5734, -121.732, 16.4445, 92.4809, 0.056656, 125.892, 0.618018, -33.3478, 0.52398, -176.724
2344, 39.05833, 2.24247, 27.6591, 19.5882, -121.752, 16.5275, 92.435, 0.0566803, 125.669, 0.618563, -33.3691, 0.52681, -176.779
2344, 39.06667, 2.24177, 27.4188, 19.6032, -121.773, 16.6108, 92.3863, 0.0567039, 125.446, 0.619112, -33.391, 0.529648, -176.837
2345, 39.07500, 2.24103, 27.1782, 19.6182, -121.794, 16.6943, 92.335, 0.0567271, 125.222, 0.619664, -33.4134, 0.532493, -176.897
2345, 39.08333, 2.24027, 26.9372, 19.6334, -121.815, 16.778, 92.2811, 0.0567496, 124.998, 0.62022, -33.4363, 0.535346, -176.96
2346, 39.09167, 2.23946, 26.6958, 19.6487, -121.838, 16.8619, 92.2244, 0.0567716, 124.773, 0.620778, -33.4597, 0.538207, -177.025
2346, 39.10000, 2.23862, 26.4542, 19.664, -121.861, 16.9459, 92.1651, 0.056793, 124.548, 0.62134, -33.4837, 0.541074, -177.093
2346, 39.10833, 2.23775, 26.2122, 19.6795, -121.884, 17.0302, 92.1032, 0.0568138, 124.323, 0.621905, -33.5081, 0.543947, -177.164
2347, 39.11667, 2.23684, 25.9699, 19.6951, -121.908, 17.1146, 92.0386, 0.056834, 124.098, 0.622473, -33.5331, 0.546828, -177.238
2348, 39.12500, 2.23589, 25.7272, 19.7108, -121.933, 17.1992, 91.9714, 0.0568535, 123.872, 0.623044, -33.5587, 0.549714, -177.314
2348, 39.13333, 2.23491, 25.4843, 19.7266, -121.959, 17.2839, 91.9016, 0.0568724, 123.646, 0.623618, -33.5848, 0.552605, -177.392
2349, 39.14167, 2.23388, 25.241, 19.7424, -121.985, 17.3688, 91.8292, 0.0568907, 123.42, 0.624195, -33.6115, 0.555502, -177.473
2349, 39.15000, 2.23282, 24.9974, 19.7584, -122.012, 17.4537, 91.7542, 0.0569082, 123.193, 0.624774, -33.6388, 0.558404, -177.557
2350, 39.15833, 2.23172, 24.7536, 19.7744, -122.039, 17.5388, 91.6766, 0.0569251, 122.966, 0.625356, -33.6666, 0.56131, -177.643
2350, 39.16667, 2.23058, 24.5094, 19.7905, -122.067, 17.624, 91.5965, 0.0569413, 122.739, 0.62594, -33.6951, 0.564221, -177.732
2350, 39.17500, 2.2294, 24.265, 19.8067, -122.096, 17.7093, 91.5138, 0.0569568, 122.511, 0.626527, -33.7241, 0.567135, -177.823
2351, 39.18333, 2.22818, 24.0203, 19.823, -122.125, 17.7947, 91.4285, 0.0569715, 122.284, 0.627116, -33.7538, 0.570053, -177.917
2352, 39.19167, 2.22692, 23.7754, 19.8393, -122.155, 17.8801, 91.3408, 0.0569856, 122.056, 0.627707, -33.784, 0.572974, -178.014
2352, 39.20000, 2.22562, 23.5302, 19.8558, -122.186, 17.9656, 91.2505, 0.0569988, 121.827, 0.628301, -33.8149, 0.575898, -178.112
2353, 39.20833, 2.22427, 23.2847, 19.8722, -122.218, 18.0512, 91.1577, 0.0570113, 121.599, 0.628896, -33.8464, 0.578824, -178.214
2353, 39.21667, 2.22289, 23.039, 19.8888, -122.25, 18.1368, 91.0625, 0.0570231, 121.37, 0.629494, -33.8786, 0.581753, -178.317
2354, 39.22500, 2.22146, 22.7931, 19.9053, -122.283, 18.2224, 90.9648, 0.057034, 121.141, 0.630093, -33.9114, 0.584682, -178.424
2354, 39.23333, 2.21999, 22.547, 19.922, -122.317, 18.308, 90.8646, 0.0570441, 120.912, 0.630693, -33.9448, 0.587613, -178.532
2354, 39.24167, 2.21847, 22.3006, 19.9387, -122.351, 18.3936, 90.762, 0.0570535, 120.682, 0.631296, -33.9789, 0.590545, -178.643
2355, 39.25000, 2.21691, 22.0541, 19.9554, -122.386, 18.4791, 90.6569, 0.057062, 120.453, 0.631899, -34.0137, 0.593477, -178.756
2356, 39.25833, 2.21531, 21.8074, 19.9722, -122.422, 18.5647, 90.5495, 0.0570696, 120.223, 0.632504, -34.0491, 0.596409, -178.872
2356, 39.26667, 2.21366, 21.5604, 19.989, -122.459, 18.6502, 90.4397, 0.0570764, 119.993, 0.633111, -34.0852, 0.599342, -178.99
2357, 39.27500, 2.21196, 21.3134, 20.0058, -122.496, 18.7357, 90.3275, 0.0570824, 119.762, 0.633718, -34.1219, 0.602272, -179.111
2357, 39.28333, 2.21022, 21.0662, 20.0227, -122.535, 18.8211, 90.2129, 0.0570874, 119.532, 0.634326, -34.1594, 0.605202, -179.233
2358, 39.29167, 2.20844, 20.8188, 20.0395, -122.573, 18.9064, 90.096, 0.0570916, 119.301, 0.634935, -34.1975, 0.608131, -179.358
2358, 39.30000, 2.2066, 20.5714, 20.0564, -122.613, 18.9916, 89.9768, 0.0570949, 119.07, 0.635544, -34.2363, 0.611056, -179.486
2358, 39.30833, 2.20472, 20.3238, 20.0733, -122.654, 19.0767, 89.8553, 0.0570972, 118.839, 0.636155, -34.2759, 0.61398, -179.615
2359, 39.31667, 2.2028, 20.0761, 20.0903, -122.695, 19.1617, 89.7315, 0.0570987, 118.608, 0.636765, -34.3161, 0.616901, -179.747
2360, 39.32500, 2.20082, 19.8284, 20.1072, -122.737, 19.2466, 89.6055, 0.0570992, 118.377, 0.637376, -34.357, 0.619818, -179.881
2360, 39.33333, 2.1988, 19.5806, 20.1241, -122.78, 19.3313, 89.4772, 0.0570987, 118.145, 0.637987, -34.3987, 0.622731, 179.983
2361, 39.34167, 2.19673, 19.3326, 20.141, -122.824, 19.4158, 89.3466, 0.0570973, 117.914, 0.638597, -34.441, 0.62564, 179.844
2361, 39.35000, 2.19461, 19.0847, 20.1579, -122.868, 19.5002, 89.2139, 0.0570949, 117.682, 0.639208, -34.4841, 0.628544, 179.704
2362, 39.35833, 2.19244, 18.8368, 20.1747, -122.914, 19.5844, 89.0791, 0.0570916, 117.451, 0.639818, -34.5278, 0.631443, 179.561
2362, 39.36667, 2.19022, 18.5888, 20.1916, -122.96, 19.6684, 88.942, 0.0570872, 117.219, 0.640428, -34.5723, 0.634337, 179.416
2362, 39.37500, 2.18796, 18.3409, 20.2084, -123.007, 19.7521, 88.8028, 0.0570819, 116.987, 0.641037, -34.6175, 0.637224, 179.269
2363, 39.38333, 2.18564, 18.093, 20.2252, -123.054, 19.8357, 88.6615, 0.0570755, 116.755, 0.641645, -34.6635, 0.640105, 179.12
2364, 39.39167, 2.18327, 17.8451, 20.2419, -123.103, 19.919, 88.5181, 0.0570681, 116.523, 0.642252, -34.7101, 0.642979, 178.969
2364, 39.40000, 2.18086, 17.5972, 20.2586, -123.152, 20.002, 88.3727, 0.0570597, 116.291, 0.642859, -34.7575, 0.645846, 178.816
2365, 39.40833, 2.17839, 17.3495, 20.2752, -123.202, 20.0848, 88.2252, 0.0570502, 116.059, 0.643463, -34.8056, 0.648704, 178.661
2365, 39.41667, 2.17587, 17.1018, 20.2918, -123.253, 20.1672, 88.0757, 0.0570397, 115.827, 0.644067, -34.8545, 0.651555, 178.504
2366, 39.42500, 2.1733, 16.8543, 20.3084, -123.305, 20.2494, 87.9242, 0.0570281, 115.595, 0.644669, -34.904, 0.654396, 178.345
2366, 39.43333, 2.17068, 16.6068, 20.3248, -123.358, 20.3313, 87.7707, 0.0570155, 115.363, 0.645269, -34.9543, 0.657228, 178.184
2366, 39.44167, 2.16801, 16.3595, 20.3412, -123.411, 20.4128, 87.6152, 0.0570017, 115.131, 0.645867, -35.0053, 0.660051, 178.021
2367, 39.45000, 2.16529, 16.1124, 20.3575, -123.465, 20.494, 87.4579, 0.0569869, 114.899, 0.646463, -35.057, 0.662863, 177.856
2368, 39.45833, 2.16251, 15.8655, 20.3737, -123.52, 20.5748, 87.2986, 0.056971, 114.667, 0.647057, -35.1095, 0.665664, 177.69
2368, 39.46667, 2.15968, 15.6188, 20.3899, -123.576, 20.6553, 87.1375, 0.056954, 114.435, 0.647648, -35.1627, 0.668455, 177.521
2369, 39.47500, 2.15681, 15.3723, 20.4059, -123.632, 20.7353, 86.9745, 0.0569359, 114.203, 0.648237, -35.2166, 0.671233, 177.351
2369, 39.48333, 2.15388, 15.126, 20.4218, -123.69, 20.815, 86.8097, 0.0569167, 113.972, 0.648823, -35.2712, 0.674, 177.179
2370, 39.49167, 2.1509, 14.88, 20.4377, -123.748, 20.8943, 86.6431, 0.0568964, 113.74, 0.649406, -35.3266, 0.676754, 177.005
2370, 39.50000, 2.14786, 14.6343, 20.4534, -123.807, 20.9731, 86.4747, 0.0568749, 113.509, 0.649986, -35.3826, 0.679496, 176.83
2370, 39.50833, 2.14478, 14.3889, 20.469, -123.867, 21.0515, 86.3046, 0.0568523, 113.278, 0.650563, -35.4394, 0.682223, 176.652
2371, 39.51667, 2.14164, 14.1438, 20.4844, -123.927, 21.1294, 86.1328, 0.0568286, 113.047, 0.651136, -35.4969, 0.684938, 176.473
2372, 39.52500, 2.13845, 13.8991, 20.4998, -123.988, 21.2069, 85.9593, 0.0568038, 112.816, 0.651706, -35.555, 0.687637, 176.293
2372, 39.53333, 2.13521, 13.6547, 20.515, -124.051, 21.2839, 85.7841, 0.0567778, 112.586, 0.652272, -35.6139, 0.690322, 176.111
2373, 39.54167, 2.13192, 13.4107, 20.53, -124.113, 21.3604, 85.6073, 0.0567506, 112.355, 0.652834, -35.6735, 0.692992, 175.927
2373, 39.55000, 2.12857, 13.1672, 20.545, -124.177, 21.4363, 85.4289, 0.0567223, 112.125, 0.653392, -35.7337, 0.695646, 175.742
2374, 39.55833, 2.12518, 12.9241, 20.5597, -124.241, 21.5118, 85.2489, 0.0566929, 111.895, 0.653946, -35.7947, 0.698283, 175.555
2374, 39.56667, 2.12173, 12.6814, 20.5743, -124.307, 21.5867, 85.0674, 0.0566622, 111.666, 0.654495, -35.8563, 0.700905, 175.367
2374, 39.57500, 2.11823, 12.4392, 20.5888, -124.372, 21.6611, 84.8844, 0.0566305, 111.437, 0.65504, -35.9186, 0.703509, 175.177
2375, 39.58333, 2.11468, 12.1975, 20.6031, -124.439, 21.7349, 84.6999, 0.0565976, 111.208, 0.65558, -35.9816, 0.706096, 174.986
2376, 39.59167, 2.11108, 11.9564, 20.6172, -124.506, 21.8082, 84.5139, 0.0565635, 110.979, 0.656115, -36.0452, 0.708666, 174.793
2376, 39.60000, 2.10743, 11.7158, 20.6311, -124.574, 21.8808, 84.3265, 0.0565282, 110.751, 0.656645, -36.1095, 0.711216, 174.599
2377, 39.60833, 2.10373, 11.4758, 20.6448, -124.643, 21.9529, 84.1378, 0.0564918, 110.523, 0.65717, -36.1744, 0.713749, 174.404
2377, 39.61667, 2.09998, 11.2363, 20.6584, -124.713, 22.0243, 83.9476, 0.0564543, 110.295, 0.657689, -36.24, 0.716262, 174.207
2378, 39.62500, 2.09617, 10.9975, 20.6717, -124.783, 22.0951, 83.7561, 0.0564155, 110.068, 0.658203, -36.3062, 0.718756, 174.009
2378, 39.63333, 2.09232, 10.7594, 20.6849, -124.854, 22.1653, 83.5633, 0.0563757, 109.842, 0.658711, -36.3731, 0.721229, 173.81
2378, 39.64167, 2.08842, 10.5218, 20.6978, -124.925, 22.2349, 83.3693, 0.0563346, 109.616, 0.659214, -36.4405, 0.723683, 173.609
2379, 39.65000, 2.08447, 10.285, 20.7106, -124.998, 22.3038, 83.174, 0.0562924, 109.39, 0.65971, -36.5086, 0.726116, 173.407
2380, 39.65833, 2.08047, 10.049, 20.7231, -125.071, 22.372, 82.9775, 0.0562491, 109.165, 0.6602, -36.5772, 0.728528, 173.205
2380, 39.66667, 2.07642, 9.8136, 20.7354, -125.144, 22.4395, 82.7798, 0.0562046, 108.94, 0.660684, -36.6465, 0.730919, 173.001
2381, 39.67500, 2.07233, 9.57903, 20.7475, -125.218, 22.5064, 82.5809, 0.0561589, 108.716, 0.661161, -36.7163, 0.733288, 172.795
2381, 39.68333, 2.06818, 9.34525, 20.7593, -125.293, 22.5725, 82.381, 0.0561122, 108.492, 0.661632, -36.7867, 0.735634, 172.589
2382, 39.69167, 2.06399, 9.11225, 20.7709, -125.369, 22.638, 82.1799, 0.0560642, 108.269, 0.662096, -36.8577, 0.737959, 172.382
2382, 39.70000, 2.05976, 8.88012, 20.7823, -125.445, 22.7027, 81.9778, 0.0560152, 108.047, 0.662553, -36.9292, 0.74026, 172.174
2383, 39.70833, 2.05547, 8.64885, 20.7934, -125.521, 22.7667, 81.7747, 0.055965, 107.825, 0.663004, -37.0013, 0.742538, 171.964
2383, 39.71667, 2.05114, 8.41845, 20.8043, -125.599, 22.8299, 81.5706, 0.0559137, 107.604, 0.663447, -37.0739, 0.744793, 171.754
2384, 39.72500, 2.04677, 8.18898, 20.8149, -125.677, 22.8924, 81.3655, 0.0558613, 107.383, 0.663882, -37.147, 0.747024, 171.543
2384, 39.73333, 2.04235, 7.96045, 20.8253, -125.755, 22.9541, 81.1596, 0.0558078, 107.163, 0.664311, -37.2207, 0.749231, 171.331
2385, 39.74167, 2.03789, 7.73285, 20.8354, -125.834, 23.0151, 80.9527, 0.0557532, 106.944, 0.664732, -37.2948, 0.751413, 171.118
2385, 39.75000, 2.03338, 7.50626, 20.8453, -125.913, 23.0753, 80.7449, 0.0556975, 106.725, 0.665145, -37.3694, 0.753571, 170.905
2386, 39.75833, 2.02883, 7.28068, 20.8548, -125.993, 23.1347, 80.5363, 0.0556407, 106.508, 0.665551, -37.4445, 0.755704, 170.69
2386, 39.76667, 2.02424, 7.05611, 20.8642, -126.074, 23.1933, 80.3269, 0.0555828, 106.291, 0.665948, -37.5201, 0.757811, 170.475
2387, 39.77500, 2.01961, 6.83262, 20.8732, -126.155, 23.2511, 80.1168, 0.0555239, 106.074, 0.666338, -37.5961, 0.759893, 170.259
2387, 39.78333, 2.01494, 6.61021, 20.8819, -126.237, 23.3081, 79.9059, 0.0554639, 105.859, 0.66672, -37.6726, 0.761949, 170.042
2388, 39.79167, 2.01022, 6.38888, 20.8904, -126.319, 23.3643, 79.6943, 0.0554029, 105.644, 0.667093, -37.7495, 0.76398, 169.825
2388, 39.80000, 2.00547, 6.16871, 20.8986, -126.401, 23.4196, 79.482, 0.0553409, 105.43, 0.667458, -37.8268, 0.765984, 169.607
2389, 39.80833, 2.00068, 5.94969, 20.9065, -126.484, 23.4741, 79.2691, 0.0552778, 105.217, 0.667815, -37.9045, 0.767961, 169.388
2389, 39.81667, 1.99584, 5.73182, 20.9141, -126.567, 23.5278, 79.0556, 0.0552137, 105.005, 0.668163, -37.9826, 0.769912, 169.169
2390, 39.82500, 1.99098, 5.51517, 20.9214, -126.651, 23.5807, 78.8415, 0.0551486, 104.794, 0.668503, -38.061, 0.771835, 168.95
2390, 39.83333, 1.98607, 5.29974, 20.9284, -126.735, 23.6327, 78.6269, 0.0550825, 104.583, 0.668834, -38.1399, 0.773732, 168.729
2391, 39.84167, 1.98113, 5.08554, 20.9352, -126.82, 23.6839, 78.4117, 0.0550155, 104.374, 0.669157, -38.2191, 0.775601, 168.509
2391, 39.85000, 1.97615, 4.87263, 20.9416, -126.905, 23.7342, 78.196, 0.0549475, 104.165, 0.66947, -38.2986, 0.777443, 168.288
2392, 39.85833, 1.97114, 4.661, 20.9477, -126.99, 23.7836, 77.9799, 0.0548785, 103.957, 0.669775, -38.3785, 0.779257, 168.066
2392, 39.86667, 1.9661, 4.45067, 20.9535, -127.076, 23.8322, 77.7634, 0.0548086, 103.751, 0.670071, -38.4587, 0.781043, 167.844
2393, 39.87500, 1.96102, 4.24169, 20.959, -127.162, 23.8799, 77.5465, 0.0547378, 103.545, 0.670358, -38.5391, 0.782801, 167.622
2393, 39.88333, 1.95591, 4.03407, 20.9642, -127.248, 23.9267, 77.3292, 0.0546661, 103.34, 0.670635, -38.6199, 0.784531, 167.399
2394, 39.89167, 1.95077, 3.8278, 20.9691, -127.335, 23.9726, 77.1116, 0.0545935, 103.136, 0.670904, -38.701, 0.786233, 167.176
2394, 39.90000, 1.9456, 3.62296, 20.9736, -127.422, 24.0177, 76.8936, 0.05452, 102.934, 0.671163, -38.7822, 0.787906, 166.953
2395, 39.90833, 1.9404, 3.41953, 20.9779, -127.509, 24.0619, 76.6755, 0.0544457, 102.732, 0.671414, -38.8638, 0.789551, 166.73
2395, 39.91667, 1.93517, 3.21752, 20.9818, -127.597, 24.1052, 76.457, 0.0543705, 102.532, 0.671655, -38.9456, 0.791168, 166.506
2396, 39.92500, 1.92992, 3.017, 20.9854, -127.684, 24.1476, 76.2383, 0.0542945, 102.332, 0.671886, -39.0276, 0.792755, 166.282
2396, 39.93333, 1.92463, 2.81795, 20.9887, -127.772, 24.1891, 76.0195, 0.0542177, 102.134, 0.672108, -39.1098, 0.794314, 166.058
2397, 39.94167, 1.91933, 2.62038, 20.9917, -127.86, 24.2298, 75.8005, 0.0541401, 101.937, 0.672321, -39.1922, 0.795845, 165.834
2397, 39.95000, 1.91399, 2.42436, 20.9944, -127.949, 24.2695, 75.5814, 0.0540617, 101.74, 0.672525, -39.2747, 0.797346, 165.61
2398, 39.95833, 1.90863, 2.22987, 20.9967, -128.037, 24.3084, 75.3622, 0.0539826, 101.545, 0.672719, -39.3575, 0.798818, 165.386
2398, 39.96667, 1.90325, 2.03692, 20.9987, -128.126, 24.3463, 75.1428, 0.0539027, 101.352, 0.672903, -39.4404, 0.800262, 165.162
2399, 39.97500, 1.89785, 1.84556, 21.0004, -128.215, 24.3834, 74.9235, 0.0538221, 101.159, 0.673078, -39.5234, 0.801676, 164.937
2399, 39.98333, 1.89243, 1.6558, 21.0018, -128.304, 24.4195, 74.7042, 0.0537408, 100.967, 0.673244, -39.6065, 0.803062, 164.713
2400, 39.99167, 1.88698, 1.46762, 21.0028, -128.393, 24.4548, 74.4848, 0.0536587, 100.777, 0.6734, -39.6898, 0.804418, 164.489
2400, 40.00000, 1.88152, 1.2811, 21.0036, -128.482, 24.4892, 74.2655, 0.0535761, 100.588, 0.673547, -39.7731, 0.805746, 164.265
2401, 40.00833, 1.87604, 1.09621, 21.004, -128.572, 24.5227, 74.0462, 0.0534928, 100.4, 0.673684, -39.8566, 0.807044, 164.041
2401, 40.01667, 1.87054, 0.912968, 21.004, -128.661, 24.5553, 73.827, 0.0534088, 100.214, 0.673812, -39.9401, 0.808314, 163.817
2402, 40.02500, 1.86502, 0.731422, 21.0038, -128.751, 24.587, 73.608, 0.0533243, 100.028, 0.67393, -40.0237, 0.809555, 163.593
2402, 40.03333, 1.85949, 0.551566, 21.0033, -128.841, 24.6178, 73.3891, 0.0532391, 99.8442, 0.674038, -40.1073, 0.810766, 163.369
2403, 40.04167, 1.85394, 0.373395, 21.0024, -128.93, 24.6478, 73.1703, 0.0531534, 99.6613, 0.674137, -40.191, 0.811949, 163.146
2403, 40.05000, 1.84839, 0.196966, 21.0012, -129.02, 24.6768, 72.9518, 0.0530671, 99.4798, 0.674227, -40.2746, 0.813104, 162.922
2404, 40.05833, 1.84281, 0.022271, 20.9997, -129.11, 24.705, 72.7335, 0.0529803, 99.2995, 0.674307, -40.3583, 0.814229, 162.699
2404, 40.06667, 1.83723, -0.150697, 20.9979, -129.199, 24.7323, 72.5154, 0.0528929, 99.1205, 0.674378, -40.442, 0.815326, 162.477
2405, 40.07500, 1.83163, -0.321882, 20.9957, -129.289, 24.7587, 72.2975, 0.0528051, 98.9429, 0.67444, -40.5256, 0.816394, 162.254
2405, 40.08333, 1.82603, -0.491294, 20.9933, -129.379, 24.7843, 72.08, 0.0527168, 98.7665, 0.674492, -40.6092, 0.817434, 162.032
2406, 40.09167, 1.82042, -0.65894, 20.9905, -129.468, 24.809, 71.8627, 0.052628, 98.5915, 0.674535, -40.6928, 0.818446, 161.811
2406, 40.10000, 1.8148, -0.824769, 20.9874, -129.558, 24.8328, 71.6458, 0.0525388, 98.4179, 0.674568, -40.7764, 0.819429, 161.589
2407, 40.10833, 1.80917, -0.988788, 20.984, -129.648, 24.8557, 71.4293, 0.0524492, 98.2456, 0.674593, -40.8598, 0.820384, 161.368
2407, 40.11667, 1.80353, -1.15101, 20.9803, -129.737, 24.8779, 71.2131, 0.0523591, 98.0746, 0.674608, -40.9432, 0.821311, 161.148
2408, 40.12500, 1.79789, -1.31138, 20.9763, -129.826, 24.8991, 70.9973, 0.0522687, 97.905, 0.674614, -41.0265, 0.822211, 160.927
2408, 40.13333, 1.79225, -1.46991, 20.972, -129.916, 24.9195, 70.7819, 0.052178, 97.7367, 0.674611, -41.1097, 0.823082, 160.708
2409, 40.14167, 1.78661, -1.62661, 20.9674, -130.005, 24.9391, 70.567, 0.0520869, 97.5699, 0.674598, -41.1928, 0.823926, 160.488
2409, 40.15000, 1.78096, -1.78143, 20.9624, -130.094, 24.9578, 70.3525, 0.0519954, 97.4044, 0.674577, -41.2757, 0.824743, 160.27
2410, 40.15833, 1.77531, -1.93439, 20.9572, -130.183, 24.9757, 70.1385, 0.0519037, 97.2403, 0.674547, -41.3585, 0.825532, 160.051
2410, 40.16667, 1.76966, -2.0855, 20.9517, -130.272, 24.9928, 69.925, 0.0518117, 97.0776, 0.674508, -41.4412, 0.826295, 159.834
2411, 40.17500, 1.76401, -2.2347, 20.9459, -130.36, 25.0091, 69.712, 0.0517194, 96.9163, 0.67446, -41.5237, 0.82703, 159.616
2411, 40.18333, 1.75836, -2.38202, 20.9398, -130.449, 25.0245, 69.4996, 0.0516269, 96.7564, 0.674404, -41.6061, 0.827739, 159.4
2412, 40.19167, 1.75271, -2.52746, 20.9334, -130.537, 25.0392, 69.2877, 0.0515342, 96.5979, 0.674339, -41.6883, 0.828421, 159.184
2412, 40.20000, 1.74707, -2.67098, 20.9267, -130.625, 25.053, 69.0764, 0.0514413, 96.4409, 0.674265, -41.7703, 0.829076, 158.968
2413, 40.20833, 1.74143, -2.8126, 20.9198, -130.713, 25.0661, 68.8656, 0.0513481, 96.2852, 0.674183, -41.8521, 0.829706, 158.753
2413, 40.21667, 1.7358, -2.95233, 20.9125, -130.801, 25.0783, 68.6555, 0.0512548, 96.131, 0.674092, -41.9336, 0.83031, 158.539
2414, 40.22500, 1.73017, -3.09012, 20.905, -130.888, 25.0898, 68.446, 0.0511614, 95.9782, 0.673993, -42.015, 0.830888, 158.326
2414, 40.23333, 1.72455, -3.226, 20.8972, -130.975, 25.1005, 68.2371, 0.0510678, 95.8268, 0.673885, -42.0962, 0.83144, 158.113
2415, 40.24167, 1.71893, -3.35997, 20.8891, -131.062, 25.1105, 68.0289, 0.0509742, 95.6768, 0.673769, -42.1771, 0.831967, 157.901
2415, 40.25000, 1.71333, -3.492, 20.8808, -131.149, 25.1196, 67.8214, 0.0508804, 95.5282, 0.673646, -42.2577, 0.832469, 157.689
2416, 40.25833, 1.70773, -3.62211, 20.8722, -131.236, 25.1281, 67.6145, 0.0507865, 95.3811, 0.673514, -42.3382, 0.832946, 157.478
2416, 40.26667, 1.70214, -3.7503, 20.8633, -131.322, 25.1358, 67.4083, 0.0506926, 95.2354, 0.673374, -42.4183, 0.833399, 157.268
2417, 40.27500, 1.69657, -3.87655, 20.8541, -131.408, 25.1427, 67.2029, 0.0505987, 95.0911, 0.673226, -42.4982, 0.833827, 157.059
2417, 40.28333, 1.691, -4.00087, 20.8448, -131.493, 25.1489, 66.9982, 0.0505048, 94.9483, 0.673071, -42.5778, 0.834231, 156.85
2418, 40.29167, 1.68545, -4.12327, 20.8351, -131.579, 25.1544, 66.7942, 0.0504108, 94.8069, 0.672907, -42.6572, 0.834611, 156.642
2418, 40.30000, 1.67991, -4.24373, 20.8252, -131.664, 25.1592, 66.591, 0.0503169, 94.6669, 0.672737, -42.7362, 0.834967, 156.435
2419, 40.30833, 1.67438, -4.36226, 20.815, -131.749, 25.1633, 66.3885, 0.0502229, 94.5284, 0.672558, -42.8149, 0.8353, 156.229
2419, 40.31667, 1.66887, -4.47887, 20.8046, -131.833, 25.1666, 66.1868, 0.0501291, 94.3912, 0.672372, -42.8934, 0.83561, 156.024
2420, 40.32500, 1.66337, -4.59354, 20.794, -131.917, 25.1693, 65.9859, 0.0500353, 94.2555, 0.672179, -42.9715, 0.835896, 155.819
2420, 40.33333, 1.65789, -4.70629, 20.7831, -132.001, 25.1713, 65.7858, 0.0499416, 94.1212, 0.671979, -43.0493, 0.836161, 155.615
2421, 40.34167, 1.65243, -4.81713, 20.772, -132.084, 25.1727, 65.5865, 0.0498479, 93.9883, 0.671771, -43.1268, 0.836402, 155.412
2421, 40.35000, 1.64698, -4.92604, 20.7607, -132.167, 25.1733, 65.3881, 0.0497544, 93.8569, 0.671557, -43.2039, 0.836622, 155.21
2422, 40.35833, 1.64155, -5.03303, 20.7491, -132.25, 25.1734, 65.1905, 0.0496611, 93.7269, 0.671335, -43.2807, 0.83682, 155.009
2422, 40.36667, 1.63614, -5.13812, 20.7373, -132.332, 25.1727, 64.9937, 0.0495678, 93.5982, 0.671107, -43.3572, 0.836996, 154.808
2423, 40.37500, 1.63075, -5.24129, 20.7253, -132.414, 25.1714, 64.7977, 0.0494747, 93.471, 0.670872, -43.4333, 0.837151, 154.609
2423, 40.38333, 1.62538, -5.34255, 20.713, -132.496, 25.1695, 64.6027, 0.0493819, 93.3452, 0.67063, -43.509, 0.837284, 154.41
2424, 40.39167, 1.62003, -5.44193, 20.7006, -132.577, 25.167, 64.4084, 0.0492891, 93.2207, 0.670382, -43.5844, 0.837397, 154.212
2424, 40.40000, 1.6147, -5.53941, 20.6879, -132.658, 25.1638, 64.2151, 0.0491966, 93.0977, 0.670127, -43.6594, 0.83749, 154.016
2425, 40.40833, 1.60939, -5.635, 20.675, -132.739, 25.1601, 64.0227, 0.0491043, 92.9761, 0.669866, -43.734, 0.837562, 153.82
2425, 40.41667, 1.60411, -5.72872, 20.662, -132.819, 25.1557, 63.8312, 0.0490123, 92.8558, 0.669599, -43.8083, 0.837614, 153.625
2426, 40.42500, 1.59884, -5.82055, 20.6487, -132.898, 25.1508, 63.6405, 0.0489205, 92.7369, 0.669325, -43.8822, 0.837646, 153.43
2426, 40.43333, 1.5936, -5.91052, 20.6352, -132.978, 25.1453, 63.4508, 0.0488289, 92.6194, 0.669046, -43.9557, 0.837659, 153.237
2427, 40.44167, 1.58839, -5.99864, 20.6215, -133.056, 25.1392, 63.262, 0.0487376, 92.5032, 0.668761, -44.0288, 0.837653, 153.045
2427, 40.45000, 1.5832, -6.0849, 20.6077, -133.135, 25.1325, 63.0741, 0.0486467, 92.3884, 0.668469, -44.1015, 0.837628, 152.854
2428, 40.45833, 1.57803, -6.16931, 20.5936, -133.213, 25.1253, 62.8872, 0.048556, 92.275, 0.668172, -44.1738, 0.837584, 152.663
2428, 40.46667, 1.57289, -6.2519, 20.5794, -133.29, 25.1175, 62.7011, 0.0484656, 92.1629, 0.66787, -44.2457, 0.837522, 152.474
2429, 40.47500, 1.56777, -6.33266, 20.565, -133.368, 25.1092, 62.516, 0.0483755, 92.0521, 0.667561, -44.3172, 0.837442, 152.286
2429, 40.48333, 1.56268, -6.4116, 20.5504, -133.444, 25.1004, 62.3319, 0.0482858, 91.9427, 0.667248, -44.3882, 0.837344, 152.098
2430, 40.49167, 1.55762, -6.48875, 20.5356, -133.521, 25.0911, 62.1487, 0.0481964, 91.8346, 0.666929, -44.4589, 0.837229, 151.912
2430, 40.50000, 1.55259, -6.56409, 20.5207, -133.596, 25.0812, 61.9665, 0.0481074, 91.7278, 0.666605, -44.5292, 0.837096, 151.726
2431, 40.50833, 1.54758, -6.63764, 20.5056, -133.672, 25.0709, 61.7852, 0.0480187, 91.6223, 0.666276, -44.599, 0.836947, 151.542
2431, 40.51667, 1.5426, -6.70943, 20.4903, -133.747, 25.06, 61.6049, 0.0479304, 91.5181, 0.665941, -44.6684, 0.83678, 151.358
2432, 40.52500, 1.53765, -6.77945, 20.4749, -133.821, 25.0486, 61.4256, 0.0478425, 91.4152, 0.665602, -44.7374, 0.836598, 151.176
2432, 40.53333, 1.53272, -6.84771, 20.4593, -133.895, 25.0368, 61.2472, 0.0477551, 91.3136, 0.665258, -44.8059, 0.836399, 150.994
2433, 40.54167, 1.52783, -6.91425, 20.4436, -133.969, 25.0245, 61.0698, 0.047668, 91.2132, 0.664909, -44.8741, 0.836184, 150.813
2433, 40.55000, 1.52297, -6.97904, 20.4277, -134.042, 25.0118, 60.8934, 0.0475813, 91.1142, 0.664556, -44.9418, 0.835953, 150.634
2434, 40.55833, 1.51813, -7.04212, 20.4117, -134.115, 24.9986, 60.7179, 0.0474951, 91.0164, 0.664198, -45.009, 0.835708, 150.455
2434, 40.56667, 1.51333, -7.10351, 20.3955, -134.187, 24.9849, 60.5435, 0.0474093, 90.9198, 0.663835, -45.0758, 0.835447, 150.278
2435, 40.57500, 1.50856, -7.16319, 20.3792, -134.259, 24.9708, 60.37, 0.0473239, 90.8245, 0.663469, -45.1422, 0.835171, 150.101
2435, 40.58333, 1.50381, -7.2212, 20.3628, -134.33, 24.9563, 60.1975, 0.047239, 90.7304, 0.663098, -45.2082, 0.834881, 149.926
2436, 40.59167, 1.4991, -7.27755, 20.3462, -134.401, 24.9414, 60.026, 0.0471546, 90.6375, 0.662722, -45.2737, 0.834576, 149.751
2436, 40.60000, 1.49442, -7.33224, 20.3295, -134.471, 24.926, 59.8555, 0.0470706, 90.5458, 0.662343, -45.3387, 0.834257, 149.578
2437, 40.60833, 1.48977, -7.3853, 20.3127, -134.541, 24.9103, 59.686, 0.0469871, 90.4553, 0.66196, -45.4034, 0.833925, 149.405
2437, 40.61667, 1.48515, -7.43674, 20.2957, -134.611, 24.8941, 59.5175, 0.0469041, 90.366, 0.661573, -45.4675, 0.833579, 149.233
2438, 40.62500, 1.48057, -7.48656, 20.2787, -134.68, 24.8776, 59.3499, 0.0468216, 90.2779, 0.661182, -45.5313, 0.83322, 149.063
2438, 40.63333, 1.47602, -7.53479, 20.2615, -134.748, 24.8606, 59.1834, 0.0467396, 90.1909, 0.660788, -45.5945, 0.832848, 148.893
2439, 40.64167, 1.4715, -7.58144, 20.2442, -134.816, 24.8433, 59.0178, 0.0466581, 90.1051, 0.66039, -45.6574, 0.832463, 148.725
2439, 40.65000, 1.46701, -7.62653, 20.2268, -134.884, 24.8257, 58.8533, 0.0465771, 90.0205, 0.659988, -45.7198, 0.832065, 148.557
2439, 40.65833, 1.46256, -7.67006, 20.2092, -134.951, 24.8076, 58.6897, 0.0464966, 89.937, 0.659583, -45.7817, 0.831655, 148.391
2440, 40.66667, 1.45813, -7.71207, 20.1916, -135.018, 24.7893, 58.5271, 0.0464167, 89.8546, 0.659175, -45.8432, 0.831233, 148.226
2441, 40.67500, 1.45375, -7.75255, 20.1739, -135.084, 24.7705, 58.3656, 0.0463373, 89.7733, 0.658763, -45.9043, 0.8308, 148.061
2441, 40.68333, 1.44939, -7.79153, 20.1561, -135.149, 24.7515, 58.205, 0.0462584, 89.6931, 0.658348, -45.9649, 0.830354, 147.898
2442, 40.69167, 1.44507, -7.82903, 20.1381, -135.215, 24.7321, 58.0454, 0.0461801, 89.614, 0.65793, -46.025, 0.829898, 147.735
2442, 40.70000, 1.44078, -7.86504, 20.1201, -135.279, 24.7124, 57.8868, 0.0461023, 89.536, 0.65751, -46.0847, 0.82943, 147.574
2443, 40.70833, 1.43653, -7.89961, 20.102, -135.344, 24.6924, 57.7292, 0.046025, 89.4591, 0.657086, -46.144, 0.828951, 147.413
2443, 40.71667, 1.43231, -7.93273, 20.0838, -135.407, 24.672, 57.5726, 0.0459484, 89.3832, 0.656659, -46.2028, 0.828462, 147.254
2443, 40.72500, 1.42813, -7.96443, 20.0655, -135.471, 24.6514, 57.4169, 0.0458723, 89.3084, 0.65623, -46.2611, 0.827963, 147.096
2444, 40.73333, 1.42397, -7.99473, 20.0472, -135.534, 24.6305, 57.2623, 0.0457967, 89.2346, 0.655798, -46.3191, 0.827453, 146.938
2445, 40.74167, 1.41986, -8.02363, 20.0287, -135.596, 24.6092, 57.1086, 0.0457217, 89.1618, 0.655363, -46.3765, 0.826933, 146.782
2445, 40.75000, 1.41577, -8.05116, 20.0102, -135.658, 24.5878, 56.9559, 0.0456473, 89.0901, 0.654926, -46.4336, 0.826404, 146.626
2446, 40.75833, 1.41173, -8.07734, 19.9916, -135.719, 24.566, 56.8042, 0.0455735, 89.0193, 0.654487, -46.4901, 0.825865, 146.472
2446, 40.76667, 1.40771, -8.10217, 19.9729, -135.78, 24.5439, 56.6535, 0.0455003, 88.9496, 0.654045, -46.5463, 0.825316, 146.318
2447, 40.77500, 1.40373, -8.12568, 19.9542, -135.841, 24.5216, 56.5037, 0.0454276, 88.8808, 0.653601, -46.602, 0.824759, 146.166
2447, 40.78333, 1.39979, -8.14788, 19.9354, -135.901, 24.4991, 56.355, 0.0453555, 88.813, 0.653155, -46.6572, 0.824193, 146.015
2447, 40.79167, 1.39588, -8.1688, 19.9165, -135.96, 24.4763, 56.2071, 0.045284, 88.7461, 0.652706, -46.712, 0.823618, 145.864
2448, 40.80000, 1.392, -8.18844, 19.8976, -136.019, 24.4532, 56.0603, 0.0452132, 88.6802, 0.652255, -46.7664, 0.823034, 145.715
2449, 40.80833, 1.38816, -8.20683, 19.8786, -136.078, 24.43, 55.9144, 0.0451429, 88.6152, 0.651803, -46.8203, 0.822443, 145.566
2449, 40.81667, 1.38435, -8.22398, 19.8596, -136.136, 24.4065, 55.7695, 0.0450732, 88.5511, 0.651348, -46.8738, 0.821843, 145.419
2450, 40.82500, 1.38058, -8.23991, 19.8405, -136.194, 24.3827, 55.6256, 0.0450041, 88.488, 0.650892, -46.9269, 0.821235, 145.272
2450, 40.83333, 1.37684, -8.25464, 19.8213, -136.251, 24.3588, 55.4826, 0.0449356, 88.4257, 0.650434, -46.9795, 0.82062, 145.126
2451, 40.84167, 1.37314, -8.26818, 19.8021, -136.308, 24.3346, 55.3405, 0.0448677, 88.3643, 0.649974, -47.0317, 0.819997, 144.982
2451, 40.85000, 1.36947, -8.28056, 19.7828, -136.364, 24.3102, 55.1994, 0.0448004, 88.3038, 0.649513, -47.0835, 0.819367, 144.838
2451, 40.85833, 1.36584, -8.29178, 19.7635, -136.42, 24.2857, 55.0592, 0.0447337, 88.2442, 0.64905, -47.1348, 0.818729, 144.696
2452, 40.86667, 1.36224, -8.30187, 19.7442, -136.475, 24.2609, 54.92, 0.0446676, 88.1854, 0.648585, -47.1857, 0.818085, 144.554
2453, 40.87500, 1.35867, -8.31085, 19.7248, -136.53, 24.2359, 54.7817, 0.0446022, 88.1274, 0.648119, -47.2362, 0.817434, 144.413
2453, 40.88333, 1.35514, -8.31872, 19.7054, -136.585, 24.2108, 54.6444, 0.0445373, 88.0703, 0.647651, -47.2863, 0.816777, 144.273
2454, 40.89167, 1.35165, -8.32552, 19.6859, -136.639, 24.1855, 54.508, 0.0444731, 88.014, 0.647182, -47.3359, 0.816113, 144.134
2454, 40.90000, 1.34818, -8.33125, 19.6664, -136.693, 24.16, 54.3725, 0.0444094, 87.9585, 0.646712, -47.3851, 0.815442, 143.996
2455, 40.90833, 1.34476, -8.33593, 19.6469, -136.746, 24.1343, 54.238, 0.0443464, 87.9038, 0.646241, -47.4339, 0.814766, 143.859
2455, 40.91667, 1.34136, -8.33959, 19.6273, -136.799, 24.1085, 54.1043, 0.044284, 87.8499, 0.645768, -47.4823, 0.814084, 143.723
2455, 40.92500, 1.338, -8.34224, 19.6077, -136.851, 24.0825, 53.9716, 0.0442222, 87.7967, 0.645294, -47.5303, 0.813396, 143.588
2456, 40.93333, 1.33468, -8.34389, 19.5881, -136.903, 24.0563, 53.8398, 0.044161, 87.7443, 0.64482, -47.5778, 0.812703, 143.454
2457, 40.94167, 1.33138, -8.34456, 19.5684, -136.954, 24.03, 53.7089, 0.0441005, 87.6926, 0.644344, -47.625, 0.812004, 143.321
2457, 40.95000, 1.32813, -8.34428, 19.5487, -137.005, 24.0036, 53.5789, 0.0440405, 87.6417, 0.643867, -47.6717, 0.8113, 143.188
2458, 40.95833, 1.3249, -8.34305, 19.529, -137.056, 23.977, 53.4498, 0.0439812, 87.5916, 0.643389, -47.718, 0.81059, 143.057
2458, 40.96667, 1.32171, -8.3409, 19.5093, -137.106, 23.9503, 53.3215, 0.0439224, 87.5421, 0.642911, -47.7639, 0.809876, 142.926
2459, 40.97500, 1.31855, -8.33784, 19.4895, -137.155, 23.9235, 53.1942, 0.0438643, 87.4933, 0.642431, -47.8095, 0.809157, 142.796
2459, 40.98333, 1.31543, -8.33388, 19.4698, -137.205, 23.8965, 53.0678, 0.0438068, 87.4453, 0.641951, -47.8546, 0.808433, 142.668
2459, 40.99167, 1.31233, -8.32906, 19.45, -137.254, 23.8694, 52.9422, 0.0437499, 87.3979, 0.641471, -47.8993, 0.807705, 142.54
2460, 41.00000, 1.30928, -8.32337, 19.4302, -137.302, 23.8422, 52.8175, 0.0436936, 87.3511, 0.640989, -47.9436, 0.806973, 142.413
2461, 41.00833, 1.30625, -8.31685, 19.4104, -137.35, 23.8149, 52.6937, 0.0436379, 87.3051, 0.640507, -47.9875, 0.806236, 142.287
2461, 41.01667, 1.30326, -8.3095, 19.3905, -137.398, 23.7874, 52.5708, 0.0435829, 87.2597, 0.640024, -48.0311, 0.805495, 142.161
2462, 41.02500, 1.3003, -8.30135, 19.3707, -137.445, 23.7599, 52.4487, 0.0435284, 87.2149, 0.639541, -48.0742, 0.80475, 142.037
2462, 41.03333, 1.29737, -8.2924, 19.3509, -137.492, 23.7323, 52.3275, 0.0434745, 87.1708, 0.639057, -48.117, 0.804002, 141.914
2463, 41.04167, 1.29447, -8.28268, 19.331, -137.538, 23.7045, 52.2071, 0.0434213, 87.1272, 0.638573, -48.1594, 0.803249, 141.791
2463, 41.05000, 1.29161, -8.27221, 19.3111, -137.584, 23.6767, 52.0875, 0.0433686, 87.0843, 0.638089, -48.2014, 0.802494, 141.669
2463, 41.05833, 1.28878, -8.26099, 19.2913, -137.629, 23.6488, 51.9689, 0.0433166, 87.042, 0.637604, -48.243, 0.801734, 141.548
2464, 41.06667, 1.28598, -8.24905, 19.2714, -137.675, 23.6208, 51.851, 0.0432651, 87.0003, 0.637118, -48.2842, 0.800972, 141.428
2465, 41.07500, 1.28321, -8.23639, 19.2515, -137.719, 23.5927, 51.734, 0.0432143, 86.9591, 0.636633, -48.3251, 0.800206, 141.309
2465, 41.08333, 1.28047, -8.22305, 19.2317, -137.764, 23.5645, 51.6178, 0.043164, 86.9186, 0.636147, -48.3656, 0.799437, 141.191
2466, 41.09167, 1.27777, -8.20903, 19.2118, -137.808, 23.5363, 51.5024, 0.0431144, 86.8785, 0.635661, -48.4057, 0.798665, 141.073
2466, 41.10000, 1.27509, -8.19434, 19.1919, -137.851, 23.5079, 51.3879, 0.0430653, 86.8391, 0.635175, -48.4455, 0.797891, 140.956
2467, 41.10833, 1.27245, -8.17901, 19.172, -137.895, 23.4796, 51.2742, 0.0430168, 86.8001, 0.634689, -48.4848, 0.797113, 140.84
2467, 41.11667, 1.26984, -8.16305, 19.1522, -137.937, 23.4511, 51.1612, 0.042969, 86.7617, 0.634202, -48.5239, 0.796333, 140.725
2467, 41.12500, 1.26725, -8.14648, 19.1323, -137.98, 23.4226, 51.0491, 0.0429217, 86.7238, 0.633716, -48.5625, 0.795551, 140.611
2468, 41.13333, 1.2647, -8.1293, 19.1124, -138.022, 23.394, 50.9378, 0.042875, 86.6864, 0.633229, -48.6008, 0.794766, 140.498
2469, 41.14167, 1.26218, -8.11154, 19.0926, -138.063, 23.3654, 50.8273, 0.0428288, 86.6495, 0.632743, -48.6388, 0.793979, 140.385
2469, 41.15000, 1.25969, -8.09322, 19.0727, -138.105, 23.3367, 50.7175, 0.0427833, 86.6131, 0.632257, -48.6764, 0.79319, 140.273
2470, 41.15833, 1.25723, -8.07433, 19.0529, -138.146, 23.308, 50.6086, 0.0427383, 86.5772, 0.63177, -48.7136, 0.792398, 140.162
2470, 41.16667, 1.2548, -8.05491, 19.0331, -138.186, 23.2792, 50.5004, 0.0426939, 86.5418, 0.631284, -48.7505, 0.791605, 140.052
2471, 41.17500, 1.25239, -8.03496, 19.0133, -138.226, 23.2504, 50.393, 0.0426501, 86.5068, 0.630798, -48.7871, 0.790809, 139.942
2471, 41.18333, 1.25002, -8.01451, 18.9935, -138.266, 23.2215, 50.2863, 0.0426069, 86.4723, 0.630312, -48.8233, 0.790012, 139.834
2471, 41.19167, 1.24768, -7.99355, 18.9737, -138.306, 23.1926, 50.1805, 0.0425642, 86.4382, 0.629826, -48.8592, 0.789213, 139.726
2472, 41.20000, 1.24536, -7.97212, 18.9539, -138.345, 23.1637, 50.0753, 0.0425221, 86.4045, 0.62934, -48.8947, 0.788413, 139.618
2473, 41.20833, 1.24308, -7.95021, 18.9341, -138.383, 23.1347, 49.971, 0.0424805, 86.3713, 0.628855, -48.9299, 0.787611, 139.512
2473, 41.21667, 1.24082, -7.92785, 18.9144, -138.422, 23.1057, 49.8674, 0.0424396, 86.3385, 0.628369, -48.9648, 0.786808, 139.406
2474, 41.22500, 1.23859, -7.90506, 18.8946, -138.46, 23.0767, 49.7645, 0.0423991, 86.3061, 0.627885, -48.9993, 0.786003, 139.302
2474, 41.23333, 1.23639, -7.88183, 18.8749, -138.498, 23.0477, 49.6624, 0.0423593, 86.2741, 0.6274, -49.0335, 0.785197, 139.197
2475, 41.24167, 1.23421, -7.85819, 18.8552, -138.535, 23.0186, 49.5609, 0.0423199, 86.2425, 0.626916, -49.0674, 0.78439, 139.094
2475, 41.25000, 1.23207, -7.83416, 18.8355, -138.572, 22.9895, 49.4603, 0.0422812, 86.2112, 0.626432, -49.101, 0.783581, 138.991
2475, 41.25833, 1.22995, -7.80973, 18.8159, -138.609, 22.9604, 49.3603, 0.042243, 86.1804, 0.625948, -49.1342, 0.782772, 138.889
2476, 41.26667, 1.22786, -7.78493, 18.7962, -138.645, 22.9313, 49.2611, 0.0422053, 86.1499, 0.625465, -49.1671, 0.781962, 138.788
2477, 41.27500, 1.22579, -7.75978, 18.7766, -138.681, 22.9021, 49.1626, 0.0421682, 86.1198, 0.624983, -49.1997, 0.781151, 138.688
2477, 41.28333, 1.22376, -7.73427, 18.757, -138.716, 22.873, 49.0648, 0.0421316, 86.09, 0.6245, -49.232, 0.780339, 138.588
2478, 41.29167, 1.22175, -7.70843, 18.7374, -138.752, 22.8438, 48.9676, 0.0420956, 86.0606, 0.624019, -49.264, 0.779526, 138.489
2478, 41.30000, 1.21976, -7.68227, 18.7179, -138.787, 22.8146, 48.8712, 0.04206, 86.0315, 0.623537, -49.2957, 0.778713, 138.39
2479, 41.30833, 1.21781, -7.6558, 18.6984, -138.821, 22.7855, 48.7755, 0.0420251, 86.0027, 0.623057, -49.327, 0.777899, 138.293
2479, 41.31667, 1.21587, -7.62902, 18.6788, -138.856, 22.7563, 48.6805, 0.0419906, 85.9743, 0.622576, -49.3581, 0.777084, 138.196
2479, 41.32500, 1.21397, -7.60196, 18.6594, -138.89, 22.7271, 48.5861, 0.0419567, 85.9462, 0.622097, -49.3889, 0.776269, 138.1
2480, 41.33333, 1.21209, -7.57463, 18.6399, -138.923, 22.6979, 48.4925, 0.0419233, 85.9183, 0.621617, -49.4193, 0.775454, 138.004
2481, 41.34167, 1.21023, -7.54704, 18.6205, -138.957, 22.6687, 48.3995, 0.0418904, 85.8908, 0.621139, -49.4495, 0.774638, 137.909
2481, 41.35000, 1.2084, -7.51919, 18.6011, -138.99, 22.6396, 48.3071, 0.041858, 85.8636, 0.620661, -49.4794, 0.773823, 137.815
2482, 41.35833, 1.2066, -7.49111, 18.5817, -139.023, 22.6104, 48.2155, 0.0418262, 85.8366, 0.620184, -49.5089, 0.773007, 137.721
2482, 41.36667, 1.20482, -7.46279, 18.5623, -139.055, 22.5812, 48.1245, 0.0417948, 85.8099, 0.619707, -49.5382, 0.77219, 137.628
2483, 41.37500, 1.20306, -7.43426, 18.543, -139.087, 22.5521, 48.0341, 0.041764, 85.7835, 0.619231, -49.5672, 0.771374, 137.536
2483, 41.38333, 1.20133, -7.40552, 18.5237, -139.119, 22.523, 47.9444, 0.0417337, 85.7574, 0.618756, -49.5959, 0.770558, 137.445
2483, 41.39167, 1.19963, -7.37658, 18.5044, -139.151, 22.4938, 47.8553, 0.0417038, 85.7315, 0.618281, -49.6244, 0.769741, 137.354
2484, 41.40000, 1.19794, -7.34746, 18.4852, -139.182, 22.4647, 47.7669, 0.0416745, 85.7059, 0.617807, -49.6525, 0.768925, 137.264
2485, 41.40833, 1.19629, -7.31817, 18.466, -139.213, 22.4356, 47.6791, 0.0416457, 85.6805, 0.617333, -49.6804, 0.768109, 137.174
2485, 41.41667, 1.19465, -7.28871, 18.4468, -139.243, 22.4066, 47.592, 0.0416173, 85.6553, 0.616861, -49.708, 0.767293, 137.085
2486, 41.42500, 1.19304, -7.25909, 18.4277, -139.274, 22.3775, 47.5055, 0.0415895, 85.6304, 0.616389, -49.7353, 0.766478, 136.997
2486, 41.43333, 1.19145, -7.22933, 18.4085, -139.304, 22.3485, 47.4195, 0.0415621, 85.6057, 0.615918, -49.7624, 0.765662, 136.909
2487, 41.44167, 1.18988, -7.19944, 18.3894, -139.334, 22.3194, 47.3342, 0.0415352, 85.5812, 0.615447, -49.7892, 0.764847, 136.822
2487, 41.45000, 1.18834, -7.16942, 18.3704, -139.363, 22.2904, 47.2496, 0.0415088, 85.557, 0.614978, -49.8157, 0.764033, 136.735
2487, 41.45833, 1.18682, -7.13929, 18.3514, -139.392, 22.2615, 47.1655, 0.0414829, 85.5329, 0.614509, -49.842, 0.763218, 136.649
2488, 41.46667, 1.18532, -7.10905, 18.3324, -139.421, 22.2325, 47.082, 0.0414574, 85.509, 0.614041, -49.868, 0.762405, 136.564
2489, 41.47500, 1.18385, -7.07871, 18.3134, -139.45, 22.2036, 46.9991, 0.0414324, 85.4854, 0.613574, -49.8937, 0.761591, 136.479
2489, 41.48333, 1.18239, -7.04829, 18.2945, -139.478, 22.1747, 46.9169, 0.0414079, 85.4619, 0.613107, -49.9192, 0.760779, 136.395
2490, 41.49167, 1.18096, -7.01778, 18.2756, -139.506, 22.1459, 46.8352, 0.0413838, 85.4386, 0.612642, -49.9444, 0.759967, 136.312
2490, 41.50000, 1.17955, -6.98721, 18.2567, -139.534, 22.117, 46.7541, 0.0413602, 85.4154, 0.612177, -49.9693, 0.759155, 136.229
2491, 41.50833, 1.17816, -6.95658, 18.2379, -139.562, 22.0882, 46.6735, 0.0413371, 85.3925, 0.611713, -49.9941, 0.758345, 136.147
2491, 41.51667, 1.17679, -6.92589, 18.2191, -139.589, 22.0595, 46.5936, 0.0413144, 85.3697, 0.61125, -50.0185, 0.757535, 136.065
2491, 41.52500, 1.17544, -6.89516, 18.2004, -139.616, 22.0307, 46.5142, 0.0412922, 85.3471, 0.610788, -50.0427, 0.756725, 135.984
2492, 41.53333, 1.17412, -6.86439, 18.1816, -139.643, 22.0021, 46.4354, 0.0412704, 85.3246, 0.610326, -50.0667, 0.755917, 135.903
2493, 41.54167, 1.17281, -6.83359, 18.163, -139.67, 21.9734, 46.3571, 0.0412491, 85.3023, 0.609866, -50.0905, 0.755109, 135.823
2493, 41.55000, 1.17152, -6.80277, 18.1443, -139.696, 21.9448, 46.2794, 0.0412282, 85.2801, 0.609406, -50.1139, 0.754302, 135.744
2494, 41.55833, 1.17026, -6.77195, 18.1257, -139.722, 21.9162, 46.2023, 0.0412077, 85.2581, 0.608948, -50.1372, 0.753497, 135.665
2494, 41.56667, 1.16901, -6.74111, 18.1071, -139.748, 21.8876, 46.1256, 0.0411877, 85.2362, 0.60849, -50.1602, 0.752692, 135.587
2495, 41.57500, 1.16779, -6.71028, 18.0886, -139.773, 21.8591, 46.0496, 0.0411681, 85.2144, 0.608033, -50.183, 0.751888, 135.509
2495, 41.58333, 1.16658, -6.67946, 18.07, -139.798, 21.8307, 45.9741, 0.041149, 85.1927, 0.607577, -50.2055, 0.751085, 135.432
2495, 41.59167, 1.16539, -6.64865, 18.0516, -139.823, 21.8022, 45.8991, 0.0411302, 85.1712, 0.607122, -50.2278, 0.750283, 135.355
2496, 41.60000, 1.16422, -6.61787, 18.0331, -139.848, 21.7739, 45.8247, 0.0411119, 85.1498, 0.606668, -50.2499, 0.749482, 135.279
2497, 41.60833, 1.16307, -6.58712, 18.0147, -139.873, 21.7455, 45.7507, 0.041094, 85.1285, 0.606215, -50.2718, 0.748682, 135.203
2497, 41.61667, 1.16194, -6.55641, 17.9964, -139.897, 21.7172, 45.6773, 0.0410766, 85.1073, 0.605762, -50.2934, 0.747883, 135.128
2498, 41.62500, 1.16083, -6.52574, 17.978, -139.921, 21.689, 45.6045, 0.0410595, 85.0862, 0.605311, -50.3148, 0.747086, 135.054
2498, 41.63333, 1.15974, -6.49513, 17.9598, -139.945, 21.6608, 45.5321, 0.0410429, 85.0652, 0.604861, -50.336, 0.746289, 134.98
2499, 41.64167, 1.15866, -6.46457, 17.9415, -139.968, 21.6326, 45.4603, 0.0410267, 85.0443, 0.604411, -50.357, 0.745494, 134.906
2499, 41.65000, 1.15761, -6.43407, 17.9233, -139.992, 21.6045, 45.3889, 0.0410109, 85.0235, 0.603963, -50.3777, 0.7447, 134.833
2499, 41.65833, 1.15657, -6.40365, 17.9051, -140.015, 21.5764, 45.3181, 0.0409954, 85.0027, 0.603515, -50.3982, 0.743907, 134.761
2500, 41.66667, 1.15555, -6.3733, 17.887, -140.038, 21.5484, 45.2477, 0.0409804, 84.9821, 0.603069, -50.4186, 0.743116, 134.689
2501, 41.67500, 1.15454, -6.34303, 17.8689, -140.061, 21.5205, 45.1779, 0.0409658, 84.9615, 0.602623, -50.4387, 0.742326, 134.617
2501, 41.68333, 1.15356, -6.31286, 17.8508, -140.083, 21.4925, 45.1085, 0.0409516, 84.941, 0.602178, -50.4586, 0.741537, 134.546
2502, 41.69167, 1.15259, -6.28277, 17.8328, -140.105, 21.4647, 45.0397, 0.0409378, 84.9206, 0.601735, -50.4782, 0.740749, 134.476
2502, 41.70000, 1.15163, -6.25278, 17.8148, -140.127, 21.4368, 44.9713, 0.0409243, 84.9002, 0.601292, -50.4977, 0.739963, 134.406
2503, 41.70833, 1.1507, -6.2229, 17.7968, -140.149, 21.4091, 44.9034, 0.0409113, 84.8799, 0.60085, -50.517, 0.739178, 134.336
2503, 41.71667, 1.14978, -6.19313, 17.7789, -140.171, 21.3814, 44.8359, 0.0408986, 84.8596, 0.60041, -50.5361, 0.738395, 134.267
2503, 41.72500, 1.14888, -6.16348, 17.7611, -140.192, 21.3537, 44.769, 0.0408863, 84.8394, 0.59997, -50.5549, 0.737613, 134.199
2504, 41.73333, 1.14799, -6.13394, 17.7432, -140.213, 21.3261, 44.7025, 0.0408744, 84.8193, 0.599531, -50.5736, 0.736832, 134.131
2505, 41.74167, 1.14712, -6.10453, 17.7254, -140.234, 21.2985, 44.6365, 0.0408629, 84.7992, 0.599094, -50.5921, 0.736053, 134.063
2505, 41.75000, 1.14627, -6.07525, 17.7077, -140.255, 21.271, 44.5709, 0.0408517, 84.7791, 0.598657, -50.6104, 0.735275, 133.996
2506, 41.75833, 1.14543, -6.0461, 17.6899, -140.275, 21.2436, 44.5058, 0.0408409, 84.7591, 0.598221, -50.6284, 0.734499, 133.929
2506, 41.76667, 1.14461, -6.01709, 17.6723, -140.296, 21.2162, 44.4411, 0.0408305, 84.7391, 0.597786, -50.6463, 0.733724, 133.863
2507, 41.77500, 1.1438, -5.98823, 17.6546, -140.316, 21.1889, 44.3769, 0.0408204, 84.7191, 0.597353, -50.664, 0.732951, 133.797
2507, 41.78333, 1.14301, -5.95952, 17.637, -140.336, 21.1616, 44.3132, 0.0408107, 84.6992, 0.59692, -50.6815, 0.732179, 133.732
2508, 41.79167, 1.14223, -5.93095, 17.6194, -140.355, 21.1343, 44.2499, 0.0408014, 84.6793, 0.596488, -50.6989, 0.731409, 133.667
2508, 41.80000, 1.14147, -5.90255, 17.6019, -140.375, 21.1072, 44.187, 0.0407924, 84.6594, 0.596057, -50.716, 0.73064, 133.603
2509, 41.80833, 1.14072, -5.87431, 17.5844, -140.394, 21.08, 44.1246, 0.0407837, 84.6395, 0.595628, -50.7329, 0.729873, 133.539
2509, 41.81667, 1.13999, -5.84623, 17.567, -140.413, 21.053, 44.0625, 0.0407754, 84.6197, 0.595199, -50.7497, 0.729108, 133.475
2510, 41.82500, 1.13928, -5.81832, 17.5496, -140.432, 21.026, 44.001, 0.0407675, 84.5999, 0.594771, -50.7663, 0.728344, 133.412
2510, 41.83333, 1.13857, -5.79058, 17.5322, -140.451, 20.999, 43.9398, 0.0407599, 84.5801, 0.594345, -50.7827, 0.727582, 133.349
2511, 41.84167, 1.13788, -5.76302, 17.5149, -140.469, 20.9722, 43.8791, 0.0407527, 84.5602, 0.593919, -50.7989, 0.726821, 133.287
2511, 41.85000, 1.13721, -5.73564, 17.4976, -140.488, 20.9453, 43.8188, 0.0407458, 84.5405, 0.593494, -50.8149, 0.726062, 133.225
2512, 41.85833, 1.13655, -5.70844, 17.4803, -140.506, 20.9186, 43.7589, 0.0407392, 84.5206, 0.593071, -50.8308, 0.725305, 133.164
2512, 41.86667, 1.1359, -5.68143, 17.4631, -140.524, 20.8918, 43.6994, 0.0407329, 84.5008, 0.592648, -50.8465, 0.724549, 133.103
2513, 41.87500, 1.13527, -5.65461, 17.4459, -140.542, 20.8652, 43.6403, 0.040727, 84.481, 0.592226, -50.862, 0.723795, 133.042
2513, 41.88333, 1.13465, -5.62799, 17.4288, -140.559, 20.8386, 43.5816, 0.0407215, 84.4612, 0.591806, -50.8774, 0.723043, 132.982
2514, 41.89167, 1.13404, -5.60156, 17.4117, -140.577, 20.8121, 43.5233, 0.0407162, 84.4414, 0.591386, -50.8925, 0.722292, 132.922
2514, 41.90000, 1.13345, -5.57533, 17.3946, -140.594, 20.7856, 43.4655, 0.0407113, 84.4216, 0.590967, -50.9075, 0.721543, 132.863
2515, 41.90833, 1.13287, -5.54931, 17.3776, -140.611, 20.7592, 43.408, 0.0407067, 84.4017, 0.59055, -50.9224, 0.720795, 132.804
2515, 41.91667, 1.1323, -5.52349, 17.3606, -140.628, 20.7328, 43.3509, 0.0407024, 84.3819, 0.590133, -50.9371, 0.72005, 132.745
2516, 41.92500, 1.13175, -5.49788, 17.3436, -140.645, 20.7065, 43.2942, 0.0406985, 84.362, 0.589718, -50.9516, 0.719306, 132.687
2516, 41.93333, 1.1312, -5.47248, 17.3267, -140.661, 20.6803, 43.2379, 0.0406948, 84.3421, 0.589303, -50.9659, 0.718564, 132.629
2517, 41.94167, 1.13068, -5.4473, 17.3099, -140.678, 20.6541, 43.182, 0.0406915, 84.3222, 0.588889, -50.9801, 0.717823, 132.572
2517, 41.95000, 1.13016, -5.42233, 17.293, -140.694, 20.628, 43.1264, 0.0406884, 84.3022, 0.588477, -50.9941, 0.717084, 132.515
2518, 41.95833, 1.12965, -5.39758, 17.2762, -140.71, 20.6019, 43.0712, 0.0406857, 84.2822, 0.588065, -51.008, 0.716347, 132.458
2518, 41.96667, 1.12916, -5.37305, 17.2595, -140.726, 20.5759, 43.0164, 0.0406833, 84.2622, 0.587655, -51.0217, 0.715612, 132.402
2519, 41.97500, 1.12868, -5.34875, 17.2428, -140.742, 20.55, 42.962, 0.0406812, 84.2422, 0.587245, -51.0353, 0.714879, 132.346
2519, 41.98333, 1.12821, -5.32468, 17.2261, -140.757, 20.5241, 42.9079, 0.0406794, 84.2221, 0.586837, -51.0487, 0.714147, 132.29
2520, 41.99167, 1.12775, -5.30083, 17.2094, -140.772, 20.4983, 42.8542, 0.0406779, 84.202, 0.586429, -51.0619, 0.713417, 132.235
2520, 42.00000, 1.12731, -5.27722, 17.1928, -140.788, 20.4726, 42.8009, 0.0406767, 84.1819, 0.586022, -51.075, 0.712689, 132.18
2521, 42.00833, 1.12687, -5.25384, 17.1763, -140.803, 20.4469, 42.7479, 0.0406758, 84.1617, 0.585617, -51.0879, 0.711962, 132.126
2521, 42.01667, 1.12645, -5.23069, 17.1597, -140.818, 20.4213, 42.6953, 0.0406752, 84.1415, 0.585212, -51.1007, 0.711237, 132.072
2522, 42.02500, 1.12604, -5.20778, 17.1432, -140.832, 20.3957, 42.643, 0.0406748, 84.1212, 0.584809, -51.1134, 0.710514, 132.018
2522, 42.03333, 1.12564, -5.18511, 17.1268, -140.847, 20.3702, 42.5911, 0.0406748, 84.1009, 0.584406, -51.1259, 0.709793, 131.965
2523, 42.04167, 1.12525, -5.16268, 17.1104, -140.861, 20.3448, 42.5395, 0.040675, 84.0806, 0.584005, -51.1382, 0.709074, 131.912
2523, 42.05000, 1.12487, -5.14049, 17.094, -140.876, 20.3194, 42.4883, 0.0406756, 84.0601, 0.583604, -51.1504, 0.708356, 131.859
2524, 42.05833, 1.1245, -5.11855, 17.0777, -140.89, 20.2941, 42.4374, 0.0406764, 84.0397, 0.583205, -51.1625, 0.707641, 131.807
2524, 42.06667, 1.12415, -5.09685, 17.0614, -140.904, 20.2688, 42.3868, 0.0406775, 84.0192, 0.582806, -51.1744, 0.706927, 131.755
2525, 42.07500, 1.1238, -5.0754, 17.0451, -140.918, 20.2436, 42.3366, 0.0406788, 83.9986, 0.582408, -51.1861, 0.706214, 131.703
2525, 42.08333, 1.12346, -5.0542, 17.0289, -140.931, 20.2185, 42.2867, 0.0406805, 83.978, 0.582012, -51.1978, 0.705504, 131.652
2526, 42.09167, 1.12314, -5.03325, 17.0127, -140.945, 20.1934, 42.2372, 0.0406824, 83.9573, 0.581616, -51.2093, 0.704795, 131.601
2526, 42.10000, 1.12282, -5.01255, 16.9965, -140.958, 20.1684, 42.188, 0.0406846, 83.9366, 0.581221, -51.2206, 0.704088, 131.55
2527, 42.10833, 1.12251, -4.99211, 16.9804, -140.971, 20.1435, 42.1391, 0.040687, 83.9158, 0.580828, -51.2318, 0.703383, 131.5
2527, 42.11667, 1.12222, -4.97192, 16.9643, -140.984, 20.1186, 42.0905, 0.0406897, 83.8949, 0.580435, -51.2429, 0.70268, 131.45
2528, 42.12500, 1.12193, -4.95198, 16.9483, -140.997, 20.0938, 42.0422, 0.0406927, 83.874, 0.580043, -51.2539, 0.701979, 131.4
2528, 42.13333, 1.12166, -4.93231, 16.9323, -141.01, 20.069, 41.9943, 0.0406959, 83.853, 0.579652, -51.2647, 0.701279, 131.351
2529, 42.14167, 1.12139, -4.91289, 16.9163, -141.023, 20.0443, 41.9467, 0.0406995, 83.8319, 0.579262, -51.2753, 0.700581, 131.302
2529, 42.15000, 1.12113, -4.89373, 16.9004, -141.035, 20.0197, 41.8994, 0.0407032, 83.8108, 0.578873, -51.2859, 0.699885, 131.253
2530, 42.15833, 1.12088, -4.87483, 16.8845, -141.048, 19.9951, 41.8524, 0.0407072, 83.7896, 0.578486, -51.2963, 0.699191, 131.205
2530, 42.16667, 1.12064, -4.85619, 16.8686, -141.06, 19.9706, 41.8057, 0.0407115, 83.7683, 0.578099, -51.3066, 0.698499, 131.157
2531, 42.17500, 1.12041, -4.83781, 16.8528, -141.072, 19.9461, 41.7593, 0.0407161, 83.747, 0.577713, -51.3167, 0.697808, 131.109
2531, 42.18333, 1.12019, -4.8197, 16.837, -141.084, 19.9218, 41.7132, 0.0407208, 83.7256, 0.577328, -51.3268, 0.697119, 131.061
2532, 42.19167, 1.11998, -4.80185, 16.8213, -141.096, 19.8974, 41.6674, 0.0407259, 83.7041, 0.576944, -51.3367, 0.696432, 131.014
2532, 42.20000, 1.11978, -4.78426, 16.8055, -141.108, 19.8732, 41.6219, 0.0407312, 83.6826, 0.57656, -51.3465, 0.695747, 130.967
2533, 42.20833, 1.11959, -4.76694, 16.7899, -141.119, 19.849, 41.5767, 0.0407367, 83.6609, 0.576178, -51.3561, 0.695064, 130.921
2533, 42.21667, 1.1194, -4.74989, 16.7742, -141.131, 19.8248, 41.5318, 0.0407424, 83.6392, 0.575797, -51.3656, 0.694382, 130.875
2534, 42.22500, 1.11922, -4.7331, 16.7586, -141.142, 19.8007, 41.4872, 0.0407485, 83.6174, 0.575417, -51.375, 0.693702, 130.829
2534, 42.23333, 1.11906, -4.71659, 16.743, -141.153, 19.7767, 41.4429, 0.0407547, 83.5955, 0.575037, -51.3843, 0.693024, 130.783
2535, 42.24167, 1.1189, -4.70033, 16.7275, -141.164, 19.7527, 41.3988, 0.0407612, 83.5736, 0.574659, -51.3935, 0.692348, 130.737
2535, 42.25000, 1.11874, -4.68435, 16.712, -141.175, 19.7288, 41.3551, 0.0407679, 83.5515, 0.574281, -51.4025, 0.691673, 130.692
2536, 42.25833, 1.1186, -4.66864, 16.6965, -141.186, 19.705, 41.3116, 0.0407749, 83.5294, 0.573905, -51.4114, 0.691001, 130.647
2536, 42.26667, 1.11847, -4.6532, 16.6811, -141.197, 19.6812, 41.2684, 0.0407821, 83.5072, 0.573529, -51.4203, 0.69033, 130.603
2537, 42.27500, 1.11834, -4.63802, 16.6657, -141.207, 19.6575, 41.2255, 0.0407895, 83.4849, 0.573155, -51.4289, 0.689661, 130.559
2537, 42.28333, 1.11822, -4.62312, 16.6503, -141.218, 19.6339, 41.1829, 0.0407972, 83.4625, 0.572781, -51.4375, 0.688993, 130.515
2538, 42.29167, 1.11811, -4.60849, 16.635, -141.228, 19.6103, 41.1405, 0.0408051, 83.4401, 0.572408, -51.446, 0.688328, 130.471
2538, 42.30000, 1.118, -4.59413, 16.6197, -141.238, 19.5867, 41.0984, 0.0408132, 83.4175, 0.572036, -51.4543, 0.687664, 130.427
2539, 42.30833, 1.11791, -4.58004, 16.6045, -141.248, 19.5633, 41.0566, 0.0408215, 83.3949, 0.571665, -51.4625, 0.687002, 130.384
2539, 42.31667, 1.11782, -4.56623, 16.5892, -141.258, 19.5398, 41.015, 0.0408301, 83.3721, 0.571295, -51.4707, 0.686342, 130.341
2540, 42.32500, 1.11774, -4.55268, 16.5741, -141.268, 19.5165, 40.9737, 0.0408389, 83.3493, 0.570926, -51.4787, 0.685683, 130.299
2540, 42.33333, 1.11767, -4.53941, 16.5589, -141.278, 19.4932, 40.9326, 0.0408479, 83.3264, 0.570557, -51.4865, 0.685027, 130.256
2541, 42.34167, 1.1176, -4.52641, 16.5438, -141.287, 19.47, 40.8919, 0.0408571, 83.3034, 0.57019, -51.4943, 0.684372, 130.214
2541, 42.35000, 1.11754, -4.51368, 16.5287, -141.297, 19.4468, 40.8513, 0.0408665, 83.2803, 0.569823, -51.502, 0.683719, 130.172
2542, 42.35833, 1.11749, -4.50123, 16.5136, -141.306, 19.4237, 40.8111, 0.0408762, 83.2571, 0.569458, -51.5096, 0.683067, 130.131
2542, 42.36667, 1.11745, -4.48905, 16.4986, -141.316, 19.4006, 40.771, 0.040886, 83.2338, 0.569093, -51.517, 0.682418, 130.089
2543, 42.37500, 1.11741, -4.47714, 16.4836, -141.325, 19.3776, 40.7313, 0.0408961, 83.2104, 0.568729, -51.5244, 0.68177, 130.048
2543, 42.38333, 1.11738, -4.46551, 16.4687, -141.334, 19.3547, 40.6918, 0.0409064, 83.1869, 0.568366, -51.5316, 0.681124, 130.007
2544, 42.39167, 1.11735, -4.45414, 16.4538, -141.343, 19.3318, 40.6525, 0.0409169, 83.1633, 0.568004, -51.5387, 0.680479, 129.967
2544, 42.40000, 1.11734, -4.44306, 16.4389, -141.351, 19.309, 40.6135, 0.0409276, 83.1396, 0.567643, -51.5458, 0.679837, 129.926
2545, 42.40833, 1.11733, -4.43224, 16.424, -141.36, 19.2862, 40.5747, 0.0409385, 83.1158, 0.567283, -51.5527, 0.679196, 129.886
2545, 42.41667, 1.11732, -4.4217, 16.4092, -141.369, 19.2635, 40.5362, 0.0409496, 83.0919, 0.566923, -51.5595, 0.678556, 129.846
2546, 42.42500, 1.11733, -4.41143, 16.3944, -141.377, 19.2409, 40.4979, 0.040961, 83.068, 0.566565, -51.5663, 0.677919, 129.807
2546, 42.43333, 1.11734, -4.40143, 16.3797, -141.386, 19.2183, 40.4598, 0.0409725, 83.0439, 0.566207, -51.5729, 0.677283, 129.767
2547, 42.44167, 1.11735, -4.39171, 16.365, -141.394, 19.1958, 40.422, 0.0409842, 83.0197, 0.56585, -51.5794, 0.676649, 129.728
2547, 42.45000, 1.11737, -4.38226, 16.3503, -141.402, 19.1733, 40.3844, 0.0409961, 82.9954, 0.565494, -51.5858, 0.676017, 129.689
2548, 42.45833, 1.1174, -4.37308, 16.3356, -141.41, 19.1509, 40.347, 0.0410083, 82.971, 0.565139, -51.5921, 0.675386, 129.651
2548, 42.46667, 1.11744, -4.36417, 16.321, -141.418, 19.1285, 40.3099, 0.0410206, 82.9465, 0.564785, -51.5984, 0.674757, 129.612
2549, 42.47500, 1.11748, -4.35553, 16.3064, -141.426, 19.1062, 40.273, 0.0410331, 82.9219, 0.564432, -51.6045, 0.67413, 129.574
2549, 42.48333, 1.11753, -4.34717, 16.2919, -141.434, 19.084, 40.2363, 0.0410458, 82.8972, 0.564079, -51.6105, 0.673504, 129.536
2550, 42.49167, 1.11758, -4.33908, 16.2773, -141.441, 19.0618, 40.1999, 0.0410587, 82.8724, 0.563727, -51.6164, 0.672881, 129.498
2550, 42.50000, 1.11764, -4.33126, 16.2628, -141.449, 19.0397, 40.1637, 0.0410718, 82.8475, 0.563377, -51.6223, 0.672258, 129.461
2551, 42.50833, 1.1177, -4.32371, 16.2484, -141.456, 19.0176, 40.1276, 0.041085, 82.8224, 0.563027, -51.628, 0.671638, 129.423
2551, 42.51667, 1.11777, -4.31643, 16.2339, -141.464, 18.9956, 40.0919, 0.0410985, 82.7973, 0.562678, -51.6337, 0.671019, 129.386
2552, 42.52500, 1.11785, -4.30942, 16.2195, -141.471, 18.9737, 40.0563, 0.0411122, 82.7721, 0.562329, -51.6392, 0.670402, 129.349
2552, 42.53333, 1.11793, -4.30268, 16.2052, -141.478, 18.9518, 40.0209, 0.041126, 82.7467, 0.561982, -51.6447, 0.669787, 129.313
2553, 42.54167, 1.11802, -4.29621, 16.1908, -141.485, 18.9299, 39.9858, 0.04114, 82.7213, 0.561635, -51.65, 0.669173, 129.276
2553, 42.55000, 1.11811, -4.29001, 16.1765, -141.492, 18.9081, 39.9509, 0.0411542, 82.6957, 0.561289, -51.6553, 0.668561, 129.24
2554, 42.55833, 1.11821, -4.28408, 16.1623, -141.499, 18.8864, 39.9162, 0.0411686, 82.67, 0.560944, -51.6605, 0.66795, 129.204
2554, 42.56667, 1.11831, -4.27842, 16.148, -141.506, 18.8647, 39.8817, 0.0411832, 82.6442, 0.5606, -51.6656, 0.667341, 129.168
2555, 42.57500, 1.11842, -4.27303, 16.1338, -141.513, 18.8431, 39.8474, 0.0411979, 82.6183, 0.560257, -51.6706, 0.666734, 129.133
2555, 42.58333, 1.11854, -4.2679, 16.1196, -141.519, 18.8216, 39.8133, 0.0412128, 82.5923, 0.559914, -51.6755, 0.666129, 129.097
2556, 42.59167, 1.11866, -4.26304, 16.1055, -141.526, 18.8, 39.7794, 0.041228, 82.5662, 0.559572, -51.6803, 0.665525, 129.062
2556, 42.60000, 1.11878, -4.25845, 16.0914, -141.532, 18.7786, 39.7457, 0.0412432, 82.54, 0.559231, -51.685, 0.664922, 129.027
2557, 42.60833, 1.11891, -4.25413, 16.0773, -141.539, 18.7572, 39.7122, 0.0412587, 82.5136, 0.558891, -51.6897, 0.664322, 128.992
2557, 42.61667, 1.11905, -4.25007, 16.0632, -141.545, 18.7358, 39.6789, 0.0412743, 82.4872, 0.558552, -51.6942, 0.663722, 128.958
2558, 42.62500, 1.11919, -4.24627, 16.0492, -141.551, 18.7146, 39.6459, 0.0412901, 82.4606, 0.558213, -51.6987, 0.663125, 128.923
2558, 42.63333, 1.11934, -4.24274, 16.0352, -141.557, 18.6933, 39.613, 0.0413061, 82.434, 0.557876, -51.7031, 0.662529, 128.889
2559, 42.64167, 1.11949, -4.23948, 16.0212, -141.563, 18.6721, 39.5803, 0.0413222, 82.4072, 0.557539, -51.7074, 0.661935, 128.855
2559, 42.65000, 1.11964, -4.23648, 16.0073, -141.569, 18.651, 39.5478, 0.0413385, 82.3803, 0.557202, -51.7116, 0.661342, 128.821
2560, 42.65833, 1.1198, -4.23374, 15.9934, -141.575, 18.6299, 39.5155, 0.041355, 82.3532, 0.556867, -51.7157, 0.660751, 128.788
2560, 42.66667, 1.11996, -4.23126, 15.9795, -141.58, 18.6089, 39.4834, 0.0413716, 82.3261, 0.556532, -51.7198, 0.660161, 128.754
2561, 42.67500, 1.12013, -4.22905, 15.9656, -141.586, 18.588, 39.4514, 0.0413884, 82.2989, 0.556199, -51.7238, 0.659574, 128.721
2561, 42.68333, 1.12031, -4.2271, 15.9518, -141.591, 18.567, 39.4197, 0.0414054, 82.2715, 0.555866, -51.7276, 0.658987, 128.688
2562, 42.69167, 1.12049, -4.22541, 15.938, -141.597, 18.5462, 39.3881, 0.0414225, 82.244, 0.555533, -51.7314, 0.658402, 128.655
2562, 42.70000, 1.12067, -4.22398, 15.9243, -141.602, 18.5254, 39.3568, 0.0414398, 82.2164, 0.555202, -51.7352, 0.657819, 128.622
2563, 42.70833, 1.12086, -4.22281, 15.9105, -141.607, 18.5046, 39.3256, 0.0414572, 82.1887, 0.554871, -51.7388, 0.657237, 128.59
2563, 42.71667, 1.12105, -4.2219, 15.8968, -141.613, 18.4839, 39.2946, 0.0414749, 82.1609, 0.554541, -51.7424, 0.656657, 128.558
2564, 42.72500, 1.12125, -4.22125, 15.8832, -141.618, 18.4633, 39.2638, 0.0414926, 82.1329, 0.554212, -51.7458, 0.656079, 128.526
2564, 42.73333, 1.12145, -4.22086, 15.8695, -141.623, 18.4427, 39.2331, 0.0415106, 82.1049, 0.553883, -51.7492, 0.655502, 128.494
2564, 42.74167, 1.12165, -4.22073, 15.8559, -141.628, 18.4221, 39.2027, 0.0415286, 82.0767, 0.553556, -51.7526, 0.654926, 128.462
2565, 42.75000, 1.12186, -4.22085, 15.8423, -141.633, 18.4016, 39.1724, 0.0415469, 82.0484, 0.553229, -51.7558, 0.654352, 128.43
2566, 42.75833, 1.12207, -4.22123, 15.8287, -141.637, 18.3812, 39.1423, 0.0415653, 82.02, 0.552902, -51.759, 0.65378, 128.399
2566, 42.76667, 1.12229, -4.22186, 15.8152, -141.642, 18.3608, 39.1123, 0.0415838, 81.9915, 0.552577, -51.762, 0.653208, 128.368
2567, 42.77500, 1.12251, -4.22275, 15.8017, -141.647, 18.3404, 39.0825, 0.0416025, 81.9629, 0.552252, -51.7651, 0.652639, 128.337
2567, 42.78333, 1.12274, -4.2239, 15.7882, -141.651, 18.3201, 39.0529, 0.0416214, 81.9341, 0.551928, -51.768, 0.652071, 128.306
2568, 42.79167, 1.12297, -4.2253, 15.7748, -141.656, 18.2999, 39.0235, 0.0416404, 81.9052, 0.551605, -51.7708, 0.651504, 128.275
2568, 42.80000, 1.1232, -4.22695, 15.7614, -141.66, 18.2797, 38.9943, 0.0416595, 81.8762, 0.551282, -51.7736, 0.650939, 128.244
2568, 42.80833, 1.12344, -4.22885, 15.748, -141.664, 18.2596, 38.9652, 0.0416788, 81.8471, 0.550961, -51.7763, 0.650376, 128.214
2569, 42.81667, 1.12368, -4.23101, 15.7346, -141.669, 18.2395, 38.9362, 0.0416983, 81.8179, 0.55064, -51.779, 0.649814, 128.184
2570, 42.82500, 1.12393, -4.23342, 15.7213, -141.673, 18.2194, 38.9075, 0.0417179, 81.7885, 0.550319, -51.7815, 0.649253, 128.154
2570, 42.83333, 1.12418, -4.23607, 15.708, -141.677, 18.1994, 38.8789, 0.0417376, 81.759, 0.55, -51.784, 0.648694, 128.124
2571, 42.84167, 1.12443, -4.23898, 15.6947, -141.681, 18.1795, 38.8504, 0.0417575, 81.7295, 0.549681, -51.7864, 0.648136, 128.094
2571, 42.85000, 1.12468, -4.24214, 15.6814, -141.685, 18.1596, 38.8222, 0.0417775, 81.6997, 0.549363, -51.7888, 0.64758, 128.065
2572, 42.85833, 1.12495, -4.24554, 15.6682, -141.689, 18.1398, 38.794, 0.0417977, 81.6699, 0.549045, -51.791, 0.647025, 128.035
2572, 42.86667, 1.12521, -4.2492, 15.655, -141.692, 18.12, 38.7661, 0.041818, 81.64, 0.548728, -51.7932, 0.646472, 128.006
2572, 42.87500, 1.12548, -4.2531, 15.6418, -141.696, 18.1002, 38.7383, 0.0418384, 81.6099, 0.548412, -51.7953, 0.64592, 127.977
2573, 42.88333, 1.12575, -4.25724, 15.6287, -141.7, 18.0805, 38.7106, 0.041859, 81.5797, 0.548097, -51.7974, 0.64537, 127.948
2574, 42.89167, 1.12602, -4.26164, 15.6155, -141.703, 18.0609, 38.6831, 0.0418798, 81.5494, 0.547782, -51.7994, 0.644821, 127.919
2574, 42.90000, 1.1263, -4.26628, 15.6024, -141.707, 18.0413, 38.6558, 0.0419006, 81.519, 0.547469, -51.8013, 0.644273, 127.891
2575, 42.90833, 1.12658, -4.27116, 15.5894, -141.71, 18.0217, 38.6286, 0.0419216, 81.4884, 0.547155, -51.8031, 0.643727, 127.862
2575, 42.91667, 1.12687, -4.27628, 15.5763, -141.714, 18.0022, 38.6016, 0.0419428, 81.4577, 0.546843, -51.8049, 0.643182, 127.834
2576, 42.92500, 1.12715, -4.28165, 15.5633, -141.717, 17.9827, 38.5747, 0.0419641, 81.427, 0.546531, -51.8066, 0.642639, 127.806
2576, 42.93333, 1.12745, -4.28726, 15.5503, -141.72, 17.9633, 38.548, 0.0419855, 81.396, 0.54622, -51.8082, 0.642097, 127.778
2576, 42.94167, 1.12774, -4.29312, 15.5374, -141.723, 17.944, 38.5214, 0.042007, 81.365, 0.545909, -51.8098, 0.641556, 127.75
2577, 42.95000, 1.12804, -4.29921, 15.5244, -141.726, 17.9247, 38.4949, 0.0420287, 81.3339, 0.545599, -51.8113, 0.641017, 127.722
2578, 42.95833, 1.12834, -4.30555, 15.5115, -141.729, 17.9054, 38.4686, 0.0420505, 81.3026, 0.54529, -51.8127, 0.640479, 127.694
2578, 42.96667, 1.12864, -4.31212, 15.4986, -141.732, 17.8862, 38.4425, 0.0420725, 81.2712, 0.544982, -51.8141, 0.639942, 127.667
2579, 42.97500, 1.12895, -4.31893, 15.4858, -141.735, 17.867, 38.4165, 0.0420945, 81.2397, 0.544674, -51.8154, 0.639407, 127.64
2579, 42.98333, 1.12926, -4.32598, 15.4729, -141.738, 17.8478, 38.3906, 0.0421167, 81.208, 0.544367, -51.8166, 0.638873, 127.613
2580, 42.99167, 1.12957, -4.33327, 15.4601, -141.74, 17.8288, 38.3649, 0.0421391, 81.1763, 0.544061, -51.8178, 0.638341, 127.586
2580, 43.00000, 1.12989, -4.3408, 15.4473, -141.743, 17.8097, 38.3393, 0.0421615, 81.1444, 0.543755, -51.8189, 0.63781, 127.559
2580, 43.00833, 1.13021, -4.34856, 15.4346, -141.746, 17.7907, 38.3138, 0.0421841, 81.1124, 0.54345, -51.8199, 0.63728, 127.532
2581, 43.01667, 1.13053, -4.35655, 15.4218, -141.748, 17.7718, 38.2885, 0.0422068, 81.0803, 0.543145, -51.8209, 0.636751, 127.505
2582, 43.02500, 1.13086, -4.36478, 15.4091, -141.751, 17.7529, 38.2634, 0.0422297, 81.048, 0.542842, -51.8218, 0.636224, 127.479
2582, 43.03333, 1.13119, -4.37325, 15.3964, -141.753, 17.734, 38.2383, 0.0422526, 81.0157, 0.542539, -51.8226, 0.635698, 127.453
2583, 43.04167, 1.13152, -4.38195, 15.3838, -141.755, 17.7152, 38.2134, 0.0422757, 80.9832, 0.542236, -51.8234, 0.635174, 127.426
2583, 43.05000, 1.13185, -4.39088, 15.3711, -141.758, 17.6964, 38.1886, 0.0422989, 80.9506, 0.541934, -51.8241, 0.634651, 127.4
2584, 43.05833, 1.13219, -4.40004, 15.3585, -141.76, 17.6777, 38.164, 0.0423223, 80.9178, 0.541633, -51.8248, 0.634129, 127.374
2584, 43.06667, 1.13253, -4.40943, 15.3459, -141.762, 17.659, 38.1395, 0.0423457, 80.885, 0.541333, -51.8254, 0.633608, 127.349
2584, 43.07500, 1.13287, -4.41905, 15.3334, -141.764, 17.6404, 38.1151, 0.0423693, 80.852, 0.541033, -51.8259, 0.633089, 127.323
2585, 43.08333, 1.13322, -4.42891, 15.3208, -141.766, 17.6218, 38.0909, 0.042393, 80.8189, 0.540734, -51.8264, 0.632571, 127.297
2586, 43.09167, 1.13356, -4.43899, 15.3083, -141.768, 17.6032, 38.0668, 0.0424168, 80.7857, 0.540435, -51.8268, 0.632054, 127.272
2586, 43.10000, 1.13391, -4.4493, 15.2958, -141.77, 17.5847, 38.0428, 0.0424408, 80.7524, 0.540137, -51.8271, 0.631538, 127.247
2587, 43.10833, 1.13427, -4.45983, 15.2834, -141.772, 17.5662, 38.0189, 0.0424648, 80.7189, 0.53984, -51.8274, 0.631024, 127.222
2587, 43.11667, 1.13462, -4.4706, 15.2709, -141.773, 17.5478, 37.9952, 0.042489, 80.6853, 0.539543, -51.8276, 0.630511, 127.197
2588, 43.12500, 1.13498, -4.48159, 15.2585, -141.775, 17.5294, 37.9716, 0.0425133, 80.6516, 0.539247, -51.8278, 0.63, 127.172
2588, 43.13333, 1.13534, -4.4928, 15.2461, -141.777, 17.5111, 37.9481, 0.0425377, 80.6178, 0.538952, -51.8279, 0.629489, 127.147
2588, 43.14167, 1.1357, -4.50424, 15.2337, -141.778, 17.4928, 37.9248, 0.0425622, 80.5838, 0.538657, -51.8279, 0.62898, 127.122
2589, 43.15000, 1.13607, -4.51591, 15.2214, -141.78, 17.4746, 37.9015, 0.0425868, 80.5497, 0.538363, -51.8279, 0.628472, 127.098
2590, 43.15833, 1.13644, -4.52779, 15.2091, -141.781, 17.4563, 37.8784, 0.0426116, 80.5155, 0.538069, -51.8278, 0.627965, 127.073
2590, 43.16667, 1.13681, -4.5399, 15.1968, -141.783, 17.4382, 37.8554, 0.0426364, 80.4812, 0.537776, -51.8277, 0.62746, 127.049
2591, 43.17500, 1.13718, -4.55223, 15.1845, -141.784, 17.4201, 37.8325, 0.0426614, 80.4468, 0.537484, -51.8275, 0.626955, 127.025
2591, 43.18333, 1.13755, -4.56478, 15.1722, -141.785, 17.402, 37.8098, 0.0426865, 80.4122, 0.537192, -51.8272, 0.626452, 127.001
2592, 43.19167, 1.13793, -4.57756, 15.16, -141.786, 17.3839, 37.7871, 0.0427117, 80.3775, 0.536901, -51.8269, 0.62595, 126.977
2592, 43.20000, 1.13831, -4.59055, 15.1478, -141.788, 17.3659, 37.7646, 0.042737, 80.3427, 0.536611, -51.8266, 0.62545, 126.953
2592, 43.20833, 1.13869, -4.60376, 15.1356, -141.789, 17.348, 37.7422, 0.0427624, 80.3078, 0.536321, -51.8261, 0.62495, 126.929
2593, 43.21667, 1.13908, -4.61719, 15.1235, -141.79, 17.33, 37.7199, 0.0427879, 80.2727, 0.536031, -51.8257, 0.624452, 126.906
2594, 43.22500, 1.13946, -4.63084, 15.1113, -141.791, 17.3122, 37.6977, 0.0428136, 80.2376, 0.535743, -51.8251, 0.623955, 126.882
2594, 43.23333, 1.13985, -4.6447, 15.0992, -141.792, 17.2943, 37.6757, 0.0428393, 80.2023, 0.535455, -51.8245, 0.623459, 126.859
2595, 43.24167, 1.14024, -4.65879, 15.0871, -141.792, 17.2765, 37.6537, 0.0428652, 80.1668, 0.535167, -51.8239, 0.622964, 126.836
2595, 43.25000, 1.14064, -4.67308, 15.075, -141.793, 17.2588, 37.6319, 0.0428911, 80.1313, 0.53488, -51.8232, 0.62247, 126.813
2596, 43.25833, 1.14103, -4.68759, 15.063, -141.794, 17.241, 37.6101, 0.0429172, 80.0956, 0.534594, -51.8224, 0.621978, 126.79
2596, 43.26667, 1.14143, -4.70232, 15.051, -141.795, 17.2234, 37.5885, 0.0429433, 80.0598, 0.534308, -51.8216, 0.621486, 126.767
2596, 43.27500, 1.14183, -4.71726, 15.039, -141.795, 17.2057, 37.567, 0.0429696, 80.0239, 0.534023, -51.8207, 0.620996, 126.744
2597, 43.28333, 1.14223, -4.73241, 15.027, -141.796, 17.1881, 37.5456, 0.042996, 79.9879, 0.533739, -51.8198, 0.620507, 126.721
2598, 43.29167, 1.14263, -4.74778, 15.015, -141.796, 17.1705, 37.5243, 0.0430225, 79.9517, 0.533455, -51.8188, 0.620019, 126.699
2598, 43.30000, 1.14304, -4.76335, 15.0031, -141.797, 17.153, 37.5031, 0.043049, 79.9155, 0.533171, -51.8178, 0.619533, 126.676
2599, 43.30833, 1.14344, -4.77914, 14.9912, -141.797, 17.1355, 37.4821, 0.0430757, 79.8791, 0.532888, -51.8167, 0.619047, 126.654
2599, 43.31667, 1.14385, -4.79514, 14.9793, -141.798, 17.1181, 37.4611, 0.0431025, 79.8425, 0.532606, -51.8155, 0.618562, 126.632
2600, 43.32500, 1.14426, -4.81134, 14.9674, -141.798, 17.1007, 37.4402, 0.0431294, 79.8059, 0.532325, -51.8143, 0.618079, 126.609
2600, 43.33333, 1.14467, -4.82776, 14.9556, -141.798, 17.0833, 37.4194, 0.0431564, 79.7691, 0.532043, -51.8131, 0.617597, 126.587
2600, 43.34167, 1.14509, -4.84439, 14.9437, -141.798, 17.066, 37.3988, 0.0431834, 79.7322, 0.531763, -51.8118, 0.617115, 126.565
2601, 43.35000, 1.14551, -4.86122, 14.9319, -141.799, 17.0487, 37.3782, 0.0432106, 79.6952, 0.531483, -51.8104, 0.616635, 126.544
2602, 43.35833, 1.14592, -4.87826, 14.9201, -141.799, 17.0314, 37.3578, 0.0432379, 79.6581, 0.531204, -51.809, 0.616156, 126.522
2602, 43.36667, 1.14634, -4.8955, 14.9084, -141.799, 17.0142, 37.3374, 0.0432653, 79.6208, 0.530925, -51.8076, 0.615678, 126.5
2603, 43.37500, 1.14677, -4.91295, 14.8966, -141.799, 16.997, 37.3172, 0.0432928, 79.5834, 0.530647, -51.806, 0.615202, 126.479
2603, 43.38333, 1.14719, -4.93061, 14.8849, -141.799, 16.9799, 37.297, 0.0433203, 79.5459, 0.530369, -51.8045, 0.614726, 126.457
2604, 43.39167, 1.14761, -4.94847, 14.8732, -141.798, 16.9628, 37.2769, 0.043348, 79.5083, 0.530092, -51.8029, 0.614251, 126.436
2604, 43.40000, 1.14804, -4.96654, 14.8615, -141.798, 16.9457, 37.257, 0.0433757, 79.4706, 0.529815, -51.8012, 0.613777, 126.414
2604, 43.40833, 1.14847, -4.9848, 14.8499, -141.798, 16.9287, 37.2371, 0.0434036, 79.4327, 0.529539, -51.7995, 0.613305, 126.393
2605, 43.41667, 1.1489, -5.00327, 14.8382, -141.798, 16.9117, 37.2173, 0.0434316, 79.3947, 0.529264, -51.7977, 0.612833, 126.372
2606, 43.42500, 1.14933, -5.02195, 14.8266, -141.798, 16.8947, 37.1977, 0.0434596, 79.3566, 0.528989, -51.7959, 0.612363, 126.351
2606, 43.43333, 1.14977, -5.04082, 14.815, -141.797, 16.8778, 37.1781, 0.0434877, 79.3183, 0.528715, -51.794, 0.611893, 126.33
2607, 43.44167, 1.1502, -5.05989, 14.8035, -141.797, 16.8609, 37.1586, 0.043516, 79.28, 0.528441, -51.7921, 0.611425, 126.31
2607, 43.45000, 1.15064, -5.07917, 14.7919, -141.796, 16.844, 37.1392, 0.0435443, 79.2415, 0.528167, -51.7901, 0.610958, 126.289
2608, 43.45833, 1.15108, -5.09864, 14.7804, -141.796, 16.8272, 37.1199, 0.0435727, 79.2029, 0.527895, -51.7881, 0.610491, 126.268
2608, 43.46667, 1.15152, -5.11831, 14.7689, -141.795, 16.8104, 37.1007, 0.0436012, 79.1641, 0.527623, -51.7861, 0.610026, 126.248
2608, 43.47500, 1.15196, -5.13819, 14.7574, -141.795, 16.7937, 37.0816, 0.0436298, 79.1253, 0.527351, -51.7839, 0.609562, 126.227
2609, 43.48333, 1.1524, -5.15825, 14.7459, -141.794, 16.777, 37.0626, 0.0436584, 79.0863, 0.52708, -51.7818, 0.609098, 126.207
2610, 43.49167, 1.15285, -5.17852, 14.7344, -141.793, 16.7603, 37.0437, 0.0436872, 79.0472, 0.526809, -51.7796, 0.608636, 126.187
2610, 43.50000, 1.15329, -5.19898, 14.723, -141.792, 16.7437, 37.0248, 0.0437161, 79.008, 0.526539, -51.7773, 0.608175, 126.167
2611, 43.50833, 1.15374, -5.21964, 14.7116, -141.792, 16.7271, 37.0061, 0.043745, 78.9687, 0.52627, -51.775, 0.607714, 126.147
2611, 43.51667, 1.15419, -5.24049, 14.7002, -141.791, 16.7105, 36.9874, 0.043774, 78.9292, 0.526001, -51.7726, 0.607255, 126.127
2612, 43.52500, 1.15464, -5.26154, 14.6888, -141.79, 16.6939, 36.9688, 0.0438032, 78.8896, 0.525732, -51.7702, 0.606797, 126.107
2612, 43.53333, 1.15509, -5.28278, 14.6775, -141.789, 16.6774, 36.9504, 0.0438324, 78.8499, 0.525464, -51.7678, 0.606339, 126.087
2612, 43.54167, 1.15554, -5.30422, 14.6662, -141.788, 16.661, 36.932, 0.0438616, 78.8101, 0.525197, -51.7653, 0.605883, 126.067
2613, 43.55000, 1.156, -5.32584, 14.6548, -141.787, 16.6445, 36.9136, 0.043891, 78.7701, 0.52493, -51.7627, 0.605427, 126.048
2614, 43.55833, 1.15645, -5.34766, 14.6435, -141.786, 16.6281, 36.8954, 0.0439205, 78.7301, 0.524664, -51.7601, 0.604973, 126.028
2614, 43.56667, 1.15691, -5.36968, 14.6323, -141.785, 16.6118, 36.8773, 0.04395, 78.6899, 0.524398, -51.7575, 0.604519, 126.009
2615, 43.57500, 1.15737, -5.39188, 14.621, -141.783, 16.5954, 36.8592, 0.0439796, 78.6496, 0.524132, -51.7548, 0.604067, 125.989
2615, 43.58333, 1.15783, -5.41427, 14.6098, -141.782, 16.5791, 36.8412, 0.0440094, 78.6091, 0.523868, -51.752, 0.603615, 125.97
2616, 43.59167, 1.15829, -5.43686, 14.5986, -141.781, 16.5628, 36.8233, 0.0440391, 78.5686, 0.523603, -51.7492, 0.603164, 125.951
2616, 43.60000, 1.15875, -5.45963, 14.5874, -141.78, 16.5466, 36.8055, 0.044069, 78.5279, 0.52334, -51.7464, 0.602715, 125.931
2616, 43.60833, 1.15921, -5.48259, 14.5762, -141.778, 16.5304, 36.7878, 0.044099, 78.4871, 0.523076, -51.7435, 0.602266, 125.912
2617, 43.61667, 1.15968, -5.50574, 14.565, -141.777, 16.5142, 36.7701, 0.044129, 78.4461, 0.522814, -51.7406, 0.601818, 125.893
2618, 43.62500, 1.16014, -5.52908, 14.5539, -141.775, 16.4981, 36.7526, 0.0441591, 78.4051, 0.522551, -51.7376, 0.601371, 125.875
2618, 43.63333, 1.16061, -5.55261, 14.5428, -141.774, 16.482, 36.7351, 0.0441893, 78.3639, 0.52229, -51.7346, 0.600925, 125.856
2619, 43.64167, 1.16108, -5.57632, 14.5317, -141.772, 16.4659, 36.7177, 0.0442196, 78.3226, 0.522028, -51.7316, 0.60048, 125.837
2619, 43.65000, 1.16155, -5.60022, 14.5206, -141.771, 16.4499, 36.7004, 0.0442499, 78.2812, 0.521768, -51.7285, 0.600036, 125.818
2620, 43.65833, 1.16202, -5.6243, 14.5095, -141.769, 16.4338, 36.6831, 0.0442804, 78.2397, 0.521507, -51.7253, 0.599592, 125.8
2620, 43.66667, 1.16249, -5.64857, 14.4985, -141.767, 16.4179, 36.6659, 0.0443109, 78.198, 0.521248, -51.7221, 0.59915, 125.781
2620, 43.67500, 1.16296, -5.67303, 14.4875, -141.765, 16.4019, 36.6488, 0.0443414, 78.1563, 0.520988, -51.7189, 0.598708, 125.763
2621, 43.68333, 1.16343, -5.69766, 14.4765, -141.764, 16.386, 36.6318, 0.0443721, 78.1144, 0.52073, -51.7156, 0.598267, 125.744
2622, 43.69167, 1.16391, -5.72249, 14.4655, -141.762, 16.3701, 36.6149, 0.0444028, 78.0723, 0.520471, -51.7123, 0.597828, 125.726
2622, 43.70000, 1.16438, -5.74749, 14.4545, -141.76, 16.3543, 36.598, 0.0444337, 78.0302, 0.520214, -51.7089, 0.597389, 125.708
2623, 43.70833, 1.16486, -5.77267, 14.4436, -141.758, 16.3384, 36.5812, 0.0444645, 77.9879, 0.519956, -51.7055, 0.596951, 125.69
2623, 43.71667, 1.16533, -5.79804, 14.4326, -141.756, 16.3226, 36.5645, 0.0444955, 77.9455, 0.5197, -51.7021, 0.596513, 125.672
2624, 43.72500, 1.16581, -5.82359, 14.4217, -141.754, 16.3069, 36.5479, 0.0445265, 77.903, 0.519443, -51.6986, 0.596077, 125.654
2624, 43.73333, 1.16629, -5.84932, 14.4108, -141.752, 16.2911, 36.5313, 0.0445576, 77.8604, 0.519188, -51.695, 0.595642, 125.636
2624, 43.74167, 1.16677, -5.87524, 14.4, -141.75, 16.2754, 36.5148, 0.0445888, 77.8177, 0.518932, -51.6914, 0.595207, 125.618
2625, 43.75000, 1.16725, -5.90133, 14.3891, -141.748, 16.2598, 36.4984, 0.0446201, 77.7748, 0.518677, -51.6878, 0.594773, 125.6
2626, 43.75833, 1.16774, -5.92759, 14.3783, -141.746, 16.2441, 36.482, 0.0446514, 77.7318, 0.518423, -51.6841, 0.59434, 125.583
2626, 43.76667, 1.16822, -5.95405, 14.3674, -141.743, 16.2285, 36.4657, 0.0446828, 77.6887, 0.518169, -51.6804, 0.593908, 125.565
2627, 43.77500, 1.1687, -5.98067, 14.3566, -141.741, 16.2129, 36.4495, 0.0447143, 77.6454, 0.517916, -51.6767, 0.593477, 125.547
2627, 43.78333, 1.16919, -6.00748, 14.3459, -141.739, 16.1974, 36.4334, 0.0447458, 77.6021, 0.517663, -51.6729, 0.593046, 125.53
2628, 43.79167, 1.16967, -6.03446, 14.3351, -141.737, 16.1818, 36.4173, 0.0447774, 77.5586, 0.51741, -51.669, 0.592617, 125.512
2628, 43.80000, 1.17016, -6.06162, 14.3243, -141.734, 16.1664, 36.4013, 0.0448091, 77.515, 0.517159, -51.6651, 0.592188, 125.495
2628, 43.80833, 1.17065, -6.08895, 14.3136, -141.732, 16.1509, 36.3854, 0.0448408, 77.4713, 0.516907, -51.6612, 0.59176, 125.478
2629, 43.81667, 1.17113, -6.11647, 14.3029, -141.729, 16.1354, 36.3695, 0.0448726, 77.4274, 0.516656, -51.6572, 0.591333, 125.461
2630, 43.82500, 1.17162, -6.14415, 14.2922, -141.727, 16.12, 36.3537, 0.0449045, 77.3835, 0.516405, -51.6532, 0.590906, 125.443
2630, 43.83333, 1.17211, -6.17201, 14.2815, -141.724, 16.1047, 36.338, 0.0449365, 77.3394, 0.516155, -51.6492, 0.590481, 125.426
2631, 43.84167, 1.1726, -6.20005, 14.2709, -141.722, 16.0893, 36.3224, 0.0449685, 77.2952, 0.515906, -51.6451, 0.590056, 125.409
2631, 43.85000, 1.17309, -6.22826, 14.2602, -141.719, 16.074, 36.3068, 0.0450006, 77.2509, 0.515657, -51.641, 0.589632, 125.392
2632, 43.85833, 1.17358, -6.25664, 14.2496, -141.716, 16.0587, 36.2912, 0.0450327, 77.2064, 0.515408, -51.6368, 0.589209, 125.376
2632, 43.86667, 1.17408, -6.2852, 14.239, -141.714, 16.0434, 36.2758, 0.0450649, 77.1619, 0.51516, -51.6326, 0.588786, 125.359
2633, 43.87500, 1.17457, -6.31393, 14.2284, -141.711, 16.0282, 36.2604, 0.0450972, 77.1172, 0.514912, -51.6283, 0.588364, 125.342
2633, 43.88333, 1.17506, -6.34283, 14.2178, -141.708, 16.013, 36.2451, 0.0451296, 77.0724, 0.514665, -51.624, 0.587944, 125.325
2634, 43.89167, 1.17556, -6.37191, 14.2073, -141.705, 15.9978, 36.2298, 0.045162, 77.0274, 0.514418, -51.6197, 0.587523, 125.309
2634, 43.90000, 1.17605, -6.40115, 14.1967, -141.702, 15.9826, 36.2146, 0.0451944, 76.9824, 0.514172, -51.6153, 0.587104, 125.292
2635, 43.90833, 1.17655, -6.43056, 14.1862, -141.7, 15.9675, 36.1994, 0.045227, 76.9372, 0.513926, -51.6109, 0.586685, 125.276
2635, 43.91667, 1.17704, -6.46015, 14.1757, -141.697, 15.9524, 36.1844, 0.0452596, 76.8919, 0.51368, -51.6065, 0.586267, 125.259
2636, 43.92500, 1.17754, -6.48991, 14.1652, -141.694, 15.9373, 36.1694, 0.0452922, 76.8465, 0.513435, -51.602, 0.58585, 125.243
2636, 43.93333, 1.17804, -6.51983, 14.1547, -141.691, 15.9223, 36.1544, 0.045325, 76.801, 0.513191, -51.5974, 0.585434, 125.226
2637, 43.94167, 1.17854, -6.54993, 14.1443, -141.688, 15.9073, 36.1395, 0.0453577, 76.7553, 0.512947, -51.5929, 0.585018, 125.21
2637, 43.95000, 1.17903, -6.58019, 14.1338, -141.684, 15.8923, 36.1247, 0.0453906, 76.7095, 0.512703, -51.5883, 0.584603, 125.194
2638, 43.95833, 1.17953, -6.61061, 14.1234, -141.681, 15.8773, 36.1099, 0.0454235, 76.6637, 0.51246, -51.5836, 0.584189, 125.178
2638, 43.96667, 1.18003, -6.64121, 14.113, -141.678, 15.8624, 36.0952, 0.0454564, 76.6176, 0.512217, -51.5789, 0.583776, 125.162
2639, 43.97500, 1.18053, -6.67198, 14.1026, -141.675, 15.8474, 36.0806, 0.0454895, 76.5715, 0.511975, -51.5742, 0.583363, 125.146
2639, 43.98333, 1.18103, -6.70291, 14.0923, -141.672, 15.8326, 36.066, 0.0455225, 76.5252, 0.511733, -51.5694, 0.582951, 125.13
2640, 43.99167, 1.18154, -6.73401, 14.0819, -141.668, 15.8177, 36.0515, 0.0455557, 76.4789, 0.511492, -51.5646, 0.582539, 125.114
2640, 44.00000, 1.18204, -6.76527, 14.0716, -141.665, 15.8029, 36.037, 0.0455889, 76.4324, 0.511251, -51.5598, 0.582129, 125.098
2641, 44.00833, 1.18254, -6.7967, 14.0612, -141.662, 15.788, 36.0226, 0.0456221, 76.3858, 0.51101, -51.5549, 0.581719, 125.082
2641, 44.01667, 1.18304, -6.8283, 14.0509, -141.658, 15.7733, 36.0082, 0.0456554, 76.339, 0.51077, -51.55, 0.58131, 125.066
2642, 44.02500, 1.18354, -6.86005, 14.0406, -141.655, 15.7585, 35.9939, 0.0456888, 76.2922, 0.510531, -51.545, 0.580901, 125.051
2642, 44.03333, 1.18405, -6.89198, 14.0304, -141.651, 15.7438, 35.9797, 0.0457222, 76.2452, 0.510292, -51.54, 0.580493, 125.035
2643, 44.04167, 1.18455, -6.92407, 14.0201, -141.648, 15.7291, 35.9655, 0.0457557, 76.1981, 0.510053, -51.535, 0.580086, 125.019
2643, 44.05000, 1.18506, -6.95631, 14.0099, -141.644, 15.7144, 35.9514, 0.0457892, 76.1509, 0.509815, -51.5299, 0.57968, 125.004
2644, 44.05833, 1.18556, -6.98873, 13.9997, -141.641, 15.6997, 35.9373, 0.0458228, 76.1035, 0.509577, -51.5248, 0.579274, 124.988
2644, 44.06667, 1.18606, -7.0213, 13.9895, -141.637, 15.6851, 35.9233, 0.0458565, 76.0561, 0.509339, -51.5197, 0.578869, 124.973
2645, 44.07500, 1.18657, -7.05404, 13.9793, -141.633, 15.6705, 35.9094, 0.0458902, 76.0085, 0.509102, -51.5145, 0.578464, 124.958
2645, 44.08333, 1.18708, -7.08694, 13.9691, -141.63, 15.6559, 35.8955, 0.0459239, 75.9608, 0.508866, -51.5093, 0.578061, 124.942
2646, 44.09167, 1.18758, -7.12, 13.9589, -141.626, 15.6413, 35.8816, 0.0459577, 75.913, 0.50863, -51.5041, 0.577657, 124.927
2646, 44.10000, 1.18809, -7.15322, 13.9488, -141.622, 15.6268, 35.8678, 0.0459915, 75.865, 0.508394, -51.4988, 0.577255, 124.912
2647, 44.10833, 1.18859, -7.18661, 13.9387, -141.618, 15.6123, 35.8541, 0.0460254, 75.817, 0.508159, -51.4934, 0.576853, 124.897
2647, 44.11667, 1.1891, -7.22015, 13.9286, -141.615, 15.5978, 35.8404, 0.0460594, 75.7688, 0.507924, -51.4881, 0.576452, 124.882
2648, 44.12500, 1.18961, -7.25385, 13.9185, -141.611, 15.5833, 35.8268, 0.0460934, 75.7205, 0.50769, -51.4827, 0.576051, 124.867
2648, 44.13333, 1.19011, -7.28771, 13.9084, -141.607, 15.5689, 35.8132, 0.0461275, 75.6721, 0.507456, -51.4772, 0.575652, 124.852
2649, 44.14167, 1.19062, -7.32174, 13.8983, -141.603, 15.5545, 35.7997, 0.0461616, 75.6235, 0.507222, -51.4718, 0.575252, 124.837
2649, 44.15000, 1.19113, -7.35592, 13.8883, -141.599, 15.5401, 35.7862, 0.0461957, 75.5749, 0.506989, -51.4663, 0.574854, 124.822
2650, 44.15833, 1.19164, -7.39025, 13.8782, -141.595, 15.5257, 35.7728, 0.0462299, 75.5261, 0.506756, -51.4607, 0.574456, 124.807
2650, 44.16667, 1.19215, -7.42475, 13.8682, -141.591, 15.5114, 35.7594, 0.0462642, 75.4772, 0.506524, -51.4551, 0.574058, 124.792
2651, 44.17500, 1.19265, -7.4594, 13.8582, -141.587, 15.4971, 35.7461, 0.0462985, 75.4282, 0.506292, -51.4495, 0.573662, 124.777
2651, 44.18333, 1.19316, -7.49421, 13.8482, -141.583, 15.4828, 35.7329, 0.0463328, 75.3791, 0.506061, -51.4439, 0.573265, 124.763
2652, 44.19167, 1.19367, -7.52918, 13.8383, -141.579, 15.4685, 35.7196, 0.0463672, 75.3298, 0.50583, -51.4382, 0.57287, 124.748
2652, 44.20000, 1.19418, -7.5643, 13.8283, -141.574, 15.4542, 35.7065, 0.0464016, 75.2804, 0.505599, -51.4325, 0.572475, 124.734
2653, 44.20833, 1.19469, -7.59958, 13.8184, -141.57, 15.44, 35.6934, 0.0464361, 75.2309, 0.505369, -51.4267, 0.572081, 124.719
2653, 44.21667, 1.1952, -7.63502, 13.8085, -141.566, 15.4258, 35.6803, 0.0464706, 75.1813, 0.50514, -51.4209, 0.571687, 124.705
2654, 44.22500, 1.19571, -7.67061, 13.7986, -141.562, 15.4116, 35.6673, 0.0465052, 75.1316, 0.50491, -51.4151, 0.571294, 124.69
2654, 44.23333, 1.19622, -7.70635, 13.7887, -141.557, 15.3974, 35.6543, 0.0465398, 75.0817, 0.504681, -51.4093, 0.570901, 124.676
2655, 44.24167, 1.19673, -7.74226, 13.7788, -141.553, 15.3833, 35.6414, 0.0465745, 75.0318, 0.504453, -51.4034, 0.570509, 124.661
2655, 44.25000, 1.19724, -7.77831, 13.7689, -141.548, 15.3692, 35.6285, 0.0466092, 74.9817, 0.504225, -51.3974, 0.570118, 124.647
2656, 44.25833, 1.19774, -7.81452, 13.7591, -141.544, 15.3551, 35.6157, 0.0466439, 74.9315, 0.503997, -51.3915, 0.569727, 124.633
2656, 44.26667, 1.19825, -7.85088, 13.7493, -141.54, 15.341, 35.6029, 0.0466787, 74.8811, 0.50377, -51.3855, 0.569337, 124.619
2657, 44.27500, 1.19876, -7.88739, 13.7394, -141.535, 15.327, 35.5902, 0.0467136, 74.8307, 0.503543, -51.3794, 0.568947, 124.604
2657, 44.28333, 1.19927, -7.92406, 13.7296, -141.531, 15.3129, 35.5775, 0.0467484, 74.7801, 0.503317, -51.3734, 0.568558, 124.59
2658, 44.29167, 1.19978, -7.96088, 13.7199, -141.526, 15.2989, 35.5649, 0.0467834, 74.7294, 0.503091, -51.3673, 0.56817, 124.576
2658, 44.30000, 1.20029, -7.99785, 13.7101, -141.521, 15.2849, 35.5523, 0.0468183, 74.6786, 0.502865, -51.3612, 0.567782, 124.562
2659, 44.30833, 1.2008, -8.03497, 13.7003, -141.517, 15.271, 35.5397, 0.0468533, 74.6277, 0.50264, -51.355, 0.567394, 124.548
2659, 44.31667, 1.20131, -8.07225, 13.6906, -141.512, 15.257, 35.5272, 0.0468883, 74.5767, 0.502415, -51.3488, 0.567007, 124.534
2660, 44.32500, 1.20182, -8.10967, 13.6809, -141.507, 15.2431, 35.5148, 0.0469234, 74.5255, 0.502191, -51.3426, 0.566621, 124.52
2660, 44.33333, 1.20233, -8.14725, 13.6712, -141.503, 15.2292, 35.5024, 0.0469585, 74.4742, 0.501967, -51.3363, 0.566235, 124.506
2661, 44.34167, 1.20284, -8.18498, 13.6615, -141.498, 15.2153, 35.49, 0.0469937, 74.4228, 0.501744, -51.33, 0.56585, 124.493
2661, 44.35000, 1.20335, -8.22285, 13.6518, -141.493, 15.2015, 35.4777, 0.0470288, 74.3713, 0.50152, -51.3237, 0.565466, 124.479
2662, 44.35833, 1.20386, -8.26088, 13.6421, -141.488, 15.1876, 35.4655, 0.0470641, 74.3197, 0.501298, -51.3173, 0.565081, 124.465
2662, 44.36667, 1.20437, -8.29906, 13.6325, -141.484, 15.1738, 35.4532, 0.0470993, 74.2679, 0.501075, -51.3109, 0.564698, 124.451
2663, 44.37500, 1.20487, -8.33738, 13.6228, -141.479, 15.16, 35.441, 0.0471346, 74.2161, 0.500853, -51.3045, 0.564315, 124.438
2663, 44.38333, 1.20538, -8.37585, 13.6132, -141.474, 15.1462, 35.4289, 0.04717, 74.1641, 0.500632, -51.298, 0.563932, 124.424
2664, 44.39167, 1.20589, -8.41448, 13.6036, -141.469, 15.1325, 35.4168, 0.0472053, 74.112, 0.500411, -51.2916, 0.56355, 124.411
2664, 44.40000, 1.2064, -8.45324, 13.594, -141.464, 15.1187, 35.4048, 0.0472407, 74.0597, 0.50019, -51.285, 0.563169, 124.397
2665, 44.40833, 1.20691, -8.49216, 13.5844, -141.459, 15.105, 35.3927, 0.0472762, 74.0074, 0.49997, -51.2785, 0.562788, 124.384
2665, 44.41667, 1.20742, -8.53123, 13.5749, -141.454, 15.0913, 35.3808, 0.0473116, 73.9549, 0.49975, -51.2719, 0.562407, 124.37
2666, 44.42500, 1.20792, -8.57044, 13.5653, -141.449, 15.0777, 35.3689, 0.0473471, 73.9023, 0.49953, -51.2653, 0.562027, 124.357
2666, 44.43333, 1.20843, -8.60979, 13.5558, -141.444, 15.064, 35.357, 0.0473827, 73.8496, 0.499311, -51.2586, 0.561648, 124.343
2667, 44.44167, 1.20894, -8.6493, 13.5463, -141.438, 15.0504, 35.3451, 0.0474182, 73.7968, 0.499093, -51.2519, 0.561269, 124.33
2667, 44.45000, 1.20945, -8.68895, 13.5368, -141.433, 15.0367, 35.3333, 0.0474538, 73.7439, 0.498874, -51.2452, 0.56089, 124.317
2668, 44.45833, 1.20995, -8.72874, 13.5273, -141.428, 15.0232, 35.3216, 0.0474894, 73.6908, 0.498656, -51.2385, 0.560512, 124.304
2668, 44.46667, 1.21046, -8.76869, 13.5178, -141.423, 15.0096, 35.3098, 0.0475251, 73.6376, 0.498439, -51.2317, 0.560134, 124.29
2669, 44.47500, 1.21097, -8.80877, 13.5083, -141.418, 14.996, 35.2982, 0.0475608, 73.5843, 0.498222, -51.2249, 0.559757, 124.277
2669, 44.48333, 1.21147, -8.849, 13.4989, -141.412, 14.9825, 35.2865, 0.0475965, 73.5309, 0.498005, -51.2181, 0.559381, 124.264
2670, 44.49167, 1.21198, -8.88938, 13.4895, -141.407, 14.969, 35.2749, 0.0476323, 73.4774, 0.497788, -51.2112, 0.559005, 124.251
2670, 44.50000, 1.21248, -8.9299, 13.48, -141.402, 14.9555, 35.2634, 0.047668, 73.4238, 0.497573, -51.2043, 0.558629, 124.238
2671, 44.50833, 1.21299, -8.97056, 13.4706, -141.396, 14.942, 35.2519, 0.0477038, 73.37, 0.497357, -51.1974, 0.558254, 124.225
2671, 44.51667, 1.21349, -9.01137, 13.4612, -141.391, 14.9285, 35.2404, 0.0477397, 73.3161, 0.497142, -51.1904, 0.557879, 124.212
2672, 44.52500, 1.214, -9.05232, 13.4519, -141.385, 14.9151, 35.229, 0.0477755, 73.2621, 0.496927, -51.1834, 0.557505, 124.199
2672, 44.53333, 1.2145, -9.09341, 13.4425, -141.38, 14.9016, 35.2176, 0.0478114, 73.208, 0.496713, -51.1764, 0.557131, 124.186
2673, 44.54167, 1.21501, -9.13465, 13.4331, -141.374, 14.8882, 35.2062, 0.0478473, 73.1538, 0.496499, -51.1694, 0.556758, 124.173
2673, 44.55000, 1.21551, -9.17603, 13.4238, -141.369, 14.8748, 35.1949, 0.0478833, 73.0994, 0.496285, -51.1623, 0.556385, 124.16
2674, 44.55833, 1.21601, -9.21754, 13.4145, -141.363, 14.8615, 35.1836, 0.0479192, 73.0449, 0.496072, -51.1552, 0.556013, 124.148
2674, 44.56667, 1.21651, -9.25921, 13.4052, -141.358, 14.8481, 35.1723, 0.0479552, 72.9903, 0.495859, -51.148, 0.555641, 124.135
2675, 44.57500, 1.21702, -9.30101, 13.3959, -141.352, 14.8348, 35.1611, 0.0479912, 72.9356, 0.495646, -51.1409, 0.555269, 124.122
2675, 44.58333, 1.21752, -9.34295, 13.3866, -141.347, 14.8215, 35.15, 0.0480273, 72.8808, 0.495434, -51.1337, 0.554898, 124.11
2676, 44.59167, 1.21802, -9.38504, 13.3773, -141.341, 14.8082, 35.1388, 0.0480633, 72.8259, 0.495223, -51.1265, 0.554527, 124.097
2676, 44.60000, 1.21852, -9.42726, 13.3681, -141.335, 14.7949, 35.1277, 0.0480994, 72.7708, 0.495011, -51.1192, 0.554157, 124.084
2677, 44.60833, 1.21902, -9.46962, 13.3589, -141.329, 14.7816, 35.1167, 0.0481355, 72.7157, 0.4948, -51.1119, 0.553787, 124.072
2677, 44.61667, 1.21952, -9.51213, 13.3496, -141.324, 14.7684, 35.1057, 0.0481716, 72.6604, 0.49459, -51.1046, 0.553418, 124.059
2678, 44.62500, 1.22002, -9.55477, 13.3404, -141.318, 14.7551, 35.0947, 0.0482078, 72.605, 0.49438, -51.0973, 0.553049, 124.047
2678, 44.63333, 1.22052, -9.59755, 13.3312, -141.312, 14.7419, 35.0837, 0.0482439, 72.5494, 0.49417, -51.0899, 0.55268, 124.034
2679, 44.64167, 1.22101, -9.64048, 13.322, -141.306, 14.7287, 35.0728, 0.0482801, 72.4938, 0.493961, -51.0825, 0.552312, 124.022
2679, 44.65000, 1.22151, -9.68354, 13.3129, -141.3, 14.7155, 35.062, 0.0483163, 72.438, 0.493752, -51.0751, 0.551945, 124.009
2680, 44.65833, 1.22201, -9.72674, 13.3037, -141.295, 14.7024, 35.0511, 0.0483525, 72.3822, 0.493543, -51.0676, 0.551577, 123.997
2680, 44.66667, 1.22251, -9.77008, 13.2946, -141.289, 14.6892, 35.0403, 0.0483888, 72.3262, 0.493335, -51.0601, 0.55121, 123.985
2681, 44.67500, 1.223, -9.81355, 13.2854, -141.283, 14.6761, 35.0295, 0.048425, 72.2701, 0.493127, -51.0526, 0.550844, 123.972
2681, 44.68333, 1.2235, -9.85716, 13.2763, -141.277, 14.663, 35.0188, 0.0484613, 72.2138, 0.492919, -51.0451, 0.550478, 123.96
2682, 44.69167, 1.22399, -9.90091, 13.2672, -141.271, 14.6499, 35.0081, 0.0484976, 72.1575, 0.492712, -51.0375, 0.550112, 123.948
2682, 44.70000, 1.22449, -9.94479, 13.2581, -141.265, 14.6368, 34.9975, 0.0485339, 72.101, 0.492505, -51.0299, 0.549747, 123.936
2683, 44.70833, 1.22498, -9.98881, 13.2491, -141.259, 14.6238, 34.9868, 0.0485702, 72.0445, 0.492299, -51.0223, 0.549382, 123.924
2683, 44.71667, 1.22547, -10.033, 13.24, -141.252, 14.6107, 34.9762, 0.0486066, 71.9878, 0.492093, -51.0146, 0.549017, 123.911
2684, 44.72500, 1.22596, -10.0773, 13.2309, -141.246, 14.5977, 34.9657, 0.0486429, 71.931, 0.491888, -51.007, 0.548653, 123.899
2684, 44.73333, 1.22646, -10.1217, 13.2219, -141.24, 14.5847, 34.9551, 0.0486793, 71.8741, 0.491682, -50.9992, 0.548289, 123.887
2685, 44.74167, 1.22695, -10.1663, 13.2129, -141.234, 14.5717, 34.9447, 0.0487157, 71.817, 0.491477, -50.9915, 0.547926, 123.875
2685, 44.75000, 1.22744, -10.211, 13.2039, -141.228, 14.5587, 34.9342, 0.0487521, 71.7599, 0.491273, -50.9838, 0.547563, 123.863
2686, 44.75833, 1.22793, -10.2558, 13.1949, -141.222, 14.5458, 34.9238, 0.0487885, 71.7026, 0.491069, -50.976, 0.5472, 123.851
2686, 44.76667, 1.22841, -10.3008, 13.1859, -141.215, 14.5328, 34.9134, 0.0488249, 71.6452, 0.490865, -50.9682, 0.546838, 123.839
2687, 44.77500, 1.2289, -10.3459, 13.1769, -141.209, 14.5199, 34.903, 0.0488613, 71.5877, 0.490662, -50.9603, 0.546476, 123.827
2687, 44.78333, 1.22939, -10.3911, 13.168, -141.203, 14.507, 34.8927, 0.0488978, 71.5301, 0.490459, -50.9524, 0.546115, 123.816
2688, 44.79167, 1.22988, -10.4365, 13.159, -141.196, 14.4941, 34.8824, 0.0489342, 71.4724, 0.490256, -50.9446, 0.545753, 123.804
2688, 44.80000, 1.23036, -10.482, 13.1501, -141.19, 14.4812, 34.8722, 0.0489707, 71.4145, 0.490054, -50.9366, 0.545392, 123.792
2689, 44.80833, 1.23085, -10.5276, 13.1412, -141.184, 14.4683, 34.8619, 0.0490071, 71.3566, 0.489852, -50.9287, 0.545032, 123.78
2689, 44.81667, 1.23133, -10.5734, 13.1323, -141.177, 14.4555, 34.8517, 0.0490436, 71.2985, 0.489651, -50.9207, 0.544672, 123.768
2689, 44.82500, 1.23181, -10.6193, 13.1234, -141.171, 14.4426, 34.8416, 0.0490801, 71.2403, 0.489449, -50.9127, 0.544312, 123.757
2690, 44.83333, 1.2323, -10.6653, 13.1145, -141.164, 14.4298, 34.8314, 0.0491166, 71.182, 0.489249, -50.9047, 0.543952, 123.745
2691, 44.84167, 1.23278, -10.7115, 13.1056, -141.158, 14.417, 34.8213, 0.0491531, 71.1235, 0.489048, -50.8967, 0.543593, 123.733
2691, 44.85000, 1.23326, -10.7578, 13.0968, -141.151, 14.4042, 34.8113, 0.0491896, 71.065, 0.488848, -50.8886, 0.543235, 123.722
2692, 44.85833, 1.23374, -10.8042, 13.0879, -141.145, 14.3914, 34.8012, 0.0492261, 71.0064, 0.488649, -50.8805, 0.542876, 123.71
2692, 44.86667, 1.23422, -10.8508, 13.0791, -141.138, 14.3787, 34.7912, 0.0492626, 70.9476, 0.488449, -50.8724, 0.542518, 123.699
2693, 44.87500, 1.23469, -10.8975, 13.0703, -141.132, 14.3659, 34.7813, 0.0492992, 70.8887, 0.48825, -50.8642, 0.54216, 123.687
2693, 44.88333, 1.23517, -10.9443, 13.0615, -141.125, 14.3532, 34.7713, 0.0493357, 70.8297, 0.488052, -50.856, 0.541803, 123.675
2693, 44.89167, 1.23565, -10.9912, 13.0527, -141.119, 14.3405, 34.7614, 0.0493722, 70.7706, 0.487854, -50.8478, 0.541445, 123.664
2694, 44.90000, 1.23612, -11.0383, 13.0439, -141.112, 14.3278, 34.7515, 0.0494087, 70.7114, 0.487656, -50.8396, 0.541089, 123.653
2695, 44.90833, 1.2366, -11.0855, 13.0352, -141.105, 14.3151, 34.7417, 0.0494453, 70.652, 0.487458, -50.8314, 0.540732, 123.641
2695, 44.91667, 1.23707, -11.1329, 13.0264, -141.099, 14.3024, 34.7319, 0.0494818, 70.5926, 0.487261, -50.8231, 0.540376, 123.63
2696, 44.92500, 1.23754, -11.1803, 13.0177, -141.092, 14.2898, 34.7221, 0.0495184, 70.533, 0.487065, -50.8148, 0.54002, 123.618
2696, 44.93333, 1.23802, -11.2279, 13.009, -141.085, 14.2771, 34.7123, 0.0495549, 70.4733, 0.486868, -50.8065, 0.539664, 123.607
2697, 44.94167, 1.23849, -11.2757, 13.0003, -141.078, 14.2645, 34.7026, 0.0495914, 70.4135, 0.486672, -50.7981, 0.539309, 123.596
2697, 44.95000, 1.23896, -11.3235, 12.9916, -141.071, 14.2519, 34.6929, 0.049628, 70.3536, 0.486477, -50.7898, 0.538954, 123.584
2697, 44.95833, 1.23942, -11.3715, 12.9829, -141.065, 14.2393, 34.6832, 0.0496645, 70.2936, 0.486281, -50.7814, 0.538599, 123.573
2698, 44.96667, 1.23989, -11.4196, 12.9742, -141.058, 14.2267, 34.6736, 0.0497011, 70.2334, 0.486086, -50.773, 0.538245, 123.562
2699, 44.97500, 1.24036, -11.4679, 12.9655, -141.051, 14.2141, 34.664, 0.0497376, 70.1732, 0.485892, -50.7645, 0.537891, 123.551
2699, 44.98333, 1.24082, -11.5162, 12.9569, -141.044, 14.2015, 34.6544, 0.0497741, 70.1128, 0.485698, -50.7561, 0.537537, 123.54
2700, 44.99167, 1.24129, -11.5647, 12.9483, -141.037, 14.189, 34.6449, 0.0498107, 70.0523, 0.485504, -50.7476, 0.537184, 123.528
2700, 45.00000, 1.24175, -11.6133, 12.9396, -141.03, 14.1764, 34.6353, 0.0498472, 69.9917, 0.48531, -50.7391, 0.53683, 123.517
2701, 45.00833, 1.24221, -11.6621, 12.931, -141.023, 14.1639, 34.6258, 0.0498837, 69.931, 0.485117, -50.7305, 0.536477, 123.506
2701, 45.01667, 1.24268, -11.7109, 12.9224, -141.016, 14.1514, 34.6164, 0.0499202, 69.8702, 0.484924, -50.722, 0.536125, 123.495
2701, 45.02500, 1.24314, -11.7599, 12.9138, -141.009, 14.1389, 34.607, 0.0499567, 69.8093, 0.484732, -50.7134, 0.535772, 123.484
2702, 45.03333, 1.24359, -11.809, 12.9053, -141.002, 14.1264, 34.5975, 0.0499932, 69.7482, 0.48454, -50.7048, 0.53542, 123.473
2703, 45.04167, 1.24405, -11.8583, 12.8967, -140.995, 14.114, 34.5882, 0.0500297, 69.6871, 0.484348, -50.6962, 0.535068, 123.462
2703, 45.05000, 1.24451, -11.9077, 12.8882, -140.988, 14.1015, 34.5788, 0.0500662, 69.6258, 0.484157, -50.6875, 0.534717, 123.451
2704, 45.05833, 1.24496, -11.9571, 12.8796, -140.981, 14.0891, 34.5695, 0.0501027, 69.5644, 0.483966, -50.6789, 0.534365, 123.44
2704, 45.06667, 1.24542, -12.0068, 12.8711, -140.974, 14.0767, 34.5602, 0.0501392, 69.5029, 0.483775, -50.6702, 0.534014, 123.429
2705, 45.07500, 1.24587, -12.0565, 12.8626, -140.967, 14.0642, 34.5509, 0.0501757, 69.4413, 0.483585, -50.6615, 0.533663, 123.419
2705, 45.08333, 1.24632, -12.1064, 12.8541, -140.959, 14.0518, 34.5417, 0.0502121, 69.3796, 0.483395, -50.6527, 0.533313, 123.408
2705, 45.09167, 1.24677, -12.1564, 12.8456, -140.952, 14.0394, 34.5325, 0.0502486, 69.3178, 0.483206, -50.644, 0.532963, 123.397
2706, 45.10000, 1.24722, -12.2065, 12.8371, -140.945, 14.0271, 34.5233, 0.050285, 69.2558, 0.483017, -50.6352, 0.532613, 123.386
2707, 45.10833, 1.24767, -12.2567, 12.8287, -140.938, 14.0147, 34.5142, 0.0503214, 69.1938, 0.482828, -50.6264, 0.532263, 123.375
2707, 45.11667, 1.24812, -12.3071, 12.8202, -140.931, 14.0024, 34.505, 0.0503578, 69.1316, 0.482639, -50.6176, 0.531913, 123.365
2708, 45.12500, 1.24856, -12.3575, 12.8118, -140.923, 13.99, 34.4959, 0.0503942, 69.0693, 0.482451, -50.6087, 0.531564, 123.354
2708, 45.13333, 1.24901, -12.4081, 12.8033, -140.916, 13.9777, 34.4869, 0.0504306, 69.0069, 0.482263, -50.5999, 0.531215, 123.343
2709, 45.14167, 1.24945, -12.4589, 12.7949, -140.909, 13.9654, 34.4778, 0.050467, 68.9444, 0.482076, -50.591, 0.530866, 123.332
2709, 45.15000, 1.24989, -12.5097, 12.7865, -140.901, 13.9531, 34.4688, 0.0505034, 68.8818, 0.481889, -50.5821, 0.530517, 123.322
2709, 45.15833, 1.25033, -12.5607, 12.7781, -140.894, 13.9408, 34.4598, 0.0505397, 68.8191, 0.481702, -50.5732, 0.530169, 123.311
2710, 45.16667, 1.25077, -12.6117, 12.7697, -140.887, 13.9285, 34.4509, 0.050576, 68.7563, 0.481516, -50.5642, 0.529821, 123.301
2711, 45.17500, 1.25121, -12.6629, 12.7614, -140.879, 13.9162, 34.4419, 0.0506123, 68.6933, 0.48133, -50.5553, 0.529473, 123.29
2711, 45.18333, 1.25165, -12.7143, 12.753, -140.872, 13.904, 34.433, 0.0506486, 68.6303, 0.481144, -50.5463, 0.529125, 123.28
2712, 45.19167, 1.25208, -12.7657, 12.7447, -140.864, 13.8917, 34.4241, 0.0506849, 68.5671, 0.480959, -50.5373, 0.528778, 123.269
2712, 45.20000, 1.25252, -12.8173, 12.7364, -140.857, 13.8795, 34.4153, 0.0507212, 68.5038, 0.480774, -50.5283, 0.528431, 123.259
2713, 45.20833, 1.25295, -12.8689, 12.728, -140.849, 13.8673, 34.4065, 0.0507574, 68.4404, 0.480589, -50.5192, 0.528084, 123.248
2713, 45.21667, 1.25338, -12.9207, 12.7197, -140.842, 13.8551, 34.3977, 0.0507936, 68.3769, 0.480405, -50.5101, 0.527737, 123.238
2713, 45.22500, 1.25381, -12.9727, 12.7114, -140.834, 13.8429, 34.3889, 0.0508298, 68.3133, 0.480221, -50.5011, 0.52739, 123.227
2714, 45.23333, 1.25424, -13.0247, 12.7032, -140.827, 13.8307, 34.3801, 0.050866, 68.2496, 0.480038, -50.492, 0.527044, 123.217
2715, 45.24167, 1.25466, -13.0768, 12.6949, -140.819, 13.8185, 34.3714, 0.0509022, 68.1858, 0.479854, -50.4828, 0.526698, 123.206
2715, 45.25000, 1.25509, -13.1291, 12.6866, -140.812, 13.8064, 34.3627, 0.0509383, 68.1219, 0.479672, -50.4737, 0.526352, 123.196
2716, 45.25833, 1.25551, -13.1815, 12.6784, -140.804, 13.7942, 34.354, 0.0509744, 68.0578, 0.479489, -50.4645, 0.526006, 123.186
2716, 45.26667, 1.25593, -13.234, 12.6701, -140.796, 13.7821, 34.3454, 0.0510105, 67.9937, 0.479307, -50.4554, 0.525661, 123.176
2717, 45.27500, 1.25635, -13.2866, 12.6619, -140.789, 13.77, 34.3368, 0.0510466, 67.9294, 0.479125, -50.4462, 0.525315, 123.165
2717, 45.28333, 1.25677, -13.3394, 12.6537, -140.781, 13.7578, 34.3282, 0.0510826, 67.865, 0.478944, -50.437, 0.52497, 123.155
2717, 45.29167, 1.25719, -13.3922, 12.6455, -140.773, 13.7457, 34.3196, 0.0511187, 67.8005, 0.478762, -50.4277, 0.524625, 123.145
2718, 45.30000, 1.25761, -13.4452, 12.6373, -140.766, 13.7336, 34.3111, 0.0511547, 67.736, 0.478582, -50.4185, 0.52428, 123.135
2719, 45.30833, 1.25802, -13.4983, 12.6291, -140.758, 13.7216, 34.3025, 0.0511906, 67.6713, 0.478401, -50.4092, 0.523936, 123.124
2719, 45.31667, 1.25843, -13.5515, 12.621, -140.75, 13.7095, 34.2941, 0.0512266, 67.6065, 0.478221, -50.3999, 0.523591, 123.114
2720, 45.32500, 1.25884, -13.6048, 12.6128, -140.742, 13.6974, 34.2856, 0.0512625, 67.5415, 0.478041, -50.3906, 0.523247, 123.104
2720, 45.33333, 1.25925, -13.6582, 12.6047, -140.735, 13.6854, 34.2771, 0.0512984, 67.4765, 0.477862, -50.3813, 0.522903, 123.094
2721, 45.34167, 1.25966, -13.7118, 12.5965, -140.727, 13.6733, 34.2687, 0.0513342, 67.4114, 0.477683, -50.372, 0.522559, 123.084
2721, 45.35000, 1.26007, -13.7654, 12.5884, -140.719, 13.6613, 34.2603, 0.05137, 67.3462, 0.477504, -50.3626, 0.522216, 123.074
2721, 45.35833, 1.26047, -13.8192, 12.5803, -140.711, 13.6493, 34.252, 0.0514058, 67.2808, 0.477326, -50.3532, 0.521872, 123.064
2722, 45.36667, 1.26088, -13.8731, 12.5722, -140.703, 13.6373, 34.2436, 0.0514416, 67.2154, 0.477148, -50.3438, 0.521529, 123.054
2723, 45.37500, 1.26128, -13.9271, 12.5641, -140.695, 13.6253, 34.2353, 0.0514773, 67.1498, 0.47697, -50.3344, 0.521186, 123.044
2723, 45.38333, 1.26168, -13.9812, 12.5561, -140.687, 13.6133, 34.227, 0.051513, 67.0841, 0.476793, -50.325, 0.520843, 123.034
2724, 45.39167, 1.26207, -14.0354, 12.548, -140.68, 13.6013, 34.2188, 0.0515487, 67.0184, 0.476616, -50.3156, 0.5205, 123.024
2724, 45.40000, 1.26247, -14.0897, 12.5399, -140.672, 13.5894, 34.2105, 0.0515844, 66.9525, 0.476439, -50.3061, 0.520157, 123.014
2725, 45.40833, 1.26287, -14.1442, 12.5319, -140.664, 13.5774, 34.2023, 0.05162, 66.8865, 0.476263, -50.2966, 0.519815, 123.004
2725, 45.41667, 1.26326, -14.1987, 12.5239, -140.656, 13.5655, 34.1941, 0.0516555, 66.8204, 0.476087, -50.2871, 0.519472, 122.994
2725, 45.42500, 1.26365, -14.2534, 12.5159, -140.648, 13.5535, 34.1859, 0.0516911, 66.7542, 0.475911, -50.2776, 0.51913, 122.985
2726, 45.43333, 1.26404, -14.3082, 12.5079, -140.64, 13.5416, 34.1778, 0.0517266, 66.6879, 0.475736, -50.2681, 0.518788, 122.975
2727, 45.44167, 1.26443, -14.363, 12.4999, -140.632, 13.5297, 34.1697, 0.051762, 66.6215, 0.475561, -50.2586, 0.518446, 122.965
2727, 45.45000, 1.26481, -14.418, 12.4919, -140.624, 13.5178, 34.1616, 0.0517975, 66.555, 0.475386, -50.249, 0.518105, 122.955
2728, 45.45833, 1.2652, -14.4731, 12.4839, -140.616, 13.5059, 34.1535, 0.0518328, 66.4884, 0.475212, -50.2395, 0.517763, 122.945
2728, 45.46667, 1.26558, -14.5284, 12.4759, -140.608, 13.494, 34.1455, 0.0518682, 66.4217, 0.475038, -50.2299, 0.517422, 122.936
2729, 45.47500, 1.26596, -14.5837, 12.468, -140.6, 13.4821, 34.1374, 0.0519035, 66.3548, 0.474864, -50.2203, 0.51708, 122.926
2729, 45.48333, 1.26634, -14.6391, 12.4601, -140.591, 13.4702, 34.1294, 0.0519388, 66.2879, 0.474691, -50.2107, 0.516739, 122.916
2729, 45.49167, 1.26671, -14.6947, 12.4521, -140.583, 13.4584, 34.1215, 0.051974, 66.2209, 0.474518, -50.2011, 0.516398, 122.907
2730, 45.50000, 1.26709, -14.7503, 12.4442, -140.575, 13.4465, 34.1135, 0.0520092, 66.1537, 0.474345, -50.1914, 0.516057, 122.897
2731, 45.50833, 1.26746, -14.806, 12.4363, -140.567, 13.4347, 34.1056, 0.0520443, 66.0865, 0.474173, -50.1818, 0.515717, 122.888
2731, 45.51667, 1.26783, -14.8619, 12.4284, -140.559, 13.4229, 34.0977, 0.0520795, 66.0191, 0.474001, -50.1721, 0.515376, 122.878
2732, 45.52500, 1.2682, -14.9179, 12.4205, -140.551, 13.411, 34.0898, 0.0521145, 65.9517, 0.473829, -50.1624, 0.515036, 122.868
2732, 45.53333, 1.26857, -14.974, 12.4127, -140.543, 13.3992, 34.082, 0.0521495, 65.8841, 0.473658, -50.1527, 0.514695, 122.859
2733, 45.54167, 1.26894, -15.0301, 12.4048, -140.534, 13.3874, 34.0742, 0.0521845, 65.8165, 0.473487, -50.143, 0.514355, 122.849
2733, 45.55000, 1.2693, -15.0864, 12.397, -140.526, 13.3756, 34.0663, 0.0522194, 65.7487, 0.473317, -50.1333, 0.514015, 122.84
2733, 45.55833, 1.26966, -15.1428, 12.3891, -140.518, 13.3639, 34.0586, 0.0522543, 65.6809, 0.473146, -50.1235, 0.513675, 122.83
2734, 45.56667, 1.27002, -15.1993, 12.3813, -140.51, 13.3521, 34.0508, 0.0522892, 65.6129, 0.472976, -50.1138, 0.513335, 122.821
2735, 45.57500, 1.27038, -15.2559, 12.3735, -140.501, 13.3403, 34.0431, 0.052324, 65.5448, 0.472807, -50.104, 0.512996, 122.812
2735, 45.58333, 1.27073, -15.3126, 12.3657, -140.493, 13.3286, 34.0354, 0.0523587, 65.4767, 0.472637, -50.0943, 0.512656, 122.802
2736, 45.59167, 1.27109, -15.3694, 12.3579, -140.485, 13.3168, 34.0277, 0.0523934, 65.4084, 0.472468, -50.0845, 0.512317, 122.793
2736, 45.60000, 1.27144, -15.4263, 12.3501, -140.476, 13.3051, 34.02, 0.052428, 65.34, 0.4723, -50.0747, 0.511977, 122.783
2737, 45.60833, 1.27179, -15.4834, 12.3423, -140.468, 13.2933, 34.0124, 0.0524626, 65.2716, 0.472131, -50.0649, 0.511638, 122.774
2737, 45.61667, 1.27213, -15.5405, 12.3346, -140.46, 13.2816, 34.0048, 0.0524972, 65.203, 0.471963, -50.055, 0.511299, 122.765
2737, 45.62500, 1.27248, -15.5977, 12.3268, -140.451, 13.2699, 33.9972, 0.0525317, 65.1343, 0.471796, -50.0452, 0.51096, 122.755
2738, 45.63333, 1.27282, -15.655, 12.3191, -140.443, 13.2582, 33.9896, 0.0525661, 65.0655, 0.471628, -50.0354, 0.510621, 122.746
2739, 45.64167, 1.27316, -15.7125, 12.3113, -140.435, 13.2465, 33.9821, 0.0526005, 64.9967, 0.471461, -50.0255, 0.510282, 122.737
2739, 45.65000, 1.2735, -15.77, 12.3036, -140.426, 13.2348, 33.9746, 0.0526348, 64.9277, 0.471295, -50.0156, 0.509943, 122.728
2740, 45.65833, 1.27384, -15.8276, 12.2959, -140.418, 13.2232, 33.9671, 0.0526691, 64.8586, 0.471128, -50.0057, 0.509605, 122.719
2740, 45.66667, 1.27417, -15.8853, 12.2882, -140.409, 13.2115, 33.9596, 0.0527034, 64.7894, 0.470962, -49.9958, 0.509266, 122.709
2741, 45.67500, 1.27451, -15.9432, 12.2805, -140.401, 13.1998, 33.9522, 0.0527375, 64.7202, 0.470797, -49.9859, 0.508928, 122.7
2741, 45.68333, 1.27484, -16.0011, 12.2729, -140.393, 13.1882, 33.9447, 0.0527716, 64.6508, 0.470631, -49.976, 0.508589, 122.691
2741, 45.69167, 1.27517, -16.0591, 12.2652, -140.384, 13.1765, 33.9373, 0.0528057, 64.5813, 0.470466, -49.9661, 0.508251, 122.682
2742, 45.70000, 1.27549, -16.1173, 12.2575, -140.376, 13.1649, 33.93, 0.0528397, 64.5117, 0.470301, -49.9562, 0.507913, 122.673
2743, 45.70833, 1.27582, -16.1755, 12.2499, -140.367, 13.1533, 33.9226, 0.0528737, 64.4421, 0.470137, -49.9462, 0.507575, 122.664
2743, 45.71667, 1.27614, -16.2338, 12.2423, -140.359, 13.1416, 33.9153, 0.0529075, 64.3723, 0.469973, -49.9363, 0.507237, 122.655
2744, 45.72500, 1.27646, -16.2922, 12.2346, -140.35, 13.13, 33.908, 0.0529414, 64.3024, 0.469809, -49.9263, 0.506899, 122.646
2744, 45.73333, 1.27677, -16.3508, 12.227, -140.342, 13.1184, 33.9007, 0.0529751, 64.2325, 0.469646, -49.9163, 0.506561, 122.637
2745, 45.74167, 1.27709, -16.4094, 12.2194, -140.333, 13.1068, 33.8934, 0.0530089, 64.1624, 0.469482, -49.9063, 0.506223, 122.628
2745, 45.75000, 1.2774, -16.4681, 12.2118, -140.325, 13.0952, 33.8862, 0.0530425, 64.0923, 0.46932, -49.8963, 0.505886, 122.619
2745, 45.75833, 1.27771, -16.5269, 12.2043, -140.316, 13.0837, 33.879, 0.0530761, 64.022, 0.469157, -49.8863, 0.505548, 122.61
2746, 45.76667, 1.27802, -16.5858, 12.1967, -140.307, 13.0721, 33.8718, 0.0531096, 63.9517, 0.468995, -49.8763, 0.505211, 122.601
2747, 45.77500, 1.27833, -16.6448, 12.1891, -140.299, 13.0605, 33.8647, 0.0531431, 63.8812, 0.468833, -49.8663, 0.504873, 122.592
2747, 45.78333, 1.27863, -16.7039, 12.1816, -140.29, 13.049, 33.8575, 0.0531765, 63.8107, 0.468671, -49.8563, 0.504536, 122.583
2748, 45.79167, 1.27893, -16.7631, 12.174, -140.282, 13.0374, 33.8504, 0.0532098, 63.74, 0.46851, -49.8462, 0.504198, 122.575
2748, 45.80000, 1.27923, -16.8224, 12.1665, -140.273, 13.0259, 33.8433, 0.053243, 63.6693, 0.468349, -49.8362, 0.503861, 122.566
2749, 45.80833, 1.27953, -16.8818, 12.159, -140.264, 13.0143, 33.8362, 0.0532762, 63.5985, 0.468189, -49.8261, 0.503524, 122.557
2749, 45.81667, 1.27982, -16.9413, 12.1515, -140.256, 13.0028, 33.8292, 0.0533094, 63.5276, 0.468028, -49.816, 0.503187, 122.548
2749, 45.82500, 1.28011, -17.0008, 12.144, -140.247, 12.9913, 33.8222, 0.0533424, 63.4565, 0.467868, -49.806, 0.50285, 122.54
2750, 45.83333, 1.2804, -17.0605, 12.1365, -140.238, 12.9798, 33.8152, 0.0533754, 63.3854, 0.467709, -49.7959, 0.502513, 122.531
2751, 45.84167, 1.28069, -17.1203, 12.129, -140.23, 12.9683, 33.8082, 0.0534084, 63.3142, 0.467549, -49.7858, 0.502176, 122.522
2751, 45.85000, 1.28097, -17.1801, 12.1216, -140.221, 12.9568, 33.8013, 0.0534412, 63.2429, 0.46739, -49.7757, 0.501839, 122.514
2752, 45.85833, 1.28126, -17.24, 12.1141, -140.212, 12.9453, 33.7943, 0.053474, 63.1715, 0.467232, -49.7656, 0.501502, 122.505
2752, 45.86667, 1.28154, -17.3001, 12.1067, -140.204, 12.9338, 33.7874, 0.0535067, 63.1001, 0.467073, -49.7555, 0.501166, 122.496
2753, 45.87500, 1.28181, -17.3602, 12.0992, -140.195, 12.9223, 33.7806, 0.0535394, 63.0285, 0.466915, -49.7454, 0.500829, 122.488
2753, 45.88333, 1.28209, -17.4204, 12.0918, -140.186, 12.9109, 33.7737, 0.0535719, 62.9568, 0.466757, -49.7353, 0.500492, 122.479
2753, 45.89167, 1.28236, -17.4807, 12.0844, -140.178, 12.8994, 33.7669, 0.0536044, 62.8851, 0.4666, -49.7251, 0.500156, 122.471
2754, 45.90000, 1.28263, -17.5411, 12.077, -140.169, 12.888, 33.7601, 0.0536369, 62.8132, 0.466443, -49.715, 0.499819, 122.462
2755, 45.90833, 1.2829, -17.6016, 12.0696, -140.16, 12.8765, 33.7533, 0.0536692, 62.7413, 0.466286, -49.7048, 0.499483, 122.454
2755, 45.91667, 1.28316, -17.6622, 12.0622, -140.151, 12.8651, 33.7465, 0.0537015, 62.6692, 0.466129, -49.6947, 0.499146, 122.445
2756, 45.92500, 1.28342, -17.7228, 12.0548, -140.143, 12.8536, 33.7398, 0.0537337, 62.5971, 0.465973, -49.6845, 0.49881, 122.437
2756, 45.93333, 1.28368, -17.7836, 12.0475, -140.134, 12.8422, 33.7331, 0.0537658, 62.5249, 0.465817, -49.6744, 0.498474, 122.428
2757, 45.94167, 1.28394, -17.8444, 12.0401, -140.125, 12.8308, 33.7264, 0.0537979, 62.4526, 0.465661, -49.6642, 0.498137, 122.42
2757, 45.95000, 1.2842, -17.9053, 12.0327, -140.116, 12.8194, 33.7197, 0.0538298, 62.3802, 0.465506, -49.6541, 0.497801, 122.411
2758, 45.95833, 1.28445, -17.9663, 12.0254, -140.107, 12.808, 33.7131, 0.0538617, 62.3077, 0.465351, -49.6439, 0.497465, 122.403
2758, 45.96667, 1.2847, -18.0274, 12.0181, -140.099, 12.7966, 33.7065, 0.0538935, 62.2351, 0.465196, -49.6337, 0.497129, 122.395
2759, 45.97500, 1.28494, -18.0886, 12.0108, -140.09, 12.7852, 33.6999, 0.0539252, 62.1625, 0.465042, -49.6235, 0.496792, 122.386
2759, 45.98333, 1.28519, -18.1499, 12.0035, -140.081, 12.7738, 33.6933, 0.0539569, 62.0897, 0.464888, -49.6133, 0.496456, 122.378
2760, 45.99167, 1.28543, -18.2112, 11.9962, -140.072, 12.7624, 33.6868, 0.0539885, 62.0169, 0.464734, -49.6031, 0.49612, 122.37
2760, 46.00000, 1.28567, -18.2726, 11.9889, -140.063, 12.7511, 33.6802, 0.0540199, 61.944, 0.46458, -49.5929, 0.495784, 122.362
2761, 46.00833, 1.28591, -18.3342, 11.9816, -140.054, 12.7397, 33.6737, 0.0540513, 61.8709, 0.464427, -49.5827, 0.495448, 122.353
2761, 46.01667, 1.28614, -18.3958, 11.9743, -140.046, 12.7283, 33.6673, 0.0540827, 61.7978, 0.464274, -49.5725, 0.495112, 122.345
2762, 46.02500, 1.28637, -18.4575, 11.9671, -140.037, 12.717, 33.6608, 0.0541139, 61.7247, 0.464121, -49.5623, 0.494776, 122.337
2762, 46.03333, 1.2866, -18.5192, 11.9598, -140.028, 12.7056, 33.6544, 0.054145, 61.6514, 0.463969, -49.5521, 0.49444, 122.329
2763, 46.04167, 1.28682, -18.5811, 11.9526, -140.019, 12.6943, 33.648, 0.0541761, 61.578, 0.463817, -49.5419, 0.494104, 122.321
2763, 46.05000, 1.28705, -18.643, 11.9454, -140.01, 12.683, 33.6416, 0.0542071, 61.5046, 0.463665, -49.5317, 0.493768, 122.313
2764, 46.05833, 1.28727, -18.705, 11.9381, -140.001, 12.6716, 33.6353, 0.054238, 61.4311, 0.463514, -49.5215, 0.493432, 122.305
2764, 46.06667, 1.28748, -18.7671, 11.9309, -139.992, 12.6603, 33.6289, 0.0542688, 61.3574, 0.463362, -49.5112, 0.493096, 122.297
2765, 46.07500, 1.2877, -18.8293, 11.9237, -139.983, 12.649, 33.6226, 0.0542995, 61.2837, 0.463212, -49.501, 0.492761, 122.289
2765, 46.08333, 1.28791, -18.8915, 11.9166, -139.974, 12.6377, 33.6164, 0.0543301, 61.21, 0.463061, -49.4908, 0.492425, 122.281
2766, 46.09167, 1.28812, -18.9539, 11.9094, -139.966, 12.6264, 33.6101, 0.0543606, 61.1361, 0.462911, -49.4806, 0.492089, 122.273
2766, 46.10000, 1.28832, -19.0163, 11.9022, -139.957, 12.6151, 33.6039, 0.0543911, 61.0621, 0.462761, -49.4703, 0.491753, 122.265
2767, 46.10833, 1.28853, -19.0788, 11.895, -139.948, 12.6038, 33.5977, 0.0544214, 60.9881, 0.462611, -49.4601, 0.491417, 122.257
2767, 46.11667, 1.28873, -19.1413, 11.8879, -139.939, 12.5925, 33.5915, 0.0544517, 60.914, 0.462462, -49.4499, 0.491081, 122.249
2768, 46.12500, 1.28893, -19.204, 11.8807, -139.93, 12.5812, 33.5853, 0.0544819, 60.8398, 0.462312, -49.4396, 0.490746, 122.241
2768, 46.13333, 1.28912, -19.2667, 11.8736, -139.921, 12.57, 33.5792, 0.0545119, 60.7655, 0.462164, -49.4294, 0.49041, 122.233
2769, 46.14167, 1.28931, -19.3295, 11.8665, -139.912, 12.5587, 33.5731, 0.0545419, 60.6911, 0.462015, -49.4191, 0.490074, 122.225
2769, 46.15000, 1.2895, -19.3924, 11.8594, -139.903, 12.5475, 33.567, 0.0545718, 60.6167, 0.461867, -49.4089, 0.489738, 122.218
2770, 46.15833, 1.28969, -19.4553, 11.8523, -139.894, 12.5362, 33.561, 0.0546016, 60.5422, 0.461719, -49.3987, 0.489403, 122.21
2770, 46.16667, 1.28987, -19.5183, 11.8452, -139.885, 12.525, 33.5549, 0.0546313, 60.4676, 0.461571, -49.3884, 0.489067, 122.202
2771, 46.17500, 1.29005, -19.5814, 11.8381, -139.876, 12.5137, 33.5489, 0.0546609, 60.3929, 0.461423, -49.3782, 0.488731, 122.194
2771, 46.18333, 1.29023, -19.6446, 11.831, -139.867, 12.5025, 33.543, 0.0546904, 60.3181, 0.461276, -49.368, 0.488395, 122.187
2772, 46.19167, 1.2904, -19.7078, 11.8239, -139.858, 12.4912, 33.537, 0.0547198, 60.2433, 0.461129, -49.3577, 0.48806, 122.179
2772, 46.20000, 1.29058, -19.7712, 11.8169, -139.849, 12.48, 33.5311, 0.0547491, 60.1684, 0.460983, -49.3475, 0.487724, 122.171
2773, 46.20833, 1.29075, -19.8346, 11.8098, -139.84, 12.4688, 33.5252, 0.0547783, 60.0934, 0.460836, -49.3372, 0.487388, 122.164
2773, 46.21667, 1.29091, -19.898, 11.8028, -139.831, 12.4576, 33.5193, 0.0548074, 60.0183, 0.46069, -49.327, 0.487052, 122.156
2774, 46.22500, 1.29107, -19.9616, 11.7958, -139.822, 12.4464, 33.5134, 0.0548364, 59.9431, 0.460545, -49.3168, 0.486717, 122.149
2774, 46.23333, 1.29123, -20.0252, 11.7887, -139.813, 12.4352, 33.5076, 0.0548653, 59.8679, 0.460399, -49.3065, 0.486381, 122.141
2775, 46.24167, 1.29139, -20.0888, 11.7817, -139.804, 12.424, 33.5018, 0.0548941, 59.7926, 0.460254, -49.2963, 0.486045, 122.133
2775, 46.25000, 1.29154, -20.1526, 11.7747, -139.795, 12.4128, 33.496, 0.0549228, 59.7172, 0.460109, -49.2861, 0.485709, 122.126
2776, 46.25833, 1.2917, -20.2164, 11.7677, -139.786, 12.4016, 33.4903, 0.0549514, 59.6418, 0.459964, -49.2758, 0.485373, 122.119
2776, 46.26667, 1.29184, -20.2803, 11.7607, -139.777, 12.3904, 33.4845, 0.0549799, 59.5662, 0.45982, -49.2656, 0.485038, 122.111
2777, 46.27500, 1.29199, -20.3442, 11.7538, -139.768, 12.3793, 33.4788, 0.0550082, 59.4906, 0.459676, -49.2554, 0.484702, 122.104
2777, 46.28333, 1.29213, -20.4082, 11.7468, -139.759, 12.3681, 33.4732, 0.0550365, 59.4149, 0.459532, -49.2451, 0.484366, 122.096
2778, 46.29167, 1.29227, -20.4723, 11.7398, -139.75, 12.3569, 33.4675, 0.0550647, 59.3392, 0.459388, -49.2349, 0.48403, 122.089
2778, 46.30000, 1.2924, -20.5365, 11.7329, -139.741, 12.3458, 33.4619, 0.0550927, 59.2634, 0.459245, -49.2247, 0.483694, 122.082
2779, 46.30833, 1.29254, -20.6007, 11.7259, -139.732, 12.3346, 33.4563, 0.0551207, 59.1875, 0.459102, -49.2145, 0.483358, 122.074
2779, 46.31667, 1.29267, -20.665, 11.719, -139.723, 12.3235, 33.4507, 0.0551485, 59.1115, 0.458959, -49.2043, 0.483023, 122.067
2780, 46.32500, 1.29279, -20.7293, 11.7121, -139.714, 12.3123, 33.4452, 0.0551763, 59.0354, 0.458817, -49.1941, 0.482687, 122.06
2780, 46.33333, 1.29291, -20.7938, 11.7052, -139.705, 12.3012, 33.4396, 0.0552039, 58.9593, 0.458674, -49.1839, 0.482351, 122.053
2781, 46.34167, 1.29303, -20.8582, 11.6983, -139.696, 12.2901, 33.4341, 0.0552314, 58.8831, 0.458532, -49.1737, 0.482015, 122.045
2781, 46.35000, 1.29315, -20.9228, 11.6914, -139.687, 12.2789, 33.4287, 0.0552588, 58.8068, 0.458391, -49.1635, 0.481679, 122.038
2782, 46.35833, 1.29327, -20.9874, 11.6845, -139.678, 12.2678, 33.4232, 0.0552861, 58.7305, 0.458249, -49.1533, 0.481343, 122.031
2782, 46.36667, 1.29338, -21.0521, 11.6776, -139.669, 12.2567, 33.4178, 0.0553133, 58.6541, 0.458108, -49.1431, 0.481007, 122.024
2783, 46.37500, 1.29348, -21.1168, 11.6707, -139.66, 12.2456, 33.4124, 0.0553403, 58.5776, 0.457967, -49.1329, 0.480671, 122.017
2783, 46.38333, 1.29359, -21.1816, 11.6638, -139.651, 12.2345, 33.4071, 0.0553673, 58.5011, 0.457826, -49.1227, 0.480335, 122.01
2784, 46.39167, 1.29369, -21.2464, 11.657, -139.642, 12.2234, 33.4017, 0.0553941, 58.4245, 0.457686, -49.1125, 0.479999, 122.003
2784, 46.40000, 1.29379, -21.3113, 11.6501, -139.633, 12.2123, 33.3964, 0.0554209, 58.3478, 0.457546, -49.1023, 0.479663, 121.996
2785, 46.40833, 1.29388, -21.3763, 11.6433, -139.624, 12.2012, 33.3911, 0.0554475, 58.2711, 0.457406, -49.0922, 0.479327, 121.989
2785, 46.41667, 1.29397, -21.4414, 11.6365, -139.615, 12.1901, 33.3859, 0.0554739, 58.1942, 0.457266, -49.082, 0.47899, 121.982
2786, 46.42500, 1.29406, -21.5064, 11.6297, -139.606, 12.179, 33.3807, 0.0555003, 58.1174, 0.457127, -49.0718, 0.478654, 121.975
2786, 46.43333, 1.29415, -21.5716, 11.6228, -139.597, 12.1679, 33.3755, 0.0555266, 58.0404, 0.456987, -49.0617, 0.478318, 121.968
2787, 46.44167, 1.29423, -21.6368, 11.616, -139.588, 12.1569, 33.3703, 0.0555527, 57.9634, 0.456849, -49.0516, 0.477982, 121.961
2787, 46.45000, 1.29431, -21.7021, 11.6092, -139.579, 12.1458, 33.3651, 0.0555787, 57.8863, 0.45671, -49.0414, 0.477646, 121.954
2788, 46.45833, 1.29438, -21.7674, 11.6024, -139.57, 12.1347, 33.36, 0.0556046, 57.8092, 0.456571, -49.0313, 0.477309, 121.948
2788, 46.46667, 1.29445, -21.8328, 11.5957, -139.561, 12.1237, 33.3549, 0.0556304, 57.732, 0.456433, -49.0211, 0.476973, 121.941
2789, 46.47500, 1.29452, -21.8982, 11.5889, -139.552, 12.1126, 33.3498, 0.055656, 57.6547, 0.456295, -49.011, 0.476637, 121.934
2789, 46.48333, 1.29459, -21.9637, 11.5821, -139.543, 12.1016, 33.3448, 0.0556816, 57.5774, 0.456158, -49.0009, 0.4763, 121.927
2790, 46.49167, 1.29465, -22.0292, 11.5754, -139.534, 12.0906, 33.3398, 0.055707, 57.5, 0.45602, -48.9908, 0.475964, 121.921
2790, 46.50000, 1.29471, -22.0948, 11.5686, -139.524, 12.0795, 33.3348, 0.0557323, 57.4225, 0.455883, -48.9807, 0.475627, 121.914
2791, 46.50833, 1.29476, -22.1604, 11.5619, -139.515, 12.0685, 33.3299, 0.0557574, 57.345, 0.455746, -48.9706, 0.475291, 121.907
2791, 46.51667, 1.29481, -22.2261, 11.5552, -139.506, 12.0575, 33.3249, 0.0557825, 57.2674, 0.455609, -48.9605, 0.474954, 121.901
2792, 46.52500, 1.29486, -22.2919, 11.5484, -139.497, 12.0464, 33.32, 0.0558074, 57.1898, 0.455473, -48.9504, 0.474618, 121.894
2792, 46.53333, 1.29491, -22.3577, 11.5417, -139.488, 12.0354, 33.3152, 0.0558322, 57.1121, 0.455336, -48.9404, 0.474281, 121.888
2793, 46.54167, 1.29495, -22.4235, 11.535, -139.479, 12.0244, 33.3103, 0.0558568, 57.0343, 0.4552, -48.9303, 0.473944, 121.881
2793, 46.55000, 1.29499, -22.4894, 11.5283, -139.47, 12.0134, 33.3055, 0.0558814, 56.9565, 0.455065, -48.9203, 0.473608, 121.875
2794, 46.55833, 1.29502, -22.5554, 11.5216, -139.461, 12.0024, 33.3007, 0.0559058, 56.8786, 0.454929, -48.9102, 0.473271, 121.868
2794, 46.56667, 1.29505, -22.6214, 11.5149, -139.452, 11.9914, 33.296, 0.05593, 56.8007, 0.454794, -48.9002, 0.472934, 121.862
2795, 46.57500, 1.29508, -22.6874, 11.5083, -139.443, 11.9804, 33.2912, 0.0559542, 56.7227, 0.454659, -48.8901, 0.472597, 121.855
2795, 46.58333, 1.29511, -22.7535, 11.5016, -139.434, 11.9694, 33.2865, 0.0559782, 56.6446, 0.454524, -48.8801, 0.472261, 121.849
2796, 46.59167, 1.29513, -22.8197, 11.4949, -139.425, 11.9584, 33.2818, 0.0560021, 56.5665, 0.454389, -48.8701, 0.471924, 121.843
2796, 46.60000, 1.29515, -22.8858, 11.4883, -139.416, 11.9474, 33.2772, 0.0560259, 56.4884, 0.454255, -48.8601, 0.471587, 121.836
2797, 46.60833, 1.29516, -22.9521, 11.4816, -139.407, 11.9365, 33.2726, 0.0560495, 56.4101, 0.45412, -48.8501, 0.47125, 121.83
2797, 46.61667, 1.29517, -23.0184, 11.475, -139.398, 11.9255, 33.268, 0.056073, 56.3319, 0.453986, -48.8401, 0.470913, 121.824
2798, 46.62500, 1.29518, -23.0847, 11.4684, -139.389, 11.9145, 33.2634, 0.0560963, 56.2535, 0.453853, -48.8302, 0.470576, 121.818
2798, 46.63333, 1.29518, -23.151, 11.4617, -139.38, 11.9035, 33.2589, 0.0561196, 56.1751, 0.453719, -48.8202, 0.470239, 121.812
2799, 46.64167, 1.29518, -23.2174, 11.4551, -139.371, 11.8926, 33.2544, 0.0561427, 56.0967, 0.453586, -48.8102, 0.469901, 121.805
2799, 46.65000, 1.29518, -23.2839, 11.4485, -139.362, 11.8816, 33.2499, 0.0561656, 56.0182, 0.453453, -48.8003, 0.469564, 121.799
2800, 46.65833, 1.29517, -23.3504, 11.4419, -139.353, 11.8707, 33.2455, 0.0561885, 55.9397, 0.45332, -48.7904, 0.469227, 121.793
2800, 46.66667, 1.29516, -23.4169, 11.4353, -139.345, 11.8597, 33.2411, 0.0562111, 55.8611, 0.453187, -48.7804, 0.46889, 121.787
2801, 46.67500, 1.29515, -23.4835, 11.4287, -139.336, 11.8488, 33.2367, 0.0562337, 55.7824, 0.453055, -48.7705, 0.468552, 121.781
2801, 46.68333, 1.29513, -23.5501, 11.4222, -139.327, 11.8379, 33.2323, 0.0562561, 55.7037, 0.452923, -48.7606, 0.468215, 121.775
2802, 46.69167, 1.29511, -23.6168, 11.4156, -139.318, 11.8269, 33.228, 0.0562784, 55.625, 0.452791, -48.7508, 0.467877, 121.769
2802, 46.70000, 1.29509, -23.6834, 11.409, -139.309, 11.816, 33.2237, 0.0563005, 55.5462, 0.452659, -48.7409, 0.46754, 121.763
2803, 46.70833, 1.29506, -23.7502, 11.4025, -139.3, 11.8051, 33.2194, 0.0563225, 55.4673, 0.452527, -48.731, 0.467202, 121.757
2803, 46.71667, 1.29503, -23.8169, 11.3959, -139.291, 11.7941, 33.2152, 0.0563444, 55.3884, 0.452396, -48.7212, 0.466865, 121.752
2804, 46.72500, 1.295, -23.8837, 11.3894, -139.282, 11.7832, 33.211, 0.0563661, 55.3095, 0.452265, -48.7113, 0.466527, 121.746
2804, 46.73333, 1.29496, -23.9506, 11.3829, -139.273, 11.7723, 33.2068, 0.0563877, 55.2305, 0.452134, -48.7015, 0.466189, 121.74
2805, 46.74167, 1.29492, -24.0175, 11.3763, -139.264, 11.7614, 33.2027, 0.0564091, 55.1515, 0.452003, -48.6917, 0.465852, 121.734
2805, 46.75000, 1.29487, -24.0844, 11.3698, -139.255, 11.7505, 33.1986, 0.0564304, 55.0724, 0.451872, -48.6819, 0.465514, 121.728
2806, 46.75833, 1.29482, -24.1513, 11.3633, -139.246, 11.7396, 33.1945, 0.0564516, 54.9933, 0.451742, -48.6721, 0.465176, 121.723
2806, 46.76667, 1.29477, -24.2183, 11.3568, -139.237, 11.7287, 33.1904, 0.0564726, 54.9141, 0.451612, -48.6623, 0.464838, 121.717
2807, 46.77500, 1.29471, -24.2853, 11.3503, -139.228, 11.7178, 33.1864, 0.0564935, 54.8349, 0.451482, -48.6525, 0.4645, 121.711
2807, 46.78333, 1.29465, -24.3523, 11.3438, -139.22, 11.7069, 33.1824, 0.0565142, 54.7556, 0.451352, -48.6428, 0.464162, 121.706
2808, 46.79167, 1.29459, -24.4194, 11.3373, -139.211, 11.696, 33.1785, 0.0565348, 54.6763, 0.451222, -48.633, 0.463824, 121.7
2808, 46.80000, 1.29452, -24.4865, 11.3308, -139.202, 11.6852, 33.1745, 0.0565552, 54.597, 0.451093, -48.6233, 0.463486, 121.695
2809, 46.80833, 1.29445, -24.5536, 11.3244, -139.193, 11.6743, 33.1706, 0.0565755, 54.5176, 0.450964, -48.6136, 0.463148, 121.689
2809, 46.81667, 1.29438, -24.6208, 11.3179, -139.184, 11.6634, 33.1668, 0.0565957, 54.4382, 0.450835, -48.6039, 0.462809, 121.684
2810, 46.82500, 1.2943, -24.688, 11.3114, -139.175, 11.6526, 33.1629, 0.0566157, 54.3587, 0.450706, -48.5942, 0.462471, 121.678
2810, 46.83333, 1.29422, -24.7552, 11.305, -139.166, 11.6417, 33.1591, 0.0566355, 54.2792, 0.450577, -48.5845, 0.462133, 121.673
2811, 46.84167, 1.29413, -24.8225, 11.2985, -139.157, 11.6308, 33.1553, 0.0566552, 54.1996, 0.450449, -48.5749, 0.461794, 121.668
2811, 46.85000, 1.29405, -24.8897, 11.2921, -139.149, 11.62, 33.1516, 0.0566748, 54.12, 0.45032, -48.5652, 0.461456, 121.662
2812, 46.85833, 1.29395, -24.957, 11.2857, -139.14, 11.6091, 33.1479, 0.0566942, 54.0404, 0.450192, -48.5556, 0.461118, 121.657
2812, 46.86667, 1.29386, -25.0244, 11.2793, -139.131, 11.5983, 33.1442, 0.0567134, 53.9608, 0.450064, -48.546, 0.460779, 121.652
2813, 46.87500, 1.29376, -25.0917, 11.2728, -139.122, 11.5874, 33.1406, 0.0567326, 53.8811, 0.449937, -48.5364, 0.46044, 121.646
2813, 46.88333, 1.29365, -25.1591, 11.2664, -139.113, 11.5766, 33.137, 0.0567515, 53.8013, 0.449809, -48.5268, 0.460102, 121.641
2814, 46.89167, 1.29355, -25.2265, 11.26, -139.105, 11.5658, 33.1334, 0.0567703, 53.7215, 0.449682, -48.5172, 0.459763, 121.636
2814, 46.90000, 1.29344, -25.2939, 11.2536, -139.096, 11.5549, 33.1298, 0.056789, 53.6417, 0.449554, -48.5077, 0.459424, 121.631
2814, 46.90833, 1.29332, -25.3613, 11.2472, -139.087, 11.5441, 33.1263, 0.0568075, 53.5619, 0.449427, -48.4981, 0.459085, 121.626
2815, 46.91667, 1.2932, -25.4288, 11.2409, -139.078, 11.5333, 33.1228, 0.0568258, 53.482, 0.4493, -48.4886, 0.458746, 121.621
2816, 46.92500, 1.29308, -25.4963, 11.2345, -139.069, 11.5225, 33.1194, 0.056844, 53.4021, 0.449174, -48.4791, 0.458407, 121.616
2816, 46.93333, 1.29296, -25.5638, 11.2281, -139.061, 11.5117, 33.1159, 0.0568621, 53.3221, 0.449047, -48.4696, 0.458068, 121.611
2817, 46.94167, 1.29283, -25.6313, 11.2217, -139.052, 11.5009, 33.1125, 0.05688, 53.2422, 0.448921, -48.4601, 0.457729, 121.606
2817, 46.95000, 1.29269, -25.6989, 11.2154, -139.043, 11.49, 33.1092, 0.0568977, 53.1622, 0.448795, -48.4507, 0.45739, 121.601
2818, 46.95833, 1.29256, -25.7664, 11.209, -139.034, 11.4792, 33.1059, 0.0569153, 53.0821, 0.448669, -48.4412, 0.457051, 121.596
2818, 46.96667, 1.29241, -25.834, 11.2027, -139.026, 11.4684, 33.1026, 0.0569327, 53.002, 0.448543, -48.4318, 0.456712, 121.591
2818, 46.97500, 1.29227, -25.9016, 11.1963, -139.017, 11.4576, 33.0993, 0.05695, 52.9219, 0.448417, -48.4224, 0.456372, 121.586
2819, 46.98333, 1.29212, -25.9692, 11.19, -139.008, 11.4469, 33.0961, 0.0569671, 52.8418, 0.448291, -48.413, 0.456033, 121.582
2820, 46.99167, 1.29197, -26.0368, 11.1837, -139, 11.4361, 33.0929, 0.056984, 52.7617, 0.448166, -48.4036, 0.455694, 121.577
2820, 47.00000, 1.29181, -26.1045, 11.1773, -138.991, 11.4253, 33.0898, 0.0570008, 52.6815, 0.448041, -48.3942, 0.455354, 121.572
2821, 47.00833, 1.29165, -26.1721, 11.171, -138.982, 11.4145, 33.0866, 0.0570175, 52.6013, 0.447916, -48.3849, 0.455015, 121.568
2821, 47.01667, 1.29149, -26.2398, 11.1647, -138.974, 11.4037, 33.0835, 0.057034, 52.521, 0.447791, -48.3756, 0.454675, 121.563
2822, 47.02500, 1.29132, -26.3075, 11.1584, -138.965, 11.393, 33.0805, 0.0570503, 52.4408, 0.447666, -48.3663, 0.454335, 121.558
2822, 47.03333, 1.29115, -26.3751, 11.1521, -138.956, 11.3822, 33.0775, 0.0570664, 52.3605, 0.447541, -48.357, 0.453996, 121.554
2822, 47.04167, 1.29098, -26.4428, 11.1458, -138.948, 11.3714, 33.0745, 0.0570825, 52.2801, 0.447417, -48.3477, 0.453656, 121.549
2823, 47.05000, 1.2908, -26.5105, 11.1395, -138.939, 11.3607, 33.0715, 0.0570983, 52.1998, 0.447292, -48.3384, 0.453316, 121.545
2824, 47.05833, 1.29062, -26.5783, 11.1332, -138.93, 11.3499, 33.0686, 0.057114, 52.1194, 0.447168, -48.3292, 0.452976, 121.541
2824, 47.06667, 1.29043, -26.646, 11.127, -138.922, 11.3392, 33.0657, 0.0571295, 52.0391, 0.447044, -48.32, 0.452636, 121.536
2825, 47.07500, 1.29024, -26.7137, 11.1207, -138.913, 11.3284, 33.0629, 0.0571449, 51.9586, 0.44692, -48.3108, 0.452296, 121.532
2825, 47.08333, 1.29005, -26.7815, 11.1144, -138.905, 11.3177, 33.0601, 0.0571601, 51.8782, 0.446796, -48.3016, 0.451956, 121.527
2826, 47.09167, 1.28985, -26.8492, 11.1082, -138.896, 11.3069, 33.0573, 0.0571751, 51.7978, 0.446672, -48.2924, 0.451616, 121.523
2826, 47.10000, 1.28965, -26.917, 11.1019, -138.888, 11.2962, 33.0545, 0.05719, 51.7173, 0.446549, -48.2833, 0.451276, 121.519
2826, 47.10833, 1.28945, -26.9847, 11.0957, -138.879, 11.2855, 33.0518, 0.0572047, 51.6368, 0.446425, -48.2742, 0.450936, 121.515
2827, 47.11667, 1.28924, -27.0525, 11.0894, -138.871, 11.2747, 33.0491, 0.0572192, 51.5563, 0.446302, -48.2651, 0.450595, 121.511
2828, 47.12500, 1.28903, -27.1202, 11.0832, -138.862, 11.264, 33.0465, 0.0572336, 51.4758, 0.446179, -48.256, 0.450255, 121.506
2828, 47.13333, 1.28881, -27.188, 11.0769, -138.853, 11.2533, 33.0439, 0.0572478, 51.3952, 0.446056, -48.2469, 0.449915, 121.502
2829, 47.14167, 1.28859, -27.2558, 11.0707, -138.845, 11.2426, 33.0413, 0.0572619, 51.3147, 0.445933, -48.2379, 0.449574, 121.498
2829, 47.15000, 1.28837, -27.3236, 11.0645, -138.837, 11.2319, 33.0388, 0.0572758, 51.2341, 0.44581, -48.2288, 0.449234, 121.494
2830, 47.15833, 1.28814, -27.3913, 11.0583, -138.828, 11.2211, 33.0363, 0.0572895, 51.1535, 0.445688, -48.2198, 0.448893, 121.49
2830, 47.16667, 1.28791, -27.4591, 11.0521, -138.82, 11.2104, 33.0338, 0.0573031, 51.0729, 0.445565, -48.2108, 0.448552, 121.486
2830, 47.17500, 1.28767, -27.5269, 11.0459, -138.811, 11.1997, 33.0314, 0.0573165, 50.9923, 0.445443, -48.2019, 0.448212, 121.483
2831, 47.18333, 1.28743, -27.5946, 11.0397, -138.803, 11.189, 33.029, 0.0573297, 50.9116, 0.44532, -48.1929, 0.447871, 121.479
2832, 47.19167, 1.28719, -27.6624, 11.0335, -138.794, 11.1783, 33.0266, 0.0573427, 50.831, 0.445198, -48.184, 0.44753, 121.475
2832, 47.20000, 1.28694, -27.7302, 11.0273, -138.786, 11.1677, 33.0243, 0.0573556, 50.7503, 0.445076, -48.1751, 0.447189, 121.471
2833, 47.20833, 1.28669, -27.7979, 11.0211, -138.777, 11.157, 33.022, 0.0573683, 50.6697, 0.444954, -48.1662, 0.446848, 121.467
2833, 47.21667, 1.28644, -27.8657, 11.0149, -138.769, 11.1463, 33.0198, 0.0573809, 50.589, 0.444832, -48.1573, 0.446507, 121.464
2834, 47.22500, 1.28618, -27.9334, 11.0087, -138.761, 11.1356, 33.0176, 0.0573933, 50.5083, 0.44471, -48.1484, 0.446166, 121.46
2834, 47.23333, 1.28592, -28.0012, 11.0026, -138.752, 11.1249, 33.0154, 0.0574055, 50.4276, 0.444589, -48.1396, 0.445825, 121.457
2834, 47.24167, 1.28565, -28.0689, 10.9964, -138.744, 11.1143, 33.0133, 0.0574175, 50.3469, 0.444467, -48.1308, 0.445484, 121.453
2835, 47.25000, 1.28538, -28.1366, 10.9902, -138.736, 11.1036, 33.0112, 0.0574294, 50.2662, 0.444346, -48.122, 0.445143, 121.449
2836, 47.25833, 1.28511, -28.2043, 10.9841, -138.727, 11.0929, 33.0091, 0.0574411, 50.1855, 0.444224, -48.1133, 0.444802, 121.446
2836, 47.26667, 1.28483, -28.272, 10.9779, -138.719, 11.0823, 33.0071, 0.0574527, 50.1047, 0.444103, -48.1045, 0.44446, 121.443
2837, 47.27500, 1.28455, -28.3397, 10.9718, -138.711, 11.0716, 33.0051, 0.057464, 50.024, 0.443982, -48.0958, 0.444119, 121.439
2837, 47.28333, 1.28426, -28.4074, 10.9656, -138.702, 11.061, 33.0031, 0.0574752, 49.9432, 0.443861, -48.0871, 0.443778, 121.436
2838, 47.29167, 1.28397, -28.4751, 10.9595, -138.694, 11.0503, 33.0012, 0.0574862, 49.8625, 0.44374, -48.0784, 0.443436, 121.432
2838, 47.30000, 1.28368, -28.5428, 10.9533, -138.686, 11.0397, 32.9993, 0.0574971, 49.7817, 0.443619, -48.0697, 0.443095, 121.429
2838, 47.30833, 1.28338, -28.6104, 10.9472, -138.678, 11.029, 32.9975, 0.0575078, 49.701, 0.443498, -48.0611, 0.442753, 121.426
2839, 47.31667, 1.28308, -28.6781, 10.9411, -138.669, 11.0184, 32.9957, 0.0575183, 49.6202, 0.443377, -48.0525, 0.442412, 121.423
2840, 47.32500, 1.28278, -28.7457, 10.935, -138.661, 11.0078, 32.9939, 0.0575286, 49.5395, 0.443257, -48.0439, 0.44207, 121.42
2840, 47.33333, 1.28247, -28.8133, 10.9288, -138.653, 10.9971, 32.9922, 0.0575388, 49.4587, 0.443136, -48.0353, 0.441728, 121.417
2841, 47.34167, 1.28216, -28.8809, 10.9227, -138.645, 10.9865, 32.9905, 0.0575488, 49.378, 0.443016, -48.0268, 0.441386, 121.413
2841, 47.35000, 1.28184, -28.9484, 10.9166, -138.637, 10.9759, 32.9888, 0.0575586, 49.2972, 0.442895, -48.0182, 0.441045, 121.41
2842, 47.35833, 1.28152, -29.016, 10.9105, -138.628, 10.9653, 32.9872, 0.0575682, 49.2165, 0.442775, -48.0097, 0.440703, 121.407
2842, 47.36667, 1.2812, -29.0835, 10.9044, -138.62, 10.9546, 32.9856, 0.0575777, 49.1357, 0.442655, -48.0012, 0.440361, 121.405
2842, 47.37500, 1.28087, -29.151, 10.8983, -138.612, 10.944, 32.9841, 0.057587, 49.055, 0.442534, -47.9928, 0.440019, 121.402
2843, 47.38333, 1.28054, -29.2185, 10.8922, -138.604, 10.9334, 32.9826, 0.0575961, 48.9742, 0.442414, -47.9843, 0.439677, 121.399
2844, 47.39167, 1.2802, -29.286, 10.8861, -138.596, 10.9228, 32.9811, 0.0576051, 48.8935, 0.442294, -47.9759, 0.439335, 121.396
2844, 47.40000, 1.27986, -29.3535, 10.8801, -138.588, 10.9122, 32.9797, 0.0576138, 48.8127, 0.442174, -47.9675, 0.438993, 121.393
2845, 47.40833, 1.27952, -29.4209, 10.874, -138.58, 10.9016, 32.9783, 0.0576224, 48.732, 0.442054, -47.9591, 0.43865, 121.391
2845, 47.41667, 1.27917, -29.4883, 10.8679, -138.572, 10.891, 32.977, 0.0576308, 48.6513, 0.441934, -47.9508, 0.438308, 121.388
2846, 47.42500, 1.27882, -29.5557, 10.8618, -138.564, 10.8805, 32.9757, 0.0576391, 48.5705, 0.441815, -47.9425, 0.437966, 121.385
2846, 47.43333, 1.27847, -29.6231, 10.8558, -138.556, 10.8699, 32.9744, 0.0576471, 48.4898, 0.441695, -47.9342, 0.437624, 121.383
2846, 47.44167, 1.27811, -29.6904, 10.8497, -138.547, 10.8593, 32.9732, 0.057655, 48.4091, 0.441575, -47.9259, 0.437281, 121.38
2847, 47.45000, 1.27775, -29.7577, 10.8436, -138.539, 10.8487, 32.972, 0.0576627, 48.3284, 0.441456, -47.9176, 0.436939, 121.378
2848, 47.45833, 1.27738, -29.825, 10.8376, -138.531, 10.8381, 32.9709, 0.0576703, 48.2477, 0.441336, -47.9094, 0.436596, 121.375
2848, 47.46667, 1.27701, -29.8922, 10.8315, -138.524, 10.8276, 32.9697, 0.0576776, 48.1671, 0.441217, -47.9012, 0.436254, 121.373
2849, 47.47500, 1.27664, -29.9595, 10.8255, -138.516, 10.817, 32.9687, 0.0576848, 48.0864, 0.441097, -47.893, 0.435911, 121.37
2849, 47.48333, 1.27626, -30.0266, 10.8194, -138.508, 10.8064, 32.9676, 0.0576918, 48.0057, 0.440978, -47.8848, 0.435569, 121.368
2850, 47.49167, 1.27588, -30.0938, 10.8134, -138.5, 10.7959, 32.9667, 0.0576987, 47.9251, 0.440858, -47.8767, 0.435226, 121.366
2850, 47.50000, 1.2755, -30.1609, 10.8074, -138.492, 10.7853, 32.9657, 0.0577053, 47.8445, 0.440739, -47.8685, 0.434883, 121.364
2850, 47.50833, 1.27511, -30.228, 10.8013, -138.484, 10.7748, 32.9648, 0.0577118, 47.7639, 0.44062, -47.8604, 0.434541, 121.361
2851, 47.51667, 1.27472, -30.2951, 10.7953, -138.476, 10.7642, 32.9639, 0.0577181, 47.6833, 0.4405, -47.8524, 0.434198, 121.359
2852, 47.52500, 1.27432, -30.3621, 10.7893, -138.468, 10.7537, 32.9631, 0.0577242, 47.6027, 0.440381, -47.8443, 0.433855, 121.357
2852, 47.53333, 1.27392, -30.4291, 10.7832, -138.46, 10.7432, 32.9623, 0.0577301, 47.5221, 0.440262, -47.8363, 0.433512, 121.355
2853, 47.54167, 1.27352, -30.4961, 10.7772, -138.452, 10.7326, 32.9616, 0.0577359, 47.4416, 0.440143, -47.8283, 0.433169, 121.353
2853, 47.55000, 1.27311, -30.563, 10.7712, -138.445, 10.7221, 32.9608, 0.0577415, 47.361, 0.440024, -47.8203, 0.432826, 121.351
2854, 47.55833, 1.2727, -30.6299, 10.7652, -138.437, 10.7116, 32.9602, 0.0577469, 47.2805, 0.439905, -47.8124, 0.432483, 121.349
2854, 47.56667, 1.27228, -30.6968, 10.7592, -138.429, 10.7011, 32.9595, 0.0577521, 47.2, 0.439786, -47.8044, 0.43214, 121.347
2854, 47.57500, 1.27186, -30.7636, 10.7532, -138.421, 10.6905, 32.959, 0.0577571, 47.1195, 0.439667, -47.7965, 0.431797, 121.346
2855, 47.58333, 1.27144, -30.8304, 10.7472, -138.413, 10.68, 32.9584, 0.057762, 47.0391, 0.439548, -47.7886, 0.431454, 121.344
2856, 47.59167, 1.27101, -30.8971, 10.7411, -138.406, 10.6695, 32.9579, 0.0577667, 46.9587, 0.439429, -47.7808, 0.431111, 121.342
2856, 47.60000, 1.27058, -30.9638, 10.7351, -138.398, 10.659, 32.9574, 0.0577712, 46.8782, 0.43931, -47.7729, 0.430768, 121.34
2857, 47.60833, 1.27015, -31.0305, 10.7291, -138.39, 10.6485, 32.957, 0.0577755, 46.7979, 0.439191, -47.7651, 0.430425, 121.339
2857, 47.61667, 1.26971, -31.0971, 10.7232, -138.383, 10.638, 32.9566, 0.0577797, 46.7175, 0.439072, -47.7574, 0.430081, 121.337
2858, 47.62500, 1.26927, -31.1637, 10.7172, -138.375, 10.6275, 32.9563, 0.0577836, 46.6371, 0.438953, -47.7496, 0.429738, 121.336
2858, 47.63333, 1.26882, -31.2302, 10.7112, -138.367, 10.617, 32.956, 0.0577874, 46.5568, 0.438834, -47.7419, 0.429395, 121.334
2858, 47.64167, 1.26837, -31.2967, 10.7052, -138.36, 10.6065, 32.9557, 0.057791, 46.4765, 0.438715, -47.7341, 0.429052, 121.333
2859, 47.65000, 1.26792, -31.3631, 10.6992, -138.352, 10.5961, 32.9555, 0.0577944, 46.3963, 0.438596, -47.7264, 0.428708, 121.331
2860, 47.65833, 1.26746, -31.4295, 10.6932, -138.344, 10.5856, 32.9554, 0.0577977, 46.316, 0.438477, -47.7188, 0.428365, 121.33
2860, 47.66667, 1.267, -31.4959, 10.6872, -138.337, 10.5751, 32.9552, 0.0578007, 46.2358, 0.438358, -47.7111, 0.428021, 121.329
2861, 47.67500, 1.26654, -31.5622, 10.6813, -138.329, 10.5646, 32.9551, 0.0578036, 46.1556, 0.438239, -47.7035, 0.427678, 121.327
2861, 47.68333, 1.26607, -31.6284, 10.6753, -138.322, 10.5542, 32.9551, 0.0578063, 46.0755, 0.43812, -47.6959, 0.427334, 121.326
2862, 47.69167, 1.2656, -31.6946, 10.6693, -138.314, 10.5437, 32.9551, 0.0578088, 45.9954, 0.438002, -47.6884, 0.426991, 121.325
2862, 47.70000, 1.26512, -31.7608, 10.6634, -138.306, 10.5333, 32.9551, 0.0578112, 45.9153, 0.437883, -47.6808, 0.426647, 121.324
2862, 47.70833, 1.26464, -31.8269, 10.6574, -138.299, 10.5228, 32.9552, 0.0578133, 45.8352, 0.437764, -47.6733, 0.426304, 121.323
2863, 47.71667, 1.26416, -31.8929, 10.6514, -138.291, 10.5123, 32.9553, 0.0578153, 45.7552, 0.437645, -47.6658, 0.42596, 121.322
2864, 47.72500, 1.26367, -31.9589, 10.6455, -138.284, 10.5019, 32.9555, 0.0578171, 45.6752, 0.437526, -47.6583, 0.425616, 121.321
2864, 47.73333, 1.26318, -32.0249, 10.6395, -138.276, 10.4915, 32.9557, 0.0578187, 45.5952, 0.437407, -47.6509, 0.425273, 121.32
2865, 47.74167, 1.26269, -32.0908, 10.6336, -138.269, 10.481, 32.9559, 0.0578202, 45.5153, 0.437288, -47.6435, 0.424929, 121.319
2865, 47.75000, 1.26219, -32.1566, 10.6276, -138.262, 10.4706, 32.9562, 0.0578214, 45.4354, 0.437169, -47.6361, 0.424585, 121.318
2866, 47.75833, 1.26169, -32.2224, 10.6217, -138.254, 10.4602, 32.9566, 0.0578225, 45.3556, 0.43705, -47.6287, 0.424242, 121.318
2866, 47.76667, 1.26118, -32.2881, 10.6157, -138.247, 10.4497, 32.9569, 0.0578234, 45.2757, 0.436931, -47.6214, 0.423898, 121.317
2866, 47.77500, 1.26068, -32.3538, 10.6098, -138.239, 10.4393, 32.9574, 0.0578241, 45.196, 0.436812, -47.614, 0.423554, 121.316
2867, 47.78333, 1.26016, -32.4194, 10.6038, -138.232, 10.4289, 32.9578, 0.0578246, 45.1162, 0.436693, -47.6067, 0.42321, 121.316
2868, 47.79167, 1.25965, -32.4849, 10.5979, -138.225, 10.4185, 32.9583, 0.057825, 45.0365, 0.436574, -47.5995, 0.422866, 121.315
2868, 47.80000, 1.25913, -32.5504, 10.5919, -138.217, 10.4081, 32.9589, 0.0578252, 44.9568, 0.436455, -47.5922, 0.422522, 121.314
2869, 47.80833, 1.2586, -32.6159, 10.586, -138.21, 10.3977, 32.9595, 0.0578251, 44.8772, 0.436336, -47.585, 0.422178, 121.314
2869, 47.81667, 1.25808, -32.6812, 10.5801, -138.203, 10.3873, 32.9601, 0.0578249, 44.7976, 0.436216, -47.5778, 0.421835, 121.314
2870, 47.82500, 1.25755, -32.7465, 10.5741, -138.195, 10.3769, 32.9608, 0.0578246, 44.7181, 0.436097, -47.5706, 0.421491, 121.313
2870, 47.83333, 1.25701, -32.8118, 10.5682, -138.188, 10.3665, 32.9615, 0.057824, 44.6386, 0.435978, -47.5635, 0.421147, 121.313
2870, 47.84167, 1.25647, -32.877, 10.5623, -138.181, 10.3561, 32.9623, 0.0578233, 44.5591, 0.435859, -47.5564, 0.420803, 121.313
2871, 47.85000, 1.25593, -32.9421, 10.5563, -138.174, 10.3457, 32.9631, 0.0578224, 44.4797, 0.435739, -47.5493, 0.420459, 121.312
2872, 47.85833, 1.25539, -33.0071, 10.5504, -138.166, 10.3353, 32.964, 0.0578213, 44.4003, 0.43562, -47.5422, 0.420115, 121.312
2872, 47.86667, 1.25484, -33.0721, 10.5445, -138.159, 10.325, 32.9649, 0.05782, 44.321, 0.435501, -47.5351, 0.419771, 121.312
2873, 47.87500, 1.25429, -33.137, 10.5386, -138.152, 10.3146, 32.9658, 0.0578185, 44.2417, 0.435381, -47.5281, 0.419427, 121.312
2873, 47.88333, 1.25373, -33.2019, 10.5326, -138.145, 10.3042, 32.9668, 0.0578169, 44.1625, 0.435262, -47.5211, 0.419083, 121.312
2874, 47.89167, 1.25317, -33.2667, 10.5267, -138.138, 10.2938, 32.9678, 0.057815, 44.0833, 0.435142, -47.5141, 0.418738, 121.312
2874, 47.90000, 1.25261, -33.3314, 10.5208, -138.13, 10.2835, 32.9689, 0.057813, 44.0042, 0.435022, -47.5072, 0.418394, 121.312
2874, 47.90833, 1.25204, -33.396, 10.5149, -138.123, 10.2731, 32.97, 0.0578109, 43.9251, 0.434903, -47.5003, 0.41805, 121.312
2875, 47.91667, 1.25147, -33.4606, 10.509, -138.116, 10.2628, 32.9712, 0.0578085, 43.846, 0.434783, -47.4934, 0.417706, 121.312
2876, 47.92500, 1.2509, -33.5251, 10.503, -138.109, 10.2524, 32.9724, 0.0578059, 43.7671, 0.434663, -47.4865, 0.417362, 121.313
2876, 47.93333, 1.25032, -33.5896, 10.4971, -138.102, 10.2421, 32.9737, 0.0578032, 43.6881, 0.434543, -47.4796, 0.417018, 121.313
2877, 47.94167, 1.24974, -33.6539, 10.4912, -138.095, 10.2318, 32.975, 0.0578003, 43.6092, 0.434424, -47.4728, 0.416674, 121.313
2877, 47.95000, 1.24916, -33.7182, 10.4853, -138.088, 10.2214, 32.9763, 0.0577972, 43.5304, 0.434304, -47.466, 0.41633, 121.314
2878, 47.95833, 1.24857, -33.7824, 10.4794, -138.081, 10.2111, 32.9777, 0.057794, 43.4516, 0.434184, -47.4592, 0.415985, 121.314
2878, 47.96667, 1.24798, -33.8465, 10.4735, -138.074, 10.2008, 32.9791, 0.0577905, 43.3729, 0.434064, -47.4525, 0.415641, 121.314
2878, 47.97500, 1.24738, -33.9106, 10.4676, -138.067, 10.1905, 32.9806, 0.0577869, 43.2942, 0.433943, -47.4457, 0.415297, 121.315
2879, 47.98333, 1.24679, -33.9746, 10.4617, -138.06, 10.1801, 32.9821, 0.0577831, 43.2156, 0.433823, -47.439, 0.414953, 121.316
2880, 47.99167, 1.24619, -34.0385, 10.4558, -138.053, 10.1698, 32.9837, 0.0577791, 43.1371, 0.433703, -47.4324, 0.414609, 121.316
2880, 48.00000, 1.24558, -34.1023, 10.4499, -138.046, 10.1595, 32.9853, 0.0577749, 43.0585, 0.433582, -47.4257, 0.414264, 121.317
2881, 48.00833, 1.24497, -34.1661, 10.4439, -138.039, 10.1492, 32.987, 0.0577706, 42.9801, 0.433462, -47.4191, 0.41392, 121.318
2881, 48.01667, 1.24436, -34.2297, 10.438, -138.032, 10.1389, 32.9887, 0.0577661, 42.9017, 0.433341, -47.4125, 0.413576, 121.318
2882, 48.02500, 1.24375, -34.2933, 10.4321, -138.025, 10.1286, 32.9904, 0.0577613, 42.8234, 0.433221, -47.4059, 0.413232, 121.319
2882, 48.03333, 1.24313, -34.3568, 10.4262, -138.018, 10.1183, 32.9922, 0.0577565, 42.7451, 0.4331, -47.3993, 0.412888, 121.32
2883, 48.04167, 1.2425, -34.4203, 10.4203, -138.011, 10.108, 32.9941, 0.0577514, 42.6669, 0.432979, -47.3928, 0.412543, 121.321
2883, 48.05000, 1.24188, -34.4836, 10.4144, -138.005, 10.0978, 32.996, 0.0577462, 42.5888, 0.432858, -47.3863, 0.412199, 121.322
2884, 48.05833, 1.24125, -34.5469, 10.4085, -137.998, 10.0875, 32.9979, 0.0577407, 42.5107, 0.432738, -47.3798, 0.411855, 121.323
2884, 48.06667, 1.24062, -34.61, 10.4026, -137.991, 10.0772, 32.9999, 0.0577351, 42.4327, 0.432616, -47.3733, 0.411511, 121.324
2885, 48.07500, 1.23998, -34.6731, 10.3967, -137.984, 10.0669, 33.0019, 0.0577294, 42.3547, 0.432495, -47.3669, 0.411167, 121.326
2885, 48.08333, 1.23934, -34.7361, 10.3909, -137.977, 10.0567, 33.004, 0.0577234, 42.2768, 0.432374, -47.3605, 0.410822, 121.327
2886, 48.09167, 1.2387, -34.7991, 10.385, -137.971, 10.0464, 33.0061, 0.0577173, 42.199, 0.432253, -47.3541, 0.410478, 121.328
2886, 48.10000, 1.23806, -34.8619, 10.3791, -137.964, 10.0362, 33.0083, 0.057711, 42.1212, 0.432131, -47.3477, 0.410134, 121.329
2887, 48.10833, 1.23741, -34.9246, 10.3732, -137.957, 10.0259, 33.0105, 0.0577045, 42.0435, 0.43201, -47.3414, 0.40979, 121.331
2887, 48.11667, 1.23675, -34.9873, 10.3673, -137.95, 10.0157, 33.0127, 0.0576978, 41.9659, 0.431888, -47.3351, 0.409445, 121.332
2888, 48.12500, 1.2361, -35.0498, 10.3614, -137.944, 10.0054, 33.015, 0.057691, 41.8883, 0.431766, -47.3288, 0.409101, 121.334
2888, 48.13333, 1.23544, -35.1123, 10.3555, -137.937, 9.9952, 33.0174, 0.057684, 41.8108, 0.431645, -47.3225, 0.408757, 121.335
2889, 48.14167, 1.23478, -35.1747, 10.3496, -137.93, 9.98497, 33.0198, 0.0576768, 41.7334, 0.431523, -47.3162, 0.408413, 121.337
2889, 48.15000, 1.23411, -35.237, 10.3437, -137.924, 9.97474, 33.0222, 0.0576694, 41.656, 0.431401, -47.31, 0.408069, 121.338
2890, 48.15833, 1.23344, -35.2992, 10.3378, -137.917, 9.96452, 33.0247, 0.0576619, 41.5787, 0.431278, -47.3038, 0.407725, 121.34
2890, 48.16667, 1.23277, -35.3613, 10.3319, -137.91, 9.9543, 33.0272, 0.0576541, 41.5015, 0.431156, -47.2977, 0.40738, 121.342
2891, 48.17500, 1.2321, -35.4233, 10.326, -137.904, 9.94408, 33.0298, 0.0576462, 41.4244, 0.431034, -47.2915, 0.407036, 121.344
2891, 48.18333, 1.23142, -35.4852, 10.3201, -137.897, 9.93388, 33.0324, 0.0576382, 41.3473, 0.430911, -47.2854, 0.406692, 121.345
2892, 48.19167, 1.23074, -35.547, 10.3142, -137.891, 9.92367, 33.0351, 0.0576299, 41.2703, 0.430789, -47.2793, 0.406348, 121.347
2892, 48.20000, 1.23005, -35.6087, 10.3083, -137.884, 9.91347, 33.0378, 0.0576215, 41.1934, 0.430666, -47.2732, 0.406004, 121.349
2893, 48.20833, 1.22936, -35.6703, 10.3024, -137.878, 9.90327, 33.0406, 0.0576129, 41.1165, 0.430543, -47.2671, 0.40566, 121.351
2893, 48.21667, 1.22867, -35.7319, 10.2966, -137.871, 9.89308, 33.0434, 0.0576041, 41.0398, 0.43042, -47.2611, 0.405316, 121.353
2894, 48.22500, 1.22798, -35.7933, 10.2907, -137.865, 9.8829, 33.0463, 0.0575952, 40.9631, 0.430297, -47.2551, 0.404972, 121.356
2894, 48.23333, 1.22728, -35.8546, 10.2848, -137.858, 9.87271, 33.0492, 0.0575861, 40.8864, 0.430174, -47.2491, 0.404628, 121.358
2895, 48.24167, 1.22658, -35.9158, 10.2789, -137.852, 9.86254, 33.0521, 0.0575768, 40.8099, 0.43005, -47.2431, 0.404284, 121.36
2895, 48.25000, 1.22588, -35.977, 10.273, -137.845, 9.85236, 33.0551, 0.0575673, 40.7334, 0.429927, -47.2372, 0.40394, 121.362
2896, 48.25833, 1.22517, -36.038, 10.2671, -137.839, 9.8422, 33.0582, 0.0575577, 40.657, 0.429803, -47.2313, 0.403596, 121.365
2896, 48.26667, 1.22446, -36.0989, 10.2612, -137.832, 9.83203, 33.0613, 0.0575478, 40.5807, 0.429679, -47.2254, 0.403252, 121.367
2897, 48.27500, 1.22375, -36.1597, 10.2553, -137.826, 9.82187, 33.0644, 0.0575379, 40.5045, 0.429556, -47.2195, 0.402908, 121.369
2897, 48.28333, 1.22303, -36.2204, 10.2494, -137.819, 9.81172, 33.0676, 0.0575277, 40.4283, 0.429431, -47.2136, 0.402564, 121.372
2898, 48.29167, 1.22231, -36.2811, 10.2435, -137.813, 9.80157, 33.0708, 0.0575174, 40.3523, 0.429307, -47.2078, 0.40222, 121.374
2898, 48.30000, 1.22159, -36.3416, 10.2376, -137.807, 9.79143, 33.0741, 0.0575069, 40.2763, 0.429183, -47.202, 0.401876, 121.377
2899, 48.30833, 1.22087, -36.402, 10.2317, -137.8, 9.78129, 33.0775, 0.0574962, 40.2004, 0.429059, -47.1962, 0.401532, 121.38
2899, 48.31667, 1.22014, -36.4622, 10.2258, -137.794, 9.77115, 33.0808, 0.0574854, 40.1246, 0.428934, -47.1904, 0.401188, 121.382
2900, 48.32500, 1.21941, -36.5224, 10.2199, -137.788, 9.76102, 33.0843, 0.0574743, 40.0488, 0.428809, -47.1847, 0.400844, 121.385
2900, 48.33333, 1.21867, -36.5825, 10.2141, -137.781, 9.7509, 33.0877, 0.0574632, 39.9732, 0.428684, -47.179, 0.400501, 121.388
2901, 48.34167, 1.21794, -36.6425, 10.2082, -137.775, 9.74077, 33.0913, 0.0574518, 39.8976, 0.428559, -47.1733, 0.400157, 121.391
2901, 48.35000, 1.21719, -36.7023, 10.2023, -137.769, 9.73066, 33.0948, 0.0574403, 39.8221, 0.428434, -47.1676, 0.399813, 121.394
2902, 48.35833, 1.21645, -36.7621, 10.1964, -137.762, 9.72055, 33.0985, 0.0574286, 39.7467, 0.428309, -47.1619, 0.399469, 121.397
2902, 48.36667, 1.21571, -36.8217, 10.1905, -137.756, 9.71044, 33.1021, 0.0574167, 39.6714, 0.428183, -47.1563, 0.399126, 121.4
2903, 48.37500, 1.21496, -36.8812, 10.1846, -137.75, 9.70034, 33.1058, 0.0574047, 39.5962, 0.428058, -47.1507, 0.398782, 121.403
2903, 48.38333, 1.2142, -36.9406, 10.1787, -137.744, 9.69024, 33.1096, 0.0573925, 39.5211, 0.427932, -47.1451, 0.398438, 121.406
2904, 48.39167, 1.21345, -36.9999, 10.1728, -137.737, 9.68015, 33.1134, 0.0573801, 39.446, 0.427806, -47.1395, 0.398095, 121.409
2904, 48.40000, 1.21269, -37.0591, 10.1669, -137.731, 9.67006, 33.1173, 0.0573676, 39.3711, 0.42768, -47.134, 0.397751, 121.413
2905, 48.40833, 1.21193, -37.1182, 10.161, -137.725, 9.65998, 33.1212, 0.0573549, 39.2962, 0.427553, -47.1285, 0.397408, 121.416
2905, 48.41667, 1.21117, -37.1771, 10.1551, -137.719, 9.6499, 33.1251, 0.057342, 39.2215, 0.427427, -47.123, 0.397064, 121.419
2906, 48.42500, 1.2104, -37.236, 10.1492, -137.713, 9.63982, 33.1291, 0.057329, 39.1468, 0.4273, -47.1175, 0.39672, 121.423
2906, 48.43333, 1.20963, -37.2947, 10.1433, -137.707, 9.62976, 33.1332, 0.0573158, 39.0722, 0.427173, -47.112, 0.396377, 121.426
2907, 48.44167, 1.20886, -37.3533, 10.1374, -137.7, 9.61969, 33.1373, 0.0573024, 38.9977, 0.427046, -47.1066, 0.396034, 121.43
2907, 48.45000, 1.20809, -37.4117, 10.1315, -137.694, 9.60963, 33.1414, 0.0572889, 38.9233, 0.426919, -47.1012, 0.39569, 121.433
2908, 48.45833, 1.20731, -37.4701, 10.1255, -137.688, 9.59958, 33.1456, 0.0572752, 38.849, 0.426792, -47.0958, 0.395347, 121.437
2908, 48.46667, 1.20653, -37.5284, 10.1196, -137.682, 9.58953, 33.1499, 0.0572613, 38.7748, 0.426665, -47.0904, 0.395004, 121.441
2909, 48.47500, 1.20574, -37.5865, 10.1137, -137.676, 9.57949, 33.1542, 0.0572473, 38.7007, 0.426537, -47.085, 0.39466, 121.445
2909, 48.48333, 1.20496, -37.6445, 10.1078, -137.67, 9.56945, 33.1585, 0.0572331, 38.6267, 0.426409, -47.0797, 0.394317, 121.448
2910, 48.49167, 1.20417, -37.7024, 10.1019, -137.664, 9.55941, 33.1629, 0.0572188, 38.5528, 0.426281, -47.0744, 0.393974, 121.452
2910, 48.50000, 1.20338, -37.7601, 10.096, -137.658, 9.54938, 33.1673, 0.0572042, 38.4789, 0.426153, -47.0691, 0.393631, 121.456
2911, 48.50833, 1.20258, -37.8177, 10.0901, -137.652, 9.53936, 33.1718, 0.0571896, 38.4052, 0.426025, -47.0638, 0.393287, 121.46
2911, 48.51667, 1.20179, -37.8753, 10.0842, -137.646, 9.52934, 33.1763, 0.0571747, 38.3316, 0.425896, -47.0585, 0.392944, 121.464
2912, 48.52500, 1.20099, -37.9326, 10.0783, -137.64, 9.51932, 33.1809, 0.0571597, 38.2581, 0.425767, -47.0533, 0.392601, 121.468
2912, 48.53333, 1.20019, -37.9899, 10.0723, -137.634, 9.50931, 33.1855, 0.0571446, 38.1847, 0.425638, -47.0481, 0.392258, 121.472
2913, 48.54167, 1.19938, -38.047, 10.0664, -137.628, 9.49931, 33.1902, 0.0571292, 38.1113, 0.425509, -47.0429, 0.391915, 121.477
2913, 48.55000, 1.19857, -38.104, 10.0605, -137.622, 9.48931, 33.1949, 0.0571138, 38.0381, 0.42538, -47.0377, 0.391572, 121.481
2914, 48.55833, 1.19776, -38.1609, 10.0546, -137.616, 9.47931, 33.1997, 0.0570981, 37.965, 0.42525, -47.0325, 0.391229, 121.485
2914, 48.56667, 1.19695, -38.2177, 10.0487, -137.61, 9.46932, 33.2045, 0.0570823, 37.892, 0.425121, -47.0274, 0.390887, 121.49
2915, 48.57500, 1.19614, -38.2743, 10.0427, -137.604, 9.45934, 33.2094, 0.0570663, 37.8191, 0.424991, -47.0223, 0.390544, 121.494
2915, 48.58333, 1.19532, -38.3308, 10.0368, -137.598, 9.44936, 33.2143, 0.0570502, 37.7463, 0.424861, -47.0172, 0.390201, 121.499
2916, 48.59167, 1.1945, -38.3872, 10.0309, -137.592, 9.43938, 33.2193, 0.0570339, 37.6736, 0.424731, -47.0121, 0.389858, 121.503
2916, 48.60000, 1.19367, -38.4434, 10.025, -137.587, 9.42941, 33.2243, 0.0570175, 37.601, 0.4246, -47.007, 0.389516, 121.508
2917, 48.60833, 1.19285, -38.4995, 10.019, -137.581, 9.41945, 33.2294, 0.0570009, 37.5285, 0.424469, -47.0019, 0.389173, 121.512
2917, 48.61667, 1.19202, -38.5555, 10.0131, -137.575, 9.40949, 33.2345, 0.0569842, 37.4561, 0.424339, -46.9969, 0.38883, 121.517
2918, 48.62500, 1.19119, -38.6113, 10.0072, -137.569, 9.39953, 33.2397, 0.0569673, 37.3838, 0.424208, -46.9919, 0.388488, 121.522
2918, 48.63333, 1.19036, -38.667, 10.0012, -137.563, 9.38958, 33.2449, 0.0569502, 37.3117, 0.424076, -46.9869, 0.388145, 121.527
2919, 48.64167, 1.18952, -38.7226, 9.99531, -137.557, 9.37963, 33.2501, 0.056933, 37.2396, 0.423945, -46.9819, 0.387803, 121.532
2919, 48.65000, 1.18868, -38.778, 9.98937, -137.551, 9.36969, 33.2555, 0.0569156, 37.1676, 0.423813, -46.977, 0.387461, 121.537
2920, 48.65833, 1.18784, -38.8333, 9.98344, -137.546, 9.35976, 33.2608, 0.0568981, 37.0958, 0.423681, -46.972, 0.387118, 121.542
2920, 48.66667, 1.187, -38.8885, 9.9775, -137.54, 9.34983, 33.2662, 0.0568804, 37.0241, 0.423549, -46.9671, 0.386776, 121.547
2921, 48.67500, 1.18616, -38.9435, 9.97156, -137.534, 9.3399, 33.2717, 0.0568626, 36.9525, 0.423417, -46.9622, 0.386434, 121.552
2921, 48.68333, 1.18531, -38.9984, 9.96561, -137.528, 9.32998, 33.2772, 0.0568446, 36.8809, 0.423284, -46.9573, 0.386092, 121.557
2922, 48.69167, 1.18446, -39.0532, 9.95967, -137.523, 9.32007, 33.2827, 0.0568264, 36.8095, 0.423152, -46.9524, 0.385749, 121.562
2922, 48.70000, 1.18361, -39.1078, 9.95372, -137.517, 9.31016, 33.2884, 0.0568081, 36.7383, 0.423019, -46.9476, 0.385407, 121.567
2923, 48.70833, 1.18275, -39.1623, 9.94777, -137.511, 9.30025, 33.294, 0.0567897, 36.6671, 0.422886, -46.9427, 0.385065, 121.573
2923, 48.71667, 1.18189, -39.2166, 9.94182, -137.505, 9.29035, 33.2997, 0.0567711, 36.596, 0.422752, -46.9379, 0.384723, 121.578
2924, 48.72500, 1.18103, -39.2708, 9.93587, -137.5, 9.28046, 33.3055, 0.0567524, 36.5251, 0.422619, -46.9331, 0.384381, 121.584
2924, 48.73333, 1.18017, -39.3249, 9.92992, -137.494, 9.27057, 33.3113, 0.0567335, 36.4543, 0.422485, -46.9283, 0.38404, 121.589
2925, 48.74167, 1.17931, -39.3788, 9.92396, -137.488, 9.26068, 33.3171, 0.0567144, 36.3835, 0.422351, -46.9236, 0.383698, 121.595
2925, 48.75000, 1.17844, -39.4326, 9.918, -137.483, 9.2508, 33.323, 0.0566952, 36.3129, 0.422217, -46.9188, 0.383356, 121.6
2926, 48.75833, 1.17757, -39.4862, 9.91205, -137.477, 9.24093, 33.329, 0.0566759, 36.2425, 0.422082, -46.9141, 0.383014, 121.606
2926, 48.76667, 1.1767, -39.5397, 9.90608, -137.471, 9.23106, 33.335, 0.0566564, 36.1721, 0.421947, -46.9093, 0.382673, 121.612
2927, 48.77500, 1.17583, -39.593, 9.90012, -137.466, 9.2212, 33.341, 0.0566368, 36.1019, 0.421813, -46.9046, 0.382331, 121.617
2927, 48.78333, 1.17496, -39.6462, 9.89415, -137.46, 9.21134, 33.3471, 0.056617, 36.0317, 0.421677, -46.8999, 0.38199, 121.623
2928, 48.79167, 1.17408, -39.6993, 9.88819, -137.454, 9.20148, 33.3532, 0.056597, 35.9617, 0.421542, -46.8953, 0.381648, 121.629
2928, 48.80000, 1.1732, -39.7522, 9.88222, -137.449, 9.19163, 33.3594, 0.056577, 35.8918, 0.421406, -46.8906, 0.381307, 121.635
2929, 48.80833, 1.17232, -39.8049, 9.87625, -137.443, 9.18179, 33.3657, 0.0565567, 35.8221, 0.421271, -46.8859, 0.380965, 121.641
2929, 48.81667, 1.17143, -39.8576, 9.87027, -137.437, 9.17195, 33.372, 0.0565364, 35.7524, 0.421135, -46.8813, 0.380624, 121.647
2930, 48.82500, 1.17055, -39.91, 9.8643, -137.432, 9.16212, 33.3783, 0.0565159, 35.6829, 0.420998, -46.8767, 0.380283, 121.653
2930, 48.83333, 1.16966, -39.9623, 9.85832, -137.426, 9.15229, 33.3847, 0.0564952, 35.6135, 0.420862, -46.8721, 0.379942, 121.659
2931, 48.84167, 1.16877, -40.0145, 9.85234, -137.421, 9.14246, 33.3911, 0.0564744, 35.5442, 0.420725, -46.8675, 0.3796, 121.666
2931, 48.85000, 1.16788, -40.0665, 9.84635, -137.415, 9.13265, 33.3976, 0.0564535, 35.475, 0.420588, -46.8629, 0.379259, 121.672
2932, 48.85833, 1.16698, -40.1184, 9.84037, -137.409, 9.12283, 33.4042, 0.0564324, 35.406, 0.420451, -46.8584, 0.378918, 121.678
2932, 48.86667, 1.16609, -40.1701, 9.83438, -137.404, 9.11302, 33.4108, 0.0564112, 35.3371, 0.420313, -46.8538, 0.378578, 121.685
2933, 48.87500, 1.16519, -40.2217, 9.82839, -137.398, 9.10322, 33.4174, 0.0563898, 35.2683, 0.420175, -46.8493, 0.378237, 121.691
2933, 48.88333, 1.16429, -40.2731, 9.8224, -137.393, 9.09342, 33.4241, 0.0563683, 35.1996, 0.420038, -46.8448, 0.377896, 121.698
2934, 48.89167, 1.16339, -40.3244, 9.81641, -137.387, 9.08363, 33.4308, 0.0563466, 35.1311, 0.419899, -46.8403, 0.377555, 121.704
2934, 48.90000, 1.16248, -40.3755, 9.81041, -137.382, 9.07384, 33.4376, 0.0563249, 35.0627, 0.419761, -46.8358, 0.377214, 121.711
2935, 48.90833, 1.16158, -40.4265, 9.80441, -137.376, 9.06406, 33.4444, 0.0563029, 34.9944, 0.419622, -46.8313, 0.376874, 121.718
2935, 48.91667, 1.16067, -40.4773, 9.79841, -137.371, 9.05428, 33.4513, 0.0562809, 34.9262, 0.419483, -46.8268, 0.376533, 121.724
2936, 48.92500, 1.15976, -40.5279, 9.79241, -137.365, 9.04451, 33.4582, 0.0562587, 34.8582, 0.419344, -46.8224, 0.376193, 121.731
2936, 48.93333, 1.15885, -40.5784, 9.7864, -137.36, 9.03475, 33.4652, 0.0562363, 34.7903, 0.419205, -46.818, 0.375852, 121.738
2937, 48.94167, 1.15793, -40.6288, 9.78039, -137.354, 9.02498, 33.4723, 0.0562139, 34.7225, 0.419065, -46.8135, 0.375512, 121.745
2937, 48.95000, 1.15702, -40.679, 9.77438, -137.349, 9.01523, 33.4793, 0.0561913, 34.6549, 0.418925, -46.8091, 0.375172, 121.752
2938, 48.95833, 1.1561, -40.729, 9.76837, -137.343, 9.00548, 33.4865, 0.0561685, 34.5873, 0.418785, -46.8047, 0.374832, 121.759
2938, 48.96667, 1.15518, -40.7789, 9.76235, -137.338, 8.99573, 33.4936, 0.0561456, 34.5199, 0.418645, -46.8003, 0.374491, 121.766
2939, 48.97500, 1.15426, -40.8286, 9.75633, -137.332, 8.98599, 33.5009, 0.0561226, 34.4527, 0.418504, -46.796, 0.374151, 121.773
2939, 48.98333, 1.15333, -40.8781, 9.75031, -137.327, 8.97625, 33.5082, 0.0560995, 34.3856, 0.418363, -46.7916, 0.373811, 121.78
2940, 48.99167, 1.15241, -40.9275, 9.74429, -137.322, 8.96652, 33.5155, 0.0560762, 34.3186, 0.418222, -46.7872, 0.373471, 121.788
2940, 49.00000, 1.15148, -40.9768, 9.73826, -137.316, 8.9568, 33.5229, 0.0560528, 34.2517, 0.41808, -46.7829, 0.373132, 121.795
2941, 49.00833, 1.15055, -41.0258, 9.73223, -137.311, 8.94708, 33.5303, 0.0560292, 34.185, 0.417939, -46.7786, 0.372792, 121.802
2941, 49.01667, 1.14962, -41.0748, 9.7262, -137.305, 8.93736, 33.5378, 0.0560056, 34.1184, 0.417797, -46.7742, 0.372452, 121.81
2942, 49.02500, 1.14869, -41.1235, 9.72017, -137.3, 8.92765, 33.5453, 0.0559818, 34.0519, 0.417654, -46.7699, 0.372112, 121.817
2942, 49.03333, 1.14776, -41.1721, 9.71413, -137.294, 8.91795, 33.5529, 0.0559578, 33.9856, 0.417512, -46.7656, 0.371773, 121.825
2943, 49.04167, 1.14682, -41.2205, 9.70809, -137.289, 8.90825, 33.5605, 0.0559338, 33.9194, 0.417369, -46.7614, 0.371433, 121.832
2943, 49.05000, 1.14589, -41.2688, 9.70205, -137.284, 8.89855, 33.5682, 0.0559096, 33.8533, 0.417226, -46.7571, 0.371094, 121.84
2944, 49.05833, 1.14495, -41.3169, 9.696, -137.278, 8.88887, 33.5759, 0.0558853, 33.7874, 0.417083, -46.7528, 0.370754, 121.848
2944, 49.06667, 1.14401, -41.3649, 9.68996, -137.273, 8.87918, 33.5836, 0.0558608, 33.7216, 0.41694, -46.7486, 0.370415, 121.856
2945, 49.07500, 1.14307, -41.4126, 9.68391, -137.267, 8.8695, 33.5915, 0.0558362, 33.656, 0.416796, -46.7443, 0.370076, 121.863
2945, 49.08333, 1.14212, -41.4603, 9.67785, -137.262, 8.85983, 33.5993, 0.0558115, 33.5905, 0.416652, -46.7401, 0.369737, 121.871
2946, 49.09167, 1.14118, -41.5077, 9.6718, -137.257, 8.85016, 33.6073, 0.0557867, 33.5251, 0.416507, -46.7359, 0.369398, 121.879
2946, 49.10000, 1.14023, -41.555, 9.66574, -137.251, 8.8405, 33.6152, 0.0557617, 33.4599, 0.416363, -46.7316, 0.369059, 121.887
2947, 49.10833, 1.13928, -41.6021, 9.65968, -137.246, 8.83084, 33.6232, 0.0557367, 33.3948, 0.416218, -46.7274, 0.36872, 121.895
2947, 49.11667, 1.13833, -41.6491, 9.65361, -137.241, 8.82119, 33.6313, 0.0557115, 33.3298, 0.416073, -46.7232, 0.368381, 121.903
2948, 49.12500, 1.13738, -41.6958, 9.64755, -137.235, 8.81154, 33.6394, 0.0556861, 33.265, 0.415928, -46.719, 0.368042, 121.912
2948, 49.13333, 1.13643, -41.7425, 9.64148, -137.23, 8.8019, 33.6476, 0.0556607, 33.2003, 0.415782, -46.7149, 0.367703, 121.92
2949, 49.14167, 1.13547, -41.7889, 9.6354, -137.224, 8.79226, 33.6558, 0.0556351, 33.1358, 0.415636, -46.7107, 0.367364, 121.928
2949, 49.15000, 1.13452, -41.8352, 9.62933, -137.219, 8.78263, 33.6641, 0.0556094, 33.0714, 0.41549, -46.7065, 0.367026, 121.936
2950, 49.15833, 1.13356, -41.8813, 9.62325, -137.214, 8.773, 33.6724, 0.0555836, 33.0071, 0.415343, -46.7024, 0.366687, 121.945
2950, 49.16667, 1.1326, -41.9272, 9.61717, -137.208, 8.76338, 33.6808, 0.0555577, 32.943, 0.415197, -46.6982, 0.366349, 121.953
2951, 49.17500, 1.13164, -41.973, 9.61108, -137.203, 8.75376, 33.6892, 0.0555316, 32.879, 0.41505, -46.6941, 0.366011, 121.962
2951, 49.18333, 1.13068, -42.0186, 9.60499, -137.198, 8.74415, 33.6976, 0.0555055, 32.8152, 0.414902, -46.69, 0.365672, 121.97
2952, 49.19167, 1.12972, -42.064, 9.5989, -137.192, 8.73455, 33.7062, 0.0554792, 32.7515, 0.414755, -46.6858, 0.365334, 121.979
2952, 49.20000, 1.12875, -42.1093, 9.59281, -137.187, 8.72495, 33.7147, 0.0554528, 32.688, 0.414607, -46.6817, 0.364996, 121.988
2953, 49.20833, 1.12779, -42.1544, 9.58671, -137.182, 8.71535, 33.7233, 0.0554262, 32.6246, 0.414459, -46.6776, 0.364658, 121.996
2953, 49.21667, 1.12682, -42.1993, 9.58062, -137.176, 8.70576, 33.732, 0.0553996, 32.5613, 0.41431, -46.6735, 0.36432, 122.005
2954, 49.22500, 1.12585, -42.244, 9.57451, -137.171, 8.69618, 33.7407, 0.0553728, 32.4982, 0.414162, -46.6694, 0.363982, 122.014
2954, 49.23333, 1.12488, -42.2886, 9.56841, -137.166, 8.6866, 33.7495, 0.0553459, 32.4352, 0.414013, -46.6653, 0.363644, 122.023
2955, 49.24167, 1.12391, -42.333, 9.5623, -137.161, 8.67702, 33.7583, 0.055319, 32.3724, 0.413864, -46.6613, 0.363306, 122.032
2955, 49.25000, 1.12294, -42.3772, 9.55619, -137.155, 8.66745, 33.7671, 0.0552919, 32.3097, 0.413714, -46.6572, 0.362969, 122.041
2956, 49.25833, 1.12197, -42.4213, 9.55007, -137.15, 8.65789, 33.776, 0.0552646, 32.2472, 0.413564, -46.6531, 0.362631, 122.05
2956, 49.26667, 1.12099, -42.4651, 9.54395, -137.145, 8.64833, 33.785, 0.0552373, 32.1848, 0.413414, -46.6491, 0.362294, 122.059
2957, 49.27500, 1.12002, -42.5088, 9.53783, -137.139, 8.63877, 33.794, 0.0552099, 32.1226, 0.413264, -46.645, 0.361956, 122.068
2957, 49.28333, 1.11904, -42.5523, 9.53171, -137.134, 8.62922, 33.803, 0.0551823, 32.0605, 0.413113, -46.6409, 0.361619, 122.077
2958, 49.29167, 1.11806, -42.5957, 9.52558, -137.129, 8.61968, 33.8122, 0.0551546, 31.9986, 0.412962, -46.6369, 0.361281, 122.087
2958, 49.30000, 1.11708, -42.6388, 9.51945, -137.123, 8.61014, 33.8213, 0.0551269, 31.9368, 0.412811, -46.6329, 0.360944, 122.096
2959, 49.30833, 1.1161, -42.6818, 9.51332, -137.118, 8.60061, 33.8305, 0.055099, 31.8751, 0.41266, -46.6288, 0.360607, 122.105
2959, 49.31667, 1.11512, -42.7246, 9.50718, -137.113, 8.59108, 33.8398, 0.055071, 31.8137, 0.412508, -46.6248, 0.36027, 122.115
2960, 49.32500, 1.11414, -42.7673, 9.50104, -137.107, 8.58156, 33.8491, 0.0550429, 31.7523, 0.412356, -46.6208, 0.359933, 122.124
2960, 49.33333, 1.11315, -42.8097, 9.4949, -137.102, 8.57204, 33.8584, 0.0550147, 31.6911, 0.412203, -46.6168, 0.359596, 122.134
2961, 49.34167, 1.11217, -42.852, 9.48875, -137.097, 8.56253, 33.8678, 0.0549864, 31.6301, 0.412051, -46.6127, 0.359259, 122.144
2961, 49.35000, 1.11118, -42.8941, 9.4826, -137.092, 8.55302, 33.8773, 0.0549579, 31.5692, 0.411898, -46.6087, 0.358922, 122.153
2962, 49.35833, 1.11019, -42.936, 9.47645, -137.086, 8.54352, 33.8868, 0.0549294, 31.5085, 0.411745, -46.6047, 0.358586, 122.163
2962, 49.36667, 1.1092, -42.9777, 9.47029, -137.081, 8.53402, 33.8963, 0.0549008, 31.4479, 0.411591, -46.6007, 0.358249, 122.173
2963, 49.37500, 1.10822, -43.0193, 9.46414, -137.076, 8.52453, 33.9059, 0.054872, 31.3875, 0.411437, -46.5967, 0.357913, 122.183
2963, 49.38333, 1.10722, -43.0606, 9.45797, -137.07, 8.51504, 33.9156, 0.0548432, 31.3272, 0.411283, -46.5927, 0.357576, 122.193
2964, 49.39167, 1.10623, -43.1018, 9.45181, -137.065, 8.50556, 33.9253, 0.0548142, 31.267, 0.411129, -46.5887, 0.35724, 122.203
2964, 49.40000, 1.10524, -43.1428, 9.44564, -137.06, 8.49608, 33.935, 0.0547852, 31.2071, 0.410974, -46.5847, 0.356903, 122.213
2965, 49.40833, 1.10425, -43.1837, 9.43947, -137.055, 8.48661, 33.9448, 0.054756, 31.1473, 0.410819, -46.5808, 0.356567, 122.223
2965, 49.41667, 1.10325, -43.2243, 9.43329, -137.049, 8.47714, 33.9547, 0.0547268, 31.0876, 0.410664, -46.5768, 0.356231, 122.233
2966, 49.42500, 1.10226, -43.2648, 9.42711, -137.044, 8.46768, 33.9645, 0.0546974, 31.0281, 0.410508, -46.5728, 0.355895, 122.243
2966, 49.43333, 1.10126, -43.305, 9.42093, -137.039, 8.45823, 33.9745, 0.054668, 30.9687, 0.410353, -46.5688, 0.355559, 122.253
2967, 49.44167, 1.10027, -43.3451, 9.41474, -137.033, 8.44877, 33.9845, 0.0546384, 30.9095, 0.410196, -46.5648, 0.355223, 122.264
2967, 49.45000, 1.09927, -43.385, 9.40856, -137.028, 8.43933, 33.9945, 0.0546088, 30.8505, 0.41004, -46.5609, 0.354887, 122.274
2968, 49.45833, 1.09827, -43.4247, 9.40236, -137.023, 8.42989, 34.0046, 0.054579, 30.7916, 0.409883, -46.5569, 0.354552, 122.284
2968, 49.46667, 1.09727, -43.4643, 9.39617, -137.017, 8.42045, 34.0148, 0.0545492, 30.7329, 0.409726, -46.5529, 0.354216, 122.295
2969, 49.47500, 1.09627, -43.5036, 9.38997, -137.012, 8.41102, 34.025, 0.0545192, 30.6743, 0.409569, -46.549, 0.35388, 122.305
2969, 49.48333, 1.09527, -43.5428, 9.38377, -137.007, 8.4016, 34.0352, 0.0544892, 30.6159, 0.409411, -46.545, 0.353545, 122.316
2970, 49.49167, 1.09427, -43.5818, 9.37756, -137.001, 8.39217, 34.0455, 0.0544591, 30.5576, 0.409253, -46.541, 0.353209, 122.327
2970, 49.50000, 1.09326, -43.6206, 9.37135, -136.996, 8.38276, 34.0558, 0.0544288, 30.4995, 0.409095, -46.537, 0.352874, 122.337
2971, 49.50833, 1.09226, -43.6592, 9.36514, -136.991, 8.37335, 34.0662, 0.0543985, 30.4416, 0.408937, -46.5331, 0.352539, 122.348
2971, 49.51667, 1.09126, -43.6976, 9.35892, -136.985, 8.36394, 34.0766, 0.0543681, 30.3838, 0.408778, -46.5291, 0.352203, 122.359
2972, 49.52500, 1.09025, -43.7358, 9.35271, -136.98, 8.35454, 34.0871, 0.0543376, 30.3262, 0.408619, -46.5252, 0.351868, 122.37
2972, 49.53333, 1.08925, -43.7739, 9.34648, -136.975, 8.34515, 34.0977, 0.054307, 30.2687, 0.408459, -46.5212, 0.351533, 122.381
2973, 49.54167, 1.08824, -43.8117, 9.34026, -136.969, 8.33576, 34.1083, 0.0542763, 30.2114, 0.4083, -46.5172, 0.351198, 122.392
2973, 49.55000, 1.08723, -43.8494, 9.33403, -136.964, 8.32637, 34.1189, 0.0542455, 30.1543, 0.40814, -46.5133, 0.350863, 122.403
2974, 49.55833, 1.08622, -43.8868, 9.3278, -136.959, 8.31699, 34.1296, 0.0542146, 30.0973, 0.407979, -46.5093, 0.350529, 122.414
2974, 49.56667, 1.08522, -43.9241, 9.32156, -136.953, 8.30762, 34.1403, 0.0541836, 30.0404, 0.407819, -46.5053, 0.350194, 122.425
2975, 49.57500, 1.08421, -43.9612, 9.31532, -136.948, 8.29825, 34.1511, 0.0541526, 29.9838, 0.407658, -46.5014, 0.349859, 122.436
2975, 49.58333, 1.0832, -43.9981, 9.30908, -136.943, 8.28888, 34.1619, 0.0541214, 29.9273, 0.407497, -46.4974, 0.349524, 122.447
2976, 49.59167, 1.08219, -44.0349, 9.30283, -136.937, 8.27952, 34.1728, 0.0540902, 29.8709, 0.407335, -46.4934, 0.34919, 122.459
2976, 49.60000, 1.08118, -44.0714, 9.29658, -136.932, 8.27016, 34.1837, 0.0540588, 29.8148, 0.407173, -46.4895, 0.348856, 122.47
2977, 49.60833, 1.08016, -44.1077, 9.29033, -136.927, 8.26081, 34.1947, 0.0540274, 29.7587, 0.407011, -46.4855, 0.348521, 122.482
2977, 49.61667, 1.07915, -44.1438, 9.28407, -136.921, 8.25147, 34.2057, 0.0539959, 29.7029, 0.406849, -46.4815, 0.348187, 122.493
2978, 49.62500, 1.07814, -44.1798, 9.27781, -136.916, 8.24213, 34.2168, 0.0539644, 29.6472, 0.406686, -46.4776, 0.347853, 122.505
2978, 49.63333, 1.07713, -44.2155, 9.27155, -136.911, 8.23279, 34.2279, 0.0539327, 29.5917, 0.406523, -46.4736, 0.347519, 122.516
2979, 49.64167, 1.07611, -44.2511, 9.26528, -136.905, 8.22346, 34.2391, 0.0539009, 29.5363, 0.406359, -46.4696, 0.347184, 122.528
2979, 49.65000, 1.0751, -44.2865, 9.25901, -136.9, 8.21414, 34.2504, 0.0538691, 29.4811, 0.406196, -46.4656, 0.34685, 122.539
2980, 49.65833, 1.07408, -44.3217, 9.25273, -136.894, 8.20482, 34.2616, 0.0538372, 29.4261, 0.406032, -46.4617, 0.346517, 122.551
2980, 49.66667, 1.07307, -44.3567, 9.24645, -136.889, 8.1955, 34.273, 0.0538052, 29.3712, 0.405868, -46.4577, 0.346183, 122.563
2981, 49.67500, 1.07205, -44.3914, 9.24017, -136.884, 8.18619, 34.2843, 0.0537731, 29.3165, 0.405703, -46.4537, 0.345849, 122.575
2981, 49.68333, 1.07104, -44.426, 9.23389, -136.878, 8.17689, 34.2958, 0.0537409, 29.262, 0.405538, -46.4497, 0.345515, 122.587
2982, 49.69167, 1.07002, -44.4604, 9.2276, -136.873, 8.16758, 34.3072, 0.0537087, 29.2076, 0.405373, -46.4457, 0.345182, 122.599
2982, 49.70000, 1.06901, -44.4946, 9.22131, -136.867, 8.15829, 34.3188, 0.0536764, 29.1534, 0.405208, -46.4417, 0.344848, 122.611
2983, 49.70833, 1.06799, -44.5287, 9.21501, -136.862, 8.149, 34.3303, 0.053644, 29.0993, 0.405042, -46.4377, 0.344515, 122.623
2983, 49.71667, 1.06697, -44.5625, 9.20871, -136.856, 8.13971, 34.3419, 0.0536115, 29.0454, 0.404876, -46.4337, 0.344181, 122.635
2984, 49.72500, 1.06595, -44.5961, 9.20241, -136.851, 8.13043, 34.3536, 0.0535789, 28.9917, 0.404709, -46.4297, 0.343848, 122.647
2984, 49.73333, 1.06494, -44.6295, 9.1961, -136.846, 8.12115, 34.3653, 0.0535463, 28.9382, 0.404543, -46.4257, 0.343515, 122.66
2985, 49.74167, 1.06392, -44.6628, 9.18979, -136.84, 8.11188, 34.3771, 0.0535136, 28.8848, 0.404375, -46.4217, 0.343181, 122.672
2985, 49.75000, 1.0629, -44.6958, 9.18348, -136.835, 8.10262, 34.3889, 0.0534808, 28.8316, 0.404208, -46.4176, 0.342848, 122.684
2986, 49.75833, 1.06188, -44.7286, 9.17716, -136.829, 8.09335, 34.4008, 0.0534479, 28.7786, 0.404041, -46.4136, 0.342515, 122.697
2986, 49.76667, 1.06086, -44.7613, 9.17084, -136.824, 8.0841, 34.4127, 0.053415, 28.7257, 0.403873, -46.4096, 0.342182, 122.709
2987, 49.77500, 1.05984, -44.7937, 9.16452, -136.818, 8.07484, 34.4247, 0.053382, 28.673, 0.403704, -46.4055, 0.341849, 122.722
2987, 49.78333, 1.05882, -44.8259, 9.15819, -136.813, 8.0656, 34.4367, 0.0533489, 28.6205, 0.403536, -46.4015, 0.341517, 122.734
2988, 49.79167, 1.0578, -44.858, 9.15186, -136.807, 8.05635, 34.4488, 0.0533157, 28.5681, 0.403367, -46.3975, 0.341184, 122.747
2988, 49.80000, 1.05678, -44.8898, 9.14553, -136.802, 8.04712, 34.4609, 0.0532825, 28.5159, 0.403198, -46.3934, 0.340851, 122.76
2989, 49.80833, 1.05576, -44.9215, 9.13919, -136.796, 8.03788, 34.473, 0.0532492, 28.4639, 0.403028, -46.3894, 0.340519, 122.772
2989, 49.81667, 1.05474, -44.9529, 9.13285, -136.791, 8.02866, 34.4853, 0.0532158, 28.412, 0.402858, -46.3853, 0.340186, 122.785
2990, 49.82500, 1.05372, -44.9842, 9.1265, -136.785, 8.01943, 34.4975, 0.0531824, 28.3603, 0.402688, -46.3812, 0.339854, 122.798
2990, 49.83333, 1.0527, -45.0153, 9.12015, -136.779, 8.01021, 34.5098, 0.0531489, 28.3088, 0.402518, -46.3771, 0.339521, 122.811
2991, 49.84167, 1.05168, -45.0461, 9.1138, -136.774, 8.001, 34.5222, 0.0531153, 28.2574, 0.402347, -46.3731, 0.339189, 122.824
2991, 49.85000, 1.05066, -45.0768, 9.10744, -136.768, 7.99179, 34.5346, 0.0530816, 28.2063, 0.402176, -46.369, 0.338857, 122.837
2992, 49.85833, 1.04963, -45.1072, 9.10108, -136.763, 7.98259, 34.5471, 0.0530479, 28.1553, 0.402005, -46.3649, 0.338525, 122.85
2992, 49.86667, 1.04861, -45.1375, 9.09472, -136.757, 7.97339, 34.5596, 0.0530141, 28.1044, 0.401833, -46.3608, 0.338192, 122.863
2993, 49.87500, 1.04759, -45.1675, 9.08835, -136.752, 7.96419, 34.5722, 0.0529803, 28.0538, 0.401661, -46.3567, 0.33786, 122.877
2993, 49.88333, 1.04657, -45.1974, 9.08198, -136.746, 7.955, 34.5848, 0.0529464, 28.0033, 0.401489, -46.3525, 0.337528, 122.89
2994, 49.89167, 1.04555, -45.227, 9.07561, -136.74, 7.94582, 34.5974, 0.0529124, 27.953, 0.401316, -46.3484, 0.337196, 122.903
2994, 49.90000, 1.04453, -45.2565, 9.06923, -136.735, 7.93664, 34.6101, 0.0528783, 27.9028, 0.401143, -46.3443, 0.336865, 122.917
2995, 49.90833, 1.0435, -45.2857, 9.06285, -136.729, 7.92746, 34.6229, 0.0528442, 27.8528, 0.40097, -46.3401, 0.336533, 122.93
2995, 49.91667, 1.04248, -45.3148, 9.05646, -136.723, 7.91829, 34.6357, 0.0528101, 27.803, 0.400796, -46.336, 0.336201, 122.944
2996, 49.92500, 1.04146, -45.3436, 9.05008, -136.718, 7.90912, 34.6486, 0.0527758, 27.7534, 0.400623, -46.3318, 0.33587, 122.957
2996, 49.93333, 1.04044, -45.3723, 9.04368, -136.712, 7.89996, 34.6615, 0.0527415, 27.704, 0.400448, -46.3277, 0.335538, 122.971
2997, 49.94167, 1.03942, -45.4007, 9.03729, -136.706, 7.8908, 34.6744, 0.0527071, 27.6547, 0.400274, -46.3235, 0.335206, 122.984
2997, 49.95000, 1.0384, -45.4289, 9.03089, -136.701, 7.88165, 34.6875, 0.0526727, 27.6056, 0.400099, -46.3193, 0.334875, 122.998
2998, 49.95833, 1.03738, -45.457, 9.02449, -136.695, 7.8725, 34.7005, 0.0526382, 27.5566, 0.399924, -46.3151, 0.334544, 123.012
2998, 49.96667, 1.03635, -45.4848, 9.01808, -136.689, 7.86336, 34.7136, 0.0526037, 27.5079, 0.399749, -46.3109, 0.334212, 123.026
2999, 49.97500, 1.03533, -45.5124, 9.01167, -136.684, 7.85422, 34.7268, 0.0525691, 27.4593, 0.399573, -46.3067, 0.333881, 123.039
2999, 49.98333, 1.03431, -45.5399, 9.00526, -136.678, 7.84508, 34.74, 0.0525344, 27.4109, 0.399397, -46.3025, 0.33355, 123.053
3000, 49.99167, 1.03329, -45.5671, 8.99884, -136.672, 7.83595, 34.7532, 0.0524997, 27.3626, 0.399221, -46.2983, 0.333219, 123.067
3000, 50.00000, 1.03227, -45.5941, 8.99242, -136.666, 7.82683, 34.7666, 0.0524649, 27.3146, 0.399044, -46.294, 0.332888, 123.081
3001, 50.00833, 1.03125, -45.6209, 8.98599, -136.661, 7.81771, 34.7799, 0.0524301, 27.2667, 0.398867, -46.2898, 0.332557, 123.096
3001, 50.01667, 1.03023, -45.6475, 8.97956, -136.655, 7.80859, 34.7933, 0.0523952, 27.219, 0.39869, -46.2855, 0.332226, 123.11
3002, 50.02500, 1.02921, -45.674, 8.97313, -136.649, 7.79948, 34.8068, 0.0523603, 27.1715, 0.398512, -46.2812, 0.331895, 123.124
3002, 50.03333, 1.02819, -45.7002, 8.9667, -136.643, 7.79037, 34.8203, 0.0523253, 27.1241, 0.398334, -46.277, 0.331564, 123.138
3003, 50.04167, 1.02717, -45.7262, 8.96026, -136.637, 7.78127, 34.8338, 0.0522902, 27.0769, 0.398156, -46.2727, 0.331233, 123.153
3003, 50.05000, 1.02615, -45.7519, 8.95382, -136.632, 7.77217, 34.8475, 0.0522551, 27.0299, 0.397977, -46.2684, 0.330903, 123.167
3004, 50.05833, 1.02513, -45.7775, 8.94737, -136.626, 7.76308, 34.8611, 0.0522199, 26.9831, 0.397799, -46.264, 0.330572, 123.181
3004, 50.06667, 1.02411, -45.8029, 8.94092, -136.62, 7.75399, 34.8748, 0.0521847, 26.9364, 0.397619, -46.2597, 0.330242, 123.196
3005, 50.07500, 1.02309, -45.8281, 8.93447, -136.614, 7.7449, 34.8886, 0.0521494, 26.89, 0.39744, -46.2554, 0.329911, 123.21
3005, 50.08333, 1.02207, -45.8531, 8.92801, -136.608, 7.73582, 34.9024, 0.0521141, 26.8437, 0.39726, -46.251, 0.329581, 123.225
3006, 50.09167, 1.02105, -45.8778, 8.92155, -136.602, 7.72674, 34.9162, 0.0520788, 26.7975, 0.39708, -46.2467, 0.32925, 123.24
3006, 50.10000, 1.02003, -45.9024, 8.91509, -136.596, 7.71767, 34.9301, 0.0520433, 26.7516, 0.3969, -46.2423, 0.32892, 123.254
3007, 50.10833, 1.01901, -45.9267, 8.90862, -136.59, 7.70861, 34.9441, 0.0520079, 26.7058, 0.396719, -46.2379, 0.32859, 123.269
3007, 50.11667, 1.018, -45.9509, 8.90215, -136.584, 7.69954, 34.9581, 0.0519723, 26.6602, 0.396538, -46.2335, 0.328259, 123.284
3008, 50.12500, 1.01698, -45.9748, 8.89567, -136.578, 7.69048, 34.9722, 0.0519368, 26.6148, 0.396356, -46.2291, 0.327929, 123.299
3008, 50.13333, 1.01596, -45.9986, 8.88919, -136.572, 7.68143, 34.9863, 0.0519012, 26.5696, 0.396175, -46.2247, 0.327599, 123.314
3009, 50.14167, 1.01495, -46.0221, 8.88271, -136.566, 7.67238, 35.0004, 0.0518655, 26.5246, 0.395993, -46.2203, 0.327269, 123.329
3009, 50.15000, 1.01393, -46.0454, 8.87623, -136.56, 7.66333, 35.0147, 0.0518298, 26.4797, 0.39581, -46.2158, 0.326939, 123.344
3010, 50.15833, 1.01291, -46.0685, 8.86974, -136.554, 7.65429, 35.0289, 0.051794, 26.435, 0.395628, -46.2113, 0.326609, 123.359
3010, 50.16667, 1.0119, -46.0914, 8.86324, -136.548, 7.64526, 35.0432, 0.0517582, 26.3905, 0.395445, -46.2069, 0.326279, 123.374
3011, 50.17500, 1.01088, -46.1141, 8.85675, -136.542, 7.63622, 35.0576, 0.0517224, 26.3462, 0.395262, -46.2024, 0.32595, 123.389
3011, 50.18333, 1.00987, -46.1366, 8.85025, -136.536, 7.6272, 35.072, 0.0516865, 26.302, 0.395078, -46.1979, 0.32562, 123.405
3012, 50.19167, 1.00885, -46.1589, 8.84374, -136.53, 7.61817, 35.0865, 0.0516506, 26.258, 0.394894, -46.1934, 0.32529, 123.42
3012, 50.20000, 1.00784, -46.181, 8.83724, -136.524, 7.60915, 35.101, 0.0516146, 26.2142, 0.39471, -46.1888, 0.32496, 123.435
3013, 50.20833, 1.00683, -46.2028, 8.83073, -136.518, 7.60014, 35.1155, 0.0515786, 26.1706, 0.394526, -46.1843, 0.324631, 123.451
3013, 50.21667, 1.00581, -46.2245, 8.82421, -136.512, 7.59113, 35.1302, 0.0515425, 26.1272, 0.394341, -46.1797, 0.324301, 123.466
3014, 50.22500, 1.0048, -46.2459, 8.81769, -136.506, 7.58212, 35.1448, 0.0515064, 26.0839, 0.394156, -46.1752, 0.323972, 123.482
3014, 50.23333, 1.00379, -46.2672, 8.81117, -136.5, 7.57312, 35.1595, 0.0514702, 26.0409, 0.39397, -46.1706, 0.323642, 123.497
3015, 50.24167, 1.00278, -46.2882, 8.80465, -136.493, 7.56412, 35.1743, 0.0514341, 25.998, 0.393785, -46.166, 0.323313, 123.513
3015, 50.25000, 1.00177, -46.309, 8.79812, -136.487, 7.55512, 35.1891, 0.0513978, 25.9553, 0.393599, -46.1613, 0.322984, 123.529
3016, 50.25833, 1.00076, -46.3297, 8.79159, -136.481, 7.54613, 35.204, 0.0513616, 25.9127, 0.393412, -46.1567, 0.322654, 123.545
3016, 50.26667, 0.999749, -46.3501, 8.78505, -136.475, 7.53715, 35.2189, 0.0513253, 25.8704, 0.393225, -46.1521, 0.322325, 123.56
3017, 50.27500, 0.99874, -46.3703, 8.77851, -136.469, 7.52817, 35.2339, 0.0512889, 25.8282, 0.393039, -46.1474, 0.321996, 123.576
3017, 50.28333, 0.997732, -46.3902, 8.77197, -136.462, 7.51919, 35.2489, 0.0512525, 25.7862, 0.392851, -46.1427, 0.321667, 123.592
3018, 50.29167, 0.996724, -46.41, 8.76542, -136.456, 7.51021, 35.264, 0.0512161, 25.7444, 0.392664, -46.138, 0.321337, 123.608
3018, 50.30000, 0.995716, -46.4296, 8.75887, -136.45, 7.50124, 35.2791, 0.0511797, 25.7028, 0.392476, -46.1333, 0.321008, 123.624
3019, 50.30833, 0.99471, -46.449, 8.75232, -136.443, 7.49228, 35.2943, 0.0511432, 25.6614, 0.392287, -46.1286, 0.320679, 123.641
3019, 50.31667, 0.993704, -46.4681, 8.74576, -136.437, 7.48332, 35.3095, 0.0511066, 25.6201, 0.392099, -46.1238, 0.32035, 123.657
3020, 50.32500, 0.992698, -46.487, 8.7392, -136.431, 7.47436, 35.3248, 0.0510701, 25.5791, 0.39191, -46.1191, 0.320021, 123.673
3020, 50.33333, 0.991694, -46.5058, 8.73264, -136.424, 7.46541, 35.3401, 0.0510335, 25.5382, 0.391721, -46.1143, 0.319693, 123.689
3021, 50.34167, 0.99069, -46.5243, 8.72607, -136.418, 7.45646, 35.3555, 0.0509968, 25.4975, 0.391531, -46.1095, 0.319364, 123.706
3021, 50.35000, 0.989686, -46.5426, 8.7195, -136.412, 7.44751, 35.3709, 0.0509602, 25.4569, 0.391342, -46.1047, 0.319035, 123.722
3022, 50.35833, 0.988684, -46.5607, 8.71292, -136.405, 7.43857, 35.3864, 0.0509235, 25.4166, 0.391152, -46.0998, 0.318706, 123.738
3022, 50.36667, 0.987682, -46.5786, 8.70634, -136.399, 7.42963, 35.402, 0.0508867, 25.3764, 0.390961, -46.095, 0.318377, 123.755
3023, 50.37500, 0.986681, -46.5963, 8.69976, -136.392, 7.4207, 35.4176, 0.05085, 25.3365, 0.39077, -46.0901, 0.318049, 123.772
3023, 50.38333, 0.98568, -46.6137, 8.69318, -136.386, 7.41177, 35.4332, 0.0508132, 25.2967, 0.390579, -46.0852, 0.31772, 123.788
3024, 50.39167, 0.98468, -46.631, 8.68659, -136.379, 7.40285, 35.4489, 0.0507764, 25.2571, 0.390388, -46.0803, 0.317392, 123.805
3024, 50.40000, 0.983681, -46.648, 8.68, -136.373, 7.39393, 35.4646, 0.0507395, 25.2176, 0.390196, -46.0754, 0.317063, 123.822
3025, 50.40833, 0.982683, -46.6649, 8.6734, -136.366, 7.38501, 35.4804, 0.0507026, 25.1784, 0.390004, -46.0705, 0.316734, 123.838
3025, 50.41667, 0.981685, -46.6815, 8.6668, -136.36, 7.37609, 35.4963, 0.0506657, 25.1393, 0.389812, -46.0655, 0.316406, 123.855
3026, 50.42500, 0.980689, -46.6979, 8.6602, -136.353, 7.36718, 35.5122, 0.0506288, 25.1005, 0.38962, -46.0605, 0.316078, 123.872
3026, 50.43333, 0.979693, -46.7141, 8.65359, -136.346, 7.35828, 35.5281, 0.0505918, 25.0618, 0.389427, -46.0555, 0.315749, 123.889
3027, 50.44167, 0.978698, -46.7301, 8.64698, -136.34, 7.34938, 35.5441, 0.0505548, 25.0233, 0.389233, -46.0505, 0.315421, 123.906
3027, 50.45000, 0.977703, -46.7459, 8.64037, -136.333, 7.34048, 35.5602, 0.0505178, 24.985, 0.38904, -46.0455, 0.315092, 123.923
3028, 50.45833, 0.97671, -46.7615, 8.63375, -136.326, 7.33159, 35.5763, 0.0504807, 24.9468, 0.388846, -46.0404, 0.314764, 123.94
3028, 50.46667, 0.975717, -46.7768, 8.62713, -136.32, 7.32269, 35.5925, 0.0504437, 24.9089, 0.388652, -46.0354, 0.314436, 123.958
3029, 50.47500, 0.974726, -46.792, 8.62051, -136.313, 7.31381, 35.6087, 0.0504066, 24.8711, 0.388458, -46.0303, 0.314108, 123.975
3029, 50.48333, 0.973735, -46.8069, 8.61388, -136.306, 7.30493, 35.6249, 0.0503694, 24.8335, 0.388263, -46.0252, 0.313779, 123.992
3030, 50.49167, 0.972745, -46.8216, 8.60725, -136.3, 7.29605, 35.6413, 0.0503323, 24.7962, 0.388068, -46.02, 0.313451, 124.01
3030, 50.50000, 0.971756, -46.8361, 8.60061, -136.293, 7.28717, 35.6576, 0.0502951, 24.7589, 0.387872, -46.0149, 0.313123, 124.027
3031, 50.50833, 0.970767, -46.8504, 8.59398, -136.286, 7.2783, 35.674, 0.0502579, 24.7219, 0.387677, -46.0097, 0.312795, 124.045
3031, 50.51667, 0.96978, -46.8645, 8.58734, -136.279, 7.26943, 35.6905, 0.0502207, 24.6851, 0.387481, -46.0045, 0.312467, 124.062
3032, 50.52500, 0.968794, -46.8784, 8.58069, -136.272, 7.26057, 35.7071, 0.0501835, 24.6484, 0.387284, -45.9993, 0.312139, 124.08
3032, 50.53333, 0.967808, -46.8921, 8.57404, -136.266, 7.25171, 35.7236, 0.0501462, 24.612, 0.387088, -45.994, 0.311811, 124.097
3033, 50.54167, 0.966824, -46.9055, 8.56739, -136.259, 7.24285, 35.7403, 0.0501089, 24.5757, 0.386891, -45.9888, 0.311483, 124.115
3033, 50.55000, 0.96584, -46.9188, 8.56074, -136.252, 7.234, 35.757, 0.0500716, 24.5396, 0.386694, -45.9835, 0.311155, 124.133
3034, 50.55833, 0.964858, -46.9318, 8.55408, -136.245, 7.22515, 35.7737, 0.0500343, 24.5037, 0.386496, -45.9782, 0.310827, 124.151
3034, 50.56667, 0.963876, -46.9446, 8.54742, -136.238, 7.2163, 35.7905, 0.0499969, 24.468, 0.386298, -45.9729, 0.310499, 124.169
3035, 50.57500, 0.962895, -46.9572, 8.54075, -136.231, 7.20746, 35.8073, 0.0499596, 24.4325, 0.3861, -45.9675, 0.310171, 124.187
3035, 50.58333, 0.961916, -46.9696, 8.53408, -136.224, 7.19862, 35.8242, 0.0499222, 24.3971, 0.385902, -45.9622, 0.309843, 124.205
3036, 50.59167, 0.960937, -46.9818, 8.52741, -136.217, 7.18979, 35.8412, 0.0498848, 24.362, 0.385703, -45.9568, 0.309516, 124.223
3036, 50.60000, 0.959959, -46.9938, 8.52074, -136.21, 7.18096, 35.8582, 0.0498473, 24.327, 0.385504, -45.9514, 0.309188, 124.241
3037, 50.60833, 0.958983, -47.0056, 8.51406, -136.203, 7.17213, 35.8753, 0.0498099, 24.2922, 0.385305, -45.9459, 0.30886, 124.259
3037, 50.61667, 0.958007, -47.0171, 8.50738, -136.196, 7.16331, 35.8924, 0.0497724, 24.2576, 0.385105, -45.9405, 0.308532, 124.277
3038, 50.62500, 0.957033, -47.0284, 8.50069, -136.189, 7.15449, 35.9096, 0.049735, 24.2232, 0.384905, -45.935, 0.308205, 124.296
3038, 50.63333, 0.956059, -47.0396, 8.494, -136.181, 7.14567, 35.9268, 0.0496975, 24.189, 0.384705, -45.9295, 0.307877, 124.314
3039, 50.64167, 0.955087, -47.0505, 8.48731, -136.174, 7.13686, 35.9441, 0.04966, 24.1549, 0.384504, -45.924, 0.307549, 124.332
3039, 50.65000, 0.954115, -47.0612, 8.48061, -136.167, 7.12805, 35.9614, 0.0496225, 24.1211, 0.384303, -45.9184, 0.307222, 124.351
3040, 50.65833, 0.953145, -47.0717, 8.47391, -136.16, 7.11924, 35.9788, 0.0495849, 24.0874, 0.384102, -45.9129, 0.306894, 124.369
3040, 50.66667, 0.952176, -47.0819, 8.46721, -136.153, 7.11044, 35.9962, 0.0495474, 24.054, 0.3839, -45.9073, 0.306566, 124.388
3041, 50.67500, 0.951208, -47.092, 8.46051, -136.145, 7.10164, 36.0137, 0.0495098, 24.0207, 0.383699, -45.9017, 0.306239, 124.407
3041, 50.68333, 0.950241, -47.1018, 8.4538, -136.138, 7.09284, 36.0313, 0.0494722, 23.9876, 0.383496, -45.896, 0.305911, 124.426
3042, 50.69167, 0.949275, -47.1115, 8.44708, -136.131, 7.08405, 36.0489, 0.0494347, 23.9547, 0.383294, -45.8904, 0.305584, 124.444
3042, 50.70000, 0.948311, -47.1209, 8.44037, -136.123, 7.07526, 36.0666, 0.0493971, 23.922, 0.383091, -45.8847, 0.305256, 124.463
3043, 50.70833, 0.947347, -47.1301, 8.43365, -136.116, 7.06648, 36.0843, 0.0493595, 23.8894, 0.382888, -45.879, 0.304929, 124.482
3043, 50.71667, 0.946385, -47.1391, 8.42693, -136.109, 7.05769, 36.102, 0.0493218, 23.8571, 0.382685, -45.8732, 0.304601, 124.501
3044, 50.72500, 0.945424, -47.1479, 8.4202, -136.101, 7.04891, 36.1199, 0.0492842, 23.8249, 0.382481, -45.8675, 0.304274, 124.52
3044, 50.73333, 0.944464, -47.1565, 8.41347, -136.094, 7.04014, 36.1377, 0.0492466, 23.793, 0.382277, -45.8617, 0.303946, 124.539
3045, 50.74167, 0.943505, -47.1649, 8.40674, -136.086, 7.03137, 36.1557, 0.0492089, 23.7612, 0.382073, -45.8559, 0.303619, 124.558
3045, 50.75000, 0.942547, -47.173, 8.4, -136.079, 7.0226, 36.1737, 0.0491712, 23.7296, 0.381869, -45.85, 0.303291, 124.578
3046, 50.75833, 0.941591, -47.181, 8.39326, -136.071, 7.01383, 36.1917, 0.0491336, 23.6982, 0.381664, -45.8442, 0.302964, 124.597
3046, 50.76667, 0.940636, -47.1887, 8.38652, -136.064, 7.00507, 36.2098, 0.0490959, 23.667, 0.381459, -45.8383, 0.302636, 124.616
3047, 50.77500, 0.939682, -47.1962, 8.37978, -136.056, 6.99631, 36.228, 0.0490582, 23.636, 0.381253, -45.8324, 0.302309, 124.636
3047, 50.78333, 0.938729, -47.2035, 8.37303, -136.049, 6.98756, 36.2462, 0.0490205, 23.6051, 0.381047, -45.8264, 0.301981, 124.655
3048, 50.79167, 0.937777, -47.2106, 8.36627, -136.041, 6.9788, 36.2645, 0.0489828, 23.5745, 0.380841, -45.8205, 0.301654, 124.674
3048, 50.80000, 0.936827, -47.2175, 8.35952, -136.033, 6.97005, 36.2828, 0.0489451, 23.544, 0.380635, -45.8145, 0.301327, 124.694
3049, 50.80833, 0.935878, -47.2242, 8.35276, -136.026, 6.96131, 36.3012, 0.0489074, 23.5138, 0.380428, -45.8084, 0.300999, 124.714
3049, 50.81667, 0.934931, -47.2306, 8.346, -136.018, 6.95256, 36.3196, 0.0488697, 23.4837, 0.380221, -45.8024, 0.300672, 124.733
3050, 50.82500, 0.933984, -47.2369, 8.33923, -136.01, 6.94383, 36.3381, 0.0488319, 23.4538, 0.380014, -45.7963, 0.300344, 124.753
3050, 50.83333, 0.933039, -47.2429, 8.33247, -136.003, 6.93509, 36.3567, 0.0487942, 23.4241, 0.379807, -45.7902, 0.300017, 124.773
3051, 50.84167, 0.932095, -47.2487, 8.32569, -135.995, 6.92635, 36.3753, 0.0487565, 23.3946, 0.379599, -45.7841, 0.29969, 124.793
3051, 50.85000, 0.931153, -47.2543, 8.31892, -135.987, 6.91763, 36.3939, 0.0487187, 23.3653, 0.379391, -45.778, 0.299362, 124.813
3052, 50.85833, 0.930212, -47.2597, 8.31214, -135.979, 6.9089, 36.4127, 0.048681, 23.3362, 0.379182, -45.7718, 0.299035, 124.833
3052, 50.86667, 0.929272, -47.2649, 8.30536, -135.971, 6.90017, 36.4315, 0.0486433, 23.3072, 0.378973, -45.7656, 0.298708, 124.853
3053, 50.87500, 0.928333, -47.2699, 8.29857, -135.963, 6.89145, 36.4503, 0.0486055, 23.2785, 0.378764, -45.7593, 0.29838, 124.873
3053, 50.88333, 0.927396, -47.2746, 8.29178, -135.955, 6.88274, 36.4692, 0.0485678, 23.2499, 0.378555, -45.7531, 0.298053, 124.893
3054, 50.89167, 0.92646, -47.2792, 8.28499, -135.948, 6.87402, 36.4881, 0.04853, 23.2215, 0.378345, -45.7468, 0.297726, 124.913
3054, 50.90000, 0.925526, -47.2835, 8.2782, -135.94, 6.86531, 36.5071, 0.0484923, 23.1934, 0.378135, -45.7405, 0.297398, 124.934
3055, 50.90833, 0.924593, -47.2877, 8.2714, -135.932, 6.8566, 36.5262, 0.0484545, 23.1654, 0.377925, -45.7341, 0.297071, 124.954
3055, 50.91667, 0.923661, -47.2916, 8.2646, -135.923, 6.8479, 36.5453, 0.0484167, 23.1376, 0.377715, -45.7278, 0.296744, 124.975
3056, 50.92500, 0.922731, -47.2953, 8.2578, -135.915, 6.83919, 36.5645, 0.048379, 23.11, 0.377504, -45.7214, 0.296416, 124.995
3056, 50.93333, 0.921802, -47.2988, 8.25099, -135.907, 6.83049, 36.5838, 0.0483412, 23.0826, 0.377293, -45.7149, 0.296089, 125.016
3057, 50.94167, 0.920874, -47.3021, 8.24418, -135.899, 6.8218, 36.6031, 0.0483035, 23.0553, 0.377081, -45.7085, 0.295762, 125.036
3057, 50.95000, 0.919948, -47.3051, 8.23736, -135.891, 6.8131, 36.6224, 0.0482657, 23.0283, 0.376869, -45.702, 0.295434, 125.057
3058, 50.95833, 0.919023, -47.308, 8.23055, -135.883, 6.80441, 36.6418, 0.048228, 23.0015, 0.376657, -45.6955, 0.295107, 125.078
3058, 50.96667, 0.9181, -47.3106, 8.22373, -135.875, 6.79572, 36.6613, 0.0481902, 22.9748, 0.376445, -45.6889, 0.294779, 125.099
3059, 50.97500, 0.917178, -47.3131, 8.2169, -135.866, 6.78704, 36.6809, 0.0481525, 22.9483, 0.376232, -45.6823, 0.294452, 125.12
3059, 50.98333, 0.916258, -47.3153, 8.21008, -135.858, 6.77836, 36.7005, 0.0481148, 22.9221, 0.376019, -45.6757, 0.294125, 125.14
3060, 50.99167, 0.915339, -47.3173, 8.20325, -135.85, 6.76968, 36.7201, 0.048077, 22.896, 0.375806, -45.6691, 0.293797, 125.161
3060, 51.00000, 0.914421, -47.3191, 8.19642, -135.841, 6.761, 36.7398, 0.0480393, 22.8701, 0.375593, -45.6624, 0.29347, 125.183
3061, 51.00833, 0.913505, -47.3207, 8.18958, -135.833, 6.75233, 36.7596, 0.0480016, 22.8444, 0.375379, -45.6557, 0.293143, 125.204
3061, 51.01667, 0.912591, -47.3221, 8.18274, -135.825, 6.74366, 36.7794, 0.0479638, 22.8189, 0.375165, -45.649, 0.292815, 125.225
3062, 51.02500, 0.911678, -47.3233, 8.1759, -135.816, 6.73499, 36.7993, 0.0479261, 22.7936, 0.37495, -45.6422, 0.292488, 125.246
3062, 51.03333, 0.910766, -47.3242, 8.16905, -135.808, 6.72633, 36.8193, 0.0478884, 22.7685, 0.374736, -45.6355, 0.29216, 125.268
3063, 51.04167, 0.909856, -47.325, 8.16221, -135.799, 6.71767, 36.8393, 0.0478507, 22.7435, 0.374521, -45.6286, 0.291833, 125.289
3063, 51.05000, 0.908948, -47.3255, 8.15535, -135.791, 6.70901, 36.8594, 0.047813, 22.7188, 0.374305, -45.6218, 0.291505, 125.31
3064, 51.05833, 0.908041, -47.3259, 8.1485, -135.782, 6.70035, 36.8795, 0.0477753, 22.6942, 0.37409, -45.6149, 0.291178, 125.332
3064, 51.06667, 0.907135, -47.326, 8.14164, -135.774, 6.6917, 36.8997, 0.0477376, 22.6699, 0.373874, -45.608, 0.29085, 125.354
3065, 51.07500, 0.906231, -47.3259, 8.13478, -135.765, 6.68305, 36.9199, 0.0476999, 22.6457, 0.373658, -45.6011, 0.290523, 125.375
3065, 51.08333, 0.905329, -47.3256, 8.12792, -135.756, 6.6744, 36.9403, 0.0476622, 22.6217, 0.373441, -45.5941, 0.290195, 125.397
3066, 51.09167, 0.904428, -47.3251, 8.12105, -135.748, 6.66575, 36.9606, 0.0476246, 22.5979, 0.373225, -45.5871, 0.289868, 125.419
3066, 51.10000, 0.903529, -47.3244, 8.11418, -135.739, 6.65711, 36.9811, 0.0475869, 22.5744, 0.373008, -45.58, 0.28954, 125.441
3067, 51.10833, 0.902631, -47.3234, 8.10731, -135.73, 6.64847, 37.0016, 0.0475493, 22.551, 0.37279, -45.573, 0.289213, 125.463
3067, 51.11667, 0.901735, -47.3223, 8.10043, -135.721, 6.63983, 37.0221, 0.0475116, 22.5277, 0.372573, -45.5659, 0.288885, 125.485
3068, 51.12500, 0.900841, -47.3209, 8.09355, -135.712, 6.6312, 37.0427, 0.047474, 22.5047, 0.372355, -45.5587, 0.288558, 125.507
3068, 51.13333, 0.899948, -47.3194, 8.08667, -135.704, 6.62257, 37.0634, 0.0474364, 22.4819, 0.372136, -45.5516, 0.28823, 125.529
3069, 51.14167, 0.899056, -47.3176, 8.07979, -135.695, 6.61394, 37.0842, 0.0473988, 22.4593, 0.371918, -45.5444, 0.287902, 125.551
3069, 51.15000, 0.898167, -47.3156, 8.0729, -135.686, 6.60531, 37.105, 0.0473612, 22.4368, 0.371699, -45.5371, 0.287575, 125.573
3070, 51.15833, 0.897278, -47.3135, 8.06601, -135.677, 6.59668, 37.1259, 0.0473236, 22.4146, 0.37148, -45.5299, 0.287247, 125.596
3070, 51.16667, 0.896392, -47.3111, 8.05911, -135.668, 6.58806, 37.1468, 0.047286, 22.3925, 0.371261, -45.5226, 0.286919, 125.618
3071, 51.17500, 0.895507, -47.3085, 8.05222, -135.659, 6.57944, 37.1678, 0.0472484, 22.3707, 0.371041, -45.5152, 0.286592, 125.64
3071, 51.18333, 0.894624, -47.3057, 8.04532, -135.65, 6.57083, 37.1889, 0.0472109, 22.349, 0.370821, -45.5079, 0.286264, 125.663
3072, 51.19167, 0.893742, -47.3026, 8.03841, -135.641, 6.56221, 37.21, 0.0471733, 22.3275, 0.370601, -45.5005, 0.285936, 125.686
3072, 51.20000, 0.892862, -47.2994, 8.03151, -135.632, 6.5536, 37.2312, 0.0471358, 22.3062, 0.37038, -45.4931, 0.285608, 125.708
3073, 51.20833, 0.891984, -47.296, 8.0246, -135.622, 6.54499, 37.2524, 0.0470983, 22.2851, 0.37016, -45.4856, 0.28528, 125.731
3073, 51.21667, 0.891107, -47.2923, 8.01768, -135.613, 6.53639, 37.2737, 0.0470608, 22.2642, 0.369938, -45.4781, 0.284953, 125.754
3074, 51.22500, 0.890232, -47.2885, 8.01077, -135.604, 6.52778, 37.2951, 0.0470233, 22.2435, 0.369717, -45.4706, 0.284625, 125.777
3074, 51.23333, 0.889359, -47.2844, 8.00385, -135.595, 6.51918, 37.3166, 0.0469859, 22.223, 0.369495, -45.463, 0.284297, 125.8
3075, 51.24167, 0.888487, -47.2802, 7.99693, -135.585, 6.51058, 37.3381, 0.0469484, 22.2027, 0.369273, -45.4554, 0.283969, 125.823
3075, 51.25000, 0.887617, -47.2757, 7.99001, -135.576, 6.50198, 37.3596, 0.046911, 22.1825, 0.369051, -45.4477, 0.283641, 125.846
3076, 51.25833, 0.886749, -47.271, 7.98308, -135.567, 6.49339, 37.3813, 0.0468735, 22.1626, 0.368829, -45.4401, 0.283313, 125.869
3076, 51.26667, 0.885882, -47.2661, 7.97615, -135.557, 6.4848, 37.403, 0.0468361, 22.1429, 0.368606, -45.4324, 0.282985, 125.892
3077, 51.27500, 0.885018, -47.261, 7.96922, -135.548, 6.47621, 37.4247, 0.0467987, 22.1233, 0.368383, -45.4246, 0.282657, 125.915
3077, 51.28333, 0.884155, -47.2557, 7.96228, -135.538, 6.46762, 37.4466, 0.0467614, 22.1039, 0.368159, -45.4169, 0.282329, 125.939
3078, 51.29167, 0.883293, -47.2502, 7.95534, -135.529, 6.45904, 37.4685, 0.046724, 22.0848, 0.367935, -45.409, 0.282001, 125.962
3078, 51.30000, 0.882434, -47.2445, 7.9484, -135.519, 6.45045, 37.4904, 0.0466867, 22.0658, 0.367711, -45.4012, 0.281673, 125.986
3079, 51.30833, 0.881576, -47.2386, 7.94146, -135.51, 6.44187, 37.5125, 0.0466493, 22.047, 0.367487, -45.3933, 0.281344, 126.009
3079, 51.31667, 0.880719, -47.2324, 7.93451, -135.5, 6.4333, 37.5346, 0.046612, 22.0284, 0.367263, -45.3854, 0.281016, 126.033
3080, 51.32500, 0.879865, -47.2261, 7.92756, -135.49, 6.42472, 37.5567, 0.0465748, 22.01, 0.367038, -45.3774, 0.280688, 126.057
3080, 51.33333, 0.879013, -47.2196, 7.92061, -135.481, 6.41615, 37.579, 0.0465375, 21.9918, 0.366813, -45.3694, 0.28036, 126.081
3081, 51.34167, 0.878162, -47.2128, 7.91365, -135.471, 6.40758, 37.6013, 0.0465002, 21.9738, 0.366587, -45.3614, 0.280031, 126.104
3081, 51.35000, 0.877312, -47.2058, 7.90669, -135.461, 6.39901, 37.6236, 0.046463, 21.956, 0.366362, -45.3533, 0.279703, 126.128
3082, 51.35833, 0.876465, -47.1987, 7.89973, -135.451, 6.39044, 37.646, 0.0464258, 21.9384, 0.366136, -45.3452, 0.279375, 126.152
3082, 51.36667, 0.87562, -47.1913, 7.89276, -135.441, 6.38188, 37.6686, 0.0463886, 21.9209, 0.365909, -45.3371, 0.279046, 126.177
3083, 51.37500, 0.874776, -47.1838, 7.8858, -135.432, 6.37331, 37.6911, 0.0463515, 21.9037, 0.365683, -45.3289, 0.278718, 126.201
3083, 51.38333, 0.873934, -47.176, 7.87883, -135.422, 6.36476, 37.7138, 0.0463143, 21.8867, 0.365456, -45.3207, 0.278389, 126.225
3084, 51.39167, 0.873094, -47.168, 7.87185, -135.412, 6.3562, 37.7365, 0.0462772, 21.8698, 0.365229, -45.3125, 0.278061, 126.249
3084, 51.40000, 0.872255, -47.1598, 7.86488, -135.402, 6.34764, 37.7592, 0.0462401, 21.8532, 0.365001, -45.3042, 0.277732, 126.274
3085, 51.40833, 0.871419, -47.1514, 7.8579, -135.392, 6.33909, 37.7821, 0.046203, 21.8367, 0.364774, -45.2959, 0.277403, 126.298
3085, 51.41667, 0.870584, -47.1428, 7.85091, -135.382, 6.33054, 37.805, 0.046166, 21.8204, 0.364546, -45.2875, 0.277075, 126.323
3086, 51.42500, 0.869751, -47.134, 7.84393, -135.371, 6.32199, 37.828, 0.0461289, 21.8043, 0.364318, -45.2791, 0.276746, 126.347
3086, 51.43333, 0.86892, -47.125, 7.83694, -135.361, 6.31344, 37.851, 0.0460919, 21.7885, 0.364089, -45.2706, 0.276417, 126.372
3087, 51.44167, 0.868091, -47.1158, 7.82995, -135.351, 6.3049, 37.8741, 0.0460549, 21.7728, 0.36386, -45.2622, 0.276088, 126.397
3087, 51.45000, 0.867264, -47.1064, 7.82296, -135.341, 6.29635, 37.8973, 0.046018, 21.7573, 0.363631, -45.2537, 0.275759, 126.422
3088, 51.45833, 0.866438, -47.0968, 7.81596, -135.331, 6.28781, 37.9206, 0.045981, 21.742, 0.363402, -45.2451, 0.275431, 126.446
3088, 51.46667, 0.865614, -47.087, 7.80896, -135.32, 6.27927, 37.9439, 0.0459441, 21.7269, 0.363172, -45.2365, 0.275102, 126.471
3089, 51.47500, 0.864793, -47.077, 7.80196, -135.31, 6.27074, 37.9673, 0.0459072, 21.7119, 0.362942, -45.2279, 0.274773, 126.496
3089, 51.48333, 0.863973, -47.0667, 7.79496, -135.299, 6.2622, 37.9908, 0.0458703, 21.6972, 0.362712, -45.2192, 0.274444, 126.522
3090, 51.49167, 0.863155, -47.0563, 7.78795, -135.289, 6.25367, 38.0143, 0.0458335, 21.6827, 0.362481, -45.2105, 0.274114, 126.547
3090, 51.50000, 0.862338, -47.0457, 7.78094, -135.279, 6.24514, 38.0379, 0.0457967, 21.6684, 0.362251, -45.2017, 0.273785, 126.572
3091, 51.50833, 0.861524, -47.0349, 7.77393, -135.268, 6.23661, 38.0616, 0.0457599, 21.6542, 0.36202, -45.193, 0.273456, 126.598
3091, 51.51667, 0.860712, -47.0238, 7.76691, -135.257, 6.22809, 38.0854, 0.0457231, 21.6403, 0.361788, -45.1841, 0.273127, 126.623
3092, 51.52500, 0.859901, -47.0126, 7.7599, -135.247, 6.21956, 38.1092, 0.0456864, 21.6265, 0.361557, -45.1753, 0.272798, 126.648
3092, 51.53333, 0.859093, -47.0011, 7.75287, -135.236, 6.21104, 38.1331, 0.0456497, 21.613, 0.361325, -45.1663, 0.272468, 126.674
3093, 51.54167, 0.858286, -46.9895, 7.74585, -135.226, 6.20252, 38.1571, 0.045613, 21.5996, 0.361093, -45.1574, 0.272139, 126.7
3093, 51.55000, 0.857481, -46.9777, 7.73882, -135.215, 6.194, 38.1811, 0.0455763, 21.5864, 0.36086, -45.1484, 0.271809, 126.726
3094, 51.55833, 0.856679, -46.9656, 7.7318, -135.204, 6.18548, 38.2053, 0.0455397, 21.5734, 0.360628, -45.1394, 0.27148, 126.751
3094, 51.56667, 0.855878, -46.9534, 7.72476, -135.193, 6.17697, 38.2295, 0.0455031, 21.5607, 0.360394, -45.1303, 0.27115, 126.777
3095, 51.57500, 0.855079, -46.941, 7.71773, -135.182, 6.16846, 38.2537, 0.0454665, 21.5481, 0.360161, -45.1212, 0.270821, 126.803
3095, 51.58333, 0.854282, -46.9283, 7.71069, -135.172, 6.15994, 38.2781, 0.04543, 21.5357, 0.359928, -45.112, 0.270491, 126.829
3096, 51.59167, 0.853486, -46.9155, 7.70365, -135.161, 6.15143, 38.3025, 0.0453935, 21.5235, 0.359694, -45.1028, 0.270161, 126.856
3096, 51.60000, 0.852693, -46.9024, 7.69661, -135.15, 6.14293, 38.327, 0.045357, 21.5115, 0.35946, -45.0936, 0.269831, 126.882
3097, 51.60833, 0.851902, -46.8892, 7.68956, -135.139, 6.13442, 38.3516, 0.0453205, 21.4996, 0.359225, -45.0843, 0.269502, 126.908
3097, 51.61667, 0.851113, -46.8757, 7.68251, -135.128, 6.12592, 38.3762, 0.0452841, 21.488, 0.358991, -45.075, 0.269172, 126.935
3098, 51.62500, 0.850326, -46.8621, 7.67546, -135.116, 6.11742, 38.4009, 0.0452477, 21.4766, 0.358756, -45.0656, 0.268842, 126.961
3098, 51.63333, 0.84954, -46.8483, 7.66841, -135.105, 6.10892, 38.4257, 0.0452114, 21.4654, 0.358521, -45.0562, 0.268512, 126.988
3099, 51.64167, 0.848757, -46.8342, 7.66135, -135.094, 6.10042, 38.4506, 0.045175, 21.4543, 0.358285, -45.0468, 0.268182, 127.014
3099, 51.65000, 0.847976, -46.82, 7.6543, -135.083, 6.09192, 38.4755, 0.0451387, 21.4435, 0.358049, -45.0373, 0.267851, 127.041
3100, 51.65833, 0.847196, -46.8056, 7.64723, -135.072, 6.08343, 38.5006, 0.0451025, 21.4328, 0.357813, -45.0278, 0.267521, 127.068
3100, 51.66667, 0.846419, -46.7909, 7.64017, -135.06, 6.07493, 38.5257, 0.0450662, 21.4224, 0.357577, -45.0182, 0.267191, 127.095
3101, 51.67500, 0.845644, -46.7761, 7.6331, -135.049, 6.06644, 38.5509, 0.04503, 21.4121, 0.35734, -45.0086, 0.266861, 127.122
3101, 51.68333, 0.84487, -46.7611, 7.62603, -135.037, 6.05795, 38.5761, 0.0449938, 21.4021, 0.357103, -44.9989, 0.26653, 127.149
3102, 51.69167, 0.844099, -46.7458, 7.61896, -135.026, 6.04946, 38.6015, 0.0449577, 21.3922, 0.356866, -44.9892, 0.2662, 127.176
3102, 51.70000, 0.84333, -46.7304, 7.61189, -135.015, 6.04098, 38.6269, 0.0449216, 21.3825, 0.356629, -44.9795, 0.265869, 127.203
3103, 51.70833, 0.842562, -46.7148, 7.60481, -135.003, 6.03249, 38.6524, 0.0448855, 21.373, 0.356391, -44.9697, 0.265539, 127.23
3103, 51.71667, 0.841797, -46.699, 7.59773, -134.991, 6.02401, 38.6779, 0.0448495, 21.3637, 0.356153, -44.9599, 0.265208, 127.258
3104, 51.72500, 0.841034, -46.683, 7.59065, -134.98, 6.01553, 38.7036, 0.0448135, 21.3546, 0.355915, -44.95, 0.264877, 127.285
3104, 51.73333, 0.840273, -46.6668, 7.58356, -134.968, 6.00705, 38.7293, 0.0447775, 21.3457, 0.355676, -44.9401, 0.264546, 127.313
3105, 51.74167, 0.839513, -46.6503, 7.57647, -134.956, 5.99857, 38.7551, 0.0447415, 21.337, 0.355438, -44.9301, 0.264215, 127.341
3105, 51.75000, 0.838756, -46.6337, 7.56938, -134.945, 5.9901, 38.781, 0.0447056, 21.3285, 0.355199, -44.9201, 0.263884, 127.368
3106, 51.75833, 0.838001, -46.617, 7.56229, -134.933, 5.98162, 38.807, 0.0446698, 21.3202, 0.354959, -44.91, 0.263553, 127.396
3106, 51.76667, 0.837248, -46.6, 7.55519, -134.921, 5.97315, 38.8331, 0.0446339, 21.3121, 0.35472, -44.8999, 0.263222, 127.424
3107, 51.77500, 0.836497, -46.5828, 7.5481, -134.909, 5.96468, 38.8592, 0.0445981, 21.3042, 0.35448, -44.8898, 0.262891, 127.452
3107, 51.78333, 0.835748, -46.5654, 7.541, -134.897, 5.95621, 38.8854, 0.0445624, 21.2964, 0.35424, -44.8796, 0.26256, 127.48
3108, 51.79167, 0.835001, -46.5478, 7.53389, -134.885, 5.94774, 38.9117, 0.0445266, 21.2889, 0.353999, -44.8694, 0.262229, 127.508
3108, 51.80000, 0.834256, -46.5301, 7.52679, -134.873, 5.93927, 38.9381, 0.044491, 21.2815, 0.353759, -44.8591, 0.261897, 127.537
3109, 51.80833, 0.833513, -46.5121, 7.51968, -134.861, 5.93081, 38.9646, 0.0444553, 21.2744, 0.353518, -44.8488, 0.261566, 127.565
3109, 51.81667, 0.832773, -46.4939, 7.51257, -134.849, 5.92234, 38.9911, 0.0444197, 21.2674, 0.353276, -44.8384, 0.261234, 127.593
3110, 51.82500, 0.832034, -46.4756, 7.50545, -134.837, 5.91388, 39.0177, 0.0443841, 21.2607, 0.353035, -44.828, 0.260903, 127.622
3110, 51.83333, 0.831298, -46.457, 7.49834, -134.824, 5.90542, 39.0444, 0.0443486, 21.2541, 0.352793, -44.8175, 0.260571, 127.651
3111, 51.84167, 0.830563, -46.4383, 7.49122, -134.812, 5.89696, 39.0712, 0.0443131, 21.2477, 0.352551, -44.807, 0.260239, 127.679
3111, 51.85000, 0.829831, -46.4194, 7.4841, -134.8, 5.8885, 39.0981, 0.0442776, 21.2416, 0.352309, -44.7965, 0.259908, 127.708
3112, 51.85833, 0.829101, -46.4003, 7.47697, -134.787, 5.88005, 39.1251, 0.0442422, 21.2356, 0.352066, -44.7859, 0.259576, 127.737
3112, 51.86667, 0.828373, -46.381, 7.46985, -134.775, 5.87159, 39.1522, 0.0442068, 21.2298, 0.351823, -44.7752, 0.259244, 127.766
3113, 51.87500, 0.827647, -46.3615, 7.46272, -134.763, 5.86314, 39.1793, 0.0441714, 21.2242, 0.35158, -44.7645, 0.258912, 127.795
3113, 51.88333, 0.826923, -46.3418, 7.45559, -134.75, 5.85469, 39.2065, 0.0441361, 21.2188, 0.351337, -44.7538, 0.258579, 127.824
3114, 51.89167, 0.826201, -46.3219, 7.44845, -134.737, 5.84624, 39.2338, 0.0441009, 21.2136, 0.351093, -44.743, 0.258247, 127.854
3114, 51.90000, 0.825481, -46.3018, 7.44132, -134.725, 5.83779, 39.2612, 0.0440656, 21.2086, 0.350849, -44.7322, 0.257915, 127.883
3115, 51.90833, 0.824764, -46.2815, 7.43418, -134.712, 5.82934, 39.2887, 0.0440304, 21.2038, 0.350605, -44.7213, 0.257583, 127.913
3115, 51.91667, 0.824048, -46.2611, 7.42704, -134.699, 5.82089, 39.3163, 0.0439953, 21.1992, 0.350361, -44.7103, 0.25725, 127.942
3116, 51.92500, 0.823335, -46.2404, 7.4199, -134.687, 5.81245, 39.3439, 0.0439602, 21.1948, 0.350116, -44.6994, 0.256918, 127.972
3116, 51.93333, 0.822624, -46.2196, 7.41275, -134.674, 5.80401, 39.3717, 0.0439251, 21.1905, 0.349871, -44.6883, 0.256585, 128.002
3117, 51.94167, 0.821915, -46.1986, 7.4056, -134.661, 5.79556, 39.3995, 0.0438901, 21.1865, 0.349626, -44.6772, 0.256252, 128.031
3117, 51.95000, 0.821208, -46.1774, 7.39845, -134.648, 5.78712, 39.4275, 0.0438551, 21.1827, 0.34938, -44.6661, 0.25592, 128.061
3118, 51.95833, 0.820504, -46.156, 7.3913, -134.635, 5.77868, 39.4555, 0.0438201, 21.179, 0.349134, -44.6549, 0.255587, 128.091
3118, 51.96667, 0.819801, -46.1344, 7.38414, -134.622, 5.77025, 39.4836, 0.0437852, 21.1756, 0.348888, -44.6437, 0.255254, 128.122
3119, 51.97500, 0.819101, -46.1126, 7.37698, -134.609, 5.76181, 39.5118, 0.0437504, 21.1723, 0.348642, -44.6325, 0.254921, 128.152
3119, 51.98333, 0.818403, -46.0907, 7.36982, -134.596, 5.75337, 39.5401, 0.0437155, 21.1692, 0.348395, -44.6211, 0.254588, 128.182
3120, 51.99167, 0.817706, -46.0685, 7.36266, -134.583, 5.74494, 39.5684, 0.0436808, 21.1664, 0.348149, -44.6098, 0.254254, 128.213
3120, 52.00000, 0.817013, -46.0462, 7.35549, -134.57, 5.73651, 39.5969, 0.043646, 21.1637, 0.347901, -44.5983, 0.253921, 128.243
3121, 52.00833, 0.816321, -46.0237, 7.34832, -134.556, 5.72808, 39.6255, 0.0436113, 21.1612, 0.347654, -44.5869, 0.253588, 128.274
3121, 52.01667, 0.815631, -46.0009, 7.34115, -134.543, 5.71964, 39.6541, 0.0435767, 21.159, 0.347406, -44.5754, 0.253254, 128.304
3122, 52.02500, 0.814944, -45.978, 7.33398, -134.53, 5.71122, 39.6829, 0.0435421, 21.1569, 0.347159, -44.5638, 0.252921, 128.335
3122, 52.03333, 0.814259, -45.955, 7.32681, -134.516, 5.70279, 39.7117, 0.0435075, 21.155, 0.34691, -44.5522, 0.252587, 128.366
3123, 52.04167, 0.813576, -45.9317, 7.31963, -134.503, 5.69436, 39.7407, 0.043473, 21.1533, 0.346662, -44.5405, 0.252253, 128.397
3123, 52.05000, 0.812895, -45.9083, 7.31245, -134.489, 5.68594, 39.7697, 0.0434385, 21.1518, 0.346413, -44.5288, 0.251919, 128.428
3124, 52.05833, 0.812217, -45.8846, 7.30526, -134.476, 5.67751, 39.7988, 0.0434041, 21.1505, 0.346164, -44.517, 0.251586, 128.46
3124, 52.06667, 0.81154, -45.8608, 7.29808, -134.462, 5.66909, 39.828, 0.0433697, 21.1494, 0.345915, -44.5052, 0.251252, 128.491
3125, 52.07500, 0.810866, -45.8368, 7.29089, -134.448, 5.66067, 39.8573, 0.0433354, 21.1485, 0.345666, -44.4933, 0.250917, 128.522
3125, 52.08333, 0.810194, -45.8126, 7.2837, -134.435, 5.65225, 39.8867, 0.0433011, 21.1477, 0.345416, -44.4814, 0.250583, 128.554
3126, 52.09167, 0.809525, -45.7882, 7.27651, -134.421, 5.64383, 39.9162, 0.0432669, 21.1472, 0.345166, -44.4694, 0.250249, 128.586
3126, 52.10000, 0.808857, -45.7637, 7.26932, -134.407, 5.63541, 39.9458, 0.0432326, 21.1469, 0.344915, -44.4574, 0.249915, 128.617
3127, 52.10833, 0.808192, -45.739, 7.26212, -134.393, 5.62699, 39.9755, 0.0431985, 21.1467, 0.344665, -44.4453, 0.24958, 128.649
3127, 52.11667, 0.807529, -45.714, 7.25492, -134.379, 5.61858, 40.0053, 0.0431644, 21.1468, 0.344414, -44.4332, 0.249246, 128.681
3128, 52.12500, 0.806868, -45.6889, 7.24772, -134.365, 5.61016, 40.0352, 0.0431303, 21.1471, 0.344163, -44.421, 0.248911, 128.713
3128, 52.13333, 0.80621, -45.6637, 7.24051, -134.351, 5.60175, 40.0652, 0.0430963, 21.1475, 0.343912, -44.4087, 0.248576, 128.745
3129, 52.14167, 0.805553, -45.6382, 7.23331, -134.337, 5.59333, 40.0953, 0.0430623, 21.1482, 0.34366, -44.3964, 0.248241, 128.778
3129, 52.15000, 0.804899, -45.6126, 7.2261, -134.323, 5.58492, 40.1255, 0.0430284, 21.149, 0.343408, -44.3841, 0.247906, 128.81
3130, 52.15833, 0.804247, -45.5867, 7.21889, -134.308, 5.57651, 40.1558, 0.0429946, 21.15, 0.343156, -44.3717, 0.247571, 128.843
3130, 52.16667, 0.803598, -45.5607, 7.21168, -134.294, 5.5681, 40.1862, 0.0429607, 21.1513, 0.342904, -44.3592, 0.247236, 128.875
3131, 52.17500, 0.80295, -45.5346, 7.20446, -134.28, 5.5597, 40.2167, 0.0429269, 21.1527, 0.342651, -44.3467, 0.246901, 128.908
3131, 52.18333, 0.802305, -45.5082, 7.19724, -134.265, 5.55129, 40.2473, 0.0428932, 21.1543, 0.342398, -44.3342, 0.246566, 128.941
3132, 52.19167, 0.801662, -45.4817, 7.19002, -134.251, 5.54288, 40.278, 0.0428595, 21.1561, 0.342145, -44.3216, 0.24623, 128.974
3132, 52.20000, 0.801022, -45.4549, 7.1828, -134.236, 5.53448, 40.3088, 0.0428259, 21.1581, 0.341892, -44.3089, 0.245895, 129.007
3133, 52.20833, 0.800383, -45.4281, 7.17558, -134.222, 5.52607, 40.3397, 0.0427923, 21.1603, 0.341638, -44.2962, 0.245559, 129.04
3133, 52.21667, 0.799747, -45.401, 7.16835, -134.207, 5.51767, 40.3707, 0.0427588, 21.1627, 0.341384, -44.2834, 0.245223, 129.073
3134, 52.22500, 0.799113, -45.3737, 7.16112, -134.193, 5.50927, 40.4018, 0.0427253, 21.1653, 0.34113, -44.2706, 0.244888, 129.107
3134, 52.23333, 0.798482, -45.3463, 7.15389, -134.178, 5.50087, 40.433, 0.0426919, 21.1681, 0.340875, -44.2577, 0.244552, 129.14
3135, 52.24167, 0.797853, -45.3187, 7.14665, -134.163, 5.49247, 40.4643, 0.0426585, 21.1711, 0.34062, -44.2448, 0.244216, 129.174
3135, 52.25000, 0.797226, -45.2909, 7.13942, -134.148, 5.48407, 40.4957, 0.0426252, 21.1743, 0.340365, -44.2318, 0.24388, 129.207
3136, 52.25833, 0.796601, -45.263, 7.13218, -134.133, 5.47567, 40.5273, 0.0425919, 21.1777, 0.34011, -44.2187, 0.243543, 129.241
3136, 52.26667, 0.795978, -45.2348, 7.12494, -134.118, 5.46728, 40.5589, 0.0425586, 21.1812, 0.339855, -44.2056, 0.243207, 129.275
3137, 52.27500, 0.795358, -45.2065, 7.11769, -134.103, 5.45888, 40.5906, 0.0425255, 21.185, 0.339599, -44.1924, 0.242871, 129.309
3137, 52.28333, 0.794741, -45.1781, 7.11045, -134.088, 5.45049, 40.6225, 0.0424923, 21.189, 0.339343, -44.1792, 0.242534, 129.343
3138, 52.29167, 0.794125, -45.1494, 7.1032, -134.073, 5.44209, 40.6544, 0.0424593, 21.1931, 0.339087, -44.1659, 0.242198, 129.378
3138, 52.30000, 0.793512, -45.1206, 7.09595, -134.058, 5.4337, 40.6865, 0.0424262, 21.1975, 0.33883, -44.1526, 0.241861, 129.412
3139, 52.30833, 0.792901, -45.0916, 7.0887, -134.043, 5.42531, 40.7187, 0.0423933, 21.202, 0.338573, -44.1392, 0.241524, 129.447
3139, 52.31667, 0.792292, -45.0624, 7.08145, -134.027, 5.41692, 40.751, 0.0423603, 21.2068, 0.338316, -44.1258, 0.241187, 129.481
3140, 52.32500, 0.791686, -45.033, 7.07419, -134.012, 5.40853, 40.7833, 0.0423275, 21.2117, 0.338059, -44.1123, 0.24085, 129.516
3140, 52.33333, 0.791082, -45.0035, 7.06693, -133.997, 5.40014, 40.8159, 0.0422946, 21.2168, 0.337801, -44.0987, 0.240513, 129.551
3141, 52.34167, 0.79048, -44.9738, 7.05967, -133.981, 5.39175, 40.8485, 0.0422619, 21.2222, 0.337544, -44.0851, 0.240176, 129.586
3141, 52.35000, 0.789881, -44.944, 7.05241, -133.966, 5.38336, 40.8812, 0.0422292, 21.2277, 0.337285, -44.0714, 0.239838, 129.621
3142, 52.35833, 0.789284, -44.9139, 7.04514, -133.95, 5.37498, 40.914, 0.0421965, 21.2334, 0.337027, -44.0577, 0.239501, 129.657
3142, 52.36667, 0.788689, -44.8837, 7.03787, -133.934, 5.36659, 40.947, 0.0421639, 21.2393, 0.336768, -44.0439, 0.239163, 129.692
3143, 52.37500, 0.788096, -44.8534, 7.03061, -133.919, 5.35821, 40.9801, 0.0421313, 21.2454, 0.33651, -44.0301, 0.238826, 129.727
3143, 52.38333, 0.787506, -44.8228, 7.02333, -133.903, 5.34982, 41.0132, 0.0420988, 21.2517, 0.336251, -44.0162, 0.238488, 129.763
3144, 52.39167, 0.786919, -44.7921, 7.01606, -133.887, 5.34144, 41.0465, 0.0420664, 21.2582, 0.335991, -44.0022, 0.23815, 129.799
3144, 52.40000, 0.786333, -44.7612, 7.00878, -133.871, 5.33306, 41.0799, 0.042034, 21.2649, 0.335732, -43.9882, 0.237812, 129.835
3145, 52.40833, 0.78575, -44.7302, 7.00151, -133.855, 5.32468, 41.1135, 0.0420017, 21.2718, 0.335472, -43.9741, 0.237474, 129.871
3145, 52.41667, 0.785169, -44.6989, 6.99422, -133.839, 5.3163, 41.1471, 0.0419694, 21.2789, 0.335212, -43.9599, 0.237135, 129.907
3146, 52.42500, 0.784591, -44.6676, 6.98694, -133.823, 5.30792, 41.1809, 0.0419372, 21.2862, 0.334951, -43.9457, 0.236797, 129.943
3146, 52.43333, 0.784015, -44.636, 6.97966, -133.807, 5.29954, 41.2147, 0.041905, 21.2936, 0.33469, -43.9315, 0.236459, 129.98
3147, 52.44167, 0.783441, -44.6043, 6.97237, -133.791, 5.29116, 41.2487, 0.0418729, 21.3013, 0.33443, -43.9172, 0.23612, 130.016
3147, 52.45000, 0.78287, -44.5724, 6.96508, -133.774, 5.28278, 41.2829, 0.0418408, 21.3092, 0.334168, -43.9028, 0.235782, 130.053
3148, 52.45833, 0.782301, -44.5403, 6.95779, -133.758, 5.27441, 41.3171, 0.0418088, 21.3172, 0.333907, -43.8883, 0.235443, 130.09
3148, 52.46667, 0.781734, -44.5081, 6.9505, -133.742, 5.26603, 41.3514, 0.0417769, 21.3255, 0.333645, -43.8738, 0.235104, 130.126
3149, 52.47500, 0.78117, -44.4757, 6.9432, -133.725, 5.25766, 41.3859, 0.041745, 21.3339, 0.333383, -43.8593, 0.234765, 130.163
3149, 52.48333, 0.780608, -44.4432, 6.9359, -133.709, 5.24929, 41.4205, 0.0417132, 21.3426, 0.333121, -43.8446, 0.234426, 130.201
3150, 52.49167, 0.780048, -44.4105, 6.9286, -133.692, 5.24091, 41.4552, 0.0416814, 21.3514, 0.332859, -43.8299, 0.234087, 130.238
3150, 52.50000, 0.779491, -44.3776, 6.9213, -133.675, 5.23254, 41.4901, 0.0416497, 21.3604, 0.332596, -43.8152, 0.233747, 130.275
3151, 52.50833, 0.778936, -44.3446, 6.914, -133.659, 5.22417, 41.525, 0.041618, 21.3697, 0.332333, -43.8004, 0.233408, 130.313
3151, 52.51667, 0.778383, -44.3114, 6.90669, -133.642, 5.2158, 41.5601, 0.0415864, 21.3791, 0.33207, -43.7855, 0.233068, 130.351
3152, 52.52500, 0.777833, -44.278, 6.89938, -133.625, 5.20743, 41.5953, 0.0415548, 21.3887, 0.331807, -43.7706, 0.232729, 130.389
3152, 52.53333, 0.777286, -44.2445, 6.89207, -133.608, 5.19906, 41.6307, 0.0415234, 21.3985, 0.331543, -43.7556, 0.232389, 130.427
3153, 52.54167, 0.77674, -44.2108, 6.88476, -133.591, 5.1907, 41.6661, 0.0414919, 21.4085, 0.331279, -43.7405, 0.232049, 130.465
3153, 52.55000, 0.776197, -44.1769, 6.87744, -133.574, 5.18233, 41.7017, 0.0414605, 21.4187, 0.331015, -43.7254, 0.231709, 130.503
3154, 52.55833, 0.775657, -44.1429, 6.87013, -133.557, 5.17396, 41.7374, 0.0414292, 21.4291, 0.33075, -43.7102, 0.231369, 130.541
3154, 52.56667, 0.775118, -44.1088, 6.86281, -133.54, 5.1656, 41.7733, 0.041398, 21.4397, 0.330486, -43.695, 0.231029, 130.58
3155, 52.57500, 0.774583, -44.0744, 6.85549, -133.523, 5.15723, 41.8093, 0.0413668, 21.4505, 0.330221, -43.6796, 0.230688, 130.619
3155, 52.58333, 0.774049, -44.0399, 6.84817, -133.505, 5.14887, 41.8454, 0.0413356, 21.4615, 0.329955, -43.6643, 0.230348, 130.657
3156, 52.59167, 0.773518, -44.0053, 6.84084, -133.488, 5.14051, 41.8816, 0.0413046, 21.4727, 0.32969, -43.6488, 0.230007, 130.696
3156, 52.60000, 0.772989, -43.9705, 6.83351, -133.47, 5.13214, 41.918, 0.0412735, 21.484, 0.329424, -43.6333, 0.229667, 130.735
3157, 52.60833, 0.772463, -43.9355, 6.82618, -133.453, 5.12378, 41.9545, 0.0412426, 21.4956, 0.329158, -43.6178, 0.229326, 130.775
3157, 52.61667, 0.771939, -43.9004, 6.81885, -133.435, 5.11542, 41.9911, 0.0412117, 21.5074, 0.328892, -43.6021, 0.228985, 130.814
3158, 52.62500, 0.771418, -43.8651, 6.81152, -133.418, 5.10706, 42.0278, 0.0411808, 21.5193, 0.328626, -43.5864, 0.228644, 130.854
3158, 52.63333, 0.770899, -43.8297, 6.80418, -133.4, 5.0987, 42.0647, 0.0411501, 21.5315, 0.328359, -43.5706, 0.228303, 130.893
3159, 52.64167, 0.770382, -43.7941, 6.79685, -133.382, 5.09034, 42.1018, 0.0411194, 21.5438, 0.328092, -43.5548, 0.227961, 130.933
3159, 52.65000, 0.769868, -43.7584, 6.78951, -133.364, 5.08199, 42.1389, 0.0410887, 21.5564, 0.327825, -43.5389, 0.22762, 130.973
3160, 52.65833, 0.769356, -43.7225, 6.78217, -133.346, 5.07363, 42.1762, 0.0410581, 21.5691, 0.327557, -43.523, 0.227279, 131.013
3160, 52.66667, 0.768847, -43.6864, 6.77482, -133.328, 5.06527, 42.2137, 0.0410276, 21.582, 0.327289, -43.5069, 0.226937, 131.054
3161, 52.67500, 0.76834, -43.6502, 6.76748, -133.31, 5.05692, 42.2512, 0.0409971, 21.5952, 0.327021, -43.4908, 0.226595, 131.094
3161, 52.68333, 0.767835, -43.6138, 6.76013, -133.292, 5.04856, 42.2889, 0.0409667, 21.6085, 0.326753, -43.4747, 0.226253, 131.135
3162, 52.69167, 0.767333, -43.5773, 6.75278, -133.274, 5.04021, 42.3268, 0.0409363, 21.622, 0.326485, -43.4584, 0.225911, 131.175
3162, 52.70000, 0.766833, -43.5406, 6.74543, -133.256, 5.03185, 42.3648, 0.040906, 21.6357, 0.326216, -43.4422, 0.225569, 131.216
3163, 52.70833, 0.766336, -43.5038, 6.73807, -133.237, 5.0235, 42.4029, 0.0408758, 21.6496, 0.325947, -43.4258, 0.225227, 131.257
3163, 52.71667, 0.765841, -43.4669, 6.73072, -133.219, 5.01515, 42.4412, 0.0408457, 21.6637, 0.325678, -43.4094, 0.224885, 131.298
3164, 52.72500, 0.765348, -43.4297, 6.72336, -133.2, 5.0068, 42.4796, 0.0408156, 21.678, 0.325408, -43.3929, 0.224542, 131.34
3164, 52.73333, 0.764858, -43.3925, 6.716, -133.182, 4.99845, 42.5181, 0.0407855, 21.6925, 0.325139, -43.3763, 0.2242, 131.381
3165, 52.74167, 0.764371, -43.355, 6.70864, -133.163, 4.9901, 42.5568, 0.0407556, 21.7072, 0.324869, -43.3597, 0.223857, 131.423
3165, 52.75000, 0.763885, -43.3175, 6.70128, -133.145, 4.98175, 42.5957, 0.0407256, 21.7221, 0.324599, -43.3429, 0.223514, 131.465
3166, 52.75833, 0.763403, -43.2797, 6.69391, -133.126, 4.9734, 42.6347, 0.0406958, 21.7371, 0.324328, -43.3262, 0.223172, 131.507
3166, 52.76667, 0.762922, -43.2419, 6.68654, -133.107, 4.96505, 42.6738, 0.040666, 21.7524, 0.324057, -43.3093, 0.222829, 131.549
3167, 52.77500, 0.762444, -43.2039, 6.67917, -133.088, 4.95671, 42.7131, 0.0406363, 21.7679, 0.323786, -43.2924, 0.222485, 131.591
3167, 52.78333, 0.761969, -43.1657, 6.6718, -133.069, 4.94836, 42.7525, 0.0406067, 21.7835, 0.323515, -43.2754, 0.222142, 131.634
3168, 52.79167, 0.761496, -43.1274, 6.66443, -133.05, 4.94001, 42.7921, 0.0405771, 21.7994, 0.323244, -43.2584, 0.221799, 131.676
3168, 52.80000, 0.761025, -43.0889, 6.65705, -133.031, 4.93167, 42.8318, 0.0405475, 21.8154, 0.322972, -43.2413, 0.221455, 131.719
3169, 52.80833, 0.760557, -43.0503, 6.64968, -133.012, 4.92332, 42.8717, 0.0405181, 21.8316, 0.3227, -43.2241, 0.221112, 131.762
3169, 52.81667, 0.760092, -43.0116, 6.6423, -132.992, 4.91498, 42.9117, 0.0404887, 21.8481, 0.322428, -43.2068, 0.220768, 131.805
3170, 52.82500, 0.759628, -42.9727, 6.63492, -132.973, 4.90664, 42.9519, 0.0404594, 21.8647, 0.322155, -43.1895, 0.220424, 131.848
3170, 52.83333, 0.759168, -42.9336, 6.62753, -132.954, 4.8983, 42.9922, 0.0404301, 21.8815, 0.321883, -43.1721, 0.22008, 131.892
3171, 52.84167, 0.758709, -42.8944, 6.62015, -132.934, 4.88995, 43.0327, 0.0404009, 21.8985, 0.32161, -43.1546, 0.219736, 131.935
3171, 52.85000, 0.758253, -42.8551, 6.61276, -132.914, 4.88161, 43.0733, 0.0403718, 21.9157, 0.321337, -43.137, 0.219392, 131.979
3172, 52.85833, 0.7578, -42.8157, 6.60537, -132.895, 4.87327, 43.1141, 0.0403427, 21.9331, 0.321063, -43.1194, 0.219048, 132.023
3172, 52.86667, 0.757349, -42.776, 6.59798, -132.875, 4.86493, 43.155, 0.0403137, 21.9507, 0.320789, -43.1017, 0.218703, 132.067
3173, 52.87500, 0.756901, -42.7363, 6.59059, -132.855, 4.85659, 43.1961, 0.0402848, 21.9685, 0.320516, -43.084, 0.218359, 132.112
3173, 52.88333, 0.756455, -42.6964, 6.5832, -132.835, 4.84826, 43.2374, 0.0402559, 21.9865, 0.320241, -43.0661, 0.218014, 132.156
3174, 52.89167, 0.756011, -42.6563, 6.5758, -132.815, 4.83992, 43.2788, 0.0402271, 22.0047, 0.319967, -43.0482, 0.217669, 132.201
3174, 52.90000, 0.75557, -42.6162, 6.5684, -132.795, 4.83158, 43.3204, 0.0401984, 22.0231, 0.319692, -43.0302, 0.217324, 132.246
3175, 52.90833, 0.755131, -42.5759, 6.561, -132.775, 4.82325, 43.3621, 0.0401697, 22.0416, 0.319417, -43.0122, 0.216979, 132.291
3175, 52.91667, 0.754695, -42.5354, 6.5536, -132.755, 4.81491, 43.404, 0.0401411, 22.0604, 0.319142, -42.994, 0.216634, 132.336
3176, 52.92500, 0.754261, -42.4948, 6.5462, -132.735, 4.80658, 43.4461, 0.0401126, 22.0794, 0.318867, -42.9758, 0.216289, 132.381
3176, 52.93333, 0.75383, -42.4541, 6.53879, -132.714, 4.79824, 43.4883, 0.0400841, 22.0985, 0.318591, -42.9576, 0.215944, 132.427
3177, 52.94167, 0.753401, -42.4132, 6.53138, -132.694, 4.78991, 43.5307, 0.0400557, 22.1179, 0.318315, -42.9392, 0.215598, 132.472
3177, 52.95000, 0.752975, -42.3722, 6.52397, -132.674, 4.78158, 43.5733, 0.0400274, 22.1374, 0.318039, -42.9208, 0.215252, 132.518
3178, 52.95833, 0.752551, -42.3311, 6.51656, -132.653, 4.77325, 43.616, 0.0399992, 22.1571, 0.317763, -42.9023, 0.214907, 132.564
3178, 52.96667, 0.75213, -42.2898, 6.50915, -132.632, 4.76491, 43.6589, 0.039971, 22.1771, 0.317486, -42.8837, 0.214561, 132.611
3179, 52.97500, 0.751711, -42.2484, 6.50173, -132.612, 4.75658, 43.7019, 0.0399429, 22.1972, 0.317209, -42.865, 0.214215, 132.657
3179, 52.98333, 0.751295, -42.2068, 6.49432, -132.591, 4.74826, 43.7451, 0.0399148, 22.2175, 0.316932, -42.8463, 0.213869, 132.704
3180, 52.99167, 0.750881, -42.1651, 6.4869, -132.57, 4.73993, 43.7885, 0.0398868, 22.238, 0.316655, -42.8275, 0.213523, 132.751
3180, 53.00000, 0.75047, -42.1233, 6.47948, -132.549, 4.7316, 43.8321, 0.0398589, 22.2587, 0.316377, -42.8086, 0.213176, 132.798
3181, 53.00833, 0.750061, -42.0814, 6.47205, -132.528, 4.72327, 43.8758, 0.0398311, 22.2796, 0.316099, -42.7896, 0.21283, 132.845
3181, 53.01667, 0.749654, -42.0393, 6.46463, -132.507, 4.71494, 43.9197, 0.0398033, 22.3007, 0.315821, -42.7706, 0.212483, 132.892
3182, 53.02500, 0.74925, -41.9971, 6.4572, -132.485, 4.70662, 43.9638, 0.0397756, 22.322, 0.315543, -42.7515, 0.212137, 132.94
3182, 53.03333, 0.748849, -41.9547, 6.44978, -132.464, 4.69829, 44.0081, 0.039748, 22.3434, 0.315264, -42.7323, 0.21179, 132.988
3183, 53.04167, 0.74845, -41.9122, 6.44235, -132.443, 4.68997, 44.0525, 0.0397204, 22.3651, 0.314986, -42.713, 0.211443, 133.036
3183, 53.05000, 0.748054, -41.8696, 6.43492, -132.421, 4.68164, 44.0971, 0.039693, 22.387, 0.314707, -42.6936, 0.211096, 133.084
3184, 53.05833, 0.74766, -41.8269, 6.42748, -132.4, 4.67332, 44.1419, 0.0396655, 22.409, 0.314427, -42.6742, 0.210749, 133.132
3184, 53.06667, 0.747268, -41.784, 6.42005, -132.378, 4.665, 44.1869, 0.0396382, 22.4313, 0.314148, -42.6547, 0.210401, 133.181
3185, 53.07500, 0.746879, -41.741, 6.41261, -132.356, 4.65668, 44.232, 0.0396109, 22.4537, 0.313868, -42.6351, 0.210054, 133.229
3185, 53.08333, 0.746493, -41.6979, 6.40517, -132.334, 4.64836, 44.2774, 0.0395837, 22.4763, 0.313588, -42.6154, 0.209707, 133.278
3186, 53.09167, 0.746109, -41.6546, 6.39773, -132.313, 4.64004, 44.3229, 0.0395566, 22.4992, 0.313308, -42.5957, 0.209359, 133.328
3186, 53.10000, 0.745727, -41.6113, 6.39029, -132.291, 4.63172, 44.3686, 0.0395296, 22.5222, 0.313027, -42.5758, 0.209011, 133.377
3187, 53.10833, 0.745348, -41.5678, 6.38284, -132.269, 4.6234, 44.4145, 0.0395026, 22.5454, 0.312746, -42.5559, 0.208664, 133.427
3187, 53.11667, 0.744972, -41.5241, 6.3754, -132.246, 4.61508, 44.4605, 0.0394757, 22.5688, 0.312465, -42.5359, 0.208316, 133.476
3188, 53.12500, 0.744598, -41.4804, 6.36795, -132.224, 4.60676, 44.5068, 0.0394488, 22.5924, 0.312184, -42.5159, 0.207968, 133.526
3188, 53.13333, 0.744226, -41.4365, 6.3605, -132.202, 4.59845, 44.5532, 0.0394221, 22.6162, 0.311903, -42.4957, 0.207619, 133.577
3189, 53.14167, 0.743857, -41.3925, 6.35305, -132.179, 4.59013, 44.5998, 0.0393954, 22.6402, 0.311621, -42.4755, 0.207271, 133.627
3189, 53.15000, 0.743491, -41.3484, 6.3456, -132.157, 4.58182, 44.6467, 0.0393687, 22.6643, 0.311339, -42.4551, 0.206923, 133.678
3190, 53.15833, 0.743127, -41.3041, 6.33814, -132.134, 4.5735, 44.6937, 0.0393422, 22.6887, 0.311057, -42.4347, 0.206574, 133.728
3190, 53.16667, 0.742766, -41.2597, 6.33069, -132.112, 4.56519, 44.7409, 0.0393157, 22.7133, 0.310775, -42.4142, 0.206226, 133.779
3191, 53.17500, 0.742407, -41.2152, 6.32323, -132.089, 4.55688, 44.7883, 0.0392893, 22.738, 0.310492, -42.3937, 0.205877, 133.831
3191, 53.18333, 0.74205, -41.1706, 6.31577, -132.066, 4.54857, 44.8359, 0.039263, 22.763, 0.310209, -42.373, 0.205528, 133.882
3192, 53.19167, 0.741696, -41.1259, 6.30831, -132.043, 4.54026, 44.8837, 0.0392368, 22.7881, 0.309926, -42.3523, 0.205179, 133.934
3192, 53.20000, 0.741345, -41.081, 6.30085, -132.02, 4.53195, 44.9316, 0.0392106, 22.8134, 0.309642, -42.3315, 0.20483, 133.986
3193, 53.20833, 0.740996, -41.036, 6.29338, -131.997, 4.52364, 44.9798, 0.0391845, 22.839, 0.309359, -42.3106, 0.204481, 134.038
3193, 53.21667, 0.74065, -40.9909, 6.28591, -131.974, 4.51533, 45.0282, 0.0391585, 22.8647, 0.309075, -42.2896, 0.204132, 134.09
3194, 53.22500, 0.740306, -40.9457, 6.27845, -131.95, 4.50702, 45.0768, 0.0391325, 22.8906, 0.308791, -42.2685, 0.203782, 134.143
3194, 53.23333, 0.739965, -40.9004, 6.27098, -131.927, 4.49872, 45.1256, 0.0391066, 22.9167, 0.308506, -42.2473, 0.203433, 134.196
3195, 53.24167, 0.739626, -40.8549, 6.26351, -131.904, 4.49041, 45.1746, 0.0390808, 22.943, 0.308222, -42.2261, 0.203083, 134.249
3195, 53.25000, 0.73929, -40.8094, 6.25603, -131.88, 4.48211, 45.2237, 0.0390551, 22.9695, 0.307937, -42.2047, 0.202733, 134.302
3196, 53.25833, 0.738956, -40.7637, 6.24856, -131.856, 4.4738, 45.2731, 0.0390295, 22.9961, 0.307652, -42.1833, 0.202384, 134.355
3196, 53.26667, 0.738625, -40.7179, 6.24108, -131.833, 4.4655, 45.3228, 0.0390039, 23.023, 0.307367, -42.1618, 0.202034, 134.409
3197, 53.27500, 0.738296, -40.672, 6.2336, -131.809, 4.4572, 45.3726, 0.0389784, 23.0501, 0.307081, -42.1402, 0.201684, 134.463
3197, 53.28333, 0.73797, -40.6259, 6.22612, -131.785, 4.4489, 45.4226, 0.038953, 23.0773, 0.306795, -42.1185, 0.201333, 134.517
3198, 53.29167, 0.737646, -40.5798, 6.21864, -131.761, 4.4406, 45.4728, 0.0389277, 23.1048, 0.306509, -42.0968, 0.200983, 134.572
3198, 53.30000, 0.737325, -40.5335, 6.21116, -131.737, 4.4323, 45.5233, 0.0389024, 23.1324, 0.306223, -42.0749, 0.200633, 134.626
3199, 53.30833, 0.737007, -40.4872, 6.20367, -131.712, 4.424, 45.5739, 0.0388772, 23.1602, 0.305937, -42.053, 0.200282, 134.681
3199, 53.31667, 0.736691, -40.4407, 6.19619, -131.688, 4.4157, 45.6248, 0.0388521, 23.1882, 0.30565, -42.0309, 0.199932, 134.736
3200, 53.32500, 0.736377, -40.3941, 6.1887, -131.664, 4.40741, 45.6759, 0.0388271, 23.2164, 0.305363, -42.0088, 0.199581, 134.792
3200, 53.33333, 0.736066, -40.3474, 6.18121, -131.639, 4.39911, 45.7272, 0.0388021, 23.2448, 0.305076, -41.9866, 0.19923, 134.847
3201, 53.34167, 0.735758, -40.3006, 6.17372, -131.615, 4.39082, 45.7787, 0.0387773, 23.2734, 0.304788, -41.9643, 0.198879, 134.903
3201, 53.35000, 0.735452, -40.2537, 6.16623, -131.59, 4.38253, 45.8305, 0.0387525, 23.3022, 0.304501, -41.9419, 0.198528, 134.959
3202, 53.35833, 0.735148, -40.2067, 6.15873, -131.565, 4.37423, 45.8824, 0.0387277, 23.3312, 0.304213, -41.9194, 0.198177, 135.016
3202, 53.36667, 0.734847, -40.1595, 6.15124, -131.54, 4.36594, 45.9346, 0.0387031, 23.3604, 0.303925, -41.8968, 0.197826, 135.072
3203, 53.37500, 0.734549, -40.1123, 6.14374, -131.515, 4.35765, 45.987, 0.0386786, 23.3897, 0.303636, -41.8741, 0.197475, 135.129
3203, 53.38333, 0.734253, -40.0649, 6.13624, -131.49, 4.34936, 46.0397, 0.0386541, 23.4193, 0.303348, -41.8514, 0.197124, 135.186
3204, 53.39167, 0.73396, -40.0175, 6.12874, -131.465, 4.34107, 46.0926, 0.0386297, 23.449, 0.303059, -41.8285, 0.196772, 135.244
3204, 53.40000, 0.733669, -39.9699, 6.12124, -131.44, 4.33279, 46.1457, 0.0386054, 23.4789, 0.30277, -41.8056, 0.196421, 135.301
3205, 53.40833, 0.733381, -39.9222, 6.11373, -131.414, 4.3245, 46.199, 0.0385811, 23.509, 0.30248, -41.7826, 0.196069, 135.359
3205, 53.41667, 0.733096, -39.8745, 6.10623, -131.389, 4.31622, 46.2525, 0.038557, 23.5393, 0.302191, -41.7594, 0.195717, 135.417
3206, 53.42500, 0.732812, -39.8266, 6.09872, -131.363, 4.30793, 46.3063, 0.0385329, 23.5698, 0.301901, -41.7362, 0.195365, 135.476
3206, 53.43333, 0.732532, -39.7786, 6.09121, -131.338, 4.29965, 46.3604, 0.0385089, 23.6005, 0.301611, -41.7129, 0.195013, 135.534
3207, 53.44167, 0.732254, -39.7305, 6.0837, -131.312, 4.29137, 46.4146, 0.038485, 23.6314, 0.301321, -41.6895, 0.194661, 135.593
3207, 53.45000, 0.731978, -39.6823, 6.07619, -131.286, 4.28309, 46.4691, 0.0384611, 23.6625, 0.30103, -41.6659, 0.194309, 135.652
3208, 53.45833, 0.731705, -39.6341, 6.06868, -131.26, 4.27481, 46.5239, 0.0384374, 23.6937, 0.300739, -41.6423, 0.193957, 135.712
3208, 53.46667, 0.731435, -39.5857, 6.06116, -131.234, 4.26653, 46.5788, 0.0384137, 23.7252, 0.300449, -41.6186, 0.193604, 135.771
3209, 53.47500, 0.731167, -39.5372, 6.05365, -131.208, 4.25826, 46.6341, 0.0383901, 23.7568, 0.300157, -41.5948, 0.193252, 135.831
3209, 53.48333, 0.730902, -39.4886, 6.04613, -131.182, 4.24998, 46.6895, 0.0383666, 23.7886, 0.299866, -41.571, 0.1929, 135.892
3210, 53.49167, 0.730639, -39.4399, 6.03861, -131.155, 4.24171, 46.7452, 0.0383431, 23.8206, 0.299574, -41.547, 0.192547, 135.952
3210, 53.50000, 0.730379, -39.3911, 6.03109, -131.129, 4.23343, 46.8012, 0.0383198, 23.8528, 0.299282, -41.5229, 0.192194, 136.013
3211, 53.50833, 0.730121, -39.3422, 6.02357, -131.102, 4.22516, 46.8574, 0.0382965, 23.8852, 0.29899, -41.4987, 0.191842, 136.074
3211, 53.51667, 0.729866, -39.2933, 6.01604, -131.075, 4.21689, 46.9139, 0.0382733, 23.9178, 0.298698, -41.4744, 0.191489, 136.136
3212, 53.52500, 0.729614, -39.2442, 6.00852, -131.049, 4.20862, 46.9706, 0.0382502, 23.9506, 0.298405, -41.45, 0.191136, 136.197
3212, 53.53333, 0.729364, -39.195, 6.00099, -131.022, 4.20035, 47.0275, 0.0382272, 23.9835, 0.298113, -41.4255, 0.190783, 136.259
3213, 53.54167, 0.729116, -39.1458, 5.99346, -130.995, 4.19209, 47.0847, 0.0382043, 24.0167, 0.297819, -41.401, 0.19043, 136.321
3213, 53.55000, 0.728871, -39.0964, 5.98593, -130.968, 4.18382, 47.1422, 0.0381814, 24.05, 0.297526, -41.3763, 0.190076, 136.384
3214, 53.55833, 0.728629, -39.0469, 5.9784, -130.94, 4.17556, 47.1999, 0.0381587, 24.0836, 0.297233, -41.3515, 0.189723, 136.447
3214, 53.56667, 0.728389, -38.9974, 5.97087, -130.913, 4.16729, 47.2579, 0.038136, 24.1173, 0.296939, -41.3266, 0.18937, 136.51
3215, 53.57500, 0.728152, -38.9478, 5.96333, -130.886, 4.15903, 47.3162, 0.0381134, 24.1512, 0.296645, -41.3017, 0.189016, 136.573
3215, 53.58333, 0.727917, -38.898, 5.9558, -130.858, 4.15077, 47.3747, 0.0380909, 24.1853, 0.296351, -41.2766, 0.188663, 136.637
3216, 53.59167, 0.727685, -38.8482, 5.94826, -130.83, 4.14251, 47.4335, 0.0380684, 24.2195, 0.296056, -41.2514, 0.188309, 136.701
3216, 53.60000, 0.727455, -38.7983, 5.94072, -130.803, 4.13426, 47.4925, 0.0380461, 24.254, 0.295762, -41.2261, 0.187956, 136.765
3217, 53.60833, 0.727228, -38.7483, 5.93318, -130.775, 4.126, 47.5518, 0.0380238, 24.2887, 0.295467, -41.2007, 0.187602, 136.83
3217, 53.61667, 0.727004, -38.6982, 5.92564, -130.747, 4.11775, 47.6114, 0.0380017, 24.3235, 0.295172, -41.1752, 0.187248, 136.895
3218, 53.62500, 0.726782, -38.648, 5.9181, -130.719, 4.1095, 47.6712, 0.0379796, 24.3585, 0.294876, -41.1496, 0.186894, 136.96
3218, 53.63333, 0.726562, -38.5977, 5.91056, -130.69, 4.10124, 47.7314, 0.0379576, 24.3938, 0.294581, -41.1239, 0.18654, 137.025
3219, 53.64167, 0.726346, -38.5474, 5.90301, -130.662, 4.093, 47.7918, 0.0379356, 24.4292, 0.294285, -41.0981, 0.186186, 137.091
3219, 53.65000, 0.726131, -38.4969, 5.89546, -130.634, 4.08475, 47.8525, 0.0379138, 24.4648, 0.293989, -41.0722, 0.185832, 137.157
3220, 53.65833, 0.72592, -38.4464, 5.88792, -130.605, 4.0765, 47.9134, 0.0378921, 24.5005, 0.293693, -41.0462, 0.185478, 137.224
3220, 53.66667, 0.72571, -38.3958, 5.88037, -130.577, 4.06826, 47.9747, 0.0378704, 24.5365, 0.293396, -41.0201, 0.185124, 137.29
3221, 53.67500, 0.725504, -38.3451, 5.87282, -130.548, 4.06001, 48.0362, 0.0378488, 24.5726, 0.293099, -40.9939, 0.184769, 137.357
3221, 53.68333, 0.7253, -38.2943, 5.86527, -130.519, 4.05177, 48.098, 0.0378273, 24.609, 0.292802, -40.9675, 0.184415, 137.425
3222, 53.69167, 0.725098, -38.2434, 5.85771, -130.49, 4.04353, 48.1601, 0.0378059, 24.6455, 0.292505, -40.9411, 0.184061, 137.493
3222, 53.70000, 0.724899, -38.1925, 5.85016, -130.461, 4.03529, 48.2225, 0.0377846, 24.6822, 0.292208, -40.9146, 0.183706, 137.561
3223, 53.70833, 0.724703, -38.1415, 5.8426, -130.432, 4.02706, 48.2851, 0.0377634, 24.7191, 0.29191, -40.8879, 0.183352, 137.629
3223, 53.71667, 0.724509, -38.0903, 5.83504, -130.402, 4.01882, 48.3481, 0.0377422, 24.7562, 0.291612, -40.8611, 0.182997, 137.698
3224, 53.72500, 0.724318, -38.0391, 5.82749, -130.373, 4.01059, 48.4114, 0.0377212, 24.7935, 0.291314, -40.8343, 0.182642, 137.767
3224, 53.73333, 0.724129, -37.9879, 5.81993, -130.343, 4.00236, 48.4749, 0.0377002, 24.8309, 0.291016, -40.8073, 0.182288, 137.836
3225, 53.74167, 0.723943, -37.9365, 5.81236, -130.313, 3.99413, 48.5388, 0.0376794, 24.8686, 0.290717, -40.7802, 0.181933, 137.906
3225, 53.75000, 0.723759, -37.8851, 5.8048, -130.284, 3.9859, 48.6029, 0.0376586, 24.9064, 0.290419, -40.753, 0.181578, 137.976
3226, 53.75833, 0.723578, -37.8335, 5.79724, -130.254, 3.97768, 48.6674, 0.0376379, 24.9444, 0.29012, -40.7257, 0.181223, 138.046
3226, 53.76667, 0.7234, -37.782, 5.78967, -130.224, 3.96945, 48.7321, 0.0376173, 24.9826, 0.289821, -40.6983, 0.180868, 138.117
3227, 53.77500, 0.723224, -37.7303, 5.78211, -130.194, 3.96123, 48.7972, 0.0375967, 25.021, 0.289521, -40.6707, 0.180514, 138.188
3227, 53.78333, 0.72305, -37.6785, 5.77454, -130.163, 3.95301, 48.8626, 0.0375763, 25.0596, 0.289221, -40.6431, 0.180159, 138.259
3228, 53.79167, 0.72288, -37.6267, 5.76697, -130.133, 3.9448, 48.9282, 0.037556, 25.0983, 0.288922, -40.6153, 0.179803, 138.331
3228, 53.80000, 0.722711, -37.5748, 5.7594, -130.102, 3.93658, 48.9942, 0.0375357, 25.1372, 0.288621, -40.5875, 0.179448, 138.403
3229, 53.80833, 0.722546, -37.5228, 5.75183, -130.072, 3.92837, 49.0605, 0.0375156, 25.1764, 0.288321, -40.5595, 0.179093, 138.476
3229, 53.81667, 0.722383, -37.4708, 5.74426, -130.041, 3.92016, 49.1272, 0.0374955, 25.2157, 0.288021, -40.5314, 0.178738, 138.549
3230, 53.82500, 0.722222, -37.4187, 5.73668, -130.01, 3.91195, 49.1941, 0.0374755, 25.2552, 0.28772, -40.5032, 0.178383, 138.622
3230, 53.83333, 0.722064, -37.3665, 5.72911, -129.979, 3.90374, 49.2614, 0.0374556, 25.2948, 0.287419, -40.4749, 0.178028, 138.695
3231, 53.84167, 0.721909, -37.3142, 5.72153, -129.948, 3.89553, 49.329, 0.0374358, 25.3347, 0.287118, -40.4464, 0.177672, 138.769
3231, 53.85000, 0.721756, -37.2619, 5.71395, -129.917, 3.88733, 49.3969, 0.0374161, 25.3747, 0.286816, -40.4179, 0.177317, 138.844
3232, 53.85833, 0.721606, -37.2095, 5.70637, -129.885, 3.87913, 49.4651, 0.0373965, 25.415, 0.286515, -40.3892, 0.176962, 138.918
3232, 53.86667, 0.721458, -37.157, 5.69879, -129.854, 3.87093, 49.5337, 0.037377, 25.4554, 0.286213, -40.3604, 0.176606, 138.993
3233, 53.87500, 0.721313, -37.1044, 5.69121, -129.822, 3.86274, 49.6026, 0.0373576, 25.496, 0.285911, -40.3315, 0.176251, 139.069
3233, 53.88333, 0.72117, -37.0518, 5.68363, -129.79, 3.85454, 49.6718, 0.0373382, 25.5367, 0.285608, -40.3024, 0.175896, 139.145
3234, 53.89167, 0.72103, -36.9991, 5.67605, -129.758, 3.84635, 49.7414, 0.037319, 25.5777, 0.285306, -40.2733, 0.17554, 139.221
3234, 53.90000, 0.720892, -36.9464, 5.66846, -129.726, 3.83816, 49.8113, 0.0372998, 25.6188, 0.285003, -40.244, 0.175185, 139.297
3235, 53.90833, 0.720757, -36.8936, 5.66088, -129.694, 3.82998, 49.8816, 0.0372807, 25.6601, 0.2847, -40.2146, 0.174829, 139.374
3235, 53.91667, 0.720625, -36.8407, 5.65329, -129.662, 3.82179, 49.9522, 0.0372618, 25.7016, 0.284397, -40.1851, 0.174474, 139.452
3236, 53.92500, 0.720495, -36.7877, 5.6457, -129.63, 3.81361, 50.0231, 0.0372429, 25.7433, 0.284093, -40.1555, 0.174118, 139.529
3236, 53.93333, 0.720368, -36.7347, 5.63812, -129.597, 3.80543, 50.0944, 0.0372241, 25.7852, 0.28379, -40.1258, 0.173763, 139.608
3237, 53.94167, 0.720243, -36.6816, 5.63053, -129.564, 3.79725, 50.166, 0.0372054, 25.8272, 0.283486, -40.0959, 0.173407, 139.686
3237, 53.95000, 0.720121, -36.6285, 5.62293, -129.531, 3.78908, 50.238, 0.0371868, 25.8695, 0.283182, -40.0659, 0.173052, 139.765
3238, 53.95833, 0.720002, -36.5753, 5.61534, -129.499, 3.78091, 50.3104, 0.0371683, 25.9119, 0.282877, -40.0358, 0.172696, 139.844
3238, 53.96667, 0.719885, -36.522, 5.60775, -129.465, 3.77274, 50.3831, 0.0371499, 25.9545, 0.282573, -40.0056, 0.17234, 139.924
3239, 53.97500, 0.71977, -36.4687, 5.60016, -129.432, 3.76457, 50.4562, 0.0371316, 25.9972, 0.282268, -39.9752, 0.171985, 140.004
3239, 53.98333, 0.719658, -36.4153, 5.59256, -129.399, 3.75641, 50.5296, 0.0371134, 26.0402, 0.281963, -39.9447, 0.171629, 140.085
3240, 53.99167, 0.719549, -36.3618, 5.58496, -129.365, 3.74825, 50.6034, 0.0370953, 26.0833, 0.281658, -39.9141, 0.171274, 140.166
3240, 54.00000, 0.719442, -36.3083, 5.57737, -129.332, 3.74009, 50.6775, 0.0370772, 26.1266, 0.281353, -39.8834, 0.170918, 140.247
3241, 54.00833, 0.719338, -36.2548, 5.56977, -129.298, 3.73194, 50.7521, 0.0370593, 26.1701, 0.281047, -39.8525, 0.170563, 140.329
3241, 54.01667, 0.719237, -36.2011, 5.56217, -129.264, 3.72378, 50.827, 0.0370415, 26.2138, 0.280741, -39.8215, 0.170207, 140.411
3242, 54.02500, 0.719137, -36.1474, 5.55457, -129.23, 3.71563, 50.9023, 0.0370237, 26.2577, 0.280435, -39.7904, 0.169852, 140.494
3242, 54.03333, 0.719041, -36.0937, 5.54697, -129.196, 3.70749, 50.9779, 0.0370061, 26.3017, 0.280129, -39.7591, 0.169496, 140.577
3243, 54.04167, 0.718947, -36.0399, 5.53936, -129.162, 3.69934, 51.054, 0.0369885, 26.3459, 0.279822, -39.7278, 0.169141, 140.661
3243, 54.05000, 0.718856, -35.986, 5.53176, -129.127, 3.69121, 51.1304, 0.0369711, 26.3903, 0.279516, -39.6963, 0.168785, 140.745
3244, 54.05833, 0.718767, -35.9321, 5.52416, -129.093, 3.68307, 51.2072, 0.0369537, 26.4348, 0.279209, -39.6646, 0.16843, 140.829
3244, 54.06667, 0.718681, -35.8782, 5.51655, -129.058, 3.67493, 51.2844, 0.0369365, 26.4796, 0.278902, -39.6329, 0.168074, 140.914
3245, 54.07500, 0.718597, -35.8241, 5.50895, -129.023, 3.6668, 51.362, 0.0369193, 26.5245, 0.278595, -39.601, 0.167719, 140.999
3245, 54.08333, 0.718516, -35.7701, 5.50134, -128.988, 3.65868, 51.44, 0.0369023, 26.5696, 0.278287, -39.569, 0.167364, 141.085
3246, 54.09167, 0.718437, -35.7159, 5.49373, -128.953, 3.65055, 51.5184, 0.0368853, 26.6149, 0.277979, -39.5368, 0.167008, 141.172
3246, 54.10000, 0.718361, -35.6618, 5.48612, -128.918, 3.64243, 51.5971, 0.0368684, 26.6604, 0.277671, -39.5045, 0.166653, 141.258
3247, 54.10833, 0.718288, -35.6075, 5.47851, -128.882, 3.63431, 51.6763, 0.0368517, 26.706, 0.277363, -39.4721, 0.166298, 141.345
3247, 54.11667, 0.718217, -35.5532, 5.4709, -128.847, 3.6262, 51.7559, 0.036835, 26.7518, 0.277055, -39.4395, 0.165943, 141.433
3248, 54.12500, 0.718149, -35.4989, 5.46329, -128.811, 3.61809, 51.8359, 0.0368184, 26.7978, 0.276746, -39.4068, 0.165588, 141.521
3248, 54.13333, 0.718083, -35.4445, 5.45568, -128.775, 3.60998, 51.9163, 0.0368019, 26.844, 0.276437, -39.374, 0.165232, 141.61
3249, 54.14167, 0.71802, -35.3901, 5.44807, -128.739, 3.60188, 51.9971, 0.0367856, 26.8903, 0.276128, -39.3411, 0.164877, 141.699
3249, 54.15000, 0.717959, -35.3356, 5.44045, -128.703, 3.59378, 52.0784, 0.0367693, 26.9368, 0.275819, -39.308, 0.164522, 141.788
3250, 54.15833, 0.717901, -35.2811, 5.43284, -128.667, 3.58568, 52.16, 0.0367531, 26.9835, 0.27551, -39.2747, 0.164167, 141.878
3250, 54.16667, 0.717845, -35.2265, 5.42522, -128.63, 3.57759, 52.2421, 0.036737, 27.0304, 0.2752, -39.2414, 0.163813, 141.969
3251, 54.17500, 0.717793, -35.1719, 5.4176, -128.594, 3.5695, 52.3246, 0.0367211, 27.0774, 0.27489, -39.2079, 0.163458, 142.06
3251, 54.18333, 0.717742, -35.1172, 5.40999, -128.557, 3.56142, 52.4075, 0.0367052, 27.1246, 0.27458, -39.1742, 0.163103, 142.151
3252, 54.19167, 0.717694, -35.0625, 5.40237, -128.52, 3.55334, 52.4909, 0.0366894, 27.172, 0.27427, -39.1404, 0.162748, 142.243
3252, 54.20000, 0.717649, -35.0078, 5.39475, -128.483, 3.54526, 52.5747, 0.0366737, 27.2196, 0.27396, -39.1065, 0.162394, 142.335
3253, 54.20833, 0.717606, -34.953, 5.38713, -128.446, 3.53719, 52.6589, 0.0366582, 27.2673, 0.273649, -39.0724, 0.162039, 142.428
3253, 54.21667, 0.717566, -34.8981, 5.37951, -128.409, 3.52912, 52.7436, 0.0366427, 27.3153, 0.273338, -39.0382, 0.161685, 142.522
3254, 54.22500, 0.717529, -34.8433, 5.37189, -128.371, 3.52105, 52.8288, 0.0366273, 27.3633, 0.273027, -39.0039, 0.16133, 142.616
3254, 54.23333, 0.717493, -34.7883, 5.36427, -128.333, 3.51299, 52.9143, 0.036612, 27.4116, 0.272716, -38.9694, 0.160976, 142.71
3255, 54.24167, 0.717461, -34.7334, 5.35665, -128.296, 3.50493, 53.0004, 0.0365969, 27.46, 0.272404, -38.9347, 0.160622, 142.805
3255, 54.25000, 0.717431, -34.6784, 5.34902, -128.258, 3.49688, 53.0868, 0.0365818, 27.5087, 0.272093, -38.9, 0.160268, 142.901
3256, 54.25833, 0.717404, -34.6233, 5.3414, -128.219, 3.48883, 53.1738, 0.0365668, 27.5574, 0.271781, -38.865, 0.159914, 142.997
3256, 54.26667, 0.717379, -34.5682, 5.33377, -128.181, 3.48079, 53.2612, 0.036552, 27.6064, 0.271469, -38.83, 0.15956, 143.093
3257, 54.27500, 0.717357, -34.5131, 5.32615, -128.143, 3.47275, 53.349, 0.0365372, 27.6555, 0.271156, -38.7947, 0.159206, 143.191
3257, 54.28333, 0.717337, -34.458, 5.31852, -128.104, 3.46472, 53.4373, 0.0365226, 27.7048, 0.270844, -38.7594, 0.158852, 143.288
3258, 54.29167, 0.71732, -34.4028, 5.3109, -128.065, 3.45669, 53.5261, 0.036508, 27.7543, 0.270531, -38.7239, 0.158499, 143.386
3258, 54.30000, 0.717305, -34.3475, 5.30327, -128.026, 3.44866, 53.6154, 0.0364936, 27.8039, 0.270218, -38.6882, 0.158145, 143.485
3259, 54.30833, 0.717293, -34.2923, 5.29564, -127.987, 3.44064, 53.7051, 0.0364792, 27.8537, 0.269905, -38.6524, 0.157792, 143.584
3259, 54.31667, 0.717284, -34.2369, 5.28801, -127.948, 3.43262, 53.7954, 0.036465, 27.9037, 0.269592, -38.6164, 0.157439, 143.684
3260, 54.32500, 0.717277, -34.1816, 5.28039, -127.909, 3.42461, 53.8861, 0.0364509, 27.9539, 0.269278, -38.5803, 0.157085, 143.785
3260, 54.33333, 0.717272, -34.1262, 5.27276, -127.869, 3.41661, 53.9773, 0.0364368, 28.0042, 0.268965, -38.5441, 0.156733, 143.886
3261, 54.34167, 0.717271, -34.0708, 5.26513, -127.829, 3.4086, 54.069, 0.0364229, 28.0547, 0.268651, -38.5077, 0.15638, 143.987
3261, 54.35000, 0.717271, -34.0154, 5.2575, -127.789, 3.40061, 54.1611, 0.0364091, 28.1054, 0.268337, -38.4711, 0.156027, 144.089
3262, 54.35833, 0.717275, -33.9599, 5.24987, -127.749, 3.39262, 54.2538, 0.0363954, 28.1562, 0.268022, -38.4344, 0.155674, 144.192
3262, 54.36667, 0.71728, -33.9044, 5.24223, -127.709, 3.38463, 54.347, 0.0363818, 28.2072, 0.267708, -38.3975, 0.155322, 144.295
3263, 54.37500, 0.717289, -33.8489, 5.2346, -127.669, 3.37665, 54.4407, 0.0363683, 28.2584, 0.267393, -38.3605, 0.15497, 144.399
3263, 54.38333, 0.7173, -33.7933, 5.22697, -127.628, 3.36867, 54.5349, 0.0363549, 28.3097, 0.267078, -38.3233, 0.154618, 144.503
3264, 54.39167, 0.717313, -33.7377, 5.21934, -127.587, 3.3607, 54.6296, 0.0363416, 28.3612, 0.266763, -38.286, 0.154266, 144.608
3264, 54.40000, 0.717329, -33.6821, 5.2117, -127.547, 3.35274, 54.7248, 0.0363284, 28.4129, 0.266448, -38.2485, 0.153914, 144.714
3265, 54.40833, 0.717348, -33.6264, 5.20407, -127.505, 3.34478, 54.8205, 0.0363153, 28.4647, 0.266132, -38.2109, 0.153562, 144.82
3265, 54.41667, 0.717369, -33.5707, 5.19644, -127.464, 3.33682, 54.9168, 0.0363023, 28.5167, 0.265817, -38.1731, 0.153211, 144.927
3266, 54.42500, 0.717393, -33.515, 5.1888, -127.423, 3.32887, 55.0136, 0.0362895, 28.5689, 0.265501, -38.1351, 0.15286, 145.035
3266, 54.43333, 0.717419, -33.4593, 5.18117, -127.381, 3.32093, 55.1109, 0.0362767, 28.6212, 0.265185, -38.097, 0.152509, 145.143
3267, 54.44167, 0.717448, -33.4035, 5.17353, -127.339, 3.31299, 55.2088, 0.036264, 28.6737, 0.264869, -38.0587, 0.152158, 145.251
3267, 54.45000, 0.717479, -33.3477, 5.1659, -127.297, 3.30506, 55.3072, 0.0362515, 28.7264, 0.264552, -38.0202, 0.151807, 145.361
3268, 54.45833, 0.717513, -33.2919, 5.15826, -127.255, 3.29714, 55.4061, 0.0362391, 28.7792, 0.264236, -37.9816, 0.151457, 145.47
3268, 54.46667, 0.71755, -33.2361, 5.15062, -127.213, 3.28922, 55.5056, 0.0362267, 28.8322, 0.263919, -37.9429, 0.151106, 145.581
3269, 54.47500, 0.717589, -33.1802, 5.14299, -127.17, 3.28131, 55.6056, 0.0362145, 28.8854, 0.263602, -37.9039, 0.150756, 145.692
3269, 54.48333, 0.71763, -33.1244, 5.13535, -127.128, 3.2734, 55.7062, 0.0362024, 28.9387, 0.263285, -37.8648, 0.150406, 145.804
3270, 54.49167, 0.717674, -33.0684, 5.12771, -127.085, 3.2655, 55.8074, 0.0361904, 28.9922, 0.262967, -37.8256, 0.150057, 145.916
3270, 54.50000, 0.717721, -33.0125, 5.12008, -127.042, 3.25761, 55.9091, 0.0361785, 29.0459, 0.26265, -37.7861, 0.149707, 146.03
3271, 54.50833, 0.71777, -32.9566, 5.11244, -126.999, 3.24972, 56.0114, 0.0361667, 29.0997, 0.262332, -37.7465, 0.149358, 146.143
3271, 54.51667, 0.717822, -32.9006, 5.1048, -126.955, 3.24184, 56.1142, 0.0361551, 29.1537, 0.262014, -37.7068, 0.149009, 146.258
3272, 54.52500, 0.717876, -32.8446, 5.09716, -126.912, 3.23396, 56.2177, 0.0361435, 29.2078, 0.261696, -37.6668, 0.14866, 146.373
3272, 54.53333, 0.717933, -32.7886, 5.08952, -126.868, 3.2261, 56.3217, 0.0361321, 29.2622, 0.261378, -37.6267, 0.148312, 146.489
3273, 54.54167, 0.717992, -32.7326, 5.08188, -126.824, 3.21823, 56.4263, 0.0361207, 29.3166, 0.261059, -37.5865, 0.147964, 146.605
3273, 54.55000, 0.718054, -32.6765, 5.07425, -126.78, 3.21038, 56.5314, 0.0361095, 29.3713, 0.260741, -37.546, 0.147616, 146.722
3274, 54.55833, 0.718118, -32.6205, 5.06661, -126.736, 3.20253, 56.6372, 0.0360984, 29.4261, 0.260422, -37.5054, 0.147268, 146.84
3274, 54.56667, 0.718185, -32.5644, 5.05897, -126.691, 3.19469, 56.7436, 0.0360874, 29.481, 0.260103, -37.4646, 0.146921, 146.959
3275, 54.57500, 0.718255, -32.5083, 5.05133, -126.646, 3.18686, 56.8505, 0.0360765, 29.5361, 0.259784, -37.4237, 0.146573, 147.078
3275, 54.58333, 0.718327, -32.4522, 5.04369, -126.602, 3.17904, 56.9581, 0.0360657, 29.5914, 0.259464, -37.3825, 0.146226, 147.198
3276, 54.59167, 0.718402, -32.3961, 5.03605, -126.557, 3.17122, 57.0663, 0.036055, 29.6468, 0.259145, -37.3412, 0.14588, 147.318
3276, 54.60000, 0.718479, -32.3399, 5.02841, -126.511, 3.16341, 57.175, 0.0360445, 29.7024, 0.258825, -37.2997, 0.145534, 147.44
3277, 54.60833, 0.718558, -32.2838, 5.02077, -126.466, 3.1556, 57.2845, 0.036034, 29.7582, 0.258505, -37.2581, 0.145188, 147.562
3277, 54.61667, 0.718641, -32.2276, 5.01313, -126.42, 3.14781, 57.3945, 0.0360237, 29.8141, 0.258185, -37.2162, 0.144842, 147.685
3278, 54.62500, 0.718725, -32.1714, 5.00549, -126.374, 3.14002, 57.5051, 0.0360135, 29.8702, 0.257865, -37.1742, 0.144496, 147.808
3278, 54.63333, 0.718813, -32.1152, 4.99786, -126.328, 3.13224, 57.6164, 0.0360034, 29.9264, 0.257544, -37.132, 0.144151, 147.932
3279, 54.64167, 0.718903, -32.059, 4.99022, -126.282, 3.12447, 57.7284, 0.0359934, 29.9828, 0.257223, -37.0896, 0.143807, 148.057
3279, 54.65000, 0.718995, -32.0028, 4.98258, -126.236, 3.1167, 57.8409, 0.0359835, 30.0393, 0.256903, -37.0471, 0.143462, 148.183
3280, 54.65833, 0.71909, -31.9466, 4.97494, -126.189, 3.10895, 57.9541, 0.0359737, 30.096, 0.256582, -37.0043, 0.143118, 148.309
3280, 54.66667, 0.719187, -31.8903, 4.9673, -126.142, 3.1012, 58.068, 0.0359641, 30.1529, 0.256261, -36.9614, 0.142774, 148.437
3281, 54.67500, 0.719287, -31.8341, 4.95966, -126.095, 3.09346, 58.1825, 0.0359545, 30.2099, 0.255939, -36.9183, 0.142431, 148.565
3281, 54.68333, 0.71939, -31.7778, 4.95202, -126.048, 3.08573, 58.2977, 0.0359451, 30.267, 0.255618, -36.875, 0.142088, 148.693
3282, 54.69167, 0.719495, -31.7216, 4.94438, -126, 3.07801, 58.4135, 0.0359358, 30.3244, 0.255296, -36.8315, 0.141745, 148.823
3282, 54.70000, 0.719602, -31.6653, 4.93675, -125.953, 3.0703, 58.53, 0.0359266, 30.3818, 0.254974, -36.7878, 0.141403, 148.953
3283, 54.70833, 0.719712, -31.609, 4.92911, -125.905, 3.06259, 58.6472, 0.0359176, 30.4395, 0.254652, -36.744, 0.141061, 149.084
3283, 54.71667, 0.719825, -31.5528, 4.92147, -125.857, 3.05489, 58.7651, 0.0359086, 30.4973, 0.25433, -36.6999, 0.140719, 149.216
3284, 54.72500, 0.71994, -31.4965, 4.91383, -125.809, 3.04721, 58.8836, 0.0358997, 30.5552, 0.254008, -36.6557, 0.140378, 149.349
3284, 54.73333, 0.720058, -31.4402, 4.9062, -125.76, 3.03953, 59.0028, 0.035891, 30.6133, 0.253685, -36.6113, 0.140037, 149.482
3285, 54.74167, 0.720178, -31.3839, 4.89856, -125.711, 3.03186, 59.1228, 0.0358824, 30.6715, 0.253363, -36.5667, 0.139697, 149.617
3285, 54.75000, 0.720301, -31.3276, 4.89092, -125.663, 3.0242, 59.2434, 0.0358739, 30.7299, 0.25304, -36.5219, 0.139357, 149.752
3286, 54.75833, 0.720426, -31.2713, 4.88329, -125.613, 3.01656, 59.3647, 0.0358655, 30.7885, 0.252717, -36.4769, 0.139018, 149.888
3286, 54.76667, 0.720554, -31.215, 4.87565, -125.564, 3.00891, 59.4868, 0.0358573, 30.8472, 0.252394, -36.4317, 0.138679, 150.024
3287, 54.77500, 0.720684, -31.1587, 4.86801, -125.515, 3.00129, 59.6095, 0.0358491, 30.906, 0.25207, -36.3863, 0.13834, 150.162
3287, 54.78333, 0.720817, -31.1024, 4.86038, -125.465, 2.99367, 59.733, 0.0358411, 30.965, 0.251747, -36.3407, 0.138002, 150.3
3288, 54.79167, 0.720953, -31.046, 4.85274, -125.415, 2.98605, 59.8572, 0.0358332, 31.0241, 0.251423, -36.2949, 0.137664, 150.44
3288, 54.80000, 0.72109, -30.9897, 4.84511, -125.365, 2.97846, 59.9821, 0.0358254, 31.0834, 0.251099, -36.2489, 0.137327, 150.58
3289, 54.80833, 0.721231, -30.9334, 4.83748, -125.314, 2.97087, 60.1077, 0.0358178, 31.1429, 0.250776, -36.2027, 0.13699, 150.721
3289, 54.81667, 0.721374, -30.8771, 4.82984, -125.264, 2.96329, 60.2341, 0.0358102, 31.2025, 0.250451, -36.1564, 0.136653, 150.863
3290, 54.82500, 0.721519, -30.8208, 4.82221, -125.213, 2.95572, 60.3613, 0.0358028, 31.2622, 0.250127, -36.1098, 0.136318, 151.005
3290, 54.83333, 0.721667, -30.7645, 4.81458, -125.162, 2.94816, 60.4892, 0.0357955, 31.3221, 0.249803, -36.063, 0.135982, 151.149
3291, 54.84167, 0.721818, -30.7082, 4.80695, -125.11, 2.94061, 60.6178, 0.0357883, 31.3821, 0.249478, -36.016, 0.135647, 151.293
3291, 54.85000, 0.721971, -30.6519, 4.79931, -125.059, 2.93308, 60.7472, 0.0357812, 31.4423, 0.249153, -35.9688, 0.135313, 151.439
3292, 54.85833, 0.722126, -30.5956, 4.79168, -125.007, 2.92555, 60.8774, 0.0357743, 31.5026, 0.248829, -35.9214, 0.134979, 151.585
3292, 54.86667, 0.722285, -30.5393, 4.78405, -124.955, 2.91804, 61.0083, 0.0357674, 31.5631, 0.248504, -35.8738, 0.134646, 151.732
3293, 54.87500, 0.722445, -30.483, 4.77643, -124.903, 2.91053, 61.14, 0.0357607, 31.6237, 0.248178, -35.826, 0.134313, 151.88
3293, 54.88333, 0.722608, -30.4267, 4.7688, -124.851, 2.90304, 61.2725, 0.0357541, 31.6845, 0.247853, -35.778, 0.133981, 152.029
3294, 54.89167, 0.722774, -30.3704, 4.76117, -124.798, 2.89556, 61.4058, 0.0357477, 31.7454, 0.247528, -35.7297, 0.133649, 152.179
3294, 54.90000, 0.722942, -30.3141, 4.75354, -124.745, 2.8881, 61.5399, 0.0357413, 31.8065, 0.247202, -35.6813, 0.133318, 152.329
3295, 54.90833, 0.723113, -30.2579, 4.74592, -124.692, 2.88064, 61.6748, 0.0357351, 31.8677, 0.246876, -35.6326, 0.132988, 152.481
3295, 54.91667, 0.723286, -30.2016, 4.73829, -124.639, 2.8732, 61.8105, 0.035729, 31.929, 0.24655, -35.5838, 0.132658, 152.634
3296, 54.92500, 0.723462, -30.1454, 4.73067, -124.585, 2.86577, 61.947, 0.035723, 31.9905, 0.246224, -35.5347, 0.132328, 152.787
3296, 54.93333, 0.72364, -30.0891, 4.72304, -124.531, 2.85835, 62.0843, 0.0357172, 32.0521, 0.245898, -35.4854, 0.132, 152.942
3297, 54.94167, 0.723821, -30.0329, 4.71542, -124.477, 2.85094, 62.2224, 0.0357114, 32.1139, 0.245572, -35.4359, 0.131672, 153.098
3297, 54.95000, 0.724004, -29.9767, 4.7078, -124.423, 2.84355, 62.3614, 0.0357058, 32.1758, 0.245245, -35.3861, 0.131344, 153.254
3298, 54.95833, 0.72419, -29.9204, 4.70018, -124.368, 2.83617, 62.5012, 0.0357003, 32.2378, 0.244919, -35.3362, 0.131017, 153.411
3298, 54.96667, 0.724378, -29.8642, 4.69256, -124.314, 2.8288, 62.6418, 0.035695, 32.3, 0.244592, -35.286, 0.130691, 153.57
3299, 54.97500, 0.724569, -29.808, 4.68494, -124.259, 2.82144, 62.7833, 0.0356897, 32.3623, 0.244265, -35.2356, 0.130365, 153.729
3299, 54.98333, 0.724762, -29.7519, 4.67732, -124.203, 2.8141, 62.9256, 0.0356846, 32.4248, 0.243938, -35.185, 0.130041, 153.89
3300, 54.99167, 0.724958, -29.6957, 4.6697, -124.148, 2.80677, 63.0688, 0.0356796, 32.4874, 0.243611, -35.1342, 0.129716, 154.051
3300, 55.00000, 0.725156, -29.6395, 4.66209, -124.092, 2.79946, 63.2129, 0.0356747, 32.5502, 0.243284, -35.0831, 0.129393, 154.213
3301, 55.00833, 0.725357, -29.5834, 4.65447, -124.036, 2.79216, 63.3578, 0.03567, 32.613, 0.242956, -35.0318, 0.12907, 154.377
3301, 55.01667, 0.72556, -29.5272, 4.64686, -123.98, 2.78487, 63.5036, 0.0356654, 32.6761, 0.242629, -34.9803, 0.128748, 154.541
3302, 55.02500, 0.725766, -29.4711, 4.63925, -123.923, 2.7776, 63.6503, 0.0356609, 32.7392, 0.242301, -34.9286, 0.128427, 154.707
3302, 55.03333, 0.725974, -29.415, 4.63163, -123.866, 2.77035, 63.7978, 0.0356565, 32.8025, 0.241973, -34.8766, 0.128106, 154.873
3303, 55.04167, 0.726185, -29.3589, 4.62402, -123.809, 2.7631, 63.9463, 0.0356523, 32.8659, 0.241645, -34.8244, 0.127786, 155.041
3303, 55.05000, 0.726399, -29.3028, 4.61642, -123.752, 2.75587, 64.0956, 0.0356482, 32.9295, 0.241317, -34.772, 0.127467, 155.209
3304, 55.05833, 0.726614, -29.2468, 4.60881, -123.695, 2.74866, 64.2459, 0.0356442, 32.9932, 0.240989, -34.7193, 0.127149, 155.379
3304, 55.06667, 0.726833, -29.1907, 4.6012, -123.637, 2.74146, 64.3971, 0.0356403, 33.057, 0.240661, -34.6664, 0.126831, 155.55
3305, 55.07500, 0.727054, -29.1347, 4.5936, -123.579, 2.73428, 64.5491, 0.0356366, 33.1209, 0.240332, -34.6133, 0.126514, 155.721
3305, 55.08333, 0.727277, -29.0787, 4.58599, -123.521, 2.72711, 64.7021, 0.035633, 33.185, 0.240004, -34.5599, 0.126198, 155.894
3306, 55.09167, 0.727503, -29.0227, 4.57839, -123.462, 2.71996, 64.8561, 0.0356295, 33.2493, 0.239675, -34.5063, 0.125883, 156.068
3306, 55.10000, 0.727731, -28.9667, 4.57079, -123.403, 2.71282, 65.011, 0.0356261, 33.3136, 0.239346, -34.4524, 0.125569, 156.243
3307, 55.10833, 0.727962, -28.9108, 4.56319, -123.344, 2.70571, 65.1668, 0.0356229, 33.3781, 0.239018, -34.3983, 0.125255, 156.419
3307, 55.11667, 0.728195, -28.8549, 4.55559, -123.285, 2.6986, 65.3235, 0.0356198, 33.4427, 0.238689, -34.344, 0.124942, 156.596
3308, 55.12500, 0.728431, -28.7989, 4.548, -123.225, 2.69151, 65.4812, 0.0356169, 33.5075, 0.238359, -34.2894, 0.124631, 156.775
3308, 55.13333, 0.72867, -28.7431, 4.5404, -123.165, 2.68444, 65.6399, 0.035614, 33.5723, 0.23803, -34.2346, 0.12432, 156.954
3309, 55.14167, 0.728911, -28.6872, 4.53281, -123.105, 2.67739, 65.7996, 0.0356113, 33.6374, 0.237701, -34.1795, 0.12401, 157.134
3309, 55.15000, 0.729154, -28.6313, 4.52522, -123.045, 2.67035, 65.9602, 0.0356087, 33.7025, 0.237371, -34.1242, 0.1237, 157.316
3310, 55.15833, 0.7294, -28.5755, 4.51763, -122.984, 2.66334, 66.1218, 0.0356063, 33.7677, 0.237042, -34.0687, 0.123392, 157.499
3310, 55.16667, 0.729648, -28.5197, 4.51004, -122.923, 2.65633, 66.2843, 0.035604, 33.8331, 0.236712, -34.0129, 0.123085, 157.683
3311, 55.17500, 0.729899, -28.4639, 4.50246, -122.862, 2.64935, 66.4479, 0.0356018, 33.8987, 0.236383, -33.9568, 0.122779, 157.868
3311, 55.18333, 0.730152, -28.4082, 4.49487, -122.8, 2.64238, 66.6125, 0.0355997, 33.9643, 0.236053, -33.9005, 0.122473, 158.054
3312, 55.19167, 0.730408, -28.3524, 4.48729, -122.738, 2.63543, 66.778, 0.0355978, 34.0301, 0.235723, -33.8439, 0.122169, 158.242
3312, 55.20000, 0.730666, -28.2967, 4.47971, -122.676, 2.62851, 66.9446, 0.035596, 34.096, 0.235393, -33.7871, 0.121865, 158.43
3313, 55.20833, 0.730927, -28.241, 4.47213, -122.614, 2.62159, 67.1122, 0.0355943, 34.162, 0.235063, -33.73, 0.121563, 158.62
3313, 55.21667, 0.73119, -28.1854, 4.46455, -122.551, 2.6147, 67.2808, 0.0355928, 34.2281, 0.234732, -33.6727, 0.121262, 158.811
3314, 55.22500, 0.731456, -28.1297, 4.45698, -122.488, 2.60783, 67.4505, 0.0355914, 34.2944, 0.234402, -33.6151, 0.120961, 159.003
3314, 55.23333, 0.731725, -28.0741, 4.4494, -122.425, 2.60098, 67.6211, 0.0355901, 34.3608, 0.234071, -33.5573, 0.120662, 159.196
3315, 55.24167, 0.731995, -28.0186, 4.44183, -122.361, 2.59414, 67.7929, 0.035589, 34.4273, 0.233741, -33.4992, 0.120364, 159.391
3315, 55.25000, 0.732269, -27.963, 4.43427, -122.297, 2.58733, 67.9657, 0.035588, 34.4939, 0.23341, -33.4408, 0.120066, 159.586
3316, 55.25833, 0.732544, -27.9075, 4.4267, -122.233, 2.58053, 68.1395, 0.0355871, 34.5607, 0.23308, -33.3821, 0.11977, 159.783
3316, 55.26667, 0.732822, -27.852, 4.41913, -122.169, 2.57376, 68.3144, 0.0355863, 34.6275, 0.232749, -33.3232, 0.119475, 159.981
3317, 55.27500, 0.733103, -27.7965, 4.41157, -122.104, 2.567, 68.4903, 0.0355857, 34.6945, 0.232418, -33.2641, 0.119181, 160.181
3317, 55.28333, 0.733386, -27.7411, 4.40401, -122.039, 2.56027, 68.6674, 0.0355853, 34.7616, 0.232087, -33.2046, 0.118889, 160.381
3318, 55.29167, 0.733672, -27.6857, 4.39645, -121.974, 2.55355, 68.8455, 0.0355849, 34.8289, 0.231756, -33.1449, 0.118597, 160.583
3318, 55.30000, 0.73396, -27.6303, 4.3889, -121.908, 2.54686, 69.0247, 0.0355847, 34.8962, 0.231425, -33.0849, 0.118307, 160.786
3319, 55.30833, 0.734251, -27.5749, 4.38135, -121.842, 2.54019, 69.2049, 0.0355846, 34.9637, 0.231094, -33.0247, 0.118017, 160.991
3319, 55.31667, 0.734544, -27.5196, 4.3738, -121.776, 2.53354, 69.3863, 0.0355847, 35.0313, 0.230762, -32.9641, 0.117729, 161.196
3320, 55.32500, 0.73484, -27.4643, 4.36625, -121.71, 2.52692, 69.5688, 0.0355849, 35.0989, 0.230431, -32.9033, 0.117443, 161.403
3320, 55.33333, 0.735138, -27.4091, 4.3587, -121.643, 2.52031, 69.7524, 0.0355852, 35.1668, 0.2301, -32.8422, 0.117157, 161.611
3321, 55.34167, 0.735438, -27.3538, 4.35116, -121.576, 2.51373, 69.9371, 0.0355857, 35.2347, 0.229768, -32.7809, 0.116873, 161.821
3321, 55.35000, 0.735741, -27.2987, 4.34362, -121.508, 2.50717, 70.123, 0.0355863, 35.3027, 0.229437, -32.7192, 0.11659, 162.032
3322, 55.35833, 0.736047, -27.2435, 4.33608, -121.441, 2.50064, 70.31, 0.0355871, 35.3709, 0.229105, -32.6573, 0.116308, 162.244
3322, 55.36667, 0.736355, -27.1884, 4.32854, -121.372, 2.49412, 70.4981, 0.0355879, 35.4392, 0.228773, -32.5951, 0.116027, 162.457
3323, 55.37500, 0.736665, -27.1333, 4.32101, -121.304, 2.48763, 70.6873, 0.0355889, 35.5075, 0.228442, -32.5326, 0.115748, 162.672
3323, 55.38333, 0.736978, -27.0782, 4.31348, -121.235, 2.48117, 70.8777, 0.0355901, 35.576, 0.22811, -32.4698, 0.11547, 162.887
3324, 55.39167, 0.737294, -27.0232, 4.30596, -121.166, 2.47472, 71.0693, 0.0355914, 35.6446, 0.227778, -32.4067, 0.115194, 163.105
3324, 55.40000, 0.737612, -26.9682, 4.29843, -121.097, 2.46831, 71.262, 0.0355928, 35.7133, 0.227446, -32.3434, 0.114919, 163.323
3325, 55.40833, 0.737932, -26.9133, 4.29091, -121.027, 2.46191, 71.4559, 0.0355944, 35.7822, 0.227114, -32.2797, 0.114645, 163.543
3325, 55.41667, 0.738255, -26.8583, 4.28339, -120.957, 2.45555, 71.6509, 0.0355961, 35.8511, 0.226782, -32.2158, 0.114372, 163.764
3326, 55.42500, 0.73858, -26.8035, 4.27588, -120.887, 2.4492, 71.8472, 0.0355979, 35.9201, 0.22645, -32.1515, 0.114101, 163.987
3326, 55.43333, 0.738908, -26.7486, 4.26836, -120.816, 2.44289, 72.0446, 0.0355999, 35.9893, 0.226118, -32.087, 0.113832, 164.211
3327, 55.44167, 0.739238, -26.6938, 4.26086, -120.745, 2.43659, 72.2432, 0.035602, 36.0585, 0.225786, -32.0222, 0.113564, 164.436
3327, 55.45000, 0.739571, -26.6391, 4.25335, -120.674, 2.43033, 72.443, 0.0356043, 36.1279, 0.225453, -31.957, 0.113297, 164.663
3328, 55.45833, 0.739906, -26.5843, 4.24585, -120.602, 2.42409, 72.644, 0.0356066, 36.1974, 0.225121, -31.8916, 0.113032, 164.891
3328, 55.46667, 0.740244, -26.5296, 4.23835, -120.53, 2.41788, 72.8462, 0.0356092, 36.2669, 0.224789, -31.8258, 0.112769, 165.12
3329, 55.47500, 0.740584, -26.475, 4.23085, -120.458, 2.41169, 73.0496, 0.0356119, 36.3366, 0.224456, -31.7598, 0.112507, 165.351
3329, 55.48333, 0.740927, -26.4204, 4.22336, -120.385, 2.40553, 73.2542, 0.0356147, 36.4064, 0.224124, -31.6935, 0.112246, 165.583
3330, 55.49167, 0.741272, -26.3658, 4.21587, -120.312, 2.3994, 73.4601, 0.0356176, 36.4763, 0.223792, -31.6268, 0.111988, 165.816
3330, 55.50000, 0.741619, -26.3113, 4.20838, -120.239, 2.3933, 73.6672, 0.0356207, 36.5463, 0.223459, -31.5598, 0.11173, 166.051
3331, 55.50833, 0.741969, -26.2568, 4.2009, -120.165, 2.38722, 73.8755, 0.0356239, 36.6164, 0.223127, -31.4926, 0.111475, 166.287
3331, 55.51667, 0.742322, -26.2023, 4.19342, -120.091, 2.38118, 74.0851, 0.0356273, 36.6866, 0.222794, -31.425, 0.111221, 166.525
3332, 55.52500, 0.742677, -26.1479, 4.18594, -120.017, 2.37516, 74.2959, 0.0356308, 36.7569, 0.222462, -31.357, 0.110968, 166.764
3332, 55.53333, 0.743034, -26.0936, 4.17847, -119.942, 2.36917, 74.508, 0.0356345, 36.8273, 0.222129, -31.2888, 0.110718, 167.004
3333, 55.54167, 0.743394, -26.0392, 4.171, -119.867, 2.36321, 74.7213, 0.0356383, 36.8978, 0.221797, -31.2203, 0.110469, 167.246
3333, 55.55000, 0.743757, -25.9849, 4.16354, -119.792, 2.35728, 74.9359, 0.0356422, 36.9683, 0.221464, -31.1514, 0.110221, 167.489
3334, 55.55833, 0.744121, -25.9307, 4.15608, -119.716, 2.35138, 75.1517, 0.0356463, 37.039, 0.221132, -31.0822, 0.109976, 167.733
3334, 55.56667, 0.744489, -25.8765, 4.14862, -119.64, 2.34551, 75.3688, 0.0356506, 37.1098, 0.220799, -31.0127, 0.109732, 167.979
3335, 55.57500, 0.744859, -25.8224, 4.14117, -119.563, 2.33967, 75.5872, 0.0356549, 37.1807, 0.220466, -30.9429, 0.10949, 168.227
3335, 55.58333, 0.745231, -25.7683, 4.13372, -119.486, 2.33387, 75.8069, 0.0356594, 37.2517, 0.220134, -30.8727, 0.10925, 168.476
3336, 55.59167, 0.745605, -25.7142, 4.12628, -119.409, 2.32809, 76.0278, 0.0356641, 37.3228, 0.219801, -30.8022, 0.109011, 168.726
3336, 55.60000, 0.745983, -25.6602, 4.11883, -119.331, 2.32235, 76.2501, 0.0356689, 37.3939, 0.219469, -30.7314, 0.108775, 168.978
3337, 55.60833, 0.746362, -25.6062, 4.1114, -119.253, 2.31664, 76.4736, 0.0356738, 37.4652, 0.219136, -30.6603, 0.10854, 169.231
3337, 55.61667, 0.746744, -25.5523, 4.10396, -119.175, 2.31096, 76.6984, 0.0356789, 37.5365, 0.218803, -30.5888, 0.108307, 169.485
3338, 55.62500, 0.747129, -25.4984, 4.09654, -119.096, 2.30531, 76.9246, 0.0356842, 37.608, 0.218471, -30.517, 0.108076, 169.741
3338, 55.63333, 0.747516, -25.4445, 4.08911, -119.017, 2.2997, 77.152, 0.0356896, 37.6795, 0.218138, -30.4448, 0.107847, 169.998
3339, 55.64167, 0.747905, -25.3908, 4.08169, -118.938, 2.29412, 77.3808, 0.0356951, 37.7512, 0.217806, -30.3723, 0.10762, 170.257
3339, 55.65000, 0.748297, -25.337, 4.07428, -118.858, 2.28857, 77.6108, 0.0357007, 37.8229, 0.217473, -30.2994, 0.107395, 170.517
3340, 55.65833, 0.748691, -25.2833, 4.06687, -118.778, 2.28306, 77.8422, 0.0357066, 37.8947, 0.21714, -30.2263, 0.107172, 170.779
3340, 55.66667, 0.749088, -25.2297, 4.05946, -118.697, 2.27758, 78.0749, 0.0357125, 37.9666, 0.216808, -30.1527, 0.106951, 171.042
3341, 55.67500, 0.749487, -25.1761, 4.05206, -118.616, 2.27214, 78.3089, 0.0357186, 38.0386, 0.216475, -30.0788, 0.106732, 171.306
3341, 55.68333, 0.749889, -25.1225, 4.04466, -118.534, 2.26673, 78.5442, 0.0357249, 38.1107, 0.216143, -30.0046, 0.106515, 171.572
3342, 55.69167, 0.750293, -25.069, 4.03727, -118.453, 2.26136, 78.7809, 0.0357313, 38.1828, 0.21581, -29.93, 0.106301, 171.84
3342, 55.70000, 0.7507, -25.0156, 4.02989, -118.37, 2.25603, 79.0189, 0.0357378, 38.2551, 0.215478, -29.8551, 0.106088, 172.108
3343, 55.70833, 0.751109, -24.9622, 4.0225, -118.288, 2.25073, 79.2582, 0.0357445, 38.3274, 0.215146, -29.7798, 0.105877, 172.379
3343, 55.71667, 0.751521, -24.9088, 4.01513, -118.205, 2.24547, 79.4989, 0.0357514, 38.3999, 0.214813, -29.7041, 0.105669, 172.65
3344, 55.72500, 0.751935, -24.8555, 4.00775, -118.121, 2.24024, 79.7409, 0.0357584, 38.4724, 0.214481, -29.6281, 0.105462, 172.923
3344, 55.73333, 0.752351, -24.8022, 4.00039, -118.038, 2.23506, 79.9843, 0.0357655, 38.545, 0.214149, -29.5518, 0.105258, 173.198
3345, 55.74167, 0.75277, -24.749, 3.99302, -117.953, 2.22991, 80.229, 0.0357728, 38.6176, 0.213816, -29.475, 0.105056, 173.474
3345, 55.75000, 0.753191, -24.6959, 3.98567, -117.869, 2.2248, 80.475, 0.0357802, 38.6904, 0.213484, -29.3979, 0.104857, 173.751
3346, 55.75833, 0.753615, -24.6428, 3.97832, -117.784, 2.21972, 80.7224, 0.0357878, 38.7632, 0.213152, -29.3205, 0.104659, 174.03
3346, 55.76667, 0.754041, -24.5897, 3.97097, -117.698, 2.21469, 80.9711, 0.0357955, 38.8361, 0.21282, -29.2426, 0.104464, 174.31
3347, 55.77500, 0.75447, -24.5367, 3.96363, -117.613, 2.2097, 81.2212, 0.0358034, 38.9091, 0.212488, -29.1644, 0.104272, 174.591
3347, 55.78333, 0.754901, -24.4838, 3.95629, -117.526, 2.20474, 81.4726, 0.0358115, 38.9822, 0.212156, -29.0858, 0.104081, 174.874
3348, 55.79167, 0.755335, -24.4309, 3.94896, -117.44, 2.19983, 81.7254, 0.0358196, 39.0554, 0.211824, -29.0069, 0.103893, 175.159
3348, 55.80000, 0.755771, -24.3781, 3.94164, -117.353, 2.19496, 81.9796, 0.035828, 39.1286, 0.211492, -28.9275, 0.103708, 175.445
3349, 55.80833, 0.756209, -24.3253, 3.93432, -117.265, 2.19013, 82.2351, 0.0358364, 39.2019, 0.211161, -28.8478, 0.103524, 175.732
3349, 55.81667, 0.75665, -24.2725, 3.92701, -117.177, 2.18534, 82.4919, 0.0358451, 39.2753, 0.210829, -28.7677, 0.103344, 176.02
3350, 55.82500, 0.757094, -24.2199, 3.9197, -117.089, 2.18059, 82.7501, 0.0358539, 39.3488, 0.210497, -28.6872, 0.103165, 176.31
3350, 55.83333, 0.757539, -24.1672, 3.9124, -117, 2.17588, 83.0097, 0.0358628, 39.4223, 0.210166, -28.6064, 0.102989, 176.602
3351, 55.84167, 0.757988, -24.1147, 3.90511, -116.911, 2.17122, 83.2706, 0.0358719, 39.4959, 0.209834, -28.5251, 0.102816, 176.894
3351, 55.85000, 0.758438, -24.0622, 3.89782, -116.821, 2.1666, 83.5328, 0.0358811, 39.5696, 0.209503, -28.4435, 0.102645, 177.188
3352, 55.85833, 0.758892, -24.0097, 3.89054, -116.731, 2.16203, 83.7964, 0.0358905, 39.6434, 0.209172, -28.3614, 0.102477, 177.484
3352, 55.86667, 0.759347, -23.9573, 3.88326, -116.64, 2.15749, 84.0614, 0.0359001, 39.7172, 0.208841, -28.279, 0.102311, 177.781
3353, 55.87500, 0.759805, -23.9049, 3.87599, -116.549, 2.153, 84.3277, 0.0359098, 39.7911, 0.20851, -28.1961, 0.102148, 178.079
3353, 55.88333, 0.760266, -23.8527, 3.86873, -116.458, 2.14856, 84.5953, 0.0359196, 39.8651, 0.208179, -28.1129, 0.101988, 178.378
3354, 55.89167, 0.760729, -23.8004, 3.86147, -116.366, 2.14416, 84.8643, 0.0359296, 39.9391, 0.207848, -28.0293, 0.10183, 178.679
3354, 55.90000, 0.761194, -23.7482, 3.85422, -116.274, 2.13981, 85.1347, 0.0359398, 40.0132, 0.207517, -27.9452, 0.101675, 178.981
3355, 55.90833, 0.761662, -23.6961, 3.84698, -116.181, 2.1355, 85.4063, 0.0359501, 40.0874, 0.207187, -27.8608, 0.101522, 179.285
3355, 55.91667, 0.762132, -23.6441, 3.83974, -116.088, 2.13124, 85.6793, 0.0359605, 40.1616, 0.206856, -27.7759, 0.101373, 179.589
3356, 55.92500, 0.762605, -23.592, 3.83251, -115.994, 2.12703, 85.9537, 0.0359712, 40.2359, 0.206526, -27.6907, 0.101226, 179.896
3356, 55.93333, 0.76308, -23.5401, 3.82529, -115.9, 2.12286, 86.2293, 0.0359819, 40.3103, 0.206195, -27.605, 0.101082, -179.797
3357, 55.94167, 0.763558, -23.4882, 3.81807, -115.805, 2.11875, 86.5064, 0.0359929, 40.3848, 0.205865, -27.5189, 0.10094, -179.488
3357, 55.95000, 0.764038, -23.4364, 3.81086, -115.71, 2.11468, 86.7847, 0.0360039, 40.4593, 0.205535, -27.4324, 0.100802, -179.179
3358, 55.95833, 0.76452, -23.3846, 3.80366, -115.614, 2.11065, 87.0643, 0.0360152, 40.5338, 0.205206, -27.3454, 0.100666, -178.867
3358, 55.96667, 0.765005, -23.3329, 3.79647, -115.518, 2.10668, 87.3453, 0.0360266, 40.6085, 0.204876, -27.2581, 0.100533, -178.555
3359, 55.97500, 0.765493, -23.2812, 3.78928, -115.422, 2.10276, 87.6275, 0.0360381, 40.6832, 0.204546, -27.1703, 0.100403, -178.241
3359, 55.98333, 0.765982, -23.2296, 3.7821, -115.325, 2.09888, 87.9111, 0.0360498, 40.7579, 0.204217, -27.0821, 0.100276, -177.926
3360, 55.99167, 0.766475, -23.1781, 3.77493, -115.227, 2.09506, 88.196, 0.0360617, 40.8328, 0.203888, -26.9935, 0.100152, -177.61
3360, 56.00000, 0.766969, -23.1266, 3.76776, -115.13, 2.09129, 88.4822, 0.0360737, 40.9076, 0.203558, -26.9044, 0.100031, -177.293
3361, 56.00833, 0.767467, -23.0752, 3.76061, -115.031, 2.08757, 88.7696, 0.0360859, 40.9826, 0.203229, -26.8149, 0.0999129, -176.974
3361, 56.01667, 0.767966, -23.0238, 3.75346, -114.932, 2.08389, 89.0584, 0.0360982, 41.0576, 0.202901, -26.7249, 0.0997977, -176.655
3362, 56.02500, 0.768468, -22.9726, 3.74632, -114.833, 2.08028, 89.3484, 0.0361107, 41.1326, 0.202572, -26.6346, 0.0996857, -176.334
3362, 56.03333, 0.768973, -22.9213, 3.73918, -114.733, 2.07671, 89.6396, 0.0361234, 41.2078, 0.202244, -26.5437, 0.0995766, -176.012
3363, 56.04167, 0.76948, -22.8701, 3.73206, -114.632, 2.0732, 89.9322, 0.0361362, 41.2829, 0.201915, -26.4525, 0.0994707, -175.689
3363, 56.05000, 0.769989, -22.819, 3.72494, -114.532, 2.06974, 90.2259, 0.0361491, 41.3581, 0.201587, -26.3608, 0.0993678, -175.365
3364, 56.05833, 0.770501, -22.768, 3.71783, -114.43, 2.06633, 90.521, 0.0361622, 41.4334, 0.201259, -26.2686, 0.0992681, -175.039
3364, 56.06667, 0.771015, -22.717, 3.71073, -114.328, 2.06298, 90.8173, 0.0361755, 41.5088, 0.200932, -26.176, 0.0991715, -174.713
3365, 56.07500, 0.771532, -22.6661, 3.70364, -114.226, 2.05968, 91.1147, 0.036189, 41.5841, 0.200604, -26.0829, 0.0990781, -174.386
3365, 56.08333, 0.772051, -22.6152, 3.69655, -114.123, 2.05643, 91.4134, 0.0362026, 41.6596, 0.200277, -25.9894, 0.0989879, -174.057
3366, 56.09167, 0.772572, -22.5644, 3.68948, -114.02, 2.05325, 91.7134, 0.0362163, 41.7351, 0.19995, -25.8954, 0.0989009, -173.728
3366, 56.10000, 0.773096, -22.5137, 3.68241, -113.916, 2.05011, 92.0145, 0.0362302, 41.8106, 0.199623, -25.801, 0.0988172, -173.397
3367, 56.10833, 0.773623, -22.463, 3.67536, -113.811, 2.04704, 92.3168, 0.0362443, 41.8862, 0.199296, -25.7061, 0.0987367, -173.065
3367, 56.11667, 0.774152, -22.4124, 3.66831, -113.706, 2.04402, 92.6203, 0.0362585, 41.9619, 0.19897, -25.6107, 0.0986595, -172.733
3368, 56.12500, 0.774683, -22.3619, 3.66127, -113.601, 2.04105, 92.9249, 0.0362729, 42.0376, 0.198644, -25.5149, 0.0985855, -172.399
3368, 56.13333, 0.775217, -22.3114, 3.65424, -113.495, 2.03815, 93.2308, 0.0362875, 42.1133, 0.198318, -25.4186, 0.098515, -172.065
3369, 56.14167, 0.775753, -22.261, 3.64722, -113.388, 2.0353, 93.5377, 0.0363022, 42.1891, 0.197992, -25.3218, 0.0984477, -171.73
3369, 56.15000, 0.776291, -22.2106, 3.64021, -113.281, 2.03251, 93.8458, 0.0363171, 42.2649, 0.197666, -25.2245, 0.0983838, -171.394
3370, 56.15833, 0.776832, -22.1603, 3.63321, -113.174, 2.02978, 94.155, 0.0363322, 42.3408, 0.197341, -25.1268, 0.0983233, -171.056
3370, 56.16667, 0.777376, -22.1101, 3.62621, -113.065, 2.02711, 94.4654, 0.0363474, 42.4167, 0.197016, -25.0285, 0.0982663, -170.718
3371, 56.17500, 0.777922, -22.0599, 3.61923, -112.957, 2.02449, 94.7768, 0.0363627, 42.4927, 0.196691, -24.9298, 0.0982126, -170.38
3371, 56.18333, 0.77847, -22.0099, 3.61226, -112.848, 2.02194, 95.0893, 0.0363783, 42.5687, 0.196367, -24.8306, 0.0981624, -170.04
3372, 56.19167, 0.779021, -21.9598, 3.60529, -112.738, 2.01945, 95.4029, 0.036394, 42.6447, 0.196042, -24.7309, 0.0981156, -169.7
3372, 56.20000, 0.779574, -21.9099, 3.59834, -112.627, 2.01702, 95.7175, 0.0364098, 42.7208, 0.195718, -24.6307, 0.0980724, -169.358
3373, 56.20833, 0.78013, -21.86, 3.5914, -112.517, 2.01464, 96.0331, 0.0364258, 42.797, 0.195395, -24.5301, 0.0980326, -169.016
3373, 56.21667, 0.780688, -21.8101, 3.58447, -112.405, 2.01233, 96.3498, 0.036442, 42.8732, 0.195071, -24.4289, 0.0979964, -168.674
3374, 56.22500, 0.781248, -21.7604, 3.57755, -112.293, 2.01008, 96.6675, 0.0364584, 42.9494, 0.194748, -24.3272, 0.0979637, -168.33
3374, 56.23333, 0.781811, -21.7107, 3.57063, -112.181, 2.0079, 96.9862, 0.0364749, 43.0256, 0.194425, -24.225, 0.0979346, -167.986
3375, 56.24167, 0.782377, -21.6611, 3.56373, -112.067, 2.00577, 97.3059, 0.0364915, 43.1019, 0.194103, -24.1223, 0.097909, -167.642
3375, 56.25000, 0.782945, -21.6115, 3.55684, -111.954, 2.00371, 97.6265, 0.0365084, 43.1783, 0.19378, -24.0191, 0.097887, -167.296
3376, 56.25833, 0.783515, -21.562, 3.54997, -111.84, 2.00171, 97.9481, 0.0365254, 43.2546, 0.193458, -23.9154, 0.0978687, -166.95
3376, 56.26667, 0.784088, -21.5126, 3.5431, -111.725, 1.99978, 98.2707, 0.0365426, 43.331, 0.193137, -23.8112, 0.097854, -166.604
3377, 56.27500, 0.784663, -21.4632, 3.53624, -111.609, 1.99791, 98.5941, 0.0365599, 43.4075, 0.192815, -23.7065, 0.0978429, -166.257
3377, 56.28333, 0.785241, -21.4139, 3.52939, -111.493, 1.9961, 98.9184, 0.0365774, 43.4839, 0.192494, -23.6012, 0.0978355, -165.909
3378, 56.29167, 0.785821, -21.3647, 3.52256, -111.377, 1.99436, 99.2436, 0.0365951, 43.5604, 0.192174, -23.4954, 0.0978318, -165.561
3378, 56.30000, 0.786403, -21.3156, 3.51574, -111.26, 1.99269, 99.5697, 0.0366129, 43.637, 0.191853, -23.3891, 0.0978317, -165.212
3379, 56.30833, 0.786988, -21.2665, 3.50893, -111.142, 1.99107, 99.8965, 0.0366309, 43.7135, 0.191533, -23.2823, 0.0978354, -164.863
3379, 56.31667, 0.787575, -21.2175, 3.50213, -111.024, 1.98953, 100.224, 0.0366491, 43.7902, 0.191214, -23.1749, 0.0978428, -164.513
3380, 56.32500, 0.788165, -21.1685, 3.49534, -110.905, 1.98805, 100.553, 0.0366674, 43.8668, 0.190895, -23.067, 0.0978539, -164.163
3380, 56.33333, 0.788757, -21.1196, 3.48856, -110.785, 1.98664, 100.882, 0.0366859, 43.9434, 0.190576, -22.9586, 0.0978688, -163.813
3381, 56.34167, 0.789352, -21.0708, 3.4818, -110.665, 1.98529, 101.212, 0.0367046, 44.0201, 0.190257, -22.8496, 0.0978875, -163.462
3381, 56.35000, 0.789949, -21.0221, 3.47505, -110.544, 1.98401, 101.543, 0.0367234, 44.0969, 0.189939, -22.7401, 0.0979099, -163.111
3382, 56.35833, 0.790549, -20.9734, 3.46831, -110.423, 1.9828, 101.875, 0.0367424, 44.1736, 0.189621, -22.63, 0.0979361, -162.76
3382, 56.36667, 0.791151, -20.9248, 3.46158, -110.301, 1.98165, 102.207, 0.0367616, 44.2504, 0.189304, -22.5194, 0.0979661, -162.408
3383, 56.37500, 0.791755, -20.8763, 3.45487, -110.179, 1.98058, 102.54, 0.0367809, 44.3272, 0.188987, -22.4083, 0.098, -162.056
3383, 56.38333, 0.792362, -20.8278, 3.44817, -110.056, 1.97957, 102.873, 0.0368004, 44.404, 0.18867, -22.2965, 0.0980377, -161.704
3384, 56.39167, 0.792971, -20.7794, 3.44148, -109.932, 1.97863, 103.208, 0.0368201, 44.4808, 0.188354, -22.1843, 0.0980792, -161.352
3384, 56.40000, 0.793583, -20.7311, 3.43481, -109.807, 1.97776, 103.542, 0.0368399, 44.5577, 0.188038, -22.0714, 0.0981246, -161
3385, 56.40833, 0.794197, -20.6829, 3.42815, -109.682, 1.97696, 103.878, 0.0368599, 44.6346, 0.187723, -21.958, 0.0981738, -160.647
3385, 56.41667, 0.794814, -20.6347, 3.4215, -109.557, 1.97622, 104.214, 0.0368801, 44.7115, 0.187408, -21.8441, 0.0982269, -160.294
3386, 56.42500, 0.795433, -20.5866, 3.41486, -109.43, 1.97556, 104.55, 0.0369005, 44.7885, 0.187093, -21.7295, 0.0982839, -159.941
3386, 56.43333, 0.796055, -20.5385, 3.40824, -109.304, 1.97497, 104.888, 0.036921, 44.8654, 0.186779, -21.6144, 0.0983448, -159.589
3387, 56.44167, 0.796679, -20.4906, 3.40164, -109.176, 1.97445, 105.225, 0.0369417, 44.9424, 0.186465, -21.4987, 0.0984095, -159.236
3387, 56.45000, 0.797305, -20.4427, 3.39504, -109.048, 1.97399, 105.563, 0.0369626, 45.0194, 0.186152, -21.3825, 0.0984782, -158.883
3388, 56.45833, 0.797934, -20.3949, 3.38846, -108.919, 1.97361, 105.902, 0.0369836, 45.0964, 0.185839, -21.2657, 0.0985508, -158.53
3388, 56.46667, 0.798565, -20.3471, 3.3819, -108.789, 1.9733, 106.241, 0.0370048, 45.1735, 0.185527, -21.1482, 0.0986274, -158.177
3389, 56.47500, 0.799199, -20.2994, 3.37535, -108.659, 1.97306, 106.58, 0.0370262, 45.2505, 0.185215, -21.0302, 0.0987079, -157.824
3389, 56.48333, 0.799835, -20.2518, 3.36881, -108.529, 1.97289, 106.92, 0.0370478, 45.3276, 0.184904, -20.9116, 0.0987923, -157.472
3390, 56.49167, 0.800474, -20.2043, 3.36229, -108.397, 1.9728, 107.26, 0.0370695, 45.4046, 0.184593, -20.7924, 0.0988806, -157.119
3390, 56.50000, 0.801115, -20.1568, 3.35579, -108.265, 1.97277, 107.601, 0.0370914, 45.4817, 0.184283, -20.6727, 0.0989729, -156.767
3391, 56.50833, 0.801758, -20.1094, 3.3493, -108.132, 1.97282, 107.941, 0.0371135, 45.5588, 0.183973, -20.5523, 0.0990692, -156.415
3391, 56.51667, 0.802404, -20.0621, 3.34282, -107.999, 1.97294, 108.282, 0.0371357, 45.636, 0.183664, -20.4313, 0.0991695, -156.063
3392, 56.52500, 0.803053, -20.0149, 3.33636, -107.865, 1.97313, 108.624, 0.0371581, 45.7131, 0.183355, -20.3097, 0.0992737, -155.711
3392, 56.53333, 0.803703, -19.9677, 3.32992, -107.73, 1.9734, 108.965, 0.0371807, 45.7902, 0.183046, -20.1875, 0.0993818, -155.36
3393, 56.54167, 0.804357, -19.9206, 3.32349, -107.595, 1.97374, 109.307, 0.0372035, 45.8674, 0.182739, -20.0647, 0.099494, -155.008
3393, 56.55000, 0.805013, -19.8736, 3.31707, -107.459, 1.97415, 109.649, 0.0372264, 45.9446, 0.182431, -19.9413, 0.0996101, -154.658
3394, 56.55833, 0.805671, -19.8266, 3.31068, -107.322, 1.97463, 109.991, 0.0372495, 46.0217, 0.182125, -19.8173, 0.0997302, -154.307
3394, 56.56667, 0.806331, -19.7797, 3.30429, -107.184, 1.97519, 110.334, 0.0372728, 46.0989, 0.181819, -19.6926, 0.0998544, -153.957
3395, 56.57500, 0.806994, -19.7329, 3.29793, -107.046, 1.97582, 110.676, 0.0372963, 46.1761, 0.181513, -19.5673, 0.0999825, -153.607
3395, 56.58333, 0.80766, -19.6862, 3.29158, -106.907, 1.97652, 111.019, 0.0373199, 46.2533, 0.181208, -19.4414, 0.100115, -153.258
3396, 56.59167, 0.808328, -19.6395, 3.28525, -106.768, 1.9773, 111.361, 0.0373437, 46.3305, 0.180904, -19.3149, 0.100251, -152.909
3396, 56.60000, 0.808998, -19.593, 3.27893, -106.628, 1.97815, 111.704, 0.0373677, 46.4077, 0.1806, -19.1878, 0.100391, -152.561
3397, 56.60833, 0.809671, -19.5464, 3.27264, -106.487, 1.97908, 112.046, 0.0373919, 46.485, 0.180297, -19.06, 0.100535, -152.213
3397, 56.61667, 0.810347, -19.5, 3.26636, -106.345, 1.98008, 112.389, 0.0374162, 46.5622, 0.179994, -18.9315, 0.100683, -151.866
3398, 56.62500, 0.811024, -19.4536, 3.26009, -106.203, 1.98115, 112.732, 0.0374407, 46.6394, 0.179692, -18.8025, 0.100835, -151.519
3398, 56.63333, 0.811705, -19.4074, 3.25385, -106.06, 1.9823, 113.074, 0.0374654, 46.7166, 0.179391, -18.6728, 0.100991, -151.173
3399, 56.64167, 0.812387, -19.3611, 3.24762, -105.916, 1.98353, 113.417, 0.0374903, 46.7938, 0.17909, -18.5424, 0.101151, -150.828
3399, 56.65000, 0.813073, -19.315, 3.24141, -105.771, 1.98482, 113.759, 0.0375153, 46.8711, 0.17879, -18.4114, 0.101315, -150.483
3400, 56.65833, 0.81376, -19.2689, 3.23522, -105.626, 1.9862, 114.101, 0.0375405, 46.9483, 0.17849, -18.2797, 0.101483, -150.139
3400, 56.66667, 0.81445, -19.223, 3.22904, -105.48, 1.98764, 114.443, 0.0375659, 47.0255, 0.178192, -18.1474, 0.101655, -149.795
3401, 56.67500, 0.815143, -19.177, 3.22289, -105.334, 1.98916, 114.785, 0.0375915, 47.1028, 0.177894, -18.0144, 0.101831, -149.452
3401, 56.68333, 0.815838, -19.1312, 3.21675, -105.186, 1.99076, 115.127, 0.0376173, 47.18, 0.177596, -17.8808, 0.102011, -149.11
3402, 56.69167, 0.816535, -19.0854, 3.21063, -105.038, 1.99243, 115.468, 0.0376432, 47.2572, 0.177299, -17.7465, 0.102195, -148.769
3402, 56.70000, 0.817235, -19.0397, 3.20453, -104.889, 1.99418, 115.809, 0.0376693, 47.3344, 0.177003, -17.6115, 0.102383, -148.428
3403, 56.70833, 0.817937, -18.9941, 3.19845, -104.74, 1.996, 116.15, 0.0376956, 47.4116, 0.176708, -17.4759, 0.102575, -148.088
3403, 56.71667, 0.818642, -18.9486, 3.19239, -104.59, 1.99789, 116.49, 0.0377221, 47.4889, 0.176413, -17.3396, 0.102771, -147.749
3404, 56.72500, 0.819349, -18.9031, 3.18635, -104.439, 1.99986, 116.831, 0.0377487, 47.5661, 0.176119, -17.2026, 0.102971, -147.411
3404, 56.73333, 0.820059, -18.8578, 3.18033, -104.287, 2.00191, 117.17, 0.0377756, 47.6432, 0.175826, -17.0649, 0.103175, -147.074
3405, 56.74167, 0.820771, -18.8124, 3.17433, -104.134, 2.00403, 117.51, 0.0378026, 47.7204, 0.175534, -16.9266, 0.103382, -146.737
3405, 56.75000, 0.821486, -18.7672, 3.16835, -103.981, 2.00622, 117.849, 0.0378298, 47.7976, 0.175242, -16.7875, 0.103594, -146.402
3406, 56.75833, 0.822203, -18.7221, 3.16239, -103.827, 2.00849, 118.188, 0.0378571, 47.8748, 0.174951, -16.6478, 0.10381, -146.067
3406, 56.76667, 0.822923, -18.677, 3.15645, -103.672, 2.01083, 118.526, 0.0378847, 47.952, 0.174661, -16.5074, 0.104029, -145.734
3407, 56.77500, 0.823645, -18.632, 3.15053, -103.517, 2.01325, 118.863, 0.0379124, 48.0291, 0.174371, -16.3663, 0.104253, -145.401
3407, 56.78333, 0.824369, -18.587, 3.14463, -103.36, 2.01575, 119.2, 0.0379403, 48.1063, 0.174083, -16.2245, 0.10448, -145.069
3408, 56.79167, 0.825096, -18.5422, 3.13876, -103.203, 2.01832, 119.537, 0.0379684, 48.1834, 0.173795, -16.082, 0.104712, -144.738
3408, 56.80000, 0.825826, -18.4974, 3.1329, -103.046, 2.02096, 119.873, 0.0379967, 48.2605, 0.173508, -15.9388, 0.104947, -144.409
3409, 56.80833, 0.826558, -18.4527, 3.12707, -102.887, 2.02368, 120.209, 0.0380252, 48.3376, 0.173222, -15.7948, 0.105186, -144.08
3409, 56.81667, 0.827292, -18.4081, 3.12126, -102.728, 2.02647, 120.544, 0.0380538, 48.4147, 0.172936, -15.6502, 0.105429, -143.753
3410, 56.82500, 0.828029, -18.3635, 3.11547, -102.567, 2.02934, 120.878, 0.0380826, 48.4918, 0.172652, -15.5049, 0.105676, -143.426
3410, 56.83333, 0.828768, -18.3191, 3.1097, -102.407, 2.03228, 121.212, 0.0381116, 48.5689, 0.172368, -15.3588, 0.105927, -143.101
3411, 56.84167, 0.82951, -18.2747, 3.10395, -102.245, 2.03529, 121.545, 0.0381408, 48.6459, 0.172085, -15.2121, 0.106182, -142.776
3411, 56.85000, 0.830254, -18.2303, 3.09823, -102.082, 2.03838, 121.877, 0.0381702, 48.723, 0.171803, -15.0646, 0.10644, -142.453
3412, 56.85833, 0.831001, -18.1861, 3.09253, -101.919, 2.04155, 122.208, 0.0381998, 48.8, 0.171522, -14.9164, 0.106703, -142.131
3412, 56.86667, 0.83175, -18.1419, 3.08685, -101.755, 2.04479, 122.539, 0.0382295, 48.877, 0.171242, -14.7674, 0.106969, -141.81
3413, 56.87500, 0.832502, -18.0979, 3.0812, -101.59, 2.0481, 122.869, 0.0382594, 48.954, 0.170963, -14.6178, 0.107239, -141.49
3413, 56.88333, 0.833256, -18.0539, 3.07557, -101.425, 2.05148, 123.199, 0.0382895, 49.0309, 0.170684, -14.4674, 0.107513, -141.171
3414, 56.89167, 0.834013, -18.0099, 3.06996, -101.258, 2.05494, 123.527, 0.0383198, 49.1079, 0.170407, -14.3163, 0.107791, -140.854
3414, 56.90000, 0.834772, -17.9661, 3.06438, -101.091, 2.05848, 123.855, 0.0383503, 49.1848, 0.17013, -14.1644, 0.108072, -140.538
3415, 56.90833, 0.835534, -17.9223, 3.05883, -100.923, 2.06208, 124.182, 0.038381, 49.2617, 0.169855, -14.0118, 0.108357, -140.223
3415, 56.91667, 0.836298, -17.8786, 3.05329, -100.754, 2.06576, 124.508, 0.0384118, 49.3386, 0.16958, -13.8584, 0.108646, -139.909
3416, 56.92500, 0.837064, -17.835, 3.04778, -100.585, 2.06951, 124.833, 0.0384429, 49.4155, 0.169306, -13.7044, 0.108939, -139.597
3416, 56.93333, 0.837834, -17.7914, 3.0423, -100.414, 2.07334, 125.158, 0.0384741, 49.4923, 0.169034, -13.5495, 0.109236, -139.285
3417, 56.94167, 0.838605, -17.7479, 3.03684, -100.243, 2.07724, 125.481, 0.0385055, 49.5691, 0.168762, -13.3939, 0.109536, -138.975
3417, 56.95000, 0.839379, -17.7046, 3.03141, -100.071, 2.08121, 125.804, 0.0385371, 49.6459, 0.168491, -13.2376, 0.10984, -138.667
3418, 56.95833, 0.840156, -17.6613, 3.026, -99.8982, 2.08525, 126.125, 0.0385689, 49.7227, 0.168222, -13.0805, 0.110148, -138.359
3418, 56.96667, 0.840935, -17.618, 3.02062, -99.7245, 2.08937, 126.446, 0.0386008, 49.7994, 0.167953, -12.9226, 0.11046, -138.053
3419, 56.97500, 0.841716, -17.5749, 3.01526, -99.5501, 2.09355, 126.766, 0.038633, 49.8761, 0.167686, -12.764, 0.110775, -137.748
3419, 56.98333, 0.8425, -17.5318, 3.00993, -99.3748, 2.09781, 127.084, 0.0386653, 49.9528, 0.167419, -12.6047, 0.111094, -137.445
3420, 56.99167, 0.843287, -17.4888, 3.00463, -99.1987, 2.10215, 127.402, 0.0386978, 50.0294, 0.167154, -12.4445, 0.111416, -137.143
3420, 57.00000, 0.844076, -17.4459, 2.99935, -99.0218, 2.10655, 127.719, 0.0387306, 50.1061, 0.166889, -12.2836, 0.111743, -136.842
3421, 57.00833, 0.844867, -17.403, 2.99411, -98.8441, 2.11102, 128.035, 0.0387635, 50.1827, 0.166626, -12.1219, 0.112072, -136.542
3421, 57.01667, 0.845661, -17.3603, 2.98888, -98.6655, 2.11557, 128.349, 0.0387966, 50.2592, 0.166364, -11.9595, 0.112406, -136.244
3422, 57.02500, 0.846458, -17.3176, 2.98369, -98.4861, 2.12018, 128.663, 0.0388298, 50.3358, 0.166103, -11.7963, 0.112743, -135.948
3422, 57.03333, 0.847257, -17.275, 2.97852, -98.3059, 2.12487, 128.975, 0.0388633, 50.4123, 0.165843, -11.6323, 0.113084, -135.652
3423, 57.04167, 0.848059, -17.2324, 2.97338, -98.1248, 2.12963, 129.287, 0.038897, 50.4888, 0.165584, -11.4675, 0.113428, -135.358
3423, 57.05000, 0.848863, -17.19, 2.96827, -97.943, 2.13446, 129.597, 0.0389308, 50.5652, 0.165326, -11.3019, 0.113776, -135.066
3424, 57.05833, 0.849669, -17.1476, 2.96319, -97.7603, 2.13935, 129.906, 0.0389649, 50.6416, 0.16507, -11.1356, 0.114128, -134.774
3424, 57.06667, 0.850478, -17.1053, 2.95814, -97.5767, 2.14432, 130.214, 0.0389991, 50.718, 0.164814, -10.9684, 0.114483, -134.485
3425, 57.07500, 0.85129, -17.0631, 2.95312, -97.3924, 2.14936, 130.521, 0.0390335, 50.7943, 0.16456, -10.8005, 0.114841, -134.196
3425, 57.08333, 0.852104, -17.0209, 2.94812, -97.2072, 2.15447, 130.827, 0.0390681, 50.8706, 0.164307, -10.6318, 0.115203, -133.909
3426, 57.09167, 0.85292, -16.9789, 2.94316, -97.0211, 2.15964, 131.131, 0.0391029, 50.9469, 0.164055, -10.4623, 0.115569, -133.624
3426, 57.10000, 0.853739, -16.9369, 2.93822, -96.8342, 2.16489, 131.435, 0.0391379, 51.0232, 0.163805, -10.292, 0.115938, -133.339
3427, 57.10833, 0.854561, -16.895, 2.93332, -96.6465, 2.1702, 131.737, 0.0391731, 51.0993, 0.163556, -10.1209, 0.116311, -133.057
3427, 57.11667, 0.855385, -16.8532, 2.92844, -96.458, 2.17558, 132.038, 0.0392085, 51.1755, 0.163308, -9.94904, 0.116687, -132.775
3428, 57.12500, 0.856212, -16.8114, 2.9236, -96.2686, 2.18103, 132.338, 0.0392441, 51.2516, 0.163061, -9.77636, 0.117067, -132.495
3428, 57.13333, 0.857041, -16.7697, 2.91879, -96.0783, 2.18655, 132.636, 0.0392798, 51.3277, 0.162815, -9.60288, 0.11745, -132.217
3429, 57.14167, 0.857872, -16.7282, 2.914, -95.8872, 2.19214, 132.933, 0.0393158, 51.4038, 0.162571, -9.42858, 0.117836, -131.94
3429, 57.15000, 0.858707, -16.6866, 2.90925, -95.6953, 2.19779, 133.23, 0.0393519, 51.4798, 0.162328, -9.25349, 0.118226, -131.664
3430, 57.15833, 0.859543, -16.6452, 2.90454, -95.5026, 2.20351, 133.524, 0.0393883, 51.5557, 0.162087, -9.0776, 0.118619, -131.39
3430, 57.16667, 0.860383, -16.6039, 2.89985, -95.3089, 2.20929, 133.818, 0.0394248, 51.6317, 0.161847, -8.90088, 0.119016, -131.118
3431, 57.17500, 0.861224, -16.5626, 2.89519, -95.1145, 2.21515, 134.11, 0.0394615, 51.7075, 0.161608, -8.72336, 0.119416, -130.846
3431, 57.18333, 0.862069, -16.5214, 2.89057, -94.9192, 2.22107, 134.401, 0.0394984, 51.7834, 0.16137, -8.54504, 0.11982, -130.577
3432, 57.19167, 0.862916, -16.4803, 2.88598, -94.7231, 2.22705, 134.691, 0.0395356, 51.8592, 0.161134, -8.36589, 0.120226, -130.308
3432, 57.20000, 0.863765, -16.4392, 2.88143, -94.5261, 2.2331, 134.98, 0.0395729, 51.9349, 0.1609, -8.18594, 0.120637, -130.041
3433, 57.20833, 0.864617, -16.3983, 2.8769, -94.3283, 2.23922, 135.267, 0.0396104, 52.0106, 0.160666, -8.00518, 0.12105, -129.776
3433, 57.21667, 0.865471, -16.3574, 2.87241, -94.1296, 2.2454, 135.553, 0.0396481, 52.0863, 0.160434, -7.82358, 0.121467, -129.512
3434, 57.22500, 0.866328, -16.3166, 2.86796, -93.9301, 2.25165, 135.837, 0.039686, 52.1619, 0.160204, -7.64118, 0.121887, -129.249
3434, 57.23333, 0.867188, -16.2759, 2.86354, -93.7297, 2.25796, 136.12, 0.0397241, 52.2375, 0.159975, -7.45797, 0.12231, -128.988
3435, 57.24167, 0.86805, -16.2352, 2.85915, -93.5285, 2.26434, 136.402, 0.0397623, 52.313, 0.159748, -7.27391, 0.122737, -128.729
3435, 57.25000, 0.868914, -16.1946, 2.8548, -93.3264, 2.27078, 136.683, 0.0398008, 52.3885, 0.159522, -7.08905, 0.123167, -128.47
3436, 57.25833, 0.869781, -16.1542, 2.85048, -93.1236, 2.27729, 136.962, 0.0398395, 52.4639, 0.159297, -6.90338, 0.1236, -128.214
3436, 57.26667, 0.870651, -16.1137, 2.8462, -92.9198, 2.28385, 137.24, 0.0398784, 52.5393, 0.159074, -6.71686, 0.124036, -127.958
3437, 57.27500, 0.871523, -16.0734, 2.84195, -92.7152, 2.29049, 137.517, 0.0399174, 52.6146, 0.158852, -6.52953, 0.124476, -127.705
3437, 57.28333, 0.872398, -16.0332, 2.83774, -92.5098, 2.29718, 137.792, 0.0399567, 52.6899, 0.158633, -6.34139, 0.124918, -127.452
3438, 57.29167, 0.873276, -15.993, 2.83357, -92.3035, 2.30394, 138.066, 0.0399962, 52.7652, 0.158414, -6.15239, 0.125364, -127.201
3438, 57.30000, 0.874155, -15.9529, 2.82943, -92.0964, 2.31076, 138.339, 0.0400358, 52.8403, 0.158197, -5.9626, 0.125813, -126.952
3439, 57.30833, 0.875038, -15.9129, 2.82533, -91.8885, 2.31764, 138.61, 0.0400757, 52.9155, 0.157982, -5.77197, 0.126266, -126.704
3439, 57.31667, 0.875923, -15.8729, 2.82126, -91.6797, 2.32458, 138.88, 0.0401158, 52.9906, 0.157768, -5.5805, 0.126721, -126.457
3440, 57.32500, 0.87681, -15.8331, 2.81723, -91.4701, 2.33159, 139.148, 0.040156, 53.0656, 0.157556, -5.38823, 0.12718, -126.212
3440, 57.33333, 0.877701, -15.7933, 2.81324, -91.2597, 2.33865, 139.415, 0.0401965, 53.1405, 0.157346, -5.19513, 0.127641, -125.968
3441, 57.34167, 0.878593, -15.7536, 2.80929, -91.0484, 2.34578, 139.681, 0.0402371, 53.2155, 0.157137, -5.00117, 0.128106, -125.726
3441, 57.35000, 0.879489, -15.714, 2.80538, -90.8363, 2.35297, 139.945, 0.040278, 53.2903, 0.15693, -4.80642, 0.128574, -125.485
3442, 57.35833, 0.880386, -15.6745, 2.8015, -90.6233, 2.36022, 140.208, 0.040319, 53.3652, 0.156725, -4.61083, 0.129045, -125.246
3442, 57.36667, 0.881287, -15.635, 2.79767, -90.4096, 2.36753, 140.47, 0.0403603, 53.4399, 0.156521, -4.4144, 0.129519, -125.007
3443, 57.37500, 0.88219, -15.5956, 2.79387, -90.195, 2.3749, 140.73, 0.0404018, 53.5146, 0.156319, -4.21716, 0.129996, -124.771
3443, 57.38333, 0.883095, -15.5563, 2.79011, -89.9796, 2.38232, 140.989, 0.0404434, 53.5893, 0.156119, -4.0191, 0.130476, -124.536
3444, 57.39167, 0.884004, -15.5171, 2.78639, -89.7633, 2.38981, 141.247, 0.0404853, 53.6638, 0.15592, -3.82018, 0.130959, -124.302
3444, 57.40000, 0.884914, -15.4779, 2.78271, -89.5462, 2.39736, 141.503, 0.0405273, 53.7384, 0.155724, -3.62047, 0.131446, -124.069
3445, 57.40833, 0.885828, -15.4389, 2.77908, -89.3284, 2.40496, 141.758, 0.0405696, 53.8128, 0.155529, -3.41993, 0.131935, -123.838
3445, 57.41667, 0.886744, -15.3999, 2.77548, -89.1097, 2.41263, 142.011, 0.040612, 53.8873, 0.155336, -3.21853, 0.132427, -123.609
3446, 57.42500, 0.887662, -15.361, 2.77192, -88.8902, 2.42035, 142.263, 0.0406547, 53.9616, 0.155144, -3.01634, 0.132922, -123.381
3446, 57.43333, 0.888583, -15.3221, 2.7684, -88.6699, 2.42813, 142.514, 0.0406976, 54.0359, 0.154955, -2.81333, 0.13342, -123.154
3447, 57.44167, 0.889507, -15.2834, 2.76493, -88.4487, 2.43597, 142.763, 0.0407406, 54.1101, 0.154767, -2.60946, 0.133921, -122.928
3447, 57.45000, 0.890433, -15.2447, 2.7615, -88.2268, 2.44386, 143.011, 0.0407839, 54.1843, 0.154581, -2.4048, 0.134425, -122.704
3448, 57.45833, 0.891362, -15.2061, 2.75811, -88.0041, 2.45182, 143.257, 0.0408274, 54.2584, 0.154397, -2.19932, 0.134932, -122.482
3448, 57.46667, 0.892293, -15.1676, 2.75476, -87.7806, 2.45983, 143.503, 0.040871, 54.3325, 0.154215, -1.993, 0.135442, -122.26
3449, 57.47500, 0.893227, -15.1291, 2.75145, -87.5562, 2.46789, 143.746, 0.0409149, 54.4065, 0.154035, -1.78588, 0.135955, -122.041
3449, 57.48333, 0.894164, -15.0908, 2.74819, -87.3311, 2.47601, 143.989, 0.040959, 54.4804, 0.153857, -1.57794, 0.13647, -121.822
3450, 57.49167, 0.895103, -15.0525, 2.74497, -87.1052, 2.48419, 144.23, 0.0410033, 54.5543, 0.15368, -1.36917, 0.136989, -121.605
3450, 57.50000, 0.896045, -15.0143, 2.74179, -86.8786, 2.49242, 144.47, 0.0410478, 54.6281, 0.153506, -1.1596, 0.13751, -121.389
3451, 57.50833, 0.89699, -14.9762, 2.73866, -86.6511, 2.50071, 144.708, 0.0410925, 54.7018, 0.153334, -0.949225, 0.138034, -121.174
3451, 57.51667, 0.897937, -14.9381, 2.73557, -86.4229, 2.50906, 144.945, 0.0411374, 54.7755, 0.153163, -0.738013, 0.138561, -120.961
3452, 57.52500, 0.898887, -14.9002, 2.73253, -86.1939, 2.51745, 145.181, 0.0411825, 54.8491, 0.152995, -0.526016, 0.139091, -120.749
3452, 57.53333, 0.899839, -14.8623, 2.72953, -85.9641, 2.52591, 145.415, 0.0412278, 54.9226, 0.152829, -0.313214, 0.139624, -120.539
3453, 57.54167, 0.900794, -14.8245, 2.72657, -85.7336, 2.53441, 145.648, 0.0412733, 54.9961, 0.152665, -0.099581, 0.14016, -120.33
3453, 57.55000, 0.901752, -14.7867, 2.72366, -85.5023, 2.54298, 145.879, 0.041319, 55.0695, 0.152502, 0.114828, 0.140698, -120.122
3454, 57.55833, 0.902712, -14.7491, 2.7208, -85.2703, 2.55159, 146.11, 0.041365, 55.1428, 0.152342, 0.330037, 0.141239, -119.915
3454, 57.56667, 0.903675, -14.7115, 2.71798, -85.0375, 2.56026, 146.339, 0.0414111, 55.2161, 0.152184, 0.54607, 0.141783, -119.71
3455, 57.57500, 0.90464, -14.674, 2.71521, -84.8039, 2.56898, 146.566, 0.0414574, 55.2893, 0.152028, 0.762871, 0.14233, -119.506
3455, 57.58333, 0.905608, -14.6366, 2.71248, -84.5697, 2.57776, 146.792, 0.041504, 55.3625, 0.151874, 0.980464, 0.142879, -119.303
3456, 57.59167, 0.906579, -14.5993, 2.7098, -84.3347, 2.58658, 147.017, 0.0415507, 55.4355, 0.151723, 1.19887, 0.143431, -119.102
3456, 57.60000, 0.907553, -14.562, 2.70717, -84.0989, 2.59546, 147.241, 0.0415977, 55.5085, 0.151573, 1.41804, 0.143986, -118.902
3457, 57.60833, 0.908529, -14.5248, 2.70459, -83.8625, 2.6044, 147.463, 0.0416449, 55.5815, 0.151426, 1.63799, 0.144544, -118.703
3457, 57.61667, 0.909507, -14.4877, 2.70205, -83.6253, 2.61338, 147.684, 0.0416923, 55.6543, 0.151281, 1.85875, 0.145104, -118.505
3458, 57.62500, 0.910489, -14.4507, 2.69956, -83.3875, 2.62242, 147.904, 0.0417399, 55.7271, 0.151138, 2.08026, 0.145667, -118.309
3458, 57.63333, 0.911473, -14.4137, 2.69712, -83.1489, 2.6315, 148.122, 0.0417877, 55.7998, 0.150998, 2.30254, 0.146233, -118.114
3459, 57.64167, 0.912459, -14.3769, 2.69473, -82.9096, 2.64064, 148.339, 0.0418357, 55.8725, 0.150859, 2.52562, 0.146801, -117.92
3459, 57.65000, 0.913449, -14.3401, 2.69238, -82.6696, 2.64983, 148.555, 0.0418839, 55.945, 0.150723, 2.74944, 0.147372, -117.727
3460, 57.65833, 0.914441, -14.3034, 2.69009, -82.429, 2.65907, 148.769, 0.0419323, 56.0175, 0.150589, 2.97402, 0.147946, -117.536
3460, 57.66667, 0.915436, -14.2667, 2.68784, -82.1876, 2.66836, 148.982, 0.041981, 56.09, 0.150458, 3.19939, 0.148522, -117.346
3461, 57.67500, 0.916433, -14.2302, 2.68565, -81.9456, 2.6777, 149.194, 0.0420298, 56.1623, 0.150329, 3.42548, 0.149101, -117.157
3461, 57.68333, 0.917433, -14.1937, 2.6835, -81.703, 2.68709, 149.405, 0.0420789, 56.2346, 0.150202, 3.65233, 0.149683, -116.969
3462, 57.69167, 0.918436, -14.1573, 2.68141, -81.4596, 2.69654, 149.614, 0.0421281, 56.3068, 0.150077, 3.87994, 0.150267, -116.783
3462, 57.70000, 0.919441, -14.1209, 2.67936, -81.2157, 2.70602, 149.822, 0.0421776, 56.3789, 0.149955, 4.10827, 0.150854, -116.598
3463, 57.70833, 0.920449, -14.0847, 2.67737, -80.971, 2.71556, 150.029, 0.0422273, 56.451, 0.149836, 4.33734, 0.151444, -116.413
3463, 57.71667, 0.92146, -14.0485, 2.67543, -80.7258, 2.72515, 150.234, 0.0422772, 56.523, 0.149718, 4.56717, 0.152036, -116.23
3464, 57.72500, 0.922473, -14.0124, 2.67354, -80.4799, 2.73479, 150.438, 0.0423273, 56.5949, 0.149603, 4.7977, 0.152631, -116.049
3464, 57.73333, 0.923489, -13.9764, 2.6717, -80.2334, 2.74447, 150.641, 0.0423777, 56.6667, 0.149491, 5.02895, 0.153228, -115.868
3465, 57.74167, 0.924508, -13.9405, 2.66991, -79.9862, 2.75421, 150.843, 0.0424282, 56.7385, 0.149381, 5.26094, 0.153828, -115.689
3465, 57.75000, 0.925529, -13.9046, 2.66817, -79.7385, 2.76399, 151.043, 0.042479, 56.8101, 0.149274, 5.49362, 0.15443, -115.511
3466, 57.75833, 0.926554, -13.8688, 2.66649, -79.4902, 2.77382, 151.243, 0.0425299, 56.8817, 0.149169, 5.727, 0.155035, -115.333
3466, 57.76667, 0.927581, -13.8331, 2.66486, -79.2412, 2.7837, 151.441, 0.0425811, 56.9532, 0.149066, 5.96112, 0.155643, -115.158
3467, 57.77500, 0.92861, -13.7975, 2.66328, -78.9918, 2.79362, 151.637, 0.0426325, 57.0247, 0.148966, 6.1959, 0.156253, -114.983
3467, 57.78333, 0.929642, -13.762, 2.66176, -78.7417, 2.8036, 151.833, 0.0426841, 57.096, 0.148869, 6.43137, 0.156865, -114.809
3468, 57.79167, 0.930677, -13.7265, 2.66029, -78.491, 2.81362, 152.027, 0.042736, 57.1673, 0.148774, 6.66756, 0.157481, -114.637
3468, 57.80000, 0.931715, -13.6911, 2.65887, -78.2398, 2.82368, 152.22, 0.042788, 57.2385, 0.148682, 6.90439, 0.158098, -114.465
3469, 57.80833, 0.932756, -13.6558, 2.65751, -77.9881, 2.83379, 152.412, 0.0428403, 57.3096, 0.148592, 7.14189, 0.158718, -114.295
3469, 57.81667, 0.933799, -13.6205, 2.6562, -77.7358, 2.84395, 152.603, 0.0428928, 57.3807, 0.148505, 7.38009, 0.159341, -114.126
3470, 57.82500, 0.934845, -13.5854, 2.65494, -77.483, 2.85416, 152.793, 0.0429455, 57.4516, 0.148421, 7.61892, 0.159966, -113.957
3470, 57.83333, 0.935893, -13.5503, 2.65375, -77.2297, 2.86441, 152.981, 0.0429984, 57.5225, 0.148339, 7.8584, 0.160594, -113.79
3471, 57.84167, 0.936945, -13.5153, 2.6526, -76.9758, 2.87471, 153.168, 0.0430515, 57.5933, 0.14826, 8.09856, 0.161224, -113.624
3471, 57.85000, 0.937999, -13.4804, 2.65151, -76.7215, 2.88505, 153.354, 0.0431048, 57.664, 0.148184, 8.33932, 0.161856, -113.46
3472, 57.85833, 0.939056, -13.4455, 2.65048, -76.4667, 2.89543, 153.539, 0.0431584, 57.7346, 0.148111, 8.58072, 0.162491, -113.296
3472, 57.86667, 0.940115, -13.4107, 2.6495, -76.2113, 2.90587, 153.723, 0.0432122, 57.8052, 0.14804, 8.82277, 0.163129, -113.133
3473, 57.87500, 0.941178, -13.376, 2.64858, -75.9556, 2.91635, 153.906, 0.0432662, 57.8756, 0.147972, 9.06541, 0.163769, -112.971
3473, 57.88333, 0.942243, -13.3414, 2.64772, -75.6993, 2.92687, 154.087, 0.0433204, 57.946, 0.147906, 9.30865, 0.164411, -112.811
3474, 57.89167, 0.943311, -13.3068, 2.64691, -75.4426, 2.93743, 154.267, 0.0433748, 58.0163, 0.147844, 9.55253, 0.165056, -112.651
3474, 57.90000, 0.944381, -13.2724, 2.64616, -75.1855, 2.94805, 154.446, 0.0434295, 58.0865, 0.147784, 9.79698, 0.165703, -112.493
3475, 57.90833, 0.945455, -13.238, 2.64547, -74.9279, 2.9587, 154.624, 0.0434843, 58.1567, 0.147727, 10.042, 0.166352, -112.335
3475, 57.91667, 0.946531, -13.2037, 2.64483, -74.6699, 2.9694, 154.801, 0.0435394, 58.2267, 0.147673, 10.2877, 0.167004, -112.179
3476, 57.92500, 0.94761, -13.1694, 2.64425, -74.4115, 2.98014, 154.977, 0.0435947, 58.2967, 0.147621, 10.5338, 0.167659, -112.023
3476, 57.93333, 0.948691, -13.1353, 2.64373, -74.1528, 2.99093, 155.152, 0.0436503, 58.3665, 0.147573, 10.7806, 0.168316, -111.869
3477, 57.94167, 0.949776, -13.1012, 2.64327, -73.8935, 3.00176, 155.325, 0.043706, 58.4363, 0.147527, 11.0279, 0.168975, -111.715
3477, 57.95000, 0.950863, -13.0671, 2.64286, -73.634, 3.01264, 155.498, 0.043762, 58.506, 0.147485, 11.2758, 0.169636, -111.563
3478, 57.95833, 0.951953, -13.0332, 2.64252, -73.3741, 3.02355, 155.669, 0.0438182, 58.5756, 0.147445, 11.5241, 0.1703, -111.411
3478, 57.96667, 0.953046, -12.9993, 2.64223, -73.1138, 3.03451, 155.84, 0.0438746, 58.6451, 0.147408, 11.7731, 0.170967, -111.261
3479, 57.97500, 0.954141, -12.9656, 2.642, -72.8531, 3.04551, 156.009, 0.0439312, 58.7146, 0.147374, 12.0225, 0.171635, -111.111
3479, 57.98333, 0.95524, -12.9319, 2.64183, -72.5922, 3.05656, 156.177, 0.0439881, 58.7839, 0.147343, 12.2725, 0.172307, -110.963
3480, 57.99167, 0.956341, -12.8982, 2.64172, -72.3309, 3.06765, 156.344, 0.0440452, 58.8532, 0.147315, 12.5229, 0.17298, -110.815
3480, 58.00000, 0.957445, -12.8647, 2.64167, -72.0693, 3.07878, 156.51, 0.0441025, 58.9224, 0.14729, 12.7739, 0.173656, -110.668
3481, 58.00833, 0.958552, -12.8312, 2.64168, -71.8074, 3.08995, 156.675, 0.04416, 58.9914, 0.147268, 13.0253, 0.174334, -110.523
3481, 58.01667, 0.959662, -12.7978, 2.64175, -71.5452, 3.10116, 156.839, 0.0442178, 59.0604, 0.147249, 13.2772, 0.175014, -110.378
3482, 58.02500, 0.960774, -12.7644, 2.64188, -71.2828, 3.11242, 157.002, 0.0442758, 59.1293, 0.147234, 13.5296, 0.175697, -110.234
3482, 58.03333, 0.961889, -12.7312, 2.64206, -71.02, 3.12372, 157.164, 0.044334, 59.1982, 0.147221, 13.7824, 0.176382, -110.091
3483, 58.04167, 0.963007, -12.698, 2.64231, -70.757, 3.13505, 157.325, 0.0443924, 59.2669, 0.147211, 14.0357, 0.17707, -109.949
3483, 58.05000, 0.964128, -12.6649, 2.64262, -70.4938, 3.14643, 157.484, 0.044451, 59.3355, 0.147204, 14.2894, 0.17776, -109.808
3484, 58.05833, 0.965252, -12.6319, 2.643, -70.2304, 3.15786, 157.643, 0.0445099, 59.4041, 0.147201, 14.5435, 0.178452, -109.668
3484, 58.06667, 0.966379, -12.5989, 2.64343, -69.9667, 3.16932, 157.801, 0.044569, 59.4725, 0.1472, 14.7981, 0.179146, -109.529
3485, 58.07500, 0.967508, -12.566, 2.64392, -69.7029, 3.18082, 157.958, 0.0446283, 59.5409, 0.147203, 15.053, 0.179843, -109.39
3485, 58.08333, 0.96864, -12.5332, 2.64448, -69.4388, 3.19236, 158.114, 0.0446879, 59.6092, 0.147209, 15.3084, 0.180542, -109.253
3486, 58.09167, 0.969776, -12.5005, 2.6451, -69.1745, 3.20395, 158.268, 0.0447477, 59.6773, 0.147218, 15.5641, 0.181243, -109.116
3486, 58.10000, 0.970914, -12.4679, 2.64577, -68.9101, 3.21557, 158.422, 0.0448077, 59.7454, 0.14723, 15.8202, 0.181947, -108.981
3487, 58.10833, 0.972054, -12.4353, 2.64651, -68.6456, 3.22724, 158.575, 0.0448679, 59.8134, 0.147245, 16.0767, 0.182653, -108.846
3487, 58.11667, 0.973198, -12.4028, 2.64732, -68.3809, 3.23894, 158.727, 0.0449284, 59.8813, 0.147264, 16.3335, 0.183361, -108.712
3488, 58.12500, 0.974345, -12.3704, 2.64818, -68.116, 3.25069, 158.878, 0.0449891, 59.9491, 0.147285, 16.5907, 0.184071, -108.579
3488, 58.13333, 0.975494, -12.338, 2.64911, -67.8511, 3.26247, 159.028, 0.04505, 60.0168, 0.14731, 16.8482, 0.184784, -108.447
3489, 58.14167, 0.976647, -12.3057, 2.6501, -67.586, 3.2743, 159.177, 0.0451112, 60.0845, 0.147338, 17.106, 0.185499, -108.315
3489, 58.15000, 0.977802, -12.2735, 2.65115, -67.3209, 3.28616, 159.325, 0.0451726, 60.152, 0.14737, 17.3641, 0.186217, -108.185
3490, 58.15833, 0.97896, -12.2414, 2.65227, -67.0556, 3.29807, 159.472, 0.0452342, 60.2194, 0.147405, 17.6225, 0.186936, -108.055
3490, 58.16667, 0.980121, -12.2093, 2.65345, -66.7903, 3.31001, 159.618, 0.045296, 60.2868, 0.147443, 17.8813, 0.187658, -107.926
3491, 58.17500, 0.981285, -12.1773, 2.65469, -66.5249, 3.32199, 159.764, 0.0453581, 60.354, 0.147484, 18.1402, 0.188382, -107.798
3491, 58.18333, 0.982452, -12.1454, 2.65599, -66.2595, 3.33401, 159.908, 0.0454204, 60.4212, 0.147529, 18.3995, 0.189108, -107.671
3492, 58.19167, 0.983621, -12.1136, 2.65736, -65.9941, 3.34607, 160.051, 0.0454829, 60.4882, 0.147577, 18.659, 0.189837, -107.545
3492, 58.20000, 0.984794, -12.0818, 2.65879, -65.7286, 3.35817, 160.194, 0.0455457, 60.5552, 0.147628, 18.9188, 0.190568, -107.419
3493, 58.20833, 0.985969, -12.0502, 2.66029, -65.4632, 3.37031, 160.336, 0.0456087, 60.6221, 0.147683, 19.1787, 0.191301, -107.294
3493, 58.21667, 0.987148, -12.0185, 2.66185, -65.1977, 3.38249, 160.476, 0.0456719, 60.6888, 0.147741, 19.4389, 0.192036, -107.17
3494, 58.22500, 0.988329, -11.987, 2.66347, -64.9323, 3.3947, 160.616, 0.0457354, 60.7555, 0.147802, 19.6993, 0.192774, -107.047
3494, 58.23333, 0.989514, -11.9555, 2.66516, -64.6669, 3.40696, 160.755, 0.0457991, 60.8221, 0.147867, 19.9599, 0.193513, -106.925
3495, 58.24167, 0.990701, -11.9242, 2.66691, -64.4015, 3.41925, 160.893, 0.045863, 60.8886, 0.147935, 20.2207, 0.194255, -106.803
3495, 58.25000, 0.991891, -11.8928, 2.66873, -64.1362, 3.43158, 161.03, 0.0459272, 60.9549, 0.148007, 20.4817, 0.195, -106.682
3496, 58.25833, 0.993084, -11.8616, 2.67061, -63.871, 3.44395, 161.167, 0.0459916, 61.0212, 0.148082, 20.7428, 0.195746, -106.562
3496, 58.26667, 0.99428, -11.8304, 2.67255, -63.6058, 3.45636, 161.302, 0.0460562, 61.0874, 0.14816, 21.0041, 0.196495, -106.443
3497, 58.27500, 0.995479, -11.7993, 2.67456, -63.3408, 3.4688, 161.437, 0.0461211, 61.1535, 0.148242, 21.2655, 0.197246, -106.324
3497, 58.28333, 0.996681, -11.7683, 2.67663, -63.0758, 3.48128, 161.571, 0.0461862, 61.2195, 0.148327, 21.527, 0.197999, -106.207
3498, 58.29167, 0.997886, -11.7374, 2.67877, -62.811, 3.4938, 161.703, 0.0462515, 61.2854, 0.148416, 21.7886, 0.198754, -106.089
3498, 58.30000, 0.999094, -11.7065, 2.68097, -62.5463, 3.50636, 161.835, 0.0463171, 61.3512, 0.148508, 22.0503, 0.199512, -105.973
3499, 58.30833, 1.00031, -11.6757, 2.68324, -62.2817, 3.51895, 161.967, 0.0463829, 61.4169, 0.148604, 22.3122, 0.200271, -105.858
3499, 58.31667, 1.00152, -11.6449, 2.68557, -62.0173, 3.53159, 162.097, 0.046449, 61.4825, 0.148703, 22.5741, 0.201033, -105.743
3500, 58.32500, 1.00274, -11.6143, 2.68797, -61.7531, 3.54425, 162.227, 0.0465152, 61.548, 0.148806, 22.836, 0.201798, -105.629
3500, 58.33333, 1.00396, -11.5837, 2.69043, -61.4891, 3.55696, 162.355, 0.0465818, 61.6134, 0.148912, 23.098, 0.202564, -105.515
3501, 58.34167, 1.00518, -11.5532, 2.69296, -61.2252, 3.56971, 162.483, 0.0466485, 61.6787, 0.149022, 23.3601, 0.203332, -105.403
3501, 58.35000, 1.0064, -11.5228, 2.69555, -60.9616, 3.58249, 162.611, 0.0467155, 61.7439, 0.149136, 23.6222, 0.204103, -105.291
3502, 58.35833, 1.00763, -11.4924, 2.69821, -60.6981, 3.5953, 162.737, 0.0467828, 61.809, 0.149252, 23.8842, 0.204876, -105.179
3502, 58.36667, 1.00887, -11.4621, 2.70093, -60.4349, 3.60816, 162.863, 0.0468503, 61.874, 0.149373, 24.1463, 0.205651, -105.069
3503, 58.37500, 1.0101, -11.4319, 2.70372, -60.172, 3.62105, 162.987, 0.046918, 61.9389, 0.149497, 24.4084, 0.206429, -104.959
3503, 58.38333, 1.01134, -11.4017, 2.70657, -59.9093, 3.63398, 163.111, 0.0469859, 62.0037, 0.149625, 24.6705, 0.207208, -104.85
3504, 58.39167, 1.01258, -11.3716, 2.70949, -59.6469, 3.64694, 163.234, 0.0470541, 62.0685, 0.149756, 24.9325, 0.20799, -104.741
3504, 58.40000, 1.01382, -11.3416, 2.71248, -59.3847, 3.65994, 163.357, 0.0471226, 62.1331, 0.14989, 25.1945, 0.208774, -104.634
3505, 58.40833, 1.01507, -11.3117, 2.71553, -59.1229, 3.67298, 163.479, 0.0471913, 62.1976, 0.150029, 25.4564, 0.20956, -104.526
3505, 58.41667, 1.01632, -11.2818, 2.71864, -58.8613, 3.68605, 163.6, 0.0472602, 62.262, 0.150171, 25.7183, 0.210348, -104.42
3506, 58.42500, 1.01757, -11.2521, 2.72182, -58.6, 3.69916, 163.72, 0.0473294, 62.3263, 0.150316, 25.98, 0.211139, -104.314
3506, 58.43333, 1.01883, -11.2223, 2.72507, -58.3391, 3.71231, 163.839, 0.0473988, 62.3905, 0.150466, 26.2417, 0.211931, -104.209
3507, 58.44167, 1.02009, -11.1927, 2.72838, -58.0785, 3.72549, 163.958, 0.0474684, 62.4546, 0.150618, 26.5033, 0.212726, -104.105
3507, 58.45000, 1.02135, -11.1631, 2.73176, -57.8183, 3.73871, 164.076, 0.0475383, 62.5186, 0.150775, 26.7647, 0.213523, -104.001
3508, 58.45833, 1.02262, -11.1336, 2.7352, -57.5584, 3.75196, 164.193, 0.0476085, 62.5825, 0.150935, 27.026, 0.214323, -103.898
3508, 58.46667, 1.02388, -11.1042, 2.73871, -57.2989, 3.76526, 164.309, 0.0476789, 62.6463, 0.151099, 27.2872, 0.215124, -103.795
3509, 58.47500, 1.02516, -11.0748, 2.74228, -57.0398, 3.77858, 164.425, 0.0477495, 62.71, 0.151266, 27.5482, 0.215928, -103.693
3509, 58.48333, 1.02643, -11.0455, 2.74592, -56.7811, 3.79194, 164.54, 0.0478204, 62.7735, 0.151437, 27.809, 0.216733, -103.592
3510, 58.49167, 1.02771, -11.0163, 2.74963, -56.5227, 3.80534, 164.654, 0.0478915, 62.837, 0.151612, 28.0697, 0.217541, -103.492
3510, 58.50000, 1.02899, -10.9872, 2.7534, -56.2648, 3.81878, 164.768, 0.0479629, 62.9004, 0.151791, 28.3302, 0.218351, -103.392
3511, 58.50833, 1.03027, -10.9581, 2.75723, -56.0073, 3.83224, 164.881, 0.0480345, 62.9637, 0.151973, 28.5904, 0.219164, -103.292
3511, 58.51667, 1.03156, -10.9291, 2.76113, -55.7503, 3.84575, 164.993, 0.0481064, 63.0269, 0.152159, 28.8505, 0.219978, -103.194
3512, 58.52500, 1.03285, -10.9001, 2.7651, -55.4937, 3.85929, 165.104, 0.0481785, 63.09, 0.152348, 29.1103, 0.220795, -103.095
3512, 58.53333, 1.03414, -10.8713, 2.76913, -55.2375, 3.87286, 165.215, 0.0482508, 63.1529, 0.152541, 29.3699, 0.221613, -102.998
3513, 58.54167, 1.03544, -10.8425, 2.77323, -54.9818, 3.88648, 165.325, 0.0483234, 63.2158, 0.152738, 29.6293, 0.222435, -102.901
3513, 58.55000, 1.03674, -10.8138, 2.77739, -54.7266, 3.90012, 165.434, 0.0483963, 63.2786, 0.152939, 29.8883, 0.223258, -102.805
3514, 58.55833, 1.03804, -10.7851, 2.78162, -54.4719, 3.9138, 165.543, 0.0484694, 63.3412, 0.153143, 30.1471, 0.224083, -102.709
3514, 58.56667, 1.03935, -10.7565, 2.78592, -54.2177, 3.92752, 165.651, 0.0485428, 63.4038, 0.153351, 30.4057, 0.22491, -102.614
3515, 58.57500, 1.04066, -10.728, 2.79028, -53.964, 3.94127, 165.758, 0.0486164, 63.4662, 0.153563, 30.6639, 0.22574, -102.519
3515, 58.58333, 1.04197, -10.6996, 2.7947, -53.7108, 3.95506, 165.865, 0.0486902, 63.5286, 0.153778, 30.9218, 0.226572, -102.425
3516, 58.59167, 1.04328, -10.6712, 2.79919, -53.4581, 3.96888, 165.971, 0.0487643, 63.5908, 0.153998, 31.1794, 0.227406, -102.332
3516, 58.60000, 1.0446, -10.6429, 2.80374, -53.206, 3.98274, 166.077, 0.0488387, 63.653, 0.154221, 31.4366, 0.228242, -102.239
3517, 58.60833, 1.04592, -10.6147, 2.80836, -52.9544, 3.99663, 166.181, 0.0489133, 63.715, 0.154447, 31.6936, 0.22908, -102.147
3517, 58.61667, 1.04725, -10.5865, 2.81305, -52.7034, 4.01056, 166.285, 0.0489882, 63.7769, 0.154678, 31.9502, 0.229921, -102.055
3518, 58.62500, 1.04858, -10.5584, 2.8178, -52.4529, 4.02452, 166.389, 0.0490633, 63.8388, 0.154912, 32.2063, 0.230764, -101.964
3518, 58.63333, 1.04991, -10.5304, 2.82261, -52.203, 4.03852, 166.492, 0.0491387, 63.9005, 0.15515, 32.4622, 0.231608, -101.874
3519, 58.64167, 1.05124, -10.5024, 2.82749, -51.9537, 4.05255, 166.594, 0.0492143, 63.9621, 0.155391, 32.7176, 0.232456, -101.784
3519, 58.65000, 1.05258, -10.4745, 2.83244, -51.705, 4.06662, 166.695, 0.0492902, 64.0236, 0.155637, 32.9727, 0.233305, -101.694
3520, 58.65833, 1.05392, -10.4467, 2.83745, -51.4569, 4.08072, 166.796, 0.0493663, 64.085, 0.155886, 33.2273, 0.234156, -101.606
3520, 58.66667, 1.05526, -10.419, 2.84252, -51.2093, 4.09485, 166.897, 0.0494427, 64.1463, 0.156139, 33.4816, 0.23501, -101.517
3521, 58.67500, 1.05661, -10.3913, 2.84766, -50.9624, 4.10903, 166.996, 0.0495193, 64.2075, 0.156395, 33.7354, 0.235865, -101.429
3521, 58.68333, 1.05796, -10.3637, 2.85286, -50.7162, 4.12323, 167.095, 0.0495962, 64.2686, 0.156656, 33.9887, 0.236723, -101.342
3522, 58.69167, 1.05932, -10.3362, 2.85813, -50.4705, 4.13747, 167.194, 0.0496734, 64.3296, 0.15692, 34.2417, 0.237583, -101.255
3522, 58.70000, 1.06067, -10.3087, 2.86346, -50.2255, 4.15174, 167.292, 0.0497508, 64.3905, 0.157188, 34.4941, 0.238446, -101.169
3523, 58.70833, 1.06203, -10.2813, 2.86886, -49.9812, 4.16605, 167.389, 0.0498285, 64.4513, 0.15746, 34.7461, 0.23931, -101.084
3523, 58.71667, 1.0634, -10.2539, 2.87432, -49.7375, 4.1804, 167.485, 0.0499064, 64.5119, 0.157735, 34.9977, 0.240177, -100.998
3524, 58.72500, 1.06476, -10.2267, 2.87985, -49.4944, 4.19478, 167.582, 0.0499846, 64.5725, 0.158015, 35.2487, 0.241045, -100.914
3524, 58.73333, 1.06613, -10.1995, 2.88543, -49.2521, 4.20919, 167.677, 0.0500631, 64.633, 0.158297, 35.4992, 0.241916, -100.83
3525, 58.74167, 1.06751, -10.1724, 2.89109, -49.0104, 4.22364, 167.772, 0.0501418, 64.6933, 0.158584, 35.7493, 0.24279, -100.746
3525, 58.75000, 1.06888, -10.1453, 2.8968, -48.7694, 4.23812, 167.866, 0.0502208, 64.7536, 0.158875, 35.9988, 0.243665, -100.663
3526, 58.75833, 1.07026, -10.1183, 2.90258, -48.5291, 4.25263, 167.96, 0.0503, 64.8137, 0.159169, 36.2478, 0.244542, -100.58
3526, 58.76667, 1.07165, -10.0914, 2.90843, -48.2894, 4.26718, 168.053, 0.0503795, 64.8737, 0.159467, 36.4963, 0.245422, -100.498
3527, 58.77500, 1.07303, -10.0645, 2.91434, -48.0505, 4.28177, 168.146, 0.0504593, 64.9336, 0.159769, 36.7442, 0.246304, -100.417
3527, 58.78333, 1.07442, -10.0377, 2.92031, -47.8123, 4.29639, 168.238, 0.0505393, 64.9935, 0.160075, 36.9915, 0.247188, -100.336
3528, 58.79167, 1.07582, -10.011, 2.92634, -47.5748, 4.31104, 168.329, 0.0506196, 65.0532, 0.160384, 37.2384, 0.248074, -100.255
3528, 58.80000, 1.07721, -9.98437, 2.93244, -47.3381, 4.32573, 168.42, 0.0507001, 65.1128, 0.160697, 37.4846, 0.248963, -100.175
3529, 58.80833, 1.07861, -9.95779, 2.9386, -47.1021, 4.34045, 168.511, 0.0507809, 65.1723, 0.161014, 37.7303, 0.249853, -100.095
3529, 58.81667, 1.08002, -9.93127, 2.94483, -46.8668, 4.3552, 168.6, 0.050862, 65.2317, 0.161335, 37.9754, 0.250746, -100.016
3530, 58.82500, 1.08142, -9.90482, 2.95111, -46.6322, 4.36999, 168.69, 0.0509434, 65.291, 0.161659, 38.2199, 0.251641, -99.9376
3530, 58.83333, 1.08283, -9.87844, 2.95746, -46.3984, 4.38482, 168.778, 0.051025, 65.3501, 0.161987, 38.4637, 0.252538, -99.8594
3531, 58.84167, 1.08425, -9.85212, 2.96388, -46.1654, 4.39968, 168.867, 0.0511068, 65.4092, 0.162319, 38.707, 0.253438, -99.7817
3531, 58.85000, 1.08566, -9.82587, 2.97035, -45.9331, 4.41457, 168.954, 0.051189, 65.4682, 0.162655, 38.9497, 0.254339, -99.7045
3532, 58.85833, 1.08708, -9.7997, 2.97689, -45.7016, 4.4295, 169.041, 0.0512714, 65.527, 0.162995, 39.1917, 0.255243, -99.6277
3532, 58.86667, 1.08851, -9.77358, 2.98349, -45.4708, 4.44446, 169.128, 0.0513541, 65.5858, 0.163338, 39.4331, 0.256149, -99.5514
3533, 58.87500, 1.08993, -9.74753, 2.99015, -45.2408, 4.45945, 169.214, 0.051437, 65.6444, 0.163685, 39.6739, 0.257057, -99.4755
3533, 58.88333, 1.09136, -9.72155, 2.99688, -45.0116, 4.47448, 169.3, 0.0515202, 65.7029, 0.164035, 39.914, 0.257967, -99.4001
3534, 58.89167, 1.0928, -9.69564, 3.00366, -44.7832, 4.48955, 169.385, 0.0516037, 65.7614, 0.16439, 40.1535, 0.25888, -99.3251
3534, 58.90000, 1.09424, -9.66979, 3.01051, -44.5556, 4.50464, 169.469, 0.0516874, 65.8197, 0.164748, 40.3923, 0.259795, -99.2506
3535, 58.90833, 1.09568, -9.64401, 3.01742, -44.3288, 4.51977, 169.553, 0.0517715, 65.8779, 0.16511, 40.6304, 0.260712, -99.1766
3535, 58.91667, 1.09712, -9.61829, 3.0244, -44.1027, 4.53494, 169.637, 0.0518558, 65.936, 0.165476, 40.8679, 0.261631, -99.103
3536, 58.92500, 1.09857, -9.59265, 3.03143, -43.8775, 4.55014, 169.72, 0.0519403, 65.994, 0.165845, 41.1046, 0.262552, -99.0298
3536, 58.93333, 1.10002, -9.56707, 3.03852, -43.653, 4.56538, 169.802, 0.0520252, 66.0519, 0.166219, 41.3407, 0.263476, -98.9571
3537, 58.94167, 1.10147, -9.54155, 3.04568, -43.4294, 4.58064, 169.884, 0.0521103, 66.1097, 0.166596, 41.5761, 0.264402, -98.8847
3537, 58.95000, 1.10293, -9.5161, 3.0529, -43.2066, 4.59595, 169.966, 0.0521957, 66.1673, 0.166976, 41.8108, 0.26533, -98.8129
3538, 58.95833, 1.10439, -9.49072, 3.06018, -42.9846, 4.61128, 170.047, 0.0522813, 66.2249, 0.167361, 42.0448, 0.26626, -98.7414
3538, 58.96667, 1.10586, -9.4654, 3.06752, -42.7634, 4.62665, 170.128, 0.0523673, 66.2824, 0.167749, 42.278, 0.267193, -98.6704
3539, 58.97500, 1.10733, -9.44014, 3.07491, -42.5431, 4.64206, 170.208, 0.0524535, 66.3397, 0.168141, 42.5106, 0.268128, -98.5998
3539, 58.98333, 1.1088, -9.41496, 3.08238, -42.3236, 4.6575, 170.287, 0.0525399, 66.3969, 0.168536, 42.7424, 0.269065, -98.5297
3540, 58.99167, 1.11027, -9.38983, 3.0899, -42.1048, 4.67297, 170.366, 0.0526267, 66.4541, 0.168936, 42.9735, 0.270004, -98.4599
3540, 59.00000, 1.11175, -9.36478, 3.09748, -41.887, 4.68848, 170.445, 0.0527137, 66.5111, 0.169339, 43.2039, 0.270945, -98.3906
3541, 59.00833, 1.11323, -9.33979, 3.10512, -41.67, 4.70402, 170.523, 0.052801, 66.568, 0.169745, 43.4335, 0.271889, -98.3217
3541, 59.01667, 1.11472, -9.31486, 3.11282, -41.4538, 4.7196, 170.601, 0.0528886, 66.6248, 0.170156, 43.6624, 0.272835, -98.2531
3542, 59.02500, 1.11621, -9.29, 3.12058, -41.2384, 4.73521, 170.678, 0.0529765, 66.6815, 0.17057, 43.8905, 0.273783, -98.185
3542, 59.03333, 1.1177, -9.26521, 3.12841, -41.0239, 4.75085, 170.755, 0.0530646, 66.7381, 0.170988, 44.1178, 0.274733, -98.1173
3543, 59.04167, 1.1192, -9.24047, 3.13629, -40.8103, 4.76653, 170.831, 0.0531531, 66.7946, 0.171409, 44.3444, 0.275686, -98.05
3543, 59.05000, 1.1207, -9.21581, 3.14423, -40.5975, 4.78224, 170.907, 0.0532418, 66.851, 0.171834, 44.5703, 0.276641, -97.9831
3544, 59.05833, 1.1222, -9.19121, 3.15223, -40.3855, 4.79799, 170.982, 0.0533308, 66.9072, 0.172263, 44.7953, 0.277598, -97.9166
3544, 59.06667, 1.12371, -9.16667, 3.16029, -40.1744, 4.81377, 171.057, 0.0534201, 66.9634, 0.172696, 45.0196, 0.278558, -97.8505
3545, 59.07500, 1.12522, -9.1422, 3.16841, -39.9641, 4.82958, 171.132, 0.0535096, 67.0195, 0.173132, 45.2431, 0.279519, -97.7848
3545, 59.08333, 1.12674, -9.11779, 3.17658, -39.7548, 4.84543, 171.206, 0.0535994, 67.0754, 0.173572, 45.4659, 0.280483, -97.7195
3546, 59.09167, 1.12826, -9.09345, 3.18482, -39.5462, 4.86132, 171.28, 0.0536896, 67.1312, 0.174016, 45.6878, 0.281449, -97.6545
3546, 59.10000, 1.12978, -9.06917, 3.19311, -39.3385, 4.87723, 171.353, 0.05378, 67.187, 0.174463, 45.909, 0.282418, -97.59
3547, 59.10833, 1.1313, -9.04496, 3.20147, -39.1317, 4.89319, 171.426, 0.0538706, 67.2426, 0.174914, 46.1293, 0.283388, -97.5258
3547, 59.11667, 1.13283, -9.0208, 3.20988, -38.9258, 4.90917, 171.498, 0.0539616, 67.2981, 0.175369, 46.3489, 0.284361, -97.462
3548, 59.12500, 1.13436, -8.99672, 3.21835, -38.7207, 4.92519, 171.57, 0.0540529, 67.3535, 0.175827, 46.5676, 0.285337, -97.3986
3548, 59.13333, 1.1359, -8.9727, 3.22688, -38.5165, 4.94125, 171.641, 0.0541444, 67.4088, 0.176289, 46.7856, 0.286314, -97.3355
3549, 59.14167, 1.13744, -8.94873, 3.23547, -38.3131, 4.95734, 171.712, 0.0542363, 67.464, 0.176754, 47.0027, 0.287294, -97.2729
3549, 59.15000, 1.13898, -8.92484, 3.24411, -38.1106, 4.97346, 171.783, 0.0543284, 67.519, 0.177224, 47.219, 0.288276, -97.2106
3550, 59.15833, 1.14053, -8.90101, 3.25281, -37.909, 4.98962, 171.853, 0.0544208, 67.574, 0.177696, 47.4345, 0.289261, -97.1486
3550, 59.16667, 1.14208, -8.87724, 3.26157, -37.7082, 5.00581, 171.923, 0.0545135, 67.6289, 0.178173, 47.6492, 0.290247, -97.0871
3551, 59.17500, 1.14364, -8.85353, 3.27039, -37.5084, 5.02204, 171.992, 0.0546065, 67.6836, 0.178653, 47.8631, 0.291236, -97.0259
3551, 59.18333, 1.1452, -8.82989, 3.27926, -37.3094, 5.0383, 172.061, 0.0546998, 67.7383, 0.179137, 48.0761, 0.292228, -96.965
3552, 59.19167, 1.14676, -8.80631, 3.2882, -37.1112, 5.0546, 172.13, 0.0547933, 67.7928, 0.179624, 48.2884, 0.293221, -96.9045
3552, 59.20000, 1.14832, -8.7828, 3.29718, -36.9139, 5.07093, 172.198, 0.0548872, 67.8472, 0.180115, 48.4998, 0.294217, -96.8444
3553, 59.20833, 1.14989, -8.75935, 3.30623, -36.7175, 5.08729, 172.266, 0.0549813, 67.9015, 0.180609, 48.7103, 0.295215, -96.7846
3553, 59.21667, 1.15147, -8.73596, 3.31533, -36.522, 5.1037, 172.333, 0.0550758, 67.9558, 0.181108, 48.9201, 0.296216, -96.7252
3554, 59.22500, 1.15305, -8.71263, 3.32449, -36.3273, 5.12013, 172.4, 0.0551705, 68.0098, 0.181609, 49.129, 0.297219, -96.6661
3554, 59.23333, 1.15463, -8.68937, 3.33371, -36.1336, 5.1366, 172.467, 0.0552656, 68.0638, 0.182115, 49.337, 0.298224, -96.6074
3555, 59.24167, 1.15621, -8.66616, 3.34298, -35.9406, 5.1531, 172.533, 0.0553609, 68.1177, 0.182624, 49.5443, 0.299231, -96.549
3555, 59.25000, 1.1578, -8.64303, 3.35231, -35.7486, 5.16964, 172.599, 0.0554565, 68.1715, 0.183136, 49.7506, 0.300241, -96.491
3556, 59.25833, 1.15939, -8.61995, 3.36169, -35.5574, 5.18621, 172.664, 0.0555524, 68.2252, 0.183652, 49.9562, 0.301253, -96.4333
3556, 59.26667, 1.16099, -8.59694, 3.37113, -35.3671, 5.20282, 172.729, 0.0556487, 68.2787, 0.184172, 50.1609, 0.302268, -96.3759
3557, 59.27500, 1.16259, -8.57399, 3.38063, -35.1777, 5.21947, 172.794, 0.0557452, 68.3322, 0.184695, 50.3647, 0.303284, -96.3189
3557, 59.28333, 1.16419, -8.5511, 3.39018, -34.9891, 5.23614, 172.858, 0.055842, 68.3855, 0.185222, 50.5677, 0.304303, -96.2622
3558, 59.29167, 1.1658, -8.52827, 3.39979, -34.8014, 5.25286, 172.922, 0.0559391, 68.4388, 0.185752, 50.7699, 0.305325, -96.2059
3558, 59.30000, 1.16741, -8.5055, 3.40945, -34.6146, 5.2696, 172.985, 0.0560365, 68.4919, 0.186286, 50.9712, 0.306349, -96.1498
3559, 59.30833, 1.16903, -8.4828, 3.41916, -34.4287, 5.28639, 173.049, 0.0561342, 68.5449, 0.186823, 51.1717, 0.307375, -96.0941
3559, 59.31667, 1.17065, -8.46016, 3.42894, -34.2436, 5.30321, 173.111, 0.0562323, 68.5978, 0.187364, 51.3713, 0.308404, -96.0388
3560, 59.32500, 1.17227, -8.43758, 3.43877, -34.0594, 5.32006, 173.174, 0.0563306, 68.6506, 0.187909, 51.57, 0.309435, -95.9837
3560, 59.33333, 1.1739, -8.41506, 3.44865, -33.876, 5.33694, 173.236, 0.0564292, 68.7033, 0.188457, 51.7679, 0.310468, -95.929
3561, 59.34167, 1.17553, -8.3926, 3.45859, -33.6935, 5.35387, 173.297, 0.0565281, 68.7559, 0.189008, 51.965, 0.311503, -95.8746
3561, 59.35000, 1.17716, -8.37021, 3.46858, -33.5119, 5.37083, 173.359, 0.0566274, 68.8084, 0.189563, 52.1612, 0.312541, -95.8205
3562, 59.35833, 1.1788, -8.34788, 3.47862, -33.3311, 5.38782, 173.42, 0.0567269, 68.8607, 0.190122, 52.3565, 0.313582, -95.7668
3562, 59.36667, 1.18044, -8.3256, 3.48872, -33.1512, 5.40485, 173.48, 0.0568267, 68.913, 0.190684, 52.551, 0.314625, -95.7133
3563, 59.37500, 1.18209, -8.30339, 3.49888, -32.9722, 5.42191, 173.54, 0.0569269, 68.9652, 0.191249, 52.7447, 0.31567, -95.6602
3563, 59.38333, 1.18374, -8.28124, 3.50909, -32.794, 5.43901, 173.6, 0.0570273, 69.0172, 0.191819, 52.9374, 0.316717, -95.6074
3564, 59.39167, 1.18539, -8.25915, 3.51935, -32.6167, 5.45614, 173.66, 0.0571281, 69.0692, 0.192391, 53.1294, 0.317767, -95.5549
3564, 59.40000, 1.18705, -8.23712, 3.52967, -32.4402, 5.47331, 173.719, 0.0572292, 69.121, 0.192967, 53.3204, 0.31882, -95.5027
3565, 59.40833, 1.18872, -8.21516, 3.54004, -32.2646, 5.49052, 173.778, 0.0573305, 69.1727, 0.193547, 53.5106, 0.319874, -95.4508
3565, 59.41667, 1.19038, -8.19325, 3.55046, -32.0898, 5.50776, 173.836, 0.0574322, 69.2243, 0.19413, 53.7, 0.320932, -95.3992
3566, 59.42500, 1.19205, -8.1714, 3.56094, -31.9159, 5.52503, 173.894, 0.0575342, 69.2758, 0.194716, 53.8885, 0.321991, -95.3479
3566, 59.43333, 1.19373, -8.14962, 3.57147, -31.7428, 5.54235, 173.952, 0.0576365, 69.3272, 0.195306, 54.0762, 0.323053, -95.2969
3567, 59.44167, 1.19541, -8.12789, 3.58205, -31.5706, 5.55969, 174.01, 0.0577392, 69.3785, 0.1959, 54.263, 0.324118, -95.2462
3567, 59.45000, 1.19709, -8.10623, 3.59269, -31.3993, 5.57708, 174.067, 0.0578421, 69.4297, 0.196496, 54.4489, 0.325185, -95.1958
3568, 59.45833, 1.19877, -8.08462, 3.60338, -31.2287, 5.59449, 174.124, 0.0579453, 69.4808, 0.197097, 54.634, 0.326254, -95.1457
3568, 59.46667, 1.20046, -8.06308, 3.61412, -31.059, 5.61195, 174.18, 0.0580489, 69.5318, 0.197701, 54.8182, 0.327326, -95.0959
3569, 59.47500, 1.20216, -8.04159, 3.62492, -30.8902, 5.62944, 174.236, 0.0581528, 69.5826, 0.198308, 55.0016, 0.3284, -95.0464
3569, 59.48333, 1.20386, -8.02017, 3.63577, -30.7222, 5.64696, 174.292, 0.058257, 69.6334, 0.198918, 55.1841, 0.329476, -94.9972
3570, 59.49167, 1.20556, -7.99881, 3.64667, -30.555, 5.66453, 174.347, 0.0583615, 69.684, 0.199533, 55.3658, 0.330556, -94.9482
3570, 59.50000, 1.20727, -7.9775, 3.65762, -30.3887, 5.68213, 174.403, 0.0584663, 69.7346, 0.20015, 55.5467, 0.331637, -94.8996
3571, 59.50833, 1.20898, -7.95626, 3.66863, -30.2232, 5.69976, 174.457, 0.0585715, 69.785, 0.200771, 55.7266, 0.332721, -94.8512
3571, 59.51667, 1.21069, -7.93507, 3.67968, -30.0585, 5.71743, 174.512, 0.0586769, 69.8353, 0.201395, 55.9058, 0.333808, -94.8032
3572, 59.52500, 1.21241, -7.91395, 3.69079, -29.8947, 5.73514, 174.566, 0.0587827, 69.8855, 0.202023, 56.0841, 0.334897, -94.7554
3572, 59.53333, 1.21414, -7.89288, 3.70195, -29.7317, 5.75288, 174.62, 0.0588888, 69.9356, 0.202654, 56.2615, 0.335988, -94.7079
3573, 59.54167, 1.21586, -7.87187, 3.71317, -29.5695, 5.77066, 174.673, 0.0589953, 69.9856, 0.203289, 56.4381, 0.337082, -94.6606
3573, 59.55000, 1.2176, -7.85093, 3.72443, -29.4081, 5.78847, 174.727, 0.059102, 70.0355, 0.203927, 56.6139, 0.338178, -94.6137
3574, 59.55833, 1.21933, -7.83004, 3.73575, -29.2476, 5.80632, 174.78, 0.0592091, 70.0853, 0.204568, 56.7888, 0.339277, -94.567
3574, 59.56667, 1.22107, -7.80921, 3.74712, -29.0878, 5.82421, 174.832, 0.0593165, 70.135, 0.205213, 56.9629, 0.340379, -94.5206
3575, 59.57500, 1.22282, -7.78844, 3.75854, -28.9289, 5.84213, 174.884, 0.0594242, 70.1846, 0.205861, 57.1361, 0.341482, -94.4745
3575, 59.58333, 1.22456, -7.76773, 3.77001, -28.7708, 5.8601, 174.936, 0.0595323, 70.2341, 0.206513, 57.3085, 0.342589, -94.4286
3576, 59.59167, 1.22632, -7.74708, 3.78153, -28.6135, 5.87809, 174.988, 0.0596407, 70.2834, 0.207168, 57.4801, 0.343698, -94.383
3576, 59.60000, 1.22807, -7.72648, 3.7931, -28.457, 5.89613, 175.04, 0.0597494, 70.3327, 0.207826, 57.6508, 0.344809, -94.3377
3577, 59.60833, 1.22984, -7.70595, 3.80473, -28.3013, 5.9142, 175.091, 0.0598584, 70.3818, 0.208488, 57.8207, 0.345923, -94.2926
3577, 59.61667, 1.2316, -7.68547, 3.8164, -28.1464, 5.93231, 175.141, 0.0599678, 70.4309, 0.209153, 57.9898, 0.34704, -94.2478
3578, 59.62500, 1.23337, -7.66505, 3.82813, -27.9924, 5.95045, 175.192, 0.0600775, 70.4798, 0.209821, 58.158, 0.348159, -94.2033
3578, 59.63333, 1.23515, -7.6447, 3.8399, -27.8391, 5.96863, 175.242, 0.0601875, 70.5286, 0.210493, 58.3254, 0.34928, -94.1591
3579, 59.64167, 1.23692, -7.62439, 3.85173, -27.6866, 5.98685, 175.292, 0.0602979, 70.5774, 0.211168, 58.492, 0.350404, -94.1151
3579, 59.65000, 1.23871, -7.60415, 3.86361, -27.5349, 6.00511, 175.342, 0.0604085, 70.626, 0.211846, 58.6578, 0.351531, -94.0713
3580, 59.65833, 1.24049, -7.58397, 3.87553, -27.384, 6.0234, 175.391, 0.0605196, 70.6745, 0.212528, 58.8227, 0.35266, -94.0278
3580, 59.66667, 1.24228, -7.56384, 3.88751, -27.2338, 6.04173, 175.44, 0.0606309, 70.7229, 0.213213, 58.9869, 0.353792, -93.9846
3581, 59.67500, 1.24408, -7.54377, 3.89954, -27.0845, 6.06009, 175.489, 0.0607426, 70.7712, 0.213902, 59.1502, 0.354926, -93.9416
3581, 59.68333, 1.24588, -7.52377, 3.91162, -26.9359, 6.0785, 175.537, 0.0608546, 70.8194, 0.214593, 59.3126, 0.356063, -93.8989
3582, 59.69167, 1.24768, -7.50381, 3.92375, -26.7882, 6.09694, 175.585, 0.060967, 70.8675, 0.215288, 59.4743, 0.357203, -93.8565
3582, 59.70000, 1.24949, -7.48392, 3.93592, -26.6412, 6.11542, 175.633, 0.0610797, 70.9155, 0.215987, 59.6352, 0.358345, -93.8142
3583, 59.70833, 1.25131, -7.46408, 3.94815, -26.4949, 6.13393, 175.681, 0.0611928, 70.9633, 0.216689, 59.7952, 0.359489, -93.7723
3583, 59.71667, 1.25312, -7.4443, 3.96043, -26.3494, 6.15249, 175.728, 0.0613061, 71.0111, 0.217394, 59.9545, 0.360637, -93.7306
3584, 59.72500, 1.25495, -7.42458, 3.97276, -26.2047, 6.17108, 175.775, 0.0614199, 71.0588, 0.218102, 60.1129, 0.361787, -93.6891
3584, 59.73333, 1.25677, -7.40492, 3.98513, -26.0608, 6.18971, 175.822, 0.0615339, 71.1063, 0.218814, 60.2706, 0.362939, -93.6479
3585, 59.74167, 1.2586, -7.38531, 3.99756, -25.9176, 6.20838, 175.868, 0.0616483, 71.1538, 0.219529, 60.4274, 0.364094, -93.6069
3585, 59.75000, 1.26044, -7.36576, 4.01004, -25.7752, 6.22708, 175.915, 0.0617631, 71.2011, 0.220247, 60.5834, 0.365252, -93.5662
3586, 59.75833, 1.26228, -7.34627, 4.02256, -25.6336, 6.24582, 175.96, 0.0618782, 71.2484, 0.220969, 60.7387, 0.366412, -93.5257
3586, 59.76667, 1.26412, -7.32683, 4.03514, -25.4926, 6.26461, 176.006, 0.0619936, 71.2955, 0.221694, 60.8931, 0.367575, -93.4854
3587, 59.77500, 1.26597, -7.30746, 4.04776, -25.3525, 6.28343, 176.052, 0.0621094, 71.3425, 0.222422, 61.0468, 0.368741, -93.4454
3587, 59.78333, 1.26783, -7.28814, 4.06043, -25.2131, 6.30228, 176.097, 0.0622255, 71.3895, 0.223153, 61.1996, 0.369909, -93.4057
3588, 59.79167, 1.26968, -7.26887, 4.07315, -25.0744, 6.32118, 176.142, 0.062342, 71.4363, 0.223888, 61.3517, 0.37108, -93.3661
3588, 59.80000, 1.27155, -7.24966, 4.08593, -24.9365, 6.34011, 176.186, 0.0624589, 71.483, 0.224626, 61.503, 0.372254, -93.3268
3589, 59.80833, 1.27341, -7.23051, 4.09874, -24.7993, 6.35908, 176.23, 0.062576, 71.5296, 0.225367, 61.6536, 0.37343, -93.2878
3589, 59.81667, 1.27528, -7.21142, 4.11161, -24.6628, 6.3781, 176.275, 0.0626936, 71.5761, 0.226112, 61.8033, 0.374609, -93.249
3590, 59.82500, 1.27716, -7.19238, 4.12453, -24.5271, 6.39714, 176.318, 0.0628114, 71.6225, 0.22686, 61.9523, 0.375791, -93.2104
3590, 59.83333, 1.27904, -7.1734, 4.1375, -24.3921, 6.41623, 176.362, 0.0629297, 71.6688, 0.227611, 62.1004, 0.376975, -93.172
3591, 59.84167, 1.28093, -7.15448, 4.15051, -24.2578, 6.43536, 176.405, 0.0630483, 71.715, 0.228365, 62.2479, 0.378162, -93.1339
3591, 59.85000, 1.28282, -7.13561, 4.16357, -24.1243, 6.45452, 176.448, 0.0631672, 71.7611, 0.229123, 62.3945, 0.379352, -93.096
3592, 59.85833, 1.28471, -7.1168, 4.17668, -23.9915, 6.47373, 176.491, 0.0632865, 71.8071, 0.229884, 62.5404, 0.380544, -93.0583
3592, 59.86667, 1.28661, -7.09804, 4.18984, -23.8593, 6.49297, 176.534, 0.0634062, 71.8529, 0.230648, 62.6855, 0.381739, -93.0208
3593, 59.87500, 1.28851, -7.07934, 4.20305, -23.728, 6.51225, 176.576, 0.0635262, 71.8987, 0.231415, 62.8299, 0.382937, -92.9836
3593, 59.88333, 1.29042, -7.0607, 4.21631, -23.5973, 6.53158, 176.618, 0.0636465, 71.9444, 0.232186, 62.9735, 0.384138, -92.9466
3594, 59.89167, 1.29234, -7.04211, 4.22961, -23.4673, 6.55094, 176.66, 0.0637673, 71.9899, 0.23296, 63.1164, 0.385341, -92.9099
3594, 59.90000, 1.29425, -7.02358, 4.24297, -23.338, 6.57034, 176.701, 0.0638884, 72.0354, 0.233737, 63.2585, 0.386547, -92.8733
3595, 59.90833, 1.29618, -7.00511, 4.25637, -23.2094, 6.58978, 176.742, 0.0640098, 72.0807, 0.234518, 63.3998, 0.387756, -92.837
3595, 59.91667, 1.2981, -6.98669, 4.26981, -23.0816, 6.60926, 176.783, 0.0641317, 72.126, 0.235301, 63.5404, 0.388968, -92.8009
3596, 59.92500, 1.30004, -6.96832, 4.28331, -22.9544, 6.62877, 176.824, 0.0642538, 72.1712, 0.236088, 63.6803, 0.390182, -92.765
3596, 59.93333, 1.30197, -6.95002, 4.29686, -22.8279, 6.64833, 176.865, 0.0643764, 72.2162, 0.236879, 63.8194, 0.391399, -92.7293
3597, 59.94167, 1.30392, -6.93176, 4.31045, -22.7021, 6.66793, 176.905, 0.0644993, 72.2611, 0.237672, 63.9578, 0.392619, -92.6938
3597, 59.95000, 1.30586, -6.91357, 4.32409, -22.577, 6.68757, 176.945, 0.0646226, 72.306, 0.238469, 64.0954, 0.393841, -92.6586
3598, 59.95833, 1.30781, -6.89542, 4.33778, -22.4525, 6.70724, 176.985, 0.0647462, 72.3507, 0.239268, 64.2323, 0.395067, -92.6236
3598, 59.96667, 1.30977, -6.87734, 4.35151, -22.3288, 6.72696, 177.025, 0.0648702, 72.3953, 0.240072, 64.3685, 0.396295, -92.5888
3599, 59.97500, 1.31173, -6.85931, 4.3653, -22.2057, 6.74672, 177.064, 0.0649946, 72.4399, 0.240878, 64.504, 0.397526, -92.5542
3599, 59.98333, 1.3137, -6.84133, 4.37913, -22.0833, 6.76652, 177.103, 0.0651194, 72.4843, 0.241688, 64.6387, 0.39876, -92.5198
3600, 59.99167, 1.31567, -6.82341, 4.39301, -21.9616, 6.78636, 177.142, 0.0652445, 72.5286, 0.2425, 64.7727, 0.399997, -92.4856
3600, 60.00000, 1.31764, -6.80554, 4.40693, -21.8405, 6.80623, 177.18, 0.06537, 72.5728, 0.243316, 64.906, 0.401236, -92.4516
3601, 60.00833, 1.31962, -6.78773, 4.42091, -21.7201, 6.82615, 177.219, 0.0654959, 72.6169, 0.244136, 65.0386, 0.402478, -92.4179
3601, 60.01667, 1.32161, -6.76997, 4.43493, -21.6004, 6.84611, 177.257, 0.0656221, 72.6609, 0.244958, 65.1705, 0.403724, -92.3843
3602, 60.02500, 1.3236, -6.75227, 4.449, -21.4813, 6.86611, 177.295, 0.0657488, 72.7049, 0.245784, 65.3016, 0.404972, -92.351
3602, 60.03333, 1.32559, -6.73463, 4.46311, -21.3629, 6.88615, 177.333, 0.0658758, 72.7487, 0.246613, 65.4321, 0.406222, -92.3178
3603, 60.04167, 1.32759, -6.71703, 4.47728, -21.2451, 6.90623, 177.37, 0.0660032, 72.7924, 0.247445, 65.5618, 0.407476, -92.2849
3603, 60.05000, 1.3296, -6.6995, 4.49149, -21.128, 6.92636, 177.407, 0.0661309, 72.836, 0.24828, 65.6909, 0.408733, -92.2522
3604, 60.05833, 1.33161, -6.68202, 4.50574, -21.0116, 6.94652, 177.444, 0.066259, 72.8795, 0.249119, 65.8192, 0.409992, -92.2197
3604, 60.06667, 1.33362, -6.66459, 4.52005, -20.8957, 6.96672, 177.481, 0.0663876, 72.9229, 0.249961, 65.9469, 0.411255, -92.1873
3605, 60.07500, 1.33564, -6.64721, 4.5344, -20.7805, 6.98697, 177.518, 0.0665165, 72.9661, 0.250806, 66.0739, 0.41252, -92.1552
3605, 60.08333, 1.33767, -6.62989, 4.5488, -20.666, 7.00726, 177.554, 0.0666458, 73.0093, 0.251654, 66.2001, 0.413788, -92.1233
3606, 60.09167, 1.3397, -6.61263, 4.56325, -20.5521, 7.02759, 177.59, 0.0667755, 73.0524, 0.252505, 66.3257, 0.415059, -92.0916
3606, 60.10000, 1.34174, -6.59542, 4.57774, -20.4388, 7.04796, 177.626, 0.0669055, 73.0954, 0.25336, 66.4506, 0.416333, -92.06
3607, 60.10833, 1.34378, -6.57826, 4.59228, -20.3261, 7.06837, 177.662, 0.067036, 73.1383, 0.254218, 66.5749, 0.41761, -92.0287
3607, 60.11667, 1.34582, -6.56116, 4.60687, -20.2141, 7.08882, 177.697, 0.0671668, 73.1811, 0.255079, 66.6984, 0.41889, -91.9976
3608, 60.12500, 1.34787, -6.54411, 4.6215, -20.1027, 7.10932, 177.733, 0.067298, 73.2238, 0.255943, 66.8213, 0.420172, -91.9666
3608, 60.13333, 1.34993, -6.52711, 4.63619, -19.9919, 7.12985, 177.768, 0.0674297, 73.2663, 0.256811, 66.9435, 0.421458, -91.9359
3609, 60.14167, 1.35199, -6.51017, 4.65092, -19.8818, 7.15043, 177.802, 0.0675617, 73.3088, 0.257682, 67.0651, 0.422747, -91.9054
3609, 60.15000, 1.35406, -6.49329, 4.66569, -19.7722, 7.17105, 177.837, 0.0676941, 73.3512, 0.258556, 67.1859, 0.424038, -91.875
3610, 60.15833, 1.35613, -6.47645, 4.68051, -19.6633, 7.19172, 177.871, 0.0678269, 73.3935, 0.259433, 67.3061, 0.425333, -91.8448
3610, 60.16667, 1.3582, -6.45967, 4.69538, -19.5549, 7.21242, 177.906, 0.0679601, 73.4356, 0.260313, 67.4257, 0.426631, -91.8149
3611, 60.17500, 1.36029, -6.44295, 4.7103, -19.4472, 7.23317, 177.94, 0.0680937, 73.4777, 0.261197, 67.5446, 0.427931, -91.7851
3611, 60.18333, 1.36237, -6.42627, 4.72526, -19.3401, 7.25396, 177.973, 0.0682277, 73.5197, 0.262083, 67.6628, 0.429235, -91.7555
3612, 60.19167, 1.36446, -6.40965, 4.74027, -19.2335, 7.2748, 178.007, 0.0683621, 73.5615, 0.262973, 67.7804, 0.430541, -91.7261
3612, 60.20000, 1.36656, -6.39309, 4.75533, -19.1276, 7.29567, 178.04, 0.0684969, 73.6033, 0.263867, 67.8974, 0.431851, -91.6969
3613, 60.20833, 1.36866, -6.37658, 4.77043, -19.0223, 7.31659, 178.073, 0.0686321, 73.645, 0.264763, 68.0137, 0.433163, -91.6679
3613, 60.21667, 1.37077, -6.36012, 4.78559, -18.9175, 7.33755, 178.106, 0.0687677, 73.6866, 0.265663, 68.1293, 0.434479, -91.639
3614, 60.22500, 1.37289, -6.34371, 4.80078, -18.8133, 7.35856, 178.139, 0.0689037, 73.728, 0.266565, 68.2443, 0.435798, -91.6104
3614, 60.23333, 1.37501, -6.32736, 4.81603, -18.7098, 7.37961, 178.172, 0.0690401, 73.7694, 0.267471, 68.3587, 0.437119, -91.5819
3615, 60.24167, 1.37713, -6.31106, 4.83132, -18.6068, 7.4007, 178.204, 0.0691769, 73.8106, 0.268381, 68.4725, 0.438444, -91.5536
3615, 60.25000, 1.37926, -6.29482, 4.84666, -18.5043, 7.42183, 178.236, 0.0693141, 73.8518, 0.269293, 68.5856, 0.439772, -91.5255
3616, 60.25833, 1.38139, -6.27862, 4.86204, -18.4025, 7.44301, 178.268, 0.0694517, 73.8929, 0.270209, 68.6981, 0.441103, -91.4976
3616, 60.26667, 1.38353, -6.26248, 4.87747, -18.3012, 7.46424, 178.3, 0.0695898, 73.9338, 0.271128, 68.81, 0.442437, -91.4699
3617, 60.27500, 1.38568, -6.2464, 4.89295, -18.2005, 7.4855, 178.331, 0.0697282, 73.9747, 0.27205, 68.9212, 0.443774, -91.4423
3617, 60.28333, 1.38783, -6.23036, 4.90847, -18.1004, 7.50681, 178.362, 0.0698671, 74.0155, 0.272975, 69.0318, 0.445114, -91.415
3618, 60.29167, 1.38999, -6.21438, 4.92405, -18.0008, 7.52817, 178.393, 0.0700064, 74.0561, 0.273904, 69.1419, 0.446457, -91.3878
3618, 60.30000, 1.39215, -6.19845, 4.93967, -17.9018, 7.54956, 178.424, 0.0701461, 74.0967, 0.274836, 69.2513, 0.447804, -91.3608
3619, 60.30833, 1.39432, -6.18258, 4.95533, -17.8034, 7.57101, 178.455, 0.0702862, 74.1371, 0.275771, 69.36, 0.449153, -91.3339
3619, 60.31667, 1.39649, -6.16675, 4.97104, -17.7055, 7.5925, 178.486, 0.0704267, 74.1775, 0.276709, 69.4682, 0.450506, -91.3073
3620, 60.32500, 1.39867, -6.15098, 4.9868, -17.6082, 7.61403, 178.516, 0.0705676, 74.2178, 0.27765, 69.5758, 0.451862, -91.2808
3620, 60.33333, 1.40085, -6.13526, 5.00261, -17.5114, 7.6356, 178.546, 0.070709, 74.2579, 0.278595, 69.6828, 0.453221, -91.2545
3621, 60.34167, 1.40304, -6.1196, 5.01846, -17.4151, 7.65722, 178.576, 0.0708508, 74.298, 0.279543, 69.7892, 0.454583, -91.2283
3621, 60.35000, 1.40524, -6.10398, 5.03436, -17.3195, 7.67889, 178.606, 0.070993, 74.338, 0.280494, 69.895, 0.455948, -91.2024
3622, 60.35833, 1.40744, -6.08842, 5.0503, -17.2243, 7.7006, 178.635, 0.0711356, 74.3778, 0.281448, 70.0002, 0.457316, -91.1766
3622, 60.36667, 1.40965, -6.07291, 5.0663, -17.1297, 7.72236, 178.664, 0.0712787, 74.4176, 0.282406, 70.1048, 0.458688, -91.151
3623, 60.37500, 1.41186, -6.05746, 5.08234, -17.0356, 7.74416, 178.694, 0.0714222, 74.4573, 0.283367, 70.2088, 0.460063, -91.1256
3623, 60.38333, 1.41408, -6.04206, 5.09842, -16.9421, 7.766, 178.723, 0.0715661, 74.4968, 0.284331, 70.3122, 0.461441, -91.1003
3624, 60.39167, 1.4163, -6.0267, 5.11456, -16.8491, 7.78789, 178.751, 0.0717105, 74.5363, 0.285298, 70.4151, 0.462822, -91.0752
3624, 60.40000, 1.41853, -6.0114, 5.13073, -16.7566, 7.80983, 178.78, 0.0718553, 74.5757, 0.286269, 70.5173, 0.464207, -91.0503
3625, 60.40833, 1.42076, -5.99616, 5.14696, -16.6647, 7.83181, 178.808, 0.0720005, 74.615, 0.287242, 70.619, 0.465594, -91.0255
3625, 60.41667, 1.423, -5.98096, 5.16324, -16.5733, 7.85384, 178.837, 0.0721461, 74.6541, 0.288219, 70.7202, 0.466985, -91.001
3626, 60.42500, 1.42525, -5.96582, 5.17956, -16.4824, 7.87592, 178.865, 0.0722922, 74.6932, 0.2892, 70.8207, 0.46838, -90.9765
3626, 60.43333, 1.4275, -5.95072, 5.19592, -16.392, 7.89804, 178.892, 0.0724387, 74.7322, 0.290183, 70.9207, 0.469777, -90.9523
3627, 60.44167, 1.42976, -5.93568, 5.21234, -16.3021, 7.92021, 178.92, 0.0725857, 74.7711, 0.29117, 71.0201, 0.471178, -90.9282
3627, 60.45000, 1.43202, -5.92069, 5.2288, -16.2128, 7.94242, 178.948, 0.0727331, 74.8098, 0.29216, 71.119, 0.472582, -90.9043
3628, 60.45833, 1.43429, -5.90576, 5.24531, -16.124, 7.96468, 178.975, 0.0728809, 74.8485, 0.293153, 71.2173, 0.473989, -90.8806
3628, 60.46667, 1.43657, -5.89087, 5.26186, -16.0356, 7.98699, 179.002, 0.0730292, 74.8871, 0.29415, 71.315, 0.4754, -90.857
3629, 60.47500, 1.43885, -5.87604, 5.27847, -15.9478, 8.00934, 179.029, 0.0731779, 74.9256, 0.295149, 71.4122, 0.476814, -90.8336
3629, 60.48333, 1.44114, -5.86126, 5.29511, -15.8605, 8.03174, 179.056, 0.0733271, 74.964, 0.296152, 71.5089, 0.478231, -90.8103
3630, 60.49167, 1.44343, -5.84653, 5.31181, -15.7737, 8.05419, 179.082, 0.0734767, 75.0023, 0.297159, 71.6049, 0.479652, -90.7872
3630, 60.50000, 1.44573, -5.83185, 5.32855, -15.6873, 8.07668, 179.109, 0.0736268, 75.0405, 0.298168, 71.7005, 0.481076, -90.7643
3631, 60.50833, 1.44804, -5.81722, 5.34534, -15.6015, 8.09922, 179.135, 0.0737773, 75.0786, 0.299181, 71.7955, 0.482503, -90.7415
3631, 60.51667, 1.45035, -5.80265, 5.36218, -15.5162, 8.12181, 179.161, 0.0739283, 75.1166, 0.300197, 71.8899, 0.483934, -90.7189
3632, 60.52500, 1.45266, -5.78812, 5.37907, -15.4314, 8.14445, 179.187, 0.0740797, 75.1545, 0.301216, 71.9839, 0.485368, -90.6965
3632, 60.53333, 1.45499, -5.77365, 5.396, -15.347, 8.16713, 179.212, 0.0742316, 75.1923, 0.302239, 72.0772, 0.486805, -90.6742
3633, 60.54167, 1.45732, -5.75923, 5.41298, -15.2631, 8.18986, 179.238, 0.0743839, 75.23, 0.303265, 72.1701, 0.488246, -90.6521
3633, 60.55000, 1.45965, -5.74486, 5.43001, -15.1798, 8.21264, 179.263, 0.0745367, 75.2676, 0.304294, 72.2624, 0.48969, -90.6301
3634, 60.55833, 1.46199, -5.73054, 5.44708, -15.0969, 8.23547, 179.288, 0.0746899, 75.3051, 0.305327, 72.3542, 0.491138, -90.6084
3634, 60.56667, 1.46434, -5.71627, 5.4642, -15.0145, 8.25835, 179.313, 0.0748437, 75.3425, 0.306362, 72.4455, 0.492589, -90.5867
3635, 60.57500, 1.46669, -5.70206, 5.48137, -14.9325, 8.28127, 179.338, 0.0749978, 75.3798, 0.307402, 72.5362, 0.494043, -90.5652
3635, 60.58333, 1.46905, -5.68789, 5.49859, -14.8511, 8.30424, 179.363, 0.0751525, 75.417, 0.308444, 72.6264, 0.495501, -90.5439
3636, 60.59167, 1.47142, -5.67378, 5.51585, -14.7701, 8.32727, 179.387, 0.0753076, 75.4542, 0.30949, 72.7162, 0.496963, -90.5227
3636, 60.60000, 1.47379, -5.65971, 5.53316, -14.6895, 8.35034, 179.411, 0.0754631, 75.4912, 0.310539, 72.8054, 0.498428, -90.5017
3637, 60.60833, 1.47617, -5.6457, 5.55052, -14.6095, 8.37346, 179.436, 0.0756191, 75.5281, 0.311591, 72.894, 0.499896, -90.4809
3637, 60.61667, 1.47855, -5.63174, 5.56793, -14.5299, 8.39663, 179.459, 0.0757757, 75.565, 0.312646, 72.9822, 0.501368, -90.4602
3638, 60.62500, 1.48094, -5.61783, 5.58538, -14.4508, 8.41984, 179.483, 0.0759326, 75.6017, 0.313705, 73.0699, 0.502843, -90.4396
3638, 60.63333, 1.48334, -5.60397, 5.60288, -14.3721, 8.44311, 179.507, 0.0760901, 75.6383, 0.314767, 73.157, 0.504322, -90.4192
3639, 60.64167, 1.48574, -5.59016, 5.62043, -14.2939, 8.46643, 179.53, 0.076248, 75.6749, 0.315833, 73.2437, 0.505804, -90.399
3639, 60.65000, 1.48815, -5.5764, 5.63803, -14.2162, 8.48979, 179.554, 0.0764064, 75.7113, 0.316902, 73.3298, 0.50729, -90.3789
3640, 60.65833, 1.49057, -5.5627, 5.65567, -14.1389, 8.51321, 179.577, 0.0765652, 75.7477, 0.317974, 73.4155, 0.50878, -90.359
3640, 60.66667, 1.49299, -5.54904, 5.67337, -14.062, 8.53668, 179.6, 0.0767246, 75.784, 0.31905, 73.5006, 0.510273, -90.3392
3641, 60.67500, 1.49542, -5.53543, 5.69111, -13.9856, 8.56019, 179.622, 0.0768844, 75.8201, 0.320129, 73.5853, 0.511769, -90.3196
3641, 60.68333, 1.49786, -5.52188, 5.70889, -13.9097, 8.58376, 179.645, 0.0770447, 75.8562, 0.321211, 73.6695, 0.513269, -90.3001
3642, 60.69167, 1.5003, -5.50837, 5.72673, -13.8342, 8.60738, 179.667, 0.0772055, 75.8922, 0.322296, 73.7532, 0.514773, -90.2808
3642, 60.70000, 1.50275, -5.49492, 5.74462, -13.7591, 8.63104, 179.69, 0.0773668, 75.928, 0.323385, 73.8364, 0.51628, -90.2616
3643, 60.70833, 1.5052, -5.48151, 5.76255, -13.6845, 8.65476, 179.712, 0.0775286, 75.9638, 0.324478, 73.9191, 0.517791, -90.2426
3643, 60.71667, 1.50766, -5.46816, 5.78053, -13.6103, 8.67853, 179.734, 0.0776908, 75.9995, 0.325573, 74.0013, 0.519306, -90.2237
3644, 60.72500, 1.51013, -5.45486, 5.79856, -13.5366, 8.70235, 179.755, 0.0778536, 76.0351, 0.326672, 74.0831, 0.520824, -90.205
3644, 60.73333, 1.5126, -5.44161, 5.81664, -13.4633, 8.72622, 179.777, 0.0780168, 76.0706, 0.327775, 74.1644, 0.522346, -90.1864
3645, 60.74167, 1.51508, -5.42841, 5.83476, -13.3904, 8.75015, 179.799, 0.0781806, 76.106, 0.32888, 74.2452, 0.523871, -90.1679
3645, 60.75000, 1.51757, -5.41525, 5.85294, -13.3179, 8.77412, 179.82, 0.0783448, 76.1413, 0.32999, 74.3255, 0.525401, -90.1497
3646, 60.75833, 1.52006, -5.40215, 5.87116, -13.2459, 8.79814, 179.841, 0.0785095, 76.1765, 0.331102, 74.4054, 0.526933, -90.1315
3646, 60.76667, 1.52256, -5.3891, 5.88943, -13.1743, 8.82222, 179.862, 0.0786747, 76.2116, 0.332218, 74.4848, 0.52847, -90.1135
3647, 60.77500, 1.52507, -5.3761, 5.90775, -13.1032, 8.84635, 179.883, 0.0788405, 76.2466, 0.333337, 74.5637, 0.53001, -90.0957
3647, 60.78333, 1.52759, -5.36315, 5.92612, -13.0324, 8.87053, 179.903, 0.0790067, 76.2815, 0.33446, 74.6422, 0.531554, -90.078
3648, 60.79167, 1.53011, -5.35025, 5.94454, -12.9621, 8.89477, 179.924, 0.0791734, 76.3164, 0.335586, 74.7202, 0.533102, -90.0604
3648, 60.80000, 1.53263, -5.3374, 5.963, -12.8922, 8.91905, 179.944, 0.0793407, 76.3511, 0.336716, 74.7978, 0.534653, -90.043
3649, 60.80833, 1.53517, -5.32461, 5.98152, -12.8227, 8.94339, 179.964, 0.0795084, 76.3857, 0.337849, 74.8749, 0.536208, -90.0258
3649, 60.81667, 1.53771, -5.31186, 6.00008, -12.7536, 8.96779, 179.985, 0.0796767, 76.4203, 0.338985, 74.9515, 0.537767, -90.0087
3650, 60.82500, 1.54026, -5.29916, 6.01869, -12.6849, 8.99223, -179.996, 0.0798454, 76.4547, 0.340125, 75.0277, 0.53933, -89.9917
3650, 60.83333, 1.54281, -5.28651, 6.03736, -12.6167, 9.01673, -179.976, 0.0800147, 76.4891, 0.341268, 75.1035, 0.540896, -89.9749
3651, 60.84167, 1.54537, -5.27391, 6.05607, -12.5488, 9.04128, -179.956, 0.0801845, 76.5234, 0.342415, 75.1787, 0.542467, -89.9582
3651, 60.85000, 1.54794, -5.26136, 6.07483, -12.4814, 9.06589, -179.937, 0.0803548, 76.5575, 0.343565, 75.2536, 0.544041, -89.9416
3652, 60.85833, 1.55051, -5.24886, 6.09364, -12.4143, 9.09054, -179.918, 0.0805256, 76.5916, 0.344718, 75.328, 0.545618, -89.9252
3652, 60.86667, 1.5531, -5.23641, 6.1125, -12.3477, 9.11526, -179.899, 0.080697, 76.6256, 0.345876, 75.402, 0.5472, -89.909
3653, 60.87500, 1.55569, -5.22402, 6.13141, -12.2815, 9.14002, -179.88, 0.0808689, 76.6595, 0.347036, 75.4755, 0.548786, -89.8928
3653, 60.88333, 1.55828, -5.21167, 6.15036, -12.2156, 9.16484, -179.861, 0.0810413, 76.6933, 0.3482, 75.5486, 0.550375, -89.8769
3654, 60.89167, 1.56089, -5.19937, 6.16937, -12.1502, 9.18972, -179.842, 0.0812142, 76.727, 0.349368, 75.6212, 0.551969, -89.861
3654, 60.90000, 1.5635, -5.18712, 6.18843, -12.0851, 9.21465, -179.824, 0.0813876, 76.7606, 0.350538, 75.6935, 0.553566, -89.8453
3655, 60.90833, 1.56611, -5.17492, 6.20754, -12.0205, 9.23963, -179.805, 0.0815616, 76.7941, 0.351713, 75.7653, 0.555167, -89.8298
3655, 60.91667, 1.56874, -5.16278, 6.22669, -11.9562, 9.26467, -179.787, 0.0817361, 76.8275, 0.352891, 75.8366, 0.556772, -89.8143
3656, 60.92500, 1.57137, -5.15068, 6.2459, -11.8923, 9.28976, -179.769, 0.0819112, 76.8608, 0.354072, 75.9076, 0.558381, -89.799
3656, 60.93333, 1.57401, -5.13863, 6.26516, -11.8289, 9.31491, -179.751, 0.0820867, 76.8941, 0.355257, 75.9781, 0.559993, -89.7839
3657, 60.94167, 1.57665, -5.12663, 6.28446, -11.7658, 9.34012, -179.734, 0.0822629, 76.9272, 0.356446, 76.0482, 0.56161, -89.7689
3657, 60.95000, 1.5793, -5.11468, 6.30382, -11.703, 9.36537, -179.716, 0.0824395, 76.9602, 0.357637, 76.1178, 0.563231, -89.754
3658, 60.95833, 1.58196, -5.10278, 6.32323, -11.6407, 9.39069, -179.699, 0.0826167, 76.9932, 0.358833, 76.1871, 0.564856, -89.7393
3658, 60.96667, 1.58463, -5.09093, 6.34269, -11.5787, 9.41606, -179.681, 0.0827944, 77.0261, 0.360032, 76.2559, 0.566485, -89.7247
3659, 60.97500, 1.58731, -5.07913, 6.36219, -11.5172, 9.44149, -179.664, 0.0829727, 77.0588, 0.361235, 76.3243, 0.568117, -89.7103
3659, 60.98333, 1.58999, -5.06738, 6.38175, -11.456, 9.46697, -179.647, 0.0831515, 77.0915, 0.362441, 76.3923, 0.569754, -89.696
3660, 60.99167, 1.59268, -5.05568, 6.40136, -11.3951, 9.49251, -179.63, 0.0833309, 77.1241, 0.36365, 76.4599, 0.571395, -89.6818
3660, 61.00000, 1.59537, -5.04403, 6.42102, -11.3347, 9.51811, -179.614, 0.0835108, 77.1566, 0.364863, 76.5271, 0.57304, -89.6677
3661, 61.00833, 1.59808, -5.03243, 6.44073, -11.2746, 9.54376, -179.597, 0.0836913, 77.189, 0.36608, 76.5939, 0.574688, -89.6538
3661, 61.01667, 1.60079, -5.02088, 6.46049, -11.2149, 9.56947, -179.581, 0.0838724, 77.2213, 0.367301, 76.6603, 0.576342, -89.64
3662, 61.02500, 1.60351, -5.00938, 6.48031, -11.1556, 9.59524, -179.564, 0.0840539, 77.2535, 0.368525, 76.7262, 0.577998, -89.6264
3662, 61.03333, 1.60624, -4.99793, 6.50017, -11.0966, 9.62106, -179.548, 0.0842361, 77.2856, 0.369752, 76.7918, 0.57966, -89.6129
3663, 61.04167, 1.60897, -4.98653, 6.52009, -11.038, 9.64694, -179.532, 0.0844188, 77.3176, 0.370983, 76.857, 0.581325, -89.5995
3663, 61.05000, 1.61171, -4.97518, 6.54005, -10.9797, 9.67288, -179.517, 0.0846021, 77.3496, 0.372218, 76.9218, 0.582994, -89.5863
3664, 61.05833, 1.61446, -4.96387, 6.56007, -10.9218, 9.69888, -179.501, 0.0847859, 77.3814, 0.373456, 76.9861, 0.584668, -89.5732
3664, 61.06667, 1.61722, -4.95262, 6.58014, -10.8643, 9.72494, -179.485, 0.0849703, 77.4131, 0.374698, 77.0501, 0.586345, -89.5602
3665, 61.07500, 1.61998, -4.94142, 6.60026, -10.8071, 9.75105, -179.47, 0.0851553, 77.4448, 0.375944, 77.1137, 0.588027, -89.5474
3665, 61.08333, 1.62275, -4.93027, 6.62043, -10.7503, 9.77722, -179.455, 0.0853408, 77.4764, 0.377193, 77.1769, 0.589713, -89.5347
3666, 61.09167, 1.62553, -4.91916, 6.64066, -10.6939, 9.80346, -179.44, 0.085527, 77.5078, 0.378446, 77.2397, 0.591403, -89.5221
3666, 61.10000, 1.62832, -4.90811, 6.66093, -10.6378, 9.82974, -179.425, 0.0857136, 77.5392, 0.379702, 77.3021, 0.593098, -89.5097
3667, 61.10833, 1.63111, -4.89711, 6.68126, -10.582, 9.85609, -179.41, 0.0859009, 77.5705, 0.380962, 77.3642, 0.594796, -89.4974
3667, 61.11667, 1.63392, -4.88615, 6.70164, -10.5266, 9.8825, -179.395, 0.0860888, 77.6017, 0.382226, 77.4258, 0.596499, -89.4852
3668, 61.12500, 1.63673, -4.87525, 6.72207, -10.4716, 9.90897, -179.381, 0.0862772, 77.6328, 0.383494, 77.4871, 0.598206, -89.4732
3668, 61.13333, 1.63954, -4.86439, 6.74255, -10.4168, 9.9355, -179.366, 0.0864662, 77.6638, 0.384765, 77.548, 0.599917, -89.4613
3669, 61.14167, 1.64237, -4.85359, 6.76309, -10.3625, 9.96209, -179.352, 0.0866558, 77.6947, 0.38604, 77.6085, 0.601633, -89.4495
3669, 61.15000, 1.6452, -4.84283, 6.78368, -10.3085, 9.98873, -179.338, 0.086846, 77.7256, 0.387319, 77.6687, 0.603353, -89.4378
3670, 61.15833, 1.64805, -4.83212, 6.80432, -10.2548, 10.0154, -179.324, 0.0870368, 77.7563, 0.388601, 77.7284, 0.605077, -89.4263
3670, 61.16667, 1.6509, -4.82147, 6.82502, -10.2015, 10.0422, -179.31, 0.0872282, 77.787, 0.389887, 77.7878, 0.606806, -89.4149
3671, 61.17500, 1.65375, -4.81086, 6.84577, -10.1485, 10.069, -179.296, 0.0874201, 77.8175, 0.391177, 77.8468, 0.608539, -89.4037
3671, 61.18333, 1.65662, -4.8003, 6.86657, -10.0958, 10.0959, -179.283, 0.0876127, 77.848, 0.39247, 77.9055, 0.610276, -89.3925
3672, 61.19167, 1.65949, -4.7898, 6.88742, -10.0435, 10.1229, -179.269, 0.0878059, 77.8784, 0.393767, 77.9638, 0.612018, -89.3815
3672, 61.20000, 1.66237, -4.77934, 6.90833, -9.99152, 10.1499, -179.256, 0.0879996, 77.9086, 0.395068, 78.0217, 0.613764, -89.3707
3673, 61.20833, 1.66526, -4.76893, 6.92929, -9.93988, 10.177, -179.243, 0.088194, 77.9388, 0.396373, 78.0792, 0.615514, -89.3599
3673, 61.21667, 1.66816, -4.75857, 6.9503, -9.88856, 10.2041, -179.23, 0.088389, 77.9689, 0.397681, 78.1364, 0.617269, -89.3493
3674, 61.22500, 1.67107, -4.74826, 6.97137, -9.83758, 10.2313, -179.217, 0.0885845, 77.9989, 0.398994, 78.1932, 0.619028, -89.3388
3674, 61.23333, 1.67398, -4.73801, 6.99249, -9.78693, 10.2586, -179.205, 0.0887807, 78.0289, 0.40031, 78.2497, 0.620792, -89.3285
3675, 61.24167, 1.67691, -4.7278, 7.01367, -9.7366, 10.2859, -179.192, 0.0889775, 78.0587, 0.401629, 78.3058, 0.62256, -89.3182
3675, 61.25000, 1.67984, -4.71764, 7.03489, -9.6866, 10.3133, -179.18, 0.089175, 78.0884, 0.402953, 78.3616, 0.624332, -89.3081
3676, 61.25833, 1.68278, -4.70753, 7.05618, -9.63693, 10.3407, -179.167, 0.089373, 78.1181, 0.40428, 78.4169, 0.626109, -89.2982
3676, 61.26667, 1.68572, -4.69747, 7.07752, -9.58758, 10.3682, -179.155, 0.0895717, 78.1476, 0.405612, 78.472, 0.627891, -89.2883
3677, 61.27500, 1.68868, -4.68746, 7.09891, -9.53855, 10.3958, -179.143, 0.0897709, 78.1771, 0.406947, 78.5267, 0.629677, -89.2786
3677, 61.28333, 1.69164, -4.6775, 7.12035, -9.48985, 10.4234, -179.131, 0.0899708, 78.2065, 0.408286, 78.581, 0.631468, -89.269
3678, 61.29167, 1.69462, -4.66758, 7.14185, -9.44146, 10.4511, -179.119, 0.0901714, 78.2358, 0.409629, 78.635, 0.633263, -89.2595
3678, 61.30000, 1.6976, -4.65772, 7.16341, -9.3934, 10.4789, -179.108, 0.0903725, 78.2649, 0.410975, 78.6886, 0.635063, -89.2502
3679, 61.30833, 1.70059, -4.64791, 7.18502, -9.34566, 10.5067, -179.096, 0.0905743, 78.294, 0.412326, 78.7419, 0.636867, -89.241
3679, 61.31667, 1.70358, -4.63815, 7.20668, -9.29822, 10.5346, -179.085, 0.0907768, 78.3231, 0.41368, 78.7949, 0.638676, -89.2319
3680, 61.32500, 1.70659, -4.62844, 7.2284, -9.25111, 10.5626, -179.074, 0.0909798, 78.352, 0.415038, 78.8475, 0.64049, -89.2229
3680, 61.33333, 1.70961, -4.61878, 7.25018, -9.20431, 10.5906, -179.063, 0.0911835, 78.3808, 0.416401, 78.8997, 0.642308, -89.2141
3681, 61.34167, 1.71263, -4.60916, 7.27201, -9.15781, 10.6187, -179.052, 0.0913879, 78.4096, 0.417767, 78.9517, 0.644131, -89.2054
3681, 61.35000, 1.71566, -4.5996, 7.29389, -9.11164, 10.6468, -179.041, 0.0915929, 78.4382, 0.419137, 79.0032, 0.645959, -89.1968
3682, 61.35833, 1.7187, -4.59009, 7.31583, -9.06577, 10.675, -179.03, 0.0917985, 78.4668, 0.420511, 79.0545, 0.647791, -89.1884
3682, 61.36667, 1.72175, -4.58062, 7.33783, -9.02021, 10.7033, -179.02, 0.0920048, 78.4952, 0.421889, 79.1054, 0.649628, -89.18
3683, 61.37500, 1.72481, -4.57121, 7.35989, -8.97496, 10.7317, -179.009, 0.0922118, 78.5236, 0.42327, 79.156, 0.651469, -89.1718
3683, 61.38333, 1.72788, -4.56185, 7.38199, -8.93001, 10.7601, -178.999, 0.0924193, 78.5519, 0.424656, 79.2062, 0.653316, -89.1637
3684, 61.39167, 1.73096, -4.55254, 7.40416, -8.88537, 10.7886, -178.989, 0.0926276, 78.5801, 0.426046, 79.2561, 0.655167, -89.1558
3684, 61.40000, 1.73404, -4.54327, 7.42638, -8.84104, 10.8171, -178.979, 0.0928365, 78.6082, 0.42744, 79.3057, 0.657023, -89.1479
3685, 61.40833, 1.73713, -4.53406, 7.44866, -8.797, 10.8457, -178.969, 0.0930461, 78.6362, 0.428837, 79.3549, 0.658883, -89.1402
3685, 61.41667, 1.74024, -4.5249, 7.471, -8.75327, 10.8744, -178.959, 0.0932563, 78.6642, 0.430239, 79.4038, 0.660749, -89.1326
3686, 61.42500, 1.74335, -4.51578, 7.49339, -8.70984, 10.9031, -178.949, 0.0934672, 78.692, 0.431645, 79.4524, 0.662619, -89.1252
3686, 61.43333, 1.74647, -4.50672, 7.51584, -8.66671, 10.932, -178.94, 0.0936788, 78.7197, 0.433055, 79.5007, 0.664494, -89.1178
3687, 61.44167, 1.7496, -4.49771, 7.53834, -8.62387, 10.9608, -178.931, 0.0938911, 78.7474, 0.434469, 79.5486, 0.666374, -89.1106
3687, 61.45000, 1.75274, -4.48875, 7.56091, -8.58133, 10.9898, -178.921, 0.094104, 78.775, 0.435887, 79.5962, 0.668259, -89.1035
3688, 61.45833, 1.75589, -4.47983, 7.58353, -8.53909, 11.0188, -178.912, 0.0943176, 78.8025, 0.437308, 79.6435, 0.670149, -89.0966
3688, 61.46667, 1.75904, -4.47097, 7.60621, -8.49714, 11.0479, -178.903, 0.0945319, 78.8299, 0.438734, 79.6905, 0.672043, -89.0897
3689, 61.47500, 1.76221, -4.46216, 7.62894, -8.45549, 11.0771, -178.894, 0.0947468, 78.8572, 0.440164, 79.7372, 0.673943, -89.083
3689, 61.48333, 1.76539, -4.4534, 7.65173, -8.41413, 11.1063, -178.886, 0.0949624, 78.8844, 0.441599, 79.7835, 0.675847, -89.0764
3690, 61.49167, 1.76857, -4.44468, 7.67459, -8.37306, 11.1356, -178.877, 0.0951788, 78.9115, 0.443037, 79.8295, 0.677757, -89.0699
3690, 61.50000, 1.77176, -4.43602, 7.69749, -8.33228, 11.1649, -178.869, 0.0953958, 78.9385, 0.444479, 79.8752, 0.679671, -89.0636
3691, 61.50833, 1.77497, -4.42741, 7.72046, -8.29179, 11.1944, -178.86, 0.0956135, 78.9655, 0.445926, 79.9206, 0.68159, -89.0573
3691, 61.51667, 1.77818, -4.41885, 7.74349, -8.25158, 11.2239, -178.852, 0.095832, 78.9923, 0.447376, 79.9657, 0.683515, -89.0512
3692, 61.52500, 1.7814, -4.41034, 7.76657, -8.21167, 11.2534, -178.844, 0.0960511, 79.0191, 0.448831, 80.0105, 0.685444, -89.0452
3692, 61.53333, 1.78464, -4.40188, 7.78972, -8.17204, 11.2831, -178.836, 0.0962709, 79.0458, 0.45029, 80.0549, 0.687379, -89.0393
3693, 61.54167, 1.78788, -4.39347, 7.81292, -8.1327, 11.3128, -178.829, 0.0964914, 79.0723, 0.451753, 80.0991, 0.689318, -89.0336
3693, 61.55000, 1.79113, -4.38511, 7.83618, -8.09364, 11.3426, -178.821, 0.0967127, 79.0988, 0.453221, 80.1429, 0.691263, -89.028
3694, 61.55833, 1.79439, -4.3768, 7.8595, -8.05486, 11.3724, -178.813, 0.0969346, 79.1252, 0.454692, 80.1864, 0.693213, -89.0225
3694, 61.56667, 1.79766, -4.36854, 7.88288, -8.01636, 11.4024, -178.806, 0.0971573, 79.1516, 0.456168, 80.2296, 0.695168, -89.0171
3695, 61.57500, 1.80094, -4.36034, 7.90632, -7.97815, 11.4324, -178.799, 0.0973807, 79.1778, 0.457648, 80.2726, 0.697128, -89.0118
3695, 61.58333, 1.80423, -4.35218, 7.92982, -7.94022, 11.4624, -178.791, 0.0976048, 79.2039, 0.459132, 80.3152, 0.699093, -89.0067
3696, 61.59167, 1.80753, -4.34407, 7.95338, -7.90256, 11.4926, -178.784, 0.0978296, 79.23, 0.46062, 80.3575, 0.701063, -89.0017
3696, 61.60000, 1.81083, -4.33602, 7.977, -7.86518, 11.5228, -178.778, 0.0980551, 79.2559, 0.462113, 80.3995, 0.703039, -88.9968
3697, 61.60833, 1.81415, -4.32801, 8.00068, -7.82808, 11.5531, -178.771, 0.0982814, 79.2818, 0.46361, 80.4412, 0.705019, -88.992
3697, 61.61667, 1.81748, -4.32006, 8.02442, -7.79125, 11.5835, -178.764, 0.0985084, 79.3076, 0.465111, 80.4826, 0.707005, -88.9874
3698, 61.62500, 1.82082, -4.31215, 8.04822, -7.75471, 11.6139, -178.758, 0.0987361, 79.3333, 0.466616, 80.5237, 0.708996, -88.9828
3698, 61.63333, 1.82417, -4.3043, 8.07208, -7.71843, 11.6444, -178.751, 0.0989646, 79.3589, 0.468126, 80.5646, 0.710993, -88.9784
3699, 61.64167, 1.82753, -4.2965, 8.09601, -7.68243, 11.675, -178.745, 0.0991938, 79.3844, 0.46964, 80.6051, 0.712995, -88.9741
3699, 61.65000, 1.83089, -4.28875, 8.11999, -7.6467, 11.7056, -178.739, 0.0994238, 79.4098, 0.471159, 80.6453, 0.715002, -88.9699
3700, 61.65833, 1.83427, -4.28105, 8.14403, -7.61124, 11.7364, -178.733, 0.0996545, 79.4351, 0.472681, 80.6852, 0.717014, -88.9659
3700, 61.66667, 1.83766, -4.2734, 8.16814, -7.57605, 11.7672, -178.727, 0.099886, 79.4604, 0.474209, 80.7249, 0.719032, -88.962
3701, 61.67500, 1.84106, -4.2658, 8.19231, -7.54114, 11.798, -178.721, 0.100118, 79.4855, 0.47574, 80.7642, 0.721055, -88.9582
3701, 61.68333, 1.84447, -4.25826, 8.21654, -7.50649, 11.829, -178.716, 0.100351, 79.5106, 0.477276, 80.8033, 0.723084, -88.9545
3702, 61.69167, 1.84789, -4.25076, 8.24083, -7.4721, 11.86, -178.71, 0.100585, 79.5356, 0.478817, 80.842, 0.725118, -88.9509
3702, 61.70000, 1.85132, -4.24332, 8.26519, -7.43799, 11.8911, -178.705, 0.100819, 79.5605, 0.480361, 80.8805, 0.727157, -88.9474
3703, 61.70833, 1.85475, -4.23593, 8.2896, -7.40414, 11.9223, -178.7, 0.101055, 79.5853, 0.48191, 80.9187, 0.729202, -88.9441
3703, 61.71667, 1.85821, -4.22858, 8.31408, -7.37055, 11.9536, -178.695, 0.101291, 79.61, 0.483464, 80.9566, 0.731252, -88.9409
3704, 61.72500, 1.86167, -4.22129, 8.33862, -7.33724, 11.9849, -178.69, 0.101527, 79.6346, 0.485022, 80.9942, 0.733308, -88.9378
3704, 61.73333, 1.86514, -4.21406, 8.36323, -7.30418, 12.0163, -178.685, 0.101765, 79.6591, 0.486584, 81.0316, 0.735369, -88.9349
3705, 61.74167, 1.86862, -4.20687, 8.3879, -7.27139, 12.0478, -178.68, 0.102003, 79.6836, 0.488151, 81.0686, 0.737436, -88.932
3705, 61.75000, 1.87211, -4.19973, 8.41263, -7.23885, 12.0794, -178.675, 0.102242, 79.7079, 0.489723, 81.1054, 0.739508, -88.9293
3706, 61.75833, 1.87561, -4.19265, 8.43742, -7.20659, 12.111, -178.671, 0.102482, 79.7322, 0.491299, 81.1419, 0.741586, -88.9267
3706, 61.76667, 1.87912, -4.18562, 8.46229, -7.17457, 12.1427, -178.667, 0.102723, 79.7564, 0.492879, 81.1781, 0.74367, -88.9242
3707, 61.77500, 1.88265, -4.17864, 8.48721, -7.14282, 12.1745, -178.662, 0.102965, 79.7805, 0.494464, 81.214, 0.745759, -88.9218
3707, 61.78333, 1.88618, -4.17171, 8.51219, -7.11133, 12.2064, -178.658, 0.103207, 79.8045, 0.496054, 81.2497, 0.747854, -88.9196
3708, 61.79167, 1.88973, -4.16483, 8.53725, -7.08009, 12.2384, -178.654, 0.10345, 79.8284, 0.497648, 81.285, 0.749954, -88.9174
3708, 61.80000, 1.89328, -4.15801, 8.56236, -7.04912, 12.2704, -178.65, 0.103694, 79.8522, 0.499247, 81.3201, 0.752061, -88.9154
3709, 61.80833, 1.89685, -4.15124, 8.58754, -7.0184, 12.3025, -178.647, 0.103938, 79.8759, 0.50085, 81.3549, 0.754172, -88.9135
3709, 61.81667, 1.90043, -4.14452, 8.61279, -6.98793, 12.3347, -178.643, 0.104184, 79.8996, 0.502458, 81.3895, 0.75629, -88.9117
3710, 61.82500, 1.90401, -4.13785, 8.6381, -6.95772, 12.367, -178.64, 0.10443, 79.9231, 0.504071, 81.4237, 0.758413, -88.9101
3710, 61.83333, 1.90761, -4.13123, 8.66347, -6.92776, 12.3994, -178.636, 0.104677, 79.9466, 0.505688, 81.4577, 0.760542, -88.9086
3711, 61.84167, 1.91122, -4.12467, 8.68891, -6.89806, 12.4318, -178.633, 0.104925, 79.9699, 0.50731, 81.4914, 0.762677, -88.9071
3711, 61.85000, 1.91485, -4.11816, 8.71442, -6.86861, 12.4643, -178.63, 0.105174, 79.9932, 0.508936, 81.5249, 0.764818, -88.9058
3712, 61.85833, 1.91848, -4.1117, 8.73999, -6.83941, 12.4969, -178.627, 0.105424, 80.0164, 0.510567, 81.5581, 0.766964, -88.9047
3712, 61.86667, 1.92212, -4.10529, 8.76563, -6.81046, 12.5296, -178.624, 0.105674, 80.0395, 0.512203, 81.591, 0.769117, -88.9036
3713, 61.87500, 1.92578, -4.09894, 8.79134, -6.78176, 12.5623, -178.621, 0.105925, 80.0625, 0.513844, 81.6236, 0.771275, -88.9027
3713, 61.88333, 1.92944, -4.09264, 8.81711, -6.75331, 12.5952, -178.619, 0.106177, 80.0855, 0.515489, 81.656, 0.773439, -88.9019
3714, 61.89167, 1.93312, -4.08639, 8.84295, -6.72511, 12.6281, -178.616, 0.10643, 80.1083, 0.517139, 81.6881, 0.775609, -88.9012
3714, 61.90000, 1.93681, -4.08019, 8.86885, -6.69716, 12.6611, -178.614, 0.106684, 80.1311, 0.518794, 81.7199, 0.777785, -88.9006
3715, 61.90833, 1.94051, -4.07405, 8.89482, -6.66946, 12.6942, -178.612, 0.106939, 80.1537, 0.520454, 81.7515, 0.779967, -88.9001
3715, 61.91667, 1.94422, -4.06796, 8.92087, -6.642, 12.7274, -178.61, 0.107194, 80.1763, 0.522118, 81.7828, 0.782155, -88.8998
3716, 61.92500, 1.94795, -4.06192, 8.94697, -6.61479, 12.7606, -178.608, 0.10745, 80.1988, 0.523787, 81.8138, 0.784349, -88.8996
3716, 61.93333, 1.95168, -4.05594, 8.97315, -6.58782, 12.794, -178.606, 0.107708, 80.2212, 0.525461, 81.8446, 0.786549, -88.8995
3717, 61.94167, 1.95543, -4.05001, 8.99939, -6.5611, 12.8274, -178.604, 0.107966, 80.2435, 0.52714, 81.8751, 0.788755, -88.8995
3717, 61.95000, 1.95919, -4.04413, 9.02571, -6.53462, 12.8609, -178.603, 0.108225, 80.2657, 0.528824, 81.9053, 0.790967, -88.8996
3718, 61.95833, 1.96295, -4.03831, 9.05208, -6.50839, 12.8945, -178.601, 0.108484, 80.2878, 0.530512, 81.9353, 0.793185, -88.8999
3718, 61.96667, 1.96674, -4.03254, 9.07854, -6.4824, 12.9282, -178.6, 0.108745, 80.3098, 0.532206, 81.965, 0.79541, -88.9003
3719, 61.97500, 1.97053, -4.02682, 9.10505, -6.45665, 12.962, -178.599, 0.109006, 80.3318, 0.533904, 81.9945, 0.79764, -88.9008
3719, 61.98333, 1.97434, -4.02116, 9.13164, -6.43115, 12.9958, -178.598, 0.109269, 80.3536, 0.535607, 82.0237, 0.799877, -88.9014
3720, 61.99167, 1.97815, -4.01555, 9.1583, -6.40588, 13.0298, -178.597, 0.109532, 80.3754, 0.537316, 82.0526, 0.80212, -88.9021
3720, 62.00000, 1.98198, -4.00999, 9.18502, -6.38086, 13.0638, -178.596, 0.109796, 80.3971, 0.539029, 82.0813, 0.804369, -88.903
3721, 62.00833, 1.98582, -4.00449, 9.21182, -6.35608, 13.0979, -178.595, 0.110061, 80.4186, 0.540747, 82.1097, 0.806624, -88.9039
3721, 62.01667, 1.98968, -3.99904, 9.23869, -6.33153, 13.1321, -178.594, 0.110327, 80.4401, 0.54247, 82.1379, 0.808886, -88.905
3722, 62.02500, 1.99354, -3.99365, 9.26562, -6.30722, 13.1664, -178.594, 0.110594, 80.4615, 0.544198, 82.1658, 0.811153, -88.9063
3722, 62.03333, 1.99742, -3.98831, 9.29263, -6.28316, 13.2008, -178.594, 0.110862, 80.4828, 0.545931, 82.1935, 0.813428, -88.9076
3723, 62.04167, 2.00131, -3.98303, 9.31971, -6.25933, 13.2352, -178.593, 0.111131, 80.5041, 0.54767, 82.2209, 0.815708, -88.909
3723, 62.05000, 2.00521, -3.9778, 9.34686, -6.23573, 13.2698, -178.593, 0.1114, 80.5252, 0.549413, 82.2481, 0.817995, -88.9106
3724, 62.05833, 2.00913, -3.97262, 9.37408, -6.21238, 13.3044, -178.593, 0.111671, 80.5463, 0.551161, 82.275, 0.820288, -88.9123
3724, 62.06667, 2.01306, -3.9675, 9.40137, -6.18925, 13.3392, -178.594, 0.111942, 80.5672, 0.552915, 82.3016, 0.822588, -88.9141
3725, 62.07500, 2.01699, -3.96243, 9.42873, -6.16637, 13.374, -178.594, 0.112214, 80.5881, 0.554673, 82.328, 0.824894, -88.9161
3725, 62.08333, 2.02095, -3.95742, 9.45617, -6.14372, 13.4089, -178.594, 0.112488, 80.6089, 0.556436, 82.3542, 0.827207, -88.9181
3726, 62.09167, 2.02491, -3.95246, 9.48368, -6.1213, 13.4439, -178.595, 0.112762, 80.6295, 0.558205, 82.3801, 0.829526, -88.9203
3726, 62.10000, 2.02889, -3.94756, 9.51126, -6.09912, 13.479, -178.596, 0.113037, 80.6501, 0.559979, 82.4057, 0.831852, -88.9226
3727, 62.10833, 2.03288, -3.94271, 9.53891, -6.07717, 13.5142, -178.596, 0.113313, 80.6706, 0.561758, 82.4311, 0.834184, -88.925
3727, 62.11667, 2.03688, -3.93792, 9.56664, -6.05545, 13.5494, -178.597, 0.11359, 80.6911, 0.563543, 82.4562, 0.836523, -88.9275
3728, 62.12500, 2.0409, -3.93318, 9.59444, -6.03397, 13.5848, -178.598, 0.113868, 80.7114, 0.565332, 82.4811, 0.838868, -88.9302
3728, 62.13333, 2.04493, -3.9285, 9.62231, -6.01272, 13.6203, -178.599, 0.114147, 80.7316, 0.567127, 82.5058, 0.84122, -88.933
3729, 62.14167, 2.04897, -3.92387, 9.65026, -5.99169, 13.6558, -178.601, 0.114427, 80.7518, 0.568927, 82.5302, 0.843579, -88.9359
3729, 62.15000, 2.05302, -3.9193, 9.67828, -5.9709, 13.6915, -178.602, 0.114708, 80.7718, 0.570732, 82.5544, 0.845944, -88.9389
3730, 62.15833, 2.05709, -3.91479, 9.70637, -5.95034, 13.7272, -178.604, 0.114989, 80.7918, 0.572542, 82.5783, 0.848316, -88.942
3730, 62.16667, 2.06117, -3.91033, 9.73454, -5.93001, 13.763, -178.605, 0.115272, 80.8116, 0.574358, 82.6019, 0.850695, -88.9453
3731, 62.17500, 2.06526, -3.90593, 9.76278, -5.90991, 13.799, -178.607, 0.115556, 80.8314, 0.57618, 82.6254, 0.85308, -88.9487
3731, 62.18333, 2.06937, -3.90158, 9.7911, -5.89004, 13.835, -178.609, 0.115841, 80.8511, 0.578006, 82.6485, 0.855473, -88.9521
3732, 62.19167, 2.07349, -3.89729, 9.8195, -5.8704, 13.8711, -178.611, 0.116126, 80.8707, 0.579838, 82.6715, 0.857872, -88.9558
3732, 62.20000, 2.07762, -3.89306, 9.84797, -5.85098, 13.9073, -178.613, 0.116413, 80.8902, 0.581675, 82.6942, 0.860278, -88.9595
3733, 62.20833, 2.08177, -3.88888, 9.87651, -5.83179, 13.9436, -178.616, 0.116701, 80.9096, 0.583518, 82.7166, 0.86269, -88.9634
3733, 62.21667, 2.08593, -3.88476, 9.90514, -5.81283, 13.98, -178.618, 0.116989, 80.929, 0.585366, 82.7388, 0.86511, -88.9674
3734, 62.22500, 2.0901, -3.88069, 9.93384, -5.7941, 14.0165, -178.621, 0.117279, 80.9482, 0.587219, 82.7608, 0.867537, -88.9715
3734, 62.23333, 2.09429, -3.87669, 9.96261, -5.77559, 14.0531, -178.623, 0.11757, 80.9673, 0.589078, 82.7825, 0.86997, -88.9757
3735, 62.24167, 2.09849, -3.87274, 9.99146, -5.75731, 14.0898, -178.626, 0.117861, 80.9864, 0.590943, 82.804, 0.872411, -88.9801
3735, 62.25000, 2.10271, -3.86884, 10.0204, -5.73925, 14.1266, -178.629, 0.118154, 81.0054, 0.592813, 82.8252, 0.874858, -88.9845
3736, 62.25833, 2.10694, -3.86501, 10.0494, -5.72142, 14.1634, -178.632, 0.118448, 81.0242, 0.594688, 82.8462, 0.877313, -88.9891
3736, 62.26667, 2.11118, -3.86123, 10.0785, -5.70381, 14.2004, -178.635, 0.118743, 81.043, 0.596569, 82.867, 0.879775, -88.9938
3737, 62.27500, 2.11543, -3.85751, 10.1076, -5.68643, 14.2375, -178.639, 0.119038, 81.0617, 0.598456, 82.8875, 0.882243, -88.9987
3737, 62.28333, 2.1197, -3.85384, 10.1369, -5.66927, 14.2747, -178.642, 0.119335, 81.0803, 0.600348, 82.9078, 0.884719, -89.0036
3738, 62.29167, 2.12399, -3.85024, 10.1662, -5.65234, 14.312, -178.646, 0.119633, 81.0988, 0.602246, 82.9279, 0.887202, -89.0087
3738, 62.30000, 2.12829, -3.84669, 10.1956, -5.63562, 14.3493, -178.649, 0.119932, 81.1172, 0.604149, 82.9477, 0.889692, -89.0139
3739, 62.30833, 2.1326, -3.8432, 10.2251, -5.61914, 14.3868, -178.653, 0.120232, 81.1355, 0.606058, 82.9672, 0.892189, -89.0193
3739, 62.31667, 2.13693, -3.83977, 10.2546, -5.60287, 14.4244, -178.657, 0.120533, 81.1537, 0.607972, 82.9866, 0.894694, -89.0247
3740, 62.32500, 2.14127, -3.8364, 10.2843, -5.58683, 14.4621, -178.661, 0.120835, 81.1719, 0.609893, 83.0057, 0.897206, -89.0303
3740, 62.33333, 2.14562, -3.83308, 10.314, -5.571, 14.4999, -178.665, 0.121138, 81.1899, 0.611819, 83.0246, 0.899725, -89.036
3741, 62.34167, 2.14999, -3.82983, 10.3438, -5.5554, 14.5377, -178.67, 0.121442, 81.2079, 0.61375, 83.0432, 0.902251, -89.0418
3741, 62.35000, 2.15438, -3.82663, 10.3737, -5.54002, 14.5757, -178.674, 0.121747, 81.2257, 0.615688, 83.0616, 0.904785, -89.0478
3742, 62.35833, 2.15878, -3.82349, 10.4036, -5.52486, 14.6138, -178.679, 0.122054, 81.2435, 0.617631, 83.0798, 0.907326, -89.0538
3742, 62.36667, 2.16319, -3.82041, 10.4337, -5.50992, 14.652, -178.683, 0.122361, 81.2612, 0.61958, 83.0977, 0.909875, -89.06
3743, 62.37500, 2.16762, -3.81739, 10.4638, -5.4952, 14.6903, -178.688, 0.12267, 81.2787, 0.621535, 83.1154, 0.912431, -89.0663
3743, 62.38333, 2.17206, -3.81443, 10.494, -5.48071, 14.7287, -178.693, 0.122979, 81.2962, 0.623495, 83.1329, 0.914994, -89.0728
3744, 62.39167, 2.17652, -3.81153, 10.5243, -5.46642, 14.7672, -178.698, 0.12329, 81.3136, 0.625462, 83.1501, 0.917565, -89.0793
3744, 62.40000, 2.18099, -3.80869, 10.5546, -5.45237, 14.8058, -178.704, 0.123602, 81.3309, 0.627434, 83.1671, 0.920143, -89.086
3745, 62.40833, 2.18548, -3.80591, 10.5851, -5.43852, 14.8445, -178.709, 0.123915, 81.3481, 0.629412, 83.1839, 0.922729, -89.0928
3745, 62.41667, 2.18998, -3.80319, 10.6156, -5.4249, 14.8833, -178.714, 0.124229, 81.3652, 0.631397, 83.2004, 0.925323, -89.0998
3746, 62.42500, 2.1945, -3.80053, 10.6462, -5.4115, 14.9223, -178.72, 0.124544, 81.3823, 0.633387, 83.2167, 0.927924, -89.1068
3746, 62.43333, 2.19903, -3.79793, 10.6769, -5.39831, 14.9613, -178.726, 0.12486, 81.3992, 0.635383, 83.2328, 0.930533, -89.114
3747, 62.44167, 2.20358, -3.79539, 10.7077, -5.38534, 15.0004, -178.732, 0.125177, 81.416, 0.637385, 83.2486, 0.93315, -89.1213
3747, 62.45000, 2.20814, -3.79291, 10.7386, -5.37259, 15.0397, -178.738, 0.125496, 81.4327, 0.639393, 83.2643, 0.935774, -89.1288
3748, 62.45833, 2.21272, -3.79049, 10.7695, -5.36006, 15.079, -178.744, 0.125815, 81.4494, 0.641407, 83.2796, 0.938406, -89.1363
3748, 62.46667, 2.21732, -3.78813, 10.8005, -5.34774, 15.1185, -178.75, 0.126136, 81.4659, 0.643427, 83.2948, 0.941046, -89.144
3749, 62.47500, 2.22193, -3.78584, 10.8317, -5.33564, 15.158, -178.756, 0.126458, 81.4824, 0.645453, 83.3097, 0.943693, -89.1519
3749, 62.48333, 2.22655, -3.7836, 10.8629, -5.32376, 15.1977, -178.763, 0.126781, 81.4988, 0.647485, 83.3244, 0.946348, -89.1598
3750, 62.49167, 2.23119, -3.78143, 10.8942, -5.31209, 15.2375, -178.77, 0.127106, 81.515, 0.649524, 83.3389, 0.949012, -89.1679
3750, 62.50000, 2.23585, -3.77932, 10.9255, -5.30064, 15.2774, -178.776, 0.127431, 81.5312, 0.651569, 83.3531, 0.951683, -89.1761
3751, 62.50833, 2.24052, -3.77727, 10.957, -5.28941, 15.3174, -178.783, 0.127758, 81.5473, 0.653619, 83.3671, 0.954362, -89.1844
3751, 62.51667, 2.24521, -3.77528, 10.9886, -5.27839, 15.3575, -178.79, 0.128085, 81.5633, 0.655676, 83.3809, 0.957049, -89.1928
3752, 62.52500, 2.24992, -3.77336, 11.0202, -5.26759, 15.3977, -178.798, 0.128414, 81.5791, 0.657739, 83.3945, 0.959744, -89.2014
3752, 62.53333, 2.25464, -3.77149, 11.0519, -5.257, 15.4381, -178.805, 0.128745, 81.5949, 0.659808, 83.4078, 0.962447, -89.2101
3753, 62.54167, 2.25938, -3.76969, 11.0837, -5.24662, 15.4785, -178.812, 0.129076, 81.6106, 0.661884, 83.4209, 0.965159, -89.2189
3753, 62.55000, 2.26413, -3.76796, 11.1156, -5.23647, 15.5191, -178.82, 0.129408, 81.6262, 0.663966, 83.4338, 0.967878, -89.2279
3754, 62.55833, 2.2689, -3.76628, 11.1476, -5.22652, 15.5598, -178.828, 0.129742, 81.6417, 0.666054, 83.4465, 0.970605, -89.237
3754, 62.56667, 2.27368, -3.76467, 11.1797, -5.21679, 15.6006, -178.835, 0.130077, 81.6572, 0.668149, 83.4589, 0.973341, -89.2462
3755, 62.57500, 2.27849, -3.76313, 11.2119, -5.20728, 15.6415, -178.843, 0.130413, 81.6725, 0.67025, 83.4711, 0.976085, -89.2556
3755, 62.58333, 2.28331, -3.76165, 11.2441, -5.19798, 15.6825, -178.852, 0.130751, 81.6877, 0.672357, 83.4831, 0.978837, -89.265
3756, 62.59167, 2.28814, -3.76023, 11.2765, -5.18889, 15.7236, -178.86, 0.131089, 81.7028, 0.674471, 83.4948, 0.981598, -89.2746
3756, 62.60000, 2.29299, -3.75887, 11.3089, -5.18002, 15.7649, -178.868, 0.131429, 81.7178, 0.676591, 83.5063, 0.984366, -89.2844
3757, 62.60833, 2.29786, -3.75758, 11.3414, -5.17136, 15.8062, -178.877, 0.13177, 81.7327, 0.678717, 83.5176, 0.987143, -89.2942
3757, 62.61667, 2.30275, -3.75636, 11.374, -5.16292, 15.8477, -178.885, 0.132113, 81.7476, 0.68085, 83.5287, 0.989929, -89.3042
3758, 62.62500, 2.30765, -3.75519, 11.4067, -5.15468, 15.8893, -178.894, 0.132456, 81.7623, 0.68299, 83.5396, 0.992722, -89.3143
3758, 62.63333, 2.31257, -3.7541, 11.4395, -5.14667, 15.931, -178.903, 0.132801, 81.777, 0.685136, 83.5502, 0.995524, -89.3246
3759, 62.64167, 2.31751, -3.75307, 11.4724, -5.13886, 15.9728, -178.912, 0.133147, 81.7915, 0.687288, 83.5606, 0.998335, -89.335
3759, 62.65000, 2.32246, -3.7521, 11.5054, -5.13127, 16.0148, -178.921, 0.133495, 81.8059, 0.689448, 83.5708, 1.00115, -89.3455
3760, 62.65833, 2.32744, -3.7512, 11.5385, -5.12389, 16.0569, -178.93, 0.133844, 81.8203, 0.691613, 83.5807, 1.00398, -89.3561
3760, 62.66667, 2.33242, -3.75037, 11.5717, -5.11672, 16.0991, -178.94, 0.134194, 81.8345, 0.693786, 83.5905, 1.00682, -89.3669
3761, 62.67500, 2.33743, -3.7496, 11.6049, -5.10977, 16.1414, -178.949, 0.134545, 81.8487, 0.695965, 83.6, 1.00966, -89.3778
3761, 62.68333, 2.34245, -3.7489, 11.6383, -5.10303, 16.1838, -178.959, 0.134897, 81.8627, 0.698151, 83.6093, 1.01252, -89.3888
3762, 62.69167, 2.3475, -3.74826, 11.6717, -5.0965, 16.2263, -178.969, 0.135251, 81.8767, 0.700343, 83.6183, 1.01538, -89.4
3762, 62.70000, 2.35256, -3.74769, 11.7053, -5.09018, 16.269, -178.979, 0.135606, 81.8905, 0.702542, 83.6272, 1.01825, -89.4113
3763, 62.70833, 2.35763, -3.74719, 11.7389, -5.08408, 16.3118, -178.989, 0.135963, 81.9043, 0.704748, 83.6358, 1.02113, -89.4228
3763, 62.71667, 2.36273, -3.74676, 11.7726, -5.07819, 16.3547, -178.999, 0.136321, 81.9179, 0.706961, 83.6442, 1.02402, -89.4343
3764, 62.72500, 2.36784, -3.74639, 11.8065, -5.07251, 16.3977, -179.01, 0.13668, 81.9315, 0.709181, 83.6523, 1.02692, -89.446
3764, 62.73333, 2.37297, -3.74609, 11.8404, -5.06704, 16.4409, -179.02, 0.13704, 81.9449, 0.711407, 83.6603, 1.02982, -89.4579
3765, 62.74167, 2.37812, -3.74586, 11.8744, -5.06179, 16.4842, -179.031, 0.137402, 81.9583, 0.71364, 83.668, 1.03274, -89.4698
3765, 62.75000, 2.38329, -3.7457, 11.9085, -5.05674, 16.5276, -179.042, 0.137766, 81.9716, 0.715881, 83.6755, 1.03566, -89.4819
3766, 62.75833, 2.38848, -3.7456, 11.9427, -5.05191, 16.5711, -179.053, 0.13813, 81.9847, 0.718128, 83.6828, 1.0386, -89.4942
3766, 62.76667, 2.39368, -3.74558, 11.977, -5.04729, 16.6148, -179.064, 0.138496, 81.9978, 0.720382, 83.6899, 1.04154, -89.5065
3767, 62.77500, 2.3989, -3.74562, 12.0115, -5.04289, 16.6586, -179.075, 0.138863, 82.0107, 0.722643, 83.6967, 1.04449, -89.519
3767, 62.78333, 2.40414, -3.74573, 12.046, -5.03869, 16.7025, -179.086, 0.139232, 82.0236, 0.724911, 83.7033, 1.04745, -89.5317
3768, 62.79167, 2.4094, -3.74591, 12.0806, -5.03471, 16.7465, -179.098, 0.139602, 82.0363, 0.727186, 83.7097, 1.05042, -89.5445
3768, 62.80000, 2.41468, -3.74616, 12.1153, -5.03094, 16.7907, -179.109, 0.139973, 82.049, 0.729468, 83.7159, 1.0534, -89.5574
3769, 62.80833, 2.41998, -3.74648, 12.1501, -5.02738, 16.835, -179.121, 0.140346, 82.0615, 0.731757, 83.7218, 1.05639, -89.5704
3769, 62.81667, 2.4253, -3.74688, 12.185, -5.02403, 16.8794, -179.133, 0.140721, 82.074, 0.734054, 83.7276, 1.05938, -89.5836
3770, 62.82500, 2.43063, -3.74734, 12.22, -5.02089, 16.924, -179.145, 0.141096, 82.0863, 0.736357, 83.7331, 1.06239, -89.5969
3770, 62.83333, 2.43599, -3.74787, 12.2551, -5.01797, 16.9686, -179.157, 0.141473, 82.0986, 0.738668, 83.7384, 1.06541, -89.6104
3771, 62.84167, 2.44137, -3.74848, 12.2903, -5.01525, 17.0134, -179.17, 0.141852, 82.1107, 0.740986, 83.7435, 1.06843, -89.624
3771, 62.85000, 2.44676, -3.74915, 12.3256, -5.01275, 17.0584, -179.182, 0.142232, 82.1228, 0.743311, 83.7483, 1.07147, -89.6377
3772, 62.85833, 2.45217, -3.7499, 12.361, -5.01046, 17.1035, -179.195, 0.142613, 82.1347, 0.745643, 83.7529, 1.07451, -89.6516
3772, 62.86667, 2.45761, -3.75072, 12.3965, -5.00839, 17.1487, -179.208, 0.142996, 82.1465, 0.747983, 83.7573, 1.07757, -89.6656
3773, 62.87500, 2.46306, -3.75161, 12.4321, -5.00652, 17.194, -179.22, 0.14338, 82.1583, 0.75033, 83.7615, 1.08063, -89.6797
3773, 62.88333, 2.46853, -3.75257, 12.4678, -5.00487, 17.2395, -179.233, 0.143766, 82.1699, 0.752685, 83.7655, 1.0837, -89.694
3774, 62.89167, 2.47402, -3.75361, 12.5036, -5.00343, 17.2851, -179.247, 0.144153, 82.1814, 0.755047, 83.7692, 1.08678, -89.7085
3774, 62.90000, 2.47954, -3.75472, 12.5395, -5.0022, 17.3308, -179.26, 0.144542, 82.1928, 0.757416, 83.7728, 1.08988, -89.723
3775, 62.90833, 2.48507, -3.7559, 12.5756, -5.00118, 17.3767, -179.273, 0.144932, 82.2041, 0.759792, 83.776, 1.09298, -89.7377
3775, 62.91667, 2.49062, -3.75715, 12.6117, -5.00038, 17.4227, -179.287, 0.145324, 82.2154, 0.762177, 83.7791, 1.09609, -89.7526
3776, 62.92500, 2.49619, -3.75848, 12.6479, -4.99978, 17.4688, -179.301, 0.145717, 82.2265, 0.764568, 83.782, 1.09921, -89.7676
3776, 62.93333, 2.50179, -3.75989, 12.6843, -4.9994, 17.5151, -179.315, 0.146111, 82.2375, 0.766967, 83.7846, 1.10234, -89.7827
3777, 62.94167, 2.5074, -3.76137, 12.7207, -4.99923, 17.5615, -179.329, 0.146508, 82.2484, 0.769374, 83.787, 1.10548, -89.798
3777, 62.95000, 2.51304, -3.76292, 12.7573, -4.99928, 17.6081, -179.343, 0.146905, 82.2591, 0.771788, 83.7892, 1.10864, -89.8134
3778, 62.95833, 2.51869, -3.76455, 12.7939, -4.99953, 17.6548, -179.357, 0.147305, 82.2698, 0.77421, 83.7912, 1.1118, -89.8289
3778, 62.96667, 2.52437, -3.76626, 12.8307, -5, 17.7016, -179.372, 0.147705, 82.2804, 0.77664, 83.793, 1.11497, -89.8447
3779, 62.97500, 2.53006, -3.76804, 12.8675, -5.00068, 17.7486, -179.386, 0.148108, 82.2909, 0.779077, 83.7945, 1.11815, -89.8605
3779, 62.98333, 2.53578, -3.76989, 12.9045, -5.00158, 17.7957, -179.401, 0.148512, 82.3012, 0.781522, 83.7958, 1.12134, -89.8765
3780, 62.99167, 2.54152, -3.77183, 12.9416, -5.00268, 17.843, -179.416, 0.148917, 82.3115, 0.783975, 83.7969, 1.12454, -89.8926
3780, 63.00000, 2.54728, -3.77384, 12.9788, -5.004, 17.8904, -179.431, 0.149324, 82.3216, 0.786436, 83.7978, 1.12775, -89.9089
3781, 63.00833, 2.55306, -3.77592, 13.0161, -5.00554, 17.9379, -179.446, 0.149733, 82.3317, 0.788904, 83.7984, 1.13098, -89.9253
3781, 63.01667, 2.55887, -3.77809, 13.0535, -5.00729, 17.9856, -179.462, 0.150143, 82.3416, 0.79138, 83.7988, 1.13421, -89.9419
3782, 63.02500, 2.56469, -3.78033, 13.091, -5.00924, 18.0334, -179.477, 0.150555, 82.3514, 0.793864, 83.799, 1.13745, -89.9586
3782, 63.03333, 2.57054, -3.78265, 13.1287, -5.01142, 18.0813, -179.493, 0.150968, 82.3612, 0.796356, 83.799, 1.1407, -89.9754
3783, 63.04167, 2.57641, -3.78505, 13.1664, -5.01381, 18.1295, -179.509, 0.151383, 82.3708, 0.798857, 83.7988, 1.14397, -89.9924
3783, 63.05000, 2.5823, -3.78753, 13.2043, -5.01641, 18.1777, -179.525, 0.1518, 82.3802, 0.801364, 83.7983, 1.14724, -90.0096
3784, 63.05833, 2.58821, -3.79008, 13.2422, -5.01922, 18.2261, -179.541, 0.152218, 82.3896, 0.80388, 83.7977, 1.15052, -90.0269
3784, 63.06667, 2.59415, -3.79272, 13.2803, -5.02225, 18.2747, -179.557, 0.152638, 82.3989, 0.806405, 83.7967, 1.15382, -90.0443
3785, 63.07500, 2.6001, -3.79544, 13.3185, -5.02549, 18.3234, -179.573, 0.15306, 82.4081, 0.808937, 83.7956, 1.15713, -90.0619
3785, 63.08333, 2.60608, -3.79823, 13.3568, -5.02895, 18.3722, -179.59, 0.153483, 82.4171, 0.811477, 83.7943, 1.16044, -90.0797
3786, 63.09167, 2.61208, -3.80111, 13.3952, -5.03262, 18.4212, -179.607, 0.153908, 82.4261, 0.814025, 83.7927, 1.16377, -90.0975
3786, 63.10000, 2.61811, -3.80407, 13.4338, -5.03651, 18.4703, -179.624, 0.154334, 82.4349, 0.816582, 83.7909, 1.16711, -90.1156
3787, 63.10833, 2.62415, -3.80711, 13.4724, -5.04061, 18.5196, -179.641, 0.154762, 82.4436, 0.819147, 83.7889, 1.17045, -90.1338
3787, 63.11667, 2.63023, -3.81023, 13.5112, -5.04493, 18.569, -179.658, 0.155192, 82.4522, 0.82172, 83.7867, 1.17381, -90.1521
3788, 63.12500, 2.63632, -3.81343, 13.5501, -5.04946, 18.6186, -179.675, 0.155624, 82.4607, 0.824301, 83.7842, 1.17718, -90.1706
3788, 63.13333, 2.64243, -3.81672, 13.589, -5.05421, 18.6684, -179.693, 0.156057, 82.4691, 0.826891, 83.7815, 1.18056, -90.1892
3789, 63.14167, 2.64857, -3.82009, 13.6282, -5.05917, 18.7183, -179.71, 0.156492, 82.4774, 0.829489, 83.7786, 1.18396, -90.208
3789, 63.15000, 2.65474, -3.82354, 13.6674, -5.06435, 18.7683, -179.728, 0.156929, 82.4855, 0.832095, 83.7755, 1.18736, -90.227
3790, 63.15833, 2.66092, -3.82708, 13.7067, -5.06975, 18.8185, -179.746, 0.157368, 82.4936, 0.83471, 83.7721, 1.19077, -90.2461
3790, 63.16667, 2.66713, -3.8307, 13.7462, -5.07536, 18.8689, -179.764, 0.157808, 82.5015, 0.837333, 83.7685, 1.1942, -90.2653
3791, 63.17500, 2.67337, -3.8344, 13.7858, -5.08119, 18.9194, -179.782, 0.15825, 82.5093, 0.839965, 83.7647, 1.19763, -90.2847
3791, 63.18333, 2.67962, -3.83819, 13.8255, -5.08724, 18.97, -179.801, 0.158694, 82.517, 0.842605, 83.7607, 1.20108, -90.3043
3792, 63.19167, 2.68591, -3.84207, 13.8653, -5.0935, 19.0208, -179.819, 0.159139, 82.5246, 0.845254, 83.7564, 1.20454, -90.324
3792, 63.20000, 2.69221, -3.84603, 13.9052, -5.09998, 19.0718, -179.838, 0.159587, 82.5321, 0.847912, 83.752, 1.20801, -90.3439
3793, 63.20833, 2.69854, -3.85008, 13.9453, -5.10668, 19.1229, -179.857, 0.160036, 82.5394, 0.850578, 83.7473, 1.21149, -90.3639
3793, 63.21667, 2.7049, -3.85421, 13.9855, -5.1136, 19.1742, -179.876, 0.160487, 82.5467, 0.853253, 83.7423, 1.21499, -90.3841
3794, 63.22500, 2.71127, -3.85843, 14.0258, -5.12073, 19.2257, -179.895, 0.16094, 82.5538, 0.855936, 83.7372, 1.21849, -90.4044
3794, 63.23333, 2.71768, -3.86274, 14.0662, -5.12809, 19.2773, -179.914, 0.161394, 82.5608, 0.858628, 83.7318, 1.22201, -90.4249
3795, 63.24167, 2.72411, -3.86713, 14.1067, -5.13566, 19.3291, -179.934, 0.161851, 82.5677, 0.861329, 83.7262, 1.22553, -90.4456
3795, 63.25000, 2.73056, -3.87162, 14.1474, -5.14345, 19.381, -179.954, 0.162309, 82.5744, 0.864039, 83.7204, 1.22907, -90.4664
3796, 63.25833, 2.73704, -3.87619, 14.1882, -5.15146, 19.4331, -179.973, 0.162769, 82.5811, 0.866758, 83.7143, 1.23262, -90.4873
3796, 63.26667, 2.74354, -3.88085, 14.2291, -5.15969, 19.4853, -179.993, 0.163231, 82.5876, 0.869486, 83.708, 1.23619, -90.5085
3797, 63.27500, 2.75007, -3.8856, 14.2702, -5.16814, 19.5378, 179.986, 0.163695, 82.594, 0.872222, 83.7015, 1.23976, -90.5297
3797, 63.28333, 2.75662, -3.89044, 14.3113, -5.17681, 19.5903, 179.966, 0.164161, 82.6003, 0.874968, 83.6948, 1.24335, -90.5512
3798, 63.29167, 2.76321, -3.89538, 14.3526, -5.1857, 19.6431, 179.946, 0.164628, 82.6065, 0.877722, 83.6878, 1.24695, -90.5728
3798, 63.30000, 2.76981, -3.9004, 14.394, -5.19481, 19.696, 179.925, 0.165098, 82.6125, 0.880486, 83.6806, 1.25056, -90.5946
3799, 63.30833, 2.77644, -3.90551, 14.4356, -5.20415, 19.7491, 179.904, 0.165569, 82.6184, 0.883259, 83.6732, 1.25418, -90.6165
3799, 63.31667, 2.7831, -3.91072, 14.4773, -5.2137, 19.8023, 179.883, 0.166043, 82.6242, 0.886041, 83.6656, 1.25781, -90.6386
3800, 63.32500, 2.78978, -3.91602, 14.519, -5.22348, 19.8557, 179.862, 0.166518, 82.6299, 0.888832, 83.6577, 1.26146, -90.6608
3800, 63.33333, 2.79649, -3.92141, 14.561, -5.23348, 19.9093, 179.841, 0.166995, 82.6355, 0.891632, 83.6496, 1.26512, -90.6832
3801, 63.34167, 2.80323, -3.9269, 14.603, -5.2437, 19.9631, 179.819, 0.167474, 82.6409, 0.894441, 83.6413, 1.26879, -90.7058
3801, 63.35000, 2.80999, -3.93248, 14.6452, -5.25414, 20.017, 179.798, 0.167955, 82.6462, 0.89726, 83.6327, 1.27247, -90.7286
3802, 63.35833, 2.81678, -3.93815, 14.6875, -5.26481, 20.0711, 179.776, 0.168439, 82.6514, 0.900088, 83.6239, 1.27616, -90.7515
3802, 63.36667, 2.8236, -3.94392, 14.73, -5.2757, 20.1253, 179.754, 0.168924, 82.6565, 0.902926, 83.6149, 1.27987, -90.7746
3803, 63.37500, 2.83044, -3.94978, 14.7725, -5.28682, 20.1798, 179.732, 0.169411, 82.6614, 0.905772, 83.6056, 1.28359, -90.7978
3803, 63.38333, 2.83731, -3.95574, 14.8153, -5.29815, 20.2344, 179.709, 0.1699, 82.6662, 0.908629, 83.5962, 1.28732, -90.8212
3804, 63.39167, 2.84421, -3.9618, 14.8581, -5.30972, 20.2891, 179.687, 0.170391, 82.6709, 0.911495, 83.5864, 1.29107, -90.8448
3804, 63.40000, 2.85114, -3.96795, 14.9011, -5.32151, 20.3441, 179.664, 0.170884, 82.6755, 0.91437, 83.5765, 1.29483, -90.8685
3805, 63.40833, 2.85809, -3.9742, 14.9442, -5.33352, 20.3992, 179.641, 0.17138, 82.6799, 0.917255, 83.5663, 1.2986, -90.8924
3805, 63.41667, 2.86507, -3.98055, 14.9874, -5.34577, 20.4545, 179.618, 0.171877, 82.6842, 0.920149, 83.5559, 1.30238, -90.9165
3806, 63.42500, 2.87208, -3.98699, 15.0308, -5.35823, 20.51, 179.595, 0.172376, 82.6884, 0.923054, 83.5453, 1.30618, -90.9408
3806, 63.43333, 2.87912, -3.99354, 15.0743, -5.37093, 20.5657, 179.572, 0.172878, 82.6924, 0.925967, 83.5344, 1.30999, -90.9652
3807, 63.44167, 2.88618, -4.00019, 15.1179, -5.38385, 20.6215, 179.548, 0.173381, 82.6963, 0.928891, 83.5233, 1.31381, -90.9898
3807, 63.45000, 2.89328, -4.00693, 15.1617, -5.397, 20.6775, 179.525, 0.173887, 82.7001, 0.931824, 83.5119, 1.31764, -91.0146
3808, 63.45833, 2.9004, -4.01378, 15.2056, -5.41038, 20.7337, 179.501, 0.174395, 82.7038, 0.934767, 83.5004, 1.32149, -91.0395
3808, 63.46667, 2.90755, -4.02072, 15.2497, -5.42399, 20.7901, 179.477, 0.174905, 82.7073, 0.937721, 83.4886, 1.32535, -91.0646
3809, 63.47500, 2.91473, -4.02777, 15.2938, -5.43782, 20.8466, 179.453, 0.175417, 82.7107, 0.940684, 83.4765, 1.32922, -91.0899
3809, 63.48333, 2.92194, -4.03492, 15.3382, -5.45188, 20.9034, 179.428, 0.175931, 82.714, 0.943656, 83.4642, 1.33311, -91.1154
3810, 63.49167, 2.92918, -4.04218, 15.3826, -5.46618, 20.9603, 179.404, 0.176447, 82.7171, 0.946639, 83.4517, 1.33701, -91.141
3810, 63.50000, 2.93645, -4.04954, 15.4272, -5.48071, 21.0174, 179.379, 0.176966, 82.7201, 0.949632, 83.439, 1.34092, -91.1668
3811, 63.50833, 2.94374, -4.057, 15.472, -5.49546, 21.0747, 179.354, 0.177487, 82.723, 0.952635, 83.426, 1.34485, -91.1928
3811, 63.51667, 2.95107, -4.06457, 15.5169, -5.51045, 21.1322, 179.329, 0.17801, 82.7257, 0.955649, 83.4128, 1.34879, -91.2189
3812, 63.52500, 2.95843, -4.07224, 15.5619, -5.52567, 21.1898, 179.304, 0.178535, 82.7283, 0.958672, 83.3993, 1.35275, -91.2453
3812, 63.53333, 2.96582, -4.08001, 15.6071, -5.54112, 21.2477, 179.278, 0.179062, 82.7307, 0.961705, 83.3856, 1.35671, -91.2718
3813, 63.54167, 2.97323, -4.0879, 15.6524, -5.55681, 21.3057, 179.252, 0.179592, 82.7331, 0.964749, 83.3717, 1.36069, -91.2985
3813, 63.55000, 2.98068, -4.09589, 15.6978, -5.57272, 21.364, 179.227, 0.180123, 82.7353, 0.967803, 83.3575, 1.36469, -91.3254
3814, 63.55833, 2.98816, -4.10399, 15.7434, -5.58887, 21.4224, 179.201, 0.180657, 82.7373, 0.970868, 83.3431, 1.3687, -91.3524
3814, 63.56667, 2.99567, -4.1122, 15.7892, -5.60526, 21.481, 179.174, 0.181194, 82.7392, 0.973943, 83.3284, 1.37272, -91.3797
3815, 63.57500, 3.00321, -4.12051, 15.8351, -5.62188, 21.5398, 179.148, 0.181733, 82.741, 0.977028, 83.3135, 1.37675, -91.4071
3815, 63.58333, 3.01078, -4.12894, 15.8811, -5.63874, 21.5988, 179.121, 0.182273, 82.7426, 0.980123, 83.2984, 1.3808, -91.4347
3816, 63.59167, 3.01838, -4.13747, 15.9273, -5.65583, 21.658, 179.095, 0.182817, 82.7441, 0.98323, 83.283, 1.38487, -91.4625
3816, 63.60000, 3.02601, -4.14612, 15.9736, -5.67316, 21.7173, 179.068, 0.183362, 82.7455, 0.986346, 83.2674, 1.38895, -91.4904
3817, 63.60833, 3.03368, -4.15488, 16.0201, -5.69073, 21.7769, 179.041, 0.18391, 82.7467, 0.989474, 83.2515, 1.39304, -91.5186
3817, 63.61667, 3.04138, -4.16375, 16.0667, -5.70853, 21.8367, 179.013, 0.184461, 82.7478, 0.992612, 83.2354, 1.39715, -91.5469
3818, 63.62500, 3.04911, -4.17273, 16.1134, -5.72657, 21.8967, 178.986, 0.185013, 82.7487, 0.995761, 83.219, 1.40127, -91.5755
3818, 63.63333, 3.05687, -4.18183, 16.1604, -5.74486, 21.9568, 178.958, 0.185568, 82.7495, 0.99892, 83.2024, 1.4054, -91.6042
3819, 63.64167, 3.06466, -4.19104, 16.2074, -5.76338, 22.0172, 178.93, 0.186126, 82.7501, 1.00209, 83.1856, 1.40955, -91.6331
3819, 63.65000, 3.07249, -4.20037, 16.2546, -5.78214, 22.0777, 178.902, 0.186686, 82.7506, 1.00527, 83.1685, 1.41371, -91.6621
3820, 63.65833, 3.08035, -4.20981, 16.302, -5.80114, 22.1385, 178.874, 0.187248, 82.751, 1.00846, 83.1512, 1.41789, -91.6914
3820, 63.66667, 3.08824, -4.21937, 16.3495, -5.82038, 22.1995, 178.846, 0.187813, 82.7512, 1.01167, 83.1336, 1.42208, -91.7209
3821, 63.67500, 3.09616, -4.22904, 16.3972, -5.83986, 22.2606, 178.817, 0.18838, 82.7513, 1.01488, 83.1158, 1.42629, -91.7505
3821, 63.68333, 3.10412, -4.23883, 16.445, -5.85959, 22.322, 178.788, 0.188949, 82.7512, 1.01811, 83.0977, 1.43051, -91.7804
3822, 63.69167, 3.11211, -4.24874, 16.493, -5.87956, 22.3836, 178.759, 0.189521, 82.7509, 1.02134, 83.0794, 1.43475, -91.8104
3822, 63.70000, 3.12014, -4.25877, 16.5411, -5.89977, 22.4454, 178.73, 0.190096, 82.7506, 1.02459, 83.0608, 1.439, -91.8407
3823, 63.70833, 3.1282, -4.26892, 16.5894, -5.92023, 22.5073, 178.701, 0.190673, 82.75, 1.02785, 83.042, 1.44327, -91.8711
3823, 63.71667, 3.13629, -4.27919, 16.6379, -5.94093, 22.5695, 178.671, 0.191253, 82.7494, 1.03112, 83.0229, 1.44755, -91.9017
3824, 63.72500, 3.14442, -4.28958, 16.6865, -5.96188, 22.6319, 178.641, 0.191835, 82.7485, 1.0344, 83.0036, 1.45185, -91.9325
3824, 63.73333, 3.15258, -4.3001, 16.7352, -5.98307, 22.6945, 178.611, 0.19242, 82.7476, 1.03769, 82.9841, 1.45616, -91.9635
3825, 63.74167, 3.16078, -4.31073, 16.7841, -6.00452, 22.7574, 178.581, 0.193007, 82.7464, 1.041, 82.9642, 1.46049, -91.9947
3825, 63.75000, 3.16901, -4.32149, 16.8332, -6.0262, 22.8204, 178.551, 0.193597, 82.7451, 1.04431, 82.9442, 1.46483, -92.0261
3826, 63.75833, 3.17728, -4.33238, 16.8824, -6.04814, 22.8836, 178.52, 0.194189, 82.7437, 1.04764, 82.9239, 1.46919, -92.0577
3826, 63.76667, 3.18558, -4.34339, 16.9318, -6.07033, 22.9471, 178.489, 0.194784, 82.7421, 1.05098, 82.9033, 1.47356, -92.0895
3827, 63.77500, 3.19392, -4.35452, 16.9814, -6.09276, 23.0108, 178.458, 0.195382, 82.7403, 1.05433, 82.8824, 1.47795, -92.1215
3827, 63.78333, 3.20229, -4.36578, 17.0311, -6.11545, 23.0746, 178.427, 0.195982, 82.7384, 1.05769, 82.8614, 1.48235, -92.1537
3828, 63.79167, 3.2107, -4.37717, 17.081, -6.13838, 23.1387, 178.396, 0.196585, 82.7364, 1.06106, 82.84, 1.48677, -92.1861
3828, 63.80000, 3.21914, -4.38869, 17.131, -6.16157, 23.203, 178.364, 0.197191, 82.7342, 1.06445, 82.8184, 1.49121, -92.2188
3829, 63.80833, 3.22762, -4.40033, 17.1812, -6.18501, 23.2676, 178.332, 0.197799, 82.7318, 1.06784, 82.7966, 1.49566, -92.2516
3829, 63.81667, 3.23614, -4.41211, 17.2316, -6.20871, 23.3323, 178.3, 0.19841, 82.7293, 1.07125, 82.7744, 1.50013, -92.2846
3830, 63.82500, 3.2447, -4.42402, 17.2821, -6.23265, 23.3973, 178.268, 0.199024, 82.7266, 1.07467, 82.7521, 1.50461, -92.3178
3830, 63.83333, 3.25329, -4.43606, 17.3328, -6.25685, 23.4625, 178.235, 0.199641, 82.7237, 1.0781, 82.7294, 1.50911, -92.3512
3831, 63.84167, 3.26192, -4.44823, 17.3836, -6.28131, 23.5279, 178.203, 0.20026, 82.7207, 1.08155, 82.7066, 1.51362, -92.3849
3831, 63.85000, 3.27058, -4.46053, 17.4347, -6.30603, 23.5935, 178.17, 0.200882, 82.7175, 1.085, 82.6834, 1.51815, -92.4187
3832, 63.85833, 3.27929, -4.47297, 17.4858, -6.33099, 23.6594, 178.137, 0.201507, 82.7142, 1.08847, 82.66, 1.5227, -92.4527
3832, 63.86667, 3.28803, -4.48554, 17.5372, -6.35622, 23.7255, 178.104, 0.202135, 82.7107, 1.09195, 82.6363, 1.52727, -92.487
3833, 63.87500, 3.29681, -4.49825, 17.5887, -6.38171, 23.7918, 178.07, 0.202765, 82.707, 1.09545, 82.6124, 1.53185, -92.5215
3833, 63.88333, 3.30563, -4.51109, 17.6404, -6.40745, 23.8583, 178.036, 0.203398, 82.7031, 1.09895, 82.5882, 1.53644, -92.5562
3834, 63.89167, 3.31448, -4.52408, 17.6923, -6.43346, 23.925, 178.002, 0.204034, 82.6991, 1.10247, 82.5637, 1.54106, -92.591
3834, 63.90000, 3.32338, -4.5372, 17.7443, -6.45973, 23.992, 177.968, 0.204673, 82.695, 1.106, 82.539, 1.54568, -92.6262
3835, 63.90833, 3.33231, -4.55046, 17.7966, -6.48626, 24.0592, 177.934, 0.205315, 82.6906, 1.10954, 82.514, 1.55033, -92.6615
3835, 63.91667, 3.34129, -4.56386, 17.8489, -6.51305, 24.1267, 177.899, 0.20596, 82.6861, 1.1131, 82.4887, 1.55499, -92.697
3836, 63.92500, 3.3503, -4.5774, 17.9015, -6.5401, 24.1944, 177.865, 0.206608, 82.6814, 1.11666, 82.4632, 1.55967, -92.7328
3836, 63.93333, 3.35935, -4.59109, 17.9542, -6.56742, 24.2623, 177.83, 0.207259, 82.6766, 1.12024, 82.4374, 1.56437, -92.7687
3837, 63.94167, 3.36845, -4.60491, 18.0071, -6.595, 24.3304, 177.794, 0.207912, 82.6715, 1.12384, 82.4113, 1.56908, -92.8049
3837, 63.95000, 3.37758, -4.61889, 18.0602, -6.62285, 24.3988, 177.759, 0.208569, 82.6664, 1.12744, 82.385, 1.57381, -92.8413
3838, 63.95833, 3.38675, -4.633, 18.1135, -6.65097, 24.4674, 177.723, 0.209228, 82.661, 1.13106, 82.3584, 1.57856, -92.878
3838, 63.96667, 3.39597, -4.64726, 18.1669, -6.67935, 24.5363, 177.687, 0.209891, 82.6554, 1.13469, 82.3315, 1.58333, -92.9148
3839, 63.97500, 3.40522, -4.66167, 18.2205, -6.708, 24.6054, 177.651, 0.210557, 82.6497, 1.13833, 82.3044, 1.58811, -92.9519
3839, 63.98333, 3.41452, -4.67623, 18.2743, -6.73692, 24.6747, 177.615, 0.211225, 82.6438, 1.14199, 82.2769, 1.59291, -92.9892
3840, 63.99167, 3.42385, -4.69093, 18.3283, -6.76611, 24.7443, 177.578, 0.211897, 82.6377, 1.14566, 82.2492, 1.59773, -93.0267
3840, 64.00000, 3.43323, -4.70579, 18.3824, -6.79557, 24.8141, 177.542, 0.212572, 82.6315, 1.14934, 82.2213, 1.60256, -93.0644
3841, 64.00833, 3.44265, -4.72079, 18.4367, -6.82531, 24.8841, 177.505, 0.21325, 82.625, 1.15304, 82.193, 1.60741, -93.1024
3841, 64.01667, 3.45212, -4.73595, 18.4913, -6.85531, 24.9544, 177.467, 0.213931, 82.6184, 1.15675, 82.1645, 1.61228, -93.1406
3842, 64.02500, 3.46162, -4.75126, 18.546, -6.88559, 25.025, 177.43, 0.214615, 82.6116, 1.16047, 82.1357, 1.61717, -93.179
3842, 64.03333, 3.47117, -4.76673, 18.6008, -6.91615, 25.0958, 177.392, 0.215302, 82.6046, 1.1642, 82.1066, 1.62208, -93.2177
3843, 64.04166, 3.48076, -4.78235, 18.6559, -6.94698, 25.1668, 177.354, 0.215993, 82.5975, 1.16795, 82.0772, 1.627, -93.2565
3843, 64.05000, 3.49039, -4.79812, 18.7111, -6.97809, 25.2381, 177.316, 0.216687, 82.5901, 1.17172, 82.0476, 1.63194, -93.2956
3844, 64.05833, 3.50007, -4.81406, 18.7666, -7.00947, 25.3096, 177.278, 0.217384, 82.5826, 1.17549, 82.0177, 1.6369, -93.335
3844, 64.06667, 3.50979, -4.83015, 18.8222, -7.04113, 25.3814, 177.239, 0.218084, 82.5748, 1.17928, 81.9875, 1.64188, -93.3746
3845, 64.07500, 3.51956, -4.8464, 18.878, -7.07307, 25.4534, 177.2, 0.218787, 82.5669, 1.18308, 81.957, 1.64687, -93.4144
3845, 64.08334, 3.52937, -4.86281, 18.934, -7.1053, 25.5257, 177.161, 0.219494, 82.5588, 1.1869, 81.9262, 1.65189, -93.4544
3846, 64.09167, 3.53922, -4.87938, 18.9901, -7.1378, 25.5983, 177.122, 0.220204, 82.5505, 1.19073, 81.8952, 1.65692, -93.4947
3846, 64.10000, 3.54912, -4.89611, 19.0465, -7.17059, 25.671, 177.082, 0.220917, 82.542, 1.19457, 81.8638, 1.66197, -93.5352
3847, 64.10833, 3.55906, -4.91301, 19.1031, -7.20366, 25.7441, 177.042, 0.221634, 82.5333, 1.19843, 81.8322, 1.66704, -93.576
3847, 64.11667, 3.56905, -4.93007, 19.1598, -7.23701, 25.8174, 177.002, 0.222354, 82.5245, 1.2023, 81.8003, 1.67213, -93.617
3848, 64.12500, 3.57908, -4.9473, 19.2168, -7.27065, 25.891, 176.962, 0.223077, 82.5154, 1.20619, 81.7681, 1.67724, -93.6582
3848, 64.13333, 3.58916, -4.96469, 19.2739, -7.30458, 25.9648, 176.922, 0.223804, 82.5061, 1.21009, 81.7356, 1.68237, -93.6997
3849, 64.14167, 3.59929, -4.98226, 19.3312, -7.33879, 26.0389, 176.881, 0.224534, 82.4967, 1.214, 81.7028, 1.68751, -93.7415
3849, 64.15000, 3.60946, -4.99999, 19.3887, -7.37329, 26.1132, 176.84, 0.225268, 82.487, 1.21793, 81.6697, 1.69268, -93.7834
3850, 64.15833, 3.61968, -5.01789, 19.4464, -7.40808, 26.1878, 176.798, 0.226005, 82.4771, 1.22187, 81.6363, 1.69786, -93.8256
3850, 64.16666, 3.62995, -5.03597, 19.5044, -7.44317, 26.2627, 176.757, 0.226746, 82.4671, 1.22583, 81.6027, 1.70306, -93.8681
3851, 64.17500, 3.64026, -5.05421, 19.5625, -7.47854, 26.3378, 176.715, 0.22749, 82.4568, 1.2298, 81.5687, 1.70828, -93.9108
3851, 64.18333, 3.65062, -5.07263, 19.6208, -7.5142, 26.4132, 176.673, 0.228237, 82.4464, 1.23378, 81.5344, 1.71352, -93.9538
3852, 64.19167, 3.66103, -5.09123, 19.6793, -7.55017, 26.4889, 176.631, 0.228988, 82.4357, 1.23778, 81.4999, 1.71879, -93.997
3852, 64.20000, 3.67149, -5.11, 19.738, -7.58642, 26.5649, 176.588, 0.229743, 82.4248, 1.24179, 81.465, 1.72407, -94.0405
3853, 64.20834, 3.68199, -5.12895, 19.7969, -7.62297, 26.6411, 176.545, 0.230501, 82.4137, 1.24582, 81.4299, 1.72937, -94.0842
3853, 64.21667, 3.69255, -5.14808, 19.856, -7.65982, 26.7176, 176.502, 0.231263, 82.4024, 1.24986, 81.3944, 1.73469, -94.1281
3854, 64.22500, 3.70315, -5.16739, 19.9153, -7.69697, 26.7943, 176.459, 0.232029, 82.3909, 1.25392, 81.3587, 1.74003, -94.1724
3854, 64.23333, 3.7138, -5.18688, 19.9748, -7.73441, 26.8713, 176.416, 0.232798, 82.3792, 1.25799, 81.3226, 1.74539, -94.2168
3855, 64.24167, 3.7245, -5.20656, 20.0345, -7.77216, 26.9487, 176.372, 0.233571, 82.3673, 1.26208, 81.2862, 1.75077, -94.2616
3855, 64.25000, 3.73525, -5.22642, 20.0944, -7.81021, 27.0262, 176.328, 0.234347, 82.3551, 1.26618, 81.2496, 1.75617, -94.3066
3856, 64.25833, 3.74606, -5.24646, 20.1545, -7.84856, 27.1041, 176.283, 0.235128, 82.3428, 1.2703, 81.2126, 1.76159, -94.3518
3856, 64.26667, 3.75691, -5.26669, 20.2148, -7.88722, 27.1822, 176.239, 0.235912, 82.3302, 1.27443, 81.1753, 1.76703, -94.3974
3857, 64.27500, 3.76781, -5.28711, 20.2754, -7.92617, 27.2606, 176.194, 0.2367, 82.3174, 1.27858, 81.1377, 1.77249, -94.4431
3857, 64.28333, 3.77877, -5.30772, 20.3361, -7.96544, 27.3393, 176.149, 0.237491, 82.3044, 1.28274, 81.0999, 1.77797, -94.4892
3858, 64.29166, 3.78977, -5.32852, 20.397, -8.00502, 27.4183, 176.103, 0.238287, 82.2912, 1.28692, 81.0616, 1.78347, -94.5355
3858, 64.30000, 3.80083, -5.3495, 20.4582, -8.0449, 27.4976, 176.058, 0.239086, 82.2777, 1.29111, 81.0231, 1.78899, -94.5821
3859, 64.30833, 3.81194, -5.37069, 20.5196, -8.08509, 27.5771, 176.012, 0.239889, 82.2641, 1.29532, 80.9843, 1.79454, -94.6289
3859, 64.31667, 3.8231, -5.39207, 20.5811, -8.1256, 27.657, 175.966, 0.240696, 82.2502, 1.29954, 80.9451, 1.8001, -94.676
3860, 64.32500, 3.83432, -5.41364, 20.6429, -8.16641, 27.7371, 175.919, 0.241507, 82.2361, 1.30378, 80.9057, 1.80569, -94.7234
3860, 64.33334, 3.84558, -5.43541, 20.7049, -8.20754, 27.8175, 175.872, 0.242322, 82.2217, 1.30803, 80.8659, 1.81129, -94.7711
3861, 64.34167, 3.85691, -5.45739, 20.7671, -8.24899, 27.8982, 175.825, 0.243141, 82.2071, 1.3123, 80.8258, 1.81692, -94.819
3861, 64.35000, 3.86828, -5.47956, 20.8296, -8.29075, 27.9792, 175.778, 0.243963, 82.1923, 1.31659, 80.7854, 1.82257, -94.8672
3862, 64.35833, 3.87971, -5.50193, 20.8922, -8.33282, 28.0605, 175.73, 0.24479, 82.1773, 1.32089, 80.7447, 1.82824, -94.9157
3862, 64.36667, 3.89119, -5.52451, 20.9551, -8.37523, 28.1421, 175.683, 0.245621, 82.162, 1.3252, 80.7036, 1.83393, -94.9644
3863, 64.37500, 3.90273, -5.54729, 21.0181, -8.41794, 28.2239, 175.634, 0.246456, 82.1465, 1.32954, 80.6622, 1.83964, -95.0135
3863, 64.38333, 3.91432, -5.57028, 21.0814, -8.46098, 28.3061, 175.586, 0.247295, 82.1308, 1.33388, 80.6205, 1.84538, -95.0628
3864, 64.39167, 3.92597, -5.59347, 21.1449, -8.50434, 28.3886, 175.537, 0.248138, 82.1148, 1.33825, 80.5785, 1.85113, -95.1124
3864, 64.40000, 3.93768, -5.61688, 21.2087, -8.54803, 28.4714, 175.488, 0.248985, 82.0986, 1.34263, 80.5361, 1.85691, -95.1622
3865, 64.40833, 3.94944, -5.64049, 21.2726, -8.59203, 28.5544, 175.439, 0.249837, 82.0821, 1.34703, 80.4934, 1.86271, -95.2124
3865, 64.41666, 3.96126, -5.66432, 21.3368, -8.63637, 28.6378, 175.39, 0.250693, 82.0654, 1.35144, 80.4504, 1.86853, -95.2628
3866, 64.42500, 3.97313, -5.68836, 21.4012, -8.68104, 28.7215, 175.34, 0.251552, 82.0485, 1.35587, 80.4071, 1.87438, -95.3136
3866, 64.43333, 3.98506, -5.71262, 21.4658, -8.72603, 28.8054, 175.29, 0.252416, 82.0313, 1.36031, 80.3634, 1.88024, -95.3646
3867, 64.44167, 3.99705, -5.7371, 21.5307, -8.77136, 28.8897, 175.239, 0.253285, 82.0139, 1.36477, 80.3194, 1.88613, -95.4159
3867, 64.45000, 4.0091, -5.76179, 21.5957, -8.81701, 28.9743, 175.188, 0.254157, 81.9962, 1.36925, 80.2751, 1.89204, -95.4675
3868, 64.45834, 4.0212, -5.7867, 21.661, -8.863, 29.0592, 175.137, 0.255034, 81.9782, 1.37375, 80.2304, 1.89798, -95.5194
3868, 64.46667, 4.03336, -5.81184, 21.7265, -8.90933, 29.1444, 175.086, 0.255916, 81.9601, 1.37826, 80.1854, 1.90393, -95.5716
3869, 64.47500, 4.04559, -5.8372, 21.7923, -8.95599, 29.2299, 175.035, 0.256801, 81.9416, 1.38279, 80.14, 1.90991, -95.6241
3869, 64.48333, 4.05787, -5.86278, 21.8583, -9.00299, 29.3158, 174.983, 0.257691, 81.9229, 1.38733, 80.0943, 1.91592, -95.6769
3870, 64.49167, 4.07021, -5.88859, 21.9245, -9.05033, 29.4019, 174.93, 0.258586, 81.904, 1.39189, 80.0483, 1.92194, -95.7299
3870, 64.50000, 4.08261, -5.91463, 21.9909, -9.098, 29.4884, 174.878, 0.259485, 81.8848, 1.39647, 80.0019, 1.92799, -95.7833
3871, 64.50833, 4.09507, -5.9409, 22.0576, -9.14602, 29.5752, 174.825, 0.260388, 81.8653, 1.40107, 79.9552, 1.93406, -95.837
3871, 64.51667, 4.10759, -5.9674, 22.1245, -9.19439, 29.6623, 174.772, 0.261296, 81.8456, 1.40568, 79.9081, 1.94015, -95.891
3872, 64.52500, 4.12018, -5.99413, 22.1916, -9.2431, 29.7497, 174.719, 0.262209, 81.8256, 1.41031, 79.8607, 1.94627, -95.9453
3872, 64.53333, 4.13282, -6.0211, 22.259, -9.29215, 29.8374, 174.665, 0.263126, 81.8054, 1.41496, 79.8129, 1.95241, -95.9999
3873, 64.54166, 4.14553, -6.04831, 22.3266, -9.34156, 29.9255, 174.611, 0.264048, 81.7848, 1.41962, 79.7648, 1.95858, -96.0548
3873, 64.55000, 4.1583, -6.07575, 22.3944, -9.3913, 30.0138, 174.557, 0.264974, 81.7641, 1.4243, 79.7163, 1.96477, -96.11
3874, 64.55833, 4.17113, -6.10344, 22.4625, -9.44141, 30.1026, 174.502, 0.265905, 81.743, 1.429, 79.6675, 1.97098, -96.1655
3874, 64.56667, 4.18403, -6.13137, 22.5308, -9.49187, 30.1916, 174.447, 0.26684, 81.7217, 1.43371, 79.6183, 1.97721, -96.2214
3875, 64.57500, 4.19699, -6.15954, 22.5993, -9.54267, 30.2809, 174.392, 0.267781, 81.7001, 1.43845, 79.5688, 1.98347, -96.2775
3875, 64.58334, 4.21001, -6.18795, 22.6681, -9.59383, 30.3706, 174.336, 0.268726, 81.6782, 1.4432, 79.5189, 1.98976, -96.334
3876, 64.59167, 4.2231, -6.21662, 22.7371, -9.64536, 30.4607, 174.28, 0.269676, 81.656, 1.44797, 79.4686, 1.99607, -96.3908
3876, 64.60000, 4.23625, -6.24553, 22.8064, -9.69724, 30.551, 174.224, 0.27063, 81.6336, 1.45275, 79.418, 2.0024, -96.4479
3877, 64.60833, 4.24947, -6.27469, 22.8759, -9.74948, 30.6417, 174.167, 0.27159, 81.6109, 1.45756, 79.367, 2.00876, -96.5053
3877, 64.61667, 4.26275, -6.30412, 22.9457, -9.80208, 30.7327, 174.11, 0.272554, 81.5879, 1.46238, 79.3157, 2.01514, -96.563
3878, 64.62500, 4.2761, -6.33379, 23.0157, -9.85504, 30.8241, 174.053, 0.273524, 81.5646, 1.46722, 79.264, 2.02154, -96.6211
3878, 64.63333, 4.28951, -6.36372, 23.0859, -9.90837, 30.9157, 173.996, 0.274498, 81.541, 1.47208, 79.2119, 2.02797, -96.6795
3879, 64.64167, 4.30299, -6.39391, 23.1564, -9.96207, 31.0078, 173.938, 0.275477, 81.5172, 1.47696, 79.1595, 2.03443, -96.7382
3879, 64.65000, 4.31654, -6.42436, 23.2271, -10.0161, 31.1001, 173.88, 0.276461, 81.493, 1.48185, 79.1067, 2.04091, -96.7973
3880, 64.65833, 4.33016, -6.45507, 23.2981, -10.0706, 31.1929, 173.821, 0.27745, 81.4686, 1.48676, 79.0535, 2.04741, -96.8566
3880, 64.66666, 4.34384, -6.48605, 23.3693, -10.1254, 31.2859, 173.762, 0.278445, 81.4439, 1.49169, 78.9999, 2.05395, -96.9164
3881, 64.67500, 4.3576, -6.51729, 23.4408, -10.1806, 31.3793, 173.703, 0.279444, 81.4188, 1.49664, 78.946, 2.0605, -96.9764
3881, 64.68333, 4.37142, -6.5488, 23.5125, -10.2361, 31.473, 173.644, 0.280448, 81.3935, 1.50161, 78.8917, 2.06708, -97.0368
3882, 64.69167, 4.38531, -6.58058, 23.5845, -10.292, 31.5671, 173.584, 0.281458, 81.3679, 1.5066, 78.837, 2.07369, -97.0975
3882, 64.70000, 4.39927, -6.61264, 23.6568, -10.3483, 31.6616, 173.524, 0.282473, 81.3419, 1.5116, 78.7819, 2.08032, -97.1586
3883, 64.70834, 4.4133, -6.64497, 23.7292, -10.405, 31.7564, 173.463, 0.283493, 81.3157, 1.51662, 78.7265, 2.08698, -97.22
3883, 64.71667, 4.4274, -6.67758, 23.802, -10.4621, 31.8515, 173.402, 0.284518, 81.2892, 1.52167, 78.6706, 2.09366, -97.2817
3884, 64.72500, 4.44157, -6.71046, 23.875, -10.5195, 31.947, 173.341, 0.285549, 81.2623, 1.52673, 78.6144, 2.10037, -97.3438
3884, 64.73333, 4.45582, -6.74362, 23.9482, -10.5774, 32.0428, 173.279, 0.286584, 81.2352, 1.53181, 78.5578, 2.10711, -97.4063
3885, 64.74167, 4.47014, -6.77708, 24.0217, -10.6356, 32.1391, 173.217, 0.287626, 81.2077, 1.5369, 78.5008, 2.11387, -97.469
3885, 64.75000, 4.48452, -6.81081, 24.0955, -10.6942, 32.2356, 173.155, 0.288672, 81.1799, 1.54202, 78.4434, 2.12066, -97.5322
3886, 64.75833, 4.49898, -6.84483, 24.1695, -10.7532, 32.3325, 173.092, 0.289724, 81.1518, 1.54716, 78.3856, 2.12747, -97.5957
3886, 64.76667, 4.51352, -6.87914, 24.2438, -10.8126, 32.4298, 173.029, 0.290782, 81.1234, 1.55231, 78.3275, 2.13431, -97.6595
3887, 64.77500, 4.52813, -6.91374, 24.3184, -10.8724, 32.5274, 172.966, 0.291845, 81.0947, 1.55749, 78.2689, 2.14118, -97.7237
3887, 64.78333, 4.54281, -6.94863, 24.3932, -10.9326, 32.6254, 172.902, 0.292913, 81.0656, 1.56268, 78.2099, 2.14807, -97.7882
3888, 64.79166, 4.55757, -6.98383, 24.4682, -10.9932, 32.7238, 172.838, 0.293987, 81.0362, 1.5679, 78.1506, 2.15499, -97.8532
3888, 64.80000, 4.5724, -7.01932, 24.5436, -11.0542, 32.8225, 172.774, 0.295066, 81.0065, 1.57313, 78.0908, 2.16194, -97.9184
3889, 64.80833, 4.58731, -7.0551, 24.6191, -11.1155, 32.9216, 172.709, 0.296152, 80.9764, 1.57838, 78.0306, 2.16892, -97.9841
3889, 64.81667, 4.60229, -7.0912, 24.695, -11.1773, 33.0211, 172.644, 0.297242, 80.946, 1.58366, 77.97, 2.17592, -98.0501
3890, 64.82500, 4.61735, -7.12759, 24.7711, -11.2395, 33.121, 172.578, 0.298339, 80.9153, 1.58895, 77.9091, 2.18295, -98.1164
3890, 64.83334, 4.63249, -7.1643, 24.8475, -11.3021, 33.2212, 172.513, 0.299441, 80.8843, 1.59426, 77.8477, 2.19, -98.1832
3891, 64.84167, 4.6477, -7.20131, 24.9242, -11.3651, 33.3217, 172.446, 0.300549, 80.8529, 1.59959, 77.7859, 2.19709, -98.2503
3891, 64.85000, 4.663, -7.23864, 25.0011, -11.4285, 33.4227, 172.38, 0.301663, 80.8212, 1.60494, 77.7236, 2.2042, -98.3178
3892, 64.85833, 4.67837, -7.27627, 25.0783, -11.4923, 33.524, 172.313, 0.302783, 80.7891, 1.61031, 77.661, 2.21134, -98.3856
3892, 64.86667, 4.69382, -7.31423, 25.1558, -11.5566, 33.6257, 172.245, 0.303908, 80.7567, 1.61571, 77.598, 2.2185, -98.4539
3893, 64.87500, 4.70935, -7.3525, 25.2335, -11.6212, 33.7278, 172.177, 0.30504, 80.7239, 1.62112, 77.5345, 2.2257, -98.5225
3893, 64.88333, 4.72496, -7.3911, 25.3115, -11.6863, 33.8303, 172.109, 0.306177, 80.6908, 1.62655, 77.4706, 2.23292, -98.5915
3894, 64.89167, 4.74065, -7.43002, 25.3898, -11.7518, 33.9331, 172.041, 0.30732, 80.6573, 1.632, 77.4063, 2.24017, -98.6609
3894, 64.90000, 4.75642, -7.46926, 25.4683, -11.8177, 34.0364, 171.972, 0.30847, 80.6235, 1.63747, 77.3416, 2.24745, -98.7306
3895, 64.90833, 4.77227, -7.50883, 25.5471, -11.8841, 34.14, 171.902, 0.309625, 80.5893, 1.64296, 77.2765, 2.25475, -98.8008
3895, 64.91666, 4.7882, -7.54874, 25.6262, -11.9508, 34.244, 171.833, 0.310787, 80.5547, 1.64848, 77.2109, 2.26209, -98.8713
3896, 64.92500, 4.80422, -7.58897, 25.7056, -12.018, 34.3484, 171.763, 0.311954, 80.5198, 1.65401, 77.1449, 2.26945, -98.9422
3896, 64.93333, 4.82032, -7.62954, 25.7853, -12.0857, 34.4531, 171.692, 0.313128, 80.4846, 1.65956, 77.0784, 2.27685, -99.0135
3897, 64.94167, 4.8365, -7.67046, 25.8652, -12.1537, 34.5583, 171.621, 0.314308, 80.4489, 1.66514, 77.0115, 2.28427, -99.0853
3897, 64.95000, 4.85277, -7.71171, 25.9454, -12.2222, 34.6639, 171.55, 0.315494, 80.4129, 1.67074, 76.9442, 2.29172, -99.1574
3898, 64.95834, 4.86912, -7.7533, 26.0259, -12.2911, 34.7698, 171.478, 0.316687, 80.3765, 1.67635, 76.8765, 2.2992, -99.2299
3898, 64.96667, 4.88556, -7.79524, 26.1067, -12.3605, 34.8761, 171.406, 0.317886, 80.3398, 1.68199, 76.8083, 2.3067, -99.3028
3899, 64.97500, 4.90208, -7.83753, 26.1877, -12.4303, 34.9829, 171.334, 0.319091, 80.3026, 1.68765, 76.7396, 2.31424, -99.3761
3899, 64.98333, 4.91868, -7.88017, 26.269, -12.5006, 35.09, 171.261, 0.320303, 80.2651, 1.69332, 76.6706, 2.32181, -99.4499
3900, 64.99167, 4.93538, -7.92317, 26.3507, -12.5713, 35.1975, 171.188, 0.321521, 80.2272, 1.69903, 76.601, 2.3294, -99.524
3900, 65.00000, 4.95216, -7.96652, 26.4326, -12.6424, 35.3055, 171.114, 0.322745, 80.1889, 1.70475, 76.5311, 2.33703, -99.5985
3901, 65.00833, 4.96903, -8.01022, 26.5147, -12.714, 35.4138, 171.04, 0.323976, 80.1502, 1.71049, 76.4607, 2.34468, -99.6735
3901, 65.01667, 4.98599, -8.0543, 26.5972, -12.786, 35.5225, 170.965, 0.325214, 80.1112, 1.71625, 76.3898, 2.35237, -99.7488
3902, 65.02500, 5.00303, -8.09873, 26.68, -12.8585, 35.6317, 170.89, 0.326458, 80.0717, 1.72204, 76.3185, 2.36008, -99.8246
3902, 65.03333, 5.02016, -8.14353, 26.763, -12.9315, 35.7412, 170.815, 0.327709, 80.0319, 1.72784, 76.2467, 2.36783, -99.9008
3903, 65.04166, 5.03739, -8.18871, 26.8463, -13.0049, 35.8512, 170.739, 0.328967, 79.9916, 1.73367, 76.1744, 2.3756, -99.9775
3903, 65.05000, 5.0547, -8.23425, 26.9299, -13.0787, 35.9615, 170.663, 0.330231, 79.951, 1.73952, 76.1017, 2.38341, -100.055
3904, 65.05833, 5.07211, -8.28017, 27.0138, -13.153, 36.0723, 170.586, 0.331502, 79.9099, 1.74539, 76.0285, 2.39124, -100.132
3904, 65.06667, 5.08961, -8.32647, 27.098, -13.2278, 36.1835, 170.509, 0.33278, 79.8684, 1.75128, 75.9549, 2.39911, -100.21
3905, 65.07500, 5.1072, -8.37315, 27.1825, -13.3031, 36.295, 170.432, 0.334064, 79.8265, 1.7572, 75.8808, 2.407, -100.288
3905, 65.08334, 5.12488, -8.42021, 27.2673, -13.3788, 36.407, 170.354, 0.335356, 79.7843, 1.76313, 75.8062, 2.41493, -100.367
3906, 65.09167, 5.14265, -8.46766, 27.3523, -13.455, 36.5195, 170.275, 0.336655, 79.7415, 1.76909, 75.7312, 2.42288, -100.446
3906, 65.10000, 5.16052, -8.5155, 27.4377, -13.5317, 36.6323, 170.196, 0.33796, 79.6984, 1.77507, 75.6557, 2.43087, -100.526
3907, 65.10833, 5.17848, -8.56372, 27.5233, -13.6088, 36.7455, 170.117, 0.339272, 79.6549, 1.78107, 75.5797, 2.43889, -100.606
3907, 65.11667, 5.19654, -8.61235, 27.6093, -13.6864, 36.8592, 170.037, 0.340592, 79.6109, 1.7871, 75.5032, 2.44694, -100.686
3908, 65.12500, 5.21469, -8.66138, 27.6955, -13.7645, 36.9733, 169.957, 0.341919, 79.5665, 1.79314, 75.4263, 2.45502, -100.767
3908, 65.13333, 5.23293, -8.7108, 27.782, -13.8431, 37.0878, 169.877, 0.343252, 79.5217, 1.79921, 75.3488, 2.46313, -100.849
3909, 65.14167, 5.25128, -8.76063, 27.8689, -13.9222, 37.2027, 169.796, 0.344593, 79.4764, 1.8053, 75.2709, 2.47128, -100.931
3909, 65.15000, 5.26972, -8.81086, 27.956, -14.0017, 37.318, 169.714, 0.345942, 79.4307, 1.81141, 75.1925, 2.47945, -101.013
3910, 65.15833, 5.28826, -8.86151, 28.0434, -14.0817, 37.4338, 169.632, 0.347297, 79.3846, 1.81755, 75.1136, 2.48765, -101.096
3910, 65.16666, 5.3069, -8.91257, 28.1311, -14.1623, 37.55, 169.55, 0.34866, 79.338, 1.8237, 75.0342, 2.49589, -101.179
3911, 65.17500, 5.32563, -8.96404, 28.2191, -14.2433, 37.6666, 169.467, 0.35003, 79.291, 1.82988, 74.9543, 2.50416, -101.263
3911, 65.18333, 5.34446, -9.01593, 28.3074, -14.3248, 37.7837, 169.384, 0.351408, 79.2435, 1.83608, 74.8739, 2.51246, -101.347
3912, 65.19167, 5.3634, -9.06825, 28.3961, -14.4068, 37.9011, 169.3, 0.352793, 79.1956, 1.84231, 74.7931, 2.5208, -101.431
3912, 65.20000, 5.38243, -9.12099, 28.485, -14.4893, 38.0191, 169.215, 0.354185, 79.1472, 1.84856, 74.7117, 2.52916, -101.516
3913, 65.20834, 5.40157, -9.17416, 28.5742, -14.5723, 38.1374, 169.131, 0.355585, 79.0984, 1.85483, 74.6298, 2.53756, -101.602
3913, 65.21667, 5.42081, -9.22776, 28.6637, -14.6559, 38.2562, 169.046, 0.356993, 79.0491, 1.86112, 74.5474, 2.54599, -101.688
3914, 65.22500, 5.44015, -9.28179, 28.7535, -14.7399, 38.3754, 168.96, 0.358408, 78.9994, 1.86743, 74.4645, 2.55445, -101.774
3914, 65.23333, 5.45959, -9.33626, 28.8436, -14.8244, 38.495, 168.874, 0.359831, 78.9491, 1.87377, 74.3811, 2.56294, -101.861
3915, 65.24167, 5.47913, -9.39118, 28.9341, -14.9095, 38.6151, 168.787, 0.361261, 78.8984, 1.88013, 74.2971, 2.57147, -101.949
3915, 65.25000, 5.49878, -9.44654, 29.0248, -14.995, 38.7356, 168.7, 0.3627, 78.8473, 1.88652, 74.2127, 2.58002, -102.037
3916, 65.25833, 5.51854, -9.50234, 29.1158, -15.0811, 38.8565, 168.612, 0.364146, 78.7956, 1.89292, 74.1277, 2.58861, -102.125
3916, 65.26667, 5.5384, -9.5586, 29.2071, -15.1677, 38.9779, 168.524, 0.3656, 78.7435, 1.89935, 74.0422, 2.59724, -102.214
3917, 65.27500, 5.55836, -9.6153, 29.2988, -15.2549, 39.0998, 168.436, 0.367062, 78.6909, 1.90581, 73.9562, 2.6059, -102.303
3917, 65.28333, 5.57843, -9.67247, 29.3907, -15.3425, 39.222, 168.347, 0.368531, 78.6378, 1.91228, 73.8697, 2.61458, -102.393
3918, 65.29166, 5.59861, -9.7301, 29.483, -15.4307, 39.3448, 168.257, 0.370009, 78.5843, 1.91878, 73.7826, 2.62331, -102.483
3918, 65.30000, 5.6189, -9.78819, 29.5755, -15.5194, 39.4679, 168.167, 0.371495, 78.5302, 1.9253, 73.695, 2.63206, -102.574
3919, 65.30833, 5.63929, -9.84674, 29.6684, -15.6086, 39.5915, 168.077, 0.372989, 78.4756, 1.93185, 73.6069, 2.64085, -102.666
3919, 65.31667, 5.65979, -9.90577, 29.7615, -15.6984, 39.7156, 167.986, 0.374491, 78.4206, 1.93842, 73.5182, 2.64967, -102.757
3920, 65.32500, 5.68041, -9.96527, 29.855, -15.7887, 39.84, 167.894, 0.376001, 78.365, 1.94501, 73.429, 2.65853, -102.85
3920, 65.33334, 5.70113, -10.0252, 29.9488, -15.8796, 39.965, 167.802, 0.37752, 78.309, 1.95162, 73.3393, 2.66742, -102.943
3921, 65.34167, 5.72196, -10.0857, 30.0429, -15.971, 40.0904, 167.709, 0.379047, 78.2524, 1.95826, 73.249, 2.67634, -103.036
3921, 65.35000, 5.7429, -10.1467, 30.1373, -16.0629, 40.2162, 167.616, 0.380581, 78.1953, 1.96493, 73.1582, 2.68529, -103.13
3922, 65.35833, 5.76396, -10.2081, 30.232, -16.1554, 40.3425, 167.523, 0.382125, 78.1377, 1.97161, 73.0668, 2.69428, -103.224
3922, 65.36667, 5.78513, -10.27, 30.327, -16.2484, 40.4692, 167.429, 0.383677, 78.0796, 1.97832, 72.9748, 2.70331, -103.319
3923, 65.37500, 5.80641, -10.3324, 30.4223, -16.342, 40.5964, 167.334, 0.385237, 78.0209, 1.98505, 72.8824, 2.71236, -103.414
3923, 65.38333, 5.8278, -10.3953, 30.5179, -16.4361, 40.724, 167.239, 0.386805, 77.9618, 1.99181, 72.7893, 2.72145, -103.51
3924, 65.39167, 5.84931, -10.4587, 30.6139, -16.5308, 40.8521, 167.143, 0.388383, 77.9021, 1.99859, 72.6957, 2.73058, -103.607
3924, 65.40000, 5.87094, -10.5227, 30.7101, -16.6261, 40.9807, 167.047, 0.389969, 77.8419, 2.00539, 72.6015, 2.73974, -103.704
3925, 65.40833, 5.89268, -10.5871, 30.8066, -16.7219, 41.1097, 166.95, 0.391563, 77.7811, 2.01222, 72.5068, 2.74893, -103.801
3925, 65.41666, 5.91453, -10.652, 30.9035, -16.8183, 41.2391, 166.853, 0.393166, 77.7198, 2.01907, 72.4115, 2.75815, -103.899
3926, 65.42500, 5.93651, -10.7175, 31.0007, -16.9153, 41.369, 166.755, 0.394778, 77.6579, 2.02595, 72.3157, 2.76742, -103.998
3926, 65.43333, 5.9586, -10.7835, 31.0982, -17.0128, 41.4994, 166.657, 0.396399, 77.5955, 2.03284, 72.2192, 2.77671, -104.097
3927, 65.44167, 5.98081, -10.85, 31.196, -17.1109, 41.6302, 166.558, 0.398028, 77.5326, 2.03977, 72.1222, 2.78604, -104.197
3927, 65.45000, 6.00313, -10.917, 31.2941, -17.2096, 41.7615, 166.458, 0.399667, 77.4691, 2.04671, 72.0246, 2.7954, -104.297
3928, 65.45834, 6.02558, -10.9845, 31.3925, -17.3088, 41.8932, 166.358, 0.401314, 77.405, 2.05368, 71.9264, 2.8048, -104.398
3928, 65.46667, 6.04814, -11.0526, 31.4912, -17.4087, 42.0254, 166.258, 0.40297, 77.3404, 2.06067, 71.8277, 2.81423, -104.499
3929, 65.47500, 6.07083, -11.1212, 31.5902, -17.5091, 42.1581, 166.157, 0.404635, 77.2752, 2.06769, 71.7283, 2.8237, -104.601
3929, 65.48333, 6.09364, -11.1904, 31.6896, -17.6101, 42.2912, 166.055, 0.40631, 77.2095, 2.07473, 71.6284, 2.8332, -104.703
3930, 65.49167, 6.11657, -11.2601, 31.7892, -17.7117, 42.4248, 165.953, 0.407993, 77.1432, 2.0818, 71.5279, 2.84274, -104.806
3930, 65.50000, 6.13962, -11.3304, 31.8892, -17.8139, 42.5588, 165.85, 0.409686, 77.0763, 2.08889, 71.4268, 2.85231, -104.91
3931, 65.50833, 6.16279, -11.4012, 31.9894, -17.9167, 42.6933, 165.747, 0.411388, 77.0088, 2.096, 71.3251, 2.86191, -105.014
3931, 65.51667, 6.18609, -11.4726, 32.09, -18.0201, 42.8283, 165.643, 0.413099, 76.9408, 2.10314, 71.2228, 2.87156, -105.119
3932, 65.52500, 6.20951, -11.5445, 32.1909, -18.1241, 42.9637, 165.539, 0.414819, 76.8721, 2.1103, 71.1199, 2.88123, -105.224
3932, 65.53333, 6.23306, -11.617, 32.2921, -18.2286, 43.0995, 165.434, 0.416549, 76.8029, 2.11748, 71.0163, 2.89094, -105.33
3933, 65.54166, 6.25674, -11.69, 32.3936, -18.3338, 43.2359, 165.328, 0.418288, 76.733, 2.12469, 70.9122, 2.90069, -105.436
3933, 65.55000, 6.28053, -11.7637, 32.4954, -18.4396, 43.3727, 165.222, 0.420037, 76.6626, 2.13192, 70.8075, 2.91047, -105.543
3934, 65.55833, 6.30446, -11.8379, 32.5975, -18.546, 43.5099, 165.115, 0.421795, 76.5916, 2.13918, 70.7022, 2.92028, -105.65
3934, 65.56667, 6.32851, -11.9126, 32.6999, -18.6531, 43.6477, 165.008, 0.423562, 76.52, 2.14646, 70.5962, 2.93013, -105.758
3935, 65.57500, 6.35269, -11.988, 32.8027, -18.7607, 43.7859, 164.9, 0.425339, 76.4477, 2.15376, 70.4896, 2.94002, -105.867
3935, 65.58334, 6.377, -12.064, 32.9057, -18.869, 43.9245, 164.791, 0.427126, 76.3749, 2.16109, 70.3824, 2.94993, -105.976
3936, 65.59167, 6.40144, -12.1405, 33.009, -18.9779, 44.0636, 164.682, 0.428923, 76.3014, 2.16844, 70.2746, 2.95989, -106.086
3936, 65.60000, 6.42601, -12.2176, 33.1127, -19.0874, 44.2032, 164.572, 0.430729, 76.2273, 2.17581, 70.1661, 2.96988, -106.197
3937, 65.60833, 6.45071, -12.2954, 33.2166, -19.1975, 44.3433, 164.462, 0.432545, 76.1526, 2.18321, 70.0571, 2.9799, -106.308
3937, 65.61667, 6.47554, -12.3737, 33.3209, -19.3083, 44.4838, 164.351, 0.434371, 76.0772, 2.19064, 69.9473, 2.98997, -106.419
3938, 65.62500, 6.5005, -12.4527, 33.4255, -19.4197, 44.6247, 164.24, 0.436207, 76.0013, 2.19808, 69.837, 3.00006, -106.532
3938, 65.63333, 6.5256, -12.5322, 33.5303, -19.5317, 44.7662, 164.128, 0.438052, 75.9247, 2.20555, 69.726, 3.01019, -106.645
3939, 65.64167, 6.55083, -12.6124, 33.6355, -19.6444, 44.9081, 164.015, 0.439908, 75.8474, 2.21305, 69.6144, 3.02036, -106.758
3939, 65.65000, 6.57619, -12.6932, 33.741, -19.7578, 45.0504, 163.902, 0.441774, 75.7695, 2.22057, 69.5021, 3.03056, -106.872
3940, 65.65833, 6.60168, -12.7746, 33.8467, -19.8717, 45.1932, 163.788, 0.443649, 75.691, 2.22811, 69.3892, 3.04079, -106.987
3940, 65.66666, 6.62731, -12.8566, 33.9528, -19.9863, 45.3365, 163.673, 0.445535, 75.6118, 2.23567, 69.2757, 3.05106, -107.102
3941, 65.67500, 6.65308, -12.9393, 34.0592, -20.1016, 45.4802, 163.558, 0.447431, 75.5319, 2.24326, 69.1615, 3.06137, -107.218
3941, 65.68333, 6.67898, -13.0226, 34.1658, -20.2175, 45.6244, 163.442, 0.449337, 75.4514, 2.25087, 69.0466, 3.07171, -107.335
3942, 65.69167, 6.70501, -13.1065, 34.2728, -20.3341, 45.7691, 163.326, 0.451254, 75.3702, 2.25851, 68.9311, 3.08209, -107.452
3942, 65.70000, 6.73119, -13.1911, 34.38, -20.4513, 45.9142, 163.209, 0.453181, 75.2884, 2.26617, 68.8149, 3.0925, -107.57
3943, 65.70834, 6.7575, -13.2764, 34.4876, -20.5692, 46.0597, 163.091, 0.455118, 75.2059, 2.27385, 68.698, 3.10294, -107.688
3943, 65.71667, 6.78395, -13.3622, 34.5954, -20.6878, 46.2058, 162.973, 0.457065, 75.1227, 2.28156, 68.5805, 3.11343, -107.807
3944, 65.72500, 6.81054, -13.4488, 34.7036, -20.807, 46.3523, 162.854, 0.459023, 75.0388, 2.28928, 68.4623, 3.12394, -107.927
3944, 65.73333, 6.83727, -13.536, 34.812, -20.9269, 46.4992, 162.734, 0.460991, 74.9543, 2.29704, 68.3435, 3.13449, -108.047
3945, 65.74167, 6.86414, -13.6238, 34.9207, -21.0475, 46.6466, 162.614, 0.46297, 74.869, 2.30481, 68.224, 3.14508, -108.168
3945, 65.75000, 6.89114, -13.7124, 35.0297, -21.1687, 46.7944, 162.493, 0.46496, 74.7831, 2.31261, 68.1038, 3.1557, -108.29
3946, 65.75833, 6.91829, -13.8016, 35.139, -21.2906, 46.9427, 162.371, 0.46696, 74.6965, 2.32043, 67.9829, 3.16636, -108.412
3946, 65.76667, 6.94558, -13.8914, 35.2486, -21.4132, 47.0915, 162.249, 0.46897, 74.6092, 2.32828, 67.8613, 3.17705, -108.535
3947, 65.77500, 6.97302, -13.982, 35.3585, -21.5365, 47.2407, 162.126, 0.470992, 74.5211, 2.33615, 67.7391, 3.18777, -108.659
3947, 65.78333, 7.00059, -14.0732, 35.4687, -21.6605, 47.3904, 162.003, 0.473024, 74.4324, 2.34404, 67.6161, 3.19853, -108.783
3948, 65.79166, 7.02831, -14.1651, 35.5791, -21.7852, 47.5405, 161.878, 0.475067, 74.3429, 2.35195, 67.4925, 3.20933, -108.908
3948, 65.80000, 7.05617, -14.2578, 35.6898, -21.9105, 47.691, 161.754, 0.47712, 74.2528, 2.35989, 67.3682, 3.22016, -109.033
3949, 65.80833, 7.08418, -14.3511, 35.8008, -22.0366, 47.842, 161.628, 0.479185, 74.1619, 2.36784, 67.2432, 3.23102, -109.16
3949, 65.81667, 7.11234, -14.4451, 35.9121, -22.1633, 47.9935, 161.502, 0.48126, 74.0703, 2.37583, 67.1174, 3.24192, -109.287
3950, 65.82500, 7.14063, -14.5398, 36.0236, -22.2908, 48.1454, 161.375, 0.483347, 73.978, 2.38383, 66.991, 3.25285, -109.414
3950, 65.83334, 7.16907, -14.6352, 36.1355, -22.4189, 48.2977, 161.248, 0.485444, 73.8849, 2.39186, 66.8639, 3.26382, -109.542
3951, 65.84167, 7.19767, -14.7314, 36.2476, -22.5478, 48.4505, 161.119, 0.487553, 73.7911, 2.3999, 66.7361, 3.27482, -109.671
3951, 65.85000, 7.2264, -14.8282, 36.3599, -22.6773, 48.6037, 160.99, 0.489672, 73.6966, 2.40797, 66.6075, 3.28585, -109.801
3952, 65.85833, 7.25528, -14.9258, 36.4726, -22.8076, 48.7573, 160.861, 0.491803, 73.6013, 2.41607, 66.4783, 3.29692, -109.931
3952, 65.86667, 7.28432, -15.0241, 36.5855, -22.9386, 48.9114, 160.731, 0.493945, 73.5052, 2.42418, 66.3483, 3.30803, -110.062
3953, 65.87500, 7.3135, -15.1231, 36.6987, -23.0703, 49.066, 160.6, 0.496097, 73.4084, 2.43232, 66.2176, 3.31916, -110.194
3953, 65.88333, 7.34283, -15.2229, 36.8121, -23.2027, 49.2209, 160.468, 0.498262, 73.3109, 2.44047, 66.0862, 3.33033, -110.326
3954, 65.89167, 7.37231, -15.3234, 36.9258, -23.3359, 49.3763, 160.336, 0.500437, 73.2126, 2.44865, 65.9541, 3.34154, -110.459
3954, 65.90000, 7.40193, -15.4246, 37.0397, -23.4698, 49.5321, 160.203, 0.502624, 73.1135, 2.45685, 65.8213, 3.35277, -110.593
3955, 65.90833, 7.43171, -15.5266, 37.1539, -23.6044, 49.6883, 160.069, 0.504822, 73.0137, 2.46507, 65.6877, 3.36404, -110.728
3955, 65.91666, 7.46164, -15.6294, 37.2684, -23.7397, 49.845, 159.934, 0.507031, 72.9131, 2.47332, 65.5533, 3.37535, -110.863
3956, 65.92500, 7.49172, -15.7329, 37.3831, -23.8758, 50.002, 159.799, 0.509252, 72.8117, 2.48158, 65.4183, 3.38668, -110.999
3956, 65.93333, 7.52195, -15.8371, 37.4981, -24.0126, 50.1595, 159.663, 0.511484, 72.7096, 2.48986, 65.2825, 3.39805, -111.135
3957, 65.94167, 7.55234, -15.9421, 37.6133, -24.1501, 50.3175, 159.527, 0.513728, 72.6066, 2.49817, 65.146, 3.40946, -111.273
3957, 65.95000, 7.58287, -16.0479, 37.7287, -24.2884, 50.4758, 159.389, 0.515983, 72.5029, 2.50649, 65.0087, 3.42089, -111.411
3958, 65.95834, 7.61356, -16.1545, 37.8444, -24.4274, 50.6345, 159.251, 0.51825, 72.3984, 2.51484, 64.8707, 3.43236, -111.549
3958, 65.96667, 7.6444, -16.2618, 37.9603, -24.5672, 50.7937, 159.113, 0.520529, 72.293, 2.52321, 64.7319, 3.44386, -111.689
3959, 65.97500, 7.6754, -16.3699, 38.0765, -24.7077, 50.9532, 158.973, 0.522819, 72.1869, 2.53159, 64.5924, 3.45539, -111.829
3959, 65.98333, 7.70655, -16.4788, 38.1929, -24.8489, 51.1131, 158.833, 0.52512, 72.08, 2.54, 64.4522, 3.46695, -111.97
3960, 65.99167, 7.73785, -16.5885, 38.3095, -24.991, 51.2735, 158.692, 0.527434, 71.9722, 2.54842, 64.3112, 3.47855, -112.111
3960, 66.00000, 7.76931, -16.699, 38.4264, -25.1337, 51.4342, 158.551, 0.529758, 71.8637, 2.55687, 64.1694, 3.49017, -112.254
3961, 66.00833, 7.80092, -16.8103, 38.5434, -25.2773, 51.5954, 158.408, 0.532095, 71.7543, 2.56533, 64.0269, 3.50183, -112.397
3961, 66.01667, 7.83269, -16.9223, 38.6607, -25.4216, 51.7569, 158.265, 0.534444, 71.6441, 2.57382, 63.8836, 3.51352, -112.541
3962, 66.02500, 7.86461, -17.0352, 38.7782, -25.5666, 51.9188, 158.121, 0.536804, 71.5331, 2.58232, 63.7395, 3.52524, -112.685
3962, 66.03333, 7.89669, -17.1489, 38.8959, -25.7125, 52.0811, 157.977, 0.539176, 71.4213, 2.59084, 63.5947, 3.53699, -112.83
3963, 66.04166, 7.92893, -17.2634, 39.0139, -25.8591, 52.2438, 157.831, 0.54156, 71.3086, 2.59938, 63.4491, 3.54877, -112.977
3963, 66.05000, 7.96132, -17.3787, 39.132, -26.0064, 52.4068, 157.685, 0.543956, 71.1951, 2.60793, 63.3027, 3.56058, -113.123
3964, 66.05833, 7.99387, -17.4948, 39.2503, -26.1546, 52.5702, 157.538, 0.546363, 71.0808, 2.61651, 63.1556, 3.57242, -113.271
3964, 66.06667, 8.02658, -17.6118, 39.3689, -26.3035, 52.734, 157.391, 0.548783, 70.9656, 2.6251, 63.0076, 3.58429, -113.419
3965, 66.07500, 8.05944, -17.7296, 39.4876, -26.4532, 52.8982, 157.242, 0.551214, 70.8495, 2.63371, 62.859, 3.59619, -113.568
3965, 66.08334, 8.09245, -17.8482, 39.6065, -26.6036, 53.0627, 157.093, 0.553657, 70.7327, 2.64234, 62.7095, 3.60812, -113.718
3966, 66.09167, 8.12564, -17.9677, 39.7257, -26.7549, 53.2276, 156.943, 0.556113, 70.6149, 2.65099, 62.5592, 3.62008, -113.868
3966, 66.10000, 8.15897, -18.088, 39.845, -26.9069, 53.3928, 156.793, 0.55858, 70.4963, 2.65965, 62.4082, 3.63207, -114.02
3967, 66.10833, 8.19246, -18.2091, 39.9644, -27.0597, 53.5583, 156.641, 0.561059, 70.3768, 2.66833, 62.2563, 3.64408, -114.172
3967, 66.11667, 8.22612, -18.3311, 40.0841, -27.2134, 53.7243, 156.489, 0.563551, 70.2565, 2.67702, 62.1037, 3.65612, -114.325
3968, 66.12500, 8.25992, -18.4539, 40.2039, -27.3678, 53.8905, 156.336, 0.566054, 70.1353, 2.68573, 61.9503, 3.6682, -114.478
3968, 66.13333, 8.29389, -18.5776, 40.3239, -27.5229, 54.0571, 156.183, 0.568569, 70.0132, 2.69446, 61.7961, 3.68029, -114.633
3969, 66.14167, 8.32802, -18.7022, 40.4441, -27.6789, 54.224, 156.028, 0.571097, 69.8903, 2.7032, 61.6411, 3.69242, -114.788
3969, 66.15000, 8.3623, -18.8276, 40.5644, -27.8357, 54.3912, 155.873, 0.573637, 69.7664, 2.71196, 61.4853, 3.70457, -114.944
3970, 66.15833, 8.39675, -18.9539, 40.6848, -27.9933, 54.5588, 155.717, 0.576188, 69.6417, 2.72073, 61.3287, 3.71675, -115.1
3970, 66.16666, 8.43135, -19.0811, 40.8054, -28.1517, 54.7266, 155.56, 0.578752, 69.5161, 2.72952, 61.1712, 3.72896, -115.258
3971, 66.17500, 8.46611, -19.2091, 40.9262, -28.3109, 54.8948, 155.403, 0.581328, 69.3896, 2.73832, 61.013, 3.74119, -115.416
3971, 66.18333, 8.50103, -19.338, 41.0471, -28.4709, 55.0633, 155.244, 0.583916, 69.2622, 2.74713, 60.854, 3.75344, -115.575
3972, 66.19167, 8.53612, -19.4678, 41.1681, -28.6317, 55.2321, 155.085, 0.586516, 69.1339, 2.75596, 60.6942, 3.76573, -115.735
3972, 66.20000, 8.57135, -19.5985, 41.2893, -28.7933, 55.4011, 154.925, 0.589128, 69.0047, 2.7648, 60.5335, 3.77803, -115.896
3973, 66.20834, 8.60675, -19.7301, 41.4106, -28.9557, 55.5705, 154.764, 0.591752, 68.8746, 2.77366, 60.3721, 3.79036, -116.057
3973, 66.21667, 8.64231, -19.8626, 41.532, -29.1189, 55.7401, 154.603, 0.594389, 68.7436, 2.78253, 60.2098, 3.80272, -116.219
3974, 66.22500, 8.67802, -19.9959, 41.6535, -29.283, 55.91, 154.441, 0.597037, 68.6116, 2.79141, 60.0467, 3.8151, -116.382
3974, 66.23333, 8.71389, -20.1302, 41.7751, -29.4478, 56.0802, 154.277, 0.599698, 68.4788, 2.8003, 59.8828, 3.8275, -116.546
3975, 66.24167, 8.74993, -20.2654, 41.8969, -29.6135, 56.2506, 154.114, 0.602371, 68.345, 2.8092, 59.7181, 3.83992, -116.711
3975, 66.25000, 8.78612, -20.4014, 42.0187, -29.78, 56.4213, 153.949, 0.605056, 68.2103, 2.81812, 59.5526, 3.85237, -116.876
3976, 66.25833, 8.82247, -20.5384, 42.1406, -29.9473, 56.5922, 153.783, 0.607753, 68.0747, 2.82704, 59.3862, 3.86484, -117.042
3976, 66.26667, 8.85898, -20.6763, 42.2626, -30.1155, 56.7634, 153.617, 0.610462, 67.9382, 2.83598, 59.219, 3.87733, -117.209
3977, 66.27500, 8.89564, -20.8151, 42.3847, -30.2844, 56.9348, 153.45, 0.613183, 67.8007, 2.84493, 59.051, 3.88984, -117.377
3977, 66.28333, 8.93246, -20.9549, 42.5068, -30.4542, 57.1064, 153.282, 0.615916, 67.6623, 2.85388, 58.8822, 3.90237, -117.546
3978, 66.29166, 8.96945, -21.0956, 42.6291, -30.6249, 57.2783, 153.113, 0.618662, 67.5229, 2.86285, 58.7125, 3.91492, -117.715
3978, 66.30000, 9.00659, -21.2372, 42.7513, -30.7963, 57.4504, 152.944, 0.621419, 67.3827, 2.87182, 58.5421, 3.92749, -117.885
3979, 66.30833, 9.04388, -21.3797, 42.8737, -30.9685, 57.6227, 152.773, 0.624189, 67.2414, 2.8808, 58.3707, 3.94008, -118.056
3979, 66.31667, 9.08134, -21.5231, 42.9961, -31.1417, 57.7952, 152.602, 0.62697, 67.0992, 2.8898, 58.1986, 3.95269, -118.228
3980, 66.32500, 9.11894, -21.6675, 43.1185, -31.3156, 57.9678, 152.43, 0.629764, 66.9561, 2.8988, 58.0256, 3.96532, -118.401
3980, 66.33334, 9.15671, -21.8129, 43.241, -31.4903, 58.1407, 152.257, 0.632569, 66.812, 2.9078, 57.8518, 3.97797, -118.574
3981, 66.34167, 9.19463, -21.9591, 43.3635, -31.6659, 58.3137, 152.084, 0.635387, 66.667, 2.91681, 57.6771, 3.99063, -118.748
3981, 66.35000, 9.23271, -22.1064, 43.486, -31.8424, 58.4869, 151.909, 0.638217, 66.521, 2.92583, 57.5016, 4.00331, -118.923
3982, 66.35833, 9.27094, -22.2545, 43.6085, -32.0196, 58.6603, 151.734, 0.641058, 66.374, 2.93486, 57.3253, 4.016, -119.099
3982, 66.36667, 9.30933, -22.4037, 43.7311, -32.1977, 58.8338, 151.558, 0.643912, 66.2261, 2.94389, 57.1482, 4.02871, -119.276
3983, 66.37500, 9.34787, -22.5537, 43.8536, -32.3767, 59.0075, 151.381, 0.646777, 66.0772, 2.95292, 56.9702, 4.04144, -119.454
3983, 66.38333, 9.38656, -22.7048, 43.9762, -32.5564, 59.1813, 151.203, 0.649654, 65.9273, 2.96196, 56.7913, 4.05418, -119.632
3984, 66.39167, 9.42541, -22.8568, 44.0987, -32.7371, 59.3552, 151.025, 0.652543, 65.7765, 2.97101, 56.6116, 4.06693, -119.811
3984, 66.40000, 9.46441, -23.0097, 44.2212, -32.9185, 59.5293, 150.845, 0.655443, 65.6246, 2.98006, 56.4311, 4.0797, -119.991
3985, 66.40833, 9.50356, -23.1636, 44.3437, -33.1008, 59.7034, 150.665, 0.658356, 65.4719, 2.98911, 56.2498, 4.09248, -120.172
3985, 66.41666, 9.54287, -23.3186, 44.4662, -33.2839, 59.8777, 150.484, 0.66128, 65.3181, 2.99816, 56.0676, 4.10527, -120.354
3986, 66.42500, 9.58232, -23.4744, 44.5886, -33.4679, 60.0521, 150.302, 0.664216, 65.1633, 3.00722, 55.8845, 4.11807, -120.536
3986, 66.43333, 9.62192, -23.6312, 44.7109, -33.6527, 60.2265, 150.12, 0.667163, 65.0076, 3.01627, 55.7006, 4.13088, -120.719
3987, 66.44167, 9.66168, -23.7891, 44.8332, -33.8384, 60.401, 149.936, 0.670122, 64.8509, 3.02533, 55.5159, 4.14371, -120.904
3987, 66.45000, 9.70158, -23.9478, 44.9555, -34.0248, 60.5756, 149.752, 0.673093, 64.6932, 3.03439, 55.3303, 4.15654, -121.088
3988, 66.45834, 9.74163, -24.1076, 45.0776, -34.2122, 60.7502, 149.567, 0.676075, 64.5345, 3.04345, 55.1439, 4.16938, -121.274
3988, 66.46667, 9.78183, -24.2683, 45.1997, -34.4004, 60.9249, 149.381, 0.679068, 64.3748, 3.0525, 54.9566, 4.18223, -121.461
3989, 66.47500, 9.82218, -24.4301, 45.3217, -34.5894, 61.0996, 149.194, 0.682073, 64.2141, 3.06156, 54.7686, 4.19509, -121.648
3989, 66.48333, 9.86267, -24.5928, 45.4436, -34.7792, 61.2743, 149.006, 0.685089, 64.0525, 3.07061, 54.5796, 4.20795, -121.837
3990, 66.49167, 9.90331, -24.7565, 45.5654, -34.9699, 61.4491, 148.818, 0.688117, 63.8898, 3.07967, 54.3898, 4.22082, -122.026
3990, 66.50000, 9.94409, -24.9212, 45.687, -35.1615, 61.6238, 148.628, 0.691156, 63.7261, 3.08871, 54.1992, 4.2337, -122.216
3991, 66.50833, 9.98501, -25.0868, 45.8086, -35.3538, 61.7985, 148.438, 0.694206, 63.5614, 3.09776, 54.0077, 4.24658, -122.406
3991, 66.51667, 10.0261, -25.2535, 45.93, -35.5471, 61.9733, 148.247, 0.697267, 63.3957, 3.1068, 53.8154, 4.25946, -122.598
3992, 66.52500, 10.0673, -25.4212, 46.0512, -35.7411, 62.148, 148.055, 0.700339, 63.2291, 3.11584, 53.6223, 4.27235, -122.79
3992, 66.53333, 10.1086, -25.5898, 46.1723, -35.936, 62.3226, 147.863, 0.703422, 63.0614, 3.12487, 53.4283, 4.28523, -122.984
3993, 66.54166, 10.1501, -25.7595, 46.2933, -36.1318, 62.4972, 147.669, 0.706516, 62.8927, 3.13389, 53.2334, 4.29813, -123.178
3993, 66.55000, 10.1917, -25.9302, 46.4141, -36.3283, 62.6718, 147.475, 0.70962, 62.723, 3.14291, 53.0377, 4.31102, -123.373
3994, 66.55833, 10.2335, -26.1018, 46.5347, -36.5257, 62.8462, 147.28, 0.712736, 62.5523, 3.15192, 52.8412, 4.32391, -123.568
3994, 66.56667, 10.2754, -26.2745, 46.6551, -36.724, 63.0206, 147.084, 0.715862, 62.3806, 3.16093, 52.6439, 4.3368, -123.765
3995, 66.57500, 10.3174, -26.4481, 46.7753, -36.9231, 63.1949, 146.887, 0.718999, 62.2079, 3.16992, 52.4457, 4.34969, -123.962
3995, 66.58334, 10.3596, -26.6228, 46.8953, -37.123, 63.3691, 146.69, 0.722146, 62.0342, 3.17891, 52.2467, 4.36258, -124.16
3996, 66.59167, 10.4019, -26.7985, 47.0151, -37.3237, 63.5432, 146.491, 0.725304, 61.8594, 3.18789, 52.0468, 4.37546, -124.359
3996, 66.60000, 10.4443, -26.9751, 47.1347, -37.5253, 63.7171, 146.292, 0.728472, 61.6837, 3.19685, 51.8461, 4.38834, -124.559
3997, 66.60833, 10.4869, -27.1528, 47.254, -37.7277, 63.8909, 146.092, 0.73165, 61.5069, 3.20581, 51.6446, 4.40121, -124.76
3997, 66.61667, 10.5296, -27.3315, 47.3731, -37.931, 64.0645, 145.891, 0.734839, 61.3291, 3.21475, 51.4422, 4.41408, -124.961
3998, 66.62500, 10.5724, -27.5112, 47.4919, -38.135, 64.238, 145.689, 0.738037, 61.1503, 3.22368, 51.239, 4.42695, -125.164
3998, 66.63333, 10.6153, -27.6919, 47.6104, -38.3399, 64.4112, 145.487, 0.741246, 60.9705, 3.2326, 51.035, 4.4398, -125.367
3999, 66.64167, 10.6584, -27.8736, 47.7287, -38.5456, 64.5843, 145.283, 0.744464, 60.7897, 3.2415, 50.8301, 4.45265, -125.571
3999, 66.65000, 10.7016, -28.0563, 47.8467, -38.7522, 64.7572, 145.079, 0.747692, 60.6079, 3.25039, 50.6245, 4.46549, -125.775
4000, 66.65833, 10.7449, -28.24, 47.9644, -38.9595, 64.9299, 144.874, 0.75093, 60.425, 3.25926, 50.418, 4.47831, -125.981
4000, 66.66666, 10.7884, -28.4247, 48.0818, -39.1677, 65.1023, 144.668, 0.754178, 60.2412, 3.26812, 50.2107, 4.49113, -126.187
4001, 66.67500, 10.8319, -28.6105, 48.1989, -39.3767, 65.2745, 144.462, 0.757435, 60.0563, 3.27696, 50.0025, 4.50394, -126.395
4001, 66.68333, 10.8756, -28.7972, 48.3156, -39.5865, 65.4464, 144.254, 0.760701, 59.8704, 3.28578, 49.7936, 4.51673, -126.603
4002, 66.69167, 10.9194, -28.985, 48.432, -39.7971, 65.6181, 144.046, 0.763977, 59.6835, 3.29459, 49.5838, 4.52951, -126.811
4002, 66.70000, 10.9633, -29.1737, 48.5481, -40.0086, 65.7895, 143.837, 0.767261, 59.4956, 3.30337, 49.3732, 4.54227, -127.021
4003, 66.70834, 11.0073, -29.3635, 48.6637, -40.2208, 65.9605, 143.627, 0.770555, 59.3067, 3.31214, 49.1619, 4.55502, -127.231
4003, 66.71667, 11.0514, -29.5543, 48.7791, -40.4339, 66.1313, 143.417, 0.773858, 59.1167, 3.32088, 48.9496, 4.56775, -127.443
4004, 66.72500, 11.0956, -29.7461, 48.894, -40.6477, 66.3017, 143.205, 0.777169, 58.9258, 3.32961, 48.7367, 4.58047, -127.655
4004, 66.73333, 11.1399, -29.9389, 49.0085, -40.8623, 66.4718, 142.993, 0.780489, 58.7339, 3.33831, 48.5229, 4.59316, -127.868
4005, 66.74167, 11.1844, -30.1327, 49.1227, -41.0778, 66.6416, 142.78, 0.783818, 58.5409, 3.34699, 48.3083, 4.60584, -128.081
4005, 66.75000, 11.2289, -30.3275, 49.2364, -41.294, 66.8109, 142.566, 0.787154, 58.3469, 3.35564, 48.0929, 4.61849, -128.296
4005, 66.75833, 11.2736, -30.5233, 49.3497, -41.511, 66.9799, 142.351, 0.7905, 58.1519, 3.36427, 47.8767, 4.63112, -128.511
4006, 66.76667, 11.3183, -30.7201, 49.4625, -41.7288, 67.1485, 142.136, 0.793853, 57.9559, 3.37288, 47.6597, 4.64374, -128.727
4007, 66.77500, 11.3632, -30.9179, 49.5749, -41.9474, 67.3167, 141.92, 0.797214, 57.759, 3.38146, 47.4419, 4.65632, -128.943
4007, 66.78333, 11.4081, -31.1167, 49.6869, -42.1668, 67.4844, 141.703, 0.800583, 57.561, 3.39001, 47.2234, 4.66889, -129.161
4008, 66.79166, 11.4531, -31.3165, 49.7983, -42.387, 67.6517, 141.485, 0.80396, 57.362, 3.39854, 47.0041, 4.68143, -129.379
4008, 66.80000, 11.4983, -31.5173, 49.9093, -42.6079, 67.8186, 141.266, 0.807345, 57.162, 3.40704, 46.784, 4.69394, -129.598
4009, 66.80833, 11.5435, -31.7191, 50.0198, -42.8295, 67.985, 141.047, 0.810736, 56.961, 3.41551, 46.5631, 4.70642, -129.818
4009, 66.81667, 11.5888, -31.9219, 50.1298, -43.052, 68.1509, 140.827, 0.814136, 56.759, 3.42395, 46.3415, 4.71887, -130.039
4010, 66.82500, 11.6342, -32.1257, 50.2392, -43.2752, 68.3163, 140.606, 0.817542, 56.556, 3.43235, 46.1191, 4.7313, -130.26
4010, 66.83334, 11.6796, -32.3304, 50.3482, -43.4992, 68.4812, 140.385, 0.820955, 56.3521, 3.44073, 45.8959, 4.74369, -130.482
4011, 66.84167, 11.7252, -32.5362, 50.4565, -43.7239, 68.6456, 140.162, 0.824375, 56.1471, 3.44907, 45.672, 4.75606, -130.705
4011, 66.85000, 11.7708, -32.7429, 50.5644, -43.9494, 68.8094, 139.939, 0.827802, 55.9412, 3.45738, 45.4473, 4.76839, -130.929
4012, 66.85833, 11.8165, -32.9507, 50.6716, -44.1756, 68.9726, 139.715, 0.831234, 55.7343, 3.46566, 45.2219, 4.78068, -131.153
4012, 66.86667, 11.8623, -33.1594, 50.7783, -44.4026, 69.1353, 139.491, 0.834674, 55.5264, 3.4739, 44.9957, 4.79294, -131.379
4013, 66.87500, 11.9081, -33.3691, 50.8844, -44.6303, 69.2974, 139.265, 0.83812, 55.3175, 3.48211, 44.7689, 4.80517, -131.604
4013, 66.88333, 11.9541, -33.5797, 50.9899, -44.8587, 69.4589, 139.039, 0.841571, 55.1076, 3.49028, 44.5412, 4.81735, -131.831
4013, 66.89167, 12.0001, -33.7914, 51.0948, -45.0878, 69.6197, 138.812, 0.845029, 54.8968, 3.49841, 44.3129, 4.8295, -132.058
4014, 66.90000, 12.0461, -34.004, 51.199, -45.3177, 69.7799, 138.585, 0.848491, 54.685, 3.5065, 44.0838, 4.84161, -132.286
4015, 66.90833, 12.0922, -34.2175, 51.3026, -45.5483, 69.9395, 138.356, 0.85196, 54.4723, 3.51456, 43.854, 4.85368, -132.515
4015, 66.91666, 12.1384, -34.4321, 51.4056, -45.7796, 70.0984, 138.127, 0.855434, 54.2585, 3.52257, 43.6235, 4.86571, -132.745
4016, 66.92500, 12.1846, -34.6476, 51.5079, -46.0116, 70.2566, 137.898, 0.858912, 54.0438, 3.53054, 43.3923, 4.87769, -132.975
4016, 66.93333, 12.2309, -34.864, 51.6095, -46.2443, 70.4142, 137.667, 0.862396, 53.8282, 3.53848, 43.1604, 4.88963, -133.206
4017, 66.94167, 12.2772, -35.0814, 51.7105, -46.4777, 70.571, 137.436, 0.865885, 53.6116, 3.54637, 42.9277, 4.90153, -133.438
4017, 66.95000, 12.3236, -35.2998, 51.8107, -46.7117, 70.7271, 137.204, 0.869378, 53.3941, 3.55421, 42.6944, 4.91337, -133.67
4018, 66.95834, 12.3701, -35.519, 51.9102, -46.9465, 70.8824, 136.972, 0.872875, 53.1756, 3.56201, 42.4604, 4.92518, -133.903
4018, 66.96667, 12.4165, -35.7393, 52.009, -47.1819, 71.037, 136.739, 0.876377, 52.9562, 3.56977, 42.2258, 4.93693, -134.137
4019, 66.97500, 12.4631, -35.9605, 52.1071, -47.418, 71.1908, 136.505, 0.879882, 52.7358, 3.57748, 41.9904, 4.94863, -134.371
4019, 66.98333, 12.5096, -36.1826, 52.2045, -47.6548, 71.3438, 136.27, 0.883391, 52.5145, 3.58514, 41.7544, 4.96029, -134.606
4020, 66.99167, 12.5562, -36.4056, 52.301, -47.8922, 71.496, 136.035, 0.886904, 52.2923, 3.59276, 41.5177, 4.97189, -134.842
4020, 67.00000, 12.6028, -36.6296, 52.3968, -48.1303, 71.6473, 135.799, 0.890421, 52.0692, 3.60033, 41.2804, 4.98344, -135.078
4021, 67.00833, 12.6495, -36.8545, 52.4919, -48.369, 71.7978, 135.562, 0.89394, 51.8451, 3.60785, 41.0425, 4.99493, -135.315
4021, 67.01667, 12.6962, -37.0803, 52.5861, -48.6083, 71.9475, 135.325, 0.897463, 51.6201, 3.61532, 40.8038, 5.00637, -135.553
4021, 67.02500, 12.7429, -37.307, 52.6795, -48.8483, 72.0963, 135.087, 0.900988, 51.3943, 3.62273, 40.5646, 5.01776, -135.791
4022, 67.03333, 12.7896, -37.5346, 52.7721, -49.0889, 72.2442, 134.849, 0.904516, 51.1675, 3.6301, 40.3247, 5.02908, -136.03
4023, 67.04166, 12.8364, -37.7631, 52.8639, -49.3301, 72.3913, 134.61, 0.908046, 50.9398, 3.63741, 40.0842, 5.04035, -136.27
4023, 67.05000, 12.8831, -37.9925, 52.9549, -49.572, 72.5374, 134.37, 0.911578, 50.7113, 3.64467, 39.8431, 5.05156, -136.51
4024, 67.05833, 12.9299, -38.2228, 53.045, -49.8144, 72.6825, 134.13, 0.915113, 50.4818, 3.65187, 39.6014, 5.06271, -136.751
4024, 67.06667, 12.9767, -38.4541, 53.1342, -50.0574, 72.8268, 133.889, 0.918649, 50.2514, 3.65902, 39.3591, 5.0738, -136.992
4025, 67.07500, 13.0235, -38.6861, 53.2225, -50.301, 72.97, 133.647, 0.922187, 50.0202, 3.66612, 39.1162, 5.08482, -137.234
4025, 67.08334, 13.0703, -38.9191, 53.31, -50.5452, 73.1123, 133.405, 0.925726, 49.7882, 3.67315, 38.8727, 5.09578, -137.477
4026, 67.09167, 13.1171, -39.1529, 53.3966, -50.79, 73.2536, 133.162, 0.929266, 49.5552, 3.68013, 38.6287, 5.10667, -137.72
4026, 67.10000, 13.1639, -39.3876, 53.4823, -51.0353, 73.3938, 132.919, 0.932807, 49.3214, 3.68705, 38.384, 5.1175, -137.964
4027, 67.10833, 13.2107, -39.6231, 53.567, -51.2812, 73.5331, 132.675, 0.936348, 49.0868, 3.69391, 38.1389, 5.12826, -138.209
4027, 67.11667, 13.2575, -39.8595, 53.6508, -51.5277, 73.6713, 132.43, 0.939891, 48.8512, 3.70071, 37.8931, 5.13896, -138.454
4028, 67.12500, 13.3043, -40.0968, 53.7337, -51.7746, 73.8085, 132.185, 0.943433, 48.6149, 3.70745, 37.6468, 5.14958, -138.699
4028, 67.13333, 13.3511, -40.3348, 53.8156, -52.0221, 73.9445, 131.939, 0.946975, 48.3777, 3.71413, 37.4, 5.16013, -138.945
4029, 67.14167, 13.3979, -40.5738, 53.8966, -52.2702, 74.0796, 131.693, 0.950518, 48.1397, 3.72075, 37.1526, 5.17061, -139.192
4029, 67.15000, 13.4446, -40.8135, 53.9766, -52.5187, 74.2134, 131.446, 0.954059, 47.9009, 3.7273, 36.9048, 5.18102, -139.439
4029, 67.15833, 13.4913, -41.054, 54.0556, -52.7678, 74.3462, 131.199, 0.9576, 47.6613, 3.73379, 36.6564, 5.19135, -139.687
4030, 67.16666, 13.538, -41.2954, 54.1336, -53.0173, 74.4779, 130.951, 0.961141, 47.4208, 3.74021, 36.4075, 5.20162, -139.935
4031, 67.17500, 13.5847, -41.5376, 54.2106, -53.2674, 74.6084, 130.703, 0.96468, 47.1795, 3.74657, 36.1581, 5.2118, -140.184
4031, 67.18333, 13.6313, -41.7806, 54.2866, -53.5179, 74.7378, 130.454, 0.968217, 46.9375, 3.75286, 35.9083, 5.22191, -140.433
4032, 67.19167, 13.6779, -42.0244, 54.3616, -53.7689, 74.866, 130.205, 0.971754, 46.6947, 3.75908, 35.6579, 5.23194, -140.683
4032, 67.20000, 13.7245, -42.2689, 54.4355, -54.0204, 74.993, 129.955, 0.975288, 46.4511, 3.76524, 35.4071, 5.24189, -140.933
4033, 67.20834, 13.771, -42.5143, 54.5084, -54.2723, 75.1188, 129.705, 0.97882, 46.2067, 3.77132, 35.1558, 5.25176, -141.184
4033, 67.21667, 13.8174, -42.7604, 54.5802, -54.5246, 75.2434, 129.454, 0.982351, 45.9615, 3.77734, 34.9041, 5.26155, -141.435
4034, 67.22500, 13.8639, -43.0073, 54.651, -54.7774, 75.3668, 129.203, 0.985878, 45.7156, 3.78329, 34.6519, 5.27126, -141.686
4034, 67.23333, 13.9102, -43.2549, 54.7207, -55.0306, 75.489, 128.951, 0.989403, 45.469, 3.78916, 34.3994, 5.28088, -141.938
4035, 67.24167, 13.9566, -43.5033, 54.7893, -55.2843, 75.6099, 128.699, 0.992925, 45.2216, 3.79497, 34.1463, 5.29042, -142.191
4035, 67.25000, 14.0028, -43.7524, 54.8568, -55.5383, 75.7295, 128.446, 0.996444, 44.9735, 3.8007, 33.8929, 5.29988, -142.444
4036, 67.25833, 14.049, -44.0023, 54.9232, -55.7928, 75.8478, 128.193, 0.99996, 44.7246, 3.80636, 33.6391, 5.30925, -142.697
4036, 67.26667, 14.0952, -44.2529, 54.9885, -56.0476, 75.9649, 127.94, 1.00347, 44.475, 3.81195, 33.3849, 5.31853, -142.951
4037, 67.27500, 14.1413, -44.5042, 55.0527, -56.3028, 76.0807, 127.686, 1.00698, 44.2248, 3.81746, 33.1303, 5.32773, -143.206
4037, 67.28333, 14.1873, -44.7562, 55.1157, -56.5584, 76.1951, 127.432, 1.01048, 43.9738, 3.8229, 32.8753, 5.33684, -143.46
4037, 67.29166, 14.2332, -45.009, 55.1776, -56.8144, 76.3082, 127.177, 1.01398, 43.7221, 3.82826, 32.6199, 5.34586, -143.715
4038, 67.30000, 14.2791, -45.2624, 55.2384, -57.0706, 76.42, 126.922, 1.01748, 43.4697, 3.83354, 32.3642, 5.35478, -143.971
4039, 67.30833, 14.3249, -45.5165, 55.298, -57.3273, 76.5304, 126.667, 1.02097, 43.2167, 3.83875, 32.1082, 5.36362, -144.226
4039, 67.31667, 14.3706, -45.7713, 55.3565, -57.5842, 76.6395, 126.411, 1.02445, 42.963, 3.84388, 31.8518, 5.37236, -144.483
4040, 67.32500, 14.4162, -46.0267, 55.4137, -57.8415, 76.7472, 126.155, 1.02793, 42.7086, 3.84893, 31.5951, 5.38102, -144.739
4040, 67.33334, 14.4617, -46.2828, 55.4698, -58.0991, 76.8535, 125.898, 1.03141, 42.4536, 3.85391, 31.3381, 5.38957, -144.996
4041, 67.34167, 14.5072, -46.5396, 55.5248, -58.357, 76.9584, 125.641, 1.03488, 42.1979, 3.8588, 31.0808, 5.39804, -145.253
4041, 67.35000, 14.5525, -46.797, 55.5785, -58.6151, 77.0619, 125.384, 1.03834, 41.9416, 3.86361, 30.8232, 5.4064, -145.511
4042, 67.35833, 14.5978, -47.0551, 55.631, -58.8736, 77.164, 125.127, 1.0418, 41.6847, 3.86835, 30.5653, 5.41468, -145.769
4042, 67.36667, 14.6429, -47.3138, 55.6823, -59.1323, 77.2647, 124.869, 1.04525, 41.4272, 3.873, 30.3071, 5.42285, -146.027
4043, 67.37500, 14.688, -47.5731, 55.7325, -59.3913, 77.3639, 124.611, 1.04869, 41.169, 3.87757, 30.0487, 5.43093, -146.285
4043, 67.38333, 14.7329, -47.833, 55.7813, -59.6505, 77.4617, 124.352, 1.05213, 40.9103, 3.88206, 29.7901, 5.4389, -146.544
4044, 67.39167, 14.7778, -48.0935, 55.829, -59.9099, 77.558, 124.094, 1.05556, 40.6509, 3.88647, 29.5311, 5.44678, -146.803
4044, 67.40000, 14.8225, -48.3546, 55.8755, -60.1696, 77.6529, 123.835, 1.05899, 40.391, 3.8908, 29.272, 5.45456, -147.062
4045, 67.40833, 14.8671, -48.6163, 55.9207, -60.4295, 77.7463, 123.576, 1.0624, 40.1305, 3.89504, 29.0126, 5.46224, -147.322
4045, 67.41666, 14.9116, -48.8785, 55.9646, -60.6896, 77.8382, 123.316, 1.06581, 39.8695, 3.89919, 28.753, 5.46982, -147.581
4045, 67.42500, 14.956, -49.1414, 56.0073, -60.9499, 77.9286, 123.057, 1.06921, 39.6079, 3.90327, 28.4933, 5.47729, -147.841
4046, 67.43333, 15.0002, -49.4047, 56.0488, -61.2103, 78.0175, 122.797, 1.0726, 39.3457, 3.90725, 28.2333, 5.48467, -148.102
4047, 67.44167, 15.0444, -49.6687, 56.089, -61.471, 78.1049, 122.537, 1.07599, 39.083, 3.91116, 27.9732, 5.49193, -148.362
4047, 67.45000, 15.0884, -49.9331, 56.1279, -61.7318, 78.1908, 122.276, 1.07936, 38.8198, 3.91497, 27.7129, 5.4991, -148.623
4048, 67.45834, 15.1322, -50.1981, 56.1656, -61.9927, 78.2752, 122.016, 1.08273, 38.5561, 3.9187, 27.4524, 5.50616, -148.884
4048, 67.46667, 15.176, -50.4637, 56.202, -62.2538, 78.358, 121.755, 1.08609, 38.2918, 3.92235, 27.1918, 5.51312, -149.145
4049, 67.47500, 15.2196, -50.7297, 56.2371, -62.515, 78.4393, 121.494, 1.08943, 38.0271, 3.92591, 26.9311, 5.51997, -149.406
4049, 67.48333, 15.263, -50.9962, 56.2709, -62.7763, 78.5191, 121.233, 1.09277, 37.7619, 3.92938, 26.6702, 5.52671, -149.667
4050, 67.49167, 15.3064, -51.2632, 56.3035, -63.0378, 78.5973, 120.972, 1.0961, 37.4961, 3.93276, 26.4093, 5.53335, -149.929
4050, 67.50000, 15.3495, -51.5307, 56.3348, -63.2993, 78.6739, 120.71, 1.09942, 37.23, 3.93605, 26.1482, 5.53988, -150.191
4051, 67.50833, 15.3925, -51.7987, 56.3647, -63.5609, 78.749, 120.449, 1.10273, 36.9634, 3.93926, 25.8871, 5.5463, -150.452
4051, 67.51667, 15.4354, -52.0671, 56.3934, -63.8226, 78.8225, 120.187, 1.10603, 36.6963, 3.94238, 25.6258, 5.55261, -150.714
4052, 67.52500, 15.4782, -52.336, 56.4208, -64.0843, 78.8944, 119.925, 1.10932, 36.4287, 3.94541, 25.3645, 5.55882, -150.976
4052, 67.53333, 15.5207, -52.6053, 56.4469, -64.3461, 78.9648, 119.664, 1.1126, 36.1608, 3.94835, 25.1032, 5.56492, -151.239
4053, 67.54166, 15.5631, -52.8751, 56.4717, -64.608, 79.0336, 119.402, 1.11587, 35.8924, 3.9512, 24.8417, 5.5709, -151.501
4053, 67.55000, 15.6054, -53.1453, 56.4951, -64.8698, 79.1008, 119.139, 1.11913, 35.6236, 3.95397, 24.5803, 5.57678, -151.763
4053, 67.55833, 15.6475, -53.4159, 56.5173, -65.1317, 79.1663, 118.877, 1.12238, 35.3545, 3.95664, 24.3189, 5.58255, -152.026
4054, 67.56667, 15.6894, -53.6869, 56.5382, -65.3936, 79.2303, 118.615, 1.12561, 35.0848, 3.95922, 24.0574, 5.5882, -152.288
4055, 67.57500, 15.7312, -53.9583, 56.5577, -65.6554, 79.2927, 118.353, 1.12884, 34.8149, 3.96172, 23.7959, 5.59375, -152.551
4055, 67.58334, 15.7727, -54.2301, 56.576, -65.9173, 79.3535, 118.091, 1.13205, 34.5446, 3.96412, 23.5345, 5.59919, -152.813
4056, 67.59167, 15.8142, -54.5023, 56.5929, -66.1791, 79.4127, 117.828, 1.13525, 34.2738, 3.96644, 23.273, 5.60451, -153.076
4056, 67.60000, 15.8554, -54.7749, 56.6086, -66.4409, 79.4703, 117.566, 1.13844, 34.0028, 3.96866, 23.0116, 5.60972, -153.338
4057, 67.60833, 15.8965, -55.0478, 56.6229, -66.7026, 79.5263, 117.303, 1.14162, 33.7314, 3.97079, 22.7503, 5.61482, -153.601
4057, 67.61667, 15.9374, -55.321, 56.6359, -66.9643, 79.5806, 117.041, 1.14478, 33.4596, 3.97283, 22.4889, 5.61981, -153.864
4058, 67.62500, 15.9781, -55.5946, 56.6475, -67.2259, 79.6334, 116.779, 1.14793, 33.1876, 3.97478, 22.2277, 5.62468, -154.126
4058, 67.63333, 16.0186, -55.8685, 56.6579, -67.4874, 79.6845, 116.516, 1.15107, 32.9152, 3.97664, 21.9665, 5.62945, -154.389
4059, 67.64167, 16.059, -56.1428, 56.667, -67.7489, 79.734, 116.254, 1.1542, 32.6425, 3.97841, 21.7054, 5.6341, -154.652
4059, 67.65000, 16.0991, -56.4173, 56.6747, -68.0102, 79.7819, 115.992, 1.15731, 32.3696, 3.98009, 21.4445, 5.63864, -154.914
4060, 67.65833, 16.1391, -56.6922, 56.6812, -68.2714, 79.8281, 115.729, 1.16041, 32.0963, 3.98168, 21.1836, 5.64306, -155.177
4060, 67.66666, 16.1789, -56.9674, 56.6863, -68.5325, 79.8728, 115.467, 1.1635, 31.8227, 3.98318, 20.9228, 5.64737, -155.439
4061, 67.67500, 16.2184, -57.2428, 56.6901, -68.7934, 79.9158, 115.205, 1.16657, 31.5489, 3.98459, 20.6622, 5.65157, -155.702
4061, 67.68333, 16.2578, -57.5185, 56.6926, -69.0542, 79.9572, 114.943, 1.16964, 31.2749, 3.9859, 20.4017, 5.65566, -155.964
4061, 67.69167, 16.297, -57.7945, 56.6938, -69.3148, 79.997, 114.681, 1.17268, 31.0005, 3.98713, 20.1414, 5.65963, -156.226
4062, 67.70000, 16.336, -58.0707, 56.6937, -69.5753, 80.0351, 114.419, 1.17572, 30.726, 3.98826, 19.8812, 5.66349, -156.488
4063, 67.70834, 16.3748, -58.3471, 56.6923, -69.8356, 80.0716, 114.157, 1.17874, 30.4512, 3.9893, 19.6212, 5.66723, -156.75
4063, 67.71667, 16.4134, -58.6239, 56.6896, -70.0957, 80.1066, 113.895, 1.18174, 30.1762, 3.99026, 19.3614, 5.67087, -157.012
4064, 67.72500, 16.4518, -58.9008, 56.6856, -70.3556, 80.1399, 113.634, 1.18473, 29.901, 3.99112, 19.1017, 5.67438, -157.274
4064, 67.73333, 16.49, -59.1779, 56.6803, -70.6153, 80.1716, 113.372, 1.18771, 29.6256, 3.99189, 18.8423, 5.67779, -157.536
4065, 67.74167, 16.528, -59.4553, 56.6738, -70.8747, 80.2016, 113.111, 1.19067, 29.3499, 3.99257, 18.5831, 5.68108, -157.797
4065, 67.75000, 16.5658, -59.7329, 56.6659, -71.134, 80.2301, 112.85, 1.19362, 29.0741, 3.99317, 18.3241, 5.68426, -158.058
4066, 67.75833, 16.6033, -60.0106, 56.6567, -71.3929, 80.257, 112.589, 1.19655, 28.7982, 3.99367, 18.0654, 5.68733, -158.32
4066, 67.76667, 16.6407, -60.2886, 56.6463, -71.6517, 80.2822, 112.328, 1.19947, 28.522, 3.99408, 17.8069, 5.69029, -158.581
4066, 67.77500, 16.6778, -60.5667, 56.6346, -71.9101, 80.3059, 112.067, 1.20237, 28.2457, 3.9944, 17.5486, 5.69313, -158.841
4067, 67.78333, 16.7148, -60.8449, 56.6216, -72.1683, 80.3279, 111.807, 1.20526, 27.9693, 3.99464, 17.2907, 5.69586, -159.102
4068, 67.79166, 16.7515, -61.1234, 56.6074, -72.4263, 80.3484, 111.547, 1.20814, 27.6927, 3.99478, 17.0329, 5.69847, -159.363
4068, 67.80000, 16.788, -61.4019, 56.5918, -72.6839, 80.3672, 111.287, 1.211, 27.4159, 3.99484, 16.7755, 5.70098, -159.623
4069, 67.80833, 16.8243, -61.6806, 56.5751, -72.9412, 80.3845, 111.027, 1.21384, 27.1391, 3.99481, 16.5184, 5.70337, -159.883
4069, 67.81667, 16.8603, -61.9595, 56.557, -73.1982, 80.4002, 110.767, 1.21667, 26.8621, 3.99469, 16.2616, 5.70566, -160.143
4069, 67.82500, 16.8962, -62.2384, 56.5378, -73.4548, 80.4143, 110.508, 1.21948, 26.5851, 3.99448, 16.0051, 5.70783, -160.402
4070, 67.83334, 16.9318, -62.5175, 56.5172, -73.7112, 80.4269, 110.249, 1.22228, 26.3079, 3.99418, 15.7489, 5.70989, -160.661
4071, 67.84167, 16.9672, -62.7967, 56.4955, -73.9672, 80.4378, 109.99, 1.22506, 26.0307, 3.9938, 15.493, 5.71183, -160.92
4071, 67.85000, 17.0024, -63.076, 56.4725, -74.2228, 80.4473, 109.731, 1.22782, 25.7534, 3.99333, 15.2375, 5.71367, -161.179
4072, 67.85833, 17.0374, -63.3553, 56.4483, -74.4781, 80.4551, 109.473, 1.23057, 25.476, 3.99277, 14.9824, 5.7154, -161.438
4072, 67.86667, 17.0721, -63.6348, 56.4228, -74.733, 80.4614, 109.215, 1.23331, 25.1985, 3.99212, 14.7276, 5.71702, -161.696
4073, 67.87500, 17.1066, -63.9143, 56.3961, -74.9876, 80.4662, 108.957, 1.23602, 24.921, 3.99139, 14.4732, 5.71853, -161.954
4073, 67.88333, 17.1409, -64.1938, 56.3683, -75.2417, 80.4694, 108.7, 1.23873, 24.6435, 3.99058, 14.2192, 5.71993, -162.212
4074, 67.89167, 17.175, -64.4735, 56.3392, -75.4955, 80.4711, 108.442, 1.24141, 24.3659, 3.98967, 13.9655, 5.72122, -162.469
4074, 67.90000, 17.2088, -64.7531, 56.3089, -75.7488, 80.4713, 108.185, 1.24408, 24.0883, 3.98869, 13.7123, 5.72241, -162.726
4074, 67.90833, 17.2424, -65.0328, 56.2775, -76.0017, 80.4699, 107.929, 1.24674, 23.8106, 3.98762, 13.4594, 5.72348, -162.983
4075, 67.91666, 17.2758, -65.3126, 56.2448, -76.2542, 80.467, 107.673, 1.24937, 23.533, 3.98646, 13.207, 5.72445, -163.239
4076, 67.92500, 17.309, -65.5923, 56.211, -76.5062, 80.4627, 107.417, 1.25199, 23.2553, 3.98522, 12.955, 5.72532, -163.495
4076, 67.93333, 17.3419, -65.8721, 56.176, -76.7579, 80.4568, 107.161, 1.2546, 22.9777, 3.9839, 12.7035, 5.72607, -163.751
4077, 67.94167, 17.3746, -66.1519, 56.1399, -77.009, 80.4494, 106.906, 1.25719, 22.7, 3.98249, 12.4523, 5.72672, -164.006
4077, 67.95000, 17.407, -66.4317, 56.1025, -77.2597, 80.4406, 106.651, 1.25976, 22.4224, 3.98101, 12.2017, 5.72727, -164.261
4078, 67.95834, 17.4393, -66.7114, 56.0641, -77.5099, 80.4303, 106.396, 1.26232, 22.1448, 3.97944, 11.9515, 5.72771, -164.516
4078, 67.96667, 17.4713, -66.9912, 56.0245, -77.7597, 80.4185, 106.142, 1.26486, 21.8672, 3.97779, 11.7017, 5.72804, -164.77
4079, 67.97500, 17.503, -67.2709, 55.9838, -78.0089, 80.4053, 105.888, 1.26738, 21.5897, 3.97605, 11.4525, 5.72827, -165.024
4079, 67.98333, 17.5346, -67.5506, 55.9419, -78.2577, 80.3906, 105.635, 1.26988, 21.3122, 3.97424, 11.2037, 5.7284, -165.277
4080, 67.99167, 17.5659, -67.8303, 55.899, -78.506, 80.3745, 105.382, 1.27237, 21.0348, 3.97235, 10.9554, 5.72843, -165.53
4080, 68.00000, 17.597, -68.1099, 55.8549, -78.7537, 80.3569, 105.129, 1.27485, 20.7574, 3.97038, 10.7076, 5.72835, -165.783
4081, 68.00833, 17.6278, -68.3895, 55.8097, -79.001, 80.3379, 104.877, 1.2773, 20.4801, 3.96833, 10.4604, 5.72817, -166.035
4081, 68.01667, 17.6584, -68.6691, 55.7635, -79.2477, 80.3176, 104.626, 1.27974, 20.2029, 3.9662, 10.2136, 5.72789, -166.287
4082, 68.02500, 17.6888, -68.9485, 55.7161, -79.4938, 80.2958, 104.374, 1.28217, 19.9257, 3.96399, 9.96738, 5.72751, -166.539
4082, 68.03333, 17.7189, -69.2279, 55.6677, -79.7395, 80.2726, 104.123, 1.28457, 19.6487, 3.9617, 9.7217, 5.72703, -166.79
4082, 68.04166, 17.7488, -69.5072, 55.6182, -79.9846, 80.248, 103.873, 1.28696, 19.3717, 3.95934, 9.47652, 5.72646, -167.04
4083, 68.05000, 17.7785, -69.7864, 55.5677, -80.2291, 80.2221, 103.623, 1.28933, 19.0949, 3.95691, 9.23192, 5.72578, -167.29
4084, 68.05833, 17.808, -70.0655, 55.5161, -80.473, 80.1948, 103.373, 1.29169, 18.8181, 3.95439, 8.98787, 5.725, -167.54
4084, 68.06667, 17.8372, -70.3446, 55.4635, -80.7164, 80.1661, 103.124, 1.29403, 18.5415, 3.9518, 8.74435, 5.72413, -167.789
4085, 68.07500, 17.8661, -70.6235, 55.4098, -80.9592, 80.1361, 102.875, 1.29635, 18.2649, 3.94914, 8.50143, 5.72316, -168.038
4085, 68.08334, 17.8949, -70.9023, 55.3552, -81.2014, 80.1048, 102.627, 1.29866, 17.9886, 3.9464, 8.25909, 5.7221, -168.286
4086, 68.09167, 17.9234, -71.181, 55.2995, -81.4431, 80.0721, 102.379, 1.30095, 17.7123, 3.94359, 8.0173, 5.72094, -168.534
4086, 68.10000, 17.9517, -71.4596, 55.2428, -81.6841, 80.0381, 102.132, 1.30322, 17.4362, 3.94071, 7.77613, 5.71969, -168.781
4087, 68.10833, 17.9797, -71.738, 55.1851, -81.9245, 80.0029, 101.885, 1.30548, 17.1602, 3.93776, 7.53555, 5.71834, -169.028
4087, 68.11667, 18.0076, -72.0164, 55.1265, -82.1643, 79.9663, 101.639, 1.30772, 16.8844, 3.93473, 7.29555, 5.7169, -169.275
4088, 68.12500, 18.0351, -72.2945, 55.0668, -82.4035, 79.9285, 101.393, 1.30994, 16.6087, 3.93163, 7.05619, 5.71537, -169.521
4088, 68.13333, 18.0625, -72.5726, 55.0062, -82.642, 79.8893, 101.147, 1.31214, 16.3332, 3.92847, 6.81744, 5.71374, -169.766
4089, 68.14167, 18.0896, -72.8505, 54.9447, -82.88, 79.849, 100.903, 1.31433, 16.0579, 3.92523, 6.57928, 5.71203, -170.011
4089, 68.15000, 18.1165, -73.1282, 54.8822, -83.1172, 79.8073, 100.658, 1.31651, 15.7827, 3.92192, 6.34178, 5.71023, -170.255
4090, 68.15833, 18.1432, -73.4058, 54.8188, -83.3539, 79.7645, 100.414, 1.31866, 15.5078, 3.91855, 6.10491, 5.70833, -170.499
4090, 68.16666, 18.1696, -73.6832, 54.7544, -83.5899, 79.7204, 100.171, 1.3208, 15.2329, 3.9151, 5.86866, 5.70635, -170.742
4090, 68.17500, 18.1958, -73.9604, 54.6892, -83.8252, 79.6751, 99.9282, 1.32293, 14.9583, 3.91159, 5.63308, 5.70428, -170.985
4091, 68.18333, 18.2218, -74.2374, 54.623, -84.0599, 79.6286, 99.686, 1.32503, 14.6839, 3.90802, 5.39815, 5.70212, -171.227
4092, 68.19167, 18.2476, -74.5143, 54.556, -84.2939, 79.5809, 99.4442, 1.32712, 14.4097, 3.90438, 5.16385, 5.69988, -171.469
4092, 68.20000, 18.2731, -74.791, 54.488, -84.5272, 79.5321, 99.203, 1.3292, 14.1357, 3.90067, 4.93024, 5.69755, -171.71
4093, 68.20834, 18.2984, -75.0675, 54.4192, -84.7598, 79.482, 98.9623, 1.33125, 13.8619, 3.8969, 4.6973, 5.69513, -171.951
4093, 68.21667, 18.3234, -75.3438, 54.3495, -84.9918, 79.4308, 98.7222, 1.3333, 13.5883, 3.89306, 4.465, 5.69263, -172.191
4094, 68.22500, 18.3483, -75.6199, 54.279, -85.223, 79.3785, 98.4826, 1.33532, 13.3149, 3.88917, 4.23342, 5.69005, -172.431
4094, 68.23333, 18.3729, -75.8958, 54.2076, -85.4536, 79.325, 98.2436, 1.33733, 13.0418, 3.88521, 4.00251, 5.68739, -172.67
4095, 68.24167, 18.3973, -76.1715, 54.1354, -85.6835, 79.2704, 98.0051, 1.33932, 12.7688, 3.88118, 3.77227, 5.68464, -172.908
4095, 68.25000, 18.4215, -76.4469, 54.0624, -85.9126, 79.2147, 97.7672, 1.3413, 12.4962, 3.8771, 3.54275, 5.68182, -173.146
4096, 68.25833, 18.4454, -76.7222, 53.9885, -86.1411, 79.1579, 97.5299, 1.34326, 12.2237, 3.87296, 3.31393, 5.67891, -173.383
4096, 68.26667, 18.4692, -76.9972, 53.9139, -86.3688, 79.1, 97.2931, 1.3452, 11.9515, 3.86875, 3.08579, 5.67592, -173.62
4097, 68.27500, 18.4927, -77.272, 53.8384, -86.5958, 79.0411, 97.0569, 1.34713, 11.6795, 3.86449, 2.85838, 5.67286, -173.856
4097, 68.28333, 18.5159, -77.5466, 53.7622, -86.8221, 78.9811, 96.8213, 1.34904, 11.4078, 3.86017, 2.63169, 5.66972, -174.092
4098, 68.29166, 18.539, -77.8209, 53.6852, -87.0476, 78.92, 96.5862, 1.35093, 11.1363, 3.85579, 2.40568, 5.6665, -174.327
4098, 68.30000, 18.5619, -78.095, 53.6074, -87.2724, 78.8579, 96.3517, 1.35281, 10.8651, 3.85135, 2.18043, 5.66321, -174.561
4098, 68.30833, 18.5845, -78.3689, 53.5289, -87.4965, 78.7947, 96.1178, 1.35468, 10.5942, 3.84686, 1.95591, 5.65984, -174.795
4099, 68.31667, 18.6069, -78.6425, 53.4497, -87.7198, 78.7306, 95.8845, 1.35653, 10.3235, 3.84231, 1.73209, 5.65639, -175.028
4100, 68.32500, 18.6291, -78.9158, 53.3697, -87.9424, 78.6654, 95.6518, 1.35836, 10.0531, 3.83771, 1.50903, 5.65288, -175.261
4100, 68.33334, 18.6511, -79.1889, 53.289, -88.1642, 78.5993, 95.4197, 1.36018, 9.78291, 3.83305, 1.28671, 5.64929, -175.493
4101, 68.34167, 18.6728, -79.4618, 53.2075, -88.3853, 78.5322, 95.1882, 1.36198, 9.51301, 3.82834, 1.06511, 5.64562, -175.724
4101, 68.35000, 18.6944, -79.7344, 53.1254, -88.6056, 78.4641, 94.9573, 1.36376, 9.24342, 3.82357, 0.844279, 5.64189, -175.955
4102, 68.35833, 18.7157, -80.0067, 53.0426, -88.8251, 78.395, 94.727, 1.36553, 8.97412, 3.81875, 0.624204, 5.63809, -176.185
4102, 68.36667, 18.7369, -80.2787, 52.9591, -89.0439, 78.325, 94.4972, 1.36729, 8.70506, 3.81389, 0.404857, 5.63421, -176.415
4103, 68.37500, 18.7578, -80.5505, 52.8749, -89.2619, 78.2541, 94.2682, 1.36903, 8.43632, 3.80897, 0.186295, 5.63027, -176.644
4103, 68.38333, 18.7785, -80.822, 52.7901, -89.4791, 78.1823, 94.0397, 1.37075, 8.16788, 3.804, -0.0315043, 5.62626, -176.872
4104, 68.39167, 18.799, -81.0933, 52.7046, -89.6956, 78.1095, 93.8118, 1.37246, 7.89969, 3.79898, -0.248564, 5.62218, -177.1
4104, 68.40000, 18.8193, -81.3642, 52.6185, -89.9112, 78.0359, 93.5845, 1.37415, 7.63184, 3.79391, -0.464827, 5.61804, -177.327
4105, 68.40833, 18.8394, -81.6349, 52.5317, -90.1261, 77.9613, 93.3579, 1.37583, 7.36428, 3.78879, -0.680318, 5.61383, -177.554
4105, 68.41666, 18.8593, -81.9053, 52.4443, -90.3402, 77.8859, 93.1318, 1.37749, 7.09699, 3.78363, -0.895059, 5.60956, -177.78
4106, 68.42500, 18.8789, -82.1754, 52.3564, -90.5534, 77.8097, 92.9064, 1.37914, 6.83004, 3.77842, -1.10899, 5.60522, -178.005
4106, 68.43333, 18.8984, -82.4452, 52.2678, -90.7659, 77.7325, 92.6816, 1.38078, 6.5634, 3.77316, -1.32215, 5.60082, -178.23
4106, 68.44167, 18.9177, -82.7147, 52.1786, -90.9776, 77.6546, 92.4575, 1.3824, 6.29703, 3.76785, -1.53454, 5.59636, -178.454
4107, 68.45000, 18.9367, -82.9839, 52.0888, -91.1885, 77.5758, 92.2339, 1.384, 6.03101, 3.76251, -1.74612, 5.59183, -178.677
4108, 68.45834, 18.9556, -83.2528, 51.9985, -91.3985, 77.4962, 92.011, 1.38559, 5.7653, 3.75711, -1.95691, 5.58725, -178.9
4108, 68.46667, 18.9743, -83.5215, 51.9076, -91.6078, 77.4158, 91.7887, 1.38716, 5.49988, 3.75168, -2.16693, 5.58261, -179.122
4109, 68.47500, 18.9927, -83.7898, 51.8161, -91.8163, 77.3346, 91.5671, 1.38872, 5.23481, 3.7462, -2.37612, 5.5779, -179.344
4109, 68.48333, 19.011, -84.0578, 51.7241, -92.0239, 77.2527, 91.3461, 1.39027, 4.97005, 3.74068, -2.58452, 5.57314, -179.565
4110, 68.49167, 19.0291, -84.3255, 51.6316, -92.2307, 77.1699, 91.1257, 1.3918, 4.7056, 3.73511, -2.79214, 5.56832, -179.785
4110, 68.50000, 19.047, -84.5929, 51.5386, -92.4367, 77.0864, 90.906, 1.39332, 4.44149, 3.72951, -2.99893, 5.56344, 179.996
4111, 68.50833, 19.0647, -84.86, 51.445, -92.6419, 77.0022, 90.6869, 1.39482, 4.17772, 3.72387, -3.20492, 5.55851, 179.777
4111, 68.51667, 19.0822, -85.1268, 51.3509, -92.8463, 76.9172, 90.4684, 1.39631, 3.91424, 3.71818, -3.41012, 5.55352, 179.558
4112, 68.52500, 19.0995, -85.3932, 51.2564, -93.0498, 76.8315, 90.2506, 1.39779, 3.65113, 3.71246, -3.61448, 5.54848, 179.341
4112, 68.53333, 19.1166, -85.6594, 51.1613, -93.2525, 76.7451, 90.0334, 1.39925, 3.38834, 3.7067, -3.81803, 5.54339, 179.124
4113, 68.54166, 19.1335, -85.9252, 51.0658, -93.4544, 76.6579, 89.8168, 1.40069, 3.12587, 3.7009, -4.02078, 5.53824, 178.907
4113, 68.55000, 19.1502, -86.1907, 50.9698, -93.6554, 76.5701, 89.6009, 1.40213, 2.86376, 3.69506, -4.2227, 5.53304, 178.692
4114, 68.55833, 19.1668, -86.4559, 50.8733, -93.8556, 76.4817, 89.3857, 1.40355, 2.60198, 3.68919, -4.42379, 5.52779, 178.476
4114, 68.56667, 19.1832, -86.7208, 50.7764, -94.0549, 76.3925, 89.171, 1.40495, 2.34052, 3.68328, -4.62409, 5.52249, 178.262
4114, 68.57500, 19.1993, -86.9853, 50.6791, -94.2534, 76.3027, 88.9571, 1.40635, 2.07943, 3.67733, -4.82354, 5.51713, 178.048
4115, 68.58334, 19.2153, -87.2495, 50.5813, -94.4511, 76.2122, 88.7438, 1.40772, 1.81868, 3.67136, -5.02216, 5.51173, 177.835
4116, 68.59167, 19.2312, -87.5134, 50.4831, -94.6479, 76.1211, 88.5311, 1.40909, 1.55824, 3.66534, -5.21997, 5.50628, 177.623
4116, 68.60000, 19.2468, -87.777, 50.3845, -94.8439, 76.0294, 88.319, 1.41044, 1.29818, 3.6593, -5.41694, 5.50079, 177.411
4117, 68.60833, 19.2623, -88.0402, 50.2855, -95.039, 75.937, 88.1077, 1.41178, 1.03846, 3.65322, -5.61307, 5.49524, 177.2
4117, 68.61667, 19.2775, -88.3031, 50.186, -95.2333, 75.8441, 87.8969, 1.41311, 0.779064, 3.6471, -5.80839, 5.48965, 176.989
4118, 68.62500, 19.2926, -88.5657, 50.0862, -95.4267, 75.7505, 87.6868, 1.41442, 0.520046, 3.64096, -6.00286, 5.48402, 176.779
4118, 68.63333, 19.3076, -88.8279, 49.9861, -95.6193, 75.6564, 87.4774, 1.41572, 0.261378, 3.63479, -6.19649, 5.47834, 176.57
4119, 68.64167, 19.3223, -89.0898, 49.8855, -95.811, 75.5617, 87.2685, 1.41701, 0.00302897, 3.62858, -6.3893, 5.47261, 176.361
4119, 68.65000, 19.3369, -89.3513, 49.7846, -96.0019, 75.4664, 87.0604, 1.41828, -0.254937, 3.62235, -6.58125, 5.46684, 176.153
4120, 68.65833, 19.3513, -89.6125, 49.6833, -96.1919, 75.3706, 86.8529, 1.41954, -0.51255, 3.61609, -6.77236, 5.46103, 175.946
4120, 68.66666, 19.3655, -89.8735, 49.5817, -96.381, 75.2742, 86.646, 1.42079, -0.769839, 3.60979, -6.96266, 5.45518, 175.739
4121, 68.67500, 19.3796, -90.134, 49.4798, -96.5693, 75.1773, 86.4398, 1.42203, -1.02674, 3.60347, -7.15208, 5.44929, 175.534
4121, 68.68333, 19.3935, -90.3942, 49.3775, -96.7567, 75.0798, 86.2343, 1.42325, -1.28329, 3.59712, -7.34067, 5.44335, 175.328
4122, 68.69167, 19.4072, -90.6541, 49.2749, -96.9433, 74.9819, 86.0294, 1.42446, -1.53952, 3.59075, -7.52843, 5.43738, 175.124
4122, 68.70000, 19.4207, -90.9136, 49.172, -97.129, 74.8834, 85.8251, 1.42566, -1.79535, 3.58435, -7.71532, 5.43137, 174.919
4122, 68.70834, 19.4341, -91.1727, 49.0688, -97.3138, 74.7845, 85.6215, 1.42685, -2.05083, 3.57792, -7.90136, 5.42531, 174.716
4123, 68.71667, 19.4474, -91.4316, 48.9653, -97.4978, 74.685, 85.4185, 1.42802, -2.30598, 3.57147, -8.08658, 5.41922, 174.513
4124, 68.72500, 19.4604, -91.6901, 48.8615, -97.6809, 74.5851, 85.2162, 1.42918, -2.56074, 3.56499, -8.27092, 5.4131, 174.311
4124, 68.73333, 19.4733, -91.9482, 48.7575, -97.8631, 74.4847, 85.0146, 1.43033, -2.81514, 3.55849, -8.45442, 5.40693, 174.11
4125, 68.74167, 19.4861, -92.206, 48.6531, -98.0444, 74.3839, 84.8135, 1.43147, -3.06922, 3.55196, -8.63708, 5.40073, 173.909
4125, 68.75000, 19.4986, -92.4635, 48.5485, -98.2249, 74.2826, 84.6132, 1.4326, -3.3229, 3.54542, -8.81887, 5.3945, 173.709
4126, 68.75833, 19.5111, -92.7206, 48.4436, -98.4045, 74.1809, 84.4134, 1.43371, -3.57622, 3.53885, -8.99981, 5.38823, 173.51
4126, 68.76667, 19.5233, -92.9774, 48.3385, -98.5833, 74.0787, 84.2143, 1.43482, -3.82921, 3.53225, -9.17992, 5.38193, 173.311
4127, 68.77500, 19.5354, -93.2338, 48.2332, -98.7611, 73.9761, 84.0159, 1.43591, -4.0818, 3.52564, -9.35915, 5.37559, 173.113
4127, 68.78333, 19.5474, -93.4898, 48.1276, -98.9381, 73.8731, 83.8181, 1.43699, -4.33404, 3.519, -9.53752, 5.36922, 172.915
4128, 68.79166, 19.5592, -93.7456, 48.0218, -99.1142, 73.7697, 83.6209, 1.43806, -4.58594, 3.51235, -9.71506, 5.36282, 172.718
4128, 68.80000, 19.5709, -94.001, 47.9157, -99.2894, 73.6659, 83.4244, 1.43911, -4.83745, 3.50567, -9.89172, 5.35639, 172.522
4129, 68.80833, 19.5824, -94.256, 47.8095, -99.4638, 73.5617, 83.2286, 1.44016, -5.0886, 3.49898, -10.0675, 5.34993, 172.326
4129, 68.81667, 19.5937, -94.5107, 47.703, -99.6373, 73.4571, 83.0334, 1.44119, -5.33942, 3.49226, -10.2425, 5.34343, 172.131
4130, 68.82500, 19.6049, -94.765, 47.5964, -99.8099, 73.3521, 82.8388, 1.44222, -5.58984, 3.48553, -10.4166, 5.33691, 171.937
4130, 68.83334, 19.6159, -95.019, 47.4896, -99.9816, 73.2468, 82.6449, 1.44323, -5.8399, 3.47878, -10.5898, 5.33035, 171.744
4130, 68.84167, 19.6269, -95.2726, 47.3825, -100.152, 73.1412, 82.4515, 1.44423, -6.08963, 3.47201, -10.7622, 5.32377, 171.551
4131, 68.85000, 19.6376, -95.5259, 47.2753, -100.322, 73.0352, 82.2589, 1.44522, -6.33896, 3.46523, -10.9337, 5.31716, 171.358
4132, 68.85833, 19.6482, -95.7788, 47.168, -100.491, 72.9288, 82.0669, 1.4462, -6.58793, 3.45842, -11.1044, 5.31053, 171.166
4132, 68.86667, 19.6587, -96.0314, 47.0604, -100.66, 72.8221, 81.8755, 1.44717, -6.83657, 3.45161, -11.2742, 5.30386, 170.975
4133, 68.87500, 19.669, -96.2837, 46.9527, -100.827, 72.7151, 81.6847, 1.44813, -7.08481, 3.44477, -11.4431, 5.29717, 170.785
4133, 68.88333, 19.6792, -96.5356, 46.8449, -100.993, 72.6078, 81.4946, 1.44908, -7.33269, 3.43792, -11.6112, 5.29046, 170.595
4134, 68.89167, 19.6893, -96.7871, 46.7369, -101.159, 72.5002, 81.3051, 1.45002, -7.58024, 3.43106, -11.7784, 5.28372, 170.406
4134, 68.90000, 19.6992, -97.0383, 46.6288, -101.324, 72.3922, 81.1163, 1.45095, -7.8274, 3.42418, -11.9447, 5.27695, 170.217
4135, 68.90833, 19.7089, -97.2892, 46.5205, -101.487, 72.284, 80.9281, 1.45186, -8.07419, 3.41729, -12.1102, 5.27016, 170.03
4135, 68.91666, 19.7186, -97.5397, 46.4122, -101.65, 72.1755, 80.7405, 1.45277, -8.32065, 3.41039, -12.2748, 5.26335, 169.842
4136, 68.92500, 19.7281, -97.7898, 46.3037, -101.812, 72.0667, 80.5535, 1.45367, -8.56672, 3.40347, -12.4386, 5.25651, 169.656
4136, 68.93333, 19.7374, -98.0396, 46.1951, -101.973, 71.9577, 80.3672, 1.45456, -8.81242, 3.39654, -12.6015, 5.24966, 169.47
4137, 68.94167, 19.7467, -98.2891, 46.0863, -102.134, 71.8484, 80.1815, 1.45543, -9.05779, 3.3896, -12.7635, 5.24277, 169.284
4137, 68.95000, 19.7558, -98.5382, 45.9775, -102.293, 71.7388, 79.9964, 1.4563, -9.30278, 3.38265, -12.9247, 5.23587, 169.1
4138, 68.95834, 19.7647, -98.7869, 45.8686, -102.452, 71.629, 79.812, 1.45716, -9.5474, 3.37568, -13.085, 5.22895, 168.916
4138, 68.96667, 19.7736, -99.0354, 45.7596, -102.609, 71.5189, 79.6282, 1.45801, -9.79169, 3.36871, -13.2445, 5.22201, 168.732
4138, 68.97500, 19.7823, -99.2834, 45.6505, -102.766, 71.4086, 79.445, 1.45884, -10.0356, 3.36172, -13.403, 5.21504, 168.549
4139, 68.98333, 19.7909, -99.5311, 45.5414, -102.922, 71.2981, 79.2624, 1.45967, -10.2791, 3.35473, -13.5607, 5.20806, 168.367
4140, 68.99167, 19.7993, -99.7785, 45.4322, -103.077, 71.1874, 79.0804, 1.46049, -10.5223, 3.34773, -13.7176, 5.20106, 168.185
4140, 69.00000, 19.8076, -100.026, 45.3229, -103.231, 71.0764, 78.8991, 1.4613, -10.7652, 3.34071, -13.8736, 5.19404, 168.004
4141, 69.00833, 19.8158, -100.272, 45.2135, -103.384, 70.9653, 78.7184, 1.4621, -11.0076, 3.33369, -14.0287, 5.187, 167.824
4141, 69.01667, 19.8239, -100.519, 45.1041, -103.536, 70.8539, 78.5383, 1.46289, -11.2498, 3.32666, -14.183, 5.17994, 167.644
4142, 69.02500, 19.8319, -100.765, 44.9947, -103.687, 70.7423, 78.3588, 1.46367, -11.4915, 3.31962, -14.3364, 5.17287, 167.465
4142, 69.03333, 19.8397, -101.01, 44.8852, -103.838, 70.6306, 78.1799, 1.46444, -11.7329, 3.31258, -14.4889, 5.16578, 167.287
4143, 69.04166, 19.8474, -101.255, 44.7757, -103.988, 70.5186, 78.0017, 1.46521, -11.9739, 3.30552, -14.6406, 5.15867, 167.109
4143, 69.05000, 19.855, -101.5, 44.6661, -104.136, 70.4065, 77.824, 1.46596, -12.2146, 3.29846, -14.7914, 5.15155, 166.932
4144, 69.05833, 19.8625, -101.745, 44.5565, -104.284, 70.2943, 77.647, 1.46671, -12.4549, 3.2914, -14.9414, 5.14441, 166.755
4144, 69.06667, 19.8699, -101.989, 44.4469, -104.431, 70.1818, 77.4705, 1.46744, -12.6949, 3.28433, -15.0905, 5.13726, 166.579
4145, 69.07500, 19.8771, -102.233, 44.3373, -104.577, 70.0692, 77.2947, 1.46817, -12.9345, 3.27725, -15.2387, 5.13009, 166.403
4145, 69.08334, 19.8842, -102.477, 44.2277, -104.722, 69.9565, 77.1195, 1.46889, -13.1738, 3.27017, -15.386, 5.12291, 166.229
4146, 69.09167, 19.8912, -102.72, 44.118, -104.867, 69.8436, 76.9449, 1.4696, -13.4127, 3.26308, -15.5325, 5.11572, 166.054
4146, 69.10000, 19.8981, -102.963, 44.0084, -105.01, 69.7305, 76.7709, 1.4703, -13.6513, 3.25599, -15.6782, 5.10851, 165.881
4146, 69.10833, 19.9049, -103.206, 43.8987, -105.153, 69.6174, 76.5975, 1.471, -13.8895, 3.24889, -15.8229, 5.10129, 165.708
4147, 69.11667, 19.9116, -103.448, 43.7891, -105.294, 69.504, 76.4246, 1.47168, -14.1273, 3.24179, -15.9668, 5.09405, 165.535
4148, 69.12500, 19.9182, -103.69, 43.6795, -105.435, 69.3906, 76.2524, 1.47236, -14.3648, 3.23469, -16.1099, 5.08681, 165.364
4148, 69.13333, 19.9246, -103.931, 43.5699, -105.575, 69.2771, 76.0808, 1.47303, -14.602, 3.22759, -16.2521, 5.07955, 165.192
4149, 69.14167, 19.931, -104.172, 43.4603, -105.714, 69.1634, 75.9098, 1.47369, -14.8388, 3.22048, -16.3934, 5.07228, 165.022
4149, 69.15000, 19.9372, -104.413, 43.3508, -105.852, 69.0497, 75.7393, 1.47434, -15.0752, 3.21336, -16.5339, 5.065, 164.852
4150, 69.15833, 19.9433, -104.654, 43.2412, -105.989, 68.9358, 75.5695, 1.47499, -15.3113, 3.20625, -16.6735, 5.05771, 164.682
4150, 69.16666, 19.9494, -104.894, 43.1318, -106.125, 68.8218, 75.4002, 1.47562, -15.5471, 3.19914, -16.8122, 5.05041, 164.514
4151, 69.17500, 19.9553, -105.134, 43.0223, -106.261, 68.7078, 75.2316, 1.47625, -15.7825, 3.19202, -16.9501, 5.0431, 164.345
4151, 69.18333, 19.9611, -105.374, 42.9129, -106.395, 68.5936, 75.0635, 1.47687, -16.0176, 3.1849, -17.0871, 5.03578, 164.178
4152, 69.19167, 19.9668, -105.613, 42.8036, -106.529, 68.4794, 74.896, 1.47748, -16.2523, 3.17778, -17.2233, 5.02845, 164.011
4152, 69.20000, 19.9724, -105.852, 42.6943, -106.662, 68.3651, 74.7291, 1.47809, -16.4867, 3.17066, -17.3586, 5.02112, 163.844
4153, 69.20834, 19.9779, -106.09, 42.5851, -106.794, 68.2507, 74.5628, 1.47869, -16.7207, 3.16355, -17.493, 5.01377, 163.678
4153, 69.21667, 19.9834, -106.328, 42.4759, -106.925, 68.1363, 74.397, 1.47927, -16.9544, 3.15643, -17.6266, 5.00642, 163.513
4154, 69.22500, 19.9887, -106.566, 42.3668, -107.055, 68.0218, 74.2319, 1.47986, -17.1878, 3.14931, -17.7593, 4.99906, 163.348
4154, 69.23333, 19.9939, -106.804, 42.2577, -107.184, 67.9072, 74.0673, 1.48043, -17.4208, 3.14219, -17.8911, 4.99169, 163.184
4154, 69.24167, 19.999, -107.041, 42.1488, -107.312, 67.7926, 73.9033, 1.481, -17.6535, 3.13507, -18.0222, 4.98431, 163.02
4155, 69.25000, 20.004, -107.278, 42.0399, -107.44, 67.6779, 73.7398, 1.48156, -17.8858, 3.12796, -18.1523, 4.97693, 162.857
4156, 69.25833, 20.0089, -107.514, 41.9311, -107.566, 67.5632, 73.577, 1.48211, -18.1178, 3.12084, -18.2816, 4.96954, 162.695
4156, 69.26667, 20.0138, -107.751, 41.8224, -107.692, 67.4484, 73.4147, 1.48266, -18.3494, 3.11373, -18.41, 4.96215, 162.533
4157, 69.27500, 20.0185, -107.987, 41.7137, -107.817, 67.3336, 73.2529, 1.4832, -18.5807, 3.10662, -18.5376, 4.95475, 162.372
4157, 69.28333, 20.0232, -108.222, 41.6052, -107.941, 67.2188, 73.0918, 1.48373, -18.8117, 3.09951, -18.6643, 4.94734, 162.211
4158, 69.29166, 20.0277, -108.458, 41.4968, -108.064, 67.104, 72.9312, 1.48425, -19.0424, 3.09241, -18.7901, 4.93993, 162.051
4158, 69.30000, 20.0322, -108.692, 41.3884, -108.186, 66.9891, 72.7711, 1.48477, -19.2727, 3.0853, -18.9151, 4.93252, 161.892
4159, 69.30833, 20.0365, -108.927, 41.2802, -108.307, 66.8742, 72.6117, 1.48528, -19.5026, 3.07821, -19.0393, 4.9251, 161.733
4159, 69.31667, 20.0408, -109.161, 41.1721, -108.427, 66.7593, 72.4528, 1.48578, -19.7323, 3.07111, -19.1626, 4.91767, 161.574
4160, 69.32500, 20.045, -109.395, 41.0641, -108.547, 66.6444, 72.2944, 1.48628, -19.9616, 3.06402, -19.285, 4.91024, 161.416
4160, 69.33334, 20.0491, -109.629, 40.9562, -108.666, 66.5295, 72.1366, 1.48677, -20.1906, 3.05693, -19.4066, 4.90281, 161.259
4161, 69.34167, 20.0531, -109.862, 40.8484, -108.783, 66.4145, 71.9794, 1.48725, -20.4193, 3.04985, -19.5273, 4.89538, 161.102
4161, 69.35000, 20.0571, -110.095, 40.7408, -108.9, 66.2996, 71.8227, 1.48773, -20.6476, 3.04277, -19.6472, 4.88794, 160.946
4162, 69.35833, 20.0609, -110.328, 40.6332, -109.016, 66.1847, 71.6666, 1.4882, -20.8756, 3.03569, -19.7662, 4.8805, 160.79
4162, 69.36667, 20.0647, -110.561, 40.5258, -109.131, 66.0698, 71.511, 1.48867, -21.1033, 3.02862, -19.8843, 4.87305, 160.635
4162, 69.37500, 20.0684, -110.793, 40.4186, -109.245, 65.9549, 71.3559, 1.48912, -21.3306, 3.02156, -20.0016, 4.86561, 160.481
4163, 69.38333, 20.072, -111.024, 40.3114, -109.359, 65.84, 71.2014, 1.48957, -21.5576, 3.0145, -20.1181, 4.85816, 160.327
4164, 69.39167, 20.0755, -111.256, 40.2044, -109.471, 65.7251, 71.0475, 1.49002, -21.7844, 3.00745, -20.2337, 4.85071, 160.173
4164, 69.40000, 20.0789, -111.487, 40.0976, -109.583, 65.6103, 70.8941, 1.49046, -22.0107, 3.0004, -20.3484, 4.84326, 160.02
4165, 69.40833, 20.0823, -111.718, 39.9909, -109.693, 65.4954, 70.7412, 1.49089, -22.2368, 2.99336, -20.4623, 4.83581, 159.868
4165, 69.41666, 20.0856, -111.948, 39.8843, -109.803, 65.3806, 70.5889, 1.49132, -22.4625, 2.98633, -20.5753, 4.82836, 159.716
4166, 69.42500, 20.0887, -112.179, 39.7779, -109.912, 65.2659, 70.4371, 1.49174, -22.688, 2.9793, -20.6875, 4.8209, 159.565
4166, 69.43333, 20.0919, -112.409, 39.6717, -110.02, 65.1512, 70.2859, 1.49215, -22.913, 2.97228, -20.7988, 4.81345, 159.414
4167, 69.44167, 20.0949, -112.638, 39.5656, -110.127, 65.0365, 70.1352, 1.49256, -23.1379, 2.96527, -20.9093, 4.80599, 159.264
4167, 69.45000, 20.0979, -112.867, 39.4596, -110.233, 64.9218, 69.985, 1.49296, -23.3623, 2.95826, -21.019, 4.79854, 159.114
4168, 69.45834, 20.1008, -113.096, 39.3539, -110.339, 64.8072, 69.8354, 1.49336, -23.5865, 2.95127, -21.1277, 4.79109, 158.965
4168, 69.46667, 20.1036, -113.325, 39.2482, -110.443, 64.6927, 69.6862, 1.49375, -23.8103, 2.94427, -21.2357, 4.78363, 158.817
4169, 69.47500, 20.1063, -113.553, 39.1428, -110.547, 64.5782, 69.5376, 1.49414, -24.0338, 2.93729, -21.3427, 4.77618, 158.668
4169, 69.48333, 20.109, -113.782, 39.0375, -110.649, 64.4637, 69.3896, 1.49452, -24.257, 2.93032, -21.449, 4.76873, 158.521
4170, 69.49167, 20.1116, -114.009, 38.9324, -110.751, 64.3493, 69.242, 1.49489, -24.48, 2.92335, -21.5543, 4.76128, 158.374
4170, 69.50000, 20.1141, -114.237, 38.8275, -110.852, 64.235, 69.095, 1.49526, -24.7026, 2.91639, -21.6589, 4.75383, 158.227
4170, 69.50833, 20.1166, -114.464, 38.7228, -110.952, 64.1208, 68.9485, 1.49562, -24.9248, 2.90945, -21.7625, 4.74638, 158.081
4171, 69.51667, 20.1189, -114.691, 38.6182, -111.051, 64.0066, 68.8025, 1.49598, -25.1468, 2.90251, -21.8654, 4.73893, 157.936
4172, 69.52500, 20.1213, -114.917, 38.5139, -111.15, 63.8924, 68.6571, 1.49633, -25.3685, 2.89558, -21.9674, 4.73149, 157.791
4172, 69.53333, 20.1235, -115.144, 38.4097, -111.247, 63.7784, 68.5121, 1.49668, -25.5899, 2.88866, -22.0685, 4.72405, 157.647
4173, 69.54166, 20.1257, -115.37, 38.3057, -111.344, 63.6644, 68.3677, 1.49702, -25.8109, 2.88174, -22.1688, 4.71661, 157.503
4173, 69.55000, 20.1278, -115.595, 38.2019, -111.439, 63.5505, 68.2238, 1.49736, -26.0317, 2.87484, -22.2682, 4.70917, 157.359
4174, 69.55833, 20.1298, -115.821, 38.0983, -111.534, 63.4366, 68.0804, 1.49769, -26.2521, 2.86795, -22.3668, 4.70174, 157.217
4174, 69.56667, 20.1318, -116.046, 37.9949, -111.628, 63.3229, 67.9375, 1.49802, -26.4723, 2.86107, -22.4645, 4.69431, 157.074
4175, 69.57500, 20.1337, -116.271, 37.8917, -111.721, 63.2092, 67.7951, 1.49834, -26.6922, 2.8542, -22.5614, 4.68688, 156.932
4175, 69.58334, 20.1356, -116.495, 37.7886, -111.813, 63.0957, 67.6532, 1.49866, -26.9117, 2.84734, -22.6575, 4.67945, 156.791
4176, 69.59167, 20.1374, -116.72, 37.6858, -111.904, 62.9822, 67.5118, 1.49897, -27.131, 2.84049, -22.7527, 4.67203, 156.65
4176, 69.60000, 20.1391, -116.944, 37.5832, -111.995, 62.8688, 67.371, 1.49927, -27.35, 2.83365, -22.847, 4.66461, 156.51
4177, 69.60833, 20.1408, -117.167, 37.4809, -112.084, 62.7555, 67.2306, 1.49957, -27.5686, 2.82682, -22.9405, 4.6572, 156.37
4177, 69.61667, 20.1423, -117.391, 37.3787, -112.173, 62.6423, 67.0907, 1.49987, -27.787, 2.82001, -23.0332, 4.64979, 156.231
4178, 69.62500, 20.1439, -117.614, 37.2767, -112.261, 62.5292, 66.9513, 1.50016, -28.0051, 2.8132, -23.125, 4.64239, 156.092
4178, 69.63333, 20.1454, -117.837, 37.175, -112.348, 62.4162, 66.8124, 1.50045, -28.2229, 2.80641, -23.216, 4.63498, 155.954
4178, 69.64167, 20.1468, -118.059, 37.0734, -112.433, 62.3033, 66.674, 1.50073, -28.4404, 2.79963, -23.3061, 4.62759, 155.816
4179, 69.65000, 20.1481, -118.281, 36.9721, -112.519, 62.1905, 66.5361, 1.50101, -28.6576, 2.79286, -23.3954, 4.6202, 155.678
4180, 69.65833, 20.1494, -118.503, 36.871, -112.603, 62.0778, 66.3987, 1.50129, -28.8745, 2.7861, -23.4839, 4.61281, 155.542
4180, 69.66666, 20.1507, -118.725, 36.7702, -112.686, 61.9652, 66.2618, 1.50155, -29.0912, 2.77935, -23.5715, 4.60543, 155.405
4181, 69.67500, 20.1519, -118.947, 36.6695, -112.769, 61.8527, 66.1254, 1.50182, -29.3075, 2.77262, -23.6582, 4.59805, 155.269
4181, 69.68333, 20.153, -119.168, 36.5691, -112.85, 61.7404, 65.9894, 1.50208, -29.5236, 2.7659, -23.7441, 4.59068, 155.134
4182, 69.69167, 20.1541, -119.389, 36.4689, -112.931, 61.6282, 65.854, 1.50234, -29.7394, 2.75919, -23.8292, 4.58331, 154.999
4182, 69.70000, 20.1551, -119.609, 36.369, -113.011, 61.516, 65.719, 1.50259, -29.9549, 2.7525, -23.9134, 4.57595, 154.865
4183, 69.70834, 20.1561, -119.83, 36.2693, -113.09, 61.404, 65.5845, 1.50283, -30.1701, 2.74582, -23.9968, 4.5686, 154.731
4183, 69.71667, 20.157, -120.05, 36.1698, -113.168, 61.2922, 65.4505, 1.50308, -30.3851, 2.73915, -24.0793, 4.56125, 154.597
4184, 69.72500, 20.1579, -120.269, 36.0705, -113.245, 61.1804, 65.3169, 1.50332, -30.5998, 2.73249, -24.161, 4.55391, 154.464
4184, 69.73333, 20.1587, -120.489, 35.9716, -113.321, 61.0688, 65.1838, 1.50355, -30.8141, 2.72585, -24.2418, 4.54657, 154.332
4185, 69.74167, 20.1594, -120.708, 35.8728, -113.397, 60.9573, 65.0512, 1.50378, -31.0283, 2.71922, -24.3219, 4.53924, 154.2
4185, 69.75000, 20.1601, -120.927, 35.7743, -113.471, 60.8459, 64.9191, 1.50401, -31.2421, 2.71261, -24.401, 4.53192, 154.068
4186, 69.75833, 20.1608, -121.146, 35.676, -113.545, 60.7347, 64.7875, 1.50423, -31.4557, 2.70601, -24.4793, 4.52461, 153.937
4186, 69.76667, 20.1614, -121.364, 35.578, -113.618, 60.6236, 64.6563, 1.50445, -31.669, 2.69942, -24.5568, 4.5173, 153.807
4186, 69.77500, 20.1619, -121.583, 35.4802, -113.69, 60.5126, 64.5256, 1.50466, -31.882, 2.69285, -24.6335, 4.50999, 153.677
4187, 69.78333, 20.1625, -121.8, 35.3827, -113.761, 60.4018, 64.3953, 1.50488, -32.0947, 2.6863, -24.7093, 4.5027, 153.547
4188, 69.79166, 20.1629, -122.018, 35.2854, -113.831, 60.291, 64.2655, 1.50508, -32.3072, 2.67975, -24.7842, 4.49541, 153.418
4188, 69.80000, 20.1633, -122.236, 35.1884, -113.9, 60.1805, 64.1362, 1.50529, -32.5195, 2.67322, -24.8583, 4.48813, 153.289
4189, 69.80833, 20.1637, -122.453, 35.0917, -113.969, 60.0701, 64.0073, 1.50549, -32.7314, 2.66671, -24.9316, 4.48086, 153.161
4189, 69.81667, 20.164, -122.67, 34.9952, -114.036, 59.9598, 63.8789, 1.50568, -32.9431, 2.66021, -25.0041, 4.47359, 153.033
4190, 69.82500, 20.1643, -122.886, 34.8989, -114.103, 59.8497, 63.751, 1.50587, -33.1545, 2.65373, -25.0757, 4.46633, 152.906
4190, 69.83334, 20.1645, -123.103, 34.803, -114.168, 59.7397, 63.6235, 1.50606, -33.3657, 2.64726, -25.1464, 4.45908, 152.779
4191, 69.84167, 20.1647, -123.319, 34.7072, -114.233, 59.6298, 63.4964, 1.50625, -33.5766, 2.64081, -25.2163, 4.45184, 152.652
4191, 69.85000, 20.1648, -123.535, 34.6118, -114.297, 59.5201, 63.3698, 1.50643, -33.7873, 2.63437, -25.2854, 4.4446, 152.526
4191, 69.85833, 20.1649, -123.75, 34.5166, -114.361, 59.4106, 63.2437, 1.50661, -33.9976, 2.62795, -25.3536, 4.43738, 152.401
4192, 69.86667, 20.165, -123.966, 34.4217, -114.423, 59.3012, 63.118, 1.50678, -34.2078, 2.62154, -25.421, 4.43016, 152.276
4193, 69.87500, 20.165, -124.181, 34.327, -114.484, 59.1919, 62.9928, 1.50695, -34.4177, 2.61515, -25.4876, 4.42295, 152.151
4193, 69.88333, 20.165, -124.396, 34.2327, -114.545, 59.0829, 62.868, 1.50712, -34.6273, 2.60878, -25.5533, 4.41575, 152.027
4194, 69.89167, 20.1649, -124.61, 34.1386, -114.604, 58.9739, 62.7436, 1.50729, -34.8367, 2.60242, -25.6182, 4.40855, 151.903
4194, 69.90000, 20.1648, -124.825, 34.0447, -114.663, 58.8651, 62.6197, 1.50745, -35.0458, 2.59608, -25.6822, 4.40137, 151.78
4194, 69.90833, 20.1647, -125.039, 33.9512, -114.721, 58.7565, 62.4963, 1.50761, -35.2546, 2.58975, -25.7454, 4.39419, 151.657
4195, 69.91666, 20.1645, -125.253, 33.8579, -114.778, 58.648, 62.3733, 1.50776, -35.4633, 2.58344, -25.8078, 4.38702, 151.535
4196, 69.92500, 20.1643, -125.467, 33.7649, -114.834, 58.5397, 62.2507, 1.50791, -35.6716, 2.57715, -25.8693, 4.37987, 151.413
4196, 69.93333, 20.164, -125.68, 33.6722, -114.889, 58.4316, 62.1285, 1.50806, -35.8797, 2.57087, -25.93, 4.37272, 151.291
4197, 69.94167, 20.1637, -125.893, 33.5798, -114.944, 58.3236, 62.0068, 1.50821, -36.0876, 2.56461, -25.9899, 4.36558, 151.17
4197, 69.95000, 20.1634, -126.106, 33.4876, -114.997, 58.2158, 61.8855, 1.50835, -36.2953, 2.55837, -26.0489, 4.35845, 151.049
4198, 69.95834, 20.163, -126.319, 33.3957, -115.05, 58.1082, 61.7647, 1.50849, -36.5027, 2.55215, -26.1071, 4.35132, 150.929
4198, 69.96667, 20.1626, -126.531, 33.3041, -115.101, 58.0007, 61.6443, 1.50863, -36.7098, 2.54594, -26.1644, 4.34421, 150.809
4199, 69.97500, 20.1621, -126.744, 33.2128, -115.152, 57.8933, 61.5243, 1.50876, -36.9168, 2.53975, -26.2209, 4.33711, 150.69
4199, 69.98333, 20.1616, -126.956, 33.1218, -115.202, 57.7862, 61.4047, 1.50889, -37.1234, 2.53357, -26.2766, 4.33001, 150.571
4199, 69.99167, 20.1611, -127.168, 33.0311, -115.251, 57.6792, 61.2856, 1.50902, -37.3299, 2.52742, -26.3314, 4.32293, 150.453
4200, 70.00000, 20.1606, -127.379, 32.9407, -115.299, 57.5724, 61.1669, 1.50915, -37.5361, 2.52128, -26.3854, 4.31586, 150.335
4201, 70.00833, 20.16, -127.59, 32.8506, -115.347, 57.4657, 61.0486, 1.50927, -37.7421, 2.51516, -26.4386, 4.30879, 150.217
4201, 70.01667, 20.1594, -127.802, 32.7607, -115.393, 57.3592, 60.9307, 1.50939, -37.9478, 2.50906, -26.4909, 4.30174, 150.1
4202, 70.02500, 20.1587, -128.013, 32.6712, -115.439, 57.2529, 60.8133, 1.50951, -38.1533, 2.50297, -26.5424, 4.29469, 149.983
4202, 70.03333, 20.158, -128.223, 32.5819, -115.483, 57.1468, 60.6963, 1.50962, -38.3586, 2.4969, -26.593, 4.28766, 149.867
4203, 70.04166, 20.1573, -128.434, 32.4929, -115.527, 57.0409, 60.5797, 1.50973, -38.5637, 2.49085, -26.6429, 4.28063, 149.751
4203, 70.05000, 20.1566, -128.644, 32.4043, -115.57, 56.9351, 60.4635, 1.50984, -38.7685, 2.48482, -26.6918, 4.27362, 149.635
4204, 70.05833, 20.1558, -128.854, 32.3159, -115.612, 56.8295, 60.3477, 1.50995, -38.9731, 2.47881, -26.74, 4.26661, 149.52
4204, 70.06667, 20.155, -129.064, 32.2279, -115.654, 56.724, 60.2323, 1.51006, -39.1775, 2.47282, -26.7873, 4.25962, 149.405
4205, 70.07500, 20.1542, -129.273, 32.1401, -115.694, 56.6188, 60.1174, 1.51016, -39.3816, 2.46684, -26.8338, 4.25264, 149.291
4205, 70.08334, 20.1533, -129.483, 32.0527, -115.733, 56.5137, 60.0028, 1.51026, -39.5855, 2.46089, -26.8794, 4.24566, 149.177
4206, 70.09167, 20.1524, -129.692, 31.9655, -115.772, 56.4088, 59.8887, 1.51035, -39.7893, 2.45495, -26.9242, 4.2387, 149.064
4206, 70.10000, 20.1515, -129.901, 31.8787, -115.809, 56.3041, 59.7749, 1.51045, -39.9928, 2.44903, -26.9682, 4.23175, 148.95
4207, 70.10833, 20.1505, -130.109, 31.7922, -115.846, 56.1996, 59.6616, 1.51054, -40.196, 2.44313, -27.0114, 4.22481, 148.838
4207, 70.11667, 20.1496, -130.318, 31.7059, -115.882, 56.0952, 59.5487, 1.51063, -40.3991, 2.43725, -27.0537, 4.21787, 148.726
4207, 70.12500, 20.1486, -130.526, 31.62, -115.917, 55.991, 59.4362, 1.51072, -40.602, 2.43139, -27.0951, 4.21095, 148.614
4208, 70.13333, 20.1475, -130.734, 31.5344, -115.951, 55.887, 59.3241, 1.5108, -40.8046, 2.42554, -27.1358, 4.20404, 148.502
4209, 70.14167, 20.1465, -130.942, 31.4491, -115.985, 55.7832, 59.2123, 1.51089, -41.007, 2.41972, -27.1756, 4.19714, 148.391
4209, 70.15000, 20.1454, -131.15, 31.3641, -116.017, 55.6796, 59.101, 1.51097, -41.2093, 2.41392, -27.2146, 4.19026, 148.281
4210, 70.15833, 20.1443, -131.358, 31.2795, -116.049, 55.5762, 58.9901, 1.51105, -41.4113, 2.40813, -27.2527, 4.18338, 148.17
4210, 70.16666, 20.1431, -131.565, 31.1951, -116.079, 55.4729, 58.8795, 1.51113, -41.6131, 2.40237, -27.29, 4.17651, 148.06
4211, 70.17500, 20.142, -131.772, 31.1111, -116.109, 55.3698, 58.7694, 1.5112, -41.8147, 2.39662, -27.3265, 4.16966, 147.951
4211, 70.18333, 20.1408, -131.979, 31.0274, -116.138, 55.267, 58.6597, 1.51127, -42.0161, 2.3909, -27.3622, 4.16281, 147.842
4212, 70.19167, 20.1396, -132.186, 30.944, -116.166, 55.1643, 58.5503, 1.51134, -42.2173, 2.38519, -27.397, 4.15598, 147.733
4212, 70.20000, 20.1384, -132.392, 30.8609, -116.193, 55.0618, 58.4413, 1.51141, -42.4183, 2.37951, -27.431, 4.14916, 147.625
4213, 70.20834, 20.1371, -132.598, 30.7781, -116.22, 54.9594, 58.3327, 1.51148, -42.619, 2.37384, -27.4642, 4.14235, 147.517
4213, 70.21667, 20.1359, -132.804, 30.6957, -116.245, 54.8573, 58.2245, 1.51154, -42.8197, 2.3682, -27.4965, 4.13555, 147.41
4214, 70.22500, 20.1346, -133.01, 30.6136, -116.27, 54.7554, 58.1167, 1.51161, -43.0201, 2.36257, -27.528, 4.12876, 147.302
4214, 70.23333, 20.1332, -133.216, 30.5318, -116.293, 54.6536, 58.0093, 1.51167, -43.2202, 2.35697, -27.5587, 4.12198, 147.196
4215, 70.24167, 20.1319, -133.422, 30.4503, -116.316, 54.552, 57.9023, 1.51173, -43.4203, 2.35138, -27.5885, 4.11522, 147.089
4215, 70.25000, 20.1306, -133.627, 30.3692, -116.338, 54.4506, 57.7956, 1.51178, -43.6201, 2.34582, -27.6176, 4.10846, 146.983
4215, 70.25833, 20.1292, -133.832, 30.2884, -116.359, 54.3495, 57.6893, 1.51184, -43.8197, 2.34028, -27.6458, 4.10172, 146.878
4216, 70.26667, 20.1278, -134.037, 30.2079, -116.379, 54.2485, 57.5834, 1.51189, -44.0192, 2.33475, -27.6731, 4.09499, 146.772
4217, 70.27500, 20.1264, -134.242, 30.1277, -116.399, 54.1477, 57.4779, 1.51195, -44.2184, 2.32925, -27.6997, 4.08827, 146.668
4217, 70.28333, 20.1249, -134.447, 30.0479, -116.417, 54.0471, 57.3727, 1.512, -44.4175, 2.32377, -27.7254, 4.08156, 146.563
4218, 70.29166, 20.1235, -134.651, 29.9684, -116.435, 53.9466, 57.2679, 1.51204, -44.6164, 2.31831, -27.7503, 4.07486, 146.459
4218, 70.30000, 20.122, -134.855, 29.8893, -116.451, 53.8464, 57.1635, 1.51209, -44.8151, 2.31288, -27.7743, 4.06818, 146.355
4219, 70.30833, 20.1205, -135.06, 29.8104, -116.467, 53.7464, 57.0595, 1.51214, -45.0136, 2.30746, -27.7976, 4.06151, 146.252
4219, 70.31667, 20.119, -135.264, 29.7319, -116.482, 53.6465, 56.9558, 1.51218, -45.2119, 2.30206, -27.82, 4.05484, 146.149
4220, 70.32500, 20.1174, -135.467, 29.6538, -116.496, 53.5469, 56.8525, 1.51222, -45.4101, 2.29669, -27.8416, 4.0482, 146.046
4220, 70.33334, 20.1159, -135.671, 29.576, -116.51, 53.4474, 56.7496, 1.51226, -45.6081, 2.29134, -27.8623, 4.04156, 145.944
4221, 70.34167, 20.1143, -135.874, 29.4985, -116.522, 53.3481, 56.647, 1.5123, -45.8059, 2.286, -27.8823, 4.03493, 145.842
4221, 70.35000, 20.1128, -136.077, 29.4213, -116.533, 53.2491, 56.5448, 1.51234, -46.0035, 2.28069, -27.9014, 4.02832, 145.741
4222, 70.35833, 20.1112, -136.281, 29.3445, -116.544, 53.1502, 56.443, 1.51238, -46.201, 2.27541, -27.9197, 4.02171, 145.64
4222, 70.36667, 20.1095, -136.484, 29.268, -116.554, 53.0515, 56.3415, 1.51241, -46.3983, 2.27014, -27.9372, 4.01512, 145.539
4223, 70.37500, 20.1079, -136.686, 29.1919, -116.563, 52.953, 56.2403, 1.51244, -46.5954, 2.26489, -27.9538, 4.00854, 145.439
4223, 70.38333, 20.1063, -136.889, 29.1161, -116.571, 52.8547, 56.1396, 1.51247, -46.7924, 2.25967, -27.9697, 4.00198, 145.338
4223, 70.39167, 20.1046, -137.091, 29.0407, -116.578, 52.7566, 56.0392, 1.5125, -46.9892, 2.25447, -27.9847, 3.99542, 145.239
4224, 70.40000, 20.1029, -137.294, 28.9656, -116.584, 52.6587, 55.9391, 1.51253, -47.1858, 2.24929, -27.9989, 3.98888, 145.139
4225, 70.40833, 20.1012, -137.496, 28.8908, -116.59, 52.561, 55.8394, 1.51256, -47.3823, 2.24414, -28.0123, 3.98235, 145.04
4225, 70.41666, 20.0995, -137.698, 28.8164, -116.594, 52.4635, 55.7401, 1.51259, -47.5786, 2.239, -28.0248, 3.97583, 144.942
4226, 70.42500, 20.0978, -137.899, 28.7424, -116.598, 52.3662, 55.6411, 1.51261, -47.7747, 2.23389, -28.0366, 3.96932, 144.844
4226, 70.43333, 20.0961, -138.101, 28.6686, -116.601, 52.2691, 55.5425, 1.51263, -47.9707, 2.2288, -28.0475, 3.96283, 144.746
4227, 70.44167, 20.0943, -138.303, 28.5953, -116.603, 52.1722, 55.4442, 1.51266, -48.1666, 2.22373, -28.0576, 3.95634, 144.648
4227, 70.45000, 20.0926, -138.504, 28.5223, -116.604, 52.0755, 55.3462, 1.51268, -48.3623, 2.21869, -28.0669, 3.94987, 144.551
4228, 70.45834, 20.0908, -138.705, 28.4496, -116.604, 51.9789, 55.2486, 1.5127, -48.5578, 2.21367, -28.0754, 3.94341, 144.454
4228, 70.46667, 20.089, -138.906, 28.3773, -116.604, 51.8826, 55.1514, 1.51272, -48.7532, 2.20867, -28.0831, 3.93697, 144.357
4229, 70.47500, 20.0872, -139.107, 28.3053, -116.602, 51.7865, 55.0545, 1.51273, -48.9484, 2.20369, -28.09, 3.93053, 144.261
4229, 70.48333, 20.0854, -139.308, 28.2337, -116.6, 51.6905, 54.9579, 1.51275, -49.1435, 2.19874, -28.0961, 3.92411, 144.165
4230, 70.49167, 20.0836, -139.508, 28.1624, -116.597, 51.5948, 54.8617, 1.51276, -49.3384, 2.19381, -28.1013, 3.9177, 144.07
4230, 70.50000, 20.0818, -139.709, 28.0915, -116.593, 51.4992, 54.7658, 1.51278, -49.5332, 2.1889, -28.1058, 3.9113, 143.975
4231, 70.50833, 20.0799, -139.909, 28.021, -116.588, 51.4039, 54.6703, 1.51279, -49.7278, 2.18402, -28.1094, 3.90492, 143.88
4231, 70.51667, 20.0781, -140.109, 27.9508, -116.582, 51.3087, 54.5751, 1.5128, -49.9223, 2.17916, -28.1122, 3.89854, 143.786
4231, 70.52500, 20.0762, -140.31, 27.881, -116.576, 51.2138, 54.4802, 1.51281, -50.1167, 2.17432, -28.1142, 3.89218, 143.691
4232, 70.53333, 20.0743, -140.509, 27.8115, -116.569, 51.119, 54.3857, 1.51282, -50.3109, 2.16951, -28.1155, 3.88583, 143.598
4233, 70.54166, 20.0724, -140.709, 27.7424, -116.56, 51.0245, 54.2915, 1.51283, -50.505, 2.16472, -28.1159, 3.87949, 143.504
4233, 70.55000, 20.0705, -140.909, 27.6736, -116.551, 50.9301, 54.1976, 1.51284, -50.6989, 2.15995, -28.1155, 3.87317, 143.411
4234, 70.55833, 20.0686, -141.108, 27.6053, -116.541, 50.836, 54.1041, 1.51284, -50.8927, 2.15521, -28.1143, 3.86686, 143.318
4234, 70.56667, 20.0667, -141.308, 27.5372, -116.531, 50.742, 54.0109, 1.51285, -51.0864, 2.15049, -28.1123, 3.86056, 143.226
4235, 70.57500, 20.0648, -141.507, 27.4696, -116.519, 50.6482, 53.918, 1.51285, -51.28, 2.14579, -28.1096, 3.85427, 143.134
4235, 70.58334, 20.0628, -141.706, 27.4023, -116.507, 50.5546, 53.8255, 1.51285, -51.4734, 2.14112, -28.106, 3.84799, 143.042
4236, 70.59167, 20.0609, -141.905, 27.3353, -116.493, 50.4613, 53.7333, 1.51286, -51.6667, 2.13647, -28.1016, 3.84173, 142.95
4236, 70.60000, 20.0589, -142.104, 27.2687, -116.479, 50.3681, 53.6414, 1.51286, -51.8599, 2.13185, -28.0964, 3.83548, 142.859
4237, 70.60833, 20.057, -142.303, 27.2025, -116.464, 50.2751, 53.5498, 1.51286, -52.0529, 2.12725, -28.0905, 3.82924, 142.768
4237, 70.61667, 20.055, -142.502, 27.1367, -116.449, 50.1823, 53.4586, 1.51286, -52.2458, 2.12268, -28.0837, 3.82301, 142.678
4238, 70.62500, 20.053, -142.7, 27.0712, -116.432, 50.0897, 53.3677, 1.51286, -52.4386, 2.11813, -28.0762, 3.81679, 142.588
4238, 70.63333, 20.051, -142.899, 27.0061, -116.415, 49.9973, 53.2771, 1.51285, -52.6313, 2.1136, -28.0679, 3.81059, 142.498
4239, 70.64167, 20.049, -143.097, 26.9414, -116.396, 49.9051, 53.1868, 1.51285, -52.8239, 2.1091, -28.0587, 3.8044, 142.408
4239, 70.65000, 20.047, -143.295, 26.877, -116.377, 49.8131, 53.0969, 1.51284, -53.0163, 2.10462, -28.0488, 3.79822, 142.319
4239, 70.65833, 20.045, -143.493, 26.8131, -116.357, 49.7213, 53.0072, 1.51284, -53.2087, 2.10017, -28.0382, 3.79206, 142.23
4240, 70.66666, 20.043, -143.691, 26.7494, -116.337, 49.6297, 52.9179, 1.51283, -53.4009, 2.09574, -28.0267, 3.7859, 142.142
4241, 70.67500, 20.0409, -143.889, 26.6862, -116.315, 49.5383, 52.8289, 1.51283, -53.593, 2.09133, -28.0145, 3.77976, 142.054
4241, 70.68333, 20.0389, -144.087, 26.6233, -116.293, 49.4471, 52.7402, 1.51282, -53.785, 2.08695, -28.0014, 3.77363, 141.966
4242, 70.69167, 20.0368, -144.285, 26.5608, -116.27, 49.3561, 52.6518, 1.51281, -53.9769, 2.0826, -27.9876, 3.76751, 141.878
4242, 70.70000, 20.0348, -144.482, 26.4987, -116.246, 49.2652, 52.5637, 1.5128, -54.1687, 2.07827, -27.9731, 3.76141, 141.791
4243, 70.70834, 20.0327, -144.68, 26.437, -116.221, 49.1746, 52.476, 1.51279, -54.3604, 2.07397, -27.9577, 3.75532, 141.704
4243, 70.71667, 20.0307, -144.877, 26.3756, -116.195, 49.0842, 52.3885, 1.51278, -54.552, 2.06969, -27.9416, 3.74924, 141.617
4244, 70.72500, 20.0286, -145.075, 26.3146, -116.169, 48.9939, 52.3014, 1.51277, -54.7434, 2.06544, -27.9247, 3.74317, 141.531
4244, 70.73333, 20.0265, -145.272, 26.254, -116.142, 48.9039, 52.2146, 1.51275, -54.9348, 2.06121, -27.9071, 3.73711, 141.445
4245, 70.74167, 20.0244, -145.469, 26.1938, -116.114, 48.814, 52.128, 1.51274, -55.1261, 2.057, -27.8886, 3.73107, 141.359
4245, 70.75000, 20.0223, -145.666, 26.1339, -116.085, 48.7244, 52.0418, 1.51272, -55.3173, 2.05283, -27.8695, 3.72504, 141.273
4246, 70.75833, 20.0202, -145.863, 26.0745, -116.055, 48.6349, 51.9559, 1.51271, -55.5083, 2.04867, -27.8495, 3.71902, 141.188
4246, 70.76667, 20.0181, -146.06, 26.0154, -116.025, 48.5456, 51.8703, 1.51269, -55.6994, 2.04455, -27.8288, 3.71301, 141.103
4247, 70.77500, 20.016, -146.256, 25.9567, -115.994, 48.4566, 51.785, 1.51268, -55.8903, 2.04045, -27.8074, 3.70702, 141.019
4247, 70.78333, 20.0138, -146.453, 25.8984, -115.962, 48.3677, 51.7, 1.51266, -56.0811, 2.03637, -27.7852, 3.70103, 140.935
4247, 70.79166, 20.0117, -146.649, 25.8404, -115.929, 48.279, 51.6152, 1.51264, -56.2718, 2.03232, -27.7622, 3.69506, 140.851
4248, 70.80000, 20.0096, -146.846, 25.7829, -115.895, 48.1905, 51.5308, 1.51262, -56.4624, 2.0283, -27.7385, 3.6891, 140.767
4249, 70.80833, 20.0074, -147.042, 25.7257, -115.861, 48.1022, 51.4467, 1.5126, -56.653, 2.0243, -27.7141, 3.68316, 140.684
4249, 70.81667, 20.0053, -147.239, 25.669, -115.826, 48.0141, 51.3629, 1.51258, -56.8435, 2.02033, -27.6889, 3.67722, 140.601
4250, 70.82500, 20.0031, -147.435, 25.6126, -115.79, 47.9262, 51.2794, 1.51256, -57.0338, 2.01639, -27.6629, 3.6713, 140.518
4250, 70.83334, 20.0009, -147.631, 25.5566, -115.753, 47.8384, 51.1962, 1.51254, -57.2241, 2.01247, -27.6362, 3.66539, 140.436
4251, 70.84167, 19.9988, -147.827, 25.501, -115.716, 47.7509, 51.1132, 1.51251, -57.4144, 2.00857, -27.6088, 3.65949, 140.353
4251, 70.85000, 19.9966, -148.023, 25.4458, -115.678, 47.6636, 51.0306, 1.51249, -57.6045, 2.00471, -27.5807, 3.65361, 140.272
4252, 70.85833, 19.9944, -148.219, 25.391, -115.639, 47.5764, 50.9482, 1.51247, -57.7946, 2.00087, -27.5518, 3.64773, 140.19
4252, 70.86667, 19.9922, -148.415, 25.3365, -115.599, 47.4895, 50.8662, 1.51244, -57.9846, 1.99705, -27.5222, 3.64187, 140.109
4253, 70.87500, 19.99, -148.611, 25.2825, -115.559, 47.4027, 50.7844, 1.51241, -58.1745, 1.99327, -27.4919, 3.63602, 140.028
4253, 70.88333, 19.9878, -148.806, 25.2288, -115.518, 47.3161, 50.7029, 1.51239, -58.3644, 1.98951, -27.4608, 3.63018, 139.947
4254, 70.89167, 19.9856, -149.002, 25.1756, -115.476, 47.2297, 50.6217, 1.51236, -58.5542, 1.98577, -27.4291, 3.62436, 139.867
4254, 70.90000, 19.9834, -149.198, 25.1227, -115.433, 47.1435, 50.5408, 1.51233, -58.7439, 1.98207, -27.3966, 3.61854, 139.787
4255, 70.90833, 19.9812, -149.393, 25.0703, -115.39, 47.0575, 50.4602, 1.5123, -58.9335, 1.97839, -27.3634, 3.61274, 139.707
4255, 70.91666, 19.979, -149.589, 25.0182, -115.345, 46.9717, 50.3798, 1.51227, -59.1231, 1.97473, -27.3295, 3.60695, 139.627
4255, 70.92500, 19.9767, -149.784, 24.9665, -115.301, 46.8861, 50.2998, 1.51224, -59.3127, 1.97111, -27.2949, 3.60117, 139.548
4256, 70.93333, 19.9745, -149.979, 24.9153, -115.255, 46.8006, 50.22, 1.51221, -59.5021, 1.96751, -27.2596, 3.59541, 139.469
4257, 70.94167, 19.9722, -150.175, 24.8644, -115.209, 46.7154, 50.1405, 1.51218, -59.6916, 1.96394, -27.2236, 3.58965, 139.39
4257, 70.95000, 19.97, -150.37, 24.8139, -115.162, 46.6303, 50.0613, 1.51215, -59.8809, 1.96039, -27.1869, 3.58391, 139.312
4258, 70.95834, 19.9677, -150.565, 24.7639, -115.114, 46.5454, 49.9824, 1.51211, -60.0702, 1.95688, -27.1495, 3.57818, 139.234
4258, 70.96667, 19.9655, -150.76, 24.7142, -115.065, 46.4607, 49.9037, 1.51208, -60.2594, 1.95339, -27.1114, 3.57246, 139.156
4259, 70.97500, 19.9632, -150.955, 24.6649, -115.016, 46.3762, 49.8253, 1.51205, -60.4486, 1.94992, -27.0727, 3.56676, 139.078
4259, 70.98333, 19.9609, -151.151, 24.6161, -114.966, 46.2919, 49.7472, 1.51201, -60.6377, 1.94649, -27.0332, 3.56106, 139.001
4260, 70.99167, 19.9586, -151.346, 24.5676, -114.916, 46.2078, 49.6694, 1.51197, -60.8268, 1.94308, -26.9931, 3.55538, 138.924
4260, 71.00000, 19.9564, -151.54, 24.5195, -114.864, 46.1238, 49.5919, 1.51194, -61.0159, 1.9397, -26.9523, 3.54971, 138.847
4261, 71.00833, 19.9541, -151.735, 24.4719, -114.813, 46.0401, 49.5146, 1.5119, -61.2049, 1.93635, -26.9109, 3.54405, 138.771
4261, 71.01667, 19.9518, -151.93, 24.4246, -114.76, 45.9565, 49.4376, 1.51186, -61.3938, 1.93302, -26.8688, 3.5384, 138.695
4262, 71.02500, 19.9494, -152.125, 24.3778, -114.707, 45.8731, 49.3609, 1.51182, -61.5827, 1.92973, -26.826, 3.53276, 138.619
4262, 71.03333, 19.9471, -152.32, 24.3313, -114.653, 45.7899, 49.2844, 1.51178, -61.7716, 1.92646, -26.7826, 3.52714, 138.543
4263, 71.04166, 19.9448, -152.515, 24.2853, -114.598, 45.7069, 49.2082, 1.51174, -61.9604, 1.92322, -26.7385, 3.52153, 138.468
4263, 71.05000, 19.9425, -152.709, 24.2397, -114.543, 45.624, 49.1323, 1.5117, -62.1492, 1.92001, -26.6937, 3.51593, 138.393
4263, 71.05833, 19.9401, -152.904, 24.1944, -114.487, 45.5414, 49.0566, 1.51165, -62.3379, 1.91682, -26.6484, 3.51034, 138.318
4264, 71.06667, 19.9378, -153.099, 24.1496, -114.43, 45.4589, 48.9813, 1.51161, -62.5266, 1.91367, -26.6023, 3.50476, 138.243
4265, 71.07500, 19.9354, -153.293, 24.1052, -114.373, 45.3766, 48.9061, 1.51156, -62.7153, 1.91054, -26.5557, 3.49919, 138.169
4265, 71.08334, 19.9331, -153.488, 24.0612, -114.315, 45.2945, 48.8313, 1.51152, -62.9039, 1.90744, -26.5084, 3.49364, 138.095
4266, 71.09167, 19.9307, -153.682, 24.0176, -114.257, 45.2126, 48.7567, 1.51147, -63.0926, 1.90437, -26.4605, 3.48809, 138.021
4266, 71.10000, 19.9283, -153.877, 23.9745, -114.197, 45.1308, 48.6824, 1.51143, -63.2811, 1.90132, -26.412, 3.48256, 137.948
4267, 71.10833, 19.926, -154.071, 23.9317, -114.138, 45.0492, 48.6083, 1.51138, -63.4697, 1.89831, -26.3629, 3.47704, 137.875
4267, 71.11667, 19.9236, -154.266, 23.8894, -114.077, 44.9679, 48.5345, 1.51133, -63.6582, 1.89532, -26.3131, 3.47153, 137.802
4268, 71.12500, 19.9212, -154.46, 23.8474, -114.016, 44.8867, 48.461, 1.51128, -63.8467, 1.89237, -26.2628, 3.46604, 137.729
4268, 71.13333, 19.9188, -154.655, 23.8059, -113.955, 44.8056, 48.3877, 1.51123, -64.0352, 1.88944, -26.2118, 3.46055, 137.657
4269, 71.14167, 19.9163, -154.849, 23.7648, -113.893, 44.7248, 48.3147, 1.51118, -64.2237, 1.88654, -26.1603, 3.45508, 137.584
4269, 71.15000, 19.9139, -155.044, 23.7241, -113.83, 44.6441, 48.242, 1.51112, -64.4121, 1.88367, -26.1081, 3.44961, 137.512
4270, 71.15833, 19.9115, -155.238, 23.6838, -113.766, 44.5636, 48.1695, 1.51107, -64.6005, 1.88083, -26.0554, 3.44416, 137.441
4270, 71.16666, 19.909, -155.432, 23.6439, -113.702, 44.4833, 48.0973, 1.51102, -64.7889, 1.87801, -26.0021, 3.43872, 137.369
4271, 71.17500, 19.9066, -155.627, 23.6045, -113.638, 44.4032, 48.0253, 1.51096, -64.9773, 1.87523, -25.9483, 3.43329, 137.298
4271, 71.18333, 19.9041, -155.821, 23.5655, -113.573, 44.3232, 47.9536, 1.5109, -65.1657, 1.87247, -25.8938, 3.42787, 137.228
4271, 71.19167, 19.9017, -156.016, 23.5268, -113.507, 44.2434, 47.8821, 1.51085, -65.354, 1.86975, -25.8388, 3.42247, 137.157
4272, 71.20000, 19.8992, -156.21, 23.4886, -113.441, 44.1638, 47.8109, 1.51079, -65.5424, 1.86705, -25.7833, 3.41707, 137.087
4273, 71.20834, 19.8967, -156.404, 23.4509, -113.374, 44.0844, 47.7399, 1.51073, -65.7307, 1.86438, -25.7272, 3.41169, 137.016
4273, 71.21667, 19.8942, -156.598, 23.4135, -113.307, 44.0052, 47.6692, 1.51067, -65.9191, 1.86174, -25.6705, 3.40632, 136.947
4274, 71.22500, 19.8917, -156.793, 23.3765, -113.239, 43.9261, 47.5988, 1.51061, -66.1074, 1.85913, -25.6133, 3.40095, 136.877
4274, 71.23333, 19.8892, -156.987, 23.34, -113.171, 43.8472, 47.5286, 1.51055, -66.2957, 1.85655, -25.5556, 3.3956, 136.808
4275, 71.24167, 19.8866, -157.181, 23.3039, -113.102, 43.7685, 47.4586, 1.51048, -66.484, 1.854, -25.4974, 3.39026, 136.739
4275, 71.25000, 19.8841, -157.376, 23.2682, -113.033, 43.6899, 47.3889, 1.51042, -66.6723, 1.85148, -25.4386, 3.38494, 136.67
4276, 71.25833, 19.8815, -157.57, 23.2329, -112.963, 43.6115, 47.3195, 1.51035, -66.8606, 1.84899, -25.3793, 3.37962, 136.601
4276, 71.26667, 19.879, -157.764, 23.1981, -112.892, 43.5333, 47.2503, 1.51028, -67.0489, 1.84653, -25.3196, 3.37431, 136.533
4277, 71.27500, 19.8764, -157.959, 23.1636, -112.822, 43.4553, 47.1813, 1.51022, -67.2372, 1.8441, -25.2593, 3.36902, 136.465
4277, 71.28333, 19.8738, -158.153, 23.1296, -112.75, 43.3774, 47.1126, 1.51015, -67.4255, 1.8417, -25.1985, 3.36373, 136.397
4278, 71.29166, 19.8712, -158.347, 23.096, -112.678, 43.2997, 47.0442, 1.51008, -67.6139, 1.83932, -25.1372, 3.35846, 136.329
4278, 71.30000, 19.8686, -158.542, 23.0629, -112.606, 43.2222, 46.976, 1.51, -67.8022, 1.83698, -25.0755, 3.3532, 136.262
4279, 71.30833, 19.866, -158.736, 23.0301, -112.533, 43.1449, 46.908, 1.50993, -67.9905, 1.83467, -25.0133, 3.34794, 136.195
4279, 71.31667, 19.8633, -158.93, 22.9978, -112.46, 43.0677, 46.8403, 1.50986, -68.1788, 1.83238, -24.9506, 3.3427, 136.128
4279, 71.32500, 19.8607, -159.125, 22.9659, -112.387, 42.9907, 46.7728, 1.50978, -68.3672, 1.83013, -24.8874, 3.33747, 136.062
4280, 71.33334, 19.858, -159.319, 22.9344, -112.313, 42.9138, 46.7056, 1.5097, -68.5555, 1.82791, -24.8238, 3.33225, 135.995
4281, 71.34167, 19.8553, -159.514, 22.9033, -112.238, 42.8371, 46.6386, 1.50963, -68.7439, 1.82571, -24.7598, 3.32705, 135.929
4281, 71.35000, 19.8526, -159.708, 22.8727, -112.163, 42.7606, 46.5719, 1.50955, -68.9323, 1.82355, -24.6953, 3.32185, 135.863
4282, 71.35833, 19.8499, -159.902, 22.8425, -112.088, 42.6843, 46.5054, 1.50947, -69.1207, 1.82142, -24.6304, 3.31666, 135.798
4282, 71.36667, 19.8472, -160.097, 22.8127, -112.012, 42.6081, 46.4391, 1.50938, -69.3091, 1.81931, -24.565, 3.31149, 135.732
4283, 71.37500, 19.8445, -160.291, 22.7833, -111.936, 42.5321, 46.3731, 1.5093, -69.4976, 1.81724, -24.4992, 3.30632, 135.667
4283, 71.38333, 19.8417, -160.486, 22.7543, -111.86, 42.4563, 46.3073, 1.50921, -69.686, 1.8152, -24.4331, 3.30117, 135.602
4284, 71.39167, 19.839, -160.68, 22.7258, -111.783, 42.3806, 46.2418, 1.50913, -69.8745, 1.81318, -24.3665, 3.29602, 135.538
4284, 71.40000, 19.8362, -160.875, 22.6977, -111.706, 42.3051, 46.1765, 1.50904, -70.063, 1.8112, -24.2995, 3.29089, 135.473
4285, 71.40833, 19.8334, -161.069, 22.67, -111.628, 42.2298, 46.1114, 1.50895, -70.2515, 1.80925, -24.2322, 3.28577, 135.409
4285, 71.41666, 19.8306, -161.264, 22.6427, -111.55, 42.1546, 46.0466, 1.50886, -70.4401, 1.80733, -24.1644, 3.28065, 135.345
4286, 71.42500, 19.8278, -161.459, 22.6159, -111.472, 42.0796, 45.982, 1.50877, -70.6286, 1.80544, -24.0963, 3.27555, 135.282
4286, 71.43333, 19.8249, -161.653, 22.5895, -111.394, 42.0048, 45.9176, 1.50867, -70.8172, 1.80357, -24.0278, 3.27046, 135.218
4287, 71.44167, 19.8221, -161.848, 22.5635, -111.315, 41.9301, 45.8535, 1.50858, -71.0059, 1.80174, -23.959, 3.26538, 135.155
4287, 71.45000, 19.8192, -162.043, 22.5379, -111.235, 41.8556, 45.7896, 1.50848, -71.1945, 1.79994, -23.8898, 3.26031, 135.092
4287, 71.45834, 19.8163, -162.237, 22.5128, -111.156, 41.7812, 45.726, 1.50838, -71.3832, 1.79817, -23.8203, 3.25525, 135.029
4288, 71.46667, 19.8134, -162.432, 22.488, -111.076, 41.707, 45.6626, 1.50828, -71.5719, 1.79643, -23.7504, 3.2502, 134.967
4289, 71.47500, 19.8104, -162.627, 22.4637, -110.996, 41.633, 45.5994, 1.50818, -71.7607, 1.79472, -23.6802, 3.24516, 134.905
4289, 71.48333, 19.8075, -162.822, 22.4399, -110.916, 41.5591, 45.5364, 1.50808, -71.9495, 1.79304, -23.6098, 3.24013, 134.843
4290, 71.49167, 19.8045, -163.017, 22.4164, -110.835, 41.4854, 45.4737, 1.50797, -72.1383, 1.7914, -23.5389, 3.23511, 134.781
4290, 71.50000, 19.8015, -163.212, 22.3933, -110.754, 41.4119, 45.4113, 1.50786, -72.3271, 1.78978, -23.4678, 3.2301, 134.719
4291, 71.50833, 19.7985, -163.407, 22.3707, -110.673, 41.3385, 45.349, 1.50775, -72.516, 1.78819, -23.3964, 3.2251, 134.658
4291, 71.51667, 19.7955, -163.602, 22.3485, -110.592, 41.2653, 45.287, 1.50764, -72.705, 1.78663, -23.3248, 3.22012, 134.597
4292, 71.52500, 19.7924, -163.797, 22.3267, -110.51, 41.1922, 45.2252, 1.50753, -72.894, 1.78511, -23.2528, 3.21514, 134.536
4292, 71.53333, 19.7893, -163.992, 22.3054, -110.428, 41.1193, 45.1637, 1.50741, -73.083, 1.78361, -23.1806, 3.21017, 134.475
4293, 71.54166, 19.7862, -164.187, 22.2845, -110.346, 41.0465, 45.1023, 1.5073, -73.272, 1.78215, -23.1081, 3.20521, 134.415
4293, 71.55000, 19.7831, -164.382, 22.2639, -110.264, 40.9739, 45.0412, 1.50718, -73.4611, 1.78071, -23.0354, 3.20026, 134.355
4294, 71.55833, 19.78, -164.578, 22.2438, -110.182, 40.9015, 44.9804, 1.50706, -73.6503, 1.77931, -22.9624, 3.19533, 134.295
4294, 71.56667, 19.7768, -164.773, 22.2242, -110.099, 40.8292, 44.9197, 1.50694, -73.8395, 1.77793, -22.8892, 3.1904, 134.235
4295, 71.57500, 19.7736, -164.968, 22.2049, -110.017, 40.7571, 44.8593, 1.50681, -74.0287, 1.77659, -22.8158, 3.18548, 134.176
4295, 71.58334, 19.7704, -165.164, 22.1861, -109.934, 40.6851, 44.7992, 1.50668, -74.218, 1.77528, -22.7422, 3.18058, 134.117
4295, 71.59167, 19.7672, -165.359, 22.1676, -109.851, 40.6133, 44.7392, 1.50655, -74.4074, 1.774, -22.6684, 3.17568, 134.058
4296, 71.60000, 19.764, -165.554, 22.1496, -109.768, 40.5416, 44.6795, 1.50642, -74.5967, 1.77275, -22.5943, 3.17079, 133.999
4297, 71.60833, 19.7607, -165.75, 22.132, -109.684, 40.4701, 44.62, 1.50629, -74.7862, 1.77152, -22.5201, 3.16591, 133.94
4297, 71.61667, 19.7574, -165.946, 22.1149, -109.601, 40.3988, 44.5607, 1.50616, -74.9757, 1.77033, -22.4457, 3.16105, 133.882
4298, 71.62500, 19.754, -166.141, 22.0981, -109.517, 40.3276, 44.5017, 1.50602, -75.1652, 1.76917, -22.3712, 3.15619, 133.824
4298, 71.63333, 19.7507, -166.337, 22.0818, -109.434, 40.2565, 44.4428, 1.50588, -75.3548, 1.76805, -22.2965, 3.15134, 133.766
4299, 71.64167, 19.7473, -166.533, 22.0658, -109.35, 40.1857, 44.3842, 1.50574, -75.5445, 1.76695, -22.2216, 3.1465, 133.709
4299, 71.65000, 19.7439, -166.729, 22.0503, -109.266, 40.1149, 44.3259, 1.50559, -75.7342, 1.76588, -22.1466, 3.14167, 133.651
4300, 71.65833, 19.7405, -166.924, 22.0352, -109.182, 40.0443, 44.2677, 1.50544, -75.924, 1.76484, -22.0715, 3.13686, 133.594
4300, 71.66666, 19.737, -167.12, 22.0205, -109.099, 39.9739, 44.2098, 1.5053, -76.1138, 1.76383, -21.9962, 3.13205, 133.537
4301, 71.67500, 19.7335, -167.316, 22.0062, -109.015, 39.9036, 44.1521, 1.50514, -76.3037, 1.76286, -21.9208, 3.12725, 133.48
4301, 71.68333, 19.73, -167.512, 21.9924, -108.931, 39.8335, 44.0946, 1.50499, -76.4936, 1.76191, -21.8454, 3.12246, 133.424
4302, 71.69167, 19.7264, -167.709, 21.9789, -108.847, 39.7635, 44.0374, 1.50483, -76.6836, 1.761, -21.7698, 3.11768, 133.368
4302, 71.70000, 19.7229, -167.905, 21.9658, -108.763, 39.6937, 43.9804, 1.50467, -76.8737, 1.76011, -21.6941, 3.11291, 133.312
4303, 71.70834, 19.7192, -168.101, 21.9532, -108.679, 39.624, 43.9236, 1.50451, -77.0638, 1.75925, -21.6184, 3.10815, 133.256
4303, 71.71667, 19.7156, -168.297, 21.941, -108.595, 39.5545, 43.867, 1.50435, -77.254, 1.75843, -21.5426, 3.1034, 133.2
4303, 71.72500, 19.7119, -168.494, 21.9291, -108.511, 39.4851, 43.8106, 1.50418, -77.4443, 1.75764, -21.4668, 3.09866, 133.145
4304, 71.73333, 19.7082, -168.69, 21.9177, -108.427, 39.4159, 43.7545, 1.50401, -77.6346, 1.75687, -21.3909, 3.09392, 133.09
4305, 71.74167, 19.7045, -168.887, 21.9067, -108.343, 39.3468, 43.6986, 1.50384, -77.825, 1.75614, -21.3149, 3.0892, 133.035
4305, 71.75000, 19.7007, -169.083, 21.8961, -108.259, 39.2778, 43.6429, 1.50367, -78.0154, 1.75543, -21.239, 3.08449, 132.98
4306, 71.75833, 19.697, -169.28, 21.8859, -108.175, 39.209, 43.5874, 1.50349, -78.206, 1.75476, -21.163, 3.07979, 132.926
4306, 71.76667, 19.6931, -169.477, 21.876, -108.092, 39.1404, 43.5321, 1.50331, -78.3966, 1.75412, -21.087, 3.07509, 132.871
4307, 71.77500, 19.6893, -169.674, 21.8666, -108.008, 39.0719, 43.4771, 1.50312, -78.5872, 1.7535, -21.011, 3.07041, 132.817
4307, 71.78333, 19.6854, -169.87, 21.8576, -107.924, 39.0036, 43.4223, 1.50294, -78.7779, 1.75292, -20.9351, 3.06573, 132.764
4308, 71.79166, 19.6814, -170.067, 21.849, -107.841, 38.9353, 43.3677, 1.50275, -78.9688, 1.75236, -20.8591, 3.06107, 132.71
4308, 71.80000, 19.6775, -170.264, 21.8408, -107.758, 38.8673, 43.3133, 1.50256, -79.1596, 1.75184, -20.7832, 3.05641, 132.657
4309, 71.80833, 19.6735, -170.461, 21.833, -107.674, 38.7994, 43.2592, 1.50236, -79.3506, 1.75135, -20.7073, 3.05176, 132.603
4309, 71.81667, 19.6694, -170.659, 21.8255, -107.591, 38.7316, 43.2052, 1.50216, -79.5416, 1.75088, -20.6315, 3.04713, 132.551
4310, 71.82500, 19.6654, -170.856, 21.8185, -107.508, 38.664, 43.1515, 1.50196, -79.7327, 1.75045, -20.5557, 3.0425, 132.498
4310, 71.83334, 19.6612, -171.053, 21.8119, -107.426, 38.5965, 43.098, 1.50176, -79.9238, 1.75004, -20.48, 3.03788, 132.445
4311, 71.84167, 19.6571, -171.251, 21.8056, -107.343, 38.5291, 43.0448, 1.50155, -80.1151, 1.74967, -20.4044, 3.03327, 132.393
4311, 71.85000, 19.6529, -171.448, 21.7997, -107.26, 38.4619, 42.9917, 1.50134, -80.3064, 1.74932, -20.3288, 3.02867, 132.341
4311, 71.85833, 19.6487, -171.646, 21.7943, -107.178, 38.3949, 42.9389, 1.50113, -80.4978, 1.74901, -20.2534, 3.02408, 132.289
4312, 71.86667, 19.6444, -171.843, 21.7892, -107.096, 38.328, 42.8862, 1.50091, -80.6893, 1.74872, -20.178, 3.01949, 132.238
4313, 71.87500, 19.6401, -172.041, 21.7845, -107.014, 38.2612, 42.8338, 1.50069, -80.8808, 1.74846, -20.1028, 3.01492, 132.186
4313, 71.88333, 19.6358, -172.239, 21.7802, -106.933, 38.1946, 42.7817, 1.50047, -81.0724, 1.74823, -20.0277, 3.01036, 132.135
4314, 71.89167, 19.6314, -172.437, 21.7762, -106.851, 38.1281, 42.7297, 1.50024, -81.2641, 1.74803, -19.9528, 3.0058, 132.084
4314, 71.90000, 19.627, -172.635, 21.7727, -106.77, 38.0618, 42.6779, 1.50001, -81.4559, 1.74786, -19.8779, 3.00126, 132.034
4315, 71.90833, 19.6225, -172.833, 21.7695, -106.689, 37.9955, 42.6264, 1.49977, -81.6477, 1.74772, -19.8033, 2.99672, 131.983
4315, 71.91666, 19.618, -173.031, 21.7667, -106.608, 37.9295, 42.5751, 1.49954, -81.8397, 1.74761, -19.7288, 2.99219, 131.933
4316, 71.92500, 19.6134, -173.229, 21.7643, -106.528, 37.8636, 42.524, 1.49929, -82.0317, 1.74753, -19.6545, 2.98767, 131.883
4316, 71.93333, 19.6089, -173.427, 21.7622, -106.448, 37.7978, 42.4731, 1.49905, -82.2238, 1.74747, -19.5803, 2.98316, 131.833
4316, 71.94167, 19.6042, -173.626, 21.7606, -106.368, 37.7321, 42.4225, 1.4988, -82.4159, 1.74745, -19.5064, 2.97866, 131.783
4317, 71.95000, 19.5995, -173.824, 21.7593, -106.288, 37.6666, 42.372, 1.49855, -82.6082, 1.74745, -19.4326, 2.97417, 131.734
4318, 71.95834, 19.5948, -174.022, 21.7583, -106.209, 37.6012, 42.3218, 1.49829, -82.8005, 1.74748, -19.3591, 2.96969, 131.685
4318, 71.96667, 19.59, -174.221, 21.7578, -106.13, 37.536, 42.2718, 1.49803, -82.993, 1.74754, -19.2857, 2.96522, 131.636
4319, 71.97500, 19.5852, -174.42, 21.7576, -106.051, 37.4709, 42.222, 1.49777, -83.1854, 1.74763, -19.2126, 2.96075, 131.587
4319, 71.98333, 19.5804, -174.619, 21.7577, -105.973, 37.406, 42.1724, 1.4975, -83.378, 1.74775, -19.1398, 2.9563, 131.539
4319, 71.99167, 19.5754, -174.817, 21.7582, -105.895, 37.3412, 42.123, 1.49723, -83.5707, 1.74789, -19.0672, 2.95185, 131.49
4320, 72.00000, 19.5705, -175.016, 21.7591, -105.818, 37.2765, 42.0739, 1.49696, -83.7634, 1.74806, -18.9948, 2.94741, 131.442
4321, 72.00833, 19.5655, -175.215, 21.7604, -105.74, 37.2119, 42.025, 1.49668, -83.9563, 1.74826, -18.9227, 2.94298, 131.394
4321, 72.01667, 19.5604, -175.414, 21.762, -105.663, 37.1475, 41.9762, 1.4964, -84.1492, 1.74849, -18.8509, 2.93856, 131.347
4322, 72.02500, 19.5553, -175.614, 21.7639, -105.587, 37.0833, 41.9278, 1.49611, -84.3422, 1.74875, -18.7794, 2.93415, 131.299
4322, 72.03333, 19.5502, -175.813, 21.7663, -105.511, 37.0191, 41.8795, 1.49582, -84.5353, 1.74903, -18.7081, 2.92975, 131.252
4323, 72.04166, 19.545, -176.012, 21.7689, -105.435, 36.9551, 41.8314, 1.49552, -84.7285, 1.74934, -18.6372, 2.92535, 131.205
4323, 72.05000, 19.5397, -176.212, 21.7719, -105.36, 36.8913, 41.7836, 1.49523, -84.9217, 1.74968, -18.5665, 2.92097, 131.158
4324, 72.05833, 19.5344, -176.411, 21.7753, -105.285, 36.8275, 41.7359, 1.49492, -85.115, 1.75005, -18.4962, 2.91659, 131.112
4324, 72.06667, 19.5291, -176.611, 21.779, -105.21, 36.7639, 41.6885, 1.49461, -85.3085, 1.75044, -18.4262, 2.91222, 131.066
4324, 72.07500, 19.5237, -176.811, 21.783, -105.136, 36.7005, 41.6413, 1.4943, -85.502, 1.75086, -18.3566, 2.90787, 131.02
4325, 72.08334, 19.5182, -177.01, 21.7874, -105.063, 36.6371, 41.5943, 1.49399, -85.6955, 1.7513, -18.2873, 2.90351, 130.974
4326, 72.09167, 19.5127, -177.21, 21.7922, -104.99, 36.5739, 41.5476, 1.49367, -85.8892, 1.75178, -18.2183, 2.89917, 130.928
4326, 72.10000, 19.5071, -177.41, 21.7972, -104.917, 36.5109, 41.501, 1.49334, -86.083, 1.75228, -18.1497, 2.89484, 130.883
4327, 72.10833, 19.5015, -177.61, 21.8026, -104.845, 36.448, 41.4547, 1.49301, -86.2768, 1.7528, -18.0815, 2.89052, 130.837
4327, 72.11667, 19.4958, -177.811, 21.8084, -104.773, 36.3852, 41.4086, 1.49268, -86.4708, 1.75336, -18.0136, 2.8862, 130.792
4328, 72.12500, 19.4901, -178.011, 21.8144, -104.702, 36.3225, 41.3627, 1.49234, -86.6648, 1.75393, -17.9461, 2.88189, 130.748
4328, 72.13333, 19.4843, -178.211, 21.8208, -104.631, 36.26, 41.317, 1.492, -86.8589, 1.75454, -17.8791, 2.8776, 130.703
4329, 72.14167, 19.4784, -178.412, 21.8275, -104.56, 36.1976, 41.2715, 1.49165, -87.0531, 1.75517, -17.8124, 2.87331, 130.659
4329, 72.15000, 19.4725, -178.612, 21.8346, -104.491, 36.1353, 41.2263, 1.4913, -87.2474, 1.75583, -17.7461, 2.86903, 130.614
4330, 72.15833, 19.4666, -178.813, 21.8419, -104.421, 36.0732, 41.1812, 1.49094, -87.4417, 1.75651, -17.6803, 2.86475, 130.571
4330, 72.16666, 19.4606, -179.013, 21.8496, -104.353, 36.0112, 41.1364, 1.49058, -87.6362, 1.75722, -17.6148, 2.86049, 130.527
4331, 72.17500, 19.4545, -179.214, 21.8576, -104.284, 35.9493, 41.0918, 1.49021, -87.8307, 1.75795, -17.5498, 2.85623, 130.483
4331, 72.18333, 19.4483, -179.415, 21.8659, -104.217, 35.8876, 41.0474, 1.48984, -88.0253, 1.75871, -17.4853, 2.85199, 130.44
4332, 72.19167, 19.4422, -179.616, 21.8745, -104.15, 35.826, 41.0033, 1.48946, -88.22, 1.75949, -17.4212, 2.84775, 130.397
4332, 72.20000, 19.4359, -179.817, 21.8834, -104.083, 35.7645, 40.9593, 1.48908, -88.4148, 1.7603, -17.3575, 2.84352, 130.354
4332, 72.20834, 19.4296, 179.982, 21.8927, -104.017, 35.7032, 40.9156, 1.48869, -88.6097, 1.76113, -17.2943, 2.8393, 130.312
4333, 72.21667, 19.4232, 179.781, 21.9022, -103.951, 35.642, 40.8721, 1.4883, -88.8046, 1.76199, -17.2316, 2.83509, 130.269
4334, 72.22500, 19.4168, 179.58, 21.912, -103.887, 35.5809, 40.8288, 1.48791, -88.9997, 1.76287, -17.1693, 2.83088, 130.227
4334, 72.23333, 19.4102, 179.378, 21.9222, -103.822, 35.52, 40.7857, 1.4875, -89.1948, 1.76377, -17.1076, 2.82669, 130.185
4335, 72.24167, 19.4037, 179.177, 21.9326, -103.758, 35.4591, 40.7428, 1.4871, -89.39, 1.7647, -17.0463, 2.8225, 130.143
4335, 72.25000, 19.3971, 178.975, 21.9433, -103.695, 35.3984, 40.7002, 1.48669, -89.5853, 1.76566, -16.9855, 2.81832, 130.102
4336, 72.25833, 19.3904, 178.774, 21.9544, -103.633, 35.3379, 40.6577, 1.48627, -89.7806, 1.76664, -16.9252, 2.81415, 130.061
4336, 72.26667, 19.3836, 178.572, 21.9657, -103.571, 35.2774, 40.6155, 1.48585, -89.9761, 1.76764, -16.8655, 2.80999, 130.02
4337, 72.27500, 19.3768, 178.37, 21.9773, -103.509, 35.2171, 40.5735, 1.48542, -90.1716, 1.76866, -16.8062, 2.80584, 129.979
4337, 72.28333, 19.3699, 178.168, 21.9891, -103.449, 35.157, 40.5317, 1.48499, -90.3672, 1.76971, -16.7475, 2.80169, 129.938
4338, 72.29166, 19.3629, 177.966, 22.0013, -103.389, 35.0969, 40.4902, 1.48455, -90.5629, 1.77078, -16.6893, 2.79756, 129.898
4338, 72.30000, 19.3559, 177.764, 22.0137, -103.329, 35.037, 40.4488, 1.4841, -90.7587, 1.77187, -16.6317, 2.79343, 129.858
4339, 72.30833, 19.3488, 177.562, 22.0264, -103.27, 34.9772, 40.4077, 1.48366, -90.9546, 1.77299, -16.5745, 2.78931, 129.818
4339, 72.31667, 19.3416, 177.36, 22.0394, -103.212, 34.9176, 40.3668, 1.4832, -91.1505, 1.77413, -16.518, 2.7852, 129.778
4340, 72.32500, 19.3344, 177.158, 22.0527, -103.155, 34.858, 40.3261, 1.48274, -91.3465, 1.77529, -16.462, 2.7811, 129.738
4340, 72.33334, 19.3271, 176.955, 22.0662, -103.098, 34.7986, 40.2856, 1.48227, -91.5426, 1.77647, -16.4065, 2.77701, 129.699
4340, 72.34167, 19.3198, 176.753, 22.08, -103.041, 34.7393, 40.2454, 1.4818, -91.7388, 1.77768, -16.3516, 2.77292, 129.66
4341, 72.35000, 19.3123, 176.551, 22.094, -102.986, 34.6802, 40.2053, 1.48133, -91.935, 1.7789, -16.2973, 2.76884, 129.621
4342, 72.35833, 19.3048, 176.348, 22.1084, -102.931, 34.6212, 40.1655, 1.48084, -92.1314, 1.78015, -16.2436, 2.76478, 129.582
4342, 72.36667, 19.2972, 176.145, 22.1229, -102.877, 34.5623, 40.1259, 1.48035, -92.3278, 1.78142, -16.1904, 2.76072, 129.544
4343, 72.37500, 19.2896, 175.943, 22.1377, -102.823, 34.5035, 40.0865, 1.47986, -92.5242, 1.78271, -16.1379, 2.75666, 129.506
4343, 72.38333, 19.2819, 175.74, 22.1528, -102.77, 34.4449, 40.0474, 1.47936, -92.7208, 1.78403, -16.0859, 2.75262, 129.468
4344, 72.39167, 19.2741, 175.537, 22.1681, -102.718, 34.3864, 40.0084, 1.47885, -92.9174, 1.78536, -16.0345, 2.74859, 129.43
4344, 72.40000, 19.2662, 175.334, 22.1837, -102.666, 34.328, 39.9697, 1.47834, -93.1141, 1.78671, -15.9838, 2.74456, 129.393
4345, 72.40833, 19.2583, 175.131, 22.1995, -102.616, 34.2698, 39.9312, 1.47782, -93.3109, 1.78809, -15.9336, 2.74054, 129.355
4345, 72.41666, 19.2502, 174.928, 22.2155, -102.565, 34.2116, 39.8929, 1.4773, -93.5078, 1.78948, -15.8841, 2.73653, 129.318
4346, 72.42500, 19.2422, 174.725, 22.2318, -102.516, 34.1536, 39.8548, 1.47677, -93.7047, 1.7909, -15.8351, 2.73253, 129.281
4346, 72.43333, 19.234, 174.521, 22.2483, -102.467, 34.0958, 39.817, 1.47624, -93.9017, 1.79233, -15.7868, 2.72854, 129.245
4347, 72.44167, 19.2257, 174.318, 22.265, -102.419, 34.038, 39.7793, 1.47569, -94.0988, 1.79378, -15.7392, 2.72455, 129.208
4347, 72.45000, 19.2174, 174.115, 22.282, -102.372, 33.9804, 39.7419, 1.47515, -94.2959, 1.79526, -15.6921, 2.72058, 129.172
4348, 72.45834, 19.209, 173.911, 22.2992, -102.325, 33.9229, 39.7047, 1.47459, -94.4931, 1.79675, -15.6457, 2.71661, 129.136
4348, 72.46667, 19.2006, 173.707, 22.3166, -102.28, 33.8655, 39.6678, 1.47403, -94.6904, 1.79826, -15.6, 2.71265, 129.1
4348, 72.47500, 19.192, 173.504, 22.3342, -102.234, 33.8083, 39.631, 1.47346, -94.8877, 1.79979, -15.5548, 2.7087, 129.065
4349, 72.48333, 19.1834, 173.3, 22.3521, -102.19, 33.7512, 39.5945, 1.47289, -95.0851, 1.80134, -15.5104, 2.70476, 129.029
4350, 72.49167, 19.1747, 173.096, 22.3702, -102.146, 33.6942, 39.5582, 1.47231, -95.2826, 1.80291, -15.4666, 2.70083, 128.994
4350, 72.50000, 19.1659, 172.893, 22.3884, -102.103, 33.6373, 39.5221, 1.47173, -95.4801, 1.80449, -15.4234, 2.6969, 128.959
4351, 72.50833, 19.1571, 172.689, 22.4069, -102.061, 33.5806, 39.4862, 1.47113, -95.6777, 1.80609, -15.3809, 2.69298, 128.925
4351, 72.51667, 19.1481, 172.485, 22.4256, -102.02, 33.524, 39.4506, 1.47054, -95.8754, 1.80771, -15.339, 2.68908, 128.89
4352, 72.52500, 19.1391, 172.281, 22.4445, -101.979, 33.4675, 39.4151, 1.46993, -96.0731, 1.80935, -15.2979, 2.68518, 128.856
4352, 72.53333, 19.13, 172.077, 22.4635, -101.939, 33.4111, 39.3799, 1.46932, -96.2709, 1.81101, -15.2574, 2.68129, 128.822
4353, 72.54166, 19.1208, 171.873, 22.4828, -101.9, 33.3549, 39.345, 1.4687, -96.4687, 1.81268, -15.2175, 2.6774, 128.788
4353, 72.55000, 19.1116, 171.668, 22.5023, -101.861, 33.2988, 39.3102, 1.46808, -96.6666, 1.81437, -15.1784, 2.67353, 128.755
4354, 72.55833, 19.1022, 171.464, 22.5219, -101.823, 33.2428, 39.2756, 1.46745, -96.8646, 1.81608, -15.1399, 2.66966, 128.721
4354, 72.56667, 19.0928, 171.26, 22.5418, -101.786, 33.187, 39.2413, 1.46681, -97.0626, 1.8178, -15.1021, 2.6658, 128.688
4355, 72.57500, 19.0833, 171.056, 22.5618, -101.75, 33.1312, 39.2072, 1.46617, -97.2606, 1.81954, -15.065, 2.66195, 128.655
4355, 72.58334, 19.0737, 170.851, 22.582, -101.715, 33.0757, 39.1733, 1.46551, -97.4588, 1.82129, -15.0286, 2.65811, 128.623
4356, 72.59167, 19.064, 170.647, 22.6024, -101.68, 33.0202, 39.1397, 1.46486, -97.6569, 1.82306, -14.9928, 2.65428, 128.59
4356, 72.60000, 19.0543, 170.442, 22.6229, -101.646, 32.9648, 39.1063, 1.46419, -97.8552, 1.82485, -14.9578, 2.65046, 128.558
4356, 72.60833, 19.0444, 170.238, 22.6436, -101.613, 32.9096, 39.073, 1.46352, -98.0534, 1.82665, -14.9235, 2.64664, 128.526
4357, 72.61667, 19.0345, 170.033, 22.6645, -101.58, 32.8545, 39.04, 1.46284, -98.2518, 1.82847, -14.8898, 2.64283, 128.494
4358, 72.62500, 19.0245, 169.828, 22.6855, -101.549, 32.7995, 39.0073, 1.46216, -98.4501, 1.8303, -14.8569, 2.63904, 128.463
4358, 72.63333, 19.0144, 169.624, 22.7067, -101.518, 32.7447, 38.9747, 1.46147, -98.6485, 1.83215, -14.8246, 2.63525, 128.431
4359, 72.64167, 19.0042, 169.419, 22.7281, -101.488, 32.69, 38.9424, 1.46077, -98.847, 1.83401, -14.7931, 2.63147, 128.4
4359, 72.65000, 18.9939, 169.214, 22.7496, -101.458, 32.6354, 38.9103, 1.46006, -99.0455, 1.83588, -14.7622, 2.62769, 128.369
4360, 72.65833, 18.9836, 169.009, 22.7713, -101.43, 32.5809, 38.8784, 1.45935, -99.2441, 1.83777, -14.7321, 2.62393, 128.339
4360, 72.66666, 18.9731, 168.804, 22.7931, -101.402, 32.5266, 38.8468, 1.45863, -99.4427, 1.83967, -14.7027, 2.62017, 128.308
4361, 72.67500, 18.9626, 168.599, 22.8151, -101.375, 32.4724, 38.8153, 1.45791, -99.6413, 1.84159, -14.6739, 2.61643, 128.278
4361, 72.68333, 18.952, 168.394, 22.8372, -101.349, 32.4183, 38.7841, 1.45717, -99.84, 1.84352, -14.6459, 2.61269, 128.248
4362, 72.69167, 18.9413, 168.189, 22.8594, -101.323, 32.3643, 38.7531, 1.45643, -100.039, 1.84546, -14.6186, 2.60896, 128.218
4362, 72.70000, 18.9305, 167.984, 22.8818, -101.298, 32.3105, 38.7223, 1.45569, -100.237, 1.84741, -14.592, 2.60524, 128.189
4363, 72.70834, 18.9196, 167.779, 22.9043, -101.274, 32.2568, 38.6918, 1.45493, -100.436, 1.84938, -14.5662, 2.60152, 128.16
4363, 72.71667, 18.9086, 167.574, 22.927, -101.251, 32.2032, 38.6615, 1.45417, -100.635, 1.85136, -14.541, 2.59782, 128.131
4364, 72.72500, 18.8976, 167.369, 22.9497, -101.229, 32.1497, 38.6314, 1.4534, -100.834, 1.85335, -14.5166, 2.59412, 128.102
4364, 72.73333, 18.8864, 167.164, 22.9726, -101.207, 32.0964, 38.6015, 1.45263, -101.033, 1.85536, -14.4928, 2.59044, 128.073
4364, 72.74167, 18.8752, 166.959, 22.9957, -101.186, 32.0432, 38.5718, 1.45184, -101.232, 1.85737, -14.4698, 2.58676, 128.045
4365, 72.75000, 18.8639, 166.753, 23.0188, -101.166, 31.9901, 38.5424, 1.45105, -101.431, 1.8594, -14.4475, 2.58309, 128.016
4366, 72.75833, 18.8525, 166.548, 23.042, -101.147, 31.9372, 38.5132, 1.45026, -101.63, 1.86144, -14.4259, 2.57943, 127.988
4366, 72.76667, 18.841, 166.343, 23.0654, -101.128, 31.8843, 38.4842, 1.44945, -101.829, 1.86349, -14.4051, 2.57577, 127.961
4367, 72.77500, 18.8294, 166.138, 23.0888, -101.11, 31.8317, 38.4555, 1.44864, -102.028, 1.86555, -14.3849, 2.57213, 127.933
4367, 72.78333, 18.8177, 165.932, 23.1124, -101.093, 31.7791, 38.4269, 1.44782, -102.227, 1.86762, -14.3655, 2.56849, 127.906
4368, 72.79166, 18.8059, 165.727, 23.1361, -101.077, 31.7266, 38.3986, 1.447, -102.426, 1.8697, -14.3468, 2.56487, 127.879
4368, 72.80000, 18.794, 165.522, 23.1599, -101.061, 31.6743, 38.3705, 1.44616, -102.625, 1.87179, -14.3288, 2.56125, 127.852
4369, 72.80833, 18.7821, 165.316, 23.1837, -101.047, 31.6221, 38.3426, 1.44532, -102.824, 1.87389, -14.3115, 2.55764, 127.825
4369, 72.81667, 18.77, 165.111, 23.2077, -101.033, 31.5701, 38.315, 1.44447, -103.023, 1.876, -14.295, 2.55404, 127.799
4370, 72.82500, 18.7579, 164.905, 23.2317, -101.02, 31.5181, 38.2876, 1.44362, -103.222, 1.87812, -14.2792, 2.55045, 127.773
4370, 72.83334, 18.7457, 164.7, 23.2559, -101.007, 31.4663, 38.2604, 1.44275, -103.421, 1.88025, -14.264, 2.54686, 127.747
4371, 72.84167, 18.7333, 164.494, 23.2801, -100.995, 31.4146, 38.2334, 1.44188, -103.62, 1.88239, -14.2496, 2.54329, 127.721
4371, 72.85000, 18.7209, 164.289, 23.3044, -100.984, 31.3631, 38.2066, 1.44101, -103.819, 1.88453, -14.236, 2.53972, 127.696
4372, 72.85833, 18.7084, 164.084, 23.3287, -100.974, 31.3117, 38.1801, 1.44012, -104.018, 1.88669, -14.223, 2.53617, 127.67
4372, 72.86667, 18.6958, 163.878, 23.3532, -100.965, 31.2604, 38.1538, 1.43923, -104.218, 1.88885, -14.2107, 2.53262, 127.645
4372, 72.87500, 18.6831, 163.673, 23.3777, -100.956, 31.2092, 38.1277, 1.43833, -104.417, 1.89102, -14.1992, 2.52908, 127.62
4373, 72.88333, 18.6703, 163.467, 23.4023, -100.948, 31.1581, 38.1018, 1.43742, -104.616, 1.8932, -14.1884, 2.52555, 127.596
4374, 72.89167, 18.6574, 163.262, 23.427, -100.941, 31.1072, 38.0762, 1.4365, -104.815, 1.89539, -14.1782, 2.52203, 127.571
4374, 72.90000, 18.6444, 163.056, 23.4517, -100.935, 31.0564, 38.0508, 1.43558, -105.014, 1.89758, -14.1688, 2.51852, 127.547
4375, 72.90833, 18.6314, 162.851, 23.4765, -100.929, 31.0058, 38.0256, 1.43465, -105.213, 1.89978, -14.1601, 2.51501, 127.523
4375, 72.91666, 18.6182, 162.645, 23.5013, -100.924, 30.9552, 38.0006, 1.43371, -105.412, 1.90199, -14.1521, 2.51152, 127.5
4376, 72.92500, 18.6049, 162.44, 23.5262, -100.92, 30.9048, 37.9758, 1.43277, -105.611, 1.9042, -14.1448, 2.50803, 127.476
4376, 72.93333, 18.5916, 162.235, 23.5511, -100.916, 30.8546, 37.9513, 1.43182, -105.811, 1.90642, -14.1383, 2.50455, 127.453
4377, 72.94167, 18.5782, 162.029, 23.5761, -100.914, 30.8044, 37.927, 1.43086, -106.01, 1.90865, -14.1324, 2.50108, 127.43
4377, 72.95000, 18.5646, 161.824, 23.6011, -100.912, 30.7544, 37.9029, 1.42989, -106.209, 1.91088, -14.1272, 2.49763, 127.407
4378, 72.95834, 18.551, 161.618, 23.6262, -100.911, 30.7045, 37.879, 1.42891, -106.408, 1.91312, -14.1227, 2.49417, 127.384
4378, 72.96667, 18.5373, 161.413, 23.6513, -100.91, 30.6547, 37.8554, 1.42793, -106.607, 1.91536, -14.1189, 2.49073, 127.362
4379, 72.97500, 18.5234, 161.208, 23.6765, -100.91, 30.6051, 37.8319, 1.42694, -106.806, 1.91761, -14.1159, 2.4873, 127.34
4379, 72.98333, 18.5095, 161.002, 23.7017, -100.911, 30.5556, 37.8087, 1.42594, -107.005, 1.91986, -14.1135, 2.48388, 127.318
4380, 72.99167, 18.4955, 160.797, 23.7269, -100.913, 30.5062, 37.7858, 1.42494, -107.204, 1.92212, -14.1118, 2.48046, 127.296
4380, 73.00000, 18.4814, 160.592, 23.7521, -100.915, 30.4569, 37.763, 1.42393, -107.403, 1.92438, -14.1108, 2.47706, 127.275
4380, 73.00833, 18.4672, 160.387, 23.7774, -100.919, 30.4078, 37.7404, 1.42291, -107.602, 1.92665, -14.1105, 2.47366, 127.253
4381, 73.01667, 18.4529, 160.181, 23.8027, -100.922, 30.3588, 37.7181, 1.42188, -107.801, 1.92892, -14.1108, 2.47027, 127.232
4382, 73.02500, 18.4385, 159.976, 23.828, -100.927, 30.31, 37.696, 1.42084, -107.999, 1.9312, -14.1119, 2.46689, 127.211
4382, 73.03333, 18.4241, 159.771, 23.8533, -100.932, 30.2612, 37.6741, 1.4198, -108.198, 1.93348, -14.1136, 2.46353, 127.191
4383, 73.04166, 18.4095, 159.566, 23.8786, -100.938, 30.2126, 37.6525, 1.41875, -108.397, 1.93576, -14.116, 2.46017, 127.17
4383, 73.05000, 18.3948, 159.361, 23.904, -100.945, 30.1642, 37.631, 1.41769, -108.596, 1.93804, -14.1191, 2.45681, 127.15
4384, 73.05833, 18.3801, 159.156, 23.9293, -100.952, 30.1158, 37.6098, 1.41663, -108.795, 1.94033, -14.1229, 2.45347, 127.13
4384, 73.06667, 18.3652, 158.951, 23.9547, -100.96, 30.0676, 37.5888, 1.41555, -108.993, 1.94262, -14.1273, 2.45014, 127.11
4385, 73.07500, 18.3502, 158.746, 23.9801, -100.969, 30.0195, 37.568, 1.41447, -109.192, 1.94492, -14.1324, 2.44682, 127.091
4385, 73.08334, 18.3352, 158.541, 24.0054, -100.978, 29.9716, 37.5474, 1.41338, -109.39, 1.94721, -14.1382, 2.4435, 127.071
4386, 73.09167, 18.3201, 158.336, 24.0308, -100.989, 29.9237, 37.5271, 1.41229, -109.589, 1.94951, -14.1446, 2.44019, 127.052
4386, 73.10000, 18.3048, 158.131, 24.0562, -100.999, 29.876, 37.507, 1.41118, -109.787, 1.95181, -14.1517, 2.4369, 127.033
4387, 73.10833, 18.2895, 157.927, 24.0815, -101.011, 29.8285, 37.487, 1.41007, -109.986, 1.95412, -14.1595, 2.43361, 127.015
4387, 73.11667, 18.2741, 157.722, 24.1069, -101.023, 29.781, 37.4673, 1.40895, -110.184, 1.95642, -14.1679, 2.43033, 126.996
4388, 73.12500, 18.2586, 157.517, 24.1322, -101.036, 29.7337, 37.4479, 1.40783, -110.383, 1.95872, -14.177, 2.42706, 126.978
4388, 73.13333, 18.243, 157.313, 24.1575, -101.049, 29.6866, 37.4286, 1.4067, -110.581, 1.96103, -14.1867, 2.42381, 126.96
4388, 73.14167, 18.2273, 157.108, 24.1828, -101.064, 29.6395, 37.4095, 1.40555, -110.779, 1.96334, -14.197, 2.42056, 126.942
4389, 73.15000, 18.2115, 156.904, 24.2081, -101.078, 29.5926, 37.3907, 1.40441, -110.977, 1.96565, -14.208, 2.41731, 126.925
4390, 73.15833, 18.1956, 156.699, 24.2333, -101.094, 29.5458, 37.3721, 1.40325, -111.175, 1.96795, -14.2197, 2.41408, 126.907
4390, 73.16666, 18.1796, 156.495, 24.2586, -101.11, 29.4992, 37.3537, 1.40209, -111.373, 1.97026, -14.2319, 2.41086, 126.89
4391, 73.17500, 18.1635, 156.291, 24.2838, -101.127, 29.4527, 37.3355, 1.40092, -111.571, 1.97257, -14.2448, 2.40765, 126.873
4391, 73.18333, 18.1474, 156.086, 24.3089, -101.144, 29.4063, 37.3175, 1.39974, -111.769, 1.97488, -14.2584, 2.40444, 126.856
4392, 73.19167, 18.1311, 155.882, 24.3341, -101.162, 29.36, 37.2997, 1.39855, -111.967, 1.97719, -14.2726, 2.40125, 126.84
4392, 73.20000, 18.1148, 155.678, 24.3592, -101.181, 29.3139, 37.2822, 1.39736, -112.165, 1.9795, -14.2873, 2.39806, 126.823
4393, 73.20834, 18.0983, 155.474, 24.3842, -101.2, 29.2679, 37.2648, 1.39616, -112.362, 1.9818, -14.3027, 2.39489, 126.807
4393, 73.21667, 18.0818, 155.27, 24.4093, -101.22, 29.222, 37.2477, 1.39495, -112.56, 1.98411, -14.3188, 2.39172, 126.791
4394, 73.22500, 18.0652, 155.067, 24.4342, -101.241, 29.1763, 37.2308, 1.39374, -112.757, 1.98641, -14.3354, 2.38856, 126.776
4394, 73.23333, 18.0485, 154.863, 24.4592, -101.262, 29.1307, 37.2141, 1.39252, -112.955, 1.98872, -14.3526, 2.38542, 126.76
4395, 73.24167, 18.0317, 154.659, 24.4841, -101.284, 29.0852, 37.1976, 1.39129, -113.152, 1.99102, -14.3705, 2.38228, 126.745
4395, 73.25000, 18.0148, 154.456, 24.5089, -101.307, 29.0399, 37.1813, 1.39005, -113.349, 1.99332, -14.3889, 2.37915, 126.73
4396, 73.25833, 17.9978, 154.252, 24.5337, -101.33, 28.9947, 37.1652, 1.3888, -113.546, 1.99562, -14.408, 2.37603, 126.715
4396, 73.26667, 17.9807, 154.049, 24.5584, -101.353, 28.9496, 37.1494, 1.38755, -113.743, 1.99792, -14.4276, 2.37292, 126.7
4396, 73.27500, 17.9635, 153.846, 24.5831, -101.378, 28.9047, 37.1337, 1.38629, -113.94, 2.00021, -14.4479, 2.36982, 126.686
4397, 73.28333, 17.9463, 153.643, 24.6077, -101.402, 28.8599, 37.1183, 1.38503, -114.137, 2.0025, -14.4687, 2.36673, 126.672
4398, 73.29166, 17.9289, 153.44, 24.6323, -101.428, 28.8152, 37.103, 1.38376, -114.334, 2.00479, -14.4901, 2.36365, 126.658
4398, 73.30000, 17.9115, 153.237, 24.6568, -101.454, 28.7706, 37.088, 1.38248, -114.531, 2.00708, -14.5121, 2.36058, 126.644
4399, 73.30833, 17.894, 153.034, 24.6812, -101.481, 28.7262, 37.0731, 1.38119, -114.727, 2.00936, -14.5346, 2.35751, 126.63
4399, 73.31667, 17.8764, 152.831, 24.7056, -101.508, 28.6819, 37.0585, 1.37989, -114.924, 2.01164, -14.5577, 2.35446, 126.617
4400, 73.32500, 17.8587, 152.628, 24.7299, -101.536, 28.6378, 37.0441, 1.37859, -115.12, 2.01392, -14.5814, 2.35142, 126.603
4400, 73.33334, 17.8409, 152.426, 24.7541, -101.564, 28.5938, 37.0299, 1.37728, -115.316, 2.01619, -14.6057, 2.34838, 126.59
4401, 73.34167, 17.823, 152.223, 24.7782, -101.593, 28.5499, 37.0159, 1.37597, -115.512, 2.01846, -14.6305, 2.34536, 126.578
4401, 73.35000, 17.8051, 152.021, 24.8023, -101.622, 28.5062, 37.0021, 1.37465, -115.708, 2.02073, -14.6559, 2.34234, 126.565
4402, 73.35833, 17.787, 151.819, 24.8263, -101.652, 28.4625, 36.9885, 1.37332, -115.904, 2.02299, -14.6818, 2.33934, 126.553
4402, 73.36667, 17.7689, 151.617, 24.8502, -101.683, 28.419, 36.9751, 1.37198, -116.1, 2.02525, -14.7082, 2.33634, 126.54
4403, 73.37500, 17.7507, 151.415, 24.8741, -101.714, 28.3757, 36.9619, 1.37064, -116.295, 2.0275, -14.7353, 2.33336, 126.528
4403, 73.38333, 17.7324, 151.213, 24.8978, -101.746, 28.3325, 36.9488, 1.36929, -116.491, 2.02975, -14.7628, 2.33038, 126.517
4404, 73.39167, 17.714, 151.012, 24.9215, -101.778, 28.2894, 36.936, 1.36793, -116.686, 2.032, -14.7909, 2.32741, 126.505
4404, 73.40000, 17.6955, 150.81, 24.9451, -101.811, 28.2464, 36.9234, 1.36657, -116.881, 2.03424, -14.8195, 2.32446, 126.493
4404, 73.40833, 17.6769, 150.609, 24.9685, -101.844, 28.2036, 36.911, 1.3652, -117.077, 2.03647, -14.8486, 2.32151, 126.482
4405, 73.41666, 17.6583, 150.407, 24.9919, -101.878, 28.1609, 36.8988, 1.36382, -117.272, 2.0387, -14.8783, 2.31857, 126.471
4406, 73.42500, 17.6396, 150.206, 25.0153, -101.912, 28.1184, 36.8868, 1.36243, -117.466, 2.04093, -14.9085, 2.31564, 126.46
4406, 73.43333, 17.6207, 150.005, 25.0385, -101.947, 28.0759, 36.875, 1.36104, -117.661, 2.04314, -14.9392, 2.31272, 126.45
4407, 73.44167, 17.6019, 149.804, 25.0616, -101.983, 28.0337, 36.8634, 1.35965, -117.856, 2.04536, -14.9704, 2.30981, 126.439
4407, 73.45000, 17.5829, 149.604, 25.0846, -102.018, 27.9915, 36.852, 1.35824, -118.05, 2.04756, -15.0021, 2.30691, 126.429
4408, 73.45834, 17.5638, 149.403, 25.1075, -102.055, 27.9495, 36.8407, 1.35683, -118.244, 2.04977, -15.0343, 2.30402, 126.419
4408, 73.46667, 17.5447, 149.202, 25.1304, -102.092, 27.9076, 36.8297, 1.35541, -118.439, 2.05196, -15.067, 2.30114, 126.409
4409, 73.47500, 17.5255, 149.002, 25.1531, -102.129, 27.8658, 36.8188, 1.35399, -118.633, 2.05415, -15.1002, 2.29827, 126.399
4409, 73.48333, 17.5062, 148.802, 25.1757, -102.167, 27.8242, 36.8082, 1.35256, -118.826, 2.05633, -15.1338, 2.29541, 126.39
4410, 73.49167, 17.4868, 148.602, 25.1982, -102.205, 27.7827, 36.7977, 1.35112, -119.02, 2.05851, -15.168, 2.29256, 126.38
4410, 73.50000, 17.4673, 148.402, 25.2206, -102.244, 27.7413, 36.7874, 1.34968, -119.214, 2.06068, -15.2026, 2.28972, 126.371
4411, 73.50833, 17.4478, 148.203, 25.2429, -102.283, 27.7001, 36.7774, 1.34823, -119.407, 2.06284, -15.2377, 2.28689, 126.362
4411, 73.51667, 17.4282, 148.003, 25.265, -102.323, 27.659, 36.7675, 1.34677, -119.6, 2.065, -15.2733, 2.28406, 126.354
4412, 73.52500, 17.4085, 147.804, 25.2871, -102.363, 27.6181, 36.7578, 1.34531, -119.793, 2.06715, -15.3094, 2.28125, 126.345
4412, 73.53333, 17.3887, 147.604, 25.3091, -102.404, 27.5772, 36.7482, 1.34384, -119.986, 2.06929, -15.3459, 2.27845, 126.337
4412, 73.54166, 17.3689, 147.405, 25.3309, -102.445, 27.5365, 36.7389, 1.34237, -120.179, 2.07143, -15.3829, 2.27566, 126.328
4413, 73.55000, 17.349, 147.207, 25.3526, -102.487, 27.496, 36.7297, 1.34089, -120.372, 2.07355, -15.4203, 2.27287, 126.32
4414, 73.55833, 17.329, 147.008, 25.3742, -102.529, 27.4555, 36.7208, 1.3394, -120.564, 2.07567, -15.4581, 2.2701, 126.312
4414, 73.56667, 17.3089, 146.809, 25.3957, -102.571, 27.4152, 36.712, 1.33791, -120.756, 2.07778, -15.4964, 2.26733, 126.305
4415, 73.57500, 17.2887, 146.611, 25.4171, -102.614, 27.3751, 36.7034, 1.33641, -120.948, 2.07989, -15.5352, 2.26458, 126.297
4415, 73.58334, 17.2685, 146.413, 25.4383, -102.657, 27.3351, 36.695, 1.33491, -121.14, 2.08198, -15.5744, 2.26184, 126.29
4416, 73.59167, 17.2482, 146.215, 25.4594, -102.701, 27.2952, 36.6867, 1.3334, -121.332, 2.08407, -15.614, 2.2591, 126.283
4416, 73.60000, 17.2279, 146.017, 25.4804, -102.745, 27.2554, 36.6786, 1.33188, -121.523, 2.08615, -15.654, 2.25638, 126.276
4417, 73.60833, 17.2074, 145.819, 25.5012, -102.79, 27.2158, 36.6707, 1.33036, -121.715, 2.08822, -15.6945, 2.25366, 126.269
4417, 73.61667, 17.1869, 145.622, 25.522, -102.835, 27.1762, 36.663, 1.32883, -121.906, 2.09029, -15.7354, 2.25095, 126.262
4418, 73.62500, 17.1663, 145.425, 25.5426, -102.88, 27.1369, 36.6555, 1.32729, -122.097, 2.09234, -15.7767, 2.24826, 126.256
4418, 73.63333, 17.1457, 145.228, 25.5631, -102.926, 27.0976, 36.6481, 1.32575, -122.288, 2.09439, -15.8183, 2.24557, 126.25
4419, 73.64167, 17.125, 145.031, 25.5834, -102.972, 27.0585, 36.641, 1.32421, -122.478, 2.09642, -15.8605, 2.2429, 126.244
4419, 73.65000, 17.1042, 144.834, 25.6036, -103.019, 27.0196, 36.6339, 1.32266, -122.669, 2.09845, -15.903, 2.24023, 126.238
4420, 73.65833, 17.0833, 144.638, 25.6237, -103.066, 26.9807, 36.6271, 1.3211, -122.859, 2.10047, -15.9458, 2.23757, 126.232
4420, 73.66666, 17.0624, 144.441, 25.6436, -103.113, 26.942, 36.6204, 1.31954, -123.049, 2.10248, -15.9891, 2.23492, 126.226
4420, 73.67500, 17.0414, 144.245, 25.6634, -103.161, 26.9034, 36.6139, 1.31797, -123.239, 2.10448, -16.0328, 2.23229, 126.221
4421, 73.68333, 17.0203, 144.049, 25.6831, -103.209, 26.865, 36.6076, 1.3164, -123.428, 2.10647, -16.0768, 2.22966, 126.216
4422, 73.69167, 16.9992, 143.854, 25.7026, -103.258, 26.8267, 36.6014, 1.31482, -123.618, 2.10846, -16.1213, 2.22704, 126.21
4422, 73.70000, 16.978, 143.658, 25.722, -103.307, 26.7885, 36.5955, 1.31324, -123.807, 2.11043, -16.1661, 2.22443, 126.205
4423, 73.70834, 16.9568, 143.463, 25.7413, -103.356, 26.7504, 36.5896, 1.31165, -123.996, 2.11239, -16.2112, 2.22183, 126.201
4423, 73.71667, 16.9354, 143.268, 25.7604, -103.405, 26.7125, 36.584, 1.31005, -124.185, 2.11435, -16.2568, 2.21924, 126.196
4424, 73.72500, 16.9141, 143.073, 25.7793, -103.455, 26.6747, 36.5785, 1.30845, -124.374, 2.11629, -16.3027, 2.21666, 126.192
4424, 73.73333, 16.8926, 142.878, 25.7982, -103.506, 26.6371, 36.5731, 1.30685, -124.562, 2.11823, -16.3489, 2.21409, 126.187
4425, 73.74167, 16.8711, 142.684, 25.8168, -103.556, 26.5995, 36.5679, 1.30524, -124.75, 2.12015, -16.3955, 2.21153, 126.183
4425, 73.75000, 16.8495, 142.49, 25.8354, -103.607, 26.5621, 36.5629, 1.30363, -124.938, 2.12206, -16.4425, 2.20898, 126.179
4426, 73.75833, 16.8279, 142.296, 25.8538, -103.659, 26.5249, 36.5581, 1.30201, -125.126, 2.12397, -16.4898, 2.20644, 126.175
4426, 73.76667, 16.8062, 142.102, 25.872, -103.71, 26.4877, 36.5534, 1.30038, -125.314, 2.12586, -16.5374, 2.20391, 126.172
4427, 73.77500, 16.7845, 141.908, 25.8901, -103.762, 26.4507, 36.5488, 1.29875, -125.501, 2.12775, -16.5853, 2.20139, 126.168
4427, 73.78333, 16.7627, 141.715, 25.9081, -103.814, 26.4139, 36.5445, 1.29712, -125.688, 2.12962, -16.6336, 2.19888, 126.165
4428, 73.79166, 16.7408, 141.522, 25.9259, -103.867, 26.3771, 36.5402, 1.29548, -125.875, 2.13148, -16.6822, 2.19638, 126.161
4428, 73.80000, 16.7189, 141.329, 25.9435, -103.92, 26.3405, 36.5362, 1.29384, -126.062, 2.13334, -16.7312, 2.19388, 126.158
4428, 73.80833, 16.6969, 141.136, 25.961, -103.973, 26.304, 36.5322, 1.29219, -126.248, 2.13518, -16.7804, 2.1914, 126.155
4429, 73.81667, 16.6748, 140.944, 25.9784, -104.027, 26.2677, 36.5285, 1.29054, -126.434, 2.13701, -16.83, 2.18893, 126.153
4430, 73.82500, 16.6528, 140.752, 25.9956, -104.08, 26.2314, 36.5248, 1.28888, -126.62, 2.13883, -16.8798, 2.18646, 126.15
4430, 73.83334, 16.6306, 140.56, 26.0126, -104.135, 26.1953, 36.5214, 1.28722, -126.806, 2.14064, -16.93, 2.18401, 126.148
4431, 73.84167, 16.6084, 140.368, 26.0295, -104.189, 26.1594, 36.5181, 1.28555, -126.991, 2.14244, -16.9805, 2.18156, 126.145
4431, 73.85000, 16.5862, 140.176, 26.0462, -104.244, 26.1235, 36.5149, 1.28388, -127.177, 2.14423, -17.0313, 2.17913, 126.143
4432, 73.85833, 16.5639, 139.985, 26.0628, -104.299, 26.0878, 36.5119, 1.28221, -127.362, 2.14601, -17.0823, 2.1767, 126.141
4432, 73.86667, 16.5415, 139.794, 26.0793, -104.354, 26.0522, 36.509, 1.28053, -127.547, 2.14777, -17.1337, 2.17429, 126.139
4433, 73.87500, 16.5191, 139.603, 26.0955, -104.409, 26.0168, 36.5062, 1.27885, -127.731, 2.14953, -17.1853, 2.17188, 126.137
4433, 73.88333, 16.4966, 139.413, 26.1117, -104.465, 25.9814, 36.5036, 1.27716, -127.915, 2.15127, -17.2372, 2.16948, 126.136
4434, 73.89167, 16.4741, 139.223, 26.1276, -104.521, 25.9462, 36.5012, 1.27547, -128.1, 2.153, -17.2894, 2.1671, 126.134
4434, 73.90000, 16.4516, 139.033, 26.1434, -104.578, 25.9112, 36.4989, 1.27377, -128.283, 2.15473, -17.3418, 2.16472, 126.133
4435, 73.90833, 16.429, 138.843, 26.1591, -104.634, 25.8762, 36.4967, 1.27207, -128.467, 2.15644, -17.3945, 2.16235, 126.131
4435, 73.91666, 16.4063, 138.653, 26.1746, -104.691, 25.8414, 36.4947, 1.27037, -128.65, 2.15814, -17.4475, 2.15999, 126.13
4436, 73.92500, 16.3836, 138.464, 26.1899, -104.748, 25.8067, 36.4928, 1.26866, -128.834, 2.15982, -17.5007, 2.15764, 126.129
4436, 73.93333, 16.3609, 138.275, 26.2051, -104.805, 25.7722, 36.491, 1.26695, -129.016, 2.1615, -17.5542, 2.1553, 126.128
4436, 73.94167, 16.3381, 138.086, 26.2201, -104.863, 25.7377, 36.4894, 1.26524, -129.199, 2.16317, -17.608, 2.15297, 126.128
4437, 73.95000, 16.3153, 137.898, 26.235, -104.921, 25.7034, 36.4879, 1.26352, -129.381, 2.16482, -17.662, 2.15065, 126.127
4438, 73.95834, 16.2924, 137.709, 26.2497, -104.979, 25.6692, 36.4865, 1.2618, -129.563, 2.16646, -17.7162, 2.14834, 126.127
4438, 73.96667, 16.2695, 137.521, 26.2642, -105.037, 25.6352, 36.4853, 1.26007, -129.745, 2.16809, -17.7707, 2.14603, 126.126
4439, 73.97500, 16.2465, 137.333, 26.2786, -105.095, 25.6012, 36.4842, 1.25834, -129.927, 2.16971, -17.8254, 2.14374, 126.126
4439, 73.98333, 16.2235, 137.146, 26.2928, -105.154, 25.5674, 36.4832, 1.25661, -130.108, 2.17132, -17.8803, 2.14146, 126.126
4440, 73.99167, 16.2005, 136.959, 26.3069, -105.213, 25.5337, 36.4824, 1.25488, -130.289, 2.17291, -17.9355, 2.13918, 126.126
4440, 74.00000, 16.1774, 136.772, 26.3208, -105.272, 25.5002, 36.4816, 1.25314, -130.47, 2.17449, -17.9908, 2.13692, 126.126
4441, 74.00833, 16.1543, 136.585, 26.3345, -105.331, 25.4667, 36.481, 1.25139, -130.651, 2.17607, -18.0464, 2.13466, 126.127
4441, 74.01667, 16.1311, 136.399, 26.3481, -105.391, 25.4334, 36.4806, 1.24965, -130.831, 2.17763, -18.1023, 2.13242, 126.127
4441, 74.02500, 16.1079, 136.212, 26.3615, -105.451, 25.4002, 36.4802, 1.2479, -131.011, 2.17917, -18.1583, 2.13018, 126.127
4442, 74.03333, 16.0847, 136.026, 26.3748, -105.511, 25.3672, 36.48, 1.24615, -131.191, 2.18071, -18.2145, 2.12795, 126.128
4443, 74.04166, 16.0614, 135.841, 26.3879, -105.571, 25.3342, 36.4799, 1.24439, -131.37, 2.18224, -18.271, 2.12573, 126.129
4443, 74.05000, 16.0381, 135.655, 26.4008, -105.631, 25.3014, 36.4799, 1.24264, -131.55, 2.18375, -18.3276, 2.12352, 126.13
4444, 74.05833, 16.0148, 135.47, 26.4136, -105.692, 25.2687, 36.48, 1.24088, -131.729, 2.18525, -18.3844, 2.12132, 126.131
4444, 74.06667, 15.9914, 135.286, 26.4262, -105.752, 25.2361, 36.4803, 1.23911, -131.907, 2.18674, -18.4414, 2.11913, 126.132
4444, 74.07500, 15.968, 135.101, 26.4387, -105.813, 25.2037, 36.4806, 1.23735, -132.086, 2.18821, -18.4987, 2.11695, 126.133
4445, 74.08334, 15.9446, 134.917, 26.4509, -105.874, 25.1713, 36.4811, 1.23558, -132.264, 2.18968, -18.5561, 2.11477, 126.134
4446, 74.09167, 15.9211, 134.733, 26.4631, -105.935, 25.1391, 36.4817, 1.23381, -132.442, 2.19113, -18.6136, 2.11261, 126.136
4446, 74.10000, 15.8976, 134.549, 26.475, -105.997, 25.107, 36.4824, 1.23203, -132.619, 2.19257, -18.6714, 2.11046, 126.137
4447, 74.10833, 15.8741, 134.366, 26.4868, -106.058, 25.0751, 36.4832, 1.23026, -132.797, 2.194, -18.7293, 2.10831, 126.139
4447, 74.11667, 15.8506, 134.182, 26.4985, -106.12, 25.0432, 36.4842, 1.22848, -132.974, 2.19542, -18.7874, 2.10617, 126.14
4448, 74.12500, 15.827, 133.999, 26.51, -106.182, 25.0115, 36.4852, 1.2267, -133.151, 2.19682, -18.8457, 2.10405, 126.142
4448, 74.13333, 15.8034, 133.817, 26.5213, -106.244, 24.9799, 36.4863, 1.22491, -133.327, 2.19821, -18.9042, 2.10193, 126.144
4449, 74.14167, 15.7797, 133.635, 26.5324, -106.306, 24.9484, 36.4876, 1.22313, -133.503, 2.19959, -18.9628, 2.09982, 126.146
4449, 74.15000, 15.7561, 133.453, 26.5434, -106.368, 24.917, 36.4889, 1.22134, -133.679, 2.20096, -19.0215, 2.09772, 126.148
4449, 74.15833, 15.7324, 133.271, 26.5543, -106.43, 24.8858, 36.4904, 1.21955, -133.855, 2.20232, -19.0804, 2.09562, 126.151
4450, 74.16666, 15.7086, 133.089, 26.565, -106.493, 24.8546, 36.4919, 1.21775, -134.03, 2.20366, -19.1395, 2.09354, 126.153
4451, 74.17500, 15.6849, 132.908, 26.5755, -106.556, 24.8236, 36.4936, 1.21596, -134.205, 2.20499, -19.1987, 2.09147, 126.155
4451, 74.18333, 15.6611, 132.727, 26.5858, -106.618, 24.7927, 36.4953, 1.21416, -134.38, 2.20631, -19.258, 2.0894, 126.158
4452, 74.19167, 15.6374, 132.547, 26.596, -106.681, 24.762, 36.4972, 1.21236, -134.555, 2.20762, -19.3175, 2.08735, 126.161
4452, 74.20000, 15.6135, 132.366, 26.606, -106.744, 24.7313, 36.4992, 1.21056, -134.729, 2.20892, -19.3771, 2.0853, 126.163
4453, 74.20834, 15.5897, 132.186, 26.6159, -106.808, 24.7008, 36.5012, 1.20876, -134.903, 2.2102, -19.4369, 2.08326, 126.166
4453, 74.21667, 15.5659, 132.007, 26.6256, -106.871, 24.6703, 36.5034, 1.20695, -135.077, 2.21147, -19.4968, 2.08123, 126.169
4454, 74.22500, 15.542, 131.827, 26.6352, -106.934, 24.64, 36.5056, 1.20515, -135.25, 2.21273, -19.5568, 2.07921, 126.172
4454, 74.23333, 15.5181, 131.648, 26.6446, -106.998, 24.6098, 36.5079, 1.20334, -135.423, 2.21398, -19.617, 2.07719, 126.175
4455, 74.24167, 15.4942, 131.469, 26.6538, -107.062, 24.5797, 36.5104, 1.20153, -135.596, 2.21522, -19.6772, 2.07519, 126.178
4455, 74.25000, 15.4703, 131.291, 26.6629, -107.125, 24.5498, 36.5129, 1.19972, -135.768, 2.21644, -19.7376, 2.0732, 126.181
4456, 74.25833, 15.4463, 131.112, 26.6718, -107.189, 24.5199, 36.5155, 1.19791, -135.941, 2.21765, -19.7981, 2.07121, 126.185
4456, 74.26667, 15.4224, 130.934, 26.6806, -107.253, 24.4902, 36.5182, 1.19609, -136.113, 2.21885, -19.8587, 2.06923, 126.188
4457, 74.27500, 15.3984, 130.757, 26.6892, -107.317, 24.4605, 36.521, 1.19428, -136.284, 2.22004, -19.9194, 2.06726, 126.192
4457, 74.28333, 15.3744, 130.579, 26.6976, -107.381, 24.431, 36.5238, 1.19246, -136.456, 2.22121, -19.9803, 2.0653, 126.195
4457, 74.29166, 15.3504, 130.402, 26.7059, -107.446, 24.4016, 36.5268, 1.19064, -136.627, 2.22238, -20.0412, 2.06335, 126.199
4458, 74.30000, 15.3264, 130.226, 26.714, -107.51, 24.3723, 36.5298, 1.18882, -136.798, 2.22353, -20.1022, 2.0614, 126.203
4459, 74.30833, 15.3024, 130.049, 26.722, -107.574, 24.3432, 36.533, 1.187, -136.968, 2.22467, -20.1633, 2.05947, 126.206
4459, 74.31667, 15.2784, 129.873, 26.7298, -107.639, 24.3141, 36.5362, 1.18518, -137.138, 2.2258, -20.2246, 2.05754, 126.21
4460, 74.32500, 15.2543, 129.697, 26.7375, -107.703, 24.2852, 36.5395, 1.18336, -137.308, 2.22691, -20.2859, 2.05562, 126.214
4460, 74.33334, 15.2303, 129.521, 26.745, -107.768, 24.2563, 36.5428, 1.18153, -137.478, 2.22801, -20.3472, 2.05371, 126.218
4461, 74.34167, 15.2062, 129.346, 26.7523, -107.833, 24.2276, 36.5463, 1.17971, -137.647, 2.22911, -20.4087, 2.05181, 126.222
4461, 74.35000, 15.1821, 129.171, 26.7595, -107.897, 24.199, 36.5498, 1.17788, -137.816, 2.23019, -20.4703, 2.04992, 126.227
4462, 74.35833, 15.158, 128.997, 26.7666, -107.962, 24.1705, 36.5534, 1.17606, -137.985, 2.23125, -20.5319, 2.04803, 126.231
4462, 74.36667, 15.1339, 128.822, 26.7735, -108.027, 24.1421, 36.5571, 1.17423, -138.153, 2.23231, -20.5937, 2.04615, 126.235
4463, 74.37500, 15.1098, 128.648, 26.7802, -108.092, 24.1138, 36.5608, 1.1724, -138.321, 2.23335, -20.6555, 2.04429, 126.24
4463, 74.38333, 15.0857, 128.474, 26.7868, -108.157, 24.0856, 36.5646, 1.17057, -138.489, 2.23439, -20.7173, 2.04243, 126.244
4464, 74.39167, 15.0616, 128.301, 26.7932, -108.222, 24.0575, 36.5685, 1.16874, -138.656, 2.23541, -20.7793, 2.04057, 126.249
4464, 74.40000, 15.0375, 128.128, 26.7995, -108.287, 24.0295, 36.5725, 1.16691, -138.824, 2.23642, -20.8413, 2.03873, 126.253
4465, 74.40833, 15.0134, 127.955, 26.8056, -108.353, 24.0017, 36.5765, 1.16508, -138.991, 2.23741, -20.9033, 2.03689, 126.258
4465, 74.41666, 14.9893, 127.782, 26.8116, -108.418, 23.9739, 36.5807, 1.16325, -139.157, 2.2384, -20.9654, 2.03507, 126.263
4465, 74.42500, 14.9651, 127.61, 26.8174, -108.483, 23.9463, 36.5848, 1.16142, -139.324, 2.23937, -21.0276, 2.03325, 126.267
4466, 74.43333, 14.941, 127.438, 26.8231, -108.548, 23.9188, 36.5891, 1.15959, -139.49, 2.24034, -21.0899, 2.03143, 126.272
4467, 74.44167, 14.9169, 127.267, 26.8286, -108.614, 23.8913, 36.5934, 1.15776, -139.655, 2.24129, -21.1522, 2.02963, 126.277
4467, 74.45000, 14.8927, 127.095, 26.834, -108.679, 23.864, 36.5977, 1.15592, -139.821, 2.24223, -21.2145, 2.02783, 126.282
4468, 74.45834, 14.8686, 126.924, 26.8393, -108.745, 23.8368, 36.6022, 1.15409, -139.986, 2.24316, -21.2769, 2.02605, 126.287
4468, 74.46667, 14.8445, 126.754, 26.8443, -108.81, 23.8096, 36.6067, 1.15226, -140.151, 2.24407, -21.3393, 2.02427, 126.292
4469, 74.47500, 14.8204, 126.583, 26.8493, -108.876, 23.7826, 36.6112, 1.15042, -140.315, 2.24498, -21.4018, 2.02249, 126.297
4469, 74.48333, 14.7962, 126.413, 26.8541, -108.941, 23.7557, 36.6159, 1.14859, -140.479, 2.24587, -21.4643, 2.02073, 126.303
4470, 74.49167, 14.7721, 126.243, 26.8587, -109.007, 23.7289, 36.6205, 1.14676, -140.643, 2.24675, -21.5269, 2.01897, 126.308
4470, 74.50000, 14.748, 126.074, 26.8632, -109.072, 23.7022, 36.6253, 1.14493, -140.807, 2.24763, -21.5895, 2.01722, 126.313
4471, 74.50833, 14.7239, 125.905, 26.8676, -109.138, 23.6756, 36.6301, 1.14309, -140.97, 2.24849, -21.6521, 2.01548, 126.318
4471, 74.51667, 14.6998, 125.736, 26.8718, -109.204, 23.6491, 36.6349, 1.14126, -141.133, 2.24933, -21.7148, 2.01375, 126.324
4472, 74.52500, 14.6756, 125.567, 26.8759, -109.269, 23.6227, 36.6399, 1.13943, -141.296, 2.25017, -21.7775, 2.01202, 126.329
4472, 74.53333, 14.6515, 125.399, 26.8798, -109.335, 23.5964, 36.6448, 1.1376, -141.458, 2.251, -21.8402, 2.01031, 126.335
4473, 74.54166, 14.6274, 125.231, 26.8836, -109.401, 23.5702, 36.6498, 1.13576, -141.62, 2.25181, -21.903, 2.0086, 126.34
4473, 74.55000, 14.6034, 125.064, 26.8872, -109.466, 23.5441, 36.6549, 1.13393, -141.782, 2.25262, -21.9657, 2.00689, 126.346
4473, 74.55833, 14.5793, 124.896, 26.8907, -109.532, 23.5181, 36.66, 1.1321, -141.944, 2.25341, -22.0285, 2.0052, 126.352
4474, 74.56667, 14.5552, 124.729, 26.8941, -109.598, 23.4922, 36.6652, 1.13027, -142.105, 2.25419, -22.0914, 2.00351, 126.357
4475, 74.57500, 14.5311, 124.563, 26.8973, -109.663, 23.4664, 36.6704, 1.12844, -142.266, 2.25496, -22.1542, 2.00183, 126.363
4475, 74.58334, 14.5071, 124.396, 26.9004, -109.729, 23.4407, 36.6757, 1.12661, -142.426, 2.25572, -22.217, 2.00016, 126.369
4476, 74.59167, 14.483, 124.23, 26.9034, -109.795, 23.4151, 36.681, 1.12478, -142.587, 2.25647, -22.2799, 1.99849, 126.375
4476, 74.60000, 14.459, 124.064, 26.9062, -109.861, 23.3896, 36.6864, 1.12295, -142.747, 2.25721, -22.3427, 1.99684, 126.381
4477, 74.60833, 14.4349, 123.899, 26.9089, -109.926, 23.3642, 36.6918, 1.12112, -142.906, 2.25794, -22.4056, 1.99519, 126.387
4477, 74.61667, 14.4109, 123.734, 26.9114, -109.992, 23.3389, 36.6973, 1.11929, -143.066, 2.25866, -22.4685, 1.99354, 126.393
4478, 74.62500, 14.3869, 123.569, 26.9138, -110.058, 23.3137, 36.7028, 1.11747, -143.225, 2.25936, -22.5314, 1.99191, 126.399
4478, 74.63333, 14.3629, 123.404, 26.9161, -110.123, 23.2886, 36.7084, 1.11564, -143.384, 2.26006, -22.5943, 1.99028, 126.405
4479, 74.64167, 14.339, 123.24, 26.9182, -110.189, 23.2635, 36.714, 1.11381, -143.542, 2.26074, -22.6572, 1.98866, 126.411
4479, 74.65000, 14.315, 123.076, 26.9202, -110.255, 23.2386, 36.7196, 1.11199, -143.7, 2.26142, -22.7201, 1.98704, 126.417
4480, 74.65833, 14.291, 122.912, 26.9221, -110.32, 23.2138, 36.7253, 1.11017, -143.858, 2.26208, -22.7829, 1.98544, 126.423
4480, 74.66666, 14.2671, 122.749, 26.9238, -110.386, 23.189, 36.731, 1.10834, -144.016, 2.26274, -22.8458, 1.98384, 126.429
4481, 74.67500, 14.2432, 122.586, 26.9254, -110.452, 23.1644, 36.7368, 1.10652, -144.173, 2.26338, -22.9087, 1.98224, 126.435
4481, 74.68333, 14.2193, 122.423, 26.9269, -110.517, 23.1398, 36.7426, 1.1047, -144.33, 2.26401, -22.9716, 1.98066, 126.442
4481, 74.69167, 14.1954, 122.261, 26.9283, -110.583, 23.1154, 36.7484, 1.10288, -144.487, 2.26463, -23.0344, 1.97908, 126.448
4482, 74.70000, 14.1715, 122.099, 26.9295, -110.648, 23.091, 36.7543, 1.10106, -144.643, 2.26525, -23.0973, 1.97751, 126.454
4483, 74.70834, 14.1476, 121.937, 26.9306, -110.714, 23.0667, 36.7602, 1.09925, -144.8, 2.26585, -23.1601, 1.97595, 126.461
4483, 74.71667, 14.1238, 121.776, 26.9316, -110.779, 23.0425, 36.7662, 1.09743, -144.955, 2.26644, -23.2229, 1.97439, 126.467
4484, 74.72500, 14.1, 121.614, 26.9324, -110.845, 23.0184, 36.7721, 1.09562, -145.111, 2.26702, -23.2857, 1.97284, 126.474
4484, 74.73333, 14.0762, 121.454, 26.9331, -110.91, 22.9944, 36.7782, 1.0938, -145.266, 2.2676, -23.3485, 1.97129, 126.48
4485, 74.74167, 14.0524, 121.293, 26.9337, -110.976, 22.9705, 36.7842, 1.09199, -145.421, 2.26816, -23.4113, 1.96976, 126.487
4485, 74.75000, 14.0286, 121.133, 26.9342, -111.041, 22.9467, 36.7903, 1.09018, -145.576, 2.26871, -23.474, 1.96823, 126.493
4486, 74.75833, 14.0049, 120.973, 26.9345, -111.106, 22.923, 36.7964, 1.08837, -145.73, 2.26925, -23.5367, 1.9667, 126.5
4486, 74.76667, 13.9812, 120.813, 26.9348, -111.172, 22.8993, 36.8026, 1.08656, -145.884, 2.26978, -23.5994, 1.96519, 126.506
4487, 74.77500, 13.9575, 120.654, 26.9349, -111.237, 22.8758, 36.8087, 1.08475, -146.038, 2.27031, -23.6621, 1.96368, 126.513
4487, 74.78333, 13.9338, 120.495, 26.9348, -111.302, 22.8523, 36.8149, 1.08295, -146.191, 2.27082, -23.7248, 1.96218, 126.519
4488, 74.79166, 13.9101, 120.336, 26.9347, -111.367, 22.8289, 36.8212, 1.08114, -146.344, 2.27132, -23.7874, 1.96068, 126.526
4488, 74.80000, 13.8865, 120.178, 26.9344, -111.432, 22.8056, 36.8274, 1.07934, -146.497, 2.27182, -23.85, 1.95919, 126.533
4489, 74.80833, 13.8629, 120.019, 26.9341, -111.497, 22.7824, 36.8337, 1.07754, -146.65, 2.2723, -23.9125, 1.95771, 126.539
4489, 74.81667, 13.8393, 119.862, 26.9336, -111.563, 22.7593, 36.84, 1.07574, -146.802, 2.27277, -23.975, 1.95623, 126.546
4489, 74.82500, 13.8157, 119.704, 26.933, -111.628, 22.7363, 36.8464, 1.07395, -146.954, 2.27324, -24.0375, 1.95476, 126.553
4490, 74.83334, 13.7922, 119.547, 26.9322, -111.693, 22.7133, 36.8528, 1.07215, -147.106, 2.2737, -24.1, 1.9533, 126.56
4491, 74.84167, 13.7687, 119.39, 26.9314, -111.757, 22.6905, 36.8592, 1.07036, -147.257, 2.27414, -24.1624, 1.95184, 126.566
4491, 74.85000, 13.7452, 119.233, 26.9304, -111.822, 22.6677, 36.8656, 1.06856, -147.408, 2.27458, -24.2247, 1.95039, 126.573
4492, 74.85833, 13.7217, 119.077, 26.9294, -111.887, 22.645, 36.872, 1.06677, -147.559, 2.27501, -24.2871, 1.94895, 126.58
4492, 74.86667, 13.6983, 118.921, 26.9282, -111.952, 22.6224, 36.8785, 1.06498, -147.71, 2.27543, -24.3494, 1.94751, 126.587
4493, 74.87500, 13.6749, 118.765, 26.9269, -112.017, 22.5999, 36.885, 1.0632, -147.86, 2.27584, -24.4116, 1.94608, 126.594
4493, 74.88333, 13.6515, 118.609, 26.9255, -112.081, 22.5774, 36.8915, 1.06141, -148.01, 2.27624, -24.4738, 1.94465, 126.601
4494, 74.89167, 13.6281, 118.454, 26.924, -112.146, 22.5551, 36.898, 1.05963, -148.16, 2.27663, -24.536, 1.94323, 126.607
4494, 74.90000, 13.6048, 118.299, 26.9223, -112.21, 22.5328, 36.9046, 1.05785, -148.309, 2.27701, -24.5981, 1.94182, 126.614
4495, 74.90833, 13.5815, 118.145, 26.9206, -112.275, 22.5106, 36.9111, 1.05607, -148.458, 2.27738, -24.6602, 1.94042, 126.621
4495, 74.91666, 13.5582, 117.99, 26.9187, -112.339, 22.4885, 36.9177, 1.05429, -148.607, 2.27775, -24.7222, 1.93902, 126.628
4496, 74.92500, 13.5349, 117.836, 26.9168, -112.404, 22.4664, 36.9243, 1.05252, -148.756, 2.2781, -24.7842, 1.93762, 126.635
4496, 74.93333, 13.5117, 117.683, 26.9147, -112.468, 22.4445, 36.9309, 1.05075, -148.904, 2.27845, -24.8461, 1.93623, 126.642
4497, 74.94167, 13.4885, 117.529, 26.9126, -112.532, 22.4226, 36.9376, 1.04898, -149.052, 2.27879, -24.9079, 1.93485, 126.649
4497, 74.95000, 13.4654, 117.376, 26.9103, -112.596, 22.4008, 36.9442, 1.04721, -149.2, 2.27912, -24.9698, 1.93348, 126.656
4497, 74.95834, 13.4422, 117.223, 26.9079, -112.661, 22.3791, 36.9509, 1.04544, -149.347, 2.27944, -25.0315, 1.93211, 126.663
4498, 74.96667, 13.4191, 117.071, 26.9054, -112.725, 22.3574, 36.9576, 1.04368, -149.494, 2.27976, -25.0932, 1.93074, 126.67
4499, 74.97500, 13.3961, 116.919, 26.9029, -112.789, 22.3359, 36.9643, 1.04192, -149.641, 2.28006, -25.1549, 1.92939, 126.677
4499, 74.98333, 13.373, 116.767, 26.9002, -112.853, 22.3144, 36.971, 1.04016, -149.788, 2.28036, -25.2165, 1.92804, 126.684
4500, 74.99167, 13.35, 116.615, 26.8974, -112.916, 22.293, 36.9777, 1.0384, -149.934, 2.28065, -25.278, 1.92669, 126.691
4500, 75.00000, 13.3271, 116.463, 26.8945, -112.98, 22.2717, 36.9845, 1.03664, -150.08, 2.28093, -25.3395, 1.92535, 126.698
4501, 75.00833, 13.3041, 116.312, 26.8915, -113.044, 22.2504, 36.9912, 1.03489, -150.226, 2.2812, -25.4009, 1.92402, 126.705
4501, 75.01667, 13.2812, 116.161, 26.8884, -113.108, 22.2292, 36.998, 1.03314, -150.372, 2.28146, -25.4623, 1.92269, 126.712
4502, 75.02500, 13.2583, 116.011, 26.8853, -113.171, 22.2082, 37.0048, 1.03139, -150.517, 2.28172, -25.5236, 1.92137, 126.719
4502, 75.03333, 13.2355, 115.861, 26.882, -113.235, 22.1871, 37.0116, 1.02965, -150.662, 2.28196, -25.5848, 1.92005, 126.727
4503, 75.04166, 13.2127, 115.711, 26.8786, -113.298, 22.1662, 37.0184, 1.0279, -150.806, 2.2822, -25.646, 1.91874, 126.734
4503, 75.05000, 13.1899, 115.561, 26.8751, -113.361, 22.1453, 37.0252, 1.02616, -150.951, 2.28244, -25.7071, 1.91743, 126.741
4504, 75.05833, 13.1672, 115.412, 26.8716, -113.425, 22.1245, 37.032, 1.02443, -151.095, 2.28266, -25.7681, 1.91613, 126.748
4504, 75.06667, 13.1445, 115.262, 26.8679, -113.488, 22.1038, 37.0388, 1.02269, -151.239, 2.28287, -25.8291, 1.91484, 126.755
4505, 75.07500, 13.1218, 115.113, 26.8641, -113.551, 22.0831, 37.0457, 1.02096, -151.383, 2.28308, -25.89, 1.91355, 126.762
4505, 75.08334, 13.0992, 114.965, 26.8603, -113.614, 22.0626, 37.0525, 1.01923, -151.526, 2.28328, -25.9509, 1.91227, 126.769
4505, 75.09167, 13.0766, 114.817, 26.8564, -113.677, 22.0421, 37.0594, 1.0175, -151.669, 2.28348, -26.0117, 1.91099, 126.776
4506, 75.10000, 13.054, 114.669, 26.8523, -113.74, 22.0216, 37.0662, 1.01577, -151.812, 2.28366, -26.0724, 1.90972, 126.783
4507, 75.10833, 13.0315, 114.521, 26.8482, -113.803, 22.0013, 37.0731, 1.01405, -151.954, 2.28384, -26.133, 1.90846, 126.791
4507, 75.11667, 13.009, 114.373, 26.844, -113.866, 21.981, 37.08, 1.01233, -152.097, 2.28401, -26.1936, 1.9072, 126.798
4508, 75.12500, 12.9865, 114.226, 26.8397, -113.928, 21.9608, 37.0868, 1.01061, -152.239, 2.28417, -26.2541, 1.90594, 126.805
4508, 75.13333, 12.9641, 114.079, 26.8353, -113.991, 21.9406, 37.0937, 1.0089, -152.381, 2.28433, -26.3145, 1.90469, 126.812
4509, 75.14167, 12.9417, 113.932, 26.8309, -114.053, 21.9205, 37.1006, 1.00718, -152.522, 2.28448, -26.3749, 1.90345, 126.819
4509, 75.15000, 12.9194, 113.786, 26.8263, -114.116, 21.9005, 37.1075, 1.00548, -152.663, 2.28462, -26.4352, 1.90221, 126.826
4510, 75.15833, 12.897, 113.64, 26.8217, -114.178, 21.8806, 37.1144, 1.00377, -152.804, 2.28475, -26.4954, 1.90097, 126.833
4510, 75.16666, 12.8748, 113.494, 26.8169, -114.24, 21.8607, 37.1213, 1.00206, -152.945, 2.28488, -26.5555, 1.89975, 126.841
4511, 75.17500, 12.8525, 113.348, 26.8121, -114.303, 21.8409, 37.1282, 1.00036, -153.086, 2.285, -26.6156, 1.89852, 126.848
4511, 75.18333, 12.8303, 113.203, 26.8072, -114.365, 21.8212, 37.1351, 0.998665, -153.226, 2.28511, -26.6756, 1.89731, 126.855
4512, 75.19167, 12.8082, 113.058, 26.8022, -114.427, 21.8015, 37.142, 0.996969, -153.366, 2.28522, -26.7355, 1.89609, 126.862
4512, 75.20000, 12.7861, 112.913, 26.7972, -114.489, 21.782, 37.1489, 0.995276, -153.506, 2.28532, -26.7954, 1.89489, 126.869
4513, 75.20834, 12.764, 112.768, 26.792, -114.55, 21.7624, 37.1558, 0.993586, -153.645, 2.28541, -26.8551, 1.89368, 126.876
4513, 75.21667, 12.7419, 112.624, 26.7868, -114.612, 21.743, 37.1627, 0.991899, -153.785, 2.2855, -26.9148, 1.89249, 126.883
4513, 75.22500, 12.7199, 112.48, 26.7815, -114.674, 21.7236, 37.1696, 0.990215, -153.924, 2.28558, -26.9744, 1.89129, 126.89
4514, 75.23333, 12.698, 112.336, 26.7761, -114.735, 21.7043, 37.1765, 0.988534, -154.062, 2.28565, -27.034, 1.89011, 126.898
4515, 75.24167, 12.676, 112.193, 26.7707, -114.797, 21.685, 37.1835, 0.986855, -154.201, 2.28571, -27.0934, 1.88893, 126.905
4515, 75.25000, 12.6542, 112.049, 26.7652, -114.858, 21.6658, 37.1904, 0.985179, -154.339, 2.28577, -27.1528, 1.88775, 126.912
4516, 75.25833, 12.6323, 111.906, 26.7595, -114.92, 21.6467, 37.1973, 0.983507, -154.477, 2.28583, -27.2121, 1.88658, 126.919
4516, 75.26667, 12.6105, 111.764, 26.7539, -114.981, 21.6276, 37.2042, 0.981837, -154.615, 2.28587, -27.2713, 1.88541, 126.926
4517, 75.27500, 12.5887, 111.621, 26.7481, -115.042, 21.6086, 37.2111, 0.980171, -154.753, 2.28591, -27.3305, 1.88425, 126.933
4517, 75.28333, 12.567, 111.479, 26.7423, -115.103, 21.5897, 37.218, 0.978507, -154.89, 2.28594, -27.3895, 1.88309, 126.94
4518, 75.29166, 12.5453, 111.337, 26.7363, -115.164, 21.5708, 37.2249, 0.976846, -155.027, 2.28597, -27.4485, 1.88194, 126.947
4518, 75.30000, 12.5237, 111.195, 26.7304, -115.225, 21.552, 37.2318, 0.975188, -155.164, 2.28599, -27.5074, 1.88079, 126.954
4519, 75.30833, 12.5021, 111.054, 26.7243, -115.286, 21.5333, 37.2387, 0.973534, -155.3, 2.28601, -27.5662, 1.87965, 126.962
4519, 75.31667, 12.4805, 110.912, 26.7182, -115.347, 21.5146, 37.2456, 0.971882, -155.437, 2.28602, -27.625, 1.87851, 126.969
4520, 75.32500, 12.459, 110.771, 26.712, -115.407, 21.496, 37.2525, 0.970233, -155.573, 2.28602, -27.6836, 1.87738, 126.976
4520, 75.33334, 12.4375, 110.631, 26.7057, -115.468, 21.4774, 37.2594, 0.968588, -155.709, 2.28602, -27.7422, 1.87625, 126.983
4521, 75.34167, 12.4161, 110.49, 26.6994, -115.528, 21.4589, 37.2663, 0.966945, -155.845, 2.28601, -27.8007, 1.87513, 126.99
4521, 75.35000, 12.3947, 110.35, 26.693, -115.588, 21.4405, 37.2732, 0.965306, -155.98, 2.28599, -27.8591, 1.87401, 126.997
4521, 75.35833, 12.3733, 110.21, 26.6865, -115.649, 21.4221, 37.28, 0.963669, -156.115, 2.28597, -27.9174, 1.8729, 127.004
4522, 75.36667, 12.352, 110.07, 26.6799, -115.709, 21.4038, 37.2869, 0.962036, -156.25, 2.28594, -27.9756, 1.87179, 127.011
4523, 75.37500, 12.3308, 109.93, 26.6733, -115.769, 21.3856, 37.2938, 0.960406, -156.385, 2.28591, -28.0338, 1.87068, 127.018
4523, 75.38333, 12.3095, 109.791, 26.6666, -115.829, 21.3674, 37.3006, 0.958779, -156.52, 2.28587, -28.0919, 1.86958, 127.025
4524, 75.39167, 12.2883, 109.652, 26.6599, -115.889, 21.3492, 37.3075, 0.957155, -156.654, 2.28583, -28.1499, 1.86849, 127.032
4524, 75.40000, 12.2672, 109.513, 26.6531, -115.949, 21.3312, 37.3144, 0.955534, -156.788, 2.28578, -28.2078, 1.8674, 127.039
4525, 75.40833, 12.2461, 109.374, 26.6462, -116.008, 21.3132, 37.3212, 0.953916, -156.922, 2.28572, -28.2656, 1.86631, 127.046
4525, 75.41666, 12.225, 109.236, 26.6393, -116.068, 21.2952, 37.328, 0.952301, -157.056, 2.28566, -28.3233, 1.86523, 127.053
4526, 75.42500, 12.204, 109.098, 26.6323, -116.127, 21.2773, 37.3349, 0.95069, -157.189, 2.2856, -28.381, 1.86415, 127.06
4526, 75.43333, 12.183, 108.96, 26.6252, -116.187, 21.2595, 37.3417, 0.949082, -157.322, 2.28553, -28.4385, 1.86308, 127.067
4527, 75.44167, 12.1621, 108.822, 26.6181, -116.246, 21.2417, 37.3485, 0.947477, -157.455, 2.28545, -28.496, 1.86201, 127.074
4527, 75.45000, 12.1412, 108.685, 26.6109, -116.305, 21.224, 37.3553, 0.945875, -157.588, 2.28537, -28.5534, 1.86095, 127.081
4528, 75.45834, 12.1204, 108.547, 26.6037, -116.365, 21.2063, 37.3621, 0.944276, -157.721, 2.28528, -28.6107, 1.85989, 127.088
4528, 75.46667, 12.0996, 108.41, 26.5964, -116.424, 21.1887, 37.3689, 0.942681, -157.853, 2.28519, -28.6679, 1.85883, 127.095
4529, 75.47500, 12.0788, 108.274, 26.589, -116.483, 21.1712, 37.3757, 0.941088, -157.985, 2.28509, -28.7251, 1.85778, 127.102
4529, 75.48333, 12.0581, 108.137, 26.5816, -116.541, 21.1537, 37.3825, 0.939499, -158.117, 2.28499, -28.7821, 1.85674, 127.108
4529, 75.49167, 12.0374, 108.001, 26.5741, -116.6, 21.1363, 37.3893, 0.937913, -158.249, 2.28488, -28.8391, 1.85569, 127.115
4530, 75.50000, 12.0168, 107.864, 26.5666, -116.659, 21.1189, 37.396, 0.936331, -158.381, 2.28477, -28.896, 1.85466, 127.122
4531, 75.50833, 11.9962, 107.729, 26.559, -116.718, 21.1016, 37.4028, 0.934751, -158.512, 2.28465, -28.9528, 1.85362, 127.129
4531, 75.51667, 11.9757, 107.593, 26.5514, -116.776, 21.0843, 37.4095, 0.933175, -158.643, 2.28453, -29.0095, 1.85259, 127.136
4532, 75.52500, 11.9552, 107.457, 26.5436, -116.834, 21.0671, 37.4163, 0.931602, -158.774, 2.2844, -29.0661, 1.85157, 127.143
4532, 75.53333, 11.9347, 107.322, 26.5359, -116.893, 21.0499, 37.423, 0.930032, -158.905, 2.28427, -29.1227, 1.85055, 127.15
4533, 75.54166, 11.9143, 107.187, 26.5281, -116.951, 21.0328, 37.4297, 0.928466, -159.036, 2.28413, -29.1791, 1.84953, 127.156
4533, 75.55000, 11.894, 107.052, 26.5202, -117.009, 21.0158, 37.4364, 0.926902, -159.166, 2.28399, -29.2355, 1.84852, 127.163
4534, 75.55833, 11.8736, 106.918, 26.5123, -117.067, 20.9988, 37.4431, 0.925342, -159.296, 2.28385, -29.2918, 1.84751, 127.17
4534, 75.56667, 11.8534, 106.783, 26.5043, -117.125, 20.9818, 37.4498, 0.923786, -159.426, 2.2837, -29.348, 1.8465, 127.177
4535, 75.57500, 11.8331, 106.649, 26.4963, -117.183, 20.9649, 37.4565, 0.922232, -159.556, 2.28354, -29.4041, 1.8455, 127.184
4535, 75.58334, 11.8129, 106.515, 26.4882, -117.241, 20.9481, 37.4631, 0.920682, -159.686, 2.28338, -29.4601, 1.84451, 127.19
4536, 75.59167, 11.7928, 106.381, 26.4801, -117.298, 20.9313, 37.4698, 0.919135, -159.815, 2.28322, -29.516, 1.84352, 127.197
4536, 75.60000, 11.7727, 106.247, 26.4719, -117.356, 20.9146, 37.4764, 0.917591, -159.944, 2.28305, -29.5719, 1.84253, 127.204
4537, 75.60833, 11.7526, 106.114, 26.4637, -117.414, 20.8979, 37.4831, 0.91605, -160.073, 2.28287, -29.6277, 1.84154, 127.21
4537, 75.61667, 11.7326, 105.981, 26.4554, -117.471, 20.8813, 37.4897, 0.914513, -160.202, 2.2827, -29.6834, 1.84056, 127.217
4537, 75.62500, 11.7126, 105.848, 26.4471, -117.528, 20.8647, 37.4963, 0.912979, -160.331, 2.28251, -29.7389, 1.83959, 127.224
4538, 75.63333, 11.6927, 105.715, 26.4388, -117.585, 20.8482, 37.5029, 0.911448, -160.459, 2.28233, -29.7945, 1.83862, 127.231
4539, 75.64167, 11.6728, 105.582, 26.4303, -117.643, 20.8317, 37.5095, 0.909921, -160.588, 2.28214, -29.8499, 1.83765, 127.237
4539, 75.65000, 11.653, 105.45, 26.4219, -117.7, 20.8153, 37.5161, 0.908397, -160.716, 2.28194, -29.9052, 1.83668, 127.244
4540, 75.65833, 11.6332, 105.318, 26.4134, -117.757, 20.7989, 37.5226, 0.906876, -160.844, 2.28175, -29.9605, 1.83572, 127.25
4540, 75.66666, 11.6134, 105.186, 26.4048, -117.813, 20.7826, 37.5292, 0.905358, -160.972, 2.28154, -30.0157, 1.83477, 127.257
4541, 75.67500, 11.5937, 105.054, 26.3962, -117.87, 20.7663, 37.5357, 0.903843, -161.099, 2.28134, -30.0707, 1.83381, 127.264
4541, 75.68333, 11.5741, 104.922, 26.3876, -117.927, 20.7501, 37.5423, 0.902332, -161.227, 2.28113, -30.1257, 1.83286, 127.27
4542, 75.69167, 11.5544, 104.791, 26.3789, -117.983, 20.7339, 37.5488, 0.900824, -161.354, 2.28091, -30.1807, 1.83192, 127.277
4542, 75.70000, 11.5349, 104.659, 26.3702, -118.04, 20.7178, 37.5553, 0.89932, -161.481, 2.28069, -30.2355, 1.83098, 127.283
4543, 75.70834, 11.5153, 104.528, 26.3614, -118.096, 20.7018, 37.5618, 0.897818, -161.608, 2.28047, -30.2902, 1.83004, 127.29
4543, 75.71667, 11.4959, 104.397, 26.3526, -118.153, 20.6857, 37.5683, 0.89632, -161.735, 2.28024, -30.3449, 1.82911, 127.296
4544, 75.72500, 11.4764, 104.267, 26.3437, -118.209, 20.6698, 37.5747, 0.894825, -161.861, 2.28001, -30.3995, 1.82818, 127.303
4544, 75.73333, 11.457, 104.136, 26.3348, -118.265, 20.6538, 37.5812, 0.893334, -161.988, 2.27978, -30.454, 1.82725, 127.309
4545, 75.74167, 11.4377, 104.006, 26.3259, -118.321, 20.6379, 37.5876, 0.891845, -162.114, 2.27954, -30.5084, 1.82633, 127.316
4545, 75.75000, 11.4183, 103.876, 26.3169, -118.377, 20.6221, 37.594, 0.89036, -162.24, 2.2793, -30.5627, 1.82541, 127.322
4545, 75.75833, 11.3991, 103.746, 26.3079, -118.433, 20.6063, 37.6005, 0.888878, -162.366, 2.27906, -30.617, 1.82449, 127.329
4546, 75.76667, 11.3799, 103.616, 26.2988, -118.489, 20.5906, 37.6069, 0.887399, -162.492, 2.27881, -30.6711, 1.82358, 127.335
4547, 75.77500, 11.3607, 103.486, 26.2897, -118.544, 20.5749, 37.6133, 0.885924, -162.617, 2.27855, -30.7252, 1.82267, 127.342
4547, 75.78333, 11.3415, 103.357, 26.2806, -118.6, 20.5593, 37.6196, 0.884452, -162.743, 2.2783, -30.7792, 1.82177, 127.348
4548, 75.79166, 11.3224, 103.227, 26.2714, -118.656, 20.5437, 37.626, 0.882983, -162.868, 2.27804, -30.8331, 1.82087, 127.354
4548, 75.80000, 11.3034, 103.098, 26.2622, -118.711, 20.5281, 37.6323, 0.881517, -162.993, 2.27778, -30.887, 1.81997, 127.361
4549, 75.80833, 11.2844, 102.969, 26.253, -118.766, 20.5126, 37.6387, 0.880055, -163.118, 2.27751, -30.9407, 1.81908, 127.367
4549, 75.81667, 11.2654, 102.841, 26.2437, -118.822, 20.4972, 37.645, 0.878596, -163.243, 2.27724, -30.9944, 1.81819, 127.373
4550, 75.82500, 11.2465, 102.712, 26.2343, -118.877, 20.4817, 37.6513, 0.87714, -163.368, 2.27697, -31.048, 1.8173, 127.38
4550, 75.83334, 11.2276, 102.583, 26.225, -118.932, 20.4664, 37.6576, 0.875687, -163.493, 2.27669, -31.1015, 1.81642, 127.386
4551, 75.84167, 11.2088, 102.455, 26.2156, -118.987, 20.4511, 37.6639, 0.874237, -163.617, 2.27641, -31.1549, 1.81554, 127.392
4551, 75.85000, 11.19, 102.327, 26.2062, -119.042, 20.4358, 37.6701, 0.872791, -163.741, 2.27613, -31.2082, 1.81466, 127.398
4552, 75.85833, 11.1713, 102.199, 26.1967, -119.097, 20.4205, 37.6764, 0.871347, -163.865, 2.27584, -31.2615, 1.81379, 127.405
4552, 75.86667, 11.1526, 102.071, 26.1872, -119.151, 20.4054, 37.6826, 0.869907, -163.989, 2.27555, -31.3147, 1.81292, 127.411
4553, 75.87500, 11.1339, 101.944, 26.1777, -119.206, 20.3902, 37.6888, 0.86847, -164.113, 2.27526, -31.3678, 1.81205, 127.417
4553, 75.88333, 11.1153, 101.816, 26.1681, -119.261, 20.3751, 37.695, 0.867037, -164.237, 2.27497, -31.4208, 1.81119, 127.423
4553, 75.89167, 11.0967, 101.689, 26.1585, -119.315, 20.3601, 37.7012, 0.865606, -164.361, 2.27467, -31.4738, 1.81033, 127.429
4554, 75.90000, 11.0782, 101.562, 26.1489, -119.369, 20.345, 37.7074, 0.864179, -164.484, 2.27437, -31.5266, 1.80947, 127.436
4555, 75.90833, 11.0597, 101.434, 26.1392, -119.424, 20.3301, 37.7136, 0.862755, -164.607, 2.27406, -31.5794, 1.80862, 127.442
4555, 75.91666, 11.0413, 101.308, 26.1295, -119.478, 20.3152, 37.7197, 0.861334, -164.731, 2.27376, -31.6321, 1.80777, 127.448
4556, 75.92500, 11.0229, 101.181, 26.1198, -119.532, 20.3003, 37.7258, 0.859916, -164.854, 2.27344, -31.6847, 1.80693, 127.454
4556, 75.93333, 11.0045, 101.054, 26.11, -119.586, 20.2854, 37.7319, 0.858501, -164.977, 2.27313, -31.7373, 1.80608, 127.46
4557, 75.94167, 10.9862, 100.928, 26.1003, -119.64, 20.2706, 37.738, 0.857089, -165.099, 2.27282, -31.7898, 1.80524, 127.466
4557, 75.95000, 10.9679, 100.802, 26.0904, -119.694, 20.2559, 37.7441, 0.855681, -165.222, 2.2725, -31.8422, 1.80441, 127.472
4558, 75.95834, 10.9497, 100.675, 26.0806, -119.748, 20.2412, 37.7502, 0.854276, -165.345, 2.27217, -31.8945, 1.80358, 127.478
4558, 75.96667, 10.9315, 100.549, 26.0707, -119.802, 20.2265, 37.7563, 0.852873, -165.467, 2.27185, -31.9467, 1.80275, 127.484
4559, 75.97500, 10.9133, 100.423, 26.0608, -119.855, 20.2119, 37.7623, 0.851474, -165.589, 2.27152, -31.9989, 1.80192, 127.49
4559, 75.98333, 10.8952, 100.298, 26.0509, -119.909, 20.1973, 37.7683, 0.850078, -165.712, 2.27119, -32.051, 1.8011, 127.496
4560, 75.99167, 10.8772, 100.172, 26.0409, -119.963, 20.1827, 37.7743, 0.848685, -165.834, 2.27086, -32.103, 1.80028, 127.502
4560, 76.00000, 10.8591, 100.047, 26.0309, -120.016, 20.1682, 37.7803, 0.847295, -165.956, 2.27052, -32.155, 1.79946, 127.508
4561, 76.00833, 10.8412, 99.9214, 26.0209, -120.069, 20.1538, 37.7863, 0.845908, -166.077, 2.27018, -32.2068, 1.79865, 127.514
4561, 76.01667, 10.8232, 99.7962, 26.0109, -120.123, 20.1394, 37.7923, 0.844524, -166.199, 2.26984, -32.2586, 1.79784, 127.52
4561, 76.02500, 10.8053, 99.6712, 26.0008, -120.176, 20.125, 37.7982, 0.843144, -166.321, 2.2695, -32.3103, 1.79703, 127.526
4562, 76.03333, 10.7875, 99.5462, 25.9907, -120.229, 20.1106, 37.8042, 0.841766, -166.442, 2.26915, -32.362, 1.79623, 127.532
4563, 76.04166, 10.7696, 99.4214, 25.9806, -120.282, 20.0963, 37.8101, 0.840391, -166.564, 2.26881, -32.4136, 1.79542, 127.537
4563, 76.05000, 10.7519, 99.2968, 25.9704, -120.335, 20.0821, 37.816, 0.83902, -166.685, 2.26845, -32.4651, 1.79463, 127.543
4564, 76.05833, 10.7341, 99.1723, 25.9603, -120.388, 20.0679, 37.8219, 0.837651, -166.806, 2.2681, -32.5165, 1.79383, 127.549
4564, 76.06667, 10.7164, 99.0478, 25.9501, -120.441, 20.0537, 37.8277, 0.836285, -166.927, 2.26774, -32.5678, 1.79304, 127.555
4565, 76.07500, 10.6988, 98.9236, 25.9398, -120.494, 20.0395, 37.8336, 0.834922, -167.048, 2.26739, -32.6191, 1.79225, 127.561
4565, 76.08334, 10.6812, 98.7994, 25.9296, -120.546, 20.0254, 37.8394, 0.833563, -167.169, 2.26702, -32.6703, 1.79147, 127.566
4566, 76.09167, 10.6636, 98.6754, 25.9193, -120.599, 20.0114, 37.8453, 0.832206, -167.29, 2.26666, -32.7215, 1.79068, 127.572
4566, 76.10000, 10.6461, 98.5514, 25.909, -120.651, 19.9973, 37.8511, 0.830852, -167.411, 2.2663, -32.7725, 1.7899, 127.578
4566, 76.10833, 10.6286, 98.4277, 25.8987, -120.704, 19.9834, 37.8569, 0.829502, -167.531, 2.26593, -32.8235, 1.78913, 127.583
4567, 76.11667, 10.6111, 98.304, 25.8884, -120.756, 19.9694, 37.8626, 0.828154, -167.652, 2.26556, -32.8745, 1.78835, 127.589
4568, 76.12500, 10.5937, 98.1804, 25.878, -120.809, 19.9555, 37.8684, 0.826809, -167.772, 2.26518, -32.9253, 1.78758, 127.595
4568, 76.13333, 10.5764, 98.057, 25.8676, -120.861, 19.9416, 37.8741, 0.825467, -167.892, 2.26481, -32.9761, 1.78682, 127.6
4569, 76.14167, 10.559, 97.9336, 25.8572, -120.913, 19.9278, 37.8799, 0.824127, -168.012, 2.26443, -33.0268, 1.78605, 127.606
4569, 76.15000, 10.5417, 97.8104, 25.8467, -120.965, 19.914, 37.8856, 0.822791, -168.133, 2.26405, -33.0775, 1.78529, 127.612
4569, 76.15833, 10.5245, 97.6873, 25.8363, -121.017, 19.9003, 37.8913, 0.821458, -168.253, 2.26367, -33.1281, 1.78453, 127.617
4570, 76.16666, 10.5073, 97.5643, 25.8258, -121.069, 19.8865, 37.897, 0.820127, -168.372, 2.26329, -33.1786, 1.78378, 127.623
4571, 76.17500, 10.4901, 97.4414, 25.8153, -121.121, 19.8729, 37.9026, 0.8188, -168.492, 2.2629, -33.229, 1.78302, 127.628
4571, 76.18333, 10.473, 97.3186, 25.8048, -121.173, 19.8592, 37.9083, 0.817475, -168.612, 2.26251, -33.2794, 1.78227, 127.634
4572, 76.19167, 10.4559, 97.1959, 25.7942, -121.225, 19.8456, 37.9139, 0.816153, -168.732, 2.26212, -33.3298, 1.78153, 127.639
4572, 76.20000, 10.4388, 97.0734, 25.7837, -121.276, 19.832, 37.9195, 0.814834, -168.851, 2.26173, -33.38, 1.78078, 127.645
4573, 76.20834, 10.4218, 96.9509, 25.7731, -121.328, 19.8185, 37.9251, 0.813518, -168.971, 2.26134, -33.4302, 1.78004, 127.65
4573, 76.21667, 10.4048, 96.8285, 25.7625, -121.379, 19.805, 37.9307, 0.812204, -169.09, 2.26094, -33.4803, 1.7793, 127.656
4574, 76.22500, 10.3879, 96.7063, 25.7519, -121.431, 19.7916, 37.9363, 0.810893, -169.21, 2.26054, -33.5304, 1.77857, 127.661
4574, 76.23333, 10.371, 96.5841, 25.7412, -121.482, 19.7781, 37.9418, 0.809586, -169.329, 2.26014, -33.5804, 1.77783, 127.666
4574, 76.24167, 10.3541, 96.462, 25.7306, -121.534, 19.7648, 37.9474, 0.80828, -169.448, 2.25974, -33.6303, 1.7771, 127.672
4575, 76.25000, 10.3373, 96.3401, 25.7199, -121.585, 19.7514, 37.9529, 0.806978, -169.567, 2.25933, -33.6802, 1.77638, 127.677
4576, 76.25833, 10.3205, 96.2182, 25.7092, -121.636, 19.7381, 37.9584, 0.805678, -169.686, 2.25893, -33.73, 1.77565, 127.682
4576, 76.26667, 10.3037, 96.0964, 25.6985, -121.687, 19.7248, 37.9639, 0.804381, -169.805, 2.25852, -33.7797, 1.77493, 127.688
4577, 76.27500, 10.287, 95.9747, 25.6877, -121.738, 19.7116, 37.9694, 0.803087, -169.924, 2.25811, -33.8294, 1.77421, 127.693
4577, 76.28333, 10.2703, 95.8531, 25.677, -121.789, 19.6984, 37.9748, 0.801795, -170.043, 2.2577, -33.879, 1.7735, 127.698
4578, 76.29166, 10.2537, 95.7316, 25.6662, -121.84, 19.6852, 37.9803, 0.800506, -170.162, 2.25728, -33.9286, 1.77278, 127.704
4578, 76.30000, 10.2371, 95.6102, 25.6554, -121.891, 19.6721, 37.9857, 0.79922, -170.28, 2.25687, -33.978, 1.77207, 127.709
4579, 76.30833, 10.2205, 95.4889, 25.6446, -121.942, 19.659, 37.9911, 0.797936, -170.399, 2.25645, -34.0275, 1.77136, 127.714
4579, 76.31667, 10.204, 95.3676, 25.6338, -121.993, 19.6459, 37.9965, 0.796655, -170.518, 2.25603, -34.0769, 1.77066, 127.719
4580, 76.32500, 10.1875, 95.2464, 25.6229, -122.044, 19.6329, 38.0019, 0.795377, -170.636, 2.25561, -34.1262, 1.76996, 127.724
4580, 76.33334, 10.171, 95.1254, 25.6121, -122.094, 19.6199, 38.0072, 0.794102, -170.755, 2.25518, -34.1754, 1.76926, 127.73
4581, 76.34167, 10.1546, 95.0044, 25.6012, -122.145, 19.6069, 38.0126, 0.792828, -170.873, 2.25476, -34.2246, 1.76856, 127.735
4581, 76.35000, 10.1382, 94.8835, 25.5903, -122.195, 19.594, 38.0179, 0.791558, -170.991, 2.25433, -34.2738, 1.76787, 127.74
4582, 76.35833, 10.1218, 94.7626, 25.5794, -122.246, 19.5811, 38.0232, 0.79029, -171.11, 2.2539, -34.3228, 1.76717, 127.745
4582, 76.36667, 10.1055, 94.6419, 25.5685, -122.296, 19.5682, 38.0285, 0.789024, -171.228, 2.25347, -34.3719, 1.76649, 127.75
4582, 76.37500, 10.0892, 94.5212, 25.5575, -122.347, 19.5554, 38.0338, 0.787762, -171.346, 2.25304, -34.4208, 1.7658, 127.755
4583, 76.38333, 10.073, 94.4006, 25.5466, -122.397, 19.5426, 38.0391, 0.786501, -171.464, 2.25261, -34.4697, 1.76511, 127.76
4584, 76.39167, 10.0568, 94.2801, 25.5356, -122.447, 19.5298, 38.0443, 0.785243, -171.582, 2.25217, -34.5186, 1.76443, 127.765
4584, 76.40000, 10.0406, 94.1596, 25.5246, -122.497, 19.5171, 38.0495, 0.783988, -171.7, 2.25173, -34.5674, 1.76376, 127.77
4585, 76.40833, 10.0244, 94.0392, 25.5136, -122.547, 19.5044, 38.0547, 0.782735, -171.818, 2.25129, -34.6161, 1.76308, 127.775
4585, 76.41666, 10.0083, 93.9189, 25.5026, -122.598, 19.4918, 38.0599, 0.781485, -171.936, 2.25085, -34.6648, 1.76241, 127.78
4586, 76.42500, 9.99225, 93.7987, 25.4915, -122.648, 19.4791, 38.0651, 0.780237, -172.054, 2.25041, -34.7135, 1.76173, 127.785
4586, 76.43333, 9.9762, 93.6785, 25.4805, -122.698, 19.4665, 38.0703, 0.778991, -172.172, 2.24997, -34.7621, 1.76107, 127.79
4587, 76.44167, 9.96019, 93.5584, 25.4694, -122.747, 19.454, 38.0754, 0.777748, -172.29, 2.24952, -34.8106, 1.7604, 127.795
4587, 76.45000, 9.94422, 93.4384, 25.4583, -122.797, 19.4415, 38.0806, 0.776507, -172.407, 2.24908, -34.8591, 1.75974, 127.8
4588, 76.45834, 9.92828, 93.3184, 25.4472, -122.847, 19.429, 38.0857, 0.775269, -172.525, 2.24863, -34.9075, 1.75908, 127.805
4588, 76.46667, 9.91237, 93.1985, 25.4361, -122.897, 19.4165, 38.0908, 0.774033, -172.643, 2.24818, -34.9559, 1.75842, 127.809
4589, 76.47500, 9.89649, 93.0787, 25.425, -122.947, 19.4041, 38.0959, 0.772799, -172.76, 2.24772, -35.0042, 1.75776, 127.814
4589, 76.48333, 9.88065, 92.9589, 25.4138, -122.996, 19.3917, 38.1009, 0.771568, -172.878, 2.24727, -35.0524, 1.75711, 127.819
4590, 76.49167, 9.86483, 92.8392, 25.4027, -123.046, 19.3793, 38.106, 0.770339, -172.996, 2.24682, -35.1007, 1.75646, 127.824
4590, 76.50000, 9.84906, 92.7195, 25.3915, -123.095, 19.367, 38.111, 0.769113, -173.113, 2.24636, -35.1488, 1.75581, 127.829
4590, 76.50833, 9.83331, 92.5999, 25.3803, -123.145, 19.3547, 38.1161, 0.767888, -173.23, 2.2459, -35.1969, 1.75517, 127.833
4591, 76.51667, 9.81759, 92.4804, 25.3691, -123.194, 19.3424, 38.1211, 0.766666, -173.348, 2.24544, -35.245, 1.75452, 127.838
4592, 76.52500, 9.80191, 92.3609, 25.3579, -123.244, 19.3302, 38.126, 0.765447, -173.465, 2.24498, -35.293, 1.75388, 127.843
4592, 76.53333, 9.78626, 92.2415, 25.3467, -123.293, 19.318, 38.131, 0.764229, -173.583, 2.24452, -35.341, 1.75325, 127.847
4593, 76.54166, 9.77064, 92.1221, 25.3355, -123.342, 19.3058, 38.136, 0.763014, -173.7, 2.24405, -35.3889, 1.75261, 127.852
4593, 76.55000, 9.75505, 92.0028, 25.3242, -123.392, 19.2936, 38.1409, 0.761801, -173.817, 2.24359, -35.4368, 1.75198, 127.857
4594, 76.55833, 9.73949, 91.8835, 25.313, -123.441, 19.2815, 38.1458, 0.76059, -173.935, 2.24312, -35.4846, 1.75135, 127.861
4594, 76.56667, 9.72396, 91.7643, 25.3017, -123.49, 19.2695, 38.1507, 0.759381, -174.052, 2.24265, -35.5324, 1.75072, 127.866
4595, 76.57500, 9.70847, 91.6451, 25.2904, -123.539, 19.2574, 38.1556, 0.758174, -174.169, 2.24218, -35.5802, 1.75009, 127.87
4595, 76.58334, 9.693, 91.526, 25.2791, -123.588, 19.2454, 38.1605, 0.75697, -174.287, 2.24171, -35.6278, 1.74947, 127.875
4596, 76.59167, 9.67756, 91.4069, 25.2678, -123.637, 19.2334, 38.1654, 0.755768, -174.404, 2.24124, -35.6755, 1.74885, 127.88
4596, 76.60000, 9.66216, 91.2879, 25.2564, -123.686, 19.2214, 38.1702, 0.754568, -174.521, 2.24076, -35.7231, 1.74823, 127.884
4597, 76.60833, 9.64678, 91.1689, 25.2451, -123.735, 19.2095, 38.175, 0.753369, -174.638, 2.24028, -35.7706, 1.74761, 127.889
4597, 76.61667, 9.63143, 91.0499, 25.2337, -123.784, 19.1976, 38.1798, 0.752173, -174.755, 2.23981, -35.8182, 1.747, 127.893
4598, 76.62500, 9.61611, 90.931, 25.2224, -123.833, 19.1858, 38.1846, 0.750979, -174.872, 2.23933, -35.8656, 1.74639, 127.897
4598, 76.63333, 9.60082, 90.8122, 25.211, -123.882, 19.1739, 38.1894, 0.749788, -174.99, 2.23885, -35.9131, 1.74578, 127.902
4598, 76.64167, 9.58556, 90.6934, 25.1996, -123.93, 19.1621, 38.1942, 0.748598, -175.107, 2.23837, -35.9604, 1.74517, 127.906
4599, 76.65000, 9.57033, 90.5746, 25.1882, -123.979, 19.1503, 38.1989, 0.74741, -175.224, 2.23788, -36.0078, 1.74457, 127.911
4600, 76.65833, 9.55513, 90.4559, 25.1768, -124.028, 19.1386, 38.2036, 0.746224, -175.341, 2.2374, -36.0551, 1.74396, 127.915
4600, 76.66666, 9.53995, 90.3371, 25.1653, -124.076, 19.1269, 38.2084, 0.74504, -175.458, 2.23691, -36.1023, 1.74337, 127.919
4601, 76.67500, 9.52481, 90.2185, 25.1539, -124.125, 19.1152, 38.2131, 0.743858, -175.575, 2.23642, -36.1495, 1.74277, 127.924
4601, 76.68333, 9.50969, 90.0999, 25.1424, -124.173, 19.1035, 38.2177, 0.742678, -175.692, 2.23593, -36.1967, 1.74217, 127.928
4602, 76.69167, 9.49459, 89.9813, 25.131, -124.222, 19.0919, 38.2224, 0.7415, -175.809, 2.23544, -36.2438, 1.74158, 127.932
4602, 76.70000, 9.47953, 89.8627, 25.1195, -124.27, 19.0803, 38.227, 0.740324, -175.926, 2.23495, -36.2909, 1.74099, 127.937
4603, 76.70834, 9.46449, 89.7442, 25.108, -124.319, 19.0687, 38.2317, 0.73915, -176.043, 2.23446, -36.338, 1.7404, 127.941
4603, 76.71667, 9.44948, 89.6257, 25.0965, -124.367, 19.0572, 38.2363, 0.737977, -176.16, 2.23396, -36.385, 1.73982, 127.945
4604, 76.72500, 9.4345, 89.5072, 25.085, -124.416, 19.0457, 38.2409, 0.736807, -176.277, 2.23347, -36.432, 1.73923, 127.949
4604, 76.73333, 9.41954, 89.3888, 25.0735, -124.464, 19.0342, 38.2455, 0.735638, -176.394, 2.23297, -36.4789, 1.73865, 127.953
4605, 76.74167, 9.40461, 89.2704, 25.0619, -124.512, 19.0228, 38.25, 0.734471, -176.511, 2.23247, -36.5258, 1.73807, 127.958
4605, 76.75000, 9.38971, 89.152, 25.0504, -124.56, 19.0113, 38.2546, 0.733306, -176.628, 2.23197, -36.5727, 1.73749, 127.962
4606, 76.75833, 9.37483, 89.0337, 25.0388, -124.609, 18.9999, 38.2591, 0.732143, -176.745, 2.23147, -36.6195, 1.73692, 127.966
4606, 76.76667, 9.35998, 88.9153, 25.0272, -124.657, 18.9886, 38.2637, 0.730981, -176.862, 2.23097, -36.6663, 1.73635, 127.97
4606, 76.77500, 9.34515, 88.797, 25.0156, -124.705, 18.9772, 38.2682, 0.729821, -176.979, 2.23046, -36.713, 1.73578, 127.974
4607, 76.78333, 9.33035, 88.6788, 25.004, -124.753, 18.9659, 38.2726, 0.728663, -177.096, 2.22996, -36.7598, 1.73521, 127.978
4608, 76.79166, 9.31557, 88.5605, 24.9924, -124.801, 18.9546, 38.2771, 0.727507, -177.213, 2.22945, -36.8064, 1.73464, 127.982
4608, 76.80000, 9.30082, 88.4423, 24.9808, -124.849, 18.9434, 38.2816, 0.726352, -177.33, 2.22894, -36.8531, 1.73408, 127.986
4609, 76.80833, 9.28609, 88.3241, 24.9692, -124.897, 18.9322, 38.286, 0.725199, -177.447, 2.22843, -36.8997, 1.73352, 127.99
4609, 76.81667, 9.27139, 88.2059, 24.9575, -124.945, 18.921, 38.2904, 0.724048, -177.564, 2.22792, -36.9463, 1.73296, 127.994
4610, 76.82500, 9.25671, 88.0877, 24.9459, -124.993, 18.9098, 38.2948, 0.722898, -177.681, 2.22741, -36.9928, 1.7324, 127.998
4610, 76.83334, 9.24205, 87.9696, 24.9342, -125.041, 18.8987, 38.2992, 0.72175, -177.798, 2.22689, -37.0393, 1.73185, 128.002
4611, 76.84167, 9.22742, 87.8514, 24.9225, -125.089, 18.8876, 38.3036, 0.720603, -177.915, 2.22638, -37.0858, 1.7313, 128.006
4611, 76.85000, 9.21281, 87.7333, 24.9108, -125.136, 18.8765, 38.308, 0.719458, -178.032, 2.22586, -37.1322, 1.73075, 128.01
4612, 76.85833, 9.19823, 87.6152, 24.8991, -125.184, 18.8654, 38.3123, 0.718315, -178.149, 2.22534, -37.1786, 1.7302, 128.014
4612, 76.86667, 9.18366, 87.4971, 24.8874, -125.232, 18.8544, 38.3166, 0.717173, -178.267, 2.22482, -37.225, 1.72965, 128.017
4613, 76.87500, 9.16912, 87.3791, 24.8756, -125.28, 18.8434, 38.321, 0.716033, -178.384, 2.2243, -37.2714, 1.72911, 128.021
4613, 76.88333, 9.15461, 87.261, 24.8639, -125.327, 18.8324, 38.3253, 0.714894, -178.501, 2.22378, -37.3177, 1.72857, 128.025
4614, 76.89167, 9.14011, 87.143, 24.8521, -125.375, 18.8215, 38.3295, 0.713757, -178.618, 2.22326, -37.3639, 1.72803, 128.029
4614, 76.90000, 9.12564, 87.0249, 24.8404, -125.423, 18.8106, 38.3338, 0.712621, -178.735, 2.22273, -37.4102, 1.72749, 128.033
4614, 76.90833, 9.11119, 86.9069, 24.8286, -125.47, 18.7997, 38.338, 0.711487, -178.852, 2.22221, -37.4564, 1.72696, 128.036
4615, 76.91666, 9.09676, 86.7889, 24.8168, -125.518, 18.7888, 38.3423, 0.710354, -178.969, 2.22168, -37.5026, 1.72642, 128.04
4616, 76.92500, 9.08235, 86.6709, 24.805, -125.565, 18.778, 38.3465, 0.709222, -179.087, 2.22115, -37.5488, 1.72589, 128.044
4616, 76.93333, 9.06797, 86.5529, 24.7932, -125.613, 18.7672, 38.3507, 0.708092, -179.204, 2.22062, -37.5949, 1.72537, 128.047
4617, 76.94167, 9.0536, 86.4349, 24.7814, -125.66, 18.7564, 38.3549, 0.706963, -179.321, 2.22009, -37.641, 1.72484, 128.051
4617, 76.95000, 9.03926, 86.317, 24.7695, -125.708, 18.7456, 38.3591, 0.705836, -179.438, 2.21955, -37.6871, 1.72431, 128.055
4618, 76.95834, 9.02493, 86.199, 24.7577, -125.755, 18.7349, 38.3632, 0.70471, -179.555, 2.21902, -37.7331, 1.72379, 128.058
4618, 76.96667, 9.01063, 86.081, 24.7458, -125.803, 18.7242, 38.3673, 0.703585, -179.673, 2.21848, -37.7791, 1.72327, 128.062
4619, 76.97500, 8.99634, 85.9631, 24.7339, -125.85, 18.7135, 38.3715, 0.702462, -179.79, 2.21794, -37.8251, 1.72275, 128.065
4619, 76.98333, 8.98208, 85.8451, 24.722, -125.897, 18.7029, 38.3756, 0.70134, -179.907, 2.21741, -37.8711, 1.72224, 128.069
4620, 76.99167, 8.96783, 85.7272, 24.7101, -125.945, 18.6922, 38.3797, 0.700219, 179.975, 2.21687, -37.917, 1.72172, 128.072
4620, 77.00000, 8.95361, 85.6092, 24.6982, -125.992, 18.6817, 38.3837, 0.699099, 179.858, 2.21632, -37.9629, 1.72121, 128.076
4621, 77.00833, 8.9394, 85.4913, 24.6863, -126.039, 18.6711, 38.3878, 0.697981, 179.74, 2.21578, -38.0088, 1.7207, 128.079
4621, 77.01667, 8.92522, 85.3733, 24.6744, -126.087, 18.6605, 38.3918, 0.696864, 179.623, 2.21524, -38.0546, 1.72019, 128.083
4622, 77.02500, 8.91105, 85.2554, 24.6624, -126.134, 18.65, 38.3959, 0.695748, 179.506, 2.21469, -38.1005, 1.71969, 128.086
4622, 77.03333, 8.8969, 85.1375, 24.6505, -126.181, 18.6395, 38.3999, 0.694633, 179.388, 2.21414, -38.1463, 1.71919, 128.09
4622, 77.04166, 8.88277, 85.0195, 24.6385, -126.228, 18.6291, 38.4039, 0.693519, 179.27, 2.21359, -38.1921, 1.71868, 128.093
4623, 77.05000, 8.86865, 84.9016, 24.6265, -126.275, 18.6186, 38.4078, 0.692407, 179.153, 2.21304, -38.2378, 1.71818, 128.096
4624, 77.05833, 8.85456, 84.7837, 24.6145, -126.323, 18.6082, 38.4118, 0.691296, 179.035, 2.21249, -38.2835, 1.71769, 128.1
4624, 77.06667, 8.84048, 84.6657, 24.6025, -126.37, 18.5978, 38.4157, 0.690185, 178.918, 2.21194, -38.3292, 1.71719, 128.103
4625, 77.07500, 8.82642, 84.5478, 24.5904, -126.417, 18.5875, 38.4197, 0.689076, 178.8, 2.21138, -38.3749, 1.7167, 128.106
4625, 77.08334, 8.81237, 84.4298, 24.5784, -126.464, 18.5771, 38.4236, 0.687968, 178.682, 2.21083, -38.4206, 1.71621, 128.11
4626, 77.09167, 8.79834, 84.3119, 24.5663, -126.511, 18.5668, 38.4275, 0.686861, 178.565, 2.21027, -38.4662, 1.71572, 128.113
4626, 77.10000, 8.78433, 84.1939, 24.5543, -126.558, 18.5566, 38.4314, 0.685755, 178.447, 2.20971, -38.5118, 1.71523, 128.116
4627, 77.10833, 8.77034, 84.076, 24.5422, -126.605, 18.5463, 38.4352, 0.68465, 178.329, 2.20915, -38.5574, 1.71475, 128.119
4627, 77.11667, 8.75636, 83.958, 24.5301, -126.652, 18.5361, 38.4391, 0.683545, 178.211, 2.20859, -38.6029, 1.71426, 128.123
4628, 77.12500, 8.7424, 83.84, 24.518, -126.699, 18.5259, 38.4429, 0.682442, 178.094, 2.20802, -38.6485, 1.71378, 128.126
4628, 77.13333, 8.72845, 83.722, 24.5059, -126.746, 18.5157, 38.4467, 0.68134, 177.976, 2.20746, -38.694, 1.7133, 128.129
4629, 77.14167, 8.71452, 83.604, 24.4937, -126.793, 18.5055, 38.4505, 0.680239, 177.858, 2.20689, -38.7395, 1.71283, 128.132
4629, 77.15000, 8.70061, 83.4861, 24.4816, -126.84, 18.4954, 38.4543, 0.679138, 177.74, 2.20632, -38.785, 1.71235, 128.135
4630, 77.15833, 8.68671, 83.3681, 24.4694, -126.887, 18.4853, 38.4581, 0.678039, 177.622, 2.20575, -38.8304, 1.71188, 128.138
4630, 77.16666, 8.67282, 83.25, 24.4573, -126.933, 18.4752, 38.4619, 0.67694, 177.504, 2.20518, -38.8758, 1.71141, 128.141
4630, 77.17500, 8.65895, 83.132, 24.4451, -126.98, 18.4652, 38.4656, 0.675843, 177.386, 2.20461, -38.9212, 1.71094, 128.144
4631, 77.18333, 8.64509, 83.014, 24.4329, -127.027, 18.4551, 38.4693, 0.674746, 177.268, 2.20403, -38.9666, 1.71047, 128.147
4632, 77.19167, 8.63125, 82.896, 24.4207, -127.074, 18.4451, 38.473, 0.673649, 177.15, 2.20346, -39.012, 1.71, 128.15
4632, 77.20000, 8.61742, 82.7779, 24.4084, -127.121, 18.4352, 38.4767, 0.672554, 177.032, 2.20288, -39.0573, 1.70954, 128.153
4633, 77.20834, 8.6036, 82.6599, 24.3962, -127.167, 18.4252, 38.4804, 0.67146, 176.913, 2.2023, -39.1027, 1.70908, 128.156
4633, 77.21667, 8.5898, 82.5418, 24.3839, -127.214, 18.4153, 38.4841, 0.670366, 176.795, 2.20172, -39.148, 1.70862, 128.159
4634, 77.22500, 8.57601, 82.4237, 24.3717, -127.261, 18.4054, 38.4877, 0.669273, 176.677, 2.20114, -39.1933, 1.70816, 128.162
4634, 77.23333, 8.56223, 82.3056, 24.3594, -127.308, 18.3955, 38.4913, 0.66818, 176.559, 2.20055, -39.2385, 1.70771, 128.165
4635, 77.24167, 8.54847, 82.1875, 24.3471, -127.354, 18.3857, 38.4949, 0.667089, 176.44, 2.19997, -39.2838, 1.70725, 128.168
4635, 77.25000, 8.53472, 82.0694, 24.3347, -127.401, 18.3758, 38.4985, 0.665998, 176.322, 2.19938, -39.329, 1.7068, 128.171
4636, 77.25833, 8.52098, 81.9513, 24.3224, -127.448, 18.366, 38.5021, 0.664908, 176.203, 2.19879, -39.3742, 1.70635, 128.174
4636, 77.26667, 8.50725, 81.8331, 24.3101, -127.494, 18.3563, 38.5057, 0.663818, 176.085, 2.1982, -39.4194, 1.70591, 128.176
4637, 77.27500, 8.49353, 81.715, 24.2977, -127.541, 18.3465, 38.5092, 0.662729, 175.966, 2.19761, -39.4646, 1.70546, 128.179
4637, 77.28333, 8.47983, 81.5968, 24.2853, -127.588, 18.3368, 38.5128, 0.66164, 175.848, 2.19701, -39.5097, 1.70502, 128.182
4638, 77.29166, 8.46614, 81.4786, 24.2729, -127.634, 18.3271, 38.5163, 0.660552, 175.729, 2.19642, -39.5548, 1.70458, 128.185
4638, 77.30000, 8.45246, 81.3604, 24.2605, -127.681, 18.3174, 38.5198, 0.659465, 175.61, 2.19582, -39.6, 1.70414, 128.187
4638, 77.30833, 8.43878, 81.2422, 24.2481, -127.727, 18.3078, 38.5233, 0.658378, 175.492, 2.19522, -39.6451, 1.7037, 128.19
4639, 77.31667, 8.42512, 81.1239, 24.2357, -127.774, 18.2981, 38.5267, 0.657292, 175.373, 2.19462, -39.6901, 1.70326, 128.193
4640, 77.32500, 8.41147, 81.0057, 24.2232, -127.82, 18.2885, 38.5302, 0.656206, 175.254, 2.19402, -39.7352, 1.70283, 128.195
4640, 77.33334, 8.39783, 80.8874, 24.2107, -127.867, 18.2789, 38.5336, 0.655121, 175.135, 2.19341, -39.7802, 1.7024, 128.198
4641, 77.34167, 8.3842, 80.7692, 24.1983, -127.913, 18.2694, 38.537, 0.654036, 175.017, 2.19281, -39.8253, 1.70197, 128.201
4641, 77.35000, 8.37058, 80.6509, 24.1858, -127.96, 18.2599, 38.5404, 0.652952, 174.898, 2.1922, -39.8703, 1.70154, 128.203
4642, 77.35833, 8.35697, 80.5326, 24.1732, -128.006, 18.2503, 38.5438, 0.651868, 174.779, 2.19159, -39.9153, 1.70111, 128.206
4642, 77.36667, 8.34337, 80.4142, 24.1607, -128.053, 18.2409, 38.5472, 0.650785, 174.66, 2.19098, -39.9602, 1.70069, 128.208
4643, 77.37500, 8.32978, 80.2959, 24.1482, -128.099, 18.2314, 38.5505, 0.649702, 174.541, 2.19037, -40.0052, 1.70026, 128.211
4643, 77.38333, 8.31619, 80.1775, 24.1356, -128.146, 18.222, 38.5539, 0.648619, 174.422, 2.18975, -40.0501, 1.69984, 128.213
4644, 77.39167, 8.30262, 80.0592, 24.123, -128.192, 18.2126, 38.5572, 0.647536, 174.302, 2.18914, -40.0951, 1.69943, 128.216
4644, 77.40000, 8.28905, 79.9408, 24.1104, -128.239, 18.2032, 38.5605, 0.646454, 174.183, 2.18852, -40.14, 1.69901, 128.218
4645, 77.40833, 8.27549, 79.8224, 24.0978, -128.285, 18.1938, 38.5638, 0.645373, 174.064, 2.1879, -40.1849, 1.69859, 128.221
4645, 77.41666, 8.26194, 79.7039, 24.0852, -128.331, 18.1845, 38.5671, 0.644291, 173.945, 2.18728, -40.2297, 1.69818, 128.223
4646, 77.42500, 8.24839, 79.5855, 24.0725, -128.378, 18.1752, 38.5703, 0.64321, 173.825, 2.18666, -40.2746, 1.69777, 128.225
4646, 77.43333, 8.23486, 79.467, 24.0598, -128.424, 18.1659, 38.5736, 0.642129, 173.706, 2.18603, -40.3194, 1.69736, 128.228
4646, 77.44167, 8.22133, 79.3485, 24.0471, -128.47, 18.1566, 38.5768, 0.641048, 173.587, 2.1854, -40.3643, 1.69695, 128.23
4647, 77.45000, 8.20781, 79.23, 24.0344, -128.517, 18.1474, 38.58, 0.639968, 173.467, 2.18477, -40.4091, 1.69655, 128.232
4648, 77.45834, 8.19429, 79.1115, 24.0217, -128.563, 18.1382, 38.5832, 0.638888, 173.348, 2.18414, -40.4539, 1.69615, 128.235
4648, 77.46667, 8.18078, 78.993, 24.009, -128.609, 18.129, 38.5863, 0.637808, 173.228, 2.18351, -40.4986, 1.69574, 128.237
4649, 77.47500, 8.16728, 78.8745, 23.9962, -128.656, 18.1198, 38.5895, 0.636728, 173.108, 2.18288, -40.5434, 1.69534, 128.239
4649, 77.48333, 8.15378, 78.7559, 23.9835, -128.702, 18.1107, 38.5926, 0.635648, 172.989, 2.18224, -40.5881, 1.69495, 128.241
4650, 77.49167, 8.14029, 78.6373, 23.9707, -128.748, 18.1016, 38.5958, 0.634569, 172.869, 2.1816, -40.6329, 1.69455, 128.244
4650, 77.50000, 8.1268, 78.5187, 23.9579, -128.794, 18.0925, 38.5989, 0.633489, 172.749, 2.18096, -40.6776, 1.69416, 128.246
4651, 77.50833, 8.11332, 78.4001, 23.945, -128.841, 18.0834, 38.602, 0.63241, 172.63, 2.18032, -40.7223, 1.69377, 128.248
4651, 77.51667, 8.09984, 78.2814, 23.9322, -128.887, 18.0744, 38.605, 0.63133, 172.51, 2.17967, -40.767, 1.69337, 128.25
4652, 77.52500, 8.08637, 78.1628, 23.9193, -128.933, 18.0653, 38.6081, 0.630251, 172.39, 2.17903, -40.8116, 1.69299, 128.252
4652, 77.53333, 8.07291, 78.0441, 23.9064, -128.979, 18.0563, 38.6111, 0.629172, 172.27, 2.17838, -40.8563, 1.6926, 128.254
4653, 77.54166, 8.05944, 77.9255, 23.8935, -129.025, 18.0474, 38.6141, 0.628092, 172.15, 2.17773, -40.9009, 1.69222, 128.256
4653, 77.55000, 8.04599, 77.8068, 23.8806, -129.071, 18.0384, 38.6171, 0.627013, 172.03, 2.17708, -40.9455, 1.69183, 128.258
4654, 77.55833, 8.03253, 77.688, 23.8677, -129.118, 18.0295, 38.6201, 0.625934, 171.91, 2.17642, -40.9901, 1.69145, 128.26
4654, 77.56667, 8.01908, 77.5693, 23.8547, -129.164, 18.0206, 38.6231, 0.624855, 171.79, 2.17577, -41.0347, 1.69107, 128.262
4654, 77.57500, 8.00563, 77.4506, 23.8417, -129.21, 18.0117, 38.6261, 0.623775, 171.67, 2.17511, -41.0793, 1.6907, 128.264
4655, 77.58334, 7.99219, 77.3318, 23.8287, -129.256, 18.0028, 38.629, 0.622696, 171.55, 2.17445, -41.1239, 1.69032, 128.266
4656, 77.59167, 7.97875, 77.213, 23.8157, -129.302, 17.994, 38.6319, 0.621616, 171.43, 2.17379, -41.1684, 1.68995, 128.268
4656, 77.60000, 7.96531, 77.0942, 23.8027, -129.348, 17.9852, 38.6348, 0.620536, 171.309, 2.17312, -41.2129, 1.68958, 128.27
4657, 77.60833, 7.95188, 76.9754, 23.7896, -129.394, 17.9764, 38.6377, 0.619457, 171.189, 2.17245, -41.2575, 1.68921, 128.272
4657, 77.61667, 7.93844, 76.8566, 23.7766, -129.44, 17.9677, 38.6406, 0.618376, 171.069, 2.17179, -41.3019, 1.68884, 128.274
4658, 77.62500, 7.92501, 76.7377, 23.7635, -129.486, 17.9589, 38.6434, 0.617296, 170.948, 2.17111, -41.3464, 1.68848, 128.275
4658, 77.63333, 7.91158, 76.6189, 23.7503, -129.532, 17.9502, 38.6462, 0.616216, 170.828, 2.17044, -41.3909, 1.68811, 128.277
4659, 77.64167, 7.89815, 76.5, 23.7372, -129.578, 17.9415, 38.649, 0.615135, 170.707, 2.16977, -41.4353, 1.68775, 128.279
4659, 77.65000, 7.88473, 76.3812, 23.724, -129.624, 17.9329, 38.6518, 0.614055, 170.587, 2.16909, -41.4798, 1.68739, 128.281
4660, 77.65833, 7.8713, 76.2623, 23.7109, -129.67, 17.9242, 38.6546, 0.612974, 170.466, 2.16841, -41.5242, 1.68703, 128.282
4660, 77.66666, 7.85788, 76.1434, 23.6977, -129.716, 17.9156, 38.6574, 0.611892, 170.346, 2.16773, -41.5686, 1.68668, 128.284
4661, 77.67500, 7.84445, 76.0244, 23.6844, -129.762, 17.907, 38.6601, 0.610811, 170.225, 2.16705, -41.613, 1.68632, 128.286
4661, 77.68333, 7.83103, 75.9055, 23.6712, -129.808, 17.8985, 38.6628, 0.609729, 170.105, 2.16636, -41.6574, 1.68597, 128.287
4662, 77.69167, 7.81761, 75.7866, 23.6579, -129.854, 17.8899, 38.6655, 0.608646, 169.984, 2.16567, -41.7017, 1.68562, 128.289
4662, 77.70000, 7.80419, 75.6676, 23.6446, -129.9, 17.8814, 38.6682, 0.607564, 169.863, 2.16498, -41.746, 1.68527, 128.291
4662, 77.70834, 7.79076, 75.5487, 23.6313, -129.946, 17.8729, 38.6709, 0.606481, 169.742, 2.16429, -41.7904, 1.68492, 128.292
4663, 77.71667, 7.77734, 75.4297, 23.618, -129.992, 17.8645, 38.6735, 0.605398, 169.622, 2.16359, -41.8347, 1.68458, 128.294
4664, 77.72500, 7.76392, 75.3107, 23.6047, -130.038, 17.856, 38.6761, 0.604314, 169.501, 2.1629, -41.879, 1.68424, 128.295
4664, 77.73333, 7.75049, 75.1918, 23.5913, -130.084, 17.8476, 38.6787, 0.60323, 169.38, 2.1622, -41.9232, 1.68389, 128.297
4665, 77.74167, 7.73706, 75.0728, 23.5779, -130.13, 17.8392, 38.6813, 0.602145, 169.259, 2.1615, -41.9675, 1.68356, 128.298
4665, 77.75000, 7.72364, 74.9538, 23.5645, -130.175, 17.8308, 38.6839, 0.60106, 169.138, 2.16079, -42.0117, 1.68322, 128.299
4666, 77.75833, 7.71021, 74.8348, 23.551, -130.221, 17.8225, 38.6864, 0.599975, 169.017, 2.16009, -42.056, 1.68288, 128.301
4666, 77.76667, 7.69678, 74.7158, 23.5376, -130.267, 17.8141, 38.689, 0.598889, 168.896, 2.15938, -42.1002, 1.68255, 128.302
4667, 77.77500, 7.68335, 74.5968, 23.5241, -130.313, 17.8058, 38.6915, 0.597802, 168.775, 2.15867, -42.1443, 1.68222, 128.304
4667, 77.78333, 7.66991, 74.4778, 23.5106, -130.359, 17.7976, 38.694, 0.596715, 168.654, 2.15795, -42.1885, 1.68189, 128.305
4668, 77.79166, 7.65648, 74.3587, 23.4971, -130.404, 17.7893, 38.6964, 0.595628, 168.533, 2.15724, -42.2327, 1.68156, 128.306
4668, 77.80000, 7.64304, 74.2397, 23.4835, -130.45, 17.7811, 38.6989, 0.59454, 168.412, 2.15652, -42.2768, 1.68124, 128.308
4669, 77.80833, 7.6296, 74.1207, 23.4699, -130.496, 17.7729, 38.7013, 0.593451, 168.291, 2.1558, -42.3209, 1.68091, 128.309
4669, 77.81667, 7.61615, 74.0017, 23.4563, -130.542, 17.7647, 38.7037, 0.592362, 168.17, 2.15508, -42.365, 1.68059, 128.31
4670, 77.82500, 7.6027, 73.8827, 23.4427, -130.587, 17.7565, 38.7061, 0.591272, 168.048, 2.15435, -42.4091, 1.68027, 128.311
4670, 77.83334, 7.58925, 73.7636, 23.4291, -130.633, 17.7484, 38.7084, 0.590181, 167.927, 2.15363, -42.4532, 1.67995, 128.312
4670, 77.84167, 7.5758, 73.6446, 23.4154, -130.679, 17.7403, 38.7108, 0.58909, 167.806, 2.1529, -42.4972, 1.67964, 128.313
4671, 77.85000, 7.56234, 73.5256, 23.4017, -130.724, 17.7322, 38.7131, 0.587998, 167.685, 2.15216, -42.5412, 1.67932, 128.315
4672, 77.85833, 7.54887, 73.4066, 23.388, -130.77, 17.7242, 38.7154, 0.586906, 167.564, 2.15143, -42.5852, 1.67901, 128.316
4672, 77.86667, 7.53541, 73.2876, 23.3742, -130.816, 17.7161, 38.7177, 0.585812, 167.442, 2.15069, -42.6292, 1.6787, 128.317
4673, 77.87500, 7.52193, 73.1686, 23.3605, -130.861, 17.7081, 38.7199, 0.584719, 167.321, 2.14995, -42.6732, 1.67839, 128.318
4673, 77.88333, 7.50846, 73.0496, 23.3467, -130.907, 17.7001, 38.7222, 0.583624, 167.2, 2.14921, -42.7172, 1.67808, 128.319
4674, 77.89167, 7.49497, 72.9306, 23.3329, -130.952, 17.6922, 38.7244, 0.582528, 167.078, 2.14847, -42.7611, 1.67778, 128.32
4674, 77.90000, 7.48149, 72.8117, 23.319, -130.998, 17.6842, 38.7266, 0.581432, 166.957, 2.14772, -42.805, 1.67748, 128.321
4675, 77.90833, 7.468, 72.6927, 23.3052, -131.043, 17.6763, 38.7287, 0.580335, 166.836, 2.14697, -42.8489, 1.67718, 128.322
4675, 77.91666, 7.4545, 72.5737, 23.2913, -131.089, 17.6684, 38.7309, 0.579238, 166.714, 2.14622, -42.8928, 1.67688, 128.322
4676, 77.92500, 7.44099, 72.4548, 23.2774, -131.135, 17.6606, 38.733, 0.578139, 166.593, 2.14546, -42.9366, 1.67658, 128.323
4676, 77.93333, 7.42749, 72.3359, 23.2634, -131.18, 17.6527, 38.7351, 0.57704, 166.472, 2.1447, -42.9804, 1.67629, 128.324
4677, 77.94167, 7.41397, 72.217, 23.2494, -131.225, 17.6449, 38.7371, 0.575939, 166.35, 2.14394, -43.0242, 1.67599, 128.325
4677, 77.95000, 7.40045, 72.0981, 23.2355, -131.271, 17.6371, 38.7392, 0.574838, 166.229, 2.14318, -43.068, 1.6757, 128.326
4678, 77.95834, 7.38692, 71.9793, 23.2214, -131.316, 17.6294, 38.7412, 0.573736, 166.107, 2.14242, -43.1118, 1.67541, 128.326
4678, 77.96667, 7.37338, 71.8604, 23.2074, -131.362, 17.6216, 38.7432, 0.572633, 165.986, 2.14165, -43.1555, 1.67513, 128.327
4678, 77.97500, 7.35984, 71.7416, 23.1933, -131.407, 17.6139, 38.7452, 0.571529, 165.865, 2.14088, -43.1992, 1.67484, 128.328
4679, 77.98333, 7.34629, 71.6228, 23.1792, -131.452, 17.6062, 38.7471, 0.570424, 165.743, 2.1401, -43.2429, 1.67456, 128.328
4680, 77.99167, 7.33273, 71.504, 23.1651, -131.498, 17.5986, 38.749, 0.569319, 165.622, 2.13933, -43.2866, 1.67428, 128.329
4680, 78.00000, 7.31917, 71.3853, 23.151, -131.543, 17.5909, 38.7509, 0.568212, 165.5, 2.13855, -43.3303, 1.674, 128.329
4681, 78.00833, 7.3056, 71.2665, 23.1368, -131.588, 17.5833, 38.7528, 0.567104, 165.379, 2.13777, -43.3739, 1.67372, 128.33
4681, 78.01667, 7.29202, 71.1478, 23.1226, -131.634, 17.5757, 38.7546, 0.565996, 165.258, 2.13699, -43.4175, 1.67345, 128.33
4682, 78.02500, 7.27843, 71.0292, 23.1084, -131.679, 17.5682, 38.7564, 0.564886, 165.136, 2.1362, -43.4611, 1.67317, 128.331
4682, 78.03333, 7.26483, 70.9106, 23.0941, -131.724, 17.5606, 38.7582, 0.563775, 165.015, 2.13541, -43.5046, 1.6729, 128.331
4683, 78.04166, 7.25122, 70.792, 23.0798, -131.769, 17.5531, 38.76, 0.562663, 164.894, 2.13462, -43.5482, 1.67263, 128.332
4683, 78.05000, 7.23761, 70.6734, 23.0655, -131.815, 17.5456, 38.7617, 0.56155, 164.773, 2.13382, -43.5917, 1.67237, 128.332
4684, 78.05833, 7.22399, 70.5549, 23.0512, -131.86, 17.5382, 38.7634, 0.560437, 164.651, 2.13302, -43.6351, 1.6721, 128.332
4684, 78.06667, 7.21035, 70.4364, 23.0368, -131.905, 17.5307, 38.7651, 0.559322, 164.53, 2.13222, -43.6786, 1.67184, 128.333
4685, 78.07500, 7.19671, 70.318, 23.0224, -131.95, 17.5233, 38.7667, 0.558205, 164.409, 2.13142, -43.722, 1.67158, 128.333
4685, 78.08334, 7.18306, 70.1996, 23.008, -131.995, 17.5159, 38.7683, 0.557088, 164.288, 2.13062, -43.7654, 1.67132, 128.333
4686, 78.09167, 7.1694, 70.0813, 22.9935, -132.04, 17.5086, 38.7699, 0.55597, 164.166, 2.12981, -43.8088, 1.67106, 128.333
4686, 78.10000, 7.15573, 69.963, 22.9791, -132.085, 17.5012, 38.7715, 0.55485, 164.045, 2.129, -43.8521, 1.67081, 128.334
4686, 78.10833, 7.14205, 69.8447, 22.9646, -132.13, 17.4939, 38.773, 0.55373, 163.924, 2.12818, -43.8954, 1.67055, 128.334
4687, 78.11667, 7.12836, 69.7265, 22.95, -132.175, 17.4866, 38.7745, 0.552608, 163.803, 2.12736, -43.9387, 1.6703, 128.334
4688, 78.12500, 7.11466, 69.6084, 22.9355, -132.22, 17.4794, 38.7759, 0.551485, 163.682, 2.12654, -43.982, 1.67005, 128.334
4688, 78.13333, 7.10095, 69.4903, 22.9209, -132.265, 17.4722, 38.7774, 0.55036, 163.561, 2.12572, -44.0252, 1.66981, 128.334
4689, 78.14167, 7.08722, 69.3723, 22.9063, -132.31, 17.4649, 38.7788, 0.549235, 163.44, 2.1249, -44.0684, 1.66956, 128.334
4689, 78.15000, 7.07349, 69.2544, 22.8916, -132.355, 17.4578, 38.7801, 0.548108, 163.319, 2.12407, -44.1116, 1.66932, 128.334
4690, 78.15833, 7.05975, 69.1365, 22.877, -132.4, 17.4506, 38.7814, 0.54698, 163.198, 2.12323, -44.1547, 1.66908, 128.334
4690, 78.16666, 7.04599, 69.0187, 22.8623, -132.445, 17.4435, 38.7827, 0.545851, 163.078, 2.1224, -44.1978, 1.66884, 128.334
4691, 78.17500, 7.03222, 68.9009, 22.8475, -132.489, 17.4364, 38.784, 0.54472, 162.957, 2.12156, -44.2409, 1.66861, 128.333
4691, 78.18333, 7.01844, 68.7832, 22.8328, -132.534, 17.4293, 38.7852, 0.543589, 162.836, 2.12072, -44.284, 1.66837, 128.333
4691, 78.19167, 7.00465, 68.6656, 22.818, -132.579, 17.4222, 38.7864, 0.542455, 162.716, 2.11988, -44.327, 1.66814, 128.333
4692, 78.20000, 6.99085, 68.5481, 22.8032, -132.624, 17.4152, 38.7875, 0.541321, 162.595, 2.11903, -44.37, 1.66791, 128.333
4693, 78.20834, 6.97704, 68.4306, 22.7883, -132.668, 17.4082, 38.7887, 0.540185, 162.475, 2.11818, -44.4129, 1.66768, 128.332
4693, 78.21667, 6.96321, 68.3133, 22.7734, -132.713, 17.4012, 38.7897, 0.539048, 162.354, 2.11733, -44.4558, 1.66745, 128.332
4694, 78.22500, 6.94937, 68.196, 22.7585, -132.757, 17.3943, 38.7908, 0.53791, 162.234, 2.11648, -44.4987, 1.66723, 128.331
4694, 78.23333, 6.93552, 68.0788, 22.7436, -132.802, 17.3874, 38.7918, 0.53677, 162.114, 2.11562, -44.5415, 1.66701, 128.331
4694, 78.24167, 6.92166, 67.9617, 22.7286, -132.846, 17.3805, 38.7927, 0.535629, 161.994, 2.11476, -44.5843, 1.66679, 128.33
4695, 78.25000, 6.90778, 67.8447, 22.7136, -132.891, 17.3736, 38.7936, 0.534486, 161.873, 2.11389, -44.6271, 1.66657, 128.33
4696, 78.25833, 6.89389, 67.7278, 22.6986, -132.935, 17.3668, 38.7945, 0.533343, 161.753, 2.11303, -44.6698, 1.66636, 128.329
4696, 78.26667, 6.87999, 67.611, 22.6835, -132.98, 17.3599, 38.7954, 0.532197, 161.634, 2.11216, -44.7126, 1.66614, 128.328
4697, 78.27500, 6.86607, 67.4943, 22.6684, -133.024, 17.3532, 38.7962, 0.531051, 161.514, 2.11128, -44.7552, 1.66593, 128.328
4697, 78.28333, 6.85214, 67.3777, 22.6533, -133.069, 17.3464, 38.7969, 0.529903, 161.394, 2.11041, -44.7978, 1.66572, 128.327
4698, 78.29166, 6.8382, 67.2612, 22.6382, -133.113, 17.3397, 38.7976, 0.528753, 161.274, 2.10953, -44.8404, 1.66552, 128.326
4698, 78.30000, 6.82424, 67.1449, 22.623, -133.157, 17.3329, 38.7983, 0.527602, 161.155, 2.10865, -44.883, 1.66531, 128.325
4699, 78.30833, 6.81028, 67.0286, 22.6078, -133.201, 17.3263, 38.7989, 0.52645, 161.036, 2.10776, -44.9255, 1.66511, 128.324
4699, 78.31667, 6.79629, 66.9125, 22.5926, -133.246, 17.3196, 38.7995, 0.525296, 160.916, 2.10687, -44.9679, 1.66491, 128.323
4699, 78.32500, 6.7823, 66.7965, 22.5773, -133.29, 17.313, 38.8, 0.52414, 160.797, 2.10598, -45.0103, 1.66471, 128.322
4700, 78.33334, 6.76829, 66.6806, 22.562, -133.334, 17.3064, 38.8005, 0.522984, 160.678, 2.10508, -45.0527, 1.66451, 128.321
4701, 78.34167, 6.75426, 66.5649, 22.5466, -133.378, 17.2998, 38.8009, 0.521825, 160.559, 2.10419, -45.095, 1.66432, 128.32
4701, 78.35000, 6.74022, 66.4493, 22.5313, -133.422, 17.2932, 38.8013, 0.520666, 160.441, 2.10329, -45.1373, 1.66413, 128.319
4702, 78.35833, 6.72617, 66.3338, 22.5159, -133.466, 17.2867, 38.8016, 0.519504, 160.322, 2.10238, -45.1796, 1.66394, 128.318
4702, 78.36667, 6.7121, 66.2185, 22.5005, -133.51, 17.2802, 38.8019, 0.518342, 160.204, 2.10147, -45.2218, 1.66375, 128.317
4703, 78.37500, 6.69802, 66.1033, 22.485, -133.554, 17.2737, 38.8022, 0.517178, 160.085, 2.10056, -45.2639, 1.66357, 128.315
4703, 78.38333, 6.68392, 65.9883, 22.4695, -133.597, 17.2673, 38.8024, 0.516012, 159.967, 2.09965, -45.3061, 1.66338, 128.314
4704, 78.39167, 6.66981, 65.8735, 22.454, -133.641, 17.2609, 38.8025, 0.514845, 159.849, 2.09873, -45.3481, 1.6632, 128.313
4704, 78.40000, 6.65569, 65.7588, 22.4385, -133.685, 17.2545, 38.8026, 0.513676, 159.731, 2.09781, -45.3901, 1.66302, 128.311
4705, 78.40833, 6.64155, 65.6442, 22.4229, -133.729, 17.2481, 38.8026, 0.512506, 159.614, 2.09689, -45.4321, 1.66285, 128.31
4705, 78.41666, 6.62739, 65.5299, 22.4073, -133.772, 17.2418, 38.8026, 0.511334, 159.496, 2.09597, -45.474, 1.66267, 128.308
4706, 78.42500, 6.61322, 65.4157, 22.3916, -133.816, 17.2355, 38.8025, 0.510161, 159.379, 2.09504, -45.5159, 1.6625, 128.306
4706, 78.43333, 6.59904, 65.3017, 22.3759, -133.859, 17.2292, 38.8023, 0.508986, 159.262, 2.0941, -45.5577, 1.66233, 128.305
4707, 78.44167, 6.58484, 65.1878, 22.3602, -133.903, 17.2229, 38.8021, 0.50781, 159.145, 2.09317, -45.5995, 1.66216, 128.303
4707, 78.45000, 6.57062, 65.0742, 22.3445, -133.946, 17.2167, 38.8019, 0.506632, 159.028, 2.09223, -45.6412, 1.66199, 128.301
4707, 78.45834, 6.5564, 64.9607, 22.3287, -133.99, 17.2105, 38.8016, 0.505453, 158.911, 2.09129, -45.6828, 1.66183, 128.299
4708, 78.46667, 6.54215, 64.8475, 22.3129, -134.033, 17.2043, 38.8012, 0.504272, 158.795, 2.09034, -45.7245, 1.66167, 128.297
4709, 78.47500, 6.52789, 64.7344, 22.2971, -134.076, 17.1981, 38.8007, 0.503089, 158.679, 2.08939, -45.766, 1.66151, 128.295
4709, 78.48333, 6.51362, 64.6216, 22.2812, -134.119, 17.192, 38.8002, 0.501906, 158.563, 2.08844, -45.8075, 1.66135, 128.293
4710, 78.49167, 6.49933, 64.509, 22.2653, -134.163, 17.1859, 38.7997, 0.50072, 158.447, 2.08749, -45.849, 1.6612, 128.291
4710, 78.50000, 6.48503, 64.3966, 22.2494, -134.206, 17.1798, 38.799, 0.499533, 158.332, 2.08653, -45.8903, 1.66104, 128.288
4711, 78.50833, 6.47071, 64.2844, 22.2334, -134.249, 17.1738, 38.7984, 0.498345, 158.217, 2.08557, -45.9317, 1.66089, 128.286
4711, 78.51667, 6.45638, 64.1724, 22.2174, -134.292, 17.1678, 38.7976, 0.497155, 158.102, 2.0846, -45.9729, 1.66074, 128.284
4712, 78.52500, 6.44203, 64.0607, 22.2014, -134.335, 17.1618, 38.7968, 0.495963, 157.987, 2.08363, -46.0141, 1.6606, 128.281
4712, 78.53333, 6.42767, 63.9492, 22.1854, -134.378, 17.1558, 38.7959, 0.49477, 157.872, 2.08266, -46.0553, 1.66045, 128.279
4713, 78.54166, 6.41329, 63.838, 22.1693, -134.42, 17.1499, 38.7949, 0.493576, 157.758, 2.08169, -46.0964, 1.66031, 128.276
4713, 78.55000, 6.39889, 63.727, 22.1531, -134.463, 17.1439, 38.7939, 0.49238, 157.644, 2.08071, -46.1374, 1.66017, 128.274
4714, 78.55833, 6.38449, 63.6163, 22.137, -134.506, 17.1381, 38.7927, 0.491183, 157.531, 2.07973, -46.1784, 1.66003, 128.271
4714, 78.56667, 6.37007, 63.5058, 22.1208, -134.548, 17.1322, 38.7916, 0.489984, 157.417, 2.07875, -46.2193, 1.6599, 128.268
4715, 78.57500, 6.35563, 63.3956, 22.1046, -134.591, 17.1264, 38.7903, 0.488784, 157.304, 2.07776, -46.2601, 1.65976, 128.265
4715, 78.58334, 6.34118, 63.2857, 22.0883, -134.633, 17.1205, 38.789, 0.487582, 157.191, 2.07677, -46.3009, 1.65963, 128.262
4715, 78.59167, 6.32671, 63.176, 22.0721, -134.676, 17.1148, 38.7875, 0.486379, 157.079, 2.07578, -46.3416, 1.6595, 128.259
4716, 78.60000, 6.31223, 63.0667, 22.0557, -134.718, 17.109, 38.7861, 0.485174, 156.967, 2.07478, -46.3822, 1.65937, 128.256
4717, 78.60833, 6.29774, 62.9576, 22.0394, -134.76, 17.1033, 38.7845, 0.483968, 156.855, 2.07378, -46.4228, 1.65925, 128.253
4717, 78.61667, 6.28323, 62.8488, 22.023, -134.802, 17.0976, 38.7828, 0.482761, 156.743, 2.07278, -46.4633, 1.65912, 128.249
4718, 78.62500, 6.26871, 62.7404, 22.0066, -134.844, 17.0919, 38.7811, 0.481552, 156.632, 2.07177, -46.5037, 1.659, 128.246
4718, 78.63333, 6.25418, 62.6322, 21.9902, -134.886, 17.0862, 38.7793, 0.480342, 156.521, 2.07076, -46.544, 1.65888, 128.243
4719, 78.64167, 6.23963, 62.5244, 21.9737, -134.928, 17.0806, 38.7774, 0.47913, 156.411, 2.06975, -46.5843, 1.65876, 128.239
4719, 78.65000, 6.22507, 62.4169, 21.9572, -134.97, 17.075, 38.7754, 0.477917, 156.3, 2.06873, -46.6245, 1.65865, 128.236
4720, 78.65833, 6.21049, 62.3097, 21.9407, -135.012, 17.0694, 38.7734, 0.476703, 156.191, 2.06771, -46.6646, 1.65854, 128.232
4720, 78.66666, 6.1959, 62.2029, 21.9241, -135.054, 17.0638, 38.7712, 0.475488, 156.081, 2.06669, -46.7047, 1.65842, 128.228
4721, 78.67500, 6.1813, 62.0964, 21.9075, -135.095, 17.0583, 38.769, 0.474271, 155.972, 2.06566, -46.7447, 1.65831, 128.224
4721, 78.68333, 6.16669, 61.9903, 21.8909, -135.137, 17.0528, 38.7666, 0.473053, 155.863, 2.06463, -46.7846, 1.65821, 128.22
4722, 78.69167, 6.15206, 61.8845, 21.8743, -135.178, 17.0473, 38.7642, 0.471833, 155.755, 2.0636, -46.8244, 1.6581, 128.216
4722, 78.70000, 6.13742, 61.7792, 21.8576, -135.22, 17.0418, 38.7617, 0.470613, 155.647, 2.06257, -46.8641, 1.658, 128.212
4723, 78.70834, 6.12277, 61.6741, 21.8409, -135.261, 17.0364, 38.7591, 0.469391, 155.54, 2.06153, -46.9038, 1.6579, 128.208
4723, 78.71667, 6.10811, 61.5695, 21.8241, -135.302, 17.031, 38.7564, 0.468168, 155.433, 2.06049, -46.9434, 1.6578, 128.203
4723, 78.72500, 6.09344, 61.4653, 21.8073, -135.343, 17.0256, 38.7535, 0.466944, 155.326, 2.05944, -46.9828, 1.6577, 128.199
4724, 78.73333, 6.07875, 61.3614, 21.7905, -135.384, 17.0202, 38.7506, 0.465719, 155.22, 2.05839, -47.0223, 1.6576, 128.194
4725, 78.74167, 6.06406, 61.258, 21.7737, -135.425, 17.0149, 38.7476, 0.464493, 155.114, 2.05734, -47.0616, 1.65751, 128.19
4725, 78.75000, 6.04935, 61.1549, 21.7568, -135.466, 17.0095, 38.7445, 0.463266, 155.009, 2.05629, -47.1008, 1.65742, 128.185
4726, 78.75833, 6.03463, 61.0523, 21.7399, -135.507, 17.0042, 38.7413, 0.462038, 154.904, 2.05523, -47.14, 1.65733, 128.18
4726, 78.76667, 6.01991, 60.9502, 21.723, -135.548, 16.999, 38.738, 0.460808, 154.8, 2.05417, -47.179, 1.65724, 128.175
4727, 78.77500, 6.00517, 60.8484, 21.706, -135.588, 16.9937, 38.7346, 0.459578, 154.696, 2.05311, -47.218, 1.65715, 128.17
4727, 78.78333, 5.99042, 60.7471, 21.689, -135.629, 16.9885, 38.7311, 0.458347, 154.593, 2.05204, -47.2569, 1.65706, 128.165
4728, 78.79166, 5.97567, 60.6463, 21.672, -135.669, 16.9833, 38.7275, 0.457115, 154.49, 2.05097, -47.2956, 1.65698, 128.16
4728, 78.80000, 5.96091, 60.5459, 21.655, -135.709, 16.9781, 38.7237, 0.455882, 154.388, 2.0499, -47.3343, 1.6569, 128.154
4729, 78.80833, 5.94614, 60.446, 21.6379, -135.749, 16.9729, 38.7199, 0.454648, 154.286, 2.04882, -47.3729, 1.65682, 128.149
4729, 78.81667, 5.93135, 60.3466, 21.6208, -135.789, 16.9678, 38.7159, 0.453413, 154.185, 2.04774, -47.4114, 1.65674, 128.143
4730, 78.82500, 5.91657, 60.2476, 21.6037, -135.829, 16.9626, 38.7119, 0.452178, 154.085, 2.04666, -47.4498, 1.65666, 128.137
4730, 78.83334, 5.90178, 60.1492, 21.5865, -135.869, 16.9575, 38.7077, 0.450942, 153.984, 2.04558, -47.4881, 1.65659, 128.132
4731, 78.84167, 5.88697, 60.0512, 21.5693, -135.909, 16.9524, 38.7034, 0.449705, 153.885, 2.04449, -47.5263, 1.65651, 128.126
4731, 78.85000, 5.87217, 59.9538, 21.5521, -135.949, 16.9474, 38.699, 0.448468, 153.786, 2.0434, -47.5644, 1.65644, 128.12
4731, 78.85833, 5.85736, 59.8569, 21.5349, -135.988, 16.9423, 38.6944, 0.44723, 153.688, 2.04231, -47.6024, 1.65637, 128.113
4732, 78.86667, 5.84254, 59.7605, 21.5176, -136.028, 16.9373, 38.6898, 0.445992, 153.59, 2.04121, -47.6403, 1.6563, 128.107
4733, 78.87500, 5.82772, 59.6647, 21.5003, -136.067, 16.9323, 38.685, 0.444753, 153.493, 2.04011, -47.6781, 1.65623, 128.101
4733, 78.88333, 5.8129, 59.5694, 21.483, -136.106, 16.9273, 38.6801, 0.443514, 153.396, 2.03901, -47.7158, 1.65617, 128.094
4734, 78.89167, 5.79807, 59.4746, 21.4656, -136.145, 16.9223, 38.6751, 0.442274, 153.3, 2.0379, -47.7534, 1.6561, 128.087
4734, 78.90000, 5.78323, 59.3804, 21.4483, -136.184, 16.9173, 38.6699, 0.441034, 153.205, 2.0368, -47.7909, 1.65604, 128.081
4735, 78.90833, 5.7684, 59.2868, 21.4309, -136.223, 16.9124, 38.6647, 0.439794, 153.11, 2.03569, -47.8282, 1.65598, 128.074
4735, 78.91666, 5.75356, 59.1938, 21.4135, -136.262, 16.9075, 38.6593, 0.438553, 153.016, 2.03457, -47.8655, 1.65592, 128.067
4736, 78.92500, 5.73873, 59.1013, 21.396, -136.3, 16.9026, 38.6537, 0.437312, 152.923, 2.03346, -47.9026, 1.65586, 128.06
4736, 78.93333, 5.72389, 59.0095, 21.3785, -136.339, 16.8977, 38.6481, 0.436072, 152.831, 2.03234, -47.9397, 1.6558, 128.052
4737, 78.94167, 5.70905, 58.9183, 21.361, -136.377, 16.8928, 38.6423, 0.434831, 152.739, 2.03122, -47.9766, 1.65574, 128.045
4737, 78.95000, 5.69421, 58.8277, 21.3435, -136.416, 16.8879, 38.6364, 0.43359, 152.647, 2.03009, -48.0134, 1.65568, 128.037
4738, 78.95834, 5.67938, 58.7377, 21.326, -136.454, 16.8831, 38.6303, 0.432349, 152.557, 2.02897, -48.05, 1.65563, 128.03
4738, 78.96667, 5.66454, 58.6483, 21.3084, -136.492, 16.8783, 38.6241, 0.431109, 152.467, 2.02784, -48.0866, 1.65557, 128.022
4739, 78.97500, 5.64971, 58.5596, 21.2908, -136.529, 16.8734, 38.6178, 0.429868, 152.378, 2.02671, -48.1231, 1.65552, 128.014
4739, 78.98333, 5.63489, 58.4716, 21.2732, -136.567, 16.8686, 38.6113, 0.428628, 152.29, 2.02557, -48.1594, 1.65547, 128.006
4739, 78.99167, 5.62006, 58.3842, 21.2556, -136.605, 16.8638, 38.6047, 0.427388, 152.202, 2.02443, -48.1956, 1.65541, 127.998
4740, 79.00000, 5.60524, 58.2974, 21.2379, -136.642, 16.859, 38.598, 0.426149, 152.116, 2.0233, -48.2317, 1.65536, 127.989
4741, 79.00833, 5.59043, 58.2114, 21.2202, -136.68, 16.8543, 38.5911, 0.42491, 152.03, 2.02215, -48.2676, 1.65531, 127.981
4741, 79.01667, 5.57562, 58.126, 21.2025, -136.717, 16.8495, 38.5841, 0.423671, 151.944, 2.02101, -48.3035, 1.65526, 127.972
4742, 79.02500, 5.56082, 58.0414, 21.1848, -136.754, 16.8448, 38.5769, 0.422433, 151.86, 2.01986, -48.3392, 1.65521, 127.964
4742, 79.03333, 5.54603, 57.9574, 21.1671, -136.791, 16.84, 38.5696, 0.421196, 151.776, 2.01871, -48.3748, 1.65517, 127.955
4743, 79.04166, 5.53125, 57.8742, 21.1493, -136.828, 16.8353, 38.5622, 0.41996, 151.694, 2.01756, -48.4102, 1.65512, 127.946
4743, 79.05000, 5.51647, 57.7916, 21.1315, -136.864, 16.8306, 38.5546, 0.418724, 151.612, 2.01641, -48.4455, 1.65507, 127.937
4744, 79.05833, 5.50171, 57.7099, 21.1137, -136.901, 16.8258, 38.5468, 0.41749, 151.531, 2.01525, -48.4807, 1.65502, 127.927
4744, 79.06667, 5.48696, 57.6288, 21.0959, -136.937, 16.8211, 38.5389, 0.416256, 151.45, 2.0141, -48.5158, 1.65498, 127.918
4745, 79.07500, 5.47222, 57.5485, 21.0781, -136.973, 16.8164, 38.5309, 0.415023, 151.371, 2.01294, -48.5507, 1.65493, 127.908
4745, 79.08334, 5.45749, 57.469, 21.0602, -137.009, 16.8117, 38.5227, 0.413792, 151.293, 2.01178, -48.5855, 1.65489, 127.898
4746, 79.09167, 5.44277, 57.3902, 21.0424, -137.045, 16.8071, 38.5144, 0.412561, 151.215, 2.01061, -48.6202, 1.65484, 127.889
4746, 79.10000, 5.42807, 57.3122, 21.0245, -137.081, 16.8024, 38.5059, 0.411332, 151.138, 2.00945, -48.6547, 1.6548, 127.878
4747, 79.10833, 5.41339, 57.2349, 21.0066, -137.117, 16.7977, 38.4972, 0.410105, 151.062, 2.00828, -48.6891, 1.65475, 127.868
4747, 79.11667, 5.39872, 57.1585, 20.9887, -137.152, 16.793, 38.4884, 0.408879, 150.987, 2.00711, -48.7233, 1.65471, 127.858
4747, 79.12500, 5.38407, 57.0828, 20.9707, -137.188, 16.7883, 38.4795, 0.407654, 150.913, 2.00594, -48.7574, 1.65466, 127.847
4748, 79.13333, 5.36944, 57.008, 20.9528, -137.223, 16.7837, 38.4704, 0.406431, 150.84, 2.00476, -48.7914, 1.65462, 127.837
4749, 79.14167, 5.35483, 56.934, 20.9349, -137.258, 16.779, 38.4611, 0.40521, 150.768, 2.00359, -48.8252, 1.65457, 127.826
4749, 79.15000, 5.34024, 56.8608, 20.9169, -137.293, 16.7743, 38.4517, 0.403991, 150.697, 2.00241, -48.8589, 1.65452, 127.815
4750, 79.15833, 5.32567, 56.7884, 20.8989, -137.327, 16.7697, 38.4422, 0.402774, 150.627, 2.00123, -48.8924, 1.65448, 127.804
4750, 79.16666, 5.31112, 56.7168, 20.8809, -137.362, 16.765, 38.4324, 0.401558, 150.558, 2.00005, -48.9258, 1.65443, 127.793
4751, 79.17500, 5.2966, 56.6461, 20.8629, -137.396, 16.7603, 38.4226, 0.400345, 150.489, 1.99887, -48.9591, 1.65439, 127.782
4751, 79.18333, 5.2821, 56.5763, 20.8449, -137.431, 16.7557, 38.4125, 0.399134, 150.422, 1.99769, -48.9922, 1.65434, 127.77
4752, 79.19167, 5.26762, 56.5073, 20.8269, -137.465, 16.751, 38.4023, 0.397925, 150.356, 1.9965, -49.0251, 1.65429, 127.758
4752, 79.20000, 5.25317, 56.4391, 20.8089, -137.499, 16.7463, 38.392, 0.396719, 150.29, 1.99532, -49.0579, 1.65425, 127.746
4753, 79.20834, 5.23875, 56.3718, 20.7908, -137.533, 16.7417, 38.3815, 0.395515, 150.226, 1.99413, -49.0906, 1.6542, 127.735
4753, 79.21667, 5.22436, 56.3054, 20.7728, -137.566, 16.737, 38.3708, 0.394313, 150.163, 1.99294, -49.1231, 1.65415, 127.722
4754, 79.22500, 5.21, 56.2399, 20.7547, -137.6, 16.7323, 38.36, 0.393115, 150.101, 1.99175, -49.1554, 1.6541, 127.71
4754, 79.23333, 5.19567, 56.1753, 20.7367, -137.633, 16.7276, 38.349, 0.391919, 150.039, 1.99056, -49.1876, 1.65405, 127.698
4755, 79.24167, 5.18136, 56.1115, 20.7186, -137.666, 16.7229, 38.3379, 0.390726, 149.979, 1.98937, -49.2197, 1.65399, 127.685
4755, 79.25000, 5.1671, 56.0486, 20.7005, -137.699, 16.7182, 38.3266, 0.389536, 149.92, 1.98817, -49.2516, 1.65394, 127.672
4755, 79.25833, 5.15286, 55.9867, 20.6825, -137.732, 16.7135, 38.3151, 0.388349, 149.862, 1.98698, -49.2833, 1.65389, 127.659
4756, 79.26667, 5.13866, 55.9256, 20.6644, -137.764, 16.7088, 38.3035, 0.387165, 149.805, 1.98578, -49.3149, 1.65383, 127.646
4757, 79.27500, 5.1245, 55.8655, 20.6463, -137.797, 16.704, 38.2917, 0.385985, 149.749, 1.98459, -49.3464, 1.65378, 127.633
4757, 79.28333, 5.11038, 55.8062, 20.6282, -137.829, 16.6993, 38.2798, 0.384807, 149.694, 1.98339, -49.3777, 1.65372, 127.62
4758, 79.29166, 5.09629, 55.7479, 20.6102, -137.861, 16.6945, 38.2677, 0.383634, 149.64, 1.98219, -49.4088, 1.65366, 127.606
4758, 79.30000, 5.08224, 55.6905, 20.5921, -137.893, 16.6898, 38.2555, 0.382464, 149.587, 1.98099, -49.4398, 1.6536, 127.593
4759, 79.30833, 5.06823, 55.6341, 20.574, -137.925, 16.685, 38.2431, 0.381297, 149.535, 1.9798, -49.4706, 1.65354, 127.579
4759, 79.31667, 5.05427, 55.5785, 20.5559, -137.956, 16.6802, 38.2305, 0.380134, 149.485, 1.9786, -49.5012, 1.65348, 127.565
4760, 79.32500, 5.04034, 55.5239, 20.5378, -137.988, 16.6754, 38.2178, 0.378976, 149.435, 1.97739, -49.5317, 1.65341, 127.551
4760, 79.33334, 5.02646, 55.4703, 20.5198, -138.019, 16.6706, 38.2049, 0.377821, 149.387, 1.97619, -49.5621, 1.65334, 127.537
4761, 79.34167, 5.01263, 55.4175, 20.5017, -138.05, 16.6657, 38.1919, 0.37667, 149.339, 1.97499, -49.5923, 1.65328, 127.522
4761, 79.35000, 4.99884, 55.3657, 20.4836, -138.081, 16.6609, 38.1787, 0.375523, 149.293, 1.97379, -49.6223, 1.65321, 127.508
4762, 79.35833, 4.9851, 55.3148, 20.4655, -138.112, 16.656, 38.1654, 0.374381, 149.248, 1.97259, -49.6521, 1.65313, 127.493
4762, 79.36667, 4.9714, 55.2649, 20.4475, -138.142, 16.6511, 38.1519, 0.373243, 149.204, 1.97139, -49.6818, 1.65306, 127.478
4763, 79.37500, 4.95776, 55.2159, 20.4294, -138.173, 16.6462, 38.1383, 0.372109, 149.161, 1.97018, -49.7114, 1.65298, 127.463
4763, 79.38333, 4.94417, 55.1679, 20.4114, -138.203, 16.6413, 38.1245, 0.370981, 149.119, 1.96898, -49.7408, 1.65291, 127.448
4763, 79.39167, 4.93062, 55.1208, 20.3933, -138.233, 16.6364, 38.1105, 0.369856, 149.078, 1.96778, -49.77, 1.65283, 127.433
4764, 79.40000, 4.91714, 55.0746, 20.3753, -138.263, 16.6314, 38.0965, 0.368737, 149.038, 1.96658, -49.799, 1.65274, 127.418
4765, 79.40833, 4.9037, 55.0294, 20.3572, -138.293, 16.6264, 38.0822, 0.367622, 149, 1.96537, -49.8279, 1.65266, 127.402
4765, 79.41666, 4.89032, 54.9852, 20.3392, -138.322, 16.6214, 38.0679, 0.366512, 148.962, 1.96417, -49.8567, 1.65257, 127.386
4766, 79.42500, 4.87699, 54.9418, 20.3212, -138.351, 16.6164, 38.0533, 0.365408, 148.926, 1.96297, -49.8853, 1.65248, 127.371
4766, 79.43333, 4.86372, 54.8994, 20.3032, -138.381, 16.6114, 38.0387, 0.364308, 148.891, 1.96177, -49.9137, 1.65239, 127.355
4767, 79.44167, 4.85051, 54.858, 20.2852, -138.41, 16.6063, 38.0238, 0.363214, 148.857, 1.96057, -49.9419, 1.65229, 127.339
4767, 79.45000, 4.83736, 54.8175, 20.2673, -138.438, 16.6012, 38.0089, 0.362125, 148.823, 1.95936, -49.97, 1.6522, 127.322
4768, 79.45834, 4.82427, 54.7779, 20.2493, -138.467, 16.5961, 37.9938, 0.361041, 148.791, 1.95816, -49.998, 1.6521, 127.306
4768, 79.46667, 4.81123, 54.7392, 20.2313, -138.496, 16.5909, 37.9786, 0.359963, 148.76, 1.95696, -50.0257, 1.65199, 127.289
4769, 79.47500, 4.79826, 54.7015, 20.2134, -138.524, 16.5857, 37.9632, 0.358891, 148.731, 1.95576, -50.0534, 1.65189, 127.273
4769, 79.48333, 4.78536, 54.6646, 20.1955, -138.552, 16.5805, 37.9477, 0.357824, 148.702, 1.95457, -50.0808, 1.65178, 127.256
4770, 79.49167, 4.77251, 54.6287, 20.1776, -138.58, 16.5753, 37.932, 0.356763, 148.674, 1.95337, -50.1081, 1.65167, 127.239
4770, 79.50000, 4.75973, 54.5938, 20.1597, -138.608, 16.57, 37.9163, 0.355707, 148.647, 1.95217, -50.1352, 1.65155, 127.222
4771, 79.50833, 4.74702, 54.5597, 20.1418, -138.635, 16.5647, 37.9004, 0.354658, 148.622, 1.95097, -50.1622, 1.65143, 127.205
4771, 79.51667, 4.73437, 54.5265, 20.124, -138.663, 16.5594, 37.8843, 0.353615, 148.597, 1.94978, -50.189, 1.65131, 127.188
4771, 79.52500, 4.72179, 54.4942, 20.1061, -138.69, 16.5541, 37.8682, 0.352578, 148.574, 1.94858, -50.2157, 1.65119, 127.171
4772, 79.53333, 4.70928, 54.4629, 20.0883, -138.717, 16.5487, 37.8519, 0.351547, 148.551, 1.94739, -50.2422, 1.65106, 127.153
4773, 79.54166, 4.69684, 54.4324, 20.0705, -138.744, 16.5433, 37.8355, 0.350522, 148.53, 1.9462, -50.2685, 1.65093, 127.135
4773, 79.55000, 4.68446, 54.4027, 20.0528, -138.771, 16.5378, 37.8189, 0.349503, 148.509, 1.945, -50.2947, 1.65079, 127.118
4774, 79.55833, 4.67216, 54.374, 20.035, -138.797, 16.5324, 37.8023, 0.348491, 148.49, 1.94381, -50.3207, 1.65066, 127.1
4774, 79.56667, 4.65993, 54.3461, 20.0173, -138.824, 16.5268, 37.7855, 0.347486, 148.472, 1.94262, -50.3466, 1.65052, 127.082
4775, 79.57500, 4.64777, 54.3191, 19.9996, -138.85, 16.5213, 37.7686, 0.346487, 148.454, 1.94144, -50.3723, 1.65037, 127.064
4775, 79.58334, 4.63569, 54.2929, 19.9819, -138.876, 16.5157, 37.7516, 0.345494, 148.438, 1.94025, -50.3979, 1.65022, 127.046
4776, 79.59167, 4.62367, 54.2676, 19.9642, -138.902, 16.5101, 37.7345, 0.344508, 148.422, 1.93906, -50.4233, 1.65007, 127.028
4776, 79.60000, 4.61174, 54.2431, 19.9466, -138.928, 16.5045, 37.7173, 0.343529, 148.408, 1.93788, -50.4485, 1.64991, 127.009
4777, 79.60833, 4.59987, 54.2194, 19.929, -138.953, 16.4988, 37.7, 0.342557, 148.394, 1.9367, -50.4736, 1.64976, 126.991
4777, 79.61667, 4.58809, 54.1965, 19.9114, -138.979, 16.493, 37.6825, 0.341591, 148.382, 1.93552, -50.4986, 1.64959, 126.972
4778, 79.62500, 4.57638, 54.1745, 19.8938, -139.004, 16.4873, 37.665, 0.340632, 148.37, 1.93434, -50.5234, 1.64943, 126.954
4778, 79.63333, 4.56474, 54.1532, 19.8763, -139.029, 16.4815, 37.6474, 0.33968, 148.359, 1.93316, -50.548, 1.64925, 126.935
4779, 79.64167, 4.55319, 54.1327, 19.8588, -139.054, 16.4757, 37.6296, 0.338735, 148.349, 1.93199, -50.5725, 1.64908, 126.916
4779, 79.65000, 4.54171, 54.113, 19.8413, -139.079, 16.4698, 37.6118, 0.337798, 148.34, 1.93081, -50.5968, 1.6489, 126.897
4779, 79.65833, 4.53031, 54.094, 19.8239, -139.103, 16.4639, 37.5939, 0.336867, 148.332, 1.92964, -50.621, 1.64872, 126.878
4780, 79.66666, 4.51899, 54.0758, 19.8064, -139.128, 16.4579, 37.5759, 0.335943, 148.325, 1.92847, -50.6451, 1.64853, 126.859
4781, 79.67500, 4.50775, 54.0584, 19.789, -139.152, 16.452, 37.5578, 0.335027, 148.319, 1.9273, -50.669, 1.64834, 126.84
4781, 79.68333, 4.49659, 54.0416, 19.7717, -139.176, 16.4459, 37.5396, 0.334117, 148.313, 1.92614, -50.6928, 1.64815, 126.821
4782, 79.69167, 4.48551, 54.0256, 19.7544, -139.2, 16.4399, 37.5214, 0.333215, 148.308, 1.92497, -50.7164, 1.64795, 126.801
4782, 79.70000, 4.47451, 54.0103, 19.7371, -139.224, 16.4338, 37.503, 0.33232, 148.304, 1.92381, -50.7399, 1.64774, 126.782
4783, 79.70834, 4.46359, 53.9956, 19.7198, -139.248, 16.4276, 37.4846, 0.331433, 148.301, 1.92265, -50.7632, 1.64754, 126.763
4783, 79.71667, 4.45275, 53.9816, 19.7025, -139.271, 16.4214, 37.4661, 0.330552, 148.299, 1.92149, -50.7864, 1.64733, 126.743
4784, 79.72500, 4.442, 53.9683, 19.6853, -139.295, 16.4152, 37.4475, 0.329679, 148.297, 1.92034, -50.8094, 1.64711, 126.723
4784, 79.73333, 4.43132, 53.9557, 19.6682, -139.318, 16.4089, 37.4289, 0.328814, 148.296, 1.91918, -50.8324, 1.64689, 126.704
4785, 79.74167, 4.42073, 53.9437, 19.651, -139.341, 16.4026, 37.4102, 0.327955, 148.296, 1.91803, -50.8551, 1.64667, 126.684
4785, 79.75000, 4.41022, 53.9323, 19.6339, -139.364, 16.3963, 37.3914, 0.327104, 148.296, 1.91688, -50.8778, 1.64644, 126.664
4786, 79.75833, 4.3998, 53.9215, 19.6169, -139.387, 16.3899, 37.3726, 0.326261, 148.298, 1.91574, -50.9003, 1.6462, 126.644
4786, 79.76667, 4.38945, 53.9113, 19.5998, -139.409, 16.3835, 37.3537, 0.325424, 148.299, 1.91459, -50.9227, 1.64597, 126.625
4787, 79.77500, 4.37919, 53.9016, 19.5828, -139.432, 16.377, 37.3348, 0.324596, 148.302, 1.91345, -50.9449, 1.64573, 126.605
4787, 79.78333, 4.36901, 53.8926, 19.5658, -139.454, 16.3705, 37.3158, 0.323774, 148.305, 1.91231, -50.967, 1.64548, 126.585
4787, 79.79166, 4.35892, 53.8841, 19.5489, -139.476, 16.3639, 37.2967, 0.32296, 148.309, 1.91118, -50.989, 1.64523, 126.565
4788, 79.80000, 4.34891, 53.8761, 19.532, -139.498, 16.3573, 37.2776, 0.322154, 148.313, 1.91004, -51.0109, 1.64498, 126.545
4789, 79.80833, 4.33898, 53.8686, 19.5152, -139.52, 16.3507, 37.2585, 0.321354, 148.318, 1.90891, -51.0326, 1.64472, 126.525
4789, 79.81667, 4.32913, 53.8617, 19.4983, -139.542, 16.344, 37.2393, 0.320563, 148.323, 1.90778, -51.0542, 1.64445, 126.504
4790, 79.82500, 4.31937, 53.8552, 19.4815, -139.564, 16.3373, 37.2201, 0.319778, 148.329, 1.90665, -51.0757, 1.64419, 126.484
4790, 79.83334, 4.30969, 53.8492, 19.4648, -139.585, 16.3305, 37.2008, 0.319001, 148.336, 1.90553, -51.0971, 1.64392, 126.464
4791, 79.84167, 4.30009, 53.8437, 19.4481, -139.607, 16.3237, 37.1815, 0.318231, 148.342, 1.90441, -51.1183, 1.64364, 126.444
4791, 79.85000, 4.29058, 53.8386, 19.4314, -139.628, 16.3169, 37.1622, 0.317469, 148.35, 1.90329, -51.1395, 1.64336, 126.424
4792, 79.85833, 4.28114, 53.834, 19.4148, -139.649, 16.31, 37.1429, 0.316714, 148.358, 1.90218, -51.1605, 1.64307, 126.403
4792, 79.86667, 4.27179, 53.8297, 19.3982, -139.67, 16.3031, 37.1235, 0.315966, 148.366, 1.90106, -51.1813, 1.64278, 126.383
4793, 79.87500, 4.26252, 53.8258, 19.3816, -139.691, 16.2961, 37.1041, 0.315225, 148.375, 1.89995, -51.2021, 1.64249, 126.363
4793, 79.88333, 4.25334, 53.8224, 19.3651, -139.712, 16.2891, 37.0847, 0.314492, 148.384, 1.89884, -51.2228, 1.64219, 126.342
4794, 79.89167, 4.24423, 53.8193, 19.3486, -139.733, 16.282, 37.0652, 0.313766, 148.393, 1.89774, -51.2433, 1.64189, 126.322
4794, 79.90000, 4.23521, 53.8165, 19.3322, -139.754, 16.2749, 37.0458, 0.313047, 148.403, 1.89664, -51.2638, 1.64158, 126.302
4795, 79.90833, 4.22627, 53.8141, 19.3157, -139.774, 16.2678, 37.0263, 0.312335, 148.413, 1.89554, -51.2841, 1.64127, 126.281
4795, 79.91666, 4.2174, 53.812, 19.2994, -139.794, 16.2606, 37.0068, 0.31163, 148.424, 1.89444, -51.3043, 1.64096, 126.261
4795, 79.92500, 4.20862, 53.8102, 19.283, -139.815, 16.2534, 36.9873, 0.310933, 148.435, 1.89335, -51.3244, 1.64064, 126.24
4796, 79.93333, 4.19992, 53.8087, 19.2668, -139.835, 16.2461, 36.9678, 0.310242, 148.446, 1.89226, -51.3444, 1.64032, 126.22
4797, 79.94167, 4.1913, 53.8074, 19.2505, -139.855, 16.2388, 36.9483, 0.309559, 148.457, 1.89117, -51.3643, 1.63999, 126.2
4797, 79.95000, 4.18275, 53.8064, 19.2343, -139.875, 16.2315, 36.9288, 0.308882, 148.469, 1.89009, -51.3841, 1.63965, 126.179
4798, 79.95834, 4.17429, 53.8057, 19.2181, -139.895, 16.2241, 36.9093, 0.308212, 148.48, 1.889, -51.4038, 1.63932, 126.159
4798, 79.96667, 4.1659, 53.8052, 19.202, -139.914, 16.2166, 36.8898, 0.307549, 148.492, 1.88792, -51.4234, 1.63898, 126.139
4799, 79.97500, 4.15759, 53.8049, 19.1859, -139.934, 16.2092, 36.8704, 0.306893, 148.505, 1.88685, -51.4429, 1.63863, 126.118
4799, 79.98333, 4.14936, 53.8048, 19.1698, -139.953, 16.2017, 36.8509, 0.306243, 148.517, 1.88577, -51.4623, 1.63828, 126.098
4800, 79.99167, 4.1412, 53.8049, 19.1538, -139.973, 16.1941, 36.8314, 0.305601, 148.529, 1.8847, -51.4816, 1.63793, 126.078
4800, 80.00000, 4.13312, 53.8051, 19.1378, -139.992, 16.1866, 36.812, 0.304964, 148.542, 1.88364, -51.5009, 1.63757, 126.057
4801, 80.00833, 4.12512, 53.8055, 19.1219, -140.011, 16.1789, 36.7925, 0.304335, 148.555, 1.88257, -51.52, 1.63721, 126.037
4801, 80.01667, 4.11719, 53.806, 19.106, -140.03, 16.1713, 36.7731, 0.303712, 148.568, 1.88151, -51.539, 1.63685, 126.017
4802, 80.02500, 4.10933, 53.8067, 19.0902, -140.049, 16.1636, 36.7537, 0.303095, 148.58, 1.88045, -51.558, 1.63648, 125.996
4802, 80.03333, 4.10155, 53.8075, 19.0743, -140.068, 16.1559, 36.7344, 0.302485, 148.593, 1.8794, -51.5768, 1.63611, 125.976
4803, 80.04166, 4.09384, 53.8084, 19.0586, -140.087, 16.1481, 36.715, 0.301881, 148.606, 1.87834, -51.5956, 1.63573, 125.956
4803, 80.05000, 4.0862, 53.8093, 19.0428, -140.106, 16.1403, 36.6957, 0.301283, 148.619, 1.87729, -51.6143, 1.63535, 125.936
4803, 80.05833, 4.07863, 53.8104, 19.0271, -140.125, 16.1324, 36.6764, 0.300692, 148.633, 1.87625, -51.6329, 1.63496, 125.916
4804, 80.06667, 4.07114, 53.8114, 19.0115, -140.143, 16.1246, 36.6572, 0.300106, 148.646, 1.8752, -51.6514, 1.63457, 125.896
4805, 80.07500, 4.06371, 53.8126, 18.9958, -140.162, 16.1166, 36.6379, 0.299527, 148.659, 1.87416, -51.6698, 1.63418, 125.876
4805, 80.08334, 4.05636, 53.8137, 18.9803, -140.18, 16.1087, 36.6187, 0.298954, 148.672, 1.87312, -51.6882, 1.63378, 125.856
4806, 80.09167, 4.04907, 53.8149, 18.9647, -140.199, 16.1007, 36.5996, 0.298386, 148.684, 1.87209, -51.7065, 1.63338, 125.836
4806, 80.10000, 4.04185, 53.8161, 18.9492, -140.217, 16.0927, 36.5805, 0.297825, 148.697, 1.87106, -51.7247, 1.63298, 125.816
4807, 80.10833, 4.0347, 53.8173, 18.9337, -140.235, 16.0846, 36.5614, 0.297269, 148.71, 1.87003, -51.7428, 1.63257, 125.796
4807, 80.11667, 4.02761, 53.8184, 18.9183, -140.253, 16.0765, 36.5424, 0.296719, 148.723, 1.869, -51.7609, 1.63216, 125.776
4808, 80.12500, 4.02059, 53.8196, 18.9029, -140.271, 16.0684, 36.5234, 0.296175, 148.735, 1.86798, -51.7788, 1.63175, 125.756
4808, 80.13333, 4.01364, 53.8207, 18.8876, -140.289, 16.0603, 36.5045, 0.295636, 148.748, 1.86696, -51.7967, 1.63133, 125.737
4809, 80.14167, 4.00674, 53.8217, 18.8723, -140.307, 16.0521, 36.4856, 0.295102, 148.76, 1.86594, -51.8146, 1.63091, 125.717
4809, 80.15000, 3.99992, 53.8227, 18.857, -140.325, 16.0439, 36.4668, 0.294574, 148.772, 1.86492, -51.8324, 1.63048, 125.697
4810, 80.15833, 3.99315, 53.8236, 18.8417, -140.343, 16.0356, 36.448, 0.294052, 148.784, 1.86391, -51.8501, 1.63006, 125.678
4810, 80.16666, 3.98645, 53.8244, 18.8265, -140.36, 16.0273, 36.4292, 0.293534, 148.796, 1.8629, -51.8677, 1.62962, 125.658
4811, 80.17500, 3.9798, 53.8251, 18.8114, -140.378, 16.019, 36.4106, 0.293022, 148.807, 1.8619, -51.8852, 1.62919, 125.639
4811, 80.18333, 3.97322, 53.8258, 18.7963, -140.395, 16.0107, 36.392, 0.292515, 148.819, 1.86089, -51.9027, 1.62875, 125.619
4811, 80.19167, 3.9667, 53.8263, 18.7812, -140.413, 16.0023, 36.3734, 0.292013, 148.83, 1.85989, -51.9202, 1.62831, 125.6
4812, 80.20000, 3.96024, 53.8267, 18.7661, -140.43, 15.9939, 36.3549, 0.291515, 148.841, 1.85889, -51.9376, 1.62786, 125.581
4813, 80.20834, 3.95383, 53.8269, 18.7511, -140.448, 15.9855, 36.3365, 0.291023, 148.852, 1.8579, -51.9549, 1.62742, 125.561
4813, 80.21667, 3.94748, 53.827, 18.7361, -140.465, 15.977, 36.3181, 0.290535, 148.862, 1.85691, -51.9721, 1.62696, 125.542
4814, 80.22500, 3.94118, 53.827, 18.7212, -140.482, 15.9685, 36.2998, 0.290053, 148.872, 1.85592, -51.9893, 1.62651, 125.523
4814, 80.23333, 3.93495, 53.8268, 18.7063, -140.499, 15.96, 36.2815, 0.289574, 148.882, 1.85493, -52.0064, 1.62605, 125.504
4815, 80.24167, 3.92876, 53.8264, 18.6914, -140.517, 15.9515, 36.2633, 0.289101, 148.892, 1.85394, -52.0235, 1.62559, 125.485
4815, 80.25000, 3.92263, 53.8259, 18.6766, -140.534, 15.9429, 36.2452, 0.288632, 148.901, 1.85296, -52.0405, 1.62513, 125.466
4816, 80.25833, 3.91655, 53.8252, 18.6618, -140.551, 15.9343, 36.2272, 0.288167, 148.91, 1.85198, -52.0575, 1.62467, 125.447
4816, 80.26667, 3.91053, 53.8243, 18.647, -140.568, 15.9257, 36.2092, 0.287706, 148.919, 1.85101, -52.0744, 1.6242, 125.429
4816, 80.27500, 3.90455, 53.8231, 18.6323, -140.585, 15.9171, 36.1913, 0.28725, 148.928, 1.85003, -52.0913, 1.62373, 125.41
4817, 80.28333, 3.89863, 53.8218, 18.6176, -140.601, 15.9084, 36.1735, 0.286798, 148.936, 1.84906, -52.1081, 1.62325, 125.391
4818, 80.29166, 3.89275, 53.8203, 18.6029, -140.618, 15.8997, 36.1557, 0.28635, 148.944, 1.84809, -52.1248, 1.62277, 125.373
4818, 80.30000, 3.88693, 53.8186, 18.5883, -140.635, 15.891, 36.138, 0.285906, 148.951, 1.84713, -52.1415, 1.6223, 125.354
4819, 80.30833, 3.88115, 53.8166, 18.5737, -140.652, 15.8823, 36.1204, 0.285466, 148.958, 1.84616, -52.1582, 1.62181, 125.336
4819, 80.31667, 3.87542, 53.8144, 18.5591, -140.668, 15.8735, 36.1029, 0.28503, 148.965, 1.8452, -52.1748, 1.62133, 125.318
4819, 80.32500, 3.86973, 53.812, 18.5446, -140.685, 15.8647, 36.0854, 0.284598, 148.972, 1.84425, -52.1913, 1.62084, 125.299
4820, 80.33334, 3.86409, 53.8094, 18.5301, -140.702, 15.8559, 36.0681, 0.284169, 148.978, 1.84329, -52.2078, 1.62035, 125.281
4821, 80.34167, 3.85849, 53.8065, 18.5157, -140.718, 15.8471, 36.0508, 0.283744, 148.983, 1.84234, -52.2243, 1.61986, 125.263
4821, 80.35000, 3.85294, 53.8033, 18.5012, -140.735, 15.8382, 36.0335, 0.283322, 148.989, 1.84139, -52.2407, 1.61937, 125.245
4822, 80.35833, 3.84743, 53.7999, 18.4868, -140.751, 15.8294, 36.0164, 0.282905, 148.994, 1.84044, -52.2571, 1.61887, 125.227
4822, 80.36667, 3.84197, 53.7962, 18.4725, -140.767, 15.8205, 35.9993, 0.28249, 148.998, 1.83949, -52.2734, 1.61837, 125.209
4823, 80.37500, 3.83654, 53.7923, 18.4581, -140.784, 15.8116, 35.9824, 0.282079, 149.002, 1.83855, -52.2897, 1.61787, 125.192
4823, 80.38333, 3.83116, 53.7881, 18.4438, -140.8, 15.8027, 35.9655, 0.281671, 149.006, 1.83761, -52.3059, 1.61737, 125.174
4824, 80.39167, 3.82581, 53.7837, 18.4296, -140.816, 15.7937, 35.9486, 0.281266, 149.01, 1.83667, -52.3221, 1.61686, 125.156
4824, 80.40000, 3.82051, 53.7789, 18.4153, -140.833, 15.7848, 35.9319, 0.280865, 149.013, 1.83573, -52.3382, 1.61636, 125.139
4824, 80.40833, 3.81524, 53.7739, 18.4011, -140.849, 15.7758, 35.9153, 0.280466, 149.015, 1.8348, -52.3543, 1.61585, 125.121
4825, 80.41666, 3.81001, 53.7686, 18.3869, -140.865, 15.7668, 35.8987, 0.280071, 149.018, 1.83386, -52.3704, 1.61534, 125.104
4826, 80.42500, 3.80482, 53.7631, 18.3728, -140.881, 15.7578, 35.8822, 0.279678, 149.019, 1.83294, -52.3864, 1.61482, 125.087
4826, 80.43333, 3.79966, 53.7572, 18.3587, -140.897, 15.7488, 35.8658, 0.279288, 149.021, 1.83201, -52.4024, 1.61431, 125.07
4827, 80.44167, 3.79454, 53.7511, 18.3446, -140.913, 15.7398, 35.8495, 0.278901, 149.022, 1.83108, -52.4184, 1.61379, 125.053
4827, 80.45000, 3.78946, 53.7446, 18.3305, -140.929, 15.7307, 35.8333, 0.278517, 149.022, 1.83016, -52.4343, 1.61327, 125.036
4828, 80.45834, 3.78441, 53.7379, 18.3165, -140.945, 15.7216, 35.8172, 0.278136, 149.023, 1.82924, -52.4502, 1.61275, 125.019
4828, 80.46667, 3.77939, 53.7309, 18.3025, -140.961, 15.7126, 35.8011, 0.277757, 149.022, 1.82832, -52.466, 1.61223, 125.002
4829, 80.47500, 3.7744, 53.7236, 18.2885, -140.977, 15.7035, 35.7851, 0.27738, 149.022, 1.8274, -52.4818, 1.61171, 124.985
4829, 80.48333, 3.76945, 53.716, 18.2746, -140.993, 15.6944, 35.7693, 0.277007, 149.021, 1.82649, -52.4976, 1.61118, 124.969
4830, 80.49167, 3.76453, 53.7081, 18.2607, -141.009, 15.6852, 35.7535, 0.276635, 149.019, 1.82558, -52.5133, 1.61066, 124.952
4830, 80.50000, 3.75963, 53.6999, 18.2468, -141.025, 15.6761, 35.7378, 0.276266, 149.017, 1.82467, -52.529, 1.61013, 124.936
4831, 80.50833, 3.75477, 53.6914, 18.2329, -141.04, 15.667, 35.7222, 0.275899, 149.015, 1.82376, -52.5447, 1.6096, 124.919
4831, 80.51667, 3.74994, 53.6826, 18.2191, -141.056, 15.6578, 35.7066, 0.275535, 149.012, 1.82285, -52.5603, 1.60907, 124.903
4832, 80.52500, 3.74514, 53.6735, 18.2053, -141.072, 15.6487, 35.6912, 0.275172, 149.009, 1.82195, -52.5759, 1.60854, 124.887
4832, 80.53333, 3.74036, 53.664, 18.1915, -141.088, 15.6395, 35.6758, 0.274812, 149.005, 1.82105, -52.5914, 1.608, 124.87
4832, 80.54166, 3.73561, 53.6543, 18.1778, -141.103, 15.6303, 35.6606, 0.274454, 149.001, 1.82015, -52.6069, 1.60747, 124.854
4833, 80.55000, 3.73089, 53.6443, 18.164, -141.119, 15.6211, 35.6454, 0.274098, 148.997, 1.81925, -52.6224, 1.60693, 124.839
4834, 80.55833, 3.7262, 53.634, 18.1503, -141.134, 15.6119, 35.6303, 0.273744, 148.992, 1.81836, -52.6379, 1.60639, 124.823
4834, 80.56667, 3.72153, 53.6234, 18.1367, -141.15, 15.6027, 35.6153, 0.273391, 148.987, 1.81746, -52.6533, 1.60585, 124.807
4835, 80.57500, 3.71688, 53.6125, 18.123, -141.166, 15.5935, 35.6004, 0.273041, 148.981, 1.81657, -52.6687, 1.60531, 124.791
4835, 80.58334, 3.71226, 53.6013, 18.1094, -141.181, 15.5843, 35.5856, 0.272692, 148.975, 1.81568, -52.6841, 1.60477, 124.776
4836, 80.59167, 3.70767, 53.5898, 18.0958, -141.197, 15.575, 35.5709, 0.272345, 148.968, 1.81479, -52.6994, 1.60423, 124.76
4836, 80.60000, 3.70309, 53.5779, 18.0822, -141.212, 15.5658, 35.5562, 0.272, 148.962, 1.81391, -52.7147, 1.60369, 124.745
4837, 80.60833, 3.69854, 53.5658, 18.0687, -141.227, 15.5565, 35.5417, 0.271657, 148.954, 1.81302, -52.73, 1.60314, 124.729
4837, 80.61667, 3.69402, 53.5534, 18.0551, -141.243, 15.5473, 35.5272, 0.271315, 148.946, 1.81214, -52.7452, 1.6026, 124.714
4838, 80.62500, 3.68951, 53.5407, 18.0416, -141.258, 15.538, 35.5128, 0.270975, 148.938, 1.81126, -52.7604, 1.60205, 124.699
4838, 80.63333, 3.68503, 53.5277, 18.0282, -141.274, 15.5288, 35.4986, 0.270636, 148.93, 1.81038, -52.7756, 1.6015, 124.684
4839, 80.64167, 3.68056, 53.5144, 18.0147, -141.289, 15.5195, 35.4844, 0.270299, 148.921, 1.8095, -52.7908, 1.60096, 124.669
4839, 80.65000, 3.67612, 53.5008, 18.0013, -141.304, 15.5102, 35.4702, 0.269963, 148.911, 1.80863, -52.8059, 1.60041, 124.654
4840, 80.65833, 3.6717, 53.4869, 17.9879, -141.319, 15.5009, 35.4562, 0.269629, 148.902, 1.80775, -52.821, 1.59986, 124.639
4840, 80.66666, 3.66729, 53.4727, 17.9745, -141.335, 15.4916, 35.4423, 0.269296, 148.891, 1.80688, -52.8361, 1.59931, 124.625
4840, 80.67500, 3.66291, 53.4583, 17.9611, -141.35, 15.4823, 35.4284, 0.268964, 148.881, 1.80601, -52.8511, 1.59876, 124.61
4841, 80.68333, 3.65854, 53.4435, 17.9478, -141.365, 15.4731, 35.4147, 0.268634, 148.87, 1.80514, -52.8661, 1.5982, 124.595
4842, 80.69167, 3.65419, 53.4285, 17.9345, -141.38, 15.4638, 35.401, 0.268304, 148.859, 1.80427, -52.8811, 1.59765, 124.581
4842, 80.70000, 3.64986, 53.4131, 17.9212, -141.395, 15.4545, 35.3874, 0.267976, 148.847, 1.80341, -52.896, 1.5971, 124.567
4843, 80.70834, 3.64555, 53.3975, 17.9079, -141.411, 15.4452, 35.3739, 0.26765, 148.835, 1.80254, -52.9109, 1.59654, 124.552
4843, 80.71667, 3.64125, 53.3816, 17.8947, -141.426, 15.4359, 35.3605, 0.267324, 148.822, 1.80168, -52.9258, 1.59599, 124.538
4844, 80.72500, 3.63697, 53.3655, 17.8815, -141.441, 15.4265, 35.3471, 0.266999, 148.81, 1.80082, -52.9407, 1.59544, 124.524
4844, 80.73333, 3.6327, 53.349, 17.8683, -141.456, 15.4172, 35.3339, 0.266676, 148.796, 1.79996, -52.9555, 1.59488, 124.51
4845, 80.74167, 3.62845, 53.3323, 17.8551, -141.471, 15.4079, 35.3207, 0.266353, 148.783, 1.7991, -52.9704, 1.59432, 124.496
4845, 80.75000, 3.62422, 53.3153, 17.8419, -141.486, 15.3986, 35.3077, 0.266032, 148.769, 1.79825, -52.9851, 1.59377, 124.482
4846, 80.75833, 3.62, 53.2981, 17.8288, -141.501, 15.3893, 35.2947, 0.265711, 148.755, 1.79739, -52.9999, 1.59321, 124.468
4846, 80.76667, 3.61579, 53.2806, 17.8156, -141.516, 15.38, 35.2818, 0.265391, 148.74, 1.79654, -53.0146, 1.59266, 124.455
4847, 80.77500, 3.6116, 53.2628, 17.8025, -141.531, 15.3707, 35.2689, 0.265072, 148.725, 1.79569, -53.0293, 1.5921, 124.441
4847, 80.78333, 3.60742, 53.2447, 17.7895, -141.546, 15.3614, 35.2562, 0.264754, 148.709, 1.79484, -53.044, 1.59154, 124.427
4848, 80.79166, 3.60325, 53.2264, 17.7764, -141.56, 15.3521, 35.2435, 0.264437, 148.694, 1.79399, -53.0586, 1.59098, 124.414
4848, 80.80000, 3.5991, 53.2079, 17.7634, -141.575, 15.3428, 35.231, 0.264121, 148.678, 1.79315, -53.0733, 1.59042, 124.401
4848, 80.80833, 3.59496, 53.189, 17.7503, -141.59, 15.3334, 35.2185, 0.263806, 148.661, 1.7923, -53.0879, 1.58987, 124.387
4849, 80.81667, 3.59083, 53.17, 17.7373, -141.605, 15.3241, 35.2061, 0.263491, 148.645, 1.79146, -53.1024, 1.58931, 124.374
4850, 80.82500, 3.58671, 53.1507, 17.7244, -141.62, 15.3148, 35.1937, 0.263177, 148.627, 1.79061, -53.117, 1.58875, 124.361
4850, 80.83334, 3.58261, 53.1311, 17.7114, -141.634, 15.3055, 35.1815, 0.262863, 148.61, 1.78977, -53.1315, 1.58819, 124.348
4851, 80.84167, 3.57852, 53.1113, 17.6985, -141.649, 15.2962, 35.1693, 0.262551, 148.592, 1.78893, -53.146, 1.58763, 124.335
4851, 80.85000, 3.57444, 53.0912, 17.6855, -141.664, 15.2869, 35.1572, 0.262239, 148.574, 1.7881, -53.1604, 1.58707, 124.322
4852, 80.85833, 3.57036, 53.071, 17.6726, -141.678, 15.2776, 35.1452, 0.261927, 148.556, 1.78726, -53.1749, 1.58651, 124.309
4852, 80.86667, 3.5663, 53.0504, 17.6597, -141.693, 15.2683, 35.1333, 0.261616, 148.537, 1.78642, -53.1893, 1.58595, 124.297
4853, 80.87500, 3.56225, 53.0297, 17.6469, -141.708, 15.259, 35.1214, 0.261306, 148.518, 1.78559, -53.2037, 1.58539, 124.284
4853, 80.88333, 3.55821, 53.0087, 17.634, -141.722, 15.2497, 35.1096, 0.260996, 148.499, 1.78476, -53.218, 1.58483, 124.271
4854, 80.89167, 3.55418, 52.9875, 17.6212, -141.737, 15.2404, 35.098, 0.260687, 148.479, 1.78393, -53.2323, 1.58427, 124.259
4854, 80.90000, 3.55016, 52.9661, 17.6084, -141.752, 15.2312, 35.0863, 0.260379, 148.459, 1.7831, -53.2466, 1.58371, 124.247
4855, 80.90833, 3.54615, 52.9444, 17.5956, -141.766, 15.2219, 35.0748, 0.260071, 148.439, 1.78227, -53.2609, 1.58315, 124.234
4855, 80.91666, 3.54214, 52.9225, 17.5828, -141.781, 15.2126, 35.0633, 0.259763, 148.419, 1.78144, -53.2752, 1.58259, 124.222
4856, 80.92500, 3.53815, 52.9005, 17.5701, -141.795, 15.2033, 35.0519, 0.259456, 148.398, 1.78061, -53.2894, 1.58203, 124.21
4856, 80.93333, 3.53416, 52.8782, 17.5573, -141.81, 15.1941, 35.0406, 0.259149, 148.377, 1.77979, -53.3036, 1.58147, 124.198
4856, 80.94167, 3.53018, 52.8557, 17.5446, -141.824, 15.1848, 35.0294, 0.258843, 148.356, 1.77896, -53.3178, 1.58091, 124.186
4857, 80.95000, 3.52621, 52.8329, 17.5319, -141.838, 15.1755, 35.0182, 0.258537, 148.334, 1.77814, -53.3319, 1.58035, 124.174
4858, 80.95834, 3.52225, 52.81, 17.5192, -141.853, 15.1663, 35.0072, 0.258231, 148.312, 1.77732, -53.346, 1.57979, 124.162
4858, 80.96667, 3.51829, 52.7869, 17.5065, -141.867, 15.157, 34.9961, 0.257926, 148.29, 1.7765, -53.3601, 1.57923, 124.15
4859, 80.97500, 3.51435, 52.7636, 17.4939, -141.882, 15.1478, 34.9852, 0.257621, 148.268, 1.77568, -53.3742, 1.57868, 124.138
4859, 80.98333, 3.51041, 52.7401, 17.4812, -141.896, 15.1385, 34.9743, 0.257317, 148.245, 1.77486, -53.3882, 1.57812, 124.127
4860, 80.99167, 3.50647, 52.7164, 17.4686, -141.91, 15.1293, 34.9635, 0.257013, 148.222, 1.77405, -53.4022, 1.57756, 124.115
4860, 81.00000, 3.50255, 52.6925, 17.456, -141.924, 15.1201, 34.9528, 0.256709, 148.199, 1.77323, -53.4162, 1.577, 124.104
4861, 81.00833, 3.49863, 52.6684, 17.4434, -141.939, 15.1108, 34.9422, 0.256406, 148.175, 1.77242, -53.4302, 1.57644, 124.092
4861, 81.01667, 3.49472, 52.6442, 17.4308, -141.953, 15.1016, 34.9316, 0.256102, 148.152, 1.77161, -53.4441, 1.57588, 124.081
4862, 81.02500, 3.49081, 52.6197, 17.4183, -141.967, 15.0924, 34.9211, 0.2558, 148.128, 1.7708, -53.458, 1.57533, 124.069
4862, 81.03333, 3.48691, 52.5951, 17.4058, -141.981, 15.0832, 34.9106, 0.255497, 148.104, 1.76999, -53.4719, 1.57477, 124.058
4863, 81.04166, 3.48302, 52.5703, 17.3932, -141.995, 15.074, 34.9003, 0.255194, 148.079, 1.76918, -53.4857, 1.57421, 124.047
4863, 81.05000, 3.47913, 52.5454, 17.3807, -142.01, 15.0648, 34.89, 0.254892, 148.055, 1.76837, -53.4995, 1.57366, 124.036
4864, 81.05833, 3.47525, 52.5202, 17.3682, -142.024, 15.0556, 34.8797, 0.25459, 148.03, 1.76756, -53.5133, 1.5731, 124.025
4864, 81.06667, 3.47137, 52.4949, 17.3558, -142.038, 15.0464, 34.8696, 0.254289, 148.005, 1.76676, -53.5271, 1.57254, 124.014
4864, 81.07500, 3.4675, 52.4695, 17.3433, -142.052, 15.0373, 34.8595, 0.253987, 147.98, 1.76595, -53.5409, 1.57199, 124.003
4865, 81.08334, 3.46363, 52.4439, 17.3309, -142.066, 15.0281, 34.8494, 0.253686, 147.954, 1.76515, -53.5546, 1.57143, 123.992
4866, 81.09167, 3.45977, 52.4181, 17.3184, -142.08, 15.0189, 34.8395, 0.253385, 147.929, 1.76434, -53.5683, 1.57088, 123.981
4866, 81.10000, 3.45592, 52.3922, 17.306, -142.094, 15.0098, 34.8296, 0.253084, 147.903, 1.76354, -53.5819, 1.57032, 123.971
4867, 81.10833, 3.45207, 52.3661, 17.2936, -142.108, 15.0006, 34.8197, 0.252783, 147.877, 1.76274, -53.5956, 1.56977, 123.96
4867, 81.11667, 3.44822, 52.3398, 17.2812, -142.122, 14.9915, 34.81, 0.252483, 147.85, 1.76194, -53.6092, 1.56922, 123.95
4868, 81.12500, 3.44438, 52.3135, 17.2689, -142.136, 14.9824, 34.8003, 0.252183, 147.824, 1.76115, -53.6227, 1.56866, 123.939
4868, 81.13333, 3.44055, 52.287, 17.2565, -142.149, 14.9733, 34.7906, 0.251882, 147.797, 1.76035, -53.6363, 1.56811, 123.929
4869, 81.14167, 3.43672, 52.2603, 17.2442, -142.163, 14.9641, 34.7811, 0.251582, 147.77, 1.75955, -53.6498, 1.56756, 123.918
4869, 81.15000, 3.43289, 52.2335, 17.2319, -142.177, 14.955, 34.7715, 0.251282, 147.743, 1.75876, -53.6633, 1.56701, 123.908
4870, 81.15833, 3.42907, 52.2066, 17.2196, -142.191, 14.9459, 34.7621, 0.250983, 147.716, 1.75797, -53.6768, 1.56645, 123.898
4870, 81.16666, 3.42525, 52.1795, 17.2073, -142.205, 14.9368, 34.7527, 0.250683, 147.689, 1.75717, -53.6903, 1.5659, 123.887
4871, 81.17500, 3.42144, 52.1523, 17.195, -142.218, 14.9278, 34.7434, 0.250383, 147.661, 1.75638, -53.7037, 1.56535, 123.877
4871, 81.18333, 3.41763, 52.125, 17.1827, -142.232, 14.9187, 34.7341, 0.250084, 147.633, 1.75559, -53.7171, 1.5648, 123.867
4872, 81.19167, 3.41382, 52.0976, 17.1705, -142.246, 14.9096, 34.7249, 0.249785, 147.606, 1.7548, -53.7304, 1.56425, 123.857
4872, 81.20000, 3.41002, 52.07, 17.1583, -142.259, 14.9006, 34.7158, 0.249486, 147.577, 1.75401, -53.7438, 1.5637, 123.847
4872, 81.20834, 3.40622, 52.0423, 17.146, -142.273, 14.8915, 34.7067, 0.249187, 147.549, 1.75323, -53.7571, 1.56316, 123.837
4873, 81.21667, 3.40243, 52.0145, 17.1338, -142.287, 14.8825, 34.6977, 0.248888, 147.521, 1.75244, -53.7703, 1.56261, 123.828
4874, 81.22500, 3.39864, 51.9866, 17.1217, -142.3, 14.8734, 34.6887, 0.248589, 147.492, 1.75165, -53.7836, 1.56206, 123.818
4874, 81.23333, 3.39486, 51.9586, 17.1095, -142.314, 14.8644, 34.6798, 0.24829, 147.464, 1.75087, -53.7968, 1.56151, 123.808
4875, 81.24167, 3.39107, 51.9305, 17.0973, -142.327, 14.8554, 34.6709, 0.247991, 147.435, 1.75009, -53.81, 1.56097, 123.798
4875, 81.25000, 3.3873, 51.9022, 17.0852, -142.341, 14.8464, 34.6621, 0.247693, 147.406, 1.74931, -53.8232, 1.56042, 123.789
4876, 81.25833, 3.38352, 51.8739, 17.073, -142.354, 14.8374, 34.6534, 0.247394, 147.377, 1.74852, -53.8363, 1.55988, 123.779
4876, 81.26667, 3.37975, 51.8454, 17.0609, -142.368, 14.8284, 34.6447, 0.247096, 147.348, 1.74774, -53.8494, 1.55933, 123.77
4877, 81.27500, 3.37598, 51.8169, 17.0488, -142.381, 14.8194, 34.6361, 0.246798, 147.318, 1.74696, -53.8625, 1.55879, 123.76
4877, 81.28333, 3.37222, 51.7882, 17.0367, -142.395, 14.8105, 34.6275, 0.246499, 147.289, 1.74619, -53.8756, 1.55825, 123.751
4878, 81.29166, 3.36846, 51.7595, 17.0247, -142.408, 14.8015, 34.619, 0.246201, 147.259, 1.74541, -53.8886, 1.5577, 123.742
4878, 81.30000, 3.3647, 51.7307, 17.0126, -142.421, 14.7925, 34.6105, 0.245903, 147.229, 1.74463, -53.9016, 1.55716, 123.732
4879, 81.30833, 3.36095, 51.7018, 17.0006, -142.435, 14.7836, 34.6021, 0.245605, 147.199, 1.74386, -53.9146, 1.55662, 123.723
4879, 81.31667, 3.3572, 51.6728, 16.9885, -142.448, 14.7747, 34.5938, 0.245307, 147.169, 1.74308, -53.9275, 1.55608, 123.714
4880, 81.32500, 3.35345, 51.6437, 16.9765, -142.461, 14.7657, 34.5855, 0.245009, 147.139, 1.74231, -53.9404, 1.55554, 123.705
4880, 81.33334, 3.34971, 51.6145, 16.9645, -142.474, 14.7568, 34.5773, 0.244711, 147.109, 1.74154, -53.9533, 1.555, 123.696
4880, 81.34167, 3.34596, 51.5852, 16.9525, -142.488, 14.7479, 34.5691, 0.244414, 147.079, 1.74077, -53.9662, 1.55446, 123.687
4881, 81.35000, 3.34223, 51.5559, 16.9405, -142.501, 14.739, 34.5609, 0.244116, 147.048, 1.74, -53.979, 1.55392, 123.678
4882, 81.35833, 3.33849, 51.5265, 16.9286, -142.514, 14.7302, 34.5528, 0.243818, 147.018, 1.73923, -53.9918, 1.55338, 123.669
4882, 81.36667, 3.33476, 51.497, 16.9166, -142.527, 14.7213, 34.5448, 0.243521, 146.987, 1.73846, -54.0046, 1.55285, 123.66
4883, 81.37500, 3.33103, 51.4675, 16.9047, -142.54, 14.7124, 34.5368, 0.243223, 146.956, 1.73769, -54.0173, 1.55231, 123.651
4883, 81.38333, 3.32731, 51.4378, 16.8928, -142.553, 14.7036, 34.5289, 0.242926, 146.925, 1.73692, -54.03, 1.55178, 123.643
4884, 81.39167, 3.32358, 51.4081, 16.8808, -142.566, 14.6947, 34.521, 0.242628, 146.895, 1.73616, -54.0427, 1.55124, 123.634
4884, 81.40000, 3.31986, 51.3784, 16.869, -142.579, 14.6859, 34.5131, 0.242331, 146.863, 1.73539, -54.0554, 1.55071, 123.625
4885, 81.40833, 3.31615, 51.3486, 16.8571, -142.592, 14.677, 34.5053, 0.242034, 146.832, 1.73463, -54.068, 1.55017, 123.617
4885, 81.41666, 3.31243, 51.3187, 16.8452, -142.605, 14.6682, 34.4976, 0.241737, 146.801, 1.73387, -54.0806, 1.54964, 123.608
4886, 81.42500, 3.30872, 51.2887, 16.8333, -142.618, 14.6594, 34.4899, 0.24144, 146.77, 1.73311, -54.0932, 1.54911, 123.6
4886, 81.43333, 3.30502, 51.2587, 16.8215, -142.631, 14.6506, 34.4823, 0.241143, 146.738, 1.73235, -54.1057, 1.54858, 123.591
4887, 81.44167, 3.30131, 51.2287, 16.8097, -142.644, 14.6418, 34.4747, 0.240846, 146.707, 1.73159, -54.1182, 1.54805, 123.583
4887, 81.45000, 3.29761, 51.1986, 16.7979, -142.657, 14.6331, 34.4671, 0.240549, 146.675, 1.73083, -54.1307, 1.54752, 123.575
4888, 81.45834, 3.29391, 51.1684, 16.7861, -142.67, 14.6243, 34.4596, 0.240252, 146.644, 1.73007, -54.1432, 1.54699, 123.566
4888, 81.46667, 3.29021, 51.1382, 16.7743, -142.682, 14.6155, 34.4521, 0.239955, 146.612, 1.72931, -54.1556, 1.54646, 123.558
4888, 81.47500, 3.28652, 51.1079, 16.7625, -142.695, 14.6068, 34.4447, 0.239658, 146.58, 1.72856, -54.168, 1.54593, 123.55
4889, 81.48333, 3.28283, 51.0776, 16.7507, -142.708, 14.5981, 34.4374, 0.239362, 146.549, 1.7278, -54.1804, 1.5454, 123.542
4890, 81.49167, 3.27914, 51.0472, 16.739, -142.721, 14.5893, 34.43, 0.239065, 146.517, 1.72705, -54.1927, 1.54488, 123.534
4890, 81.50000, 3.27546, 51.0168, 16.7273, -142.733, 14.5806, 34.4228, 0.238769, 146.485, 1.72629, -54.205, 1.54435, 123.525
4891, 81.50833, 3.27178, 50.9864, 16.7155, -142.746, 14.5719, 34.4155, 0.238472, 146.453, 1.72554, -54.2173, 1.54383, 123.517
4891, 81.51667, 3.2681, 50.9559, 16.7038, -142.758, 14.5632, 34.4083, 0.238176, 146.421, 1.72479, -54.2296, 1.5433, 123.509
4892, 81.52500, 3.26442, 50.9254, 16.6921, -142.771, 14.5545, 34.4012, 0.237879, 146.389, 1.72404, -54.2418, 1.54278, 123.502
4892, 81.53333, 3.26075, 50.8948, 16.6804, -142.784, 14.5459, 34.3941, 0.237583, 146.356, 1.72329, -54.254, 1.54226, 123.494
4893, 81.54166, 3.25708, 50.8643, 16.6688, -142.796, 14.5372, 34.387, 0.237287, 146.324, 1.72254, -54.2662, 1.54173, 123.486
4893, 81.55000, 3.25341, 50.8336, 16.6571, -142.809, 14.5285, 34.38, 0.236991, 146.292, 1.72179, -54.2783, 1.54121, 123.478
4894, 81.55833, 3.24975, 50.803, 16.6455, -142.821, 14.5199, 34.373, 0.236695, 146.26, 1.72105, -54.2904, 1.54069, 123.47
4894, 81.56667, 3.24609, 50.7723, 16.6338, -142.834, 14.5113, 34.3661, 0.236399, 146.227, 1.7203, -54.3025, 1.54017, 123.462
4895, 81.57500, 3.24243, 50.7416, 16.6222, -142.846, 14.5026, 34.3592, 0.236103, 146.195, 1.71956, -54.3145, 1.53965, 123.455
4895, 81.58334, 3.23878, 50.7108, 16.6106, -142.858, 14.494, 34.3523, 0.235808, 146.162, 1.71881, -54.3266, 1.53913, 123.447
4896, 81.59167, 3.23512, 50.6801, 16.599, -142.871, 14.4854, 34.3455, 0.235512, 146.13, 1.71807, -54.3386, 1.53862, 123.439
4896, 81.60000, 3.23147, 50.6493, 16.5874, -142.883, 14.4768, 34.3387, 0.235217, 146.097, 1.71733, -54.3505, 1.5381, 123.432
4896, 81.60833, 3.22783, 50.6185, 16.5759, -142.895, 14.4682, 34.332, 0.234921, 146.065, 1.71658, -54.3625, 1.53758, 123.424
4897, 81.61667, 3.22418, 50.5876, 16.5643, -142.908, 14.4597, 34.3253, 0.234626, 146.032, 1.71584, -54.3744, 1.53707, 123.417
4898, 81.62500, 3.22054, 50.5568, 16.5528, -142.92, 14.4511, 34.3186, 0.234331, 145.999, 1.7151, -54.3862, 1.53655, 123.409
4898, 81.63333, 3.21691, 50.5259, 16.5413, -142.932, 14.4426, 34.312, 0.234035, 145.967, 1.71437, -54.3981, 1.53604, 123.402
4899, 81.64167, 3.21327, 50.495, 16.5297, -142.944, 14.434, 34.3054, 0.23374, 145.934, 1.71363, -54.4099, 1.53553, 123.395
4899, 81.65000, 3.20964, 50.4641, 16.5182, -142.956, 14.4255, 34.2989, 0.233445, 145.901, 1.71289, -54.4217, 1.53501, 123.387
4900, 81.65833, 3.20601, 50.4332, 16.5067, -142.968, 14.417, 34.2924, 0.233151, 145.869, 1.71216, -54.4334, 1.5345, 123.38
4900, 81.66666, 3.20238, 50.4023, 16.4953, -142.981, 14.4085, 34.2859, 0.232856, 145.836, 1.71142, -54.4452, 1.53399, 123.373
4901, 81.67500, 3.19876, 50.3713, 16.4838, -142.993, 14.4, 34.2795, 0.232561, 145.803, 1.71069, -54.4569, 1.53348, 123.366
4901, 81.68333, 3.19514, 50.3404, 16.4723, -143.005, 14.3915, 34.2731, 0.232267, 145.77, 1.70995, -54.4685, 1.53297, 123.358
4902, 81.69167, 3.19153, 50.3094, 16.4609, -143.017, 14.383, 34.2668, 0.231973, 145.737, 1.70922, -54.4802, 1.53246, 123.351
4902, 81.70000, 3.18791, 50.2784, 16.4495, -143.029, 14.3745, 34.2604, 0.231678, 145.704, 1.70849, -54.4918, 1.53196, 123.344
4903, 81.70834, 3.1843, 50.2475, 16.4381, -143.041, 14.3661, 34.2542, 0.231384, 145.672, 1.70776, -54.5034, 1.53145, 123.337
4903, 81.71667, 3.18069, 50.2165, 16.4267, -143.052, 14.3576, 34.2479, 0.23109, 145.639, 1.70703, -54.5149, 1.53094, 123.33
4904, 81.72500, 3.17709, 50.1855, 16.4153, -143.064, 14.3492, 34.2417, 0.230796, 145.606, 1.7063, -54.5264, 1.53044, 123.323
4904, 81.73333, 3.17349, 50.1545, 16.4039, -143.076, 14.3407, 34.2355, 0.230503, 145.573, 1.70557, -54.5379, 1.52993, 123.316
4904, 81.74167, 3.16989, 50.1235, 16.3925, -143.088, 14.3323, 34.2294, 0.230209, 145.54, 1.70485, -54.5494, 1.52943, 123.309
4905, 81.75000, 3.1663, 50.0925, 16.3812, -143.1, 14.3239, 34.2233, 0.229915, 145.507, 1.70412, -54.5608, 1.52893, 123.302
4906, 81.75833, 3.16271, 50.0615, 16.3699, -143.112, 14.3155, 34.2172, 0.229622, 145.474, 1.70339, -54.5723, 1.52842, 123.295
4906, 81.76667, 3.15912, 50.0306, 16.3585, -143.123, 14.3071, 34.2112, 0.229329, 145.441, 1.70267, -54.5836, 1.52792, 123.289
4907, 81.77500, 3.15553, 49.9996, 16.3472, -143.135, 14.2988, 34.2051, 0.229036, 145.408, 1.70195, -54.595, 1.52742, 123.282
4907, 81.78333, 3.15195, 49.9686, 16.3359, -143.147, 14.2904, 34.1992, 0.228743, 145.375, 1.70122, -54.6063, 1.52692, 123.275
4908, 81.79166, 3.14837, 49.9376, 16.3246, -143.158, 14.282, 34.1932, 0.22845, 145.342, 1.7005, -54.6176, 1.52642, 123.268
4908, 81.80000, 3.1448, 49.9066, 16.3134, -143.17, 14.2737, 34.1873, 0.228158, 145.309, 1.69978, -54.6288, 1.52592, 123.262
4909, 81.80833, 3.14123, 49.8757, 16.3021, -143.181, 14.2654, 34.1814, 0.227865, 145.276, 1.69906, -54.6401, 1.52543, 123.255
4909, 81.81667, 3.13766, 49.8447, 16.2908, -143.193, 14.257, 34.1756, 0.227573, 145.243, 1.69834, -54.6513, 1.52493, 123.248
4910, 81.82500, 3.13409, 49.8138, 16.2796, -143.205, 14.2487, 34.1698, 0.227281, 145.21, 1.69763, -54.6625, 1.52443, 123.242
4910, 81.83334, 3.13053, 49.7828, 16.2684, -143.216, 14.2404, 34.164, 0.226989, 145.177, 1.69691, -54.6736, 1.52394, 123.235
4911, 81.84167, 3.12697, 49.7519, 16.2572, -143.228, 14.2321, 34.1583, 0.226697, 145.144, 1.69619, -54.6847, 1.52344, 123.229
4911, 81.85000, 3.12342, 49.721, 16.246, -143.239, 14.2239, 34.1525, 0.226405, 145.111, 1.69548, -54.6958, 1.52295, 123.222
4912, 81.85833, 3.11986, 49.6901, 16.2348, -143.25, 14.2156, 34.1469, 0.226114, 145.078, 1.69476, -54.7069, 1.52246, 123.216
4912, 81.86667, 3.11631, 49.6592, 16.2236, -143.262, 14.2073, 34.1412, 0.225822, 145.045, 1.69405, -54.7179, 1.52196, 123.209
4912, 81.87500, 3.11277, 49.6284, 16.2125, -143.273, 14.1991, 34.1356, 0.225531, 145.012, 1.69334, -54.7289, 1.52147, 123.203
4913, 81.88333, 3.10923, 49.5975, 16.2013, -143.284, 14.1908, 34.13, 0.22524, 144.979, 1.69262, -54.7398, 1.52098, 123.197
4914, 81.89167, 3.10569, 49.5667, 16.1902, -143.296, 14.1826, 34.1244, 0.22495, 144.947, 1.69191, -54.7508, 1.52049, 123.19
4914, 81.90000, 3.10216, 49.5358, 16.179, -143.307, 14.1744, 34.1189, 0.224659, 144.914, 1.6912, -54.7617, 1.52, 123.184
4915, 81.90833, 3.09863, 49.505, 16.1679, -143.318, 14.1662, 34.1134, 0.224369, 144.881, 1.6905, -54.7726, 1.51951, 123.178
4915, 81.91666, 3.0951, 49.4742, 16.1568, -143.329, 14.158, 34.1079, 0.224078, 144.848, 1.68979, -54.7834, 1.51903, 123.171
4916, 81.92500, 3.09157, 49.4435, 16.1457, -143.341, 14.1498, 34.1024, 0.223788, 144.815, 1.68908, -54.7943, 1.51854, 123.165
4916, 81.93333, 3.08805, 49.4127, 16.1347, -143.352, 14.1416, 34.097, 0.223498, 144.782, 1.68837, -54.8051, 1.51805, 123.159
4917, 81.94167, 3.08454, 49.382, 16.1236, -143.363, 14.1334, 34.0916, 0.223209, 144.749, 1.68767, -54.8158, 1.51757, 123.153
4917, 81.95000, 3.08102, 49.3513, 16.1126, -143.374, 14.1253, 34.0863, 0.222919, 144.716, 1.68696, -54.8266, 1.51708, 123.147
4918, 81.95834, 3.07751, 49.3206, 16.1015, -143.385, 14.1171, 34.0809, 0.22263, 144.684, 1.68626, -54.8373, 1.5166, 123.141
4918, 81.96667, 3.07401, 49.29, 16.0905, -143.396, 14.109, 34.0756, 0.222341, 144.651, 1.68556, -54.848, 1.51612, 123.134
4919, 81.97500, 3.07051, 49.2593, 16.0795, -143.407, 14.1008, 34.0703, 0.222052, 144.618, 1.68485, -54.8586, 1.51563, 123.128
4919, 81.98333, 3.06701, 49.2287, 16.0685, -143.418, 14.0927, 34.0651, 0.221764, 144.585, 1.68415, -54.8692, 1.51515, 123.122
4920, 81.99167, 3.06351, 49.1981, 16.0575, -143.429, 14.0846, 34.0598, 0.221475, 144.553, 1.68345, -54.8798, 1.51467, 123.116
4920, 82.00000, 3.06002, 49.1676, 16.0465, -143.44, 14.0765, 34.0546, 0.221187, 144.52, 1.68275, -54.8904, 1.51419, 123.11
4920, 82.00833, 3.05654, 49.1371, 16.0356, -143.451, 14.0684, 34.0495, 0.220899, 144.487, 1.68206, -54.9009, 1.51371, 123.105
4921, 82.01667, 3.05305, 49.1066, 16.0246, -143.461, 14.0603, 34.0443, 0.220611, 144.455, 1.68136, -54.9114, 1.51323, 123.099
4922, 82.02500, 3.04957, 49.0761, 16.0137, -143.472, 14.0523, 34.0392, 0.220324, 144.422, 1.68066, -54.9219, 1.51275, 123.093
4922, 82.03333, 3.0461, 49.0456, 16.0028, -143.483, 14.0442, 34.0341, 0.220036, 144.39, 1.67997, -54.9324, 1.51228, 123.087
4923, 82.04166, 3.04262, 49.0152, 15.9918, -143.494, 14.0362, 34.029, 0.219749, 144.357, 1.67927, -54.9428, 1.5118, 123.081
4923, 82.05000, 3.03916, 48.9848, 15.9809, -143.505, 14.0281, 34.024, 0.219462, 144.324, 1.67858, -54.9532, 1.51133, 123.075
4924, 82.05833, 3.03569, 48.9545, 15.97, -143.515, 14.0201, 34.019, 0.219176, 144.292, 1.67788, -54.9636, 1.51085, 123.069
4924, 82.06667, 3.03223, 48.9242, 15.9592, -143.526, 14.0121, 34.014, 0.218889, 144.259, 1.67719, -54.9739, 1.51038, 123.064
4925, 82.07500, 3.02877, 48.8939, 15.9483, -143.537, 14.0041, 34.009, 0.218603, 144.227, 1.6765, -54.9842, 1.5099, 123.058
4925, 82.08334, 3.02532, 48.8636, 15.9375, -143.547, 13.9961, 34.004, 0.218317, 144.195, 1.67581, -54.9945, 1.50943, 123.052
4926, 82.09167, 3.02187, 48.8334, 15.9266, -143.558, 13.9881, 33.9991, 0.218032, 144.162, 1.67512, -55.0048, 1.50896, 123.047
4926, 82.10000, 3.01843, 48.8032, 15.9158, -143.568, 13.9801, 33.9942, 0.217746, 144.13, 1.67443, -55.015, 1.50849, 123.041
4927, 82.10833, 3.01499, 48.773, 15.905, -143.579, 13.9721, 33.9893, 0.217461, 144.098, 1.67374, -55.0252, 1.50802, 123.035
4927, 82.11667, 3.01155, 48.7429, 15.8942, -143.589, 13.9642, 33.9845, 0.217176, 144.065, 1.67306, -55.0354, 1.50755, 123.03
4928, 82.12500, 3.00812, 48.7128, 15.8834, -143.6, 13.9562, 33.9797, 0.216891, 144.033, 1.67237, -55.0455, 1.50708, 123.024
4928, 82.13333, 3.00469, 48.6828, 15.8726, -143.61, 13.9483, 33.9749, 0.216607, 144.001, 1.67169, -55.0556, 1.50661, 123.019
4928, 82.14167, 3.00126, 48.6527, 15.8618, -143.621, 13.9403, 33.9701, 0.216323, 143.969, 1.671, -55.0657, 1.50614, 123.013
4929, 82.15000, 2.99784, 48.6228, 15.8511, -143.631, 13.9324, 33.9653, 0.216039, 143.937, 1.67032, -55.0758, 1.50568, 123.008
4930, 82.15833, 2.99443, 48.5928, 15.8403, -143.641, 13.9245, 33.9606, 0.215755, 143.904, 1.66964, -55.0858, 1.50521, 123.002
4930, 82.16666, 2.99102, 48.5629, 15.8296, -143.652, 13.9166, 33.9559, 0.215472, 143.872, 1.66895, -55.0958, 1.50474, 122.997
4931, 82.17500, 2.98761, 48.5331, 15.8189, -143.662, 13.9087, 33.9512, 0.215189, 143.84, 1.66827, -55.1058, 1.50428, 122.991
4931, 82.18333, 2.9842, 48.5032, 15.8082, -143.672, 13.9008, 33.9465, 0.214906, 143.808, 1.66759, -55.1157, 1.50382, 122.986
4932, 82.19167, 2.9808, 48.4734, 15.7975, -143.682, 13.8929, 33.9419, 0.214623, 143.776, 1.66691, -55.1256, 1.50335, 122.98
4932, 82.20000, 2.97741, 48.4437, 15.7868, -143.693, 13.8851, 33.9373, 0.214341, 143.745, 1.66624, -55.1355, 1.50289, 122.975
4933, 82.20834, 2.97402, 48.414, 15.7762, -143.703, 13.8772, 33.9327, 0.214059, 143.713, 1.66556, -55.1454, 1.50243, 122.97
4933, 82.21667, 2.97063, 48.3843, 15.7655, -143.713, 13.8694, 33.9281, 0.213777, 143.681, 1.66488, -55.1552, 1.50197, 122.964
4934, 82.22500, 2.96725, 48.3547, 15.7549, -143.723, 13.8615, 33.9235, 0.213495, 143.649, 1.66421, -55.1651, 1.50151, 122.959
4934, 82.23333, 2.96387, 48.3251, 15.7442, -143.733, 13.8537, 33.919, 0.213214, 143.617, 1.66353, -55.1748, 1.50105, 122.954
4935, 82.24167, 2.96049, 48.2955, 15.7336, -143.743, 13.8459, 33.9145, 0.212933, 143.586, 1.66286, -55.1846, 1.50059, 122.949
4935, 82.25000, 2.95712, 48.266, 15.723, -143.753, 13.8381, 33.91, 0.212652, 143.554, 1.66219, -55.1943, 1.50013, 122.943
4936, 82.25833, 2.95375, 48.2366, 15.7124, -143.763, 13.8303, 33.9055, 0.212372, 143.522, 1.66151, -55.204, 1.49967, 122.938
4936, 82.26667, 2.95039, 48.2071, 15.7018, -143.773, 13.8225, 33.9011, 0.212092, 143.491, 1.66084, -55.2137, 1.49922, 122.933
4936, 82.27500, 2.94704, 48.1778, 15.6912, -143.783, 13.8147, 33.8966, 0.211812, 143.459, 1.66017, -55.2233, 1.49876, 122.928
4937, 82.28333, 2.94368, 48.1484, 15.6807, -143.793, 13.8069, 33.8922, 0.211533, 143.428, 1.6595, -55.233, 1.49831, 122.923
4938, 82.29166, 2.94033, 48.1191, 15.6701, -143.803, 13.7992, 33.8878, 0.211253, 143.396, 1.65883, -55.2426, 1.49785, 122.917
4938, 82.30000, 2.93699, 48.0899, 15.6596, -143.813, 13.7914, 33.8835, 0.210974, 143.365, 1.65817, -55.2521, 1.4974, 122.912
4939, 82.30833, 2.93365, 48.0607, 15.6491, -143.823, 13.7837, 33.8791, 0.210696, 143.334, 1.6575, -55.2617, 1.49694, 122.907
4939, 82.31667, 2.93031, 48.0315, 15.6386, -143.833, 13.776, 33.8748, 0.210417, 143.302, 1.65683, -55.2712, 1.49649, 122.902
4940, 82.32500, 2.92698, 48.0024, 15.6281, -143.842, 13.7682, 33.8705, 0.210139, 143.271, 1.65617, -55.2807, 1.49604, 122.897
4940, 82.33334, 2.92365, 47.9733, 15.6176, -143.852, 13.7605, 33.8662, 0.209862, 143.24, 1.65551, -55.2901, 1.49559, 122.892
4941, 82.34167, 2.92033, 47.9443, 15.6071, -143.862, 13.7528, 33.8619, 0.209584, 143.209, 1.65484, -55.2996, 1.49514, 122.887
4941, 82.35000, 2.91701, 47.9153, 15.5967, -143.872, 13.7451, 33.8577, 0.209307, 143.178, 1.65418, -55.309, 1.49469, 122.882
4941, 82.35833, 2.9137, 47.8864, 15.5862, -143.881, 13.7374, 33.8534, 0.20903, 143.146, 1.65352, -55.3183, 1.49424, 122.877
4942, 82.36667, 2.91039, 47.8575, 15.5758, -143.891, 13.7297, 33.8492, 0.208754, 143.115, 1.65286, -55.3277, 1.49379, 122.872
4943, 82.37500, 2.90709, 47.8287, 15.5653, -143.901, 13.7221, 33.845, 0.208477, 143.084, 1.6522, -55.337, 1.49335, 122.867
4943, 82.38333, 2.90379, 47.7999, 15.5549, -143.91, 13.7144, 33.8408, 0.208201, 143.054, 1.65154, -55.3463, 1.4929, 122.862
4944, 82.39167, 2.90049, 47.7711, 15.5445, -143.92, 13.7068, 33.8367, 0.207926, 143.023, 1.65088, -55.3556, 1.49245, 122.858
4944, 82.40000, 2.8972, 47.7424, 15.5341, -143.929, 13.6991, 33.8325, 0.207651, 142.992, 1.65022, -55.3648, 1.49201, 122.853
4944, 82.40833, 2.89391, 47.7138, 15.5238, -143.939, 13.6915, 33.8284, 0.207376, 142.961, 1.64957, -55.3741, 1.49156, 122.848
4945, 82.41666, 2.89063, 47.6852, 15.5134, -143.948, 13.6839, 33.8243, 0.207101, 142.93, 1.64891, -55.3833, 1.49112, 122.843
4946, 82.42500, 2.88735, 47.6566, 15.503, -143.958, 13.6763, 33.8202, 0.206827, 142.9, 1.64826, -55.3924, 1.49067, 122.838
4946, 82.43333, 2.88408, 47.6281, 15.4927, -143.967, 13.6687, 33.8161, 0.206553, 142.869, 1.6476, -55.4016, 1.49023, 122.833
4947, 82.44167, 2.88081, 47.5996, 15.4824, -143.976, 13.6611, 33.8121, 0.206279, 142.838, 1.64695, -55.4107, 1.48979, 122.829
4947, 82.45000, 2.87755, 47.5712, 15.472, -143.986, 13.6535, 33.8081, 0.206006, 142.808, 1.6463, -55.4198, 1.48935, 122.824
4948, 82.45834, 2.87429, 47.5429, 15.4617, -143.995, 13.6459, 33.804, 0.205733, 142.777, 1.64565, -55.4288, 1.48891, 122.819
4948, 82.46667, 2.87103, 47.5145, 15.4514, -144.005, 13.6383, 33.8, 0.20546, 142.747, 1.645, -55.4379, 1.48847, 122.815
4949, 82.47500, 2.86778, 47.4863, 15.4412, -144.014, 13.6308, 33.7961, 0.205188, 142.717, 1.64435, -55.4469, 1.48803, 122.81
4949, 82.48333, 2.86454, 47.4581, 15.4309, -144.023, 13.6232, 33.7921, 0.204916, 142.686, 1.6437, -55.4559, 1.48759, 122.805
4949, 82.49167, 2.8613, 47.4299, 15.4206, -144.032, 13.6157, 33.7882, 0.204644, 142.656, 1.64305, -55.4649, 1.48715, 122.8
4950, 82.50000, 2.85806, 47.4018, 15.4104, -144.042, 13.6081, 33.7842, 0.204372, 142.626, 1.64241, -55.4738, 1.48672, 122.796
4951, 82.50833, 2.85483, 47.3737, 15.4002, -144.051, 13.6006, 33.7803, 0.204101, 142.596, 1.64176, -55.4827, 1.48628, 122.791
4951, 82.51667, 2.8516, 47.3457, 15.3899, -144.06, 13.5931, 33.7764, 0.203831, 142.566, 1.64112, -55.4916, 1.48584, 122.787
4952, 82.52500, 2.84838, 47.3177, 15.3797, -144.069, 13.5856, 33.7725, 0.20356, 142.536, 1.64047, -55.5005, 1.48541, 122.782
4952, 82.53333, 2.84516, 47.2898, 15.3695, -144.078, 13.5781, 33.7687, 0.20329, 142.506, 1.63983, -55.5093, 1.48497, 122.777
4953, 82.54166, 2.84195, 47.2619, 15.3593, -144.087, 13.5706, 33.7648, 0.203021, 142.476, 1.63919, -55.5181, 1.48454, 122.773
4953, 82.55000, 2.83874, 47.2341, 15.3492, -144.096, 13.5631, 33.761, 0.202751, 142.446, 1.63855, -55.5269, 1.48411, 122.768
4954, 82.55833, 2.83554, 47.2064, 15.339, -144.105, 13.5556, 33.7572, 0.202482, 142.416, 1.63791, -55.5356, 1.48367, 122.764
4954, 82.56667, 2.83234, 47.1786, 15.3289, -144.114, 13.5482, 33.7534, 0.202213, 142.386, 1.63727, -55.5444, 1.48324, 122.759
4955, 82.57500, 2.82915, 47.151, 15.3187, -144.123, 13.5407, 33.7496, 0.201945, 142.356, 1.63663, -55.5531, 1.48281, 122.755
4955, 82.58334, 2.82596, 47.1234, 15.3086, -144.132, 13.5333, 33.7458, 0.201677, 142.327, 1.63599, -55.5618, 1.48238, 122.75
4956, 82.59167, 2.82277, 47.0958, 15.2985, -144.141, 13.5258, 33.7421, 0.20141, 142.297, 1.63535, -55.5704, 1.48195, 122.746
4956, 82.60000, 2.81959, 47.0683, 15.2884, -144.15, 13.5184, 33.7383, 0.201142, 142.268, 1.63472, -55.5791, 1.48152, 122.741
4957, 82.60833, 2.81642, 47.0408, 15.2783, -144.159, 13.511, 33.7346, 0.200875, 142.238, 1.63408, -55.5877, 1.48109, 122.737
4957, 82.61667, 2.81325, 47.0134, 15.2682, -144.168, 13.5036, 33.7309, 0.200609, 142.209, 1.63345, -55.5963, 1.48066, 122.733
4957, 82.62500, 2.81008, 46.9861, 15.2581, -144.177, 13.4962, 33.7272, 0.200342, 142.179, 1.63281, -55.6048, 1.48024, 122.728
4958, 82.63333, 2.80692, 46.9588, 15.2481, -144.185, 13.4888, 33.7235, 0.200077, 142.15, 1.63218, -55.6134, 1.47981, 122.724
4959, 82.64167, 2.80377, 46.9315, 15.238, -144.194, 13.4814, 33.7199, 0.199811, 142.121, 1.63155, -55.6219, 1.47938, 122.72
4959, 82.65000, 2.80062, 46.9043, 15.228, -144.203, 13.474, 33.7162, 0.199546, 142.091, 1.63092, -55.6304, 1.47896, 122.715
4960, 82.65833, 2.79747, 46.8772, 15.218, -144.212, 13.4666, 33.7126, 0.199281, 142.062, 1.63029, -55.6388, 1.47853, 122.711
4960, 82.66666, 2.79433, 46.8501, 15.208, -144.22, 13.4593, 33.709, 0.199017, 142.033, 1.62966, -55.6473, 1.47811, 122.707
4961, 82.67500, 2.79119, 46.8231, 15.198, -144.229, 13.4519, 33.7054, 0.198752, 142.004, 1.62903, -55.6557, 1.47769, 122.702
4961, 82.68333, 2.78806, 46.7961, 15.188, -144.238, 13.4446, 33.7018, 0.198489, 141.975, 1.6284, -55.6641, 1.47726, 122.698
4962, 82.69167, 2.78493, 46.7691, 15.178, -144.246, 13.4372, 33.6982, 0.198225, 141.946, 1.62777, -55.6725, 1.47684, 122.694
4962, 82.70000, 2.78181, 46.7422, 15.168, -144.255, 13.4299, 33.6946, 0.197962, 141.917, 1.62715, -55.6808, 1.47642, 122.689
4963, 82.70834, 2.7787, 46.7154, 15.1581, -144.263, 13.4226, 33.6911, 0.1977, 141.888, 1.62652, -55.6891, 1.476, 122.685
4963, 82.71667, 2.77558, 46.6886, 15.1481, -144.272, 13.4153, 33.6876, 0.197437, 141.859, 1.6259, -55.6974, 1.47558, 122.681
4964, 82.72500, 2.77248, 46.6619, 15.1382, -144.28, 13.408, 33.684, 0.197175, 141.831, 1.62527, -55.7057, 1.47516, 122.677
4964, 82.73333, 2.76937, 46.6352, 15.1283, -144.289, 13.4007, 33.6805, 0.196914, 141.802, 1.62465, -55.7139, 1.47474, 122.673
4965, 82.74167, 2.76628, 46.6086, 15.1184, -144.297, 13.3934, 33.677, 0.196653, 141.773, 1.62403, -55.7222, 1.47432, 122.668
4965, 82.75000, 2.76318, 46.582, 15.1085, -144.306, 13.3861, 33.6736, 0.196392, 141.745, 1.62341, -55.7304, 1.4739, 122.664
4965, 82.75833, 2.7601, 46.5555, 15.0986, -144.314, 13.3788, 33.6701, 0.196131, 141.716, 1.62279, -55.7386, 1.47349, 122.66
4966, 82.76667, 2.75701, 46.5291, 15.0887, -144.323, 13.3716, 33.6667, 0.195871, 141.688, 1.62217, -55.7467, 1.47307, 122.656
4967, 82.77500, 2.75393, 46.5027, 15.0789, -144.331, 13.3643, 33.6632, 0.195611, 141.66, 1.62155, -55.7548, 1.47265, 122.652
4967, 82.78333, 2.75086, 46.4763, 15.069, -144.339, 13.3571, 33.6598, 0.195352, 141.631, 1.62093, -55.7629, 1.47224, 122.648
4968, 82.79166, 2.74779, 46.45, 15.0592, -144.348, 13.3498, 33.6564, 0.195093, 141.603, 1.62032, -55.771, 1.47182, 122.644
4968, 82.80000, 2.74473, 46.4237, 15.0494, -144.356, 13.3426, 33.653, 0.194834, 141.575, 1.6197, -55.7791, 1.47141, 122.64
4969, 82.80833, 2.74167, 46.3975, 15.0396, -144.364, 13.3354, 33.6496, 0.194576, 141.547, 1.61909, -55.7871, 1.471, 122.635
4969, 82.81667, 2.73862, 46.3714, 15.0298, -144.372, 13.3282, 33.6462, 0.194318, 141.519, 1.61847, -55.7952, 1.47058, 122.631
4970, 82.82500, 2.73557, 46.3453, 15.02, -144.381, 13.3209, 33.6429, 0.194061, 141.491, 1.61786, -55.8031, 1.47017, 122.627
4970, 82.83334, 2.73253, 46.3193, 15.0102, -144.389, 13.3137, 33.6395, 0.193803, 141.463, 1.61725, -55.8111, 1.46976, 122.623
4971, 82.84167, 2.72949, 46.2933, 15.0004, -144.397, 13.3066, 33.6362, 0.193547, 141.435, 1.61664, -55.8191, 1.46935, 122.619
4971, 82.85000, 2.72645, 46.2674, 14.9907, -144.405, 13.2994, 33.6329, 0.19329, 141.407, 1.61603, -55.827, 1.46894, 122.615
4972, 82.85833, 2.72342, 46.2415, 14.9809, -144.413, 13.2922, 33.6296, 0.193034, 141.379, 1.61542, -55.8349, 1.46853, 122.611
4972, 82.86667, 2.7204, 46.2157, 14.9712, -144.421, 13.285, 33.6263, 0.192778, 141.351, 1.61481, -55.8428, 1.46812, 122.607
4973, 82.87500, 2.71738, 46.1899, 14.9615, -144.429, 13.2779, 33.623, 0.192523, 141.324, 1.6142, -55.8506, 1.46771, 122.603
4973, 82.88333, 2.71437, 46.1642, 14.9518, -144.438, 13.2707, 33.6197, 0.192268, 141.296, 1.61359, -55.8585, 1.4673, 122.6
4973, 82.89167, 2.71136, 46.1385, 14.9421, -144.446, 13.2636, 33.6165, 0.192014, 141.268, 1.61299, -55.8663, 1.4669, 122.596
4974, 82.90000, 2.70835, 46.1129, 14.9324, -144.454, 13.2564, 33.6132, 0.19176, 141.241, 1.61238, -55.8741, 1.46649, 122.592
4975, 82.90833, 2.70535, 46.0873, 14.9227, -144.462, 13.2493, 33.61, 0.191506, 141.213, 1.61177, -55.8818, 1.46608, 122.588
4975, 82.91666, 2.70236, 46.0618, 14.913, -144.469, 13.2422, 33.6068, 0.191252, 141.186, 1.61117, -55.8896, 1.46568, 122.584
4976, 82.92500, 2.69937, 46.0364, 14.9034, -144.477, 13.2351, 33.6036, 0.190999, 141.159, 1.61057, -55.8973, 1.46527, 122.58
4976, 82.93333, 2.69639, 46.011, 14.8937, -144.485, 13.228, 33.6004, 0.190747, 141.131, 1.60997, -55.905, 1.46487, 122.576
4977, 82.94167, 2.69341, 45.9856, 14.8841, -144.493, 13.2209, 33.5972, 0.190494, 141.104, 1.60936, -55.9127, 1.46446, 122.572
4977, 82.95000, 2.69043, 45.9604, 14.8745, -144.501, 13.2138, 33.594, 0.190243, 141.077, 1.60876, -55.9203, 1.46406, 122.568
4978, 82.95834, 2.68746, 45.9351, 14.8649, -144.509, 13.2067, 33.5909, 0.189991, 141.05, 1.60816, -55.928, 1.46366, 122.565
4978, 82.96667, 2.6845, 45.9099, 14.8553, -144.517, 13.1996, 33.5877, 0.18974, 141.023, 1.60756, -55.9356, 1.46326, 122.561
4979, 82.97500, 2.68154, 45.8848, 14.8457, -144.525, 13.1926, 33.5846, 0.189489, 140.996, 1.60697, -55.9432, 1.46285, 122.557
4979, 82.98333, 2.67858, 45.8597, 14.8361, -144.532, 13.1855, 33.5814, 0.189239, 140.969, 1.60637, -55.9507, 1.46245, 122.553
4980, 82.99167, 2.67563, 45.8347, 14.8266, -144.54, 13.1785, 33.5783, 0.188989, 140.942, 1.60577, -55.9583, 1.46205, 122.549
4980, 83.00000, 2.67269, 45.8097, 14.817, -144.548, 13.1714, 33.5752, 0.188739, 140.915, 1.60518, -55.9658, 1.46165, 122.546
4981, 83.00833, 2.66975, 45.7848, 14.8075, -144.555, 13.1644, 33.5721, 0.18849, 140.888, 1.60458, -55.9733, 1.46125, 122.542
4981, 83.01667, 2.66681, 45.7599, 14.7979, -144.563, 13.1574, 33.569, 0.188241, 140.862, 1.60399, -55.9808, 1.46086, 122.538
4981, 83.02500, 2.66388, 45.7351, 14.7884, -144.571, 13.1503, 33.566, 0.187993, 140.835, 1.6034, -55.9882, 1.46046, 122.535
4982, 83.03333, 2.66096, 45.7104, 14.7789, -144.578, 13.1433, 33.5629, 0.187745, 140.808, 1.6028, -55.9957, 1.46006, 122.531
4983, 83.04166, 2.65804, 45.6857, 14.7694, -144.586, 13.1363, 33.5599, 0.187497, 140.782, 1.60221, -56.0031, 1.45966, 122.527
4983, 83.05000, 2.65512, 45.661, 14.7599, -144.594, 13.1293, 33.5568, 0.18725, 140.755, 1.60162, -56.0105, 1.45927, 122.523
4984, 83.05833, 2.65221, 45.6364, 14.7505, -144.601, 13.1223, 33.5538, 0.187003, 140.729, 1.60103, -56.0179, 1.45887, 122.52
4984, 83.06667, 2.64931, 45.6119, 14.741, -144.609, 13.1153, 33.5508, 0.186756, 140.702, 1.60044, -56.0252, 1.45848, 122.516
4985, 83.07500, 2.64641, 45.5874, 14.7315, -144.616, 13.1084, 33.5478, 0.18651, 140.676, 1.59985, -56.0326, 1.45808, 122.512
4985, 83.08334, 2.64351, 45.5629, 14.7221, -144.624, 13.1014, 33.5448, 0.186264, 140.65, 1.59927, -56.0399, 1.45769, 122.509
4986, 83.09167, 2.64062, 45.5385, 14.7127, -144.631, 13.0944, 33.5418, 0.186019, 140.624, 1.59868, -56.0472, 1.45729, 122.505
4986, 83.10000, 2.63774, 45.5142, 14.7032, -144.639, 13.0875, 33.5388, 0.185774, 140.598, 1.59809, -56.0544, 1.4569, 122.501
4987, 83.10833, 2.63486, 45.4899, 14.6938, -144.646, 13.0805, 33.5359, 0.185529, 140.571, 1.59751, -56.0617, 1.45651, 122.498
4987, 83.11667, 2.63198, 45.4657, 14.6844, -144.654, 13.0736, 33.5329, 0.185285, 140.545, 1.59693, -56.0689, 1.45612, 122.494
4988, 83.12500, 2.62911, 45.4415, 14.6751, -144.661, 13.0667, 33.53, 0.185041, 140.519, 1.59634, -56.0761, 1.45572, 122.491
4988, 83.13333, 2.62625, 45.4174, 14.6657, -144.668, 13.0597, 33.527, 0.184798, 140.494, 1.59576, -56.0833, 1.45533, 122.487
4989, 83.14167, 2.62339, 45.3933, 14.6563, -144.676, 13.0528, 33.5241, 0.184555, 140.468, 1.59518, -56.0905, 1.45494, 122.484
4989, 83.15000, 2.62053, 45.3693, 14.647, -144.683, 13.0459, 33.5212, 0.184312, 140.442, 1.5946, -56.0976, 1.45455, 122.48
4989, 83.15833, 2.61768, 45.3453, 14.6376, -144.69, 13.039, 33.5183, 0.18407, 140.416, 1.59402, -56.1048, 1.45417, 122.476
4990, 83.16666, 2.61484, 45.3214, 14.6283, -144.698, 13.0321, 33.5154, 0.183828, 140.391, 1.59344, -56.1119, 1.45378, 122.473
4991, 83.17500, 2.612, 45.2976, 14.619, -144.705, 13.0252, 33.5125, 0.183586, 140.365, 1.59286, -56.119, 1.45339, 122.469
4991, 83.18333, 2.60916, 45.2737, 14.6097, -144.712, 13.0184, 33.5096, 0.183345, 140.339, 1.59228, -56.126, 1.453, 122.466
4992, 83.19167, 2.60633, 45.25, 14.6004, -144.719, 13.0115, 33.5068, 0.183104, 140.314, 1.59171, -56.1331, 1.45262, 122.462
4992, 83.20000, 2.6035, 45.2263, 14.5911, -144.727, 13.0046, 33.5039, 0.182864, 140.288, 1.59113, -56.1401, 1.45223, 122.459
4993, 83.20834, 2.60068, 45.2026, 14.5818, -144.734, 12.9978, 33.5011, 0.182624, 140.263, 1.59055, -56.1471, 1.45184, 122.455
4993, 83.21667, 2.59787, 45.179, 14.5725, -144.741, 12.9909, 33.4983, 0.182384, 140.238, 1.58998, -56.1541, 1.45146, 122.452
4994, 83.22500, 2.59506, 45.1555, 14.5633, -144.748, 12.9841, 33.4954, 0.182145, 140.212, 1.58941, -56.1611, 1.45107, 122.448
4994, 83.23333, 2.59225, 45.132, 14.554, -144.755, 12.9772, 33.4926, 0.181907, 140.187, 1.58883, -56.168, 1.45069, 122.445
4995, 83.24167, 2.58945, 45.1085, 14.5448, -144.762, 12.9704, 33.4898, 0.181668, 140.162, 1.58826, -56.1749, 1.45031, 122.442
4995, 83.25000, 2.58665, 45.0851, 14.5356, -144.769, 12.9636, 33.487, 0.18143, 140.137, 1.58769, -56.1818, 1.44992, 122.438
4996, 83.25833, 2.58386, 45.0618, 14.5264, -144.776, 12.9568, 33.4842, 0.181192, 140.112, 1.58712, -56.1887, 1.44954, 122.435
4996, 83.26667, 2.58107, 45.0385, 14.5172, -144.783, 12.9499, 33.4815, 0.180955, 140.087, 1.58655, -56.1956, 1.44916, 122.431
4997, 83.27500, 2.57829, 45.0152, 14.508, -144.79, 12.9431, 33.4787, 0.180718, 140.062, 1.58598, -56.2024, 1.44878, 122.428
4997, 83.28333, 2.57552, 44.992, 14.4988, -144.797, 12.9364, 33.4759, 0.180482, 140.037, 1.58541, -56.2093, 1.4484, 122.425
4997, 83.29166, 2.57275, 44.9689, 14.4896, -144.804, 12.9296, 33.4732, 0.180246, 140.012, 1.58485, -56.2161, 1.44802, 122.421
4998, 83.30000, 2.56998, 44.9458, 14.4805, -144.811, 12.9228, 33.4705, 0.18001, 139.987, 1.58428, -56.2229, 1.44764, 122.418
4999, 83.30833, 2.56722, 44.9228, 14.4713, -144.818, 12.916, 33.4677, 0.179775, 139.963, 1.58372, -56.2296, 1.44726, 122.414
4999, 83.31667, 2.56446, 44.8998, 14.4622, -144.825, 12.9092, 33.465, 0.17954, 139.938, 1.58315, -56.2364, 1.44688, 122.411
5000, 83.32500, 2.56171, 44.8769, 14.4531, -144.832, 12.9025, 33.4623, 0.179305, 139.913, 1.58259, -56.2431, 1.4465, 122.408
5000, 83.33334, 2.55896, 44.854, 14.444, -144.839, 12.8957, 33.4596, 0.179071, 139.889, 1.58202, -56.2499, 1.44612, 122.404
5001, 83.34167, 2.55622, 44.8311, 14.4349, -144.846, 12.889, 33.4569, 0.178837, 139.864, 1.58146, -56.2565, 1.44574, 122.401
5001, 83.35000, 2.55348, 44.8084, 14.4258, -144.853, 12.8822, 33.4542, 0.178604, 139.84, 1.5809, -56.2632, 1.44537, 122.398
5002, 83.35833, 2.55075, 44.7856, 14.4167, -144.859, 12.8755, 33.4515, 0.178371, 139.815, 1.58034, -56.2699, 1.44499, 122.394
5002, 83.36667, 2.54802, 44.7629, 14.4076, -144.866, 12.8688, 33.4489, 0.178138, 139.791, 1.57978, -56.2765, 1.44462, 122.391
5003, 83.37500, 2.5453, 44.7403, 14.3985, -144.873, 12.8621, 33.4462, 0.177906, 139.767, 1.57922, -56.2831, 1.44424, 122.388
5003, 83.38333, 2.54258, 44.7177, 14.3895, -144.88, 12.8554, 33.4436, 0.177674, 139.743, 1.57866, -56.2897, 1.44387, 122.385
5004, 83.39167, 2.53987, 44.6952, 14.3805, -144.886, 12.8486, 33.4409, 0.177443, 139.718, 1.5781, -56.2963, 1.44349, 122.381
5004, 83.40000, 2.53716, 44.6727, 14.3714, -144.893, 12.8419, 33.4383, 0.177212, 139.694, 1.57755, -56.3029, 1.44312, 122.378
5005, 83.40833, 2.53446, 44.6503, 14.3624, -144.9, 12.8353, 33.4357, 0.176981, 139.67, 1.57699, -56.3094, 1.44275, 122.375
5005, 83.41666, 2.53176, 44.6279, 14.3534, -144.906, 12.8286, 33.4331, 0.176751, 139.646, 1.57644, -56.316, 1.44237, 122.372
5005, 83.42500, 2.52907, 44.6056, 14.3444, -144.913, 12.8219, 33.4304, 0.176521, 139.622, 1.57588, -56.3225, 1.442, 122.368
5006, 83.43333, 2.52638, 44.5833, 14.3354, -144.92, 12.8152, 33.4278, 0.176291, 139.598, 1.57533, -56.329, 1.44163, 122.365
5007, 83.44167, 2.5237, 44.5611, 14.3264, -144.926, 12.8086, 33.4253, 0.176062, 139.575, 1.57477, -56.3354, 1.44126, 122.362
5007, 83.45000, 2.52102, 44.5389, 14.3175, -144.933, 12.8019, 33.4227, 0.175834, 139.551, 1.57422, -56.3419, 1.44089, 122.359
5008, 83.45834, 2.51835, 44.5168, 14.3085, -144.939, 12.7952, 33.4201, 0.175605, 139.527, 1.57367, -56.3483, 1.44052, 122.356
5008, 83.46667, 2.51568, 44.4947, 14.2996, -144.946, 12.7886, 33.4175, 0.175377, 139.503, 1.57312, -56.3547, 1.44015, 122.352
5009, 83.47500, 2.51301, 44.4727, 14.2906, -144.953, 12.782, 33.415, 0.17515, 139.48, 1.57257, -56.3611, 1.43978, 122.349
5009, 83.48333, 2.51035, 44.4507, 14.2817, -144.959, 12.7753, 33.4124, 0.174922, 139.456, 1.57202, -56.3675, 1.43941, 122.346
5010, 83.49167, 2.5077, 44.4287, 14.2728, -144.966, 12.7687, 33.4099, 0.174696, 139.433, 1.57147, -56.3739, 1.43904, 122.343
5010, 83.50000, 2.50505, 44.4069, 14.2639, -144.972, 12.7621, 33.4074, 0.174469, 139.409, 1.57093, -56.3802, 1.43868, 122.34
5011, 83.50833, 2.50241, 44.385, 14.255, -144.978, 12.7555, 33.4048, 0.174243, 139.386, 1.57038, -56.3866, 1.43831, 122.337
5011, 83.51667, 2.49977, 44.3632, 14.2461, -144.985, 12.7489, 33.4023, 0.174017, 139.362, 1.56983, -56.3929, 1.43794, 122.334
5012, 83.52500, 2.49713, 44.3415, 14.2372, -144.991, 12.7423, 33.3998, 0.173792, 139.339, 1.56929, -56.3992, 1.43758, 122.33
5012, 83.53333, 2.4945, 44.3198, 14.2284, -144.998, 12.7357, 33.3973, 0.173567, 139.316, 1.56874, -56.4055, 1.43721, 122.327
5013, 83.54166, 2.49188, 44.2982, 14.2195, -145.004, 12.7291, 33.3948, 0.173343, 139.293, 1.5682, -56.4117, 1.43685, 122.324
5013, 83.55000, 2.48925, 44.2766, 14.2107, -145.01, 12.7225, 33.3923, 0.173119, 139.27, 1.56766, -56.418, 1.43648, 122.321
5013, 83.55833, 2.48664, 44.2551, 14.2018, -145.017, 12.7159, 33.3899, 0.172895, 139.246, 1.56712, -56.4242, 1.43612, 122.318
5014, 83.56667, 2.48403, 44.2336, 14.193, -145.023, 12.7094, 33.3874, 0.172672, 139.223, 1.56657, -56.4304, 1.43575, 122.315
5015, 83.57500, 2.48142, 44.2121, 14.1842, -145.029, 12.7028, 33.3849, 0.172449, 139.2, 1.56603, -56.4366, 1.43539, 122.312
5015, 83.58334, 2.47882, 44.1907, 14.1754, -145.036, 12.6963, 33.3825, 0.172226, 139.178, 1.56549, -56.4427, 1.43503, 122.309
5016, 83.59167, 2.47622, 44.1694, 14.1666, -145.042, 12.6897, 33.38, 0.172004, 139.155, 1.56495, -56.4489, 1.43467, 122.306
5016, 83.60000, 2.47363, 44.1481, 14.1578, -145.048, 12.6832, 33.3776, 0.171782, 139.132, 1.56442, -56.455, 1.4343, 122.303
5017, 83.60833, 2.47104, 44.1268, 14.149, -145.054, 12.6766, 33.3752, 0.17156, 139.109, 1.56388, -56.4612, 1.43394, 122.3
5017, 83.61667, 2.46846, 44.1056, 14.1403, -145.061, 12.6701, 33.3727, 0.171339, 139.086, 1.56334, -56.4673, 1.43358, 122.297
5018, 83.62500, 2.46588, 44.0845, 14.1315, -145.067, 12.6636, 33.3703, 0.171119, 139.064, 1.56281, -56.4734, 1.43322, 122.294
5018, 83.63333, 2.46331, 44.0634, 14.1228, -145.073, 12.6571, 33.3679, 0.170898, 139.041, 1.56227, -56.4794, 1.43286, 122.291
5019, 83.64167, 2.46074, 44.0423, 14.1141, -145.079, 12.6506, 33.3655, 0.170678, 139.018, 1.56174, -56.4855, 1.4325, 122.288
5019, 83.65000, 2.45818, 44.0213, 14.1053, -145.085, 12.6441, 33.3631, 0.170459, 138.996, 1.5612, -56.4915, 1.43215, 122.285
5020, 83.65833, 2.45562, 44.0003, 14.0966, -145.091, 12.6376, 33.3607, 0.17024, 138.974, 1.56067, -56.4975, 1.43179, 122.282
5020, 83.66666, 2.45307, 43.9794, 14.0879, -145.098, 12.6311, 33.3584, 0.170021, 138.951, 1.56014, -56.5035, 1.43143, 122.279
5021, 83.67500, 2.45052, 43.9585, 14.0792, -145.104, 12.6246, 33.356, 0.169803, 138.929, 1.55961, -56.5095, 1.43107, 122.276
5021, 83.68333, 2.44797, 43.9377, 14.0705, -145.11, 12.6181, 33.3536, 0.169584, 138.906, 1.55907, -56.5155, 1.43072, 122.273
5021, 83.69167, 2.44543, 43.9169, 14.0619, -145.116, 12.6117, 33.3513, 0.169367, 138.884, 1.55854, -56.5214, 1.43036, 122.27
5022, 83.70000, 2.4429, 43.8962, 14.0532, -145.122, 12.6052, 33.3489, 0.16915, 138.862, 1.55801, -56.5274, 1.43, 122.267
5023, 83.70834, 2.44037, 43.8755, 14.0446, -145.128, 12.5987, 33.3466, 0.168933, 138.84, 1.55749, -56.5333, 1.42965, 122.264
5023, 83.71667, 2.43784, 43.8549, 14.0359, -145.134, 12.5923, 33.3442, 0.168716, 138.818, 1.55696, -56.5392, 1.42929, 122.261
5024, 83.72500, 2.43532, 43.8343, 14.0273, -145.14, 12.5858, 33.3419, 0.1685, 138.796, 1.55643, -56.5451, 1.42894, 122.258
5024, 83.73333, 2.43281, 43.8137, 14.0187, -145.146, 12.5794, 33.3396, 0.168284, 138.774, 1.55591, -56.551, 1.42858, 122.255
5025, 83.74167, 2.43029, 43.7932, 14.0101, -145.152, 12.573, 33.3373, 0.168069, 138.752, 1.55538, -56.5568, 1.42823, 122.252
5025, 83.75000, 2.42779, 43.7728, 14.0015, -145.158, 12.5665, 33.335, 0.167854, 138.73, 1.55485, -56.5627, 1.42788, 122.249
5026, 83.75833, 2.42529, 43.7524, 13.9929, -145.164, 12.5601, 33.3327, 0.167639, 138.708, 1.55433, -56.5685, 1.42753, 122.246
5026, 83.76667, 2.42279, 43.732, 13.9843, -145.17, 12.5537, 33.3304, 0.167425, 138.686, 1.55381, -56.5743, 1.42717, 122.244
5027, 83.77500, 2.42029, 43.7117, 13.9757, -145.175, 12.5473, 33.3281, 0.167211, 138.665, 1.55328, -56.5801, 1.42682, 122.241
5027, 83.78333, 2.41781, 43.6914, 13.9671, -145.181, 12.5409, 33.3258, 0.166997, 138.643, 1.55276, -56.5859, 1.42647, 122.238
5028, 83.79166, 2.41532, 43.6712, 13.9586, -145.187, 12.5345, 33.3236, 0.166784, 138.621, 1.55224, -56.5916, 1.42612, 122.235
5028, 83.80000, 2.41284, 43.651, 13.95, -145.193, 12.5281, 33.3213, 0.166571, 138.6, 1.55172, -56.5974, 1.42577, 122.232
5029, 83.80833, 2.41037, 43.6309, 13.9415, -145.199, 12.5217, 33.319, 0.166359, 138.578, 1.5512, -56.6031, 1.42542, 122.229
5029, 83.81667, 2.4079, 43.6108, 13.933, -145.205, 12.5153, 33.3168, 0.166147, 138.557, 1.55068, -56.6088, 1.42507, 122.226
5029, 83.82500, 2.40543, 43.5908, 13.9245, -145.21, 12.509, 33.3145, 0.165935, 138.535, 1.55016, -56.6145, 1.42472, 122.224
5030, 83.83334, 2.40297, 43.5708, 13.916, -145.216, 12.5026, 33.3123, 0.165724, 138.514, 1.54965, -56.6202, 1.42437, 122.221
5031, 83.84167, 2.40052, 43.5508, 13.9075, -145.222, 12.4962, 33.3101, 0.165513, 138.492, 1.54913, -56.6258, 1.42403, 122.218
5031, 83.85000, 2.39807, 43.5309, 13.899, -145.228, 12.4899, 33.3078, 0.165303, 138.471, 1.54861, -56.6315, 1.42368, 122.215
5032, 83.85833, 2.39562, 43.511, 13.8905, -145.233, 12.4835, 33.3056, 0.165092, 138.45, 1.5481, -56.6371, 1.42333, 122.212
5032, 83.86667, 2.39318, 43.4912, 13.882, -145.239, 12.4772, 33.3034, 0.164883, 138.429, 1.54758, -56.6427, 1.42298, 122.21
5033, 83.87500, 2.39074, 43.4715, 13.8736, -145.245, 12.4709, 33.3012, 0.164673, 138.407, 1.54707, -56.6484, 1.42264, 122.207
5033, 83.88333, 2.38831, 43.4517, 13.8651, -145.25, 12.4645, 33.299, 0.164464, 138.386, 1.54656, -56.6539, 1.42229, 122.204
5034, 83.89167, 2.38588, 43.432, 13.8567, -145.256, 12.4582, 33.2968, 0.164255, 138.365, 1.54604, -56.6595, 1.42195, 122.201
5034, 83.90000, 2.38345, 43.4124, 13.8483, -145.262, 12.4519, 33.2946, 0.164047, 138.344, 1.54553, -56.6651, 1.4216, 122.198
5035, 83.90833, 2.38103, 43.3928, 13.8399, -145.267, 12.4456, 33.2924, 0.163839, 138.323, 1.54502, -56.6706, 1.42126, 122.196
5035, 83.91666, 2.37862, 43.3733, 13.8315, -145.273, 12.4393, 33.2903, 0.163632, 138.302, 1.54451, -56.6761, 1.42091, 122.193
5036, 83.92500, 2.37621, 43.3538, 13.8231, -145.278, 12.433, 33.2881, 0.163424, 138.282, 1.544, -56.6817, 1.42057, 122.19
5036, 83.93333, 2.3738, 43.3343, 13.8147, -145.284, 12.4267, 33.2859, 0.163217, 138.261, 1.54349, -56.6872, 1.42023, 122.187
5037, 83.94167, 2.3714, 43.3149, 13.8063, -145.29, 12.4204, 33.2838, 0.163011, 138.24, 1.54299, -56.6926, 1.41989, 122.185
5037, 83.95000, 2.369, 43.2955, 13.7979, -145.295, 12.4141, 33.2816, 0.162805, 138.219, 1.54248, -56.6981, 1.41954, 122.182
5037, 83.95834, 2.36661, 43.2762, 13.7896, -145.301, 12.4078, 33.2795, 0.162599, 138.199, 1.54197, -56.7036, 1.4192, 122.179
5038, 83.96667, 2.36422, 43.2569, 13.7812, -145.306, 12.4016, 33.2774, 0.162394, 138.178, 1.54146, -56.709, 1.41886, 122.177
5039, 83.97500, 2.36184, 43.2376, 13.7729, -145.312, 12.3953, 33.2752, 0.162189, 138.158, 1.54096, -56.7144, 1.41852, 122.174
5039, 83.98333, 2.35946, 43.2184, 13.7645, -145.317, 12.389, 33.2731, 0.161984, 138.137, 1.54046, -56.7198, 1.41818, 122.171
5040, 83.99167, 2.35709, 43.1993, 13.7562, -145.323, 12.3828, 33.271, 0.16178, 138.117, 1.53995, -56.7252, 1.41784, 122.169
5040, 84.00000, 2.35472, 43.1802, 13.7479, -145.328, 12.3765, 33.2689, 0.161576, 138.096, 1.53945, -56.7306, 1.4175, 122.166
5041, 84.00833, 2.35235, 43.1611, 13.7396, -145.333, 12.3703, 33.2668, 0.161372, 138.076, 1.53895, -56.736, 1.41716, 122.163
5041, 84.01667, 2.34999, 43.1421, 13.7313, -145.339, 12.364, 33.2647, 0.161169, 138.055, 1.53844, -56.7413, 1.41682, 122.16
5042, 84.02500, 2.34764, 43.1231, 13.723, -145.344, 12.3578, 33.2626, 0.160966, 138.035, 1.53794, -56.7467, 1.41648, 122.158
5042, 84.03333, 2.34528, 43.1041, 13.7147, -145.35, 12.3516, 33.2605, 0.160763, 138.015, 1.53744, -56.752, 1.41615, 122.155
5043, 84.04166, 2.34294, 43.0852, 13.7065, -145.355, 12.3454, 33.2584, 0.160561, 137.995, 1.53694, -56.7573, 1.41581, 122.153
5043, 84.05000, 2.34059, 43.0664, 13.6982, -145.36, 12.3392, 33.2563, 0.160359, 137.975, 1.53644, -56.7626, 1.41547, 122.15
5044, 84.05833, 2.33825, 43.0476, 13.69, -145.366, 12.3329, 33.2543, 0.160158, 137.954, 1.53595, -56.7679, 1.41514, 122.147
5044, 84.06667, 2.33592, 43.0288, 13.6817, -145.371, 12.3267, 33.2522, 0.159957, 137.934, 1.53545, -56.7731, 1.4148, 122.145
5045, 84.07500, 2.33359, 43.0101, 13.6735, -145.376, 12.3205, 33.2501, 0.159756, 137.914, 1.53495, -56.7784, 1.41446, 122.142
5045, 84.08334, 2.33126, 42.9914, 13.6653, -145.382, 12.3144, 33.2481, 0.159556, 137.894, 1.53445, -56.7836, 1.41413, 122.139
5045, 84.09167, 2.32894, 42.9727, 13.6571, -145.387, 12.3082, 33.246, 0.159356, 137.874, 1.53396, -56.7889, 1.41379, 122.137
5046, 84.10000, 2.32663, 42.9541, 13.6489, -145.392, 12.302, 33.244, 0.159156, 137.855, 1.53346, -56.7941, 1.41346, 122.134
5047, 84.10833, 2.32431, 42.9355, 13.6407, -145.397, 12.2958, 33.242, 0.158957, 137.835, 1.53297, -56.7993, 1.41313, 122.132
5047, 84.11667, 2.32201, 42.917, 13.6325, -145.403, 12.2896, 33.2399, 0.158758, 137.815, 1.53248, -56.8044, 1.41279, 122.129
5048, 84.12500, 2.3197, 42.8985, 13.6243, -145.408, 12.2835, 33.2379, 0.158559, 137.795, 1.53198, -56.8096, 1.41246, 122.126
5048, 84.13333, 2.3174, 42.8801, 13.6162, -145.413, 12.2773, 33.2359, 0.158361, 137.776, 1.53149, -56.8148, 1.41213, 122.124
5049, 84.14167, 2.31511, 42.8617, 13.608, -145.418, 12.2712, 33.2339, 0.158163, 137.756, 1.531, -56.8199, 1.41179, 122.121
5049, 84.15000, 2.31282, 42.8433, 13.5999, -145.423, 12.265, 33.2319, 0.157966, 137.736, 1.53051, -56.825, 1.41146, 122.119
5050, 84.15833, 2.31053, 42.825, 13.5917, -145.428, 12.2589, 33.2299, 0.157769, 137.717, 1.53002, -56.8302, 1.41113, 122.116
5050, 84.16666, 2.30825, 42.8067, 13.5836, -145.434, 12.2528, 33.2279, 0.157572, 137.697, 1.52953, -56.8353, 1.4108, 122.114
5051, 84.17500, 2.30597, 42.7885, 13.5755, -145.439, 12.2466, 33.2259, 0.157375, 137.678, 1.52904, -56.8403, 1.41047, 122.111
5051, 84.18333, 2.3037, 42.7703, 13.5674, -145.444, 12.2405, 33.2239, 0.157179, 137.658, 1.52855, -56.8454, 1.41014, 122.108
5052, 84.19167, 2.30143, 42.7522, 13.5593, -145.449, 12.2344, 33.2219, 0.156983, 137.639, 1.52807, -56.8505, 1.40981, 122.106
5052, 84.20000, 2.29917, 42.734, 13.5512, -145.454, 12.2283, 33.22, 0.156788, 137.62, 1.52758, -56.8555, 1.40948, 122.103
5053, 84.20834, 2.29691, 42.716, 13.5431, -145.459, 12.2222, 33.218, 0.156593, 137.6, 1.52709, -56.8606, 1.40915, 122.101
5053, 84.21667, 2.29465, 42.6979, 13.535, -145.464, 12.2161, 33.216, 0.156398, 137.581, 1.52661, -56.8656, 1.40882, 122.098
5053, 84.22500, 2.2924, 42.6799, 13.5269, -145.469, 12.21, 33.2141, 0.156204, 137.562, 1.52612, -56.8706, 1.4085, 122.096
5054, 84.23333, 2.29015, 42.662, 13.5189, -145.474, 12.2039, 33.2121, 0.15601, 137.543, 1.52564, -56.8756, 1.40817, 122.093
5055, 84.24167, 2.28791, 42.6441, 13.5108, -145.479, 12.1978, 33.2102, 0.155816, 137.524, 1.52516, -56.8806, 1.40784, 122.091
5055, 84.25000, 2.28567, 42.6262, 13.5028, -145.484, 12.1917, 33.2082, 0.155623, 137.505, 1.52468, -56.8855, 1.40751, 122.088
5056, 84.25833, 2.28343, 42.6084, 13.4948, -145.489, 12.1856, 33.2063, 0.15543, 137.486, 1.52419, -56.8905, 1.40719, 122.086
5056, 84.26667, 2.2812, 42.5906, 13.4868, -145.494, 12.1796, 33.2044, 0.155237, 137.467, 1.52371, -56.8954, 1.40686, 122.083
5057, 84.27500, 2.27898, 42.5728, 13.4787, -145.499, 12.1735, 33.2024, 0.155045, 137.448, 1.52323, -56.9003, 1.40654, 122.081
5057, 84.28333, 2.27675, 42.5551, 13.4707, -145.504, 12.1674, 33.2005, 0.154853, 137.429, 1.52275, -56.9053, 1.40621, 122.078
5058, 84.29166, 2.27454, 42.5374, 13.4627, -145.509, 12.1614, 33.1986, 0.154662, 137.41, 1.52227, -56.9102, 1.40588, 122.076
5058, 84.30000, 2.27232, 42.5198, 13.4548, -145.514, 12.1553, 33.1967, 0.15447, 137.391, 1.52179, -56.915, 1.40556, 122.073
5059, 84.30833, 2.27011, 42.5022, 13.4468, -145.519, 12.1493, 33.1948, 0.154279, 137.373, 1.52132, -56.9199, 1.40524, 122.071
5059, 84.31667, 2.26791, 42.4846, 13.4388, -145.524, 12.1433, 33.1929, 0.154089, 137.354, 1.52084, -56.9248, 1.40491, 122.069
5060, 84.32500, 2.26571, 42.4671, 13.4309, -145.529, 12.1372, 33.191, 0.153899, 137.335, 1.52036, -56.9296, 1.40459, 122.066
5060, 84.33334, 2.26351, 42.4496, 13.4229, -145.533, 12.1312, 33.1891, 0.153709, 137.317, 1.51989, -56.9345, 1.40427, 122.064
5061, 84.34167, 2.26132, 42.4322, 13.415, -145.538, 12.1252, 33.1872, 0.153519, 137.298, 1.51941, -56.9393, 1.40394, 122.061
5061, 84.35000, 2.25913, 42.4148, 13.407, -145.543, 12.1192, 33.1854, 0.15333, 137.279, 1.51894, -56.9441, 1.40362, 122.059
5061, 84.35833, 2.25694, 42.3974, 13.3991, -145.548, 12.1132, 33.1835, 0.153141, 137.261, 1.51846, -56.9489, 1.4033, 122.056
5062, 84.36667, 2.25476, 42.3801, 13.3912, -145.553, 12.1071, 33.1816, 0.152953, 137.242, 1.51799, -56.9537, 1.40298, 122.054
5063, 84.37500, 2.25259, 42.3628, 13.3833, -145.557, 12.1011, 33.1798, 0.152764, 137.224, 1.51752, -56.9585, 1.40266, 122.052
5063, 84.38333, 2.25042, 42.3456, 13.3754, -145.562, 12.0952, 33.1779, 0.152577, 137.206, 1.51704, -56.9632, 1.40234, 122.049
5064, 84.39167, 2.24825, 42.3284, 13.3675, -145.567, 12.0892, 33.176, 0.152389, 137.187, 1.51657, -56.968, 1.40202, 122.047
5064, 84.40000, 2.24609, 42.3112, 13.3596, -145.572, 12.0832, 33.1742, 0.152202, 137.169, 1.5161, -56.9727, 1.4017, 122.044
5065, 84.40833, 2.24393, 42.2941, 13.3518, -145.577, 12.0772, 33.1724, 0.152015, 137.151, 1.51563, -56.9775, 1.40138, 122.042
5065, 84.41666, 2.24177, 42.277, 13.3439, -145.581, 12.0712, 33.1705, 0.151828, 137.133, 1.51516, -56.9822, 1.40106, 122.04
5066, 84.42500, 2.23962, 42.2599, 13.336, -145.586, 12.0653, 33.1687, 0.151642, 137.114, 1.51469, -56.9869, 1.40074, 122.037
5066, 84.43333, 2.23747, 42.2429, 13.3282, -145.591, 12.0593, 33.1669, 0.151456, 137.096, 1.51423, -56.9916, 1.40042, 122.035
5066, 84.44167, 2.23533, 42.2259, 13.3204, -145.595, 12.0533, 33.165, 0.151271, 137.078, 1.51376, -56.9962, 1.40011, 122.033
5067, 84.45000, 2.23319, 42.209, 13.3125, -145.6, 12.0474, 33.1632, 0.151086, 137.06, 1.51329, -57.0009, 1.39979, 122.03
5068, 84.45834, 2.23105, 42.192, 13.3047, -145.605, 12.0414, 33.1614, 0.150901, 137.042, 1.51283, -57.0056, 1.39947, 122.028
5068, 84.46667, 2.22892, 42.1752, 13.2969, -145.609, 12.0355, 33.1596, 0.150716, 137.024, 1.51236, -57.0102, 1.39916, 122.025
5069, 84.47500, 2.2268, 42.1583, 13.2891, -145.614, 12.0296, 33.1578, 0.150532, 137.006, 1.5119, -57.0148, 1.39884, 122.023
5069, 84.48333, 2.22467, 42.1415, 13.2813, -145.619, 12.0236, 33.156, 0.150348, 136.988, 1.51143, -57.0194, 1.39852, 122.021
5069, 84.49167, 2.22255, 42.1248, 13.2735, -145.623, 12.0177, 33.1542, 0.150165, 136.971, 1.51097, -57.024, 1.39821, 122.018
5070, 84.50000, 2.22044, 42.108, 13.2657, -145.628, 12.0118, 33.1524, 0.149982, 136.953, 1.51051, -57.0286, 1.39789, 122.016
5071, 84.50833, 2.21833, 42.0914, 13.258, -145.632, 12.0059, 33.1506, 0.149799, 136.935, 1.51004, -57.0332, 1.39758, 122.014
5071, 84.51667, 2.21622, 42.0747, 13.2502, -145.637, 11.9999, 33.1488, 0.149616, 136.917, 1.50958, -57.0378, 1.39726, 122.011
5072, 84.52500, 2.21412, 42.0581, 13.2424, -145.641, 11.994, 33.1471, 0.149434, 136.9, 1.50912, -57.0424, 1.39695, 122.009
5072, 84.53333, 2.21202, 42.0415, 13.2347, -145.646, 11.9881, 33.1453, 0.149252, 136.882, 1.50866, -57.0469, 1.39664, 122.007
5073, 84.54166, 2.20993, 42.025, 13.227, -145.651, 11.9822, 33.1435, 0.149071, 136.864, 1.5082, -57.0514, 1.39632, 122.005
5073, 84.55000, 2.20783, 42.0085, 13.2192, -145.655, 11.9763, 33.1418, 0.14889, 136.847, 1.50774, -57.056, 1.39601, 122.002
5074, 84.55833, 2.20575, 41.992, 13.2115, -145.66, 11.9705, 33.14, 0.148709, 136.829, 1.50728, -57.0605, 1.3957, 122
5074, 84.56667, 2.20367, 41.9756, 13.2038, -145.664, 11.9646, 33.1383, 0.148528, 136.812, 1.50682, -57.065, 1.39539, 121.998
5074, 84.57500, 2.20159, 41.9592, 13.1961, -145.669, 11.9587, 33.1365, 0.148348, 136.794, 1.50637, -57.0695, 1.39507, 121.995
5075, 84.58334, 2.19951, 41.9428, 13.1884, -145.673, 11.9528, 33.1348, 0.148168, 136.777, 1.50591, -57.0739, 1.39476, 121.993
5076, 84.59167, 2.19744, 41.9265, 13.1807, -145.678, 11.947, 33.133, 0.147988, 136.76, 1.50545, -57.0784, 1.39445, 121.991
5076, 84.60000, 2.19537, 41.9102, 13.1731, -145.682, 11.9411, 33.1313, 0.147809, 136.742, 1.505, -57.0829, 1.39414, 121.989
5077, 84.60833, 2.19331, 41.8939, 13.1654, -145.686, 11.9352, 33.1296, 0.14763, 136.725, 1.50454, -57.0873, 1.39383, 121.986
5077, 84.61667, 2.19125, 41.8777, 13.1577, -145.691, 11.9294, 33.1278, 0.147452, 136.708, 1.50409, -57.0917, 1.39352, 121.984
5078, 84.62500, 2.1892, 41.8615, 13.1501, -145.695, 11.9236, 33.1261, 0.147273, 136.691, 1.50364, -57.0961, 1.39321, 121.982
5078, 84.63333, 2.18714, 41.8454, 13.1424, -145.7, 11.9177, 33.1244, 0.147095, 136.673, 1.50318, -57.1006, 1.3929, 121.98
5079, 84.64167, 2.1851, 41.8293, 13.1348, -145.704, 11.9119, 33.1227, 0.146918, 136.656, 1.50273, -57.105, 1.3926, 121.977
5079, 84.65000, 2.18305, 41.8132, 13.1272, -145.708, 11.906, 33.121, 0.14674, 136.639, 1.50228, -57.1093, 1.39229, 121.975
5080, 84.65833, 2.18101, 41.7971, 13.1195, -145.713, 11.9002, 33.1193, 0.146563, 136.622, 1.50183, -57.1137, 1.39198, 121.973
5080, 84.66666, 2.17898, 41.7811, 13.1119, -145.717, 11.8944, 33.1176, 0.146387, 136.605, 1.50138, -57.1181, 1.39167, 121.971
5081, 84.67500, 2.17695, 41.7651, 13.1043, -145.721, 11.8886, 33.1159, 0.14621, 136.588, 1.50093, -57.1224, 1.39136, 121.968
5081, 84.68333, 2.17492, 41.7492, 13.0967, -145.726, 11.8828, 33.1142, 0.146034, 136.571, 1.50048, -57.1268, 1.39106, 121.966
5082, 84.69167, 2.17289, 41.7333, 13.0892, -145.73, 11.877, 33.1125, 0.145858, 136.554, 1.50003, -57.1311, 1.39075, 121.964
5082, 84.70000, 2.17087, 41.7174, 13.0816, -145.734, 11.8712, 33.1109, 0.145683, 136.538, 1.49958, -57.1354, 1.39045, 121.962
5082, 84.70834, 2.16886, 41.7016, 13.074, -145.739, 11.8654, 33.1092, 0.145508, 136.521, 1.49914, -57.1397, 1.39014, 121.96
5083, 84.71667, 2.16684, 41.6858, 13.0664, -145.743, 11.8596, 33.1075, 0.145333, 136.504, 1.49869, -57.144, 1.38983, 121.957
5084, 84.72500, 2.16483, 41.67, 13.0589, -145.747, 11.8538, 33.1058, 0.145159, 136.487, 1.49824, -57.1483, 1.38953, 121.955
5084, 84.73333, 2.16283, 41.6543, 13.0513, -145.751, 11.848, 33.1042, 0.144984, 136.47, 1.4978, -57.1526, 1.38922, 121.953
5085, 84.74167, 2.16083, 41.6386, 13.0438, -145.756, 11.8422, 33.1025, 0.144811, 136.454, 1.49735, -57.1569, 1.38892, 121.951
5085, 84.75000, 2.15883, 41.6229, 13.0363, -145.76, 11.8364, 33.1009, 0.144637, 136.437, 1.49691, -57.1611, 1.38862, 121.949
5086, 84.75833, 2.15684, 41.6073, 13.0288, -145.764, 11.8307, 33.0992, 0.144464, 136.421, 1.49646, -57.1654, 1.38831, 121.946
5086, 84.76667, 2.15485, 41.5917, 13.0212, -145.768, 11.8249, 33.0976, 0.144291, 136.404, 1.49602, -57.1696, 1.38801, 121.944
5087, 84.77500, 2.15286, 41.5761, 13.0137, -145.773, 11.8192, 33.0959, 0.144118, 136.387, 1.49558, -57.1738, 1.38771, 121.942
5087, 84.78333, 2.15088, 41.5606, 13.0062, -145.777, 11.8134, 33.0943, 0.143946, 136.371, 1.49514, -57.178, 1.3874, 121.94
5088, 84.79166, 2.1489, 41.5451, 12.9987, -145.781, 11.8076, 33.0927, 0.143774, 136.355, 1.4947, -57.1823, 1.3871, 121.938
5088, 84.80000, 2.14692, 41.5296, 12.9913, -145.785, 11.8019, 33.091, 0.143602, 136.338, 1.49426, -57.1864, 1.3868, 121.936
5089, 84.80833, 2.14495, 41.5142, 12.9838, -145.789, 11.7962, 33.0894, 0.143431, 136.322, 1.49382, -57.1906, 1.3865, 121.933
5089, 84.81667, 2.14299, 41.4988, 12.9763, -145.793, 11.7904, 33.0878, 0.14326, 136.305, 1.49338, -57.1948, 1.3862, 121.931
5090, 84.82500, 2.14102, 41.4834, 12.9689, -145.797, 11.7847, 33.0862, 0.143089, 136.289, 1.49294, -57.199, 1.3859, 121.929
5090, 84.83334, 2.13906, 41.4681, 12.9614, -145.802, 11.779, 33.0846, 0.142919, 136.273, 1.4925, -57.2031, 1.3856, 121.927
5090, 84.84167, 2.13711, 41.4528, 12.954, -145.806, 11.7733, 33.083, 0.142748, 136.257, 1.49206, -57.2072, 1.3853, 121.925
5091, 84.85000, 2.13515, 41.4375, 12.9465, -145.81, 11.7675, 33.0813, 0.142579, 136.24, 1.49162, -57.2114, 1.385, 121.923
5092, 84.85833, 2.13321, 41.4223, 12.9391, -145.814, 11.7618, 33.0797, 0.142409, 136.224, 1.49119, -57.2155, 1.3847, 121.921
5092, 84.86667, 2.13126, 41.4071, 12.9317, -145.818, 11.7561, 33.0781, 0.14224, 136.208, 1.49075, -57.2196, 1.3844, 121.919
5093, 84.87500, 2.12932, 41.3919, 12.9243, -145.822, 11.7504, 33.0766, 0.142071, 136.192, 1.49032, -57.2237, 1.3841, 121.916
5093, 84.88333, 2.12738, 41.3768, 12.9169, -145.826, 11.7447, 33.075, 0.141902, 136.176, 1.48988, -57.2278, 1.3838, 121.914
5094, 84.89167, 2.12545, 41.3617, 12.9095, -145.83, 11.739, 33.0734, 0.141734, 136.16, 1.48945, -57.2319, 1.38351, 121.912
5094, 84.90000, 2.12352, 41.3466, 12.9021, -145.834, 11.7333, 33.0718, 0.141566, 136.144, 1.48901, -57.236, 1.38321, 121.91
5095, 84.90833, 2.12159, 41.3316, 12.8947, -145.838, 11.7277, 33.0702, 0.141398, 136.128, 1.48858, -57.24, 1.38291, 121.908
5095, 84.91666, 2.11967, 41.3165, 12.8873, -145.842, 11.722, 33.0687, 0.141231, 136.112, 1.48815, -57.2441, 1.38261, 121.906
5096, 84.92500, 2.11775, 41.3016, 12.88, -145.846, 11.7163, 33.0671, 0.141063, 136.096, 1.48772, -57.2481, 1.38232, 121.904
5096, 84.93333, 2.11583, 41.2866, 12.8726, -145.85, 11.7106, 33.0655, 0.140897, 136.08, 1.48728, -57.2521, 1.38202, 121.902
5097, 84.94167, 2.11392, 41.2717, 12.8653, -145.854, 11.705, 33.064, 0.14073, 136.065, 1.48685, -57.2561, 1.38173, 121.9
5097, 84.95000, 2.11201, 41.2568, 12.8579, -145.858, 11.6993, 33.0624, 0.140564, 136.049, 1.48642, -57.2602, 1.38143, 121.898
5098, 84.95834, 2.11011, 41.242, 12.8506, -145.862, 11.6937, 33.0609, 0.140398, 136.033, 1.48599, -57.2642, 1.38113, 121.896
5098, 84.96667, 2.1082, 41.2272, 12.8433, -145.866, 11.688, 33.0593, 0.140232, 136.017, 1.48556, -57.2681, 1.38084, 121.894
5098, 84.97500, 2.10631, 41.2124, 12.8359, -145.87, 11.6824, 33.0578, 0.140067, 136.002, 1.48514, -57.2721, 1.38055, 121.891
5099, 84.98333, 2.10441, 41.1976, 12.8286, -145.874, 11.6767, 33.0562, 0.139902, 135.986, 1.48471, -57.2761, 1.38025, 121.889
5100, 84.99167, 2.10252, 41.1829, 12.8213, -145.878, 11.6711, 33.0547, 0.139737, 135.971, 1.48428, -57.2801, 1.37996, 121.887
5100, 85.00000, 2.10064, 41.1682, 12.814, -145.882, 11.6655, 33.0532, 0.139573, 135.955, 1.48385, -57.284, 1.37966, 121.885
5101, 85.00833, 2.09875, 41.1535, 12.8067, -145.886, 11.6598, 33.0516, 0.139409, 135.94, 1.48343, -57.288, 1.37937, 121.883
5101, 85.01667, 2.09687, 41.1389, 12.7995, -145.889, 11.6542, 33.0501, 0.139245, 135.924, 1.483, -57.2919, 1.37908, 121.881
5102, 85.02500, 2.095, 41.1243, 12.7922, -145.893, 11.6486, 33.0486, 0.139081, 135.909, 1.48258, -57.2958, 1.37879, 121.879
5102, 85.03333, 2.09312, 41.1097, 12.7849, -145.897, 11.643, 33.0471, 0.138918, 135.893, 1.48215, -57.2997, 1.37849, 121.877
5103, 85.04166, 2.09125, 41.0952, 12.7777, -145.901, 11.6374, 33.0456, 0.138755, 135.878, 1.48173, -57.3036, 1.3782, 121.875
5103, 85.05000, 2.08939, 41.0807, 12.7704, -145.905, 11.6318, 33.044, 0.138592, 135.862, 1.48131, -57.3075, 1.37791, 121.873
5104, 85.05833, 2.08753, 41.0662, 12.7632, -145.909, 11.6262, 33.0425, 0.13843, 135.847, 1.48088, -57.3114, 1.37762, 121.871
5104, 85.06667, 2.08567, 41.0518, 12.7559, -145.912, 11.6206, 33.041, 0.138268, 135.832, 1.48046, -57.3153, 1.37733, 121.869
5105, 85.07500, 2.08381, 41.0373, 12.7487, -145.916, 11.615, 33.0395, 0.138106, 135.817, 1.48004, -57.3191, 1.37704, 121.867
5105, 85.08334, 2.08196, 41.023, 12.7415, -145.92, 11.6094, 33.038, 0.137944, 135.801, 1.47962, -57.323, 1.37675, 121.865
5106, 85.09167, 2.08011, 41.0086, 12.7343, -145.924, 11.6038, 33.0365, 0.137783, 135.786, 1.4792, -57.3268, 1.37646, 121.863
5106, 85.10000, 2.07827, 40.9943, 12.7271, -145.928, 11.5982, 33.0351, 0.137622, 135.771, 1.47878, -57.3307, 1.37617, 121.861
5106, 85.10833, 2.07643, 40.98, 12.7199, -145.931, 11.5926, 33.0336, 0.137461, 135.756, 1.47836, -57.3345, 1.37588, 121.859
5107, 85.11667, 2.07459, 40.9657, 12.7127, -145.935, 11.5871, 33.0321, 0.137301, 135.741, 1.47794, -57.3383, 1.37559, 121.857
5108, 85.12500, 2.07275, 40.9515, 12.7055, -145.939, 11.5815, 33.0306, 0.137141, 135.726, 1.47752, -57.3421, 1.3753, 121.855
5108, 85.13333, 2.07092, 40.9373, 12.6983, -145.943, 11.576, 33.0291, 0.136981, 135.711, 1.47711, -57.3459, 1.37502, 121.853
5109, 85.14167, 2.0691, 40.9231, 12.6912, -145.946, 11.5704, 33.0277, 0.136822, 135.696, 1.47669, -57.3497, 1.37473, 121.851
5109, 85.15000, 2.06727, 40.9089, 12.684, -145.95, 11.5648, 33.0262, 0.136662, 135.681, 1.47627, -57.3535, 1.37444, 121.849
5110, 85.15833, 2.06545, 40.8948, 12.6768, -145.954, 11.5593, 33.0248, 0.136503, 135.666, 1.47586, -57.3573, 1.37415, 121.847
5110, 85.16666, 2.06363, 40.8807, 12.6697, -145.958, 11.5538, 33.0233, 0.136345, 135.651, 1.47544, -57.3611, 1.37387, 121.845
5111, 85.17500, 2.06182, 40.8667, 12.6626, -145.961, 11.5482, 33.0218, 0.136186, 135.636, 1.47503, -57.3648, 1.37358, 121.843
5111, 85.18333, 2.06001, 40.8526, 12.6554, -145.965, 11.5427, 33.0204, 0.136028, 135.621, 1.47461, -57.3686, 1.37329, 121.841
5112, 85.19167, 2.0582, 40.8386, 12.6483, -145.969, 11.5372, 33.0189, 0.13587, 135.606, 1.4742, -57.3723, 1.37301, 121.839
5112, 85.20000, 2.0564, 40.8247, 12.6412, -145.972, 11.5316, 33.0175, 0.135713, 135.592, 1.47378, -57.376, 1.37272, 121.837
5113, 85.20834, 2.0546, 40.8107, 12.6341, -145.976, 11.5261, 33.0161, 0.135555, 135.577, 1.47337, -57.3797, 1.37244, 121.835
5113, 85.21667, 2.0528, 40.7968, 12.627, -145.98, 11.5206, 33.0146, 0.135398, 135.562, 1.47296, -57.3834, 1.37215, 121.834
5114, 85.22500, 2.05101, 40.7829, 12.6199, -145.983, 11.5151, 33.0132, 0.135242, 135.548, 1.47255, -57.3872, 1.37187, 121.832
5114, 85.23333, 2.04922, 40.7691, 12.6128, -145.987, 11.5096, 33.0118, 0.135085, 135.533, 1.47214, -57.3908, 1.37158, 121.83
5114, 85.24167, 2.04743, 40.7553, 12.6057, -145.99, 11.5041, 33.0103, 0.134929, 135.518, 1.47173, -57.3945, 1.3713, 121.828
5115, 85.25000, 2.04565, 40.7415, 12.5986, -145.994, 11.4986, 33.0089, 0.134773, 135.504, 1.47132, -57.3982, 1.37102, 121.826
5116, 85.25833, 2.04387, 40.7277, 12.5916, -145.998, 11.4931, 33.0075, 0.134618, 135.489, 1.47091, -57.4019, 1.37073, 121.824
5116, 85.26667, 2.04209, 40.7139, 12.5845, -146.001, 11.4876, 33.0061, 0.134462, 135.475, 1.4705, -57.4055, 1.37045, 121.822
5117, 85.27500, 2.04032, 40.7002, 12.5775, -146.005, 11.4821, 33.0047, 0.134307, 135.46, 1.47009, -57.4092, 1.37017, 121.82
5117, 85.28333, 2.03855, 40.6866, 12.5704, -146.008, 11.4766, 33.0033, 0.134153, 135.446, 1.46968, -57.4128, 1.36989, 121.818
5118, 85.29166, 2.03678, 40.6729, 12.5634, -146.012, 11.4711, 33.0018, 0.133998, 135.431, 1.46927, -57.4165, 1.3696, 121.816
5118, 85.30000, 2.03502, 40.6593, 12.5563, -146.015, 11.4657, 33.0004, 0.133844, 135.417, 1.46887, -57.4201, 1.36932, 121.814
5119, 85.30833, 2.03326, 40.6457, 12.5493, -146.019, 11.4602, 32.999, 0.13369, 135.403, 1.46846, -57.4237, 1.36904, 121.812
5119, 85.31667, 2.03151, 40.6321, 12.5423, -146.022, 11.4547, 32.9976, 0.133536, 135.388, 1.46806, -57.4273, 1.36876, 121.811
5120, 85.32500, 2.02975, 40.6185, 12.5353, -146.026, 11.4493, 32.9963, 0.133383, 135.374, 1.46765, -57.4309, 1.36848, 121.809
5120, 85.33334, 2.028, 40.605, 12.5283, -146.029, 11.4438, 32.9949, 0.13323, 135.36, 1.46725, -57.4345, 1.3682, 121.807
5121, 85.34167, 2.02626, 40.5915, 12.5213, -146.033, 11.4384, 32.9935, 0.133077, 135.345, 1.46684, -57.4381, 1.36792, 121.805
5121, 85.35000, 2.02451, 40.5781, 12.5143, -146.036, 11.4329, 32.9921, 0.132924, 135.331, 1.46644, -57.4416, 1.36764, 121.803
5122, 85.35833, 2.02277, 40.5647, 12.5073, -146.04, 11.4275, 32.9907, 0.132772, 135.317, 1.46603, -57.4452, 1.36736, 121.801
5122, 85.36667, 2.02103, 40.5512, 12.5004, -146.043, 11.422, 32.9893, 0.13262, 135.303, 1.46563, -57.4488, 1.36708, 121.799
5122, 85.37500, 2.0193, 40.5379, 12.4934, -146.047, 11.4166, 32.988, 0.132468, 135.289, 1.46523, -57.4523, 1.3668, 121.797
5123, 85.38333, 2.01757, 40.5245, 12.4864, -146.05, 11.4112, 32.9866, 0.132316, 135.275, 1.46483, -57.4558, 1.36652, 121.795
5124, 85.39167, 2.01584, 40.5112, 12.4795, -146.054, 11.4058, 32.9852, 0.132165, 135.261, 1.46443, -57.4594, 1.36625, 121.794
5124, 85.40000, 2.01412, 40.4979, 12.4725, -146.057, 11.4003, 32.9839, 0.132014, 135.247, 1.46403, -57.4629, 1.36597, 121.792
5125, 85.40833, 2.0124, 40.4846, 12.4656, -146.061, 11.3949, 32.9825, 0.131863, 135.233, 1.46363, -57.4664, 1.36569, 121.79
5125, 85.41666, 2.01068, 40.4714, 12.4587, -146.064, 11.3895, 32.9812, 0.131713, 135.219, 1.46323, -57.4699, 1.36541, 121.788
5126, 85.42500, 2.00897, 40.4582, 12.4517, -146.067, 11.3841, 32.9798, 0.131563, 135.205, 1.46283, -57.4734, 1.36514, 121.786
5126, 85.43333, 2.00726, 40.445, 12.4448, -146.071, 11.3787, 32.9785, 0.131413, 135.191, 1.46243, -57.4769, 1.36486, 121.784
5127, 85.44167, 2.00555, 40.4318, 12.4379, -146.074, 11.3733, 32.9771, 0.131263, 135.177, 1.46203, -57.4804, 1.36458, 121.783
5127, 85.45000, 2.00384, 40.4187, 12.431, -146.078, 11.3679, 32.9758, 0.131114, 135.163, 1.46164, -57.4839, 1.36431, 121.781
5128, 85.45834, 2.00214, 40.4056, 12.4241, -146.081, 11.3625, 32.9744, 0.130965, 135.149, 1.46124, -57.4873, 1.36403, 121.779
5128, 85.46667, 2.00044, 40.3925, 12.4172, -146.084, 11.3571, 32.9731, 0.130816, 135.136, 1.46084, -57.4908, 1.36376, 121.777
5129, 85.47500, 1.99875, 40.3794, 12.4103, -146.088, 11.3517, 32.9718, 0.130667, 135.122, 1.46045, -57.4942, 1.36348, 121.775
5129, 85.48333, 1.99706, 40.3664, 12.4035, -146.091, 11.3463, 32.9704, 0.130519, 135.108, 1.46005, -57.4977, 1.36321, 121.773
5130, 85.49167, 1.99537, 40.3534, 12.3966, -146.094, 11.341, 32.9691, 0.130371, 135.094, 1.45966, -57.5011, 1.36293, 121.772
5130, 85.50000, 1.99368, 40.3404, 12.3897, -146.098, 11.3356, 32.9678, 0.130223, 135.081, 1.45926, -57.5045, 1.36266, 121.77
5130, 85.50833, 1.992, 40.3275, 12.3829, -146.101, 11.3302, 32.9665, 0.130075, 135.067, 1.45887, -57.5079, 1.36238, 121.768
5131, 85.51667, 1.99032, 40.3146, 12.376, -146.104, 11.3249, 32.9652, 0.129928, 135.053, 1.45848, -57.5114, 1.36211, 121.766
5132, 85.52500, 1.98864, 40.3017, 12.3692, -146.108, 11.3195, 32.9638, 0.129781, 135.04, 1.45808, -57.5148, 1.36184, 121.764
5132, 85.53333, 1.98697, 40.2888, 12.3623, -146.111, 11.3141, 32.9625, 0.129634, 135.026, 1.45769, -57.5182, 1.36156, 121.762
5133, 85.54166, 1.9853, 40.276, 12.3555, -146.114, 11.3088, 32.9612, 0.129488, 135.013, 1.4573, -57.5215, 1.36129, 121.761
5133, 85.55000, 1.98363, 40.2631, 12.3487, -146.118, 11.3034, 32.9599, 0.129342, 134.999, 1.45691, -57.5249, 1.36102, 121.759
5134, 85.55833, 1.98197, 40.2503, 12.3419, -146.121, 11.2981, 32.9586, 0.129196, 134.986, 1.45652, -57.5283, 1.36075, 121.757
5134, 85.56667, 1.98031, 40.2376, 12.3351, -146.124, 11.2928, 32.9573, 0.12905, 134.972, 1.45613, -57.5317, 1.36047, 121.755
5135, 85.57500, 1.97865, 40.2248, 12.3283, -146.127, 11.2874, 32.956, 0.128904, 134.959, 1.45574, -57.535, 1.3602, 121.754
5135, 85.58334, 1.977, 40.2121, 12.3215, -146.131, 11.2821, 32.9547, 0.128759, 134.946, 1.45535, -57.5384, 1.35993, 121.752
5136, 85.59167, 1.97534, 40.1994, 12.3147, -146.134, 11.2768, 32.9534, 0.128614, 134.932, 1.45496, -57.5417, 1.35966, 121.75
5136, 85.60000, 1.9737, 40.1868, 12.3079, -146.137, 11.2714, 32.9522, 0.128469, 134.919, 1.45457, -57.545, 1.35939, 121.748
5137, 85.60833, 1.97205, 40.1741, 12.3011, -146.14, 11.2661, 32.9509, 0.128325, 134.906, 1.45419, -57.5484, 1.35912, 121.746
5137, 85.61667, 1.97041, 40.1615, 12.2943, -146.143, 11.2608, 32.9496, 0.128181, 134.892, 1.4538, -57.5517, 1.35885, 121.745
5138, 85.62500, 1.96877, 40.1489, 12.2876, -146.147, 11.2555, 32.9483, 0.128037, 134.879, 1.45341, -57.555, 1.35858, 121.743
5138, 85.63333, 1.96713, 40.1364, 12.2808, -146.15, 11.2502, 32.947, 0.127893, 134.866, 1.45303, -57.5583, 1.35831, 121.741
5138, 85.64167, 1.9655, 40.1238, 12.2741, -146.153, 11.2449, 32.9458, 0.12775, 134.853, 1.45264, -57.5616, 1.35804, 121.739
5139, 85.65000, 1.96387, 40.1113, 12.2673, -146.156, 11.2396, 32.9445, 0.127606, 134.84, 1.45226, -57.5649, 1.35777, 121.738
5140, 85.65833, 1.96224, 40.0988, 12.2606, -146.159, 11.2343, 32.9432, 0.127463, 134.826, 1.45187, -57.5681, 1.3575, 121.736
5140, 85.66666, 1.96062, 40.0863, 12.2539, -146.163, 11.229, 32.942, 0.127321, 134.813, 1.45149, -57.5714, 1.35724, 121.734
5141, 85.67500, 1.959, 40.0739, 12.2471, -146.166, 11.2237, 32.9407, 0.127178, 134.8, 1.4511, -57.5747, 1.35697, 121.732
5141, 85.68333, 1.95738, 40.0615, 12.2404, -146.169, 11.2184, 32.9395, 0.127036, 134.787, 1.45072, -57.5779, 1.3567, 121.731
5142, 85.69167, 1.95576, 40.0491, 12.2337, -146.172, 11.2131, 32.9382, 0.126894, 134.774, 1.45034, -57.5812, 1.35643, 121.729
5142, 85.70000, 1.95415, 40.0367, 12.227, -146.175, 11.2079, 32.937, 0.126752, 134.761, 1.44996, -57.5844, 1.35617, 121.727
5143, 85.70834, 1.95254, 40.0244, 12.2203, -146.178, 11.2026, 32.9357, 0.126611, 134.748, 1.44957, -57.5877, 1.3559, 121.725
5143, 85.71667, 1.95093, 40.0121, 12.2136, -146.181, 11.1973, 32.9345, 0.12647, 134.735, 1.44919, -57.5909, 1.35563, 121.724
5144, 85.72500, 1.94933, 39.9998, 12.207, -146.184, 11.1921, 32.9332, 0.126329, 134.722, 1.44881, -57.5941, 1.35537, 121.722
5144, 85.73333, 1.94773, 39.9875, 12.2003, -146.188, 11.1868, 32.932, 0.126188, 134.709, 1.44843, -57.5973, 1.3551, 121.72
5145, 85.74167, 1.94613, 39.9753, 12.1936, -146.191, 11.1816, 32.9308, 0.126047, 134.697, 1.44805, -57.6005, 1.35484, 121.718
5145, 85.75000, 1.94454, 39.9631, 12.1869, -146.194, 11.1763, 32.9295, 0.125907, 134.684, 1.44767, -57.6037, 1.35457, 121.717
5146, 85.75833, 1.94295, 39.9509, 12.1803, -146.197, 11.1711, 32.9283, 0.125767, 134.671, 1.44729, -57.6069, 1.35431, 121.715
5146, 85.76667, 1.94136, 39.9387, 12.1736, -146.2, 11.1658, 32.9271, 0.125627, 134.658, 1.44692, -57.6101, 1.35404, 121.713
5146, 85.77500, 1.93977, 39.9266, 12.167, -146.203, 11.1606, 32.9258, 0.125488, 134.645, 1.44654, -57.6133, 1.35378, 121.712
5147, 85.78333, 1.93819, 39.9144, 12.1603, -146.206, 11.1553, 32.9246, 0.125349, 134.633, 1.44616, -57.6164, 1.35351, 121.71
5148, 85.79166, 1.93661, 39.9023, 12.1537, -146.209, 11.1501, 32.9234, 0.12521, 134.62, 1.44578, -57.6196, 1.35325, 121.708
5148, 85.80000, 1.93503, 39.8903, 12.1471, -146.212, 11.1449, 32.9222, 0.125071, 134.607, 1.44541, -57.6228, 1.35298, 121.706
5149, 85.80833, 1.93346, 39.8782, 12.1405, -146.215, 11.1396, 32.921, 0.124932, 134.595, 1.44503, -57.6259, 1.35272, 121.705
5149, 85.81667, 1.93189, 39.8662, 12.1339, -146.218, 11.1344, 32.9198, 0.124794, 134.582, 1.44466, -57.6291, 1.35246, 121.703
5150, 85.82500, 1.93032, 39.8542, 12.1273, -146.221, 11.1292, 32.9186, 0.124656, 134.569, 1.44428, -57.6322, 1.3522, 121.701
5150, 85.83334, 1.92876, 39.8422, 12.1207, -146.224, 11.124, 32.9174, 0.124518, 134.557, 1.44391, -57.6353, 1.35193, 121.7
5151, 85.84167, 1.92719, 39.8302, 12.1141, -146.227, 11.1188, 32.9162, 0.12438, 134.544, 1.44353, -57.6384, 1.35167, 121.698
5151, 85.85000, 1.92563, 39.8183, 12.1075, -146.23, 11.1136, 32.915, 0.124243, 134.532, 1.44316, -57.6416, 1.35141, 121.696
5152, 85.85833, 1.92408, 39.8064, 12.1009, -146.233, 11.1084, 32.9138, 0.124106, 134.519, 1.44279, -57.6447, 1.35115, 121.695
5152, 85.86667, 1.92252, 39.7945, 12.0943, -146.236, 11.1032, 32.9126, 0.123969, 134.507, 1.44241, -57.6478, 1.35089, 121.693
5153, 85.87500, 1.92097, 39.7826, 12.0877, -146.239, 11.098, 32.9114, 0.123832, 134.494, 1.44204, -57.6509, 1.35062, 121.691
5153, 85.88333, 1.91942, 39.7708, 12.0812, -146.242, 11.0928, 32.9102, 0.123696, 134.482, 1.44167, -57.6539, 1.35036, 121.69
5154, 85.89167, 1.91788, 39.759, 12.0746, -146.245, 11.0876, 32.909, 0.12356, 134.47, 1.4413, -57.657, 1.3501, 121.688
5154, 85.90000, 1.91634, 39.7472, 12.0681, -146.248, 11.0824, 32.9078, 0.123424, 134.457, 1.44093, -57.6601, 1.34984, 121.686
5154, 85.90833, 1.9148, 39.7354, 12.0615, -146.251, 11.0773, 32.9067, 0.123288, 134.445, 1.44056, -57.6632, 1.34958, 121.685
5155, 85.91666, 1.91326, 39.7237, 12.055, -146.254, 11.0721, 32.9055, 0.123153, 134.433, 1.44019, -57.6662, 1.34932, 121.683
5156, 85.92500, 1.91173, 39.712, 12.0485, -146.257, 11.0669, 32.9043, 0.123018, 134.42, 1.43982, -57.6693, 1.34906, 121.681
5156, 85.93333, 1.91019, 39.7003, 12.0419, -146.26, 11.0617, 32.9032, 0.122883, 134.408, 1.43945, -57.6723, 1.3488, 121.68
5157, 85.94167, 1.90867, 39.6886, 12.0354, -146.263, 11.0566, 32.902, 0.122748, 134.396, 1.43908, -57.6754, 1.34855, 121.678
5157, 85.95000, 1.90714, 39.6769, 12.0289, -146.265, 11.0514, 32.9008, 0.122613, 134.384, 1.43871, -57.6784, 1.34829, 121.676
5158, 85.95834, 1.90562, 39.6653, 12.0224, -146.268, 11.0463, 32.8997, 0.122479, 134.371, 1.43835, -57.6814, 1.34803, 121.675
5158, 85.96667, 1.9041, 39.6537, 12.0159, -146.271, 11.0411, 32.8985, 0.122345, 134.359, 1.43798, -57.6844, 1.34777, 121.673
5159, 85.97500, 1.90258, 39.6421, 12.0094, -146.274, 11.036, 32.8973, 0.122211, 134.347, 1.43761, -57.6874, 1.34751, 121.672
5159, 85.98333, 1.90107, 39.6305, 12.0029, -146.277, 11.0308, 32.8962, 0.122078, 134.335, 1.43725, -57.6904, 1.34726, 121.67
5160, 85.99167, 1.89955, 39.619, 11.9964, -146.28, 11.0257, 32.895, 0.121944, 134.323, 1.43688, -57.6934, 1.347, 121.668
5160, 86.00000, 1.89805, 39.6074, 11.99, -146.283, 11.0205, 32.8939, 0.121811, 134.311, 1.43652, -57.6964, 1.34674, 121.667
5161, 86.00833, 1.89654, 39.5959, 11.9835, -146.286, 11.0154, 32.8927, 0.121678, 134.299, 1.43615, -57.6994, 1.34648, 121.665
5161, 86.01667, 1.89504, 39.5845, 11.977, -146.288, 11.0103, 32.8916, 0.121545, 134.287, 1.43579, -57.7024, 1.34623, 121.663
5162, 86.02500, 1.89354, 39.573, 11.9706, -146.291, 11.0051, 32.8905, 0.121413, 134.275, 1.43543, -57.7054, 1.34597, 121.662
5162, 86.03333, 1.89204, 39.5616, 11.9641, -146.294, 11, 32.8893, 0.121281, 134.263, 1.43506, -57.7083, 1.34572, 121.66
5162, 86.04166, 1.89054, 39.5502, 11.9577, -146.297, 10.9949, 32.8882, 0.121149, 134.251, 1.4347, -57.7113, 1.34546, 121.659
5163, 86.05000, 1.88905, 39.5388, 11.9512, -146.3, 10.9898, 32.8871, 0.121017, 134.239, 1.43434, -57.7142, 1.34521, 121.657
5164, 86.05833, 1.88756, 39.5274, 11.9448, -146.303, 10.9847, 32.8859, 0.120885, 134.227, 1.43398, -57.7172, 1.34495, 121.655
5164, 86.06667, 1.88607, 39.5161, 11.9384, -146.305, 10.9796, 32.8848, 0.120754, 134.215, 1.43361, -57.7201, 1.3447, 121.654
5165, 86.07500, 1.88459, 39.5047, 11.932, -146.308, 10.9745, 32.8837, 0.120623, 134.203, 1.43325, -57.7231, 1.34444, 121.652
5165, 86.08334, 1.88311, 39.4934, 11.9255, -146.311, 10.9694, 32.8826, 0.120492, 134.191, 1.43289, -57.726, 1.34419, 121.65
5166, 86.09167, 1.88163, 39.4822, 11.9191, -146.314, 10.9643, 32.8814, 0.120362, 134.18, 1.43253, -57.7289, 1.34393, 121.649
5166, 86.10000, 1.88015, 39.4709, 11.9127, -146.316, 10.9592, 32.8803, 0.120231, 134.168, 1.43217, -57.7318, 1.34368, 121.647
5167, 86.10833, 1.87868, 39.4597, 11.9063, -146.319, 10.9541, 32.8792, 0.120101, 134.156, 1.43181, -57.7347, 1.34343, 121.646
5167, 86.11667, 1.87721, 39.4484, 11.8999, -146.322, 10.949, 32.8781, 0.119971, 134.144, 1.43145, -57.7376, 1.34317, 121.644
5168, 86.12500, 1.87574, 39.4373, 11.8936, -146.325, 10.9439, 32.877, 0.119841, 134.133, 1.4311, -57.7405, 1.34292, 121.643
5168, 86.13333, 1.87427, 39.4261, 11.8872, -146.327, 10.9388, 32.8759, 0.119712, 134.121, 1.43074, -57.7434, 1.34267, 121.641
5169, 86.14167, 1.87281, 39.4149, 11.8808, -146.33, 10.9338, 32.8748, 0.119582, 134.109, 1.43038, -57.7463, 1.34241, 121.639
5169, 86.15000, 1.87135, 39.4038, 11.8744, -146.333, 10.9287, 32.8737, 0.119453, 134.098, 1.43002, -57.7492, 1.34216, 121.638
5170, 86.15833, 1.86989, 39.3927, 11.8681, -146.336, 10.9236, 32.8726, 0.119324, 134.086, 1.42967, -57.7521, 1.34191, 121.636
5170, 86.16666, 1.86844, 39.3816, 11.8617, -146.338, 10.9186, 32.8715, 0.119196, 134.074, 1.42931, -57.7549, 1.34166, 121.635
5170, 86.17500, 1.86699, 39.3705, 11.8554, -146.341, 10.9135, 32.8704, 0.119067, 134.063, 1.42896, -57.7578, 1.34141, 121.633
5171, 86.18333, 1.86554, 39.3595, 11.849, -146.344, 10.9084, 32.8693, 0.118939, 134.051, 1.4286, -57.7606, 1.34116, 121.632
5172, 86.19167, 1.86409, 39.3485, 11.8427, -146.346, 10.9034, 32.8682, 0.118811, 134.04, 1.42825, -57.7635, 1.34091, 121.63
5172, 86.20000, 1.86265, 39.3375, 11.8364, -146.349, 10.8983, 32.8671, 0.118683, 134.028, 1.42789, -57.7663, 1.34065, 121.628
5173, 86.20834, 1.8612, 39.3265, 11.83, -146.352, 10.8933, 32.866, 0.118556, 134.017, 1.42754, -57.7692, 1.3404, 121.627
5173, 86.21667, 1.85976, 39.3155, 11.8237, -146.355, 10.8882, 32.865, 0.118428, 134.005, 1.42719, -57.772, 1.34015, 121.625
5174, 86.22500, 1.85833, 39.3046, 11.8174, -146.357, 10.8832, 32.8639, 0.118301, 133.994, 1.42683, -57.7748, 1.3399, 121.624
5174, 86.23333, 1.85689, 39.2936, 11.8111, -146.36, 10.8782, 32.8628, 0.118174, 133.983, 1.42648, -57.7776, 1.33966, 121.622
5175, 86.24167, 1.85546, 39.2827, 11.8048, -146.363, 10.8731, 32.8617, 0.118048, 133.971, 1.42613, -57.7804, 1.33941, 121.621
5175, 86.25000, 1.85403, 39.2719, 11.7985, -146.365, 10.8681, 32.8607, 0.117921, 133.96, 1.42578, -57.7832, 1.33916, 121.619
5176, 86.25833, 1.85261, 39.261, 11.7922, -146.368, 10.8631, 32.8596, 0.117795, 133.948, 1.42542, -57.786, 1.33891, 121.618
5176, 86.26667, 1.85118, 39.2502, 11.7859, -146.37, 10.8581, 32.8585, 0.117669, 133.937, 1.42507, -57.7888, 1.33866, 121.616
5177, 86.27500, 1.84976, 39.2393, 11.7796, -146.373, 10.853, 32.8575, 0.117543, 133.926, 1.42472, -57.7916, 1.33841, 121.614
5177, 86.28333, 1.84834, 39.2285, 11.7734, -146.376, 10.848, 32.8564, 0.117418, 133.915, 1.42437, -57.7944, 1.33816, 121.613
5178, 86.29166, 1.84693, 39.2178, 11.7671, -146.378, 10.843, 32.8554, 0.117292, 133.903, 1.42402, -57.7972, 1.33792, 121.611
5178, 86.30000, 1.84551, 39.207, 11.7608, -146.381, 10.838, 32.8543, 0.117167, 133.892, 1.42368, -57.7999, 1.33767, 121.61
5178, 86.30833, 1.8441, 39.1963, 11.7546, -146.384, 10.833, 32.8532, 0.117042, 133.881, 1.42333, -57.8027, 1.33742, 121.608
5179, 86.31667, 1.84269, 39.1856, 11.7483, -146.386, 10.828, 32.8522, 0.116917, 133.87, 1.42298, -57.8055, 1.33717, 121.607
5180, 86.32500, 1.84129, 39.1749, 11.7421, -146.389, 10.823, 32.8511, 0.116793, 133.859, 1.42263, -57.8082, 1.33693, 121.605
5180, 86.33334, 1.83989, 39.1642, 11.7359, -146.391, 10.818, 32.8501, 0.116668, 133.847, 1.42228, -57.811, 1.33668, 121.604
5181, 86.34167, 1.83849, 39.1535, 11.7296, -146.394, 10.813, 32.8491, 0.116544, 133.836, 1.42194, -57.8137, 1.33644, 121.602
5181, 86.35000, 1.83709, 39.1429, 11.7234, -146.396, 10.808, 32.848, 0.11642, 133.825, 1.42159, -57.8164, 1.33619, 121.601
5182, 86.35833, 1.83569, 39.1323, 11.7172, -146.399, 10.8031, 32.847, 0.116297, 133.814, 1.42124, -57.8192, 1.33594, 121.599
5182, 86.36667, 1.8343, 39.1217, 11.711, -146.402, 10.7981, 32.8459, 0.116173, 133.803, 1.4209, -57.8219, 1.3357, 121.598
5183, 86.37500, 1.83291, 39.1111, 11.7047, -146.404, 10.7931, 32.8449, 0.11605, 133.792, 1.42055, -57.8246, 1.33545, 121.596
5183, 86.38333, 1.83152, 39.1005, 11.6985, -146.407, 10.7881, 32.8439, 0.115927, 133.781, 1.42021, -57.8273, 1.33521, 121.595
5184, 86.39167, 1.83013, 39.09, 11.6923, -146.409, 10.7832, 32.8428, 0.115804, 133.77, 1.41986, -57.83, 1.33496, 121.593
5184, 86.40000, 1.82875, 39.0795, 11.6861, -146.412, 10.7782, 32.8418, 0.115681, 133.759, 1.41952, -57.8327, 1.33472, 121.592
5185, 86.40833, 1.82737, 39.069, 11.68, -146.414, 10.7732, 32.8408, 0.115559, 133.748, 1.41918, -57.8354, 1.33447, 121.59
5185, 86.41666, 1.82599, 39.0585, 11.6738, -146.417, 10.7683, 32.8398, 0.115436, 133.737, 1.41883, -57.8381, 1.33423, 121.589
5186, 86.42500, 1.82462, 39.048, 11.6676, -146.419, 10.7633, 32.8387, 0.115314, 133.726, 1.41849, -57.8408, 1.33399, 121.587
5186, 86.43333, 1.82324, 39.0376, 11.6614, -146.422, 10.7584, 32.8377, 0.115192, 133.715, 1.41815, -57.8435, 1.33374, 121.586
5186, 86.44167, 1.82187, 39.0272, 11.6553, -146.424, 10.7534, 32.8367, 0.115071, 133.705, 1.41781, -57.8461, 1.3335, 121.584
5187, 86.45000, 1.8205, 39.0168, 11.6491, -146.427, 10.7485, 32.8357, 0.114949, 133.694, 1.41746, -57.8488, 1.33326, 121.583
5188, 86.45834, 1.81914, 39.0064, 11.643, -146.429, 10.7435, 32.8347, 0.114828, 133.683, 1.41712, -57.8515, 1.33301, 121.581
5188, 86.46667, 1.81777, 38.996, 11.6368, -146.432, 10.7386, 32.8337, 0.114707, 133.672, 1.41678, -57.8541, 1.33277, 121.58
5189, 86.47500, 1.81641, 38.9857, 11.6307, -146.434, 10.7337, 32.8327, 0.114586, 133.661, 1.41644, -57.8568, 1.33253, 121.578
5189, 86.48333, 1.81505, 38.9753, 11.6245, -146.437, 10.7287, 32.8317, 0.114466, 133.651, 1.4161, -57.8594, 1.33229, 121.577
5190, 86.49167, 1.8137, 38.965, 11.6184, -146.439, 10.7238, 32.8307, 0.114345, 133.64, 1.41576, -57.862, 1.33205, 121.575
5190, 86.50000, 1.81234, 38.9547, 11.6123, -146.442, 10.7189, 32.8297, 0.114225, 133.629, 1.41542, -57.8647, 1.33181, 121.574
5191, 86.50833, 1.81099, 38.9445, 11.6061, -146.444, 10.714, 32.8287, 0.114105, 133.618, 1.41509, -57.8673, 1.33156, 121.572
5191, 86.51667, 1.80964, 38.9342, 11.6, -146.447, 10.709, 32.8277, 0.113985, 133.608, 1.41475, -57.8699, 1.33132, 121.571
5191, 86.52500, 1.8083, 38.924, 11.5939, -146.449, 10.7041, 32.8267, 0.113866, 133.597, 1.41441, -57.8725, 1.33108, 121.57
5192, 86.53333, 1.80695, 38.9138, 11.5878, -146.452, 10.6992, 32.8257, 0.113746, 133.586, 1.41407, -57.8751, 1.33084, 121.568
5193, 86.54166, 1.80561, 38.9036, 11.5817, -146.454, 10.6943, 32.8247, 0.113627, 133.576, 1.41374, -57.8778, 1.3306, 121.567
5193, 86.55000, 1.80427, 38.8934, 11.5756, -146.456, 10.6894, 32.8237, 0.113508, 133.565, 1.4134, -57.8804, 1.33036, 121.565
5194, 86.55833, 1.80293, 38.8833, 11.5695, -146.459, 10.6845, 32.8227, 0.113389, 133.555, 1.41306, -57.8829, 1.33012, 121.564
5194, 86.56667, 1.8016, 38.8731, 11.5634, -146.461, 10.6796, 32.8218, 0.11327, 133.544, 1.41273, -57.8855, 1.32988, 121.562
5194, 86.57500, 1.80027, 38.863, 11.5574, -146.464, 10.6747, 32.8208, 0.113152, 133.534, 1.41239, -57.8881, 1.32964, 121.561
5195, 86.58334, 1.79894, 38.8529, 11.5513, -146.466, 10.6698, 32.8198, 0.113034, 133.523, 1.41206, -57.8907, 1.3294, 121.559
5196, 86.59167, 1.79761, 38.8428, 11.5452, -146.468, 10.6649, 32.8188, 0.112916, 133.513, 1.41172, -57.8933, 1.32917, 121.558
5196, 86.60000, 1.79628, 38.8327, 11.5392, -146.471, 10.6601, 32.8179, 0.112798, 133.502, 1.41139, -57.8958, 1.32893, 121.556
5197, 86.60833, 1.79496, 38.8227, 11.5331, -146.473, 10.6552, 32.8169, 0.11268, 133.492, 1.41106, -57.8984, 1.32869, 121.555
5197, 86.61667, 1.79364, 38.8127, 11.5271, -146.476, 10.6503, 32.8159, 0.112563, 133.481, 1.41072, -57.901, 1.32845, 121.554
5198, 86.62500, 1.79232, 38.8027, 11.521, -146.478, 10.6454, 32.815, 0.112446, 133.471, 1.41039, -57.9035, 1.32821, 121.552
5198, 86.63333, 1.79101, 38.7927, 11.515, -146.48, 10.6406, 32.814, 0.112329, 133.46, 1.41006, -57.9061, 1.32798, 121.551
5199, 86.64167, 1.78969, 38.7827, 11.5089, -146.483, 10.6357, 32.813, 0.112212, 133.45, 1.40972, -57.9086, 1.32774, 121.549
5199, 86.65000, 1.78838, 38.7727, 11.5029, -146.485, 10.6308, 32.8121, 0.112095, 133.44, 1.40939, -57.9111, 1.3275, 121.548
5199, 86.65833, 1.78707, 38.7628, 11.4969, -146.487, 10.626, 32.8111, 0.111979, 133.429, 1.40906, -57.9137, 1.32726, 121.546
5200, 86.66666, 1.78577, 38.7529, 11.4909, -146.49, 10.6211, 32.8102, 0.111862, 133.419, 1.40873, -57.9162, 1.32703, 121.545
5201, 86.67500, 1.78446, 38.743, 11.4849, -146.492, 10.6162, 32.8092, 0.111746, 133.409, 1.4084, -57.9187, 1.32679, 121.544
5201, 86.68333, 1.78316, 38.7331, 11.4788, -146.494, 10.6114, 32.8083, 0.11163, 133.399, 1.40807, -57.9212, 1.32656, 121.542
5202, 86.69167, 1.78186, 38.7232, 11.4728, -146.497, 10.6065, 32.8073, 0.111515, 133.388, 1.40774, -57.9237, 1.32632, 121.541
5202, 86.70000, 1.78056, 38.7134, 11.4668, -146.499, 10.6017, 32.8064, 0.111399, 133.378, 1.40741, -57.9263, 1.32608, 121.539
5203, 86.70834, 1.77927, 38.7036, 11.4609, -146.501, 10.5969, 32.8054, 0.111284, 133.368, 1.40708, -57.9288, 1.32585, 121.538
5203, 86.71667, 1.77798, 38.6937, 11.4549, -146.504, 10.592, 32.8045, 0.111169, 133.358, 1.40675, -57.9313, 1.32561, 121.537
5204, 86.72500, 1.77668, 38.6839, 11.4489, -146.506, 10.5872, 32.8036, 0.111054, 133.347, 1.40643, -57.9337, 1.32538, 121.535
5204, 86.73333, 1.7754, 38.6742, 11.4429, -146.508, 10.5824, 32.8026, 0.110939, 133.337, 1.4061, -57.9362, 1.32514, 121.534
5205, 86.74167, 1.77411, 38.6644, 11.4369, -146.511, 10.5775, 32.8017, 0.110824, 133.327, 1.40577, -57.9387, 1.32491, 121.532
5205, 86.75000, 1.77283, 38.6547, 11.431, -146.513, 10.5727, 32.8008, 0.11071, 133.317, 1.40544, -57.9412, 1.32467, 121.531
5206, 86.75833, 1.77155, 38.6449, 11.425, -146.515, 10.5679, 32.7998, 0.110596, 133.307, 1.40512, -57.9437, 1.32444, 121.53
5206, 86.76667, 1.77027, 38.6352, 11.4191, -146.518, 10.5631, 32.7989, 0.110482, 133.297, 1.40479, -57.9461, 1.32421, 121.528
5207, 86.77500, 1.76899, 38.6255, 11.4131, -146.52, 10.5583, 32.798, 0.110368, 133.287, 1.40447, -57.9486, 1.32397, 121.527
5207, 86.78333, 1.76772, 38.6159, 11.4072, -146.522, 10.5534, 32.797, 0.110254, 133.277, 1.40414, -57.951, 1.32374, 121.525
5207, 86.79166, 1.76644, 38.6062, 11.4012, -146.524, 10.5486, 32.7961, 0.110141, 133.267, 1.40382, -57.9535, 1.32351, 121.524
5208, 86.80000, 1.76517, 38.5966, 11.3953, -146.527, 10.5438, 32.7952, 0.110028, 133.257, 1.40349, -57.9559, 1.32327, 121.523
5209, 86.80833, 1.7639, 38.587, 11.3894, -146.529, 10.539, 32.7943, 0.109915, 133.247, 1.40317, -57.9584, 1.32304, 121.521
5209, 86.81667, 1.76264, 38.5774, 11.3834, -146.531, 10.5342, 32.7934, 0.109802, 133.237, 1.40284, -57.9608, 1.32281, 121.52
5210, 86.82500, 1.76138, 38.5678, 11.3775, -146.533, 10.5294, 32.7925, 0.109689, 133.227, 1.40252, -57.9632, 1.32258, 121.518
5210, 86.83334, 1.76011, 38.5582, 11.3716, -146.536, 10.5246, 32.7915, 0.109577, 133.217, 1.4022, -57.9657, 1.32235, 121.517
5211, 86.84167, 1.75886, 38.5487, 11.3657, -146.538, 10.5198, 32.7906, 0.109464, 133.207, 1.40187, -57.9681, 1.32211, 121.516
5211, 86.85000, 1.7576, 38.5391, 11.3598, -146.54, 10.5151, 32.7897, 0.109352, 133.197, 1.40155, -57.9705, 1.32188, 121.514
5212, 86.85833, 1.75634, 38.5296, 11.3539, -146.542, 10.5103, 32.7888, 0.10924, 133.187, 1.40123, -57.9729, 1.32165, 121.513
5212, 86.86667, 1.75509, 38.5201, 11.348, -146.544, 10.5055, 32.7879, 0.109129, 133.177, 1.40091, -57.9753, 1.32142, 121.512
5213, 86.87500, 1.75384, 38.5106, 11.3421, -146.547, 10.5007, 32.787, 0.109017, 133.168, 1.40059, -57.9777, 1.32119, 121.51
5213, 86.88333, 1.75259, 38.5011, 11.3362, -146.549, 10.4959, 32.7861, 0.108906, 133.158, 1.40027, -57.9801, 1.32096, 121.509
5214, 86.89167, 1.75135, 38.4917, 11.3303, -146.551, 10.4912, 32.7852, 0.108794, 133.148, 1.39995, -57.9825, 1.32073, 121.507
5214, 86.90000, 1.7501, 38.4823, 11.3245, -146.553, 10.4864, 32.7843, 0.108683, 133.138, 1.39963, -57.9849, 1.3205, 121.506
5215, 86.90833, 1.74886, 38.4728, 11.3186, -146.555, 10.4816, 32.7834, 0.108573, 133.128, 1.39931, -57.9873, 1.32027, 121.505
5215, 86.91666, 1.74762, 38.4634, 11.3127, -146.558, 10.4769, 32.7826, 0.108462, 133.119, 1.39899, -57.9897, 1.32004, 121.503
5215, 86.92500, 1.74639, 38.4541, 11.3069, -146.56, 10.4721, 32.7817, 0.108351, 133.109, 1.39867, -57.992, 1.31981, 121.502
5216, 86.93333, 1.74515, 38.4447, 11.301, -146.562, 10.4674, 32.7808, 0.108241, 133.099, 1.39835, -57.9944, 1.31958, 121.501
5217, 86.94167, 1.74392, 38.4353, 11.2952, -146.564, 10.4626, 32.7799, 0.108131, 133.09, 1.39803, -57.9968, 1.31935, 121.499
5217, 86.95000, 1.74269, 38.426, 11.2893, -146.566, 10.4579, 32.779, 0.108021, 133.08, 1.39771, -57.9991, 1.31912, 121.498
5218, 86.95834, 1.74146, 38.4167, 11.2835, -146.568, 10.4531, 32.7781, 0.107911, 133.07, 1.3974, -58.0015, 1.31889, 121.497
5218, 86.96667, 1.74023, 38.4074, 11.2777, -146.571, 10.4484, 32.7773, 0.107802, 133.061, 1.39708, -58.0038, 1.31867, 121.495
5219, 86.97500, 1.73901, 38.3981, 11.2718, -146.573, 10.4436, 32.7764, 0.107692, 133.051, 1.39676, -58.0062, 1.31844, 121.494
5219, 86.98333, 1.73779, 38.3888, 11.266, -146.575, 10.4389, 32.7755, 0.107583, 133.041, 1.39645, -58.0085, 1.31821, 121.493
5220, 86.99167, 1.73657, 38.3796, 11.2602, -146.577, 10.4342, 32.7746, 0.107474, 133.032, 1.39613, -58.0109, 1.31798, 121.491
5220, 87.00000, 1.73535, 38.3703, 11.2544, -146.579, 10.4294, 32.7738, 0.107365, 133.022, 1.39581, -58.0132, 1.31775, 121.49
5221, 87.00833, 1.73413, 38.3611, 11.2486, -146.581, 10.4247, 32.7729, 0.107256, 133.013, 1.3955, -58.0155, 1.31753, 121.489
5221, 87.01667, 1.73292, 38.3519, 11.2428, -146.583, 10.42, 32.772, 0.107148, 133.003, 1.39518, -58.0178, 1.3173, 121.487
5222, 87.02500, 1.73171, 38.3427, 11.237, -146.585, 10.4153, 32.7712, 0.10704, 132.994, 1.39487, -58.0202, 1.31707, 121.486
5222, 87.03333, 1.7305, 38.3336, 11.2312, -146.588, 10.4106, 32.7703, 0.106931, 132.984, 1.39456, -58.0225, 1.31685, 121.485
5223, 87.04166, 1.72929, 38.3244, 11.2254, -146.59, 10.4058, 32.7694, 0.106823, 132.975, 1.39424, -58.0248, 1.31662, 121.483
5223, 87.05000, 1.72809, 38.3153, 11.2196, -146.592, 10.4011, 32.7686, 0.106716, 132.965, 1.39393, -58.0271, 1.3164, 121.482
5223, 87.05833, 1.72688, 38.3061, 11.2138, -146.594, 10.3964, 32.7677, 0.106608, 132.956, 1.39362, -58.0294, 1.31617, 121.481
5224, 87.06667, 1.72568, 38.297, 11.2081, -146.596, 10.3917, 32.7669, 0.106501, 132.946, 1.3933, -58.0317, 1.31594, 121.479
5225, 87.07500, 1.72448, 38.2879, 11.2023, -146.598, 10.387, 32.766, 0.106393, 132.937, 1.39299, -58.034, 1.31572, 121.478
5225, 87.08334, 1.72329, 38.2789, 11.1965, -146.6, 10.3823, 32.7652, 0.106286, 132.928, 1.39268, -58.0363, 1.31549, 121.477
5226, 87.09167, 1.72209, 38.2698, 11.1908, -146.602, 10.3776, 32.7643, 0.106179, 132.918, 1.39237, -58.0385, 1.31527, 121.475
5226, 87.10000, 1.7209, 38.2608, 11.185, -146.604, 10.3729, 32.7635, 0.106072, 132.909, 1.39206, -58.0408, 1.31504, 121.474
5227, 87.10833, 1.71971, 38.2517, 11.1793, -146.606, 10.3682, 32.7626, 0.105966, 132.9, 1.39175, -58.0431, 1.31482, 121.473
5227, 87.11667, 1.71852, 38.2427, 11.1735, -146.608, 10.3636, 32.7618, 0.105859, 132.89, 1.39144, -58.0454, 1.31459, 121.472
5228, 87.12500, 1.71733, 38.2337, 11.1678, -146.61, 10.3589, 32.7609, 0.105753, 132.881, 1.39113, -58.0476, 1.31437, 121.47
5228, 87.13333, 1.71615, 38.2247, 11.162, -146.613, 10.3542, 32.7601, 0.105647, 132.872, 1.39082, -58.0499, 1.31415, 121.469
5229, 87.14167, 1.71496, 38.2158, 11.1563, -146.615, 10.3495, 32.7593, 0.105541, 132.862, 1.39051, -58.0521, 1.31392, 121.468
5229, 87.15000, 1.71378, 38.2068, 11.1506, -146.617, 10.3448, 32.7584, 0.105435, 132.853, 1.3902, -58.0544, 1.3137, 121.466
5230, 87.15833, 1.71261, 38.1979, 11.1449, -146.619, 10.3402, 32.7576, 0.10533, 132.844, 1.38989, -58.0566, 1.31348, 121.465
5230, 87.16666, 1.71143, 38.189, 11.1392, -146.621, 10.3355, 32.7568, 0.105224, 132.835, 1.38958, -58.0589, 1.31325, 121.464
5231, 87.17500, 1.71026, 38.1801, 11.1334, -146.623, 10.3308, 32.7559, 0.105119, 132.825, 1.38927, -58.0611, 1.31303, 121.462
5231, 87.18333, 1.70908, 38.1712, 11.1277, -146.625, 10.3262, 32.7551, 0.105014, 132.816, 1.38896, -58.0634, 1.31281, 121.461
5231, 87.19167, 1.70791, 38.1623, 11.122, -146.627, 10.3215, 32.7543, 0.104909, 132.807, 1.38866, -58.0656, 1.31259, 121.46
5232, 87.20000, 1.70674, 38.1534, 11.1163, -146.629, 10.3169, 32.7535, 0.104805, 132.798, 1.38835, -58.0678, 1.31236, 121.459
5233, 87.20834, 1.70558, 38.1446, 11.1107, -146.631, 10.3122, 32.7526, 0.1047, 132.789, 1.38804, -58.07, 1.31214, 121.457
5233, 87.21667, 1.70441, 38.1358, 11.105, -146.633, 10.3075, 32.7518, 0.104596, 132.78, 1.38774, -58.0722, 1.31192, 121.456
5234, 87.22500, 1.70325, 38.1269, 11.0993, -146.635, 10.3029, 32.751, 0.104491, 132.771, 1.38743, -58.0745, 1.3117, 121.455
5234, 87.23333, 1.70209, 38.1181, 11.0936, -146.637, 10.2983, 32.7502, 0.104387, 132.762, 1.38713, -58.0767, 1.31148, 121.453
5235, 87.24167, 1.70093, 38.1094, 11.0879, -146.639, 10.2936, 32.7494, 0.104283, 132.752, 1.38682, -58.0789, 1.31126, 121.452
5235, 87.25000, 1.69978, 38.1006, 11.0823, -146.641, 10.289, 32.7486, 0.10418, 132.743, 1.38652, -58.0811, 1.31104, 121.451
5236, 87.25833, 1.69862, 38.0918, 11.0766, -146.643, 10.2843, 32.7478, 0.104076, 132.734, 1.38621, -58.0833, 1.31081, 121.45
5236, 87.26667, 1.69747, 38.0831, 11.0709, -146.645, 10.2797, 32.747, 0.103973, 132.725, 1.38591, -58.0855, 1.31059, 121.448
5237, 87.27500, 1.69632, 38.0744, 11.0653, -146.647, 10.2751, 32.7461, 0.10387, 132.716, 1.3856, -58.0876, 1.31037, 121.447
5237, 87.28333, 1.69517, 38.0657, 11.0596, -146.649, 10.2705, 32.7453, 0.103767, 132.707, 1.3853, -58.0898, 1.31015, 121.446
5238, 87.29166, 1.69403, 38.057, 11.054, -146.651, 10.2658, 32.7445, 0.103664, 132.698, 1.385, -58.092, 1.30993, 121.445
5238, 87.30000, 1.69288, 38.0483, 11.0484, -146.653, 10.2612, 32.7437, 0.103561, 132.689, 1.3847, -58.0942, 1.30972, 121.443
5239, 87.30833, 1.69174, 38.0396, 11.0427, -146.655, 10.2566, 32.7429, 0.103458, 132.68, 1.38439, -58.0964, 1.3095, 121.442
5239, 87.31667, 1.6906, 38.031, 11.0371, -146.656, 10.252, 32.7421, 0.103356, 132.672, 1.38409, -58.0985, 1.30928, 121.441
5239, 87.32500, 1.68946, 38.0224, 11.0315, -146.658, 10.2474, 32.7413, 0.103254, 132.663, 1.38379, -58.1007, 1.30906, 121.44
5240, 87.33334, 1.68832, 38.0137, 11.0258, -146.66, 10.2428, 32.7406, 0.103152, 132.654, 1.38349, -58.1028, 1.30884, 121.438
5241, 87.34167, 1.68719, 38.0051, 11.0202, -146.662, 10.2381, 32.7398, 0.10305, 132.645, 1.38319, -58.105, 1.30862, 121.437
5241, 87.35000, 1.68606, 37.9965, 11.0146, -146.664, 10.2335, 32.739, 0.102948, 132.636, 1.38289, -58.1071, 1.3084, 121.436
5242, 87.35833, 1.68493, 37.988, 11.009, -146.666, 10.2289, 32.7382, 0.102846, 132.627, 1.38259, -58.1093, 1.30818, 121.435
5242, 87.36667, 1.6838, 37.9794, 11.0034, -146.668, 10.2243, 32.7374, 0.102745, 132.618, 1.38229, -58.1114, 1.30797, 121.433
5243, 87.37500, 1.68267, 37.9709, 10.9978, -146.67, 10.2198, 32.7366, 0.102644, 132.61, 1.38199, -58.1136, 1.30775, 121.432
5243, 87.38333, 1.68154, 37.9623, 10.9922, -146.672, 10.2152, 32.7358, 0.102543, 132.601, 1.38169, -58.1157, 1.30753, 121.431
5244, 87.39167, 1.68042, 37.9538, 10.9866, -146.674, 10.2106, 32.7351, 0.102442, 132.592, 1.38139, -58.1178, 1.30731, 121.43
5244, 87.40000, 1.6793, 37.9453, 10.981, -146.676, 10.206, 32.7343, 0.102341, 132.583, 1.38109, -58.12, 1.3071, 121.428
5245, 87.40833, 1.67818, 37.9368, 10.9755, -146.678, 10.2014, 32.7335, 0.10224, 132.574, 1.38079, -58.1221, 1.30688, 121.427
5245, 87.41666, 1.67706, 37.9283, 10.9699, -146.679, 10.1968, 32.7327, 0.10214, 132.566, 1.3805, -58.1242, 1.30666, 121.426
5246, 87.42500, 1.67595, 37.9199, 10.9643, -146.681, 10.1922, 32.732, 0.10204, 132.557, 1.3802, -58.1263, 1.30645, 121.425
5246, 87.43333, 1.67483, 37.9114, 10.9588, -146.683, 10.1877, 32.7312, 0.101939, 132.548, 1.3799, -58.1284, 1.30623, 121.423
5247, 87.44167, 1.67372, 37.903, 10.9532, -146.685, 10.1831, 32.7304, 0.10184, 132.54, 1.3796, -58.1305, 1.30601, 121.422
5247, 87.45000, 1.67261, 37.8946, 10.9476, -146.687, 10.1785, 32.7296, 0.10174, 132.531, 1.37931, -58.1326, 1.3058, 121.421
5247, 87.45834, 1.67151, 37.8862, 10.9421, -146.689, 10.174, 32.7289, 0.10164, 132.522, 1.37901, -58.1347, 1.30558, 121.42
5248, 87.46667, 1.6704, 37.8778, 10.9365, -146.691, 10.1694, 32.7281, 0.101541, 132.514, 1.37872, -58.1368, 1.30537, 121.418
5249, 87.47500, 1.6693, 37.8694, 10.931, -146.693, 10.1648, 32.7274, 0.101441, 132.505, 1.37842, -58.1389, 1.30515, 121.417
5249, 87.48333, 1.66819, 37.861, 10.9255, -146.694, 10.1603, 32.7266, 0.101342, 132.496, 1.37812, -58.141, 1.30494, 121.416
5250, 87.49167, 1.66709, 37.8527, 10.9199, -146.696, 10.1557, 32.7258, 0.101243, 132.488, 1.37783, -58.1431, 1.30472, 121.415
5250, 87.50000, 1.66599, 37.8444, 10.9144, -146.698, 10.1512, 32.7251, 0.101144, 132.479, 1.37754, -58.1452, 1.30451, 121.414
5251, 87.50833, 1.6649, 37.836, 10.9089, -146.7, 10.1466, 32.7243, 0.101045, 132.471, 1.37724, -58.1472, 1.30429, 121.412
5251, 87.51667, 1.6638, 37.8277, 10.9033, -146.702, 10.1421, 32.7236, 0.100947, 132.462, 1.37695, -58.1493, 1.30408, 121.411
5252, 87.52500, 1.66271, 37.8194, 10.8978, -146.704, 10.1375, 32.7228, 0.100848, 132.454, 1.37665, -58.1514, 1.30387, 121.41
5252, 87.53333, 1.66162, 37.8112, 10.8923, -146.706, 10.133, 32.7221, 0.10075, 132.445, 1.37636, -58.1534, 1.30365, 121.409
5253, 87.54166, 1.66053, 37.8029, 10.8868, -146.707, 10.1285, 32.7213, 0.100652, 132.437, 1.37607, -58.1555, 1.30344, 121.408
5253, 87.55000, 1.65944, 37.7946, 10.8813, -146.709, 10.1239, 32.7206, 0.100554, 132.428, 1.37578, -58.1575, 1.30322, 121.406
5254, 87.55833, 1.65836, 37.7864, 10.8758, -146.711, 10.1194, 32.7198, 0.100456, 132.42, 1.37548, -58.1596, 1.30301, 121.405
5254, 87.56667, 1.65727, 37.7782, 10.8703, -146.713, 10.1149, 32.7191, 0.100359, 132.411, 1.37519, -58.1616, 1.3028, 121.404
5255, 87.57500, 1.65619, 37.77, 10.8648, -146.715, 10.1103, 32.7183, 0.100261, 132.403, 1.3749, -58.1637, 1.30259, 121.403
5255, 87.58334, 1.65511, 37.7618, 10.8593, -146.716, 10.1058, 32.7176, 0.100164, 132.394, 1.37461, -58.1657, 1.30237, 121.402
5255, 87.59167, 1.65403, 37.7536, 10.8539, -146.718, 10.1013, 32.7169, 0.100067, 132.386, 1.37432, -58.1678, 1.30216, 121.4
5256, 87.60000, 1.65296, 37.7454, 10.8484, -146.72, 10.0968, 32.7161, 0.0999696, 132.377, 1.37403, -58.1698, 1.30195, 121.399
5257, 87.60833, 1.65188, 37.7373, 10.8429, -146.722, 10.0923, 32.7154, 0.0998727, 132.369, 1.37374, -58.1718, 1.30174, 121.398
5257, 87.61667, 1.65081, 37.7291, 10.8375, -146.724, 10.0878, 32.7147, 0.099776, 132.361, 1.37345, -58.1739, 1.30152, 121.397
5258, 87.62500, 1.64974, 37.721, 10.832, -146.725, 10.0832, 32.7139, 0.0996794, 132.352, 1.37316, -58.1759, 1.30131, 121.396
5258, 87.63333, 1.64867, 37.7129, 10.8265, -146.727, 10.0787, 32.7132, 0.099583, 132.344, 1.37287, -58.1779, 1.3011, 121.394
5259, 87.64167, 1.6476, 37.7048, 10.8211, -146.729, 10.0742, 32.7125, 0.0994867, 132.336, 1.37258, -58.1799, 1.30089, 121.393
5259, 87.65000, 1.64654, 37.6967, 10.8156, -146.731, 10.0697, 32.7117, 0.0993906, 132.327, 1.37229, -58.1819, 1.30068, 121.392
5260, 87.65833, 1.64547, 37.6886, 10.8102, -146.732, 10.0652, 32.711, 0.0992947, 132.319, 1.372, -58.1839, 1.30047, 121.391
5260, 87.66666, 1.64441, 37.6806, 10.8047, -146.734, 10.0607, 32.7103, 0.0991988, 132.311, 1.37171, -58.1859, 1.30026, 121.39
5261, 87.67500, 1.64335, 37.6725, 10.7993, -146.736, 10.0563, 32.7096, 0.0991032, 132.303, 1.37143, -58.1879, 1.30005, 121.388
5261, 87.68333, 1.64229, 37.6645, 10.7939, -146.738, 10.0518, 32.7089, 0.0990077, 132.294, 1.37114, -58.1899, 1.29984, 121.387
5262, 87.69167, 1.64124, 37.6565, 10.7884, -146.74, 10.0473, 32.7081, 0.0989123, 132.286, 1.37085, -58.1919, 1.29963, 121.386
5262, 87.70000, 1.64018, 37.6484, 10.783, -146.741, 10.0428, 32.7074, 0.0988171, 132.278, 1.37057, -58.1939, 1.29942, 121.385
5263, 87.70834, 1.63913, 37.6404, 10.7776, -146.743, 10.0383, 32.7067, 0.098722, 132.27, 1.37028, -58.1959, 1.29921, 121.384
5263, 87.71667, 1.63808, 37.6325, 10.7722, -146.745, 10.0338, 32.706, 0.0986271, 132.261, 1.36999, -58.1979, 1.299, 121.383
5263, 87.72500, 1.63703, 37.6245, 10.7668, -146.746, 10.0294, 32.7053, 0.0985323, 132.253, 1.36971, -58.1998, 1.29879, 121.381
5264, 87.73333, 1.63598, 37.6165, 10.7614, -146.748, 10.0249, 32.7046, 0.0984377, 132.245, 1.36942, -58.2018, 1.29858, 121.38
5265, 87.74167, 1.63493, 37.6086, 10.756, -146.75, 10.0204, 32.7039, 0.0983432, 132.237, 1.36914, -58.2038, 1.29837, 121.379
5265, 87.75000, 1.63389, 37.6007, 10.7506, -146.752, 10.0159, 32.7032, 0.0982488, 132.229, 1.36885, -58.2057, 1.29816, 121.378
5266, 87.75833, 1.63285, 37.5927, 10.7452, -146.753, 10.0115, 32.7025, 0.0981546, 132.221, 1.36857, -58.2077, 1.29795, 121.377
5266, 87.76667, 1.63181, 37.5848, 10.7398, -146.755, 10.007, 32.7018, 0.0980606, 132.213, 1.36828, -58.2097, 1.29775, 121.376
5267, 87.77500, 1.63077, 37.577, 10.7344, -146.757, 10.0026, 32.7011, 0.0979667, 132.204, 1.368, -58.2116, 1.29754, 121.374
5267, 87.78333, 1.62973, 37.5691, 10.729, -146.759, 9.9981, 32.7004, 0.097873, 132.196, 1.36772, -58.2136, 1.29733, 121.373
5268, 87.79166, 1.62869, 37.5612, 10.7236, -146.76, 9.99365, 32.6997, 0.0977793, 132.188, 1.36743, -58.2155, 1.29712, 121.372
5268, 87.80000, 1.62766, 37.5533, 10.7183, -146.762, 9.9892, 32.699, 0.0976859, 132.18, 1.36715, -58.2175, 1.29692, 121.371
5269, 87.80833, 1.62663, 37.5455, 10.7129, -146.764, 9.98475, 32.6983, 0.0975926, 132.172, 1.36687, -58.2194, 1.29671, 121.37
5269, 87.81667, 1.6256, 37.5377, 10.7075, -146.765, 9.9803, 32.6976, 0.0974994, 132.164, 1.36659, -58.2213, 1.2965, 121.369
5270, 87.82500, 1.62457, 37.5299, 10.7022, -146.767, 9.97586, 32.6969, 0.0974064, 132.156, 1.3663, -58.2233, 1.29629, 121.368
5270, 87.83334, 1.62354, 37.5221, 10.6968, -146.769, 9.97142, 32.6962, 0.0973135, 132.148, 1.36602, -58.2252, 1.29609, 121.366
5271, 87.84167, 1.62252, 37.5143, 10.6915, -146.77, 9.96698, 32.6955, 0.0972207, 132.14, 1.36574, -58.2271, 1.29588, 121.365
5271, 87.85000, 1.62149, 37.5065, 10.6861, -146.772, 9.96255, 32.6948, 0.0971281, 132.132, 1.36546, -58.2291, 1.29567, 121.364
5271, 87.85833, 1.62047, 37.4987, 10.6808, -146.774, 9.95812, 32.6941, 0.0970357, 132.124, 1.36518, -58.231, 1.29547, 121.363
5272, 87.86667, 1.61945, 37.491, 10.6754, -146.775, 9.95369, 32.6935, 0.0969434, 132.116, 1.3649, -58.2329, 1.29526, 121.362
5273, 87.87500, 1.61843, 37.4832, 10.6701, -146.777, 9.94926, 32.6928, 0.0968512, 132.108, 1.36462, -58.2348, 1.29506, 121.361
5273, 87.88333, 1.61742, 37.4755, 10.6648, -146.779, 9.94483, 32.6921, 0.0967592, 132.1, 1.36434, -58.2367, 1.29485, 121.359
5274, 87.89167, 1.6164, 37.4678, 10.6594, -146.78, 9.94041, 32.6914, 0.0966673, 132.093, 1.36406, -58.2386, 1.29465, 121.358
5274, 87.90000, 1.61539, 37.4601, 10.6541, -146.782, 9.93599, 32.6908, 0.0965755, 132.085, 1.36378, -58.2405, 1.29444, 121.357
5275, 87.90833, 1.61438, 37.4524, 10.6488, -146.784, 9.93158, 32.6901, 0.0964839, 132.077, 1.3635, -58.2424, 1.29424, 121.356
5275, 87.91666, 1.61337, 37.4447, 10.6435, -146.785, 9.92716, 32.6894, 0.0963925, 132.069, 1.36322, -58.2443, 1.29403, 121.355
5276, 87.92500, 1.61236, 37.4371, 10.6382, -146.787, 9.92275, 32.6887, 0.0963012, 132.061, 1.36295, -58.2462, 1.29383, 121.354
5276, 87.93333, 1.61135, 37.4294, 10.6329, -146.789, 9.91834, 32.6881, 0.09621, 132.053, 1.36267, -58.2481, 1.29362, 121.353
5277, 87.94167, 1.61035, 37.4218, 10.6276, -146.79, 9.91394, 32.6874, 0.0961189, 132.045, 1.36239, -58.25, 1.29342, 121.352
5277, 87.95000, 1.60934, 37.4141, 10.6223, -146.792, 9.90954, 32.6867, 0.096028, 132.038, 1.36211, -58.2519, 1.29321, 121.35
5278, 87.95834, 1.60834, 37.4065, 10.617, -146.793, 9.90514, 32.6861, 0.0959373, 132.03, 1.36184, -58.2538, 1.29301, 121.349
5278, 87.96667, 1.60734, 37.3989, 10.6117, -146.795, 9.90074, 32.6854, 0.0958466, 132.022, 1.36156, -58.2556, 1.29281, 121.348
5279, 87.97500, 1.60634, 37.3913, 10.6064, -146.797, 9.89634, 32.6847, 0.0957562, 132.014, 1.36128, -58.2575, 1.2926, 121.347
5279, 87.98333, 1.60535, 37.3838, 10.6011, -146.798, 9.89195, 32.6841, 0.0956658, 132.006, 1.36101, -58.2594, 1.2924, 121.346
5279, 87.99167, 1.60435, 37.3762, 10.5959, -146.8, 9.88756, 32.6834, 0.0955756, 131.999, 1.36073, -58.2612, 1.2922, 121.345
5280, 88.00000, 1.60336, 37.3686, 10.5906, -146.802, 9.88317, 32.6828, 0.0954855, 131.991, 1.36046, -58.2631, 1.29199, 121.344
5281, 88.00833, 1.60237, 37.3611, 10.5853, -146.803, 9.87879, 32.6821, 0.0953956, 131.983, 1.36018, -58.265, 1.29179, 121.343
5281, 88.01667, 1.60138, 37.3536, 10.58, -146.805, 9.87441, 32.6815, 0.0953058, 131.976, 1.35991, -58.2668, 1.29159, 121.341
5282, 88.02500, 1.60039, 37.346, 10.5748, -146.806, 9.87003, 32.6808, 0.0952162, 131.968, 1.35963, -58.2687, 1.29139, 121.34
5282, 88.03333, 1.5994, 37.3385, 10.5695, -146.808, 9.86565, 32.6802, 0.0951266, 131.96, 1.35936, -58.2705, 1.29118, 121.339
5283, 88.04166, 1.59842, 37.331, 10.5643, -146.81, 9.86128, 32.6795, 0.0950372, 131.952, 1.35908, -58.2724, 1.29098, 121.338
5283, 88.05000, 1.59743, 37.3236, 10.559, -146.811, 9.85691, 32.6789, 0.094948, 131.945, 1.35881, -58.2742, 1.29078, 121.337
5284, 88.05833, 1.59645, 37.3161, 10.5538, -146.813, 9.85254, 32.6782, 0.0948589, 131.937, 1.35854, -58.2761, 1.29058, 121.336
5284, 88.06667, 1.59547, 37.3086, 10.5485, -146.814, 9.84817, 32.6776, 0.0947699, 131.93, 1.35826, -58.2779, 1.29038, 121.335
5285, 88.07500, 1.59449, 37.3012, 10.5433, -146.816, 9.84381, 32.6769, 0.0946811, 131.922, 1.35799, -58.2797, 1.29018, 121.334
5285, 88.08334, 1.59351, 37.2937, 10.5381, -146.817, 9.83945, 32.6763, 0.0945924, 131.914, 1.35772, -58.2816, 1.28997, 121.333
5286, 88.09167, 1.59254, 37.2863, 10.5328, -146.819, 9.83509, 32.6756, 0.0945038, 131.907, 1.35744, -58.2834, 1.28977, 121.332
5286, 88.10000, 1.59156, 37.2789, 10.5276, -146.821, 9.83073, 32.675, 0.0944154, 131.899, 1.35717, -58.2852, 1.28957, 121.33
5287, 88.10833, 1.59059, 37.2715, 10.5224, -146.822, 9.82638, 32.6744, 0.0943271, 131.892, 1.3569, -58.287, 1.28937, 121.329
5287, 88.11667, 1.58962, 37.2641, 10.5172, -146.824, 9.82203, 32.6737, 0.0942389, 131.884, 1.35663, -58.2888, 1.28917, 121.328
5287, 88.12500, 1.58865, 37.2567, 10.512, -146.825, 9.81768, 32.6731, 0.0941509, 131.877, 1.35636, -58.2907, 1.28897, 121.327
5288, 88.13333, 1.58769, 37.2494, 10.5068, -146.827, 9.81333, 32.6725, 0.094063, 131.869, 1.35609, -58.2925, 1.28877, 121.326
5289, 88.14167, 1.58672, 37.242, 10.5016, -146.828, 9.80899, 32.6718, 0.0939752, 131.861, 1.35582, -58.2943, 1.28857, 121.325
5289, 88.15000, 1.58575, 37.2347, 10.4964, -146.83, 9.80465, 32.6712, 0.0938876, 131.854, 1.35555, -58.2961, 1.28837, 121.324
5290, 88.15833, 1.58479, 37.2273, 10.4912, -146.831, 9.80031, 32.6706, 0.0938001, 131.846, 1.35528, -58.2979, 1.28817, 121.323
5290, 88.16666, 1.58383, 37.22, 10.486, -146.833, 9.79598, 32.67, 0.0937127, 131.839, 1.35501, -58.2997, 1.28797, 121.322
5291, 88.17500, 1.58287, 37.2127, 10.4808, -146.834, 9.79165, 32.6693, 0.0936255, 131.832, 1.35474, -58.3015, 1.28777, 121.321
5291, 88.18333, 1.58191, 37.2054, 10.4756, -146.836, 9.78732, 32.6687, 0.0935384, 131.824, 1.35447, -58.3033, 1.28758, 121.32
5292, 88.19167, 1.58096, 37.1981, 10.4704, -146.838, 9.78299, 32.6681, 0.0934514, 131.817, 1.3542, -58.3051, 1.28738, 121.318
5292, 88.20000, 1.58, 37.1909, 10.4652, -146.839, 9.77866, 32.6675, 0.0933645, 131.809, 1.35393, -58.3068, 1.28718, 121.317
5293, 88.20834, 1.57905, 37.1836, 10.4601, -146.841, 9.77434, 32.6668, 0.0932778, 131.802, 1.35366, -58.3086, 1.28698, 121.316
5293, 88.21667, 1.5781, 37.1763, 10.4549, -146.842, 9.77002, 32.6662, 0.0931912, 131.794, 1.3534, -58.3104, 1.28678, 121.315
5294, 88.22500, 1.57715, 37.1691, 10.4497, -146.844, 9.7657, 32.6656, 0.0931048, 131.787, 1.35313, -58.3122, 1.28658, 121.314
5294, 88.23333, 1.5762, 37.1619, 10.4446, -146.845, 9.76139, 32.665, 0.0930185, 131.78, 1.35286, -58.314, 1.28639, 121.313
5295, 88.24167, 1.57525, 37.1547, 10.4394, -146.847, 9.75707, 32.6644, 0.0929323, 131.772, 1.3526, -58.3157, 1.28619, 121.312
5295, 88.25000, 1.57431, 37.1475, 10.4343, -146.848, 9.75276, 32.6638, 0.0928462, 131.765, 1.35233, -58.3175, 1.28599, 121.311
5295, 88.25833, 1.57336, 37.1403, 10.4291, -146.85, 9.74846, 32.6632, 0.0927603, 131.758, 1.35206, -58.3193, 1.28579, 121.31
5296, 88.26667, 1.57242, 37.1331, 10.424, -146.851, 9.74415, 32.6626, 0.0926745, 131.75, 1.3518, -58.321, 1.2856, 121.309
5297, 88.27500, 1.57148, 37.1259, 10.4188, -146.853, 9.73985, 32.662, 0.0925888, 131.743, 1.35153, -58.3228, 1.2854, 121.308
5297, 88.28333, 1.57054, 37.1187, 10.4137, -146.854, 9.73555, 32.6614, 0.0925033, 131.736, 1.35126, -58.3245, 1.2852, 121.307
5298, 88.29166, 1.5696, 37.1116, 10.4086, -146.856, 9.73125, 32.6607, 0.0924179, 131.728, 1.351, -58.3263, 1.28501, 121.306
5298, 88.30000, 1.56866, 37.1045, 10.4034, -146.857, 9.72696, 32.6601, 0.0923326, 131.721, 1.35073, -58.328, 1.28481, 121.305
5299, 88.30833, 1.56773, 37.0973, 10.3983, -146.858, 9.72267, 32.6595, 0.0922474, 131.714, 1.35047, -58.3298, 1.28461, 121.303
5299, 88.31667, 1.5668, 37.0902, 10.3932, -146.86, 9.71838, 32.6589, 0.0921624, 131.706, 1.35021, -58.3315, 1.28442, 121.302
5300, 88.32500, 1.56586, 37.0831, 10.3881, -146.861, 9.71409, 32.6583, 0.0920775, 131.699, 1.34994, -58.3333, 1.28422, 121.301
5300, 88.33334, 1.56493, 37.076, 10.3829, -146.863, 9.70981, 32.6578, 0.0919927, 131.692, 1.34968, -58.335, 1.28403, 121.3
5301, 88.34167, 1.564, 37.0689, 10.3778, -146.864, 9.70552, 32.6572, 0.0919081, 131.685, 1.34941, -58.3367, 1.28383, 121.299
5301, 88.35000, 1.56308, 37.0619, 10.3727, -146.866, 9.70124, 32.6566, 0.0918235, 131.678, 1.34915, -58.3385, 1.28364, 121.298
5302, 88.35833, 1.56215, 37.0548, 10.3676, -146.867, 9.69697, 32.656, 0.0917392, 131.67, 1.34889, -58.3402, 1.28344, 121.297
5302, 88.36667, 1.56123, 37.0477, 10.3625, -146.869, 9.69269, 32.6554, 0.0916549, 131.663, 1.34862, -58.3419, 1.28325, 121.296
5303, 88.37500, 1.5603, 37.0407, 10.3574, -146.87, 9.68842, 32.6548, 0.0915707, 131.656, 1.34836, -58.3436, 1.28305, 121.295
5303, 88.38333, 1.55938, 37.0337, 10.3523, -146.872, 9.68415, 32.6542, 0.0914867, 131.649, 1.3481, -58.3454, 1.28286, 121.294
5303, 88.39167, 1.55846, 37.0267, 10.3472, -146.873, 9.67988, 32.6536, 0.0914028, 131.642, 1.34784, -58.3471, 1.28266, 121.293
5304, 88.40000, 1.55755, 37.0197, 10.3422, -146.874, 9.67562, 32.653, 0.0913191, 131.635, 1.34758, -58.3488, 1.28247, 121.292
5305, 88.40833, 1.55663, 37.0127, 10.3371, -146.876, 9.67135, 32.6525, 0.0912354, 131.627, 1.34732, -58.3505, 1.28227, 121.291
5305, 88.41666, 1.55571, 37.0057, 10.332, -146.877, 9.66709, 32.6519, 0.0911519, 131.62, 1.34705, -58.3522, 1.28208, 121.29
5306, 88.42500, 1.5548, 36.9987, 10.3269, -146.879, 9.66284, 32.6513, 0.0910685, 131.613, 1.34679, -58.3539, 1.28189, 121.289
5306, 88.43333, 1.55389, 36.9917, 10.3219, -146.88, 9.65858, 32.6507, 0.0909852, 131.606, 1.34653, -58.3556, 1.28169, 121.288
5307, 88.44167, 1.55298, 36.9848, 10.3168, -146.882, 9.65433, 32.6501, 0.0909021, 131.599, 1.34627, -58.3573, 1.2815, 121.287
5307, 88.45000, 1.55207, 36.9778, 10.3117, -146.883, 9.65008, 32.6496, 0.0908191, 131.592, 1.34601, -58.359, 1.28131, 121.286
5308, 88.45834, 1.55116, 36.9709, 10.3067, -146.884, 9.64583, 32.649, 0.0907362, 131.585, 1.34575, -58.3607, 1.28111, 121.285
5308, 88.46667, 1.55025, 36.964, 10.3016, -146.886, 9.64159, 32.6484, 0.0906534, 131.578, 1.34549, -58.3624, 1.28092, 121.284
5309, 88.47500, 1.54935, 36.9571, 10.2966, -146.887, 9.63734, 32.6478, 0.0905707, 131.571, 1.34523, -58.3641, 1.28073, 121.283
5309, 88.48333, 1.54844, 36.9502, 10.2915, -146.889, 9.6331, 32.6473, 0.0904882, 131.564, 1.34498, -58.3658, 1.28053, 121.282
5310, 88.49167, 1.54754, 36.9433, 10.2865, -146.89, 9.62886, 32.6467, 0.0904058, 131.557, 1.34472, -58.3674, 1.28034, 121.281
5310, 88.50000, 1.54664, 36.9364, 10.2814, -146.891, 9.62463, 32.6461, 0.0903235, 131.55, 1.34446, -58.3691, 1.28015, 121.279
5311, 88.50833, 1.54574, 36.9295, 10.2764, -146.893, 9.6204, 32.6456, 0.0902414, 131.543, 1.3442, -58.3708, 1.27996, 121.278
5311, 88.51667, 1.54484, 36.9227, 10.2714, -146.894, 9.61617, 32.645, 0.0901593, 131.536, 1.34394, -58.3725, 1.27977, 121.277
5311, 88.52500, 1.54395, 36.9158, 10.2663, -146.896, 9.61194, 32.6444, 0.0900774, 131.529, 1.34369, -58.3741, 1.27957, 121.276
5312, 88.53333, 1.54305, 36.909, 10.2613, -146.897, 9.60771, 32.6439, 0.0899956, 131.522, 1.34343, -58.3758, 1.27938, 121.275
5313, 88.54166, 1.54216, 36.9022, 10.2563, -146.898, 9.60349, 32.6433, 0.0899139, 131.515, 1.34317, -58.3775, 1.27919, 121.274
5313, 88.55000, 1.54127, 36.8954, 10.2513, -146.9, 9.59927, 32.6428, 0.0898324, 131.508, 1.34291, -58.3791, 1.279, 121.273
5314, 88.55833, 1.54038, 36.8885, 10.2463, -146.901, 9.59505, 32.6422, 0.0897509, 131.501, 1.34266, -58.3808, 1.27881, 121.272
5314, 88.56667, 1.53949, 36.8818, 10.2413, -146.903, 9.59083, 32.6417, 0.0896696, 131.494, 1.3424, -58.3824, 1.27862, 121.271
5315, 88.57500, 1.5386, 36.875, 10.2363, -146.904, 9.58662, 32.6411, 0.0895884, 131.487, 1.34215, -58.3841, 1.27843, 121.27
5315, 88.58334, 1.53771, 36.8682, 10.2312, -146.905, 9.58241, 32.6405, 0.0895073, 131.48, 1.34189, -58.3857, 1.27824, 121.269
5316, 88.59167, 1.53683, 36.8614, 10.2263, -146.907, 9.5782, 32.64, 0.0894264, 131.473, 1.34164, -58.3874, 1.27805, 121.268
5316, 88.60000, 1.53595, 36.8547, 10.2213, -146.908, 9.57399, 32.6394, 0.0893455, 131.467, 1.34138, -58.389, 1.27786, 121.267
5316, 88.60833, 1.53506, 36.8479, 10.2163, -146.909, 9.56979, 32.6389, 0.0892648, 131.46, 1.34113, -58.3907, 1.27767, 121.266
5317, 88.61667, 1.53418, 36.8412, 10.2113, -146.911, 9.56559, 32.6383, 0.0891842, 131.453, 1.34087, -58.3923, 1.27748, 121.265
5318, 88.62500, 1.5333, 36.8345, 10.2063, -146.912, 9.56139, 32.6378, 0.0891037, 131.446, 1.34062, -58.394, 1.27729, 121.264
5318, 88.63333, 1.53243, 36.8278, 10.2013, -146.913, 9.55719, 32.6373, 0.0890234, 131.439, 1.34036, -58.3956, 1.2771, 121.263
5319, 88.64167, 1.53155, 36.8211, 10.1963, -146.915, 9.55299, 32.6367, 0.0889431, 131.432, 1.34011, -58.3972, 1.27691, 121.262
5319, 88.65000, 1.53067, 36.8144, 10.1914, -146.916, 9.5488, 32.6362, 0.088863, 131.426, 1.33986, -58.3988, 1.27672, 121.261
5319, 88.65833, 1.5298, 36.8077, 10.1864, -146.917, 9.54461, 32.6356, 0.088783, 131.419, 1.3396, -58.4005, 1.27653, 121.26
5320, 88.66666, 1.52893, 36.801, 10.1814, -146.919, 9.54043, 32.6351, 0.0887031, 131.412, 1.33935, -58.4021, 1.27634, 121.259
5321, 88.67500, 1.52806, 36.7943, 10.1765, -146.92, 9.53624, 32.6346, 0.0886233, 131.405, 1.3391, -58.4037, 1.27615, 121.258
5321, 88.68333, 1.52719, 36.7877, 10.1715, -146.921, 9.53206, 32.634, 0.0885436, 131.399, 1.33884, -58.4053, 1.27596, 121.257
5322, 88.69167, 1.52632, 36.781, 10.1665, -146.923, 9.52788, 32.6335, 0.0884641, 131.392, 1.33859, -58.4069, 1.27577, 121.256
5322, 88.70000, 1.52545, 36.7744, 10.1616, -146.924, 9.5237, 32.6329, 0.0883847, 131.385, 1.33834, -58.4086, 1.27559, 121.255
5323, 88.70834, 1.52459, 36.7678, 10.1566, -146.925, 9.51952, 32.6324, 0.0883054, 131.378, 1.33809, -58.4102, 1.2754, 121.254
5323, 88.71667, 1.52372, 36.7612, 10.1517, -146.927, 9.51535, 32.6319, 0.0882261, 131.372, 1.33784, -58.4118, 1.27521, 121.253
5324, 88.72500, 1.52286, 36.7546, 10.1468, -146.928, 9.51118, 32.6314, 0.0881471, 131.365, 1.33759, -58.4134, 1.27502, 121.252
5324, 88.73333, 1.522, 36.748, 10.1418, -146.929, 9.50701, 32.6308, 0.0880681, 131.358, 1.33734, -58.415, 1.27484, 121.251
5324, 88.74167, 1.52114, 36.7414, 10.1369, -146.931, 9.50284, 32.6303, 0.0879893, 131.352, 1.33709, -58.4166, 1.27465, 121.25
5325, 88.75000, 1.52028, 36.7348, 10.132, -146.932, 9.49868, 32.6298, 0.0879105, 131.345, 1.33683, -58.4182, 1.27446, 121.249
5326, 88.75833, 1.51943, 36.7283, 10.127, -146.933, 9.49452, 32.6292, 0.0878319, 131.338, 1.33658, -58.4198, 1.27427, 121.248
5326, 88.76667, 1.51857, 36.7217, 10.1221, -146.935, 9.49036, 32.6287, 0.0877534, 131.332, 1.33633, -58.4214, 1.27409, 121.247
5327, 88.77500, 1.51772, 36.7152, 10.1172, -146.936, 9.4862, 32.6282, 0.087675, 131.325, 1.33609, -58.4229, 1.2739, 121.246
5327, 88.78333, 1.51686, 36.7086, 10.1123, -146.937, 9.48205, 32.6277, 0.0875967, 131.318, 1.33584, -58.4245, 1.27371, 121.245
5328, 88.79166, 1.51601, 36.7021, 10.1074, -146.938, 9.4779, 32.6272, 0.0875186, 131.312, 1.33559, -58.4261, 1.27353, 121.244
5328, 88.80000, 1.51516, 36.6956, 10.1024, -146.94, 9.47375, 32.6267, 0.0874405, 131.305, 1.33534, -58.4277, 1.27334, 121.243
5329, 88.80833, 1.51431, 36.6891, 10.0975, -146.941, 9.4696, 32.6261, 0.0873626, 131.298, 1.33509, -58.4293, 1.27315, 121.242
5329, 88.81667, 1.51346, 36.6826, 10.0926, -146.942, 9.46545, 32.6256, 0.0872848, 131.292, 1.33484, -58.4308, 1.27297, 121.241
5330, 88.82500, 1.51262, 36.6761, 10.0877, -146.944, 9.46131, 32.6251, 0.0872071, 131.285, 1.33459, -58.4324, 1.27278, 121.24
5330, 88.83334, 1.51177, 36.6696, 10.0828, -146.945, 9.45717, 32.6246, 0.0871295, 131.279, 1.33435, -58.434, 1.2726, 121.239
5331, 88.84167, 1.51093, 36.6632, 10.078, -146.946, 9.45303, 32.6241, 0.087052, 131.272, 1.3341, -58.4356, 1.27241, 121.238
5331, 88.85000, 1.51009, 36.6567, 10.0731, -146.947, 9.44889, 32.6236, 0.0869746, 131.266, 1.33385, -58.4371, 1.27223, 121.238
5332, 88.85833, 1.50925, 36.6503, 10.0682, -146.949, 9.44476, 32.6231, 0.0868973, 131.259, 1.3336, -58.4387, 1.27204, 121.237
5332, 88.86667, 1.50841, 36.6438, 10.0633, -146.95, 9.44063, 32.6226, 0.0868202, 131.252, 1.33336, -58.4402, 1.27186, 121.236
5332, 88.87500, 1.50757, 36.6374, 10.0584, -146.951, 9.4365, 32.6221, 0.0867432, 131.246, 1.33311, -58.4418, 1.27167, 121.235
5333, 88.88333, 1.50673, 36.631, 10.0535, -146.952, 9.43237, 32.6215, 0.0866662, 131.239, 1.33286, -58.4434, 1.27149, 121.234
5334, 88.89167, 1.5059, 36.6246, 10.0487, -146.954, 9.42825, 32.621, 0.0865894, 131.233, 1.33262, -58.4449, 1.2713, 121.233
5334, 88.90000, 1.50506, 36.6182, 10.0438, -146.955, 9.42413, 32.6205, 0.0865127, 131.226, 1.33237, -58.4465, 1.27112, 121.232
5335, 88.90833, 1.50423, 36.6118, 10.0389, -146.956, 9.42001, 32.62, 0.0864361, 131.22, 1.33213, -58.448, 1.27093, 121.231
5335, 88.91666, 1.5034, 36.6054, 10.0341, -146.957, 9.41589, 32.6195, 0.0863596, 131.214, 1.33188, -58.4495, 1.27075, 121.23
5336, 88.92500, 1.50257, 36.599, 10.0292, -146.959, 9.41177, 32.619, 0.0862833, 131.207, 1.33164, -58.4511, 1.27057, 121.229
5336, 88.93333, 1.50174, 36.5927, 10.0244, -146.96, 9.40766, 32.6186, 0.086207, 131.201, 1.33139, -58.4526, 1.27038, 121.228
5337, 88.94167, 1.50091, 36.5863, 10.0195, -146.961, 9.40355, 32.6181, 0.0861309, 131.194, 1.33115, -58.4542, 1.2702, 121.227
5337, 88.95000, 1.50008, 36.58, 10.0147, -146.962, 9.39944, 32.6176, 0.0860548, 131.188, 1.3309, -58.4557, 1.27002, 121.226
5338, 88.95834, 1.49926, 36.5736, 10.0098, -146.964, 9.39534, 32.6171, 0.0859789, 131.181, 1.33066, -58.4572, 1.26983, 121.225
5338, 88.96667, 1.49844, 36.5673, 10.005, -146.965, 9.39123, 32.6166, 0.0859031, 131.175, 1.33042, -58.4588, 1.26965, 121.224
5339, 88.97500, 1.49761, 36.561, 10.0002, -146.966, 9.38713, 32.6161, 0.0858273, 131.169, 1.33017, -58.4603, 1.26947, 121.223
5339, 88.98333, 1.49679, 36.5547, 9.99532, -146.967, 9.38303, 32.6156, 0.0857517, 131.162, 1.32993, -58.4618, 1.26928, 121.222
5340, 88.99167, 1.49597, 36.5484, 9.99049, -146.969, 9.37893, 32.6151, 0.0856762, 131.156, 1.32969, -58.4633, 1.2691, 121.221
5340, 89.00000, 1.49515, 36.5421, 9.98566, -146.97, 9.37484, 32.6146, 0.0856009, 131.149, 1.32944, -58.4648, 1.26892, 121.22
5340, 89.00833, 1.49434, 36.5358, 9.98084, -146.971, 9.37074, 32.6141, 0.0855256, 131.143, 1.3292, -58.4664, 1.26874, 121.219
5341, 89.01667, 1.49352, 36.5295, 9.97602, -146.972, 9.36665, 32.6137, 0.0854504, 131.137, 1.32896, -58.4679, 1.26856, 121.218
5342, 89.02500, 1.49271, 36.5233, 9.9712, -146.973, 9.36257, 32.6132, 0.0853753, 131.13, 1.32872, -58.4694, 1.26837, 121.217
5342, 89.03333, 1.49189, 36.517, 9.96639, -146.975, 9.35848, 32.6127, 0.0853004, 131.124, 1.32848, -58.4709, 1.26819, 121.216
5343, 89.04166, 1.49108, 36.5108, 9.96158, -146.976, 9.3544, 32.6122, 0.0852255, 131.118, 1.32823, -58.4724, 1.26801, 121.215
5343, 89.05000, 1.49027, 36.5046, 9.95677, -146.977, 9.35031, 32.6117, 0.0851508, 131.111, 1.32799, -58.4739, 1.26783, 121.215
5344, 89.05833, 1.48946, 36.4983, 9.95197, -146.978, 9.34624, 32.6113, 0.0850762, 131.105, 1.32775, -58.4754, 1.26765, 121.214
5344, 89.06667, 1.48865, 36.4921, 9.94717, -146.979, 9.34216, 32.6108, 0.0850016, 131.099, 1.32751, -58.4769, 1.26747, 121.213
5345, 89.07500, 1.48784, 36.4859, 9.94237, -146.981, 9.33808, 32.6103, 0.0849272, 131.093, 1.32727, -58.4784, 1.26729, 121.212
5345, 89.08334, 1.48704, 36.4797, 9.93758, -146.982, 9.33401, 32.6098, 0.0848529, 131.086, 1.32703, -58.4799, 1.2671, 121.211
5346, 89.09167, 1.48623, 36.4735, 9.93279, -146.983, 9.32994, 32.6094, 0.0847787, 131.08, 1.32679, -58.4814, 1.26692, 121.21
5346, 89.10000, 1.48543, 36.4674, 9.928, -146.984, 9.32587, 32.6089, 0.0847046, 131.074, 1.32655, -58.4829, 1.26674, 121.209
5347, 89.10833, 1.48463, 36.4612, 9.92322, -146.985, 9.32181, 32.6084, 0.0846306, 131.068, 1.32631, -58.4844, 1.26656, 121.208
5347, 89.11667, 1.48383, 36.455, 9.91844, -146.987, 9.31774, 32.608, 0.0845567, 131.061, 1.32607, -58.4859, 1.26638, 121.207
5348, 89.12500, 1.48303, 36.4489, 9.91366, -146.988, 9.31368, 32.6075, 0.0844829, 131.055, 1.32583, -58.4873, 1.2662, 121.206
5348, 89.13333, 1.48223, 36.4427, 9.90889, -146.989, 9.30962, 32.607, 0.0844092, 131.049, 1.32559, -58.4888, 1.26602, 121.205
5348, 89.14167, 1.48143, 36.4366, 9.90412, -146.99, 9.30556, 32.6066, 0.0843356, 131.043, 1.32536, -58.4903, 1.26584, 121.204
5349, 89.15000, 1.48064, 36.4305, 9.89935, -146.991, 9.30151, 32.6061, 0.0842621, 131.036, 1.32512, -58.4918, 1.26566, 121.203
5350, 89.15833, 1.47984, 36.4244, 9.89459, -146.992, 9.29746, 32.6056, 0.0841888, 131.03, 1.32488, -58.4933, 1.26548, 121.202
5350, 89.16666, 1.47905, 36.4182, 9.88983, -146.994, 9.29341, 32.6052, 0.0841155, 131.024, 1.32464, -58.4947, 1.2653, 121.201
5351, 89.17500, 1.47826, 36.4121, 9.88507, -146.995, 9.28936, 32.6047, 0.0840423, 131.018, 1.3244, -58.4962, 1.26513, 121.201
5351, 89.18333, 1.47747, 36.4061, 9.88032, -146.996, 9.28531, 32.6043, 0.0839693, 131.012, 1.32417, -58.4977, 1.26495, 121.2
5352, 89.19167, 1.47668, 36.4, 9.87557, -146.997, 9.28127, 32.6038, 0.0838963, 131.006, 1.32393, -58.4991, 1.26477, 121.199
5352, 89.20000, 1.47589, 36.3939, 9.87082, -146.998, 9.27723, 32.6034, 0.0838235, 130.999, 1.32369, -58.5006, 1.26459, 121.198
5353, 89.20834, 1.4751, 36.3878, 9.86608, -146.999, 9.27319, 32.6029, 0.0837507, 130.993, 1.32346, -58.502, 1.26441, 121.197
5353, 89.21667, 1.47431, 36.3818, 9.86134, -147, 9.26915, 32.6024, 0.0836781, 130.987, 1.32322, -58.5035, 1.26423, 121.196
5354, 89.22500, 1.47353, 36.3757, 9.8566, -147.002, 9.26511, 32.602, 0.0836056, 130.981, 1.32298, -58.505, 1.26405, 121.195
5354, 89.23333, 1.47275, 36.3697, 9.85187, -147.003, 9.26108, 32.6015, 0.0835331, 130.975, 1.32275, -58.5064, 1.26388, 121.194
5355, 89.24167, 1.47196, 36.3637, 9.84714, -147.004, 9.25705, 32.6011, 0.0834608, 130.969, 1.32251, -58.5079, 1.2637, 121.193
5355, 89.25000, 1.47118, 36.3577, 9.84241, -147.005, 9.25302, 32.6006, 0.0833885, 130.963, 1.32228, -58.5093, 1.26352, 121.192
5356, 89.25833, 1.4704, 36.3516, 9.83769, -147.006, 9.249, 32.6002, 0.0833164, 130.957, 1.32204, -58.5108, 1.26334, 121.191
5356, 89.26667, 1.46962, 36.3456, 9.83297, -147.007, 9.24497, 32.5998, 0.0832444, 130.951, 1.32181, -58.5122, 1.26317, 121.19
5356, 89.27500, 1.46885, 36.3396, 9.82825, -147.008, 9.24095, 32.5993, 0.0831724, 130.945, 1.32157, -58.5136, 1.26299, 121.19
5357, 89.28333, 1.46807, 36.3337, 9.82353, -147.01, 9.23693, 32.5989, 0.0831006, 130.939, 1.32134, -58.5151, 1.26281, 121.189
5358, 89.29166, 1.4673, 36.3277, 9.81882, -147.011, 9.23291, 32.5984, 0.0830289, 130.933, 1.3211, -58.5165, 1.26263, 121.188
5358, 89.30000, 1.46652, 36.3217, 9.81412, -147.012, 9.2289, 32.598, 0.0829573, 130.927, 1.32087, -58.5179, 1.26246, 121.187
5359, 89.30833, 1.46575, 36.3158, 9.80941, -147.013, 9.22488, 32.5975, 0.0828857, 130.921, 1.32063, -58.5194, 1.26228, 121.186
5359, 89.31667, 1.46498, 36.3098, 9.80471, -147.014, 9.22087, 32.5971, 0.0828143, 130.915, 1.3204, -58.5208, 1.2621, 121.185
5360, 89.32500, 1.46421, 36.3039, 9.80001, -147.015, 9.21686, 32.5967, 0.082743, 130.909, 1.32017, -58.5222, 1.26193, 121.184
5360, 89.33334, 1.46344, 36.2979, 9.79532, -147.016, 9.21286, 32.5962, 0.0826718, 130.903, 1.31993, -58.5237, 1.26175, 121.183
5361, 89.34167, 1.46267, 36.292, 9.79062, -147.017, 9.20885, 32.5958, 0.0826006, 130.897, 1.3197, -58.5251, 1.26157, 121.182
5361, 89.35000, 1.4619, 36.2861, 9.78593, -147.018, 9.20485, 32.5954, 0.0825296, 130.891, 1.31947, -58.5265, 1.2614, 121.181
5362, 89.35833, 1.46114, 36.2802, 9.78125, -147.02, 9.20085, 32.5949, 0.0824587, 130.885, 1.31924, -58.5279, 1.26122, 121.18
5362, 89.36667, 1.46037, 36.2743, 9.77657, -147.021, 9.19685, 32.5945, 0.0823879, 130.879, 1.319, -58.5293, 1.26105, 121.18
5363, 89.37500, 1.45961, 36.2684, 9.77189, -147.022, 9.19285, 32.5941, 0.0823172, 130.873, 1.31877, -58.5308, 1.26087, 121.179
5363, 89.38333, 1.45885, 36.2625, 9.76721, -147.023, 9.18886, 32.5936, 0.0822465, 130.867, 1.31854, -58.5322, 1.2607, 121.178
5364, 89.39167, 1.45809, 36.2566, 9.76254, -147.024, 9.18487, 32.5932, 0.082176, 130.861, 1.31831, -58.5336, 1.26052, 121.177
5364, 89.40000, 1.45733, 36.2508, 9.75787, -147.025, 9.18088, 32.5928, 0.0821056, 130.855, 1.31808, -58.535, 1.26035, 121.176
5364, 89.40833, 1.45657, 36.2449, 9.7532, -147.026, 9.17689, 32.5924, 0.0820352, 130.849, 1.31785, -58.5364, 1.26017, 121.175
5365, 89.41666, 1.45581, 36.2391, 9.74854, -147.027, 9.1729, 32.5919, 0.081965, 130.843, 1.31762, -58.5378, 1.26, 121.174
5366, 89.42500, 1.45506, 36.2332, 9.74388, -147.028, 9.16892, 32.5915, 0.0818949, 130.837, 1.31738, -58.5392, 1.25982, 121.173
5366, 89.43333, 1.4543, 36.2274, 9.73922, -147.029, 9.16494, 32.5911, 0.0818248, 130.831, 1.31715, -58.5406, 1.25965, 121.172
5367, 89.44167, 1.45355, 36.2215, 9.73457, -147.03, 9.16096, 32.5907, 0.0817549, 130.825, 1.31692, -58.542, 1.25947, 121.172
5367, 89.45000, 1.45279, 36.2157, 9.72992, -147.031, 9.15698, 32.5903, 0.0816851, 130.82, 1.31669, -58.5434, 1.2593, 121.171
5368, 89.45834, 1.45204, 36.2099, 9.72527, -147.033, 9.15301, 32.5898, 0.0816153, 130.814, 1.31646, -58.5448, 1.25912, 121.17
5368, 89.46667, 1.45129, 36.2041, 9.72062, -147.034, 9.14904, 32.5894, 0.0815457, 130.808, 1.31624, -58.5462, 1.25895, 121.169
5369, 89.47500, 1.45054, 36.1983, 9.71598, -147.035, 9.14506, 32.589, 0.0814761, 130.802, 1.31601, -58.5476, 1.25878, 121.168
5369, 89.48333, 1.4498, 36.1925, 9.71134, -147.036, 9.1411, 32.5886, 0.0814067, 130.796, 1.31578, -58.5489, 1.2586, 121.167
5370, 89.49167, 1.44905, 36.1868, 9.70671, -147.037, 9.13713, 32.5882, 0.0813373, 130.79, 1.31555, -58.5503, 1.25843, 121.166
5370, 89.50000, 1.4483, 36.181, 9.70208, -147.038, 9.13317, 32.5878, 0.0812681, 130.785, 1.31532, -58.5517, 1.25826, 121.165
5371, 89.50833, 1.44756, 36.1752, 9.69745, -147.039, 9.1292, 32.5874, 0.0811989, 130.779, 1.31509, -58.5531, 1.25808, 121.164
5371, 89.51667, 1.44681, 36.1695, 9.69282, -147.04, 9.12524, 32.587, 0.0811298, 130.773, 1.31486, -58.5545, 1.25791, 121.164
5372, 89.52500, 1.44607, 36.1637, 9.6882, -147.041, 9.12128, 32.5865, 0.0810609, 130.767, 1.31464, -58.5558, 1.25774, 121.163
5372, 89.53333, 1.44533, 36.158, 9.68358, -147.042, 9.11733, 32.5861, 0.080992, 130.761, 1.31441, -58.5572, 1.25756, 121.162
5372, 89.54166, 1.44459, 36.1523, 9.67896, -147.043, 9.11337, 32.5857, 0.0809232, 130.756, 1.31418, -58.5586, 1.25739, 121.161
5373, 89.55000, 1.44385, 36.1466, 9.67435, -147.044, 9.10942, 32.5853, 0.0808545, 130.75, 1.31395, -58.5599, 1.25722, 121.16
5374, 89.55833, 1.44311, 36.1409, 9.66974, -147.045, 9.10547, 32.5849, 0.0807859, 130.744, 1.31373, -58.5613, 1.25705, 121.159
5374, 89.56667, 1.44238, 36.1351, 9.66513, -147.046, 9.10152, 32.5845, 0.0807174, 130.738, 1.3135, -58.5627, 1.25688, 121.158
5375, 89.57500, 1.44164, 36.1295, 9.66053, -147.047, 9.09758, 32.5841, 0.080649, 130.733, 1.31327, -58.564, 1.2567, 121.157
5375, 89.58334, 1.44091, 36.1238, 9.65593, -147.048, 9.09364, 32.5837, 0.0805807, 130.727, 1.31305, -58.5654, 1.25653, 121.157
5376, 89.59167, 1.44017, 36.1181, 9.65133, -147.049, 9.08969, 32.5833, 0.0805125, 130.721, 1.31282, -58.5668, 1.25636, 121.156
5376, 89.60000, 1.43944, 36.1124, 9.64673, -147.05, 9.08575, 32.5829, 0.0804444, 130.716, 1.31259, -58.5681, 1.25619, 121.155
5377, 89.60833, 1.43871, 36.1067, 9.64214, -147.051, 9.08182, 32.5825, 0.0803764, 130.71, 1.31237, -58.5695, 1.25602, 121.154
5377, 89.61667, 1.43798, 36.1011, 9.63755, -147.052, 9.07788, 32.5821, 0.0803084, 130.704, 1.31214, -58.5708, 1.25585, 121.153
5378, 89.62500, 1.43725, 36.0954, 9.63296, -147.053, 9.07395, 32.5817, 0.0802406, 130.698, 1.31192, -58.5722, 1.25567, 121.152
5378, 89.63333, 1.43652, 36.0898, 9.62838, -147.054, 9.07002, 32.5813, 0.0801729, 130.693, 1.31169, -58.5735, 1.2555, 121.151
5379, 89.64167, 1.4358, 36.0842, 9.6238, -147.055, 9.06609, 32.581, 0.0801052, 130.687, 1.31147, -58.5749, 1.25533, 121.151
5379, 89.65000, 1.43507, 36.0785, 9.61922, -147.057, 9.06216, 32.5806, 0.0800377, 130.681, 1.31124, -58.5762, 1.25516, 121.15
5380, 89.65833, 1.43435, 36.0729, 9.61465, -147.058, 9.05824, 32.5802, 0.0799702, 130.676, 1.31102, -58.5775, 1.25499, 121.149
5380, 89.66666, 1.43362, 36.0673, 9.61008, -147.059, 9.05431, 32.5798, 0.0799028, 130.67, 1.3108, -58.5789, 1.25482, 121.148
5380, 89.67500, 1.4329, 36.0617, 9.60551, -147.06, 9.05039, 32.5794, 0.0798356, 130.664, 1.31057, -58.5802, 1.25465, 121.147
5381, 89.68333, 1.43218, 36.0561, 9.60095, -147.061, 9.04647, 32.579, 0.0797684, 130.659, 1.31035, -58.5816, 1.25448, 121.146
5382, 89.69167, 1.43146, 36.0505, 9.59638, -147.062, 9.04256, 32.5786, 0.0797013, 130.653, 1.31012, -58.5829, 1.25431, 121.145
5382, 89.70000, 1.43074, 36.045, 9.59183, -147.063, 9.03864, 32.5782, 0.0796343, 130.648, 1.3099, -58.5842, 1.25414, 121.145
5383, 89.70834, 1.43002, 36.0394, 9.58727, -147.064, 9.03473, 32.5779, 0.0795674, 130.642, 1.30968, -58.5856, 1.25397, 121.144
5383, 89.71667, 1.42931, 36.0338, 9.58272, -147.065, 9.03082, 32.5775, 0.0795006, 130.636, 1.30946, -58.5869, 1.2538, 121.143
5384, 89.72500, 1.42859, 36.0283, 9.57817, -147.066, 9.02691, 32.5771, 0.0794338, 130.631, 1.30923, -58.5882, 1.25363, 121.142
5384, 89.73333, 1.42788, 36.0227, 9.57362, -147.067, 9.023, 32.5767, 0.0793672, 130.625, 1.30901, -58.5895, 1.25346, 121.141
5385, 89.74167, 1.42716, 36.0172, 9.56908, -147.068, 9.0191, 32.5763, 0.0793007, 130.62, 1.30879, -58.5908, 1.25329, 121.14
5385, 89.75000, 1.42645, 36.0117, 9.56453, -147.068, 9.01519, 32.576, 0.0792342, 130.614, 1.30857, -58.5922, 1.25312, 121.139
5386, 89.75833, 1.42574, 36.0061, 9.56, -147.069, 9.01129, 32.5756, 0.0791679, 130.609, 1.30835, -58.5935, 1.25295, 121.139
5386, 89.76667, 1.42503, 36.0006, 9.55546, -147.07, 9.0074, 32.5752, 0.0791016, 130.603, 1.30812, -58.5948, 1.25279, 121.138
5387, 89.77500, 1.42432, 35.9951, 9.55093, -147.071, 9.0035, 32.5748, 0.0790354, 130.598, 1.3079, -58.5961, 1.25262, 121.137
5387, 89.78333, 1.42361, 35.9896, 9.5464, -147.072, 8.99961, 32.5745, 0.0789693, 130.592, 1.30768, -58.5974, 1.25245, 121.136
5388, 89.79166, 1.42291, 35.9841, 9.54187, -147.073, 8.99571, 32.5741, 0.0789033, 130.586, 1.30746, -58.5987, 1.25228, 121.135
5388, 89.80000, 1.4222, 35.9786, 9.53735, -147.074, 8.99182, 32.5737, 0.0788374, 130.581, 1.30724, -58.6, 1.25211, 121.134
5388, 89.80833, 1.4215, 35.9732, 9.53283, -147.075, 8.98793, 32.5734, 0.0787716, 130.575, 1.30702, -58.6013, 1.25194, 121.133
5389, 89.81667, 1.42079, 35.9677, 9.52831, -147.076, 8.98405, 32.573, 0.0787059, 130.57, 1.3068, -58.6026, 1.25178, 121.133
5390, 89.82500, 1.42009, 35.9622, 9.5238, -147.077, 8.98016, 32.5726, 0.0786402, 130.564, 1.30658, -58.6039, 1.25161, 121.132
5390, 89.83334, 1.41939, 35.9568, 9.51929, -147.078, 8.97628, 32.5723, 0.0785747, 130.559, 1.30636, -58.6052, 1.25144, 121.131
5391, 89.84167, 1.41869, 35.9513, 9.51478, -147.079, 8.9724, 32.5719, 0.0785092, 130.553, 1.30614, -58.6065, 1.25127, 121.13
5391, 89.85000, 1.41799, 35.9459, 9.51027, -147.08, 8.96852, 32.5715, 0.0784439, 130.548, 1.30592, -58.6078, 1.25111, 121.129
5392, 89.85833, 1.41729, 35.9404, 9.50577, -147.081, 8.96464, 32.5712, 0.0783786, 130.543, 1.3057, -58.6091, 1.25094, 121.128
5392, 89.86667, 1.41659, 35.935, 9.50127, -147.082, 8.96077, 32.5708, 0.0783134, 130.537, 1.30548, -58.6104, 1.25077, 121.128
5393, 89.87500, 1.41589, 35.9296, 9.49677, -147.083, 8.9569, 32.5705, 0.0782483, 130.532, 1.30526, -58.6117, 1.2506, 121.127
5393, 89.88333, 1.4152, 35.9242, 9.49228, -147.084, 8.95303, 32.5701, 0.0781833, 130.526, 1.30505, -58.613, 1.25044, 121.126
5394, 89.89167, 1.4145, 35.9188, 9.48779, -147.085, 8.94916, 32.5697, 0.0781183, 130.521, 1.30483, -58.6143, 1.25027, 121.125
5394, 89.90000, 1.41381, 35.9134, 9.4833, -147.086, 8.94529, 32.5694, 0.0780535, 130.515, 1.30461, -58.6156, 1.2501, 121.124
5395, 89.90833, 1.41312, 35.908, 9.47882, -147.087, 8.94143, 32.569, 0.0779887, 130.51, 1.30439, -58.6169, 1.24994, 121.123
5395, 89.91666, 1.41243, 35.9026, 9.47433, -147.088, 8.93756, 32.5687, 0.0779241, 130.505, 1.30417, -58.6181, 1.24977, 121.123
5396, 89.92500, 1.41174, 35.8972, 9.46985, -147.089, 8.9337, 32.5683, 0.0778595, 130.499, 1.30396, -58.6194, 1.24961, 121.122
5396, 89.93333, 1.41105, 35.8919, 9.46538, -147.09, 8.92985, 32.568, 0.077795, 130.494, 1.30374, -58.6207, 1.24944, 121.121
5396, 89.94167, 1.41036, 35.8865, 9.4609, -147.091, 8.92599, 32.5676, 0.0777306, 130.488, 1.30352, -58.622, 1.24927, 121.12
5397, 89.95000, 1.40967, 35.8812, 9.45643, -147.091, 8.92213, 32.5673, 0.0776663, 130.483, 1.3033, -58.6232, 1.24911, 121.119
5398, 89.95834, 1.40899, 35.8758, 9.45196, -147.092, 8.91828, 32.5669, 0.0776021, 130.478, 1.30309, -58.6245, 1.24894, 121.119
5398, 89.96667, 1.4083, 35.8705, 9.4475, -147.093, 8.91443, 32.5666, 0.0775379, 130.472, 1.30287, -58.6258, 1.24878, 121.118
5399, 89.97500, 1.40762, 35.8652, 9.44304, -147.094, 8.91058, 32.5662, 0.0774739, 130.467, 1.30266, -58.627, 1.24861, 121.117
5399, 89.98333, 1.40694, 35.8598, 9.43858, -147.095, 8.90674, 32.5659, 0.0774099, 130.462, 1.30244, -58.6283, 1.24845, 121.116
5400, 89.99167, 1.40625, 35.8545, 9.43412, -147.096, 8.90289, 32.5655, 0.077346, 130.456, 1.30222, -58.6296, 1.24828, 121.115
5400, 90.00000, 1.40557, 35.8492, 9.42967, -147.097, 8.89905, 32.5652, 0.0772822, 130.451, 1.30201, -58.6308, 1.24812, 121.114
5401, 90.00833, 1.40489, 35.8439, 9.42522, -147.098, 8.89521, 32.5648, 0.0772185, 130.446, 1.30179, -58.6321, 1.24795, 121.114
5401, 90.01667, 1.40421, 35.8386, 9.42077, -147.099, 8.89137, 32.5645, 0.0771549, 130.44, 1.30158, -58.6333, 1.24779, 121.113
5402, 90.02500, 1.40354, 35.8333, 9.41632, -147.1, 8.88753, 32.5642, 0.0770913, 130.435, 1.30136, -58.6346, 1.24762, 121.112
5402, 90.03333, 1.40286, 35.828, 9.41188, -147.101, 8.8837, 32.5638, 0.0770279, 130.43, 1.30115, -58.6358, 1.24746, 121.111
5403, 90.04166, 1.40218, 35.8228, 9.40744, -147.102, 8.87986, 32.5635, 0.0769645, 130.424, 1.30093, -58.6371, 1.24729, 121.11
5403, 90.05000, 1.40151, 35.8175, 9.403, -147.102, 8.87603, 32.5632, 0.0769012, 130.419, 1.30072, -58.6383, 1.24713, 121.11
5404, 90.05833, 1.40083, 35.8122, 9.39857, -147.103, 8.8722, 32.5628, 0.076838, 130.414, 1.3005, -58.6396, 1.24697, 121.109
5404, 90.06667, 1.40016, 35.807, 9.39414, -147.104, 8.86837, 32.5625, 0.0767749, 130.409, 1.30029, -58.6408, 1.2468, 121.108
5404, 90.07500, 1.39949, 35.8018, 9.38971, -147.105, 8.86455, 32.5621, 0.0767119, 130.403, 1.30008, -58.6421, 1.24664, 121.107
5405, 90.08334, 1.39882, 35.7965, 9.38529, -147.106, 8.86073, 32.5618, 0.076649, 130.398, 1.29986, -58.6433, 1.24647, 121.106
5406, 90.09167, 1.39815, 35.7913, 9.38086, -147.107, 8.8569, 32.5615, 0.0765861, 130.393, 1.29965, -58.6446, 1.24631, 121.105
5406, 90.10000, 1.39748, 35.7861, 9.37644, -147.108, 8.85308, 32.5612, 0.0765233, 130.388, 1.29944, -58.6458, 1.24615, 121.105
5407, 90.10833, 1.39681, 35.7808, 9.37203, -147.109, 8.84927, 32.5608, 0.0764606, 130.382, 1.29922, -58.647, 1.24598, 121.104
5407, 90.11667, 1.39615, 35.7756, 9.36761, -147.11, 8.84545, 32.5605, 0.076398, 130.377, 1.29901, -58.6483, 1.24582, 121.103
5408, 90.12500, 1.39548, 35.7704, 9.3632, -147.11, 8.84164, 32.5602, 0.0763355, 130.372, 1.2988, -58.6495, 1.24566, 121.102
5408, 90.13333, 1.39482, 35.7652, 9.35879, -147.111, 8.83783, 32.5598, 0.0762731, 130.367, 1.29859, -58.6507, 1.2455, 121.101
5409, 90.14167, 1.39415, 35.76, 9.35439, -147.112, 8.83402, 32.5595, 0.0762107, 130.362, 1.29837, -58.652, 1.24533, 121.101
5409, 90.15000, 1.39349, 35.7549, 9.34998, -147.113, 8.83021, 32.5592, 0.0761484, 130.356, 1.29816, -58.6532, 1.24517, 121.1
5410, 90.15833, 1.39283, 35.7497, 9.34558, -147.114, 8.8264, 32.5589, 0.0760862, 130.351, 1.29795, -58.6544, 1.24501, 121.099
5410, 90.16666, 1.39217, 35.7445, 9.34119, -147.115, 8.8226, 32.5586, 0.0760241, 130.346, 1.29774, -58.6556, 1.24485, 121.098
5411, 90.17500, 1.39151, 35.7394, 9.33679, -147.116, 8.8188, 32.5582, 0.0759621, 130.341, 1.29753, -58.6569, 1.24468, 121.097
5411, 90.18333, 1.39085, 35.7342, 9.3324, -147.117, 8.81499, 32.5579, 0.0759002, 130.336, 1.29732, -58.6581, 1.24452, 121.097
5412, 90.19167, 1.39019, 35.7291, 9.32801, -147.117, 8.8112, 32.5576, 0.0758383, 130.331, 1.29711, -58.6593, 1.24436, 121.096
5412, 90.20000, 1.38953, 35.7239, 9.32362, -147.118, 8.8074, 32.5573, 0.0757765, 130.325, 1.29689, -58.6605, 1.2442, 121.095
5412, 90.20834, 1.38888, 35.7188, 9.31924, -147.119, 8.80361, 32.557, 0.0757148, 130.32, 1.29668, -58.6617, 1.24404, 121.094
5413, 90.21667, 1.38822, 35.7137, 9.31486, -147.12, 8.79981, 32.5566, 0.0756532, 130.315, 1.29647, -58.663, 1.24387, 121.093
5414, 90.22500, 1.38757, 35.7086, 9.31048, -147.121, 8.79602, 32.5563, 0.0755917, 130.31, 1.29626, -58.6642, 1.24371, 121.093
5414, 90.23333, 1.38691, 35.7034, 9.30611, -147.122, 8.79223, 32.556, 0.0755302, 130.305, 1.29605, -58.6654, 1.24355, 121.092
5415, 90.24167, 1.38626, 35.6983, 9.30173, -147.123, 8.78845, 32.5557, 0.0754688, 130.3, 1.29584, -58.6666, 1.24339, 121.091
5415, 90.25000, 1.38561, 35.6932, 9.29736, -147.123, 8.78466, 32.5554, 0.0754076, 130.295, 1.29563, -58.6678, 1.24323, 121.09
5416, 90.25833, 1.38496, 35.6881, 9.293, -147.124, 8.78088, 32.5551, 0.0753464, 130.29, 1.29542, -58.669, 1.24307, 121.089
5416, 90.26667, 1.38431, 35.6831, 9.28863, -147.125, 8.7771, 32.5548, 0.0752852, 130.284, 1.29522, -58.6702, 1.24291, 121.089
5417, 90.27500, 1.38366, 35.678, 9.28427, -147.126, 8.77332, 32.5545, 0.0752242, 130.279, 1.29501, -58.6714, 1.24275, 121.088
5417, 90.28333, 1.38302, 35.6729, 9.27991, -147.127, 8.76954, 32.5542, 0.0751632, 130.274, 1.2948, -58.6726, 1.24259, 121.087
5418, 90.29166, 1.38237, 35.6678, 9.27555, -147.128, 8.76576, 32.5539, 0.0751023, 130.269, 1.29459, -58.6738, 1.24243, 121.086
5418, 90.30000, 1.38172, 35.6628, 9.2712, -147.129, 8.76199, 32.5535, 0.0750415, 130.264, 1.29438, -58.675, 1.24227, 121.086
5419, 90.30833, 1.38108, 35.6577, 9.26685, -147.129, 8.75822, 32.5532, 0.0749808, 130.259, 1.29417, -58.6762, 1.24211, 121.085
5419, 90.31667, 1.38044, 35.6527, 9.2625, -147.13, 8.75445, 32.5529, 0.0749202, 130.254, 1.29396, -58.6774, 1.24195, 121.084
5420, 90.32500, 1.37979, 35.6477, 9.25816, -147.131, 8.75068, 32.5526, 0.0748596, 130.249, 1.29376, -58.6786, 1.24179, 121.083
5420, 90.33334, 1.37915, 35.6426, 9.25381, -147.132, 8.74691, 32.5523, 0.0747991, 130.244, 1.29355, -58.6798, 1.24163, 121.082
5420, 90.34167, 1.37851, 35.6376, 9.24947, -147.133, 8.74315, 32.552, 0.0747387, 130.239, 1.29334, -58.6809, 1.24147, 121.082
5421, 90.35000, 1.37787, 35.6326, 9.24514, -147.134, 8.73939, 32.5517, 0.0746784, 130.234, 1.29313, -58.6821, 1.24131, 121.081
5422, 90.35833, 1.37723, 35.6276, 9.2408, -147.134, 8.73562, 32.5514, 0.0746182, 130.229, 1.29293, -58.6833, 1.24115, 121.08
5422, 90.36667, 1.3766, 35.6226, 9.23647, -147.135, 8.73187, 32.5511, 0.074558, 130.224, 1.29272, -58.6845, 1.24099, 121.079
5423, 90.37500, 1.37596, 35.6176, 9.23214, -147.136, 8.72811, 32.5509, 0.0744979, 130.219, 1.29251, -58.6857, 1.24083, 121.079
5423, 90.38333, 1.37532, 35.6126, 9.22781, -147.137, 8.72435, 32.5506, 0.0744379, 130.214, 1.29231, -58.6868, 1.24067, 121.078
5424, 90.39167, 1.37469, 35.6076, 9.22349, -147.138, 8.7206, 32.5503, 0.074378, 130.209, 1.2921, -58.688, 1.24051, 121.077
5424, 90.40000, 1.37405, 35.6026, 9.21917, -147.138, 8.71685, 32.55, 0.0743181, 130.204, 1.2919, -58.6892, 1.24035, 121.076
5425, 90.40833, 1.37342, 35.5976, 9.21485, -147.139, 8.7131, 32.5497, 0.0742584, 130.199, 1.29169, -58.6904, 1.2402, 121.075
5425, 90.41666, 1.37279, 35.5927, 9.21053, -147.14, 8.70935, 32.5494, 0.0741987, 130.194, 1.29148, -58.6915, 1.24004, 121.075
5426, 90.42500, 1.37216, 35.5877, 9.20622, -147.141, 8.70561, 32.5491, 0.0741391, 130.189, 1.29128, -58.6927, 1.23988, 121.074
5426, 90.43333, 1.37153, 35.5828, 9.20191, -147.142, 8.70186, 32.5488, 0.0740795, 130.184, 1.29107, -58.6939, 1.23972, 121.073
5427, 90.44167, 1.3709, 35.5778, 9.1976, -147.143, 8.69812, 32.5485, 0.0740201, 130.179, 1.29087, -58.695, 1.23956, 121.072
5427, 90.45000, 1.37027, 35.5729, 9.1933, -147.143, 8.69438, 32.5482, 0.0739607, 130.174, 1.29066, -58.6962, 1.2394, 121.072
5428, 90.45834, 1.36964, 35.568, 9.18899, -147.144, 8.69064, 32.548, 0.0739014, 130.169, 1.29046, -58.6974, 1.23925, 121.071
5428, 90.46667, 1.36901, 35.563, 9.18469, -147.145, 8.6869, 32.5477, 0.0738422, 130.164, 1.29025, -58.6985, 1.23909, 121.07
5428, 90.47500, 1.36839, 35.5581, 9.1804, -147.146, 8.68317, 32.5474, 0.073783, 130.16, 1.29005, -58.6997, 1.23893, 121.069
5429, 90.48333, 1.36776, 35.5532, 9.1761, -147.146, 8.67944, 32.5471, 0.073724, 130.155, 1.28985, -58.7009, 1.23877, 121.068
5430, 90.49167, 1.36714, 35.5483, 9.17181, -147.147, 8.6757, 32.5468, 0.073665, 130.15, 1.28964, -58.702, 1.23862, 121.068
5430, 90.50000, 1.36652, 35.5434, 9.16752, -147.148, 8.67198, 32.5465, 0.0736061, 130.145, 1.28944, -58.7032, 1.23846, 121.067
5431, 90.50833, 1.36589, 35.5385, 9.16323, -147.149, 8.66825, 32.5463, 0.0735472, 130.14, 1.28923, -58.7043, 1.2383, 121.066
5431, 90.51667, 1.36527, 35.5336, 9.15895, -147.15, 8.66452, 32.546, 0.0734885, 130.135, 1.28903, -58.7055, 1.23815, 121.065
5432, 90.52500, 1.36465, 35.5287, 9.15467, -147.15, 8.6608, 32.5457, 0.0734298, 130.13, 1.28883, -58.7066, 1.23799, 121.065
5432, 90.53333, 1.36403, 35.5239, 9.15039, -147.151, 8.65708, 32.5454, 0.0733712, 130.125, 1.28862, -58.7078, 1.23783, 121.064
5433, 90.54166, 1.36342, 35.519, 9.14611, -147.152, 8.65336, 32.5452, 0.0733126, 130.12, 1.28842, -58.7089, 1.23768, 121.063
5433, 90.55000, 1.3628, 35.5141, 9.14184, -147.153, 8.64964, 32.5449, 0.0732542, 130.116, 1.28822, -58.7101, 1.23752, 121.062
5434, 90.55833, 1.36218, 35.5093, 9.13757, -147.154, 8.64592, 32.5446, 0.0731958, 130.111, 1.28802, -58.7112, 1.23736, 121.062
5434, 90.56667, 1.36157, 35.5044, 9.1333, -147.154, 8.64221, 32.5443, 0.0731375, 130.106, 1.28781, -58.7123, 1.23721, 121.061
5435, 90.57500, 1.36095, 35.4996, 9.12903, -147.155, 8.63849, 32.5441, 0.0730793, 130.101, 1.28761, -58.7135, 1.23705, 121.06
5435, 90.58334, 1.36034, 35.4947, 9.12477, -147.156, 8.63478, 32.5438, 0.0730211, 130.096, 1.28741, -58.7146, 1.2369, 121.059
5436, 90.59167, 1.35972, 35.4899, 9.12051, -147.157, 8.63107, 32.5435, 0.0729631, 130.091, 1.28721, -58.7158, 1.23674, 121.059
5436, 90.60000, 1.35911, 35.4851, 9.11625, -147.157, 8.62737, 32.5433, 0.0729051, 130.087, 1.28701, -58.7169, 1.23658, 121.058
5436, 90.60833, 1.3585, 35.4803, 9.11199, -147.158, 8.62366, 32.543, 0.0728471, 130.082, 1.28681, -58.718, 1.23643, 121.057
5437, 90.61667, 1.35789, 35.4755, 9.10774, -147.159, 8.61996, 32.5427, 0.0727893, 130.077, 1.2866, -58.7192, 1.23627, 121.056
5438, 90.62500, 1.35728, 35.4707, 9.10349, -147.16, 8.61625, 32.5425, 0.0727315, 130.072, 1.2864, -58.7203, 1.23612, 121.056
5438, 90.63333, 1.35667, 35.4659, 9.09924, -147.16, 8.61255, 32.5422, 0.0726738, 130.067, 1.2862, -58.7214, 1.23596, 121.055
5439, 90.64167, 1.35606, 35.4611, 9.095, -147.161, 8.60885, 32.5419, 0.0726162, 130.063, 1.286, -58.7225, 1.23581, 121.054
5439, 90.65000, 1.35546, 35.4563, 9.09075, -147.162, 8.60516, 32.5417, 0.0725586, 130.058, 1.2858, -58.7237, 1.23565, 121.053
5440, 90.65833, 1.35485, 35.4515, 9.08651, -147.163, 8.60146, 32.5414, 0.0725012, 130.053, 1.2856, -58.7248, 1.2355, 121.053
5440, 90.66666, 1.35425, 35.4467, 9.08228, -147.163, 8.59777, 32.5412, 0.0724438, 130.048, 1.2854, -58.7259, 1.23534, 121.052
5441, 90.67500, 1.35364, 35.442, 9.07804, -147.164, 8.59408, 32.5409, 0.0723864, 130.044, 1.2852, -58.727, 1.23519, 121.051
5441, 90.68333, 1.35304, 35.4372, 9.07381, -147.165, 8.59039, 32.5406, 0.0723292, 130.039, 1.285, -58.7282, 1.23503, 121.05
5441, 90.69167, 1.35244, 35.4324, 9.06958, -147.166, 8.5867, 32.5404, 0.072272, 130.034, 1.2848, -58.7293, 1.23488, 121.05
5442, 90.70000, 1.35184, 35.4277, 9.06535, -147.166, 8.58301, 32.5401, 0.0722149, 130.029, 1.2846, -58.7304, 1.23473, 121.049
5443, 90.70834, 1.35123, 35.423, 9.06113, -147.167, 8.57933, 32.5399, 0.0721579, 130.025, 1.2844, -58.7315, 1.23457, 121.048
5443, 90.71667, 1.35063, 35.4182, 9.0569, -147.168, 8.57565, 32.5396, 0.0721009, 130.02, 1.28421, -58.7326, 1.23442, 121.047
5444, 90.72500, 1.35004, 35.4135, 9.05268, -147.169, 8.57197, 32.5394, 0.072044, 130.015, 1.28401, -58.7337, 1.23426, 121.047
5444, 90.73333, 1.34944, 35.4088, 9.04847, -147.169, 8.56829, 32.5391, 0.0719872, 130.01, 1.28381, -58.7348, 1.23411, 121.046
5444, 90.74167, 1.34884, 35.404, 9.04425, -147.17, 8.56461, 32.5389, 0.0719305, 130.006, 1.28361, -58.7359, 1.23396, 121.045
5445, 90.75000, 1.34824, 35.3993, 9.04004, -147.171, 8.56094, 32.5386, 0.0718738, 130.001, 1.28341, -58.7371, 1.2338, 121.044
5446, 90.75833, 1.34765, 35.3946, 9.03583, -147.172, 8.55726, 32.5384, 0.0718172, 129.996, 1.28321, -58.7382, 1.23365, 121.044
5446, 90.76667, 1.34705, 35.3899, 9.03162, -147.172, 8.55359, 32.5381, 0.0717607, 129.992, 1.28302, -58.7393, 1.2335, 121.043
5447, 90.77500, 1.34646, 35.3852, 9.02742, -147.173, 8.54992, 32.5379, 0.0717042, 129.987, 1.28282, -58.7404, 1.23334, 121.042
5447, 90.78333, 1.34587, 35.3805, 9.02322, -147.174, 8.54625, 32.5376, 0.0716479, 129.982, 1.28262, -58.7415, 1.23319, 121.041
5448, 90.79166, 1.34528, 35.3759, 9.01902, -147.175, 8.54259, 32.5374, 0.0715915, 129.978, 1.28242, -58.7426, 1.23304, 121.041
5448, 90.80000, 1.34468, 35.3712, 9.01482, -147.175, 8.53892, 32.5371, 0.0715353, 129.973, 1.28223, -58.7437, 1.23288, 121.04
5449, 90.80833, 1.34409, 35.3665, 9.01062, -147.176, 8.53526, 32.5369, 0.0714792, 129.968, 1.28203, -58.7448, 1.23273, 121.039
5449, 90.81667, 1.3435, 35.3619, 9.00643, -147.177, 8.5316, 32.5367, 0.0714231, 129.964, 1.28183, -58.7458, 1.23258, 121.039
5449, 90.82500, 1.34292, 35.3572, 9.00224, -147.177, 8.52794, 32.5364, 0.0713671, 129.959, 1.28164, -58.7469, 1.23243, 121.038
5450, 90.83334, 1.34233, 35.3525, 8.99806, -147.178, 8.52428, 32.5362, 0.0713111, 129.954, 1.28144, -58.748, 1.23227, 121.037
5451, 90.84167, 1.34174, 35.3479, 8.99387, -147.179, 8.52062, 32.5359, 0.0712552, 129.95, 1.28124, -58.7491, 1.23212, 121.036
5451, 90.85000, 1.34115, 35.3433, 8.98969, -147.18, 8.51697, 32.5357, 0.0711994, 129.945, 1.28105, -58.7502, 1.23197, 121.036
5452, 90.85833, 1.34057, 35.3386, 8.98551, -147.18, 8.51332, 32.5355, 0.0711437, 129.941, 1.28085, -58.7513, 1.23182, 121.035
5452, 90.86667, 1.33999, 35.334, 8.98133, -147.181, 8.50967, 32.5352, 0.0710881, 129.936, 1.28065, -58.7524, 1.23167, 121.034
5453, 90.87500, 1.3394, 35.3294, 8.97716, -147.182, 8.50602, 32.535, 0.0710325, 129.931, 1.28046, -58.7535, 1.23151, 121.033
5453, 90.88333, 1.33882, 35.3248, 8.97298, -147.182, 8.50237, 32.5348, 0.070977, 129.927, 1.28026, -58.7545, 1.23136, 121.033
5454, 90.89167, 1.33824, 35.3201, 8.96881, -147.183, 8.49872, 32.5345, 0.0709215, 129.922, 1.28007, -58.7556, 1.23121, 121.032
5454, 90.90000, 1.33766, 35.3155, 8.96465, -147.184, 8.49508, 32.5343, 0.0708661, 129.918, 1.27987, -58.7567, 1.23106, 121.031
5455, 90.90833, 1.33708, 35.3109, 8.96048, -147.184, 8.49144, 32.5341, 0.0708108, 129.913, 1.27968, -58.7578, 1.23091, 121.031
5455, 90.91666, 1.3365, 35.3064, 8.95632, -147.185, 8.4878, 32.5338, 0.0707556, 129.908, 1.27948, -58.7589, 1.23076, 121.03
5456, 90.92500, 1.33592, 35.3018, 8.95216, -147.186, 8.48416, 32.5336, 0.0707004, 129.904, 1.27929, -58.7599, 1.23061, 121.029
5456, 90.93333, 1.33534, 35.2972, 8.948, -147.187, 8.48052, 32.5334, 0.0706453, 129.899, 1.2791, -58.761, 1.23046, 121.028
5457, 90.94167, 1.33476, 35.2926, 8.94385, -147.187, 8.47689, 32.5331, 0.0705903, 129.895, 1.2789, -58.7621, 1.2303, 121.028
5457, 90.95000, 1.33419, 35.288, 8.93969, -147.188, 8.47325, 32.5329, 0.0705354, 129.89, 1.27871, -58.7631, 1.23015, 121.027
5457, 90.95834, 1.33361, 35.2835, 8.93554, -147.189, 8.46962, 32.5327, 0.0704805, 129.886, 1.27851, -58.7642, 1.23, 121.026
5458, 90.96667, 1.33304, 35.2789, 8.9314, -147.189, 8.46599, 32.5325, 0.0704257, 129.881, 1.27832, -58.7653, 1.22985, 121.026
5459, 90.97500, 1.33246, 35.2744, 8.92725, -147.19, 8.46236, 32.5322, 0.0703709, 129.877, 1.27813, -58.7663, 1.2297, 121.025
5459, 90.98333, 1.33189, 35.2698, 8.92311, -147.191, 8.45874, 32.532, 0.0703162, 129.872, 1.27793, -58.7674, 1.22955, 121.024
5460, 90.99167, 1.33132, 35.2653, 8.91897, -147.191, 8.45511, 32.5318, 0.0702616, 129.868, 1.27774, -58.7685, 1.2294, 121.023
5460, 91.00000, 1.33075, 35.2607, 8.91483, -147.192, 8.45149, 32.5316, 0.0702071, 129.863, 1.27755, -58.7695, 1.22925, 121.023
5461, 91.00833, 1.33018, 35.2562, 8.9107, -147.193, 8.44787, 32.5314, 0.0701526, 129.859, 1.27735, -58.7706, 1.2291, 121.022
5461, 91.01667, 1.32961, 35.2517, 8.90656, -147.193, 8.44425, 32.5311, 0.0700982, 129.854, 1.27716, -58.7717, 1.22895, 121.021
5462, 91.02500, 1.32904, 35.2472, 8.90243, -147.194, 8.44063, 32.5309, 0.0700439, 129.85, 1.27697, -58.7727, 1.2288, 121.021
5462, 91.03333, 1.32847, 35.2427, 8.8983, -147.195, 8.43701, 32.5307, 0.0699897, 129.845, 1.27678, -58.7738, 1.22865, 121.02
5463, 91.04166, 1.3279, 35.2382, 8.89418, -147.195, 8.4334, 32.5305, 0.0699355, 129.841, 1.27659, -58.7748, 1.2285, 121.019
5463, 91.05000, 1.32734, 35.2337, 8.89005, -147.196, 8.42979, 32.5303, 0.0698813, 129.836, 1.27639, -58.7759, 1.22836, 121.018
5464, 91.05833, 1.32677, 35.2292, 8.88593, -147.197, 8.42618, 32.5301, 0.0698273, 129.832, 1.2762, -58.7769, 1.22821, 121.018
5464, 91.06667, 1.32621, 35.2247, 8.88181, -147.197, 8.42257, 32.5298, 0.0697733, 129.827, 1.27601, -58.778, 1.22806, 121.017
5465, 91.07500, 1.32564, 35.2202, 8.8777, -147.198, 8.41896, 32.5296, 0.0697194, 129.823, 1.27582, -58.779, 1.22791, 121.016
5465, 91.08334, 1.32508, 35.2157, 8.87358, -147.199, 8.41535, 32.5294, 0.0696655, 129.818, 1.27563, -58.7801, 1.22776, 121.016
5465, 91.09167, 1.32452, 35.2113, 8.86947, -147.199, 8.41175, 32.5292, 0.0696117, 129.814, 1.27544, -58.7811, 1.22761, 121.015
5466, 91.10000, 1.32396, 35.2068, 8.86536, -147.2, 8.40814, 32.529, 0.069558, 129.809, 1.27525, -58.7822, 1.22746, 121.014
5467, 91.10833, 1.3234, 35.2023, 8.86126, -147.201, 8.40454, 32.5288, 0.0695044, 129.805, 1.27506, -58.7832, 1.22731, 121.013
5467, 91.11667, 1.32284, 35.1979, 8.85715, -147.201, 8.40094, 32.5286, 0.0694508, 129.801, 1.27486, -58.7842, 1.22717, 121.013
5468, 91.12500, 1.32228, 35.1934, 8.85305, -147.202, 8.39735, 32.5284, 0.0693973, 129.796, 1.27467, -58.7853, 1.22702, 121.012
5468, 91.13333, 1.32172, 35.189, 8.84895, -147.203, 8.39375, 32.5282, 0.0693438, 129.792, 1.27448, -58.7863, 1.22687, 121.011
5469, 91.14167, 1.32116, 35.1845, 8.84485, -147.203, 8.39016, 32.528, 0.0692904, 129.787, 1.27429, -58.7873, 1.22672, 121.011
5469, 91.15000, 1.32061, 35.1801, 8.84076, -147.204, 8.38656, 32.5278, 0.0692371, 129.783, 1.2741, -58.7884, 1.22657, 121.01
5470, 91.15833, 1.32005, 35.1757, 8.83667, -147.205, 8.38297, 32.5276, 0.0691839, 129.778, 1.27391, -58.7894, 1.22643, 121.009
5470, 91.16666, 1.3195, 35.1713, 8.83257, -147.205, 8.37938, 32.5274, 0.0691307, 129.774, 1.27373, -58.7904, 1.22628, 121.009
5471, 91.17500, 1.31894, 35.1668, 8.82849, -147.206, 8.3758, 32.5272, 0.0690776, 129.77, 1.27354, -58.7915, 1.22613, 121.008
5471, 91.18333, 1.31839, 35.1624, 8.8244, -147.206, 8.37221, 32.527, 0.0690246, 129.765, 1.27335, -58.7925, 1.22598, 121.007
5472, 91.19167, 1.31784, 35.158, 8.82032, -147.207, 8.36863, 32.5268, 0.0689716, 129.761, 1.27316, -58.7935, 1.22584, 121.006
5472, 91.20000, 1.31728, 35.1536, 8.81624, -147.208, 8.36504, 32.5266, 0.0689187, 129.757, 1.27297, -58.7946, 1.22569, 121.006
5473, 91.20834, 1.31673, 35.1492, 8.81216, -147.208, 8.36146, 32.5264, 0.0688658, 129.752, 1.27278, -58.7956, 1.22554, 121.005
5473, 91.21667, 1.31618, 35.1449, 8.80808, -147.209, 8.35788, 32.5262, 0.068813, 129.748, 1.27259, -58.7966, 1.22539, 121.004
5473, 91.22500, 1.31563, 35.1405, 8.80401, -147.21, 8.35431, 32.526, 0.0687603, 129.743, 1.2724, -58.7976, 1.22525, 121.004
5474, 91.23333, 1.31508, 35.1361, 8.79994, -147.21, 8.35073, 32.5258, 0.0687077, 129.739, 1.27222, -58.7987, 1.2251, 121.003
5475, 91.24167, 1.31454, 35.1317, 8.79587, -147.211, 8.34716, 32.5256, 0.0686551, 129.735, 1.27203, -58.7997, 1.22495, 121.002
5475, 91.25000, 1.31399, 35.1274, 8.7918, -147.212, 8.34358, 32.5254, 0.0686026, 129.73, 1.27184, -58.8007, 1.22481, 121.002
5476, 91.25833, 1.31344, 35.123, 8.78774, -147.212, 8.34001, 32.5252, 0.0685501, 129.726, 1.27165, -58.8017, 1.22466, 121.001
5476, 91.26667, 1.3129, 35.1186, 8.78368, -147.213, 8.33644, 32.525, 0.0684977, 129.722, 1.27146, -58.8027, 1.22451, 121
5477, 91.27500, 1.31235, 35.1143, 8.77962, -147.213, 8.33288, 32.5248, 0.0684454, 129.717, 1.27128, -58.8037, 1.22437, 121
5477, 91.28333, 1.31181, 35.1099, 8.77556, -147.214, 8.32931, 32.5246, 0.0683932, 129.713, 1.27109, -58.8048, 1.22422, 120.999
5478, 91.29166, 1.31126, 35.1056, 8.77151, -147.215, 8.32575, 32.5244, 0.068341, 129.709, 1.2709, -58.8058, 1.22408, 120.998
5478, 91.30000, 1.31072, 35.1013, 8.76745, -147.215, 8.32218, 32.5243, 0.0682888, 129.705, 1.27072, -58.8068, 1.22393, 120.997
5479, 91.30833, 1.31018, 35.097, 8.7634, -147.216, 8.31862, 32.5241, 0.0682368, 129.7, 1.27053, -58.8078, 1.22379, 120.997
5479, 91.31667, 1.30964, 35.0926, 8.75935, -147.216, 8.31506, 32.5239, 0.0681848, 129.696, 1.27034, -58.8088, 1.22364, 120.996
5480, 91.32500, 1.3091, 35.0883, 8.75531, -147.217, 8.31151, 32.5237, 0.0681328, 129.692, 1.27016, -58.8098, 1.22349, 120.995
5480, 91.33334, 1.30856, 35.084, 8.75127, -147.218, 8.30795, 32.5235, 0.068081, 129.687, 1.26997, -58.8108, 1.22335, 120.995
5481, 91.34167, 1.30802, 35.0797, 8.74722, -147.218, 8.30439, 32.5233, 0.0680292, 129.683, 1.26978, -58.8118, 1.2232, 120.994
5481, 91.35000, 1.30748, 35.0754, 8.74319, -147.219, 8.30084, 32.5232, 0.0679774, 129.679, 1.2696, -58.8128, 1.22306, 120.993
5481, 91.35833, 1.30695, 35.0711, 8.73915, -147.22, 8.29729, 32.523, 0.0679258, 129.675, 1.26941, -58.8138, 1.22291, 120.993
5482, 91.36667, 1.30641, 35.0668, 8.73511, -147.22, 8.29374, 32.5228, 0.0678741, 129.67, 1.26923, -58.8148, 1.22277, 120.992
5483, 91.37500, 1.30587, 35.0625, 8.73108, -147.221, 8.29019, 32.5226, 0.0678226, 129.666, 1.26904, -58.8158, 1.22262, 120.991
5483, 91.38333, 1.30534, 35.0582, 8.72705, -147.221, 8.28665, 32.5224, 0.0677711, 129.662, 1.26886, -58.8168, 1.22248, 120.991
5484, 91.39167, 1.3048, 35.054, 8.72303, -147.222, 8.2831, 32.5223, 0.0677197, 129.658, 1.26867, -58.8178, 1.22233, 120.99
5484, 91.40000, 1.30427, 35.0497, 8.719, -147.223, 8.27956, 32.5221, 0.0676683, 129.653, 1.26849, -58.8188, 1.22219, 120.989
5485, 91.40833, 1.30374, 35.0454, 8.71498, -147.223, 8.27602, 32.5219, 0.067617, 129.649, 1.2683, -58.8198, 1.22204, 120.989
5485, 91.41666, 1.30321, 35.0412, 8.71096, -147.224, 8.27248, 32.5217, 0.0675658, 129.645, 1.26812, -58.8208, 1.2219, 120.988
5486, 91.42500, 1.30267, 35.0369, 8.70694, -147.224, 8.26894, 32.5216, 0.0675147, 129.641, 1.26793, -58.8218, 1.22176, 120.987
5486, 91.43333, 1.30214, 35.0327, 8.70292, -147.225, 8.26541, 32.5214, 0.0674635, 129.637, 1.26775, -58.8227, 1.22161, 120.987
5487, 91.44167, 1.30161, 35.0284, 8.69891, -147.225, 8.26187, 32.5212, 0.0674125, 129.632, 1.26757, -58.8237, 1.22147, 120.986
5487, 91.45000, 1.30109, 35.0242, 8.6949, -147.226, 8.25834, 32.5211, 0.0673615, 129.628, 1.26738, -58.8247, 1.22132, 120.985
5488, 91.45834, 1.30056, 35.02, 8.69089, -147.227, 8.25481, 32.5209, 0.0673106, 129.624, 1.2672, -58.8257, 1.22118, 120.985
5488, 91.46667, 1.30003, 35.0157, 8.68688, -147.227, 8.25128, 32.5207, 0.0672598, 129.62, 1.26701, -58.8267, 1.22104, 120.984
5489, 91.47500, 1.2995, 35.0115, 8.68288, -147.228, 8.24775, 32.5205, 0.067209, 129.616, 1.26683, -58.8277, 1.22089, 120.983
5489, 91.48333, 1.29898, 35.0073, 8.67887, -147.228, 8.24422, 32.5204, 0.0671582, 129.611, 1.26665, -58.8286, 1.22075, 120.983
5489, 91.49167, 1.29845, 35.0031, 8.67487, -147.229, 8.2407, 32.5202, 0.0671076, 129.607, 1.26646, -58.8296, 1.22061, 120.982
5490, 91.50000, 1.29793, 34.9989, 8.67088, -147.23, 8.23717, 32.5201, 0.067057, 129.603, 1.26628, -58.8306, 1.22046, 120.981
5491, 91.50833, 1.2974, 34.9947, 8.66688, -147.23, 8.23365, 32.5199, 0.0670064, 129.599, 1.2661, -58.8316, 1.22032, 120.981
5491, 91.51667, 1.29688, 34.9905, 8.66289, -147.231, 8.23013, 32.5197, 0.066956, 129.595, 1.26592, -58.8326, 1.22018, 120.98
5492, 91.52500, 1.29636, 34.9863, 8.6589, -147.231, 8.22661, 32.5196, 0.0669055, 129.591, 1.26573, -58.8335, 1.22003, 120.979
5492, 91.53333, 1.29584, 34.9821, 8.65491, -147.232, 8.22309, 32.5194, 0.0668552, 129.586, 1.26555, -58.8345, 1.21989, 120.979
5493, 91.54166, 1.29532, 34.9779, 8.65092, -147.232, 8.21958, 32.5192, 0.0668049, 129.582, 1.26537, -58.8355, 1.21975, 120.978
5493, 91.55000, 1.2948, 34.9738, 8.64694, -147.233, 8.21606, 32.5191, 0.0667547, 129.578, 1.26519, -58.8364, 1.21961, 120.977
5494, 91.55833, 1.29428, 34.9696, 8.64295, -147.233, 8.21255, 32.5189, 0.0667045, 129.574, 1.26501, -58.8374, 1.21946, 120.977
5494, 91.56667, 1.29376, 34.9654, 8.63897, -147.234, 8.20904, 32.5188, 0.0666544, 129.57, 1.26482, -58.8384, 1.21932, 120.976
5495, 91.57500, 1.29324, 34.9613, 8.635, -147.235, 8.20553, 32.5186, 0.0666043, 129.566, 1.26464, -58.8393, 1.21918, 120.975
5495, 91.58334, 1.29272, 34.9571, 8.63102, -147.235, 8.20203, 32.5185, 0.0665544, 129.562, 1.26446, -58.8403, 1.21904, 120.975
5496, 91.59167, 1.29221, 34.953, 8.62705, -147.236, 8.19852, 32.5183, 0.0665044, 129.558, 1.26428, -58.8413, 1.21889, 120.974
5496, 91.60000, 1.29169, 34.9488, 8.62308, -147.236, 8.19501, 32.5181, 0.0664546, 129.553, 1.2641, -58.8422, 1.21875, 120.973
5497, 91.60833, 1.29118, 34.9447, 8.61911, -147.237, 8.19151, 32.518, 0.0664048, 129.549, 1.26392, -58.8432, 1.21861, 120.973
5497, 91.61667, 1.29066, 34.9405, 8.61514, -147.237, 8.18801, 32.5178, 0.066355, 129.545, 1.26374, -58.8442, 1.21847, 120.972
5497, 91.62500, 1.29015, 34.9364, 8.61118, -147.238, 8.18451, 32.5177, 0.0663053, 129.541, 1.26356, -58.8451, 1.21833, 120.971
5498, 91.63333, 1.28963, 34.9323, 8.60721, -147.238, 8.18101, 32.5175, 0.0662557, 129.537, 1.26338, -58.8461, 1.21819, 120.971
5499, 91.64167, 1.28912, 34.9282, 8.60325, -147.239, 8.17752, 32.5174, 0.0662062, 129.533, 1.2632, -58.847, 1.21804, 120.97
5499, 91.65000, 1.28861, 34.9241, 8.5993, -147.24, 8.17402, 32.5172, 0.0661567, 129.529, 1.26302, -58.848, 1.2179, 120.969
5500, 91.65833, 1.2881, 34.92, 8.59534, -147.24, 8.17053, 32.5171, 0.0661072, 129.525, 1.26284, -58.8489, 1.21776, 120.969
5500, 91.66666, 1.28759, 34.9159, 8.59139, -147.241, 8.16704, 32.5169, 0.0660578, 129.521, 1.26266, -58.8499, 1.21762, 120.968
5501, 91.67500, 1.28708, 34.9118, 8.58744, -147.241, 8.16355, 32.5168, 0.0660085, 129.517, 1.26248, -58.8508, 1.21748, 120.967
5501, 91.68333, 1.28657, 34.9077, 8.58349, -147.242, 8.16006, 32.5167, 0.0659593, 129.513, 1.2623, -58.8518, 1.21734, 120.967
5502, 91.69167, 1.28606, 34.9036, 8.57954, -147.242, 8.15657, 32.5165, 0.0659101, 129.509, 1.26212, -58.8527, 1.2172, 120.966
5502, 91.70000, 1.28556, 34.8995, 8.57559, -147.243, 8.15309, 32.5164, 0.0658609, 129.505, 1.26194, -58.8537, 1.21706, 120.965
5503, 91.70834, 1.28505, 34.8954, 8.57165, -147.243, 8.1496, 32.5162, 0.0658118, 129.501, 1.26176, -58.8546, 1.21692, 120.965
5503, 91.71667, 1.28454, 34.8913, 8.56771, -147.244, 8.14612, 32.5161, 0.0657628, 129.497, 1.26158, -58.8556, 1.21678, 120.964
5504, 91.72500, 1.28404, 34.8873, 8.56377, -147.244, 8.14264, 32.5159, 0.0657139, 129.493, 1.2614, -58.8565, 1.21664, 120.963
5504, 91.73333, 1.28354, 34.8832, 8.55984, -147.245, 8.13916, 32.5158, 0.065665, 129.488, 1.26122, -58.8575, 1.2165, 120.963
5505, 91.74167, 1.28303, 34.8791, 8.5559, -147.245, 8.13568, 32.5157, 0.0656161, 129.484, 1.26104, -58.8584, 1.21636, 120.962
5505, 91.75000, 1.28253, 34.8751, 8.55197, -147.246, 8.13221, 32.5155, 0.0655673, 129.48, 1.26087, -58.8593, 1.21622, 120.961
5505, 91.75833, 1.28203, 34.871, 8.54804, -147.247, 8.12873, 32.5154, 0.0655186, 129.476, 1.26069, -58.8603, 1.21608, 120.961
5506, 91.76667, 1.28152, 34.867, 8.54412, -147.247, 8.12526, 32.5153, 0.0654699, 129.472, 1.26051, -58.8612, 1.21594, 120.96
5507, 91.77500, 1.28102, 34.863, 8.54019, -147.248, 8.12179, 32.5151, 0.0654213, 129.468, 1.26033, -58.8621, 1.2158, 120.96
5507, 91.78333, 1.28052, 34.8589, 8.53627, -147.248, 8.11832, 32.515, 0.0653728, 129.464, 1.26016, -58.8631, 1.21566, 120.959
5508, 91.79166, 1.28002, 34.8549, 8.53235, -147.249, 8.11485, 32.5148, 0.0653243, 129.46, 1.25998, -58.864, 1.21552, 120.958
5508, 91.80000, 1.27953, 34.8509, 8.52843, -147.249, 8.11138, 32.5147, 0.0652759, 129.457, 1.2598, -58.8649, 1.21538, 120.958
5509, 91.80833, 1.27903, 34.8469, 8.52451, -147.25, 8.10792, 32.5146, 0.0652275, 129.453, 1.25962, -58.8659, 1.21524, 120.957
5509, 91.81667, 1.27853, 34.8428, 8.5206, -147.25, 8.10446, 32.5145, 0.0651792, 129.449, 1.25945, -58.8668, 1.2151, 120.956
5510, 91.82500, 1.27803, 34.8388, 8.51668, -147.251, 8.10099, 32.5143, 0.0651309, 129.445, 1.25927, -58.8677, 1.21496, 120.956
5510, 91.83334, 1.27754, 34.8348, 8.51277, -147.251, 8.09753, 32.5142, 0.0650827, 129.441, 1.25909, -58.8687, 1.21482, 120.955
5511, 91.84167, 1.27704, 34.8308, 8.50887, -147.252, 8.09407, 32.5141, 0.0650346, 129.437, 1.25892, -58.8696, 1.21468, 120.954
5511, 91.85000, 1.27655, 34.8268, 8.50496, -147.252, 8.09062, 32.5139, 0.0649865, 129.433, 1.25874, -58.8705, 1.21454, 120.954
5512, 91.85833, 1.27605, 34.8228, 8.50106, -147.253, 8.08716, 32.5138, 0.0649385, 129.429, 1.25856, -58.8714, 1.2144, 120.953
5512, 91.86667, 1.27556, 34.8189, 8.49715, -147.253, 8.08371, 32.5137, 0.0648905, 129.425, 1.25839, -58.8724, 1.21427, 120.952
5513, 91.87500, 1.27507, 34.8149, 8.49325, -147.254, 8.08025, 32.5136, 0.0648426, 129.421, 1.25821, -58.8733, 1.21413, 120.952
5513, 91.88333, 1.27458, 34.8109, 8.48936, -147.254, 8.0768, 32.5134, 0.0647947, 129.417, 1.25804, -58.8742, 1.21399, 120.951
5513, 91.89167, 1.27408, 34.8069, 8.48546, -147.255, 8.07335, 32.5133, 0.064747, 129.413, 1.25786, -58.8751, 1.21385, 120.951
5514, 91.90000, 1.27359, 34.803, 8.48157, -147.255, 8.06991, 32.5132, 0.0646992, 129.409, 1.25768, -58.876, 1.21371, 120.95
5515, 91.90833, 1.2731, 34.799, 8.47768, -147.256, 8.06646, 32.5131, 0.0646515, 129.405, 1.25751, -58.8769, 1.21357, 120.949
5515, 91.91666, 1.27261, 34.795, 8.47379, -147.256, 8.06301, 32.5129, 0.0646039, 129.401, 1.25733, -58.8779, 1.21344, 120.949
5516, 91.92500, 1.27213, 34.7911, 8.4699, -147.257, 8.05957, 32.5128, 0.0645564, 129.397, 1.25716, -58.8788, 1.2133, 120.948
5516, 91.93333, 1.27164, 34.7872, 8.46602, -147.257, 8.05613, 32.5127, 0.0645088, 129.394, 1.25698, -58.8797, 1.21316, 120.947
5517, 91.94167, 1.27115, 34.7832, 8.46213, -147.258, 8.05269, 32.5126, 0.0644614, 129.39, 1.25681, -58.8806, 1.21302, 120.947
5517, 91.95000, 1.27066, 34.7793, 8.45825, -147.258, 8.04925, 32.5125, 0.064414, 129.386, 1.25663, -58.8815, 1.21289, 120.946
5518, 91.95834, 1.27018, 34.7753, 8.45438, -147.259, 8.04581, 32.5124, 0.0643667, 129.382, 1.25646, -58.8824, 1.21275, 120.945
5518, 91.96667, 1.26969, 34.7714, 8.4505, -147.259, 8.04237, 32.5122, 0.0643194, 129.378, 1.25629, -58.8833, 1.21261, 120.945
5519, 91.97500, 1.26921, 34.7675, 8.44662, -147.26, 8.03894, 32.5121, 0.0642722, 129.374, 1.25611, -58.8842, 1.21247, 120.944
5519, 91.98333, 1.26872, 34.7636, 8.44275, -147.26, 8.03551, 32.512, 0.064225, 129.37, 1.25594, -58.8851, 1.21234, 120.944
5520, 91.99167, 1.26824, 34.7597, 8.43888, -147.261, 8.03208, 32.5119, 0.0641779, 129.366, 1.25576, -58.886, 1.2122, 120.943
5520, 92.00000, 1.26776, 34.7557, 8.43501, -147.261, 8.02865, 32.5118, 0.0641308, 129.363, 1.25559, -58.8869, 1.21206, 120.942
5521, 92.00833, 1.26728, 34.7518, 8.43115, -147.262, 8.02522, 32.5117, 0.0640838, 129.359, 1.25542, -58.8879, 1.21193, 120.942
5521, 92.01667, 1.2668, 34.7479, 8.42729, -147.262, 8.02179, 32.5116, 0.0640369, 129.355, 1.25524, -58.8888, 1.21179, 120.941
5521, 92.02500, 1.26632, 34.744, 8.42342, -147.263, 8.01837, 32.5115, 0.06399, 129.351, 1.25507, -58.8897, 1.21165, 120.94
5522, 92.03333, 1.26584, 34.7402, 8.41956, -147.263, 8.01494, 32.5113, 0.0639431, 129.347, 1.2549, -58.8905, 1.21152, 120.94
5523, 92.04166, 1.26536, 34.7363, 8.41571, -147.263, 8.01152, 32.5112, 0.0638964, 129.343, 1.25472, -58.8914, 1.21138, 120.939
5523, 92.05000, 1.26488, 34.7324, 8.41185, -147.264, 8.0081, 32.5111, 0.0638497, 129.34, 1.25455, -58.8923, 1.21124, 120.939
5524, 92.05833, 1.2644, 34.7285, 8.408, -147.264, 8.00468, 32.511, 0.063803, 129.336, 1.25438, -58.8932, 1.21111, 120.938
5524, 92.06667, 1.26392, 34.7246, 8.40415, -147.265, 8.00126, 32.5109, 0.0637564, 129.332, 1.25421, -58.8941, 1.21097, 120.937
5525, 92.07500, 1.26345, 34.7208, 8.4003, -147.265, 7.99785, 32.5108, 0.0637098, 129.328, 1.25403, -58.895, 1.21083, 120.937
5525, 92.08334, 1.26297, 34.7169, 8.39645, -147.266, 7.99443, 32.5107, 0.0636633, 129.324, 1.25386, -58.8959, 1.2107, 120.936
5526, 92.09167, 1.26249, 34.7131, 8.3926, -147.266, 7.99102, 32.5106, 0.0636169, 129.32, 1.25369, -58.8968, 1.21056, 120.935
5526, 92.10000, 1.26202, 34.7092, 8.38876, -147.267, 7.98761, 32.5105, 0.0635705, 129.317, 1.25352, -58.8977, 1.21043, 120.935
5527, 92.10833, 1.26155, 34.7054, 8.38492, -147.267, 7.98419, 32.5104, 0.0635241, 129.313, 1.25334, -58.8986, 1.21029, 120.934
5527, 92.11667, 1.26107, 34.7015, 8.38108, -147.268, 7.98079, 32.5103, 0.0634779, 129.309, 1.25317, -58.8995, 1.21016, 120.934
5528, 92.12500, 1.2606, 34.6977, 8.37724, -147.268, 7.97738, 32.5102, 0.0634316, 129.305, 1.253, -58.9004, 1.21002, 120.933
5528, 92.13333, 1.26013, 34.6938, 8.37341, -147.269, 7.97397, 32.5101, 0.0633855, 129.301, 1.25283, -58.9012, 1.20988, 120.932
5529, 92.14167, 1.25966, 34.69, 8.36958, -147.269, 7.97057, 32.51, 0.0633394, 129.298, 1.25266, -58.9021, 1.20975, 120.932
5529, 92.15000, 1.25919, 34.6862, 8.36575, -147.27, 7.96717, 32.5099, 0.0632933, 129.294, 1.25249, -58.903, 1.20961, 120.931
5529, 92.15833, 1.25872, 34.6824, 8.36192, -147.27, 7.96376, 32.5098, 0.0632473, 129.29, 1.25232, -58.9039, 1.20948, 120.931
5530, 92.16666, 1.25825, 34.6786, 8.35809, -147.27, 7.96036, 32.5097, 0.0632013, 129.286, 1.25215, -58.9048, 1.20934, 120.93
5531, 92.17500, 1.25778, 34.6747, 8.35427, -147.271, 7.95697, 32.5096, 0.0631554, 129.283, 1.25198, -58.9056, 1.20921, 120.929
5531, 92.18333, 1.25731, 34.6709, 8.35044, -147.271, 7.95357, 32.5095, 0.0631096, 129.279, 1.2518, -58.9065, 1.20907, 120.929
5532, 92.19167, 1.25684, 34.6671, 8.34662, -147.272, 7.95017, 32.5094, 0.0630638, 129.275, 1.25163, -58.9074, 1.20894, 120.928
5532, 92.20000, 1.25637, 34.6633, 8.3428, -147.272, 7.94678, 32.5094, 0.0630181, 129.271, 1.25146, -58.9083, 1.20881, 120.927
5533, 92.20834, 1.25591, 34.6595, 8.33899, -147.273, 7.94339, 32.5093, 0.0629724, 129.268, 1.25129, -58.9092, 1.20867, 120.927
5533, 92.21667, 1.25544, 34.6558, 8.33517, -147.273, 7.94, 32.5092, 0.0629268, 129.264, 1.25112, -58.91, 1.20854, 120.926
5534, 92.22500, 1.25498, 34.652, 8.33136, -147.274, 7.93661, 32.5091, 0.0628812, 129.26, 1.25095, -58.9109, 1.2084, 120.926
5534, 92.23333, 1.25451, 34.6482, 8.32755, -147.274, 7.93322, 32.509, 0.0628357, 129.256, 1.25078, -58.9118, 1.20827, 120.925
5535, 92.24167, 1.25405, 34.6444, 8.32374, -147.274, 7.92983, 32.5089, 0.0627902, 129.253, 1.25061, -58.9126, 1.20813, 120.924
5535, 92.25000, 1.25359, 34.6406, 8.31993, -147.275, 7.92645, 32.5088, 0.0627448, 129.249, 1.25045, -58.9135, 1.208, 120.924
5536, 92.25833, 1.25312, 34.6369, 8.31613, -147.275, 7.92306, 32.5087, 0.0626994, 129.245, 1.25028, -58.9144, 1.20787, 120.923
5536, 92.26667, 1.25266, 34.6331, 8.31233, -147.276, 7.91968, 32.5087, 0.0626541, 129.242, 1.25011, -58.9152, 1.20773, 120.923
5537, 92.27500, 1.2522, 34.6294, 8.30853, -147.276, 7.9163, 32.5086, 0.0626089, 129.238, 1.24994, -58.9161, 1.2076, 120.922
5537, 92.28333, 1.25174, 34.6256, 8.30473, -147.277, 7.91292, 32.5085, 0.0625637, 129.234, 1.24977, -58.917, 1.20746, 120.921
5537, 92.29166, 1.25128, 34.6219, 8.30093, -147.277, 7.90954, 32.5084, 0.0625185, 129.231, 1.2496, -58.9178, 1.20733, 120.921
5538, 92.30000, 1.25082, 34.6181, 8.29714, -147.277, 7.90617, 32.5083, 0.0624734, 129.227, 1.24943, -58.9187, 1.2072, 120.92
5539, 92.30833, 1.25036, 34.6144, 8.29335, -147.278, 7.90279, 32.5082, 0.0624284, 129.223, 1.24926, -58.9196, 1.20706, 120.92
5539, 92.31667, 1.2499, 34.6106, 8.28956, -147.278, 7.89942, 32.5082, 0.0623834, 129.219, 1.2491, -58.9204, 1.20693, 120.919
5540, 92.32500, 1.24945, 34.6069, 8.28577, -147.279, 7.89605, 32.5081, 0.0623384, 129.216, 1.24893, -58.9213, 1.2068, 120.918
5540, 92.33334, 1.24899, 34.6032, 8.28198, -147.279, 7.89267, 32.508, 0.0622936, 129.212, 1.24876, -58.9221, 1.20667, 120.918
5541, 92.34167, 1.24853, 34.5995, 8.2782, -147.28, 7.88931, 32.5079, 0.0622487, 129.208, 1.24859, -58.923, 1.20653, 120.917
5541, 92.35000, 1.24808, 34.5957, 8.27441, -147.28, 7.88594, 32.5078, 0.0622039, 129.205, 1.24842, -58.9238, 1.2064, 120.917
5542, 92.35833, 1.24762, 34.592, 8.27063, -147.28, 7.88257, 32.5078, 0.0621592, 129.201, 1.24826, -58.9247, 1.20627, 120.916
5542, 92.36667, 1.24717, 34.5883, 8.26685, -147.281, 7.87921, 32.5077, 0.0621145, 129.198, 1.24809, -58.9256, 1.20613, 120.915
5543, 92.37500, 1.24671, 34.5846, 8.26308, -147.281, 7.87584, 32.5076, 0.0620699, 129.194, 1.24792, -58.9264, 1.206, 120.915
5543, 92.38333, 1.24626, 34.5809, 8.2593, -147.282, 7.87248, 32.5075, 0.0620253, 129.19, 1.24775, -58.9273, 1.20587, 120.914
5544, 92.39167, 1.24581, 34.5772, 8.25553, -147.282, 7.86912, 32.5075, 0.0619808, 129.187, 1.24759, -58.9281, 1.20574, 120.914
5544, 92.40000, 1.24536, 34.5735, 8.25176, -147.282, 7.86576, 32.5074, 0.0619364, 129.183, 1.24742, -58.929, 1.2056, 120.913
5545, 92.40833, 1.24491, 34.5698, 8.24799, -147.283, 7.8624, 32.5073, 0.0618919, 129.179, 1.24725, -58.9298, 1.20547, 120.912
5545, 92.41666, 1.24446, 34.5662, 8.24423, -147.283, 7.85905, 32.5073, 0.0618476, 129.176, 1.24709, -58.9307, 1.20534, 120.912
5545, 92.42500, 1.24401, 34.5625, 8.24046, -147.284, 7.85569, 32.5072, 0.0618033, 129.172, 1.24692, -58.9315, 1.20521, 120.911
5546, 92.43333, 1.24356, 34.5588, 8.2367, -147.284, 7.85234, 32.5071, 0.061759, 129.169, 1.24675, -58.9323, 1.20508, 120.911
5547, 92.44167, 1.24311, 34.5551, 8.23294, -147.285, 7.84899, 32.5071, 0.0617148, 129.165, 1.24659, -58.9332, 1.20494, 120.91
5547, 92.45000, 1.24266, 34.5515, 8.22918, -147.285, 7.84564, 32.507, 0.0616706, 129.161, 1.24642, -58.934, 1.20481, 120.909
5548, 92.45834, 1.24221, 34.5478, 8.22542, -147.285, 7.84229, 32.5069, 0.0616265, 129.158, 1.24626, -58.9349, 1.20468, 120.909
5548, 92.46667, 1.24176, 34.5442, 8.22167, -147.286, 7.83894, 32.5069, 0.0615825, 129.154, 1.24609, -58.9357, 1.20455, 120.908
5549, 92.47500, 1.24132, 34.5405, 8.21791, -147.286, 7.8356, 32.5068, 0.0615385, 129.151, 1.24592, -58.9366, 1.20442, 120.908
5549, 92.48333, 1.24087, 34.5369, 8.21416, -147.286, 7.83225, 32.5067, 0.0614945, 129.147, 1.24576, -58.9374, 1.20429, 120.907
5550, 92.49167, 1.24043, 34.5332, 8.21041, -147.287, 7.82891, 32.5067, 0.0614506, 129.143, 1.24559, -58.9382, 1.20416, 120.906
5550, 92.50000, 1.23998, 34.5296, 8.20667, -147.287, 7.82557, 32.5066, 0.0614067, 129.14, 1.24543, -58.9391, 1.20402, 120.906
5551, 92.50833, 1.23954, 34.5259, 8.20292, -147.288, 7.82223, 32.5066, 0.0613629, 129.136, 1.24526, -58.9399, 1.20389, 120.905
5551, 92.51667, 1.23909, 34.5223, 8.19918, -147.288, 7.81889, 32.5065, 0.0613192, 129.133, 1.2451, -58.9407, 1.20376, 120.905
5552, 92.52500, 1.23865, 34.5187, 8.19544, -147.288, 7.81555, 32.5064, 0.0612755, 129.129, 1.24493, -58.9416, 1.20363, 120.904
5552, 92.53333, 1.23821, 34.5151, 8.1917, -147.289, 7.81221, 32.5064, 0.0612318, 129.126, 1.24477, -58.9424, 1.2035, 120.903
5553, 92.54166, 1.23777, 34.5114, 8.18796, -147.289, 7.80888, 32.5063, 0.0611882, 129.122, 1.2446, -58.9432, 1.20337, 120.903
5553, 92.55000, 1.23733, 34.5078, 8.18422, -147.29, 7.80555, 32.5063, 0.0611447, 129.118, 1.24444, -58.9441, 1.20324, 120.902
5553, 92.55833, 1.23689, 34.5042, 8.18049, -147.29, 7.80221, 32.5062, 0.0611012, 129.115, 1.24428, -58.9449, 1.20311, 120.902
5554, 92.56667, 1.23645, 34.5006, 8.17676, -147.29, 7.79888, 32.5061, 0.0610577, 129.111, 1.24411, -58.9457, 1.20298, 120.901
5555, 92.57500, 1.23601, 34.497, 8.17303, -147.291, 7.79555, 32.5061, 0.0610143, 129.108, 1.24395, -58.9465, 1.20285, 120.901
5555, 92.58334, 1.23557, 34.4934, 8.1693, -147.291, 7.79223, 32.506, 0.060971, 129.104, 1.24378, -58.9474, 1.20272, 120.9
5556, 92.59167, 1.23513, 34.4898, 8.16558, -147.292, 7.7889, 32.506, 0.0609277, 129.101, 1.24362, -58.9482, 1.20259, 120.899
5556, 92.60000, 1.23469, 34.4862, 8.16185, -147.292, 7.78558, 32.5059, 0.0608844, 129.097, 1.24346, -58.949, 1.20246, 120.899
5557, 92.60833, 1.23426, 34.4827, 8.15813, -147.292, 7.78225, 32.5059, 0.0608413, 129.094, 1.24329, -58.9498, 1.20233, 120.898
5557, 92.61667, 1.23382, 34.4791, 8.15441, -147.293, 7.77893, 32.5058, 0.0607981, 129.09, 1.24313, -58.9507, 1.2022, 120.898
5558, 92.62500, 1.23338, 34.4755, 8.15069, -147.293, 7.77561, 32.5058, 0.060755, 129.087, 1.24297, -58.9515, 1.20207, 120.897
5558, 92.63333, 1.23295, 34.4719, 8.14697, -147.293, 7.77229, 32.5057, 0.060712, 129.083, 1.2428, -58.9523, 1.20194, 120.896
5559, 92.64167, 1.23251, 34.4684, 8.14326, -147.294, 7.76897, 32.5057, 0.0606689, 129.08, 1.24264, -58.9531, 1.20181, 120.896
5559, 92.65000, 1.23208, 34.4648, 8.13955, -147.294, 7.76566, 32.5056, 0.060626, 129.076, 1.24248, -58.9539, 1.20168, 120.895
5560, 92.65833, 1.23165, 34.4612, 8.13584, -147.295, 7.76234, 32.5056, 0.0605831, 129.073, 1.24232, -58.9548, 1.20155, 120.895
5560, 92.66666, 1.23121, 34.4577, 8.13213, -147.295, 7.75903, 32.5056, 0.0605402, 129.069, 1.24215, -58.9556, 1.20142, 120.894
5561, 92.67500, 1.23078, 34.4541, 8.12842, -147.295, 7.75572, 32.5055, 0.0604974, 129.066, 1.24199, -58.9564, 1.20129, 120.894
5561, 92.68333, 1.23035, 34.4506, 8.12472, -147.296, 7.7524, 32.5055, 0.0604547, 129.062, 1.24183, -58.9572, 1.20116, 120.893
5561, 92.69167, 1.22992, 34.447, 8.12101, -147.296, 7.74909, 32.5054, 0.060412, 129.059, 1.24167, -58.958, 1.20104, 120.892
5562, 92.70000, 1.22949, 34.4435, 8.11731, -147.296, 7.74579, 32.5054, 0.0603693, 129.055, 1.2415, -58.9588, 1.20091, 120.892
5563, 92.70834, 1.22906, 34.44, 8.11361, -147.297, 7.74248, 32.5053, 0.0603267, 129.052, 1.24134, -58.9596, 1.20078, 120.891
5563, 92.71667, 1.22863, 34.4364, 8.10991, -147.297, 7.73918, 32.5053, 0.0602841, 129.048, 1.24118, -58.9604, 1.20065, 120.891
5564, 92.72500, 1.2282, 34.4329, 8.10622, -147.297, 7.73587, 32.5053, 0.0602416, 129.045, 1.24102, -58.9612, 1.20052, 120.89
5564, 92.73333, 1.22777, 34.4294, 8.10253, -147.298, 7.73257, 32.5052, 0.0601992, 129.041, 1.24086, -58.9621, 1.20039, 120.89
5565, 92.74167, 1.22735, 34.4259, 8.09883, -147.298, 7.72927, 32.5052, 0.0601568, 129.038, 1.2407, -58.9629, 1.20026, 120.889
5565, 92.75000, 1.22692, 34.4224, 8.09514, -147.298, 7.72597, 32.5051, 0.0601144, 129.035, 1.24053, -58.9637, 1.20013, 120.888
5566, 92.75833, 1.22649, 34.4189, 8.09146, -147.299, 7.72267, 32.5051, 0.0600721, 129.031, 1.24037, -58.9645, 1.20001, 120.888
5566, 92.76667, 1.22607, 34.4154, 8.08777, -147.299, 7.71937, 32.5051, 0.0600298, 129.028, 1.24021, -58.9653, 1.19988, 120.887
5566, 92.77500, 1.22564, 34.4119, 8.08409, -147.3, 7.71608, 32.505, 0.0599876, 129.024, 1.24005, -58.9661, 1.19975, 120.887
5567, 92.78333, 1.22522, 34.4084, 8.0804, -147.3, 7.71278, 32.505, 0.0599454, 129.021, 1.23989, -58.9669, 1.19962, 120.886
5568, 92.79166, 1.22479, 34.4049, 8.07672, -147.3, 7.70949, 32.505, 0.0599033, 129.017, 1.23973, -58.9677, 1.19949, 120.886
5568, 92.80000, 1.22437, 34.4014, 8.07304, -147.301, 7.7062, 32.5049, 0.0598612, 129.014, 1.23957, -58.9685, 1.19937, 120.885
5569, 92.80833, 1.22395, 34.3979, 8.06937, -147.301, 7.70291, 32.5049, 0.0598192, 129.011, 1.23941, -58.9693, 1.19924, 120.884
5569, 92.81667, 1.22352, 34.3944, 8.06569, -147.301, 7.69962, 32.5049, 0.0597772, 129.007, 1.23925, -58.9701, 1.19911, 120.884
5569, 92.82500, 1.2231, 34.3909, 8.06202, -147.302, 7.69633, 32.5048, 0.0597353, 129.004, 1.23909, -58.9709, 1.19898, 120.883
5570, 92.83334, 1.22268, 34.3875, 8.05835, -147.302, 7.69305, 32.5048, 0.0596934, 129, 1.23893, -58.9717, 1.19886, 120.883
5571, 92.84167, 1.22226, 34.384, 8.05468, -147.302, 7.68976, 32.5048, 0.0596515, 128.997, 1.23877, -58.9725, 1.19873, 120.882
5571, 92.85000, 1.22184, 34.3805, 8.05101, -147.303, 7.68648, 32.5048, 0.0596097, 128.994, 1.23861, -58.9733, 1.1986, 120.882
5572, 92.85833, 1.22142, 34.3771, 8.04735, -147.303, 7.6832, 32.5047, 0.059568, 128.99, 1.23845, -58.974, 1.19847, 120.881
5572, 92.86667, 1.221, 34.3736, 8.04368, -147.303, 7.67992, 32.5047, 0.0595263, 128.987, 1.23829, -58.9748, 1.19835, 120.88
5573, 92.87500, 1.22058, 34.3702, 8.04002, -147.304, 7.67664, 32.5047, 0.0594846, 128.983, 1.23813, -58.9756, 1.19822, 120.88
5573, 92.88333, 1.22016, 34.3667, 8.03636, -147.304, 7.67336, 32.5047, 0.059443, 128.98, 1.23797, -58.9764, 1.19809, 120.879
5574, 92.89167, 1.21975, 34.3633, 8.0327, -147.304, 7.67008, 32.5046, 0.0594015, 128.977, 1.23781, -58.9772, 1.19797, 120.879
5574, 92.90000, 1.21933, 34.3598, 8.02905, -147.305, 7.66681, 32.5046, 0.05936, 128.973, 1.23765, -58.978, 1.19784, 120.878
5574, 92.90833, 1.21891, 34.3564, 8.02539, -147.305, 7.66354, 32.5046, 0.0593185, 128.97, 1.2375, -58.9788, 1.19771, 120.878
5575, 92.91666, 1.2185, 34.353, 8.02174, -147.305, 7.66026, 32.5046, 0.0592771, 128.967, 1.23734, -58.9796, 1.19759, 120.877
5576, 92.92500, 1.21808, 34.3495, 8.01809, -147.306, 7.65699, 32.5046, 0.0592357, 128.963, 1.23718, -58.9803, 1.19746, 120.877
5576, 92.93333, 1.21767, 34.3461, 8.01444, -147.306, 7.65372, 32.5045, 0.0591944, 128.96, 1.23702, -58.9811, 1.19733, 120.876
5577, 92.94167, 1.21725, 34.3427, 8.01079, -147.306, 7.65045, 32.5045, 0.0591531, 128.956, 1.23686, -58.9819, 1.19721, 120.875
5577, 92.95000, 1.21684, 34.3393, 8.00714, -147.307, 7.64719, 32.5045, 0.0591119, 128.953, 1.2367, -58.9827, 1.19708, 120.875
5578, 92.95834, 1.21643, 34.3359, 8.0035, -147.307, 7.64392, 32.5045, 0.0590707, 128.95, 1.23655, -58.9835, 1.19696, 120.874
5578, 92.96667, 1.21601, 34.3324, 7.99986, -147.307, 7.64066, 32.5045, 0.0590296, 128.946, 1.23639, -58.9843, 1.19683, 120.874
5579, 92.97500, 1.2156, 34.329, 7.99622, -147.308, 7.6374, 32.5044, 0.0589885, 128.943, 1.23623, -58.985, 1.1967, 120.873
5579, 92.98333, 1.21519, 34.3256, 7.99258, -147.308, 7.63413, 32.5044, 0.0589475, 128.94, 1.23607, -58.9858, 1.19658, 120.873
5580, 92.99167, 1.21478, 34.3222, 7.98894, -147.308, 7.63087, 32.5044, 0.0589065, 128.936, 1.23592, -58.9866, 1.19645, 120.872
5580, 93.00000, 1.21437, 34.3189, 7.98531, -147.308, 7.62762, 32.5044, 0.0588655, 128.933, 1.23576, -58.9874, 1.19633, 120.871
5581, 93.00833, 1.21396, 34.3155, 7.98168, -147.309, 7.62436, 32.5044, 0.0588246, 128.93, 1.2356, -58.9881, 1.1962, 120.871
5581, 93.01667, 1.21355, 34.3121, 7.97805, -147.309, 7.6211, 32.5044, 0.0587837, 128.927, 1.23544, -58.9889, 1.19608, 120.87
5582, 93.02500, 1.21314, 34.3087, 7.97442, -147.309, 7.61785, 32.5044, 0.0587429, 128.923, 1.23529, -58.9897, 1.19595, 120.87
5582, 93.03333, 1.21273, 34.3053, 7.97079, -147.31, 7.61459, 32.5044, 0.0587022, 128.92, 1.23513, -58.9905, 1.19583, 120.869
5582, 93.04166, 1.21233, 34.3019, 7.96716, -147.31, 7.61134, 32.5043, 0.0586614, 128.917, 1.23497, -58.9912, 1.1957, 120.869
5583, 93.05000, 1.21192, 34.2986, 7.96354, -147.31, 7.60809, 32.5043, 0.0586208, 128.913, 1.23482, -58.992, 1.19557, 120.868
5584, 93.05833, 1.21151, 34.2952, 7.95992, -147.311, 7.60484, 32.5043, 0.0585801, 128.91, 1.23466, -58.9928, 1.19545, 120.868
5584, 93.06667, 1.21111, 34.2919, 7.9563, -147.311, 7.60159, 32.5043, 0.0585395, 128.907, 1.2345, -58.9935, 1.19533, 120.867
5585, 93.07500, 1.2107, 34.2885, 7.95268, -147.311, 7.59835, 32.5043, 0.058499, 128.903, 1.23435, -58.9943, 1.1952, 120.867
5585, 93.08334, 1.2103, 34.2851, 7.94906, -147.312, 7.5951, 32.5043, 0.0584585, 128.9, 1.23419, -58.9951, 1.19508, 120.866
5586, 93.09167, 1.20989, 34.2818, 7.94545, -147.312, 7.59186, 32.5043, 0.0584181, 128.897, 1.23404, -58.9958, 1.19495, 120.865
5586, 93.10000, 1.20949, 34.2784, 7.94183, -147.312, 7.58862, 32.5043, 0.0583777, 128.894, 1.23388, -58.9966, 1.19483, 120.865
5587, 93.10833, 1.20908, 34.2751, 7.93822, -147.312, 7.58537, 32.5043, 0.0583373, 128.89, 1.23372, -58.9974, 1.1947, 120.864
5587, 93.11667, 1.20868, 34.2718, 7.93461, -147.313, 7.58213, 32.5043, 0.058297, 128.887, 1.23357, -58.9981, 1.19458, 120.864
5588, 93.12500, 1.20828, 34.2684, 7.93101, -147.313, 7.5789, 32.5043, 0.0582567, 128.884, 1.23341, -58.9989, 1.19445, 120.863
5588, 93.13333, 1.20788, 34.2651, 7.9274, -147.313, 7.57566, 32.5043, 0.0582165, 128.881, 1.23326, -58.9996, 1.19433, 120.863
5589, 93.14167, 1.20748, 34.2618, 7.9238, -147.314, 7.57242, 32.5043, 0.0581763, 128.877, 1.2331, -59.0004, 1.1942, 120.862
5589, 93.15000, 1.20708, 34.2584, 7.92019, -147.314, 7.56919, 32.5043, 0.0581362, 128.874, 1.23295, -59.0012, 1.19408, 120.862
5590, 93.15833, 1.20668, 34.2551, 7.91659, -147.314, 7.56595, 32.5043, 0.0580961, 128.871, 1.23279, -59.0019, 1.19396, 120.861
5590, 93.16666, 1.20628, 34.2518, 7.91299, -147.315, 7.56272, 32.5043, 0.058056, 128.868, 1.23264, -59.0027, 1.19383, 120.86
5590, 93.17500, 1.20588, 34.2485, 7.9094, -147.315, 7.55949, 32.5043, 0.058016, 128.864, 1.23248, -59.0034, 1.19371, 120.86
5591, 93.18333, 1.20548, 34.2452, 7.9058, -147.315, 7.55626, 32.5043, 0.0579761, 128.861, 1.23233, -59.0042, 1.19359, 120.859
5592, 93.19167, 1.20508, 34.2419, 7.90221, -147.315, 7.55303, 32.5043, 0.0579362, 128.858, 1.23217, -59.0049, 1.19346, 120.859
5592, 93.20000, 1.20468, 34.2386, 7.89862, -147.316, 7.54981, 32.5043, 0.0578963, 128.855, 1.23202, -59.0057, 1.19334, 120.858
5593, 93.20834, 1.20429, 34.2353, 7.89503, -147.316, 7.54658, 32.5043, 0.0578565, 128.852, 1.23186, -59.0064, 1.19321, 120.858
5593, 93.21667, 1.20389, 34.232, 7.89144, -147.316, 7.54336, 32.5043, 0.0578167, 128.848, 1.23171, -59.0072, 1.19309, 120.857
5594, 93.22500, 1.20349, 34.2287, 7.88785, -147.316, 7.54013, 32.5043, 0.057777, 128.845, 1.23156, -59.0079, 1.19297, 120.857
5594, 93.23333, 1.2031, 34.2254, 7.88427, -147.317, 7.53691, 32.5044, 0.0577373, 128.842, 1.2314, -59.0087, 1.19284, 120.856
5595, 93.24167, 1.2027, 34.2221, 7.88069, -147.317, 7.53369, 32.5044, 0.0576976, 128.839, 1.23125, -59.0094, 1.19272, 120.856
5595, 93.25000, 1.20231, 34.2189, 7.8771, -147.317, 7.53047, 32.5044, 0.057658, 128.835, 1.2311, -59.0102, 1.1926, 120.855
5596, 93.25833, 1.20192, 34.2156, 7.87353, -147.318, 7.52726, 32.5044, 0.0576185, 128.832, 1.23094, -59.0109, 1.19248, 120.855
5596, 93.26667, 1.20152, 34.2123, 7.86995, -147.318, 7.52404, 32.5044, 0.057579, 128.829, 1.23079, -59.0117, 1.19235, 120.854
5597, 93.27500, 1.20113, 34.2091, 7.86637, -147.318, 7.52082, 32.5044, 0.0575395, 128.826, 1.23064, -59.0124, 1.19223, 120.853
5597, 93.28333, 1.20074, 34.2058, 7.8628, -147.318, 7.51761, 32.5044, 0.0575001, 128.823, 1.23048, -59.0132, 1.19211, 120.853
5598, 93.29166, 1.20035, 34.2025, 7.85922, -147.319, 7.5144, 32.5044, 0.0574607, 128.82, 1.23033, -59.0139, 1.19198, 120.852
5598, 93.30000, 1.19995, 34.1993, 7.85565, -147.319, 7.51119, 32.5045, 0.0574213, 128.816, 1.23018, -59.0147, 1.19186, 120.852
5598, 93.30833, 1.19956, 34.196, 7.85209, -147.319, 7.50798, 32.5045, 0.057382, 128.813, 1.23002, -59.0154, 1.19174, 120.851
5599, 93.31667, 1.19917, 34.1928, 7.84852, -147.319, 7.50477, 32.5045, 0.0573428, 128.81, 1.22987, -59.0161, 1.19162, 120.851
5600, 93.32500, 1.19878, 34.1895, 7.84495, -147.32, 7.50156, 32.5045, 0.0573036, 128.807, 1.22972, -59.0169, 1.1915, 120.85
5600, 93.33334, 1.19839, 34.1863, 7.84139, -147.32, 7.49836, 32.5045, 0.0572644, 128.804, 1.22957, -59.0176, 1.19137, 120.85
5601, 93.34167, 1.19801, 34.1831, 7.83783, -147.32, 7.49515, 32.5045, 0.0572253, 128.801, 1.22941, -59.0184, 1.19125, 120.849
5601, 93.35000, 1.19762, 34.1798, 7.83427, -147.321, 7.49195, 32.5046, 0.0571862, 128.797, 1.22926, -59.0191, 1.19113, 120.849
5602, 93.35833, 1.19723, 34.1766, 7.83071, -147.321, 7.48875, 32.5046, 0.0571472, 128.794, 1.22911, -59.0198, 1.19101, 120.848
5602, 93.36667, 1.19684, 34.1734, 7.82715, -147.321, 7.48554, 32.5046, 0.0571082, 128.791, 1.22896, -59.0206, 1.19089, 120.848
5603, 93.37500, 1.19646, 34.1702, 7.8236, -147.321, 7.48234, 32.5046, 0.0570692, 128.788, 1.22881, -59.0213, 1.19076, 120.847
5603, 93.38333, 1.19607, 34.1669, 7.82004, -147.322, 7.47915, 32.5046, 0.0570303, 128.785, 1.22865, -59.022, 1.19064, 120.847
5604, 93.39167, 1.19568, 34.1637, 7.81649, -147.322, 7.47595, 32.5047, 0.0569914, 128.782, 1.2285, -59.0228, 1.19052, 120.846
5604, 93.40000, 1.1953, 34.1605, 7.81294, -147.322, 7.47275, 32.5047, 0.0569526, 128.779, 1.22835, -59.0235, 1.1904, 120.845
5605, 93.40833, 1.19491, 34.1573, 7.80939, -147.322, 7.46956, 32.5047, 0.0569138, 128.775, 1.2282, -59.0242, 1.19028, 120.845
5605, 93.41666, 1.19453, 34.1541, 7.80585, -147.323, 7.46637, 32.5047, 0.0568751, 128.772, 1.22805, -59.025, 1.19016, 120.844
5606, 93.42500, 1.19415, 34.1509, 7.8023, -147.323, 7.46317, 32.5048, 0.0568364, 128.769, 1.2279, -59.0257, 1.19003, 120.844
5606, 93.43333, 1.19376, 34.1477, 7.79876, -147.323, 7.45998, 32.5048, 0.0567978, 128.766, 1.22775, -59.0264, 1.18991, 120.843
5606, 93.44167, 1.19338, 34.1445, 7.79522, -147.323, 7.45679, 32.5048, 0.0567591, 128.763, 1.2276, -59.0271, 1.18979, 120.843
5607, 93.45000, 1.193, 34.1413, 7.79168, -147.324, 7.45361, 32.5049, 0.0567206, 128.76, 1.22744, -59.0279, 1.18967, 120.842
5608, 93.45834, 1.19262, 34.1381, 7.78814, -147.324, 7.45042, 32.5049, 0.056682, 128.757, 1.22729, -59.0286, 1.18955, 120.842
5608, 93.46667, 1.19224, 34.135, 7.7846, -147.324, 7.44724, 32.5049, 0.0566436, 128.754, 1.22714, -59.0293, 1.18943, 120.841
5609, 93.47500, 1.19186, 34.1318, 7.78107, -147.324, 7.44405, 32.5049, 0.0566051, 128.751, 1.22699, -59.03, 1.18931, 120.841
5609, 93.48333, 1.19148, 34.1286, 7.77754, -147.325, 7.44087, 32.505, 0.0565667, 128.748, 1.22684, -59.0308, 1.18919, 120.84
5610, 93.49167, 1.1911, 34.1254, 7.774, -147.325, 7.43769, 32.505, 0.0565283, 128.744, 1.22669, -59.0315, 1.18907, 120.84
5610, 93.50000, 1.19072, 34.1223, 7.77047, -147.325, 7.43451, 32.505, 0.05649, 128.741, 1.22654, -59.0322, 1.18895, 120.839
5611, 93.50833, 1.19034, 34.1191, 7.76695, -147.325, 7.43133, 32.5051, 0.0564518, 128.738, 1.22639, -59.0329, 1.18883, 120.839
5611, 93.51667, 1.18996, 34.1159, 7.76342, -147.326, 7.42815, 32.5051, 0.0564135, 128.735, 1.22624, -59.0336, 1.18871, 120.838
5612, 93.52500, 1.18958, 34.1128, 7.7599, -147.326, 7.42497, 32.5052, 0.0563753, 128.732, 1.22609, -59.0344, 1.18859, 120.838
5612, 93.53333, 1.18921, 34.1096, 7.75637, -147.326, 7.4218, 32.5052, 0.0563372, 128.729, 1.22594, -59.0351, 1.18847, 120.837
5613, 93.54166, 1.18883, 34.1065, 7.75285, -147.326, 7.41862, 32.5052, 0.0562991, 128.726, 1.22579, -59.0358, 1.18835, 120.837
5613, 93.55000, 1.18845, 34.1033, 7.74933, -147.326, 7.41545, 32.5053, 0.056261, 128.723, 1.22564, -59.0365, 1.18823, 120.836
5614, 93.55833, 1.18808, 34.1002, 7.74582, -147.327, 7.41228, 32.5053, 0.056223, 128.72, 1.2255, -59.0372, 1.18811, 120.835
5614, 93.56667, 1.1877, 34.0971, 7.7423, -147.327, 7.40911, 32.5053, 0.056185, 128.717, 1.22535, -59.0379, 1.18799, 120.835
5614, 93.57500, 1.18733, 34.0939, 7.73878, -147.327, 7.40594, 32.5054, 0.0561471, 128.714, 1.2252, -59.0387, 1.18787, 120.834
5615, 93.58334, 1.18695, 34.0908, 7.73527, -147.327, 7.40277, 32.5054, 0.0561091, 128.711, 1.22505, -59.0394, 1.18775, 120.834
5616, 93.59167, 1.18658, 34.0877, 7.73176, -147.328, 7.39961, 32.5055, 0.0560713, 128.708, 1.2249, -59.0401, 1.18763, 120.833
5616, 93.60000, 1.18621, 34.0845, 7.72825, -147.328, 7.39644, 32.5055, 0.0560335, 128.705, 1.22475, -59.0408, 1.18751, 120.833
5617, 93.60833, 1.18583, 34.0814, 7.72474, -147.328, 7.39328, 32.5056, 0.0559957, 128.702, 1.2246, -59.0415, 1.18739, 120.832
5617, 93.61667, 1.18546, 34.0783, 7.72124, -147.328, 7.39011, 32.5056, 0.0559579, 128.699, 1.22445, -59.0422, 1.18727, 120.832
5618, 93.62500, 1.18509, 34.0752, 7.71773, -147.328, 7.38695, 32.5056, 0.0559203, 128.696, 1.22431, -59.0429, 1.18715, 120.831
5618, 93.63333, 1.18472, 34.0721, 7.71423, -147.329, 7.38379, 32.5057, 0.0558826, 128.693, 1.22416, -59.0436, 1.18703, 120.831
5619, 93.64167, 1.18435, 34.069, 7.71073, -147.329, 7.38063, 32.5057, 0.055845, 128.69, 1.22401, -59.0443, 1.18691, 120.83
5619, 93.65000, 1.18398, 34.0659, 7.70723, -147.329, 7.37748, 32.5058, 0.0558074, 128.687, 1.22386, -59.045, 1.18679, 120.83
5620, 93.65833, 1.18361, 34.0628, 7.70373, -147.329, 7.37432, 32.5058, 0.0557699, 128.684, 1.22371, -59.0457, 1.18667, 120.829
5620, 93.66666, 1.18324, 34.0597, 7.70024, -147.33, 7.37117, 32.5059, 0.0557324, 128.681, 1.22357, -59.0464, 1.18655, 120.829
5621, 93.67500, 1.18287, 34.0566, 7.69674, -147.33, 7.36801, 32.5059, 0.0556949, 128.678, 1.22342, -59.0471, 1.18644, 120.828
5621, 93.68333, 1.1825, 34.0535, 7.69325, -147.33, 7.36486, 32.506, 0.0556575, 128.675, 1.22327, -59.0478, 1.18632, 120.828
5622, 93.69167, 1.18213, 34.0504, 7.68976, -147.33, 7.36171, 32.506, 0.0556201, 128.672, 1.22312, -59.0485, 1.1862, 120.827
5622, 93.70000, 1.18176, 34.0473, 7.68627, -147.33, 7.35856, 32.5061, 0.0555828, 128.669, 1.22298, -59.0493, 1.18608, 120.827
5622, 93.70834, 1.1814, 34.0443, 7.68278, -147.331, 7.35541, 32.5061, 0.0555455, 128.666, 1.22283, -59.0499, 1.18596, 120.826
5623, 93.71667, 1.18103, 34.0412, 7.6793, -147.331, 7.35226, 32.5062, 0.0555083, 128.663, 1.22268, -59.0506, 1.18584, 120.826
5624, 93.72500, 1.18067, 34.0381, 7.67581, -147.331, 7.34911, 32.5062, 0.0554711, 128.66, 1.22253, -59.0513, 1.18572, 120.825
5624, 93.73333, 1.1803, 34.035, 7.67233, -147.331, 7.34597, 32.5063, 0.0554339, 128.657, 1.22239, -59.052, 1.18561, 120.825
5625, 93.74167, 1.17993, 34.032, 7.66885, -147.331, 7.34283, 32.5064, 0.0553968, 128.654, 1.22224, -59.0527, 1.18549, 120.824
5625, 93.75000, 1.17957, 34.0289, 7.66537, -147.332, 7.33968, 32.5064, 0.0553597, 128.651, 1.22209, -59.0534, 1.18537, 120.824
5626, 93.75833, 1.17921, 34.0259, 7.66189, -147.332, 7.33654, 32.5065, 0.0553226, 128.648, 1.22195, -59.0541, 1.18525, 120.823
5626, 93.76667, 1.17884, 34.0228, 7.65841, -147.332, 7.3334, 32.5065, 0.0552856, 128.645, 1.2218, -59.0548, 1.18513, 120.823
5627, 93.77500, 1.17848, 34.0198, 7.65494, -147.332, 7.33026, 32.5066, 0.0552486, 128.642, 1.22166, -59.0555, 1.18502, 120.822
5627, 93.78333, 1.17812, 34.0167, 7.65147, -147.332, 7.32712, 32.5066, 0.0552117, 128.639, 1.22151, -59.0562, 1.1849, 120.822
5628, 93.79166, 1.17775, 34.0137, 7.64799, -147.333, 7.32399, 32.5067, 0.0551748, 128.636, 1.22136, -59.0569, 1.18478, 120.821
5628, 93.80000, 1.17739, 34.0106, 7.64453, -147.333, 7.32085, 32.5068, 0.0551379, 128.633, 1.22122, -59.0576, 1.18466, 120.821
5629, 93.80833, 1.17703, 34.0076, 7.64106, -147.333, 7.31772, 32.5068, 0.0551011, 128.63, 1.22107, -59.0583, 1.18455, 120.82
5629, 93.81667, 1.17667, 34.0046, 7.63759, -147.333, 7.31459, 32.5069, 0.0550644, 128.627, 1.22093, -59.059, 1.18443, 120.82
5630, 93.82500, 1.17631, 34.0015, 7.63413, -147.333, 7.31145, 32.507, 0.0550276, 128.624, 1.22078, -59.0597, 1.18431, 120.819
5630, 93.83334, 1.17595, 33.9985, 7.63066, -147.334, 7.30832, 32.507, 0.0549909, 128.621, 1.22064, -59.0603, 1.18419, 120.819
5630, 93.84167, 1.17559, 33.9955, 7.6272, -147.334, 7.30519, 32.5071, 0.0549543, 128.618, 1.22049, -59.061, 1.18408, 120.818
5631, 93.85000, 1.17523, 33.9925, 7.62374, -147.334, 7.30207, 32.5071, 0.0549177, 128.616, 1.22034, -59.0617, 1.18396, 120.818
5632, 93.85833, 1.17487, 33.9894, 7.62028, -147.334, 7.29894, 32.5072, 0.0548811, 128.613, 1.2202, -59.0624, 1.18384, 120.817
5632, 93.86667, 1.17451, 33.9864, 7.61683, -147.334, 7.29581, 32.5073, 0.0548445, 128.61, 1.22005, -59.0631, 1.18373, 120.817
5633, 93.87500, 1.17416, 33.9834, 7.61337, -147.335, 7.29269, 32.5074, 0.054808, 128.607, 1.21991, -59.0638, 1.18361, 120.816
5633, 93.88333, 1.1738, 33.9804, 7.60992, -147.335, 7.28957, 32.5074, 0.0547716, 128.604, 1.21976, -59.0644, 1.18349, 120.816
5634, 93.89167, 1.17344, 33.9774, 7.60646, -147.335, 7.28644, 32.5075, 0.0547352, 128.601, 1.21962, -59.0651, 1.18338, 120.815
5634, 93.90000, 1.17309, 33.9744, 7.60301, -147.335, 7.28332, 32.5076, 0.0546988, 128.598, 1.21948, -59.0658, 1.18326, 120.815
5635, 93.90833, 1.17273, 33.9714, 7.59957, -147.335, 7.2802, 32.5076, 0.0546624, 128.595, 1.21933, -59.0665, 1.18314, 120.814
5635, 93.91666, 1.17238, 33.9684, 7.59612, -147.335, 7.27709, 32.5077, 0.0546261, 128.592, 1.21919, -59.0672, 1.18303, 120.814
5636, 93.92500, 1.17202, 33.9654, 7.59267, -147.336, 7.27397, 32.5078, 0.0545899, 128.589, 1.21904, -59.0678, 1.18291, 120.813
5636, 93.93333, 1.17167, 33.9624, 7.58923, -147.336, 7.27085, 32.5078, 0.0545536, 128.587, 1.2189, -59.0685, 1.18279, 120.813
5637, 93.94167, 1.17131, 33.9595, 7.58579, -147.336, 7.26774, 32.5079, 0.0545174, 128.584, 1.21875, -59.0692, 1.18268, 120.812
5637, 93.95000, 1.17096, 33.9565, 7.58235, -147.336, 7.26463, 32.508, 0.0544813, 128.581, 1.21861, -59.0699, 1.18256, 120.812
5638, 93.95834, 1.17061, 33.9535, 7.57891, -147.336, 7.26151, 32.5081, 0.0544452, 128.578, 1.21847, -59.0705, 1.18245, 120.811
5638, 93.96667, 1.17025, 33.9505, 7.57547, -147.337, 7.2584, 32.5081, 0.0544091, 128.575, 1.21832, -59.0712, 1.18233, 120.811
5638, 93.97500, 1.1699, 33.9476, 7.57203, -147.337, 7.25529, 32.5082, 0.0543731, 128.572, 1.21818, -59.0719, 1.18221, 120.81
5639, 93.98333, 1.16955, 33.9446, 7.5686, -147.337, 7.25218, 32.5083, 0.0543371, 128.569, 1.21804, -59.0726, 1.1821, 120.81
5640, 93.99167, 1.1692, 33.9416, 7.56517, -147.337, 7.24908, 32.5084, 0.0543011, 128.566, 1.21789, -59.0732, 1.18198, 120.809
5640, 94.00000, 1.16885, 33.9387, 7.56173, -147.337, 7.24597, 32.5085, 0.0542652, 128.564, 1.21775, -59.0739, 1.18187, 120.809
5641, 94.00833, 1.1685, 33.9357, 7.55831, -147.337, 7.24287, 32.5085, 0.0542293, 128.561, 1.21761, -59.0746, 1.18175, 120.808
5641, 94.01667, 1.16815, 33.9328, 7.55488, -147.338, 7.23976, 32.5086, 0.0541935, 128.558, 1.21746, -59.0752, 1.18163, 120.808
5642, 94.02500, 1.1678, 33.9298, 7.55145, -147.338, 7.23666, 32.5087, 0.0541577, 128.555, 1.21732, -59.0759, 1.18152, 120.807
5642, 94.03333, 1.16745, 33.9269, 7.54803, -147.338, 7.23356, 32.5088, 0.0541219, 128.552, 1.21718, -59.0766, 1.1814, 120.807
5643, 94.04166, 1.1671, 33.9239, 7.5446, -147.338, 7.23046, 32.5089, 0.0540861, 128.549, 1.21703, -59.0773, 1.18129, 120.806
5643, 94.05000, 1.16675, 33.921, 7.54118, -147.338, 7.22736, 32.5089, 0.0540505, 128.547, 1.21689, -59.0779, 1.18117, 120.806
5644, 94.05833, 1.1664, 33.9181, 7.53776, -147.338, 7.22426, 32.509, 0.0540148, 128.544, 1.21675, -59.0786, 1.18106, 120.805
5644, 94.06667, 1.16606, 33.9151, 7.53434, -147.339, 7.22117, 32.5091, 0.0539792, 128.541, 1.21661, -59.0792, 1.18094, 120.805
5645, 94.07500, 1.16571, 33.9122, 7.53093, -147.339, 7.21807, 32.5092, 0.0539436, 128.538, 1.21646, -59.0799, 1.18083, 120.804
5645, 94.08334, 1.16536, 33.9093, 7.52751, -147.339, 7.21498, 32.5093, 0.0539081, 128.535, 1.21632, -59.0806, 1.18071, 120.804
5646, 94.09167, 1.16502, 33.9064, 7.5241, -147.339, 7.21188, 32.5094, 0.0538725, 128.532, 1.21618, -59.0812, 1.1806, 120.803
5646, 94.10000, 1.16467, 33.9034, 7.52068, -147.339, 7.20879, 32.5095, 0.0538371, 128.53, 1.21604, -59.0819, 1.18048, 120.803
5646, 94.10833, 1.16433, 33.9005, 7.51727, -147.339, 7.2057, 32.5096, 0.0538017, 128.527, 1.2159, -59.0826, 1.18037, 120.802
5647, 94.11667, 1.16398, 33.8976, 7.51386, -147.339, 7.20261, 32.5096, 0.0537663, 128.524, 1.21575, -59.0832, 1.18025, 120.802
5648, 94.12500, 1.16364, 33.8947, 7.51046, -147.34, 7.19952, 32.5097, 0.0537309, 128.521, 1.21561, -59.0839, 1.18014, 120.801
5648, 94.13333, 1.1633, 33.8918, 7.50705, -147.34, 7.19644, 32.5098, 0.0536956, 128.518, 1.21547, -59.0845, 1.18003, 120.801
5649, 94.14167, 1.16295, 33.8889, 7.50365, -147.34, 7.19335, 32.5099, 0.0536603, 128.516, 1.21533, -59.0852, 1.17991, 120.8
5649, 94.15000, 1.16261, 33.886, 7.50024, -147.34, 7.19027, 32.51, 0.0536251, 128.513, 1.21519, -59.0858, 1.1798, 120.8
5650, 94.15833, 1.16227, 33.8831, 7.49684, -147.34, 7.18718, 32.5101, 0.0535898, 128.51, 1.21505, -59.0865, 1.17968, 120.799
5650, 94.16666, 1.16193, 33.8802, 7.49344, -147.34, 7.1841, 32.5102, 0.0535547, 128.507, 1.21491, -59.0872, 1.17957, 120.799
5651, 94.17500, 1.16158, 33.8773, 7.49004, -147.34, 7.18102, 32.5103, 0.0535195, 128.504, 1.21477, -59.0878, 1.17945, 120.798
5651, 94.18333, 1.16124, 33.8744, 7.48665, -147.341, 7.17794, 32.5104, 0.0534844, 128.502, 1.21462, -59.0885, 1.17934, 120.798
5652, 94.19167, 1.1609, 33.8716, 7.48325, -147.341, 7.17486, 32.5105, 0.0534494, 128.499, 1.21448, -59.0891, 1.17923, 120.797
5652, 94.20000, 1.16056, 33.8687, 7.47986, -147.341, 7.17178, 32.5106, 0.0534144, 128.496, 1.21434, -59.0898, 1.17911, 120.797
5653, 94.20834, 1.16022, 33.8658, 7.47647, -147.341, 7.16871, 32.5107, 0.0533794, 128.493, 1.2142, -59.0904, 1.179, 120.796
5653, 94.21667, 1.15988, 33.8629, 7.47307, -147.341, 7.16563, 32.5108, 0.0533444, 128.491, 1.21406, -59.0911, 1.17889, 120.796
5654, 94.22500, 1.15955, 33.8601, 7.46969, -147.341, 7.16256, 32.5109, 0.0533095, 128.488, 1.21392, -59.0917, 1.17877, 120.795
5654, 94.23333, 1.15921, 33.8572, 7.4663, -147.341, 7.15948, 32.511, 0.0532746, 128.485, 1.21378, -59.0924, 1.17866, 120.795
5654, 94.24167, 1.15887, 33.8543, 7.46291, -147.342, 7.15641, 32.5111, 0.0532398, 128.482, 1.21364, -59.093, 1.17854, 120.794
5655, 94.25000, 1.15853, 33.8515, 7.45953, -147.342, 7.15334, 32.5112, 0.053205, 128.48, 1.2135, -59.0937, 1.17843, 120.794
5656, 94.25833, 1.15819, 33.8486, 7.45615, -147.342, 7.15027, 32.5113, 0.0531702, 128.477, 1.21336, -59.0943, 1.17832, 120.793
5656, 94.26667, 1.15786, 33.8458, 7.45276, -147.342, 7.1472, 32.5114, 0.0531355, 128.474, 1.21322, -59.095, 1.17821, 120.793
5657, 94.27500, 1.15752, 33.8429, 7.44938, -147.342, 7.14414, 32.5115, 0.0531008, 128.471, 1.21308, -59.0956, 1.17809, 120.793
5657, 94.28333, 1.15719, 33.8401, 7.44601, -147.342, 7.14107, 32.5116, 0.0530661, 128.469, 1.21294, -59.0962, 1.17798, 120.792
5658, 94.29166, 1.15685, 33.8372, 7.44263, -147.342, 7.13801, 32.5117, 0.0530315, 128.466, 1.2128, -59.0969, 1.17787, 120.792
5658, 94.30000, 1.15651, 33.8344, 7.43925, -147.343, 7.13494, 32.5118, 0.0529969, 128.463, 1.21266, -59.0975, 1.17775, 120.791
5659, 94.30833, 1.15618, 33.8315, 7.43588, -147.343, 7.13188, 32.5119, 0.0529624, 128.46, 1.21252, -59.0982, 1.17764, 120.791
5659, 94.31667, 1.15585, 33.8287, 7.43251, -147.343, 7.12882, 32.512, 0.0529278, 128.458, 1.21238, -59.0988, 1.17753, 120.79
5660, 94.32500, 1.15551, 33.8259, 7.42914, -147.343, 7.12576, 32.5121, 0.0528934, 128.455, 1.21225, -59.0995, 1.17741, 120.79
5660, 94.33334, 1.15518, 33.823, 7.42577, -147.343, 7.1227, 32.5122, 0.0528589, 128.452, 1.21211, -59.1001, 1.1773, 120.789
5661, 94.34167, 1.15485, 33.8202, 7.4224, -147.343, 7.11964, 32.5123, 0.0528245, 128.45, 1.21197, -59.1007, 1.17719, 120.789
5661, 94.35000, 1.15451, 33.8174, 7.41903, -147.343, 7.11659, 32.5125, 0.0527901, 128.447, 1.21183, -59.1014, 1.17708, 120.788
5662, 94.35833, 1.15418, 33.8146, 7.41567, -147.343, 7.11353, 32.5126, 0.0527558, 128.444, 1.21169, -59.102, 1.17696, 120.788
5662, 94.36667, 1.15385, 33.8118, 7.41231, -147.344, 7.11048, 32.5127, 0.0527215, 128.442, 1.21155, -59.1026, 1.17685, 120.787
5662, 94.37500, 1.15352, 33.8089, 7.40895, -147.344, 7.10742, 32.5128, 0.0526872, 128.439, 1.21141, -59.1033, 1.17674, 120.787
5663, 94.38333, 1.15319, 33.8061, 7.40559, -147.344, 7.10437, 32.5129, 0.052653, 128.436, 1.21127, -59.1039, 1.17663, 120.786
5664, 94.39167, 1.15286, 33.8033, 7.40223, -147.344, 7.10132, 32.513, 0.0526188, 128.433, 1.21114, -59.1045, 1.17652, 120.786
5664, 94.40000, 1.15253, 33.8005, 7.39887, -147.344, 7.09827, 32.5131, 0.0525847, 128.431, 1.211, -59.1052, 1.1764, 120.785
5665, 94.40833, 1.1522, 33.7977, 7.39551, -147.344, 7.09522, 32.5132, 0.0525505, 128.428, 1.21086, -59.1058, 1.17629, 120.785
5665, 94.41666, 1.15187, 33.7949, 7.39216, -147.344, 7.09218, 32.5134, 0.0525164, 128.425, 1.21072, -59.1064, 1.17618, 120.784
5666, 94.42500, 1.15154, 33.7921, 7.38881, -147.344, 7.08913, 32.5135, 0.0524824, 128.423, 1.21058, -59.1071, 1.17607, 120.784
5666, 94.43333, 1.15121, 33.7894, 7.38546, -147.344, 7.08608, 32.5136, 0.0524484, 128.42, 1.21045, -59.1077, 1.17596, 120.783
5667, 94.44167, 1.15089, 33.7866, 7.38211, -147.345, 7.08304, 32.5137, 0.0524144, 128.417, 1.21031, -59.1083, 1.17584, 120.783
5667, 94.45000, 1.15056, 33.7838, 7.37876, -147.345, 7.08, 32.5138, 0.0523804, 128.415, 1.21017, -59.109, 1.17573, 120.783
5668, 94.45834, 1.15023, 33.781, 7.37541, -147.345, 7.07696, 32.514, 0.0523465, 128.412, 1.21003, -59.1096, 1.17562, 120.782
5668, 94.46667, 1.1499, 33.7782, 7.37207, -147.345, 7.07392, 32.5141, 0.0523127, 128.409, 1.2099, -59.1102, 1.17551, 120.782
5669, 94.47500, 1.14958, 33.7755, 7.36872, -147.345, 7.07088, 32.5142, 0.0522788, 128.407, 1.20976, -59.1109, 1.1754, 120.781
5669, 94.48333, 1.14925, 33.7727, 7.36538, -147.345, 7.06784, 32.5143, 0.052245, 128.404, 1.20962, -59.1115, 1.17529, 120.781
5670, 94.49167, 1.14893, 33.7699, 7.36204, -147.345, 7.0648, 32.5144, 0.0522112, 128.402, 1.20949, -59.1121, 1.17518, 120.78
5670, 94.50000, 1.1486, 33.7671, 7.3587, -147.345, 7.06177, 32.5146, 0.0521775, 128.399, 1.20935, -59.1127, 1.17507, 120.78
5670, 94.50833, 1.14828, 33.7644, 7.35537, -147.345, 7.05873, 32.5147, 0.0521438, 128.396, 1.20921, -59.1134, 1.17495, 120.779
5671, 94.51667, 1.14795, 33.7616, 7.35203, -147.345, 7.0557, 32.5148, 0.0521101, 128.394, 1.20907, -59.114, 1.17484, 120.779
5672, 94.52500, 1.14763, 33.7589, 7.34869, -147.346, 7.05267, 32.5149, 0.0520765, 128.391, 1.20894, -59.1146, 1.17473, 120.778
5672, 94.53333, 1.14731, 33.7561, 7.34536, -147.346, 7.04963, 32.5151, 0.0520429, 128.388, 1.2088, -59.1152, 1.17462, 120.778
5673, 94.54166, 1.14698, 33.7534, 7.34203, -147.346, 7.0466, 32.5152, 0.0520093, 128.386, 1.20867, -59.1158, 1.17451, 120.777
5673, 94.55000, 1.14666, 33.7506, 7.3387, -147.346, 7.04357, 32.5153, 0.0519758, 128.383, 1.20853, -59.1165, 1.1744, 120.777
5674, 94.55833, 1.14634, 33.7479, 7.33537, -147.346, 7.04055, 32.5154, 0.0519423, 128.38, 1.20839, -59.1171, 1.17429, 120.776
5674, 94.56667, 1.14602, 33.7451, 7.33204, -147.346, 7.03752, 32.5156, 0.0519088, 128.378, 1.20826, -59.1177, 1.17418, 120.776
5675, 94.57500, 1.1457, 33.7424, 7.32872, -147.346, 7.03449, 32.5157, 0.0518754, 128.375, 1.20812, -59.1183, 1.17407, 120.776
5675, 94.58334, 1.14538, 33.7397, 7.32539, -147.346, 7.03147, 32.5158, 0.051842, 128.373, 1.20798, -59.1189, 1.17396, 120.775
5676, 94.59167, 1.14506, 33.7369, 7.32207, -147.346, 7.02845, 32.516, 0.0518087, 128.37, 1.20785, -59.1196, 1.17385, 120.775
5676, 94.60000, 1.14474, 33.7342, 7.31875, -147.346, 7.02542, 32.5161, 0.0517753, 128.367, 1.20771, -59.1202, 1.17374, 120.774
5677, 94.60833, 1.14442, 33.7315, 7.31543, -147.346, 7.0224, 32.5162, 0.051742, 128.365, 1.20758, -59.1208, 1.17363, 120.774
5677, 94.61667, 1.1441, 33.7288, 7.31211, -147.347, 7.01938, 32.5164, 0.0517088, 128.362, 1.20744, -59.1214, 1.17352, 120.773
5678, 94.62500, 1.14378, 33.726, 7.30879, -147.347, 7.01636, 32.5165, 0.0516756, 128.36, 1.20731, -59.122, 1.17341, 120.773
5678, 94.63333, 1.14346, 33.7233, 7.30548, -147.347, 7.01335, 32.5166, 0.0516424, 128.357, 1.20717, -59.1226, 1.1733, 120.772
5678, 94.64167, 1.14314, 33.7206, 7.30217, -147.347, 7.01033, 32.5168, 0.0516092, 128.355, 1.20704, -59.1232, 1.17319, 120.772
5679, 94.65000, 1.14282, 33.7179, 7.29885, -147.347, 7.00731, 32.5169, 0.0515761, 128.352, 1.2069, -59.1238, 1.17308, 120.771
5680, 94.65833, 1.14251, 33.7152, 7.29554, -147.347, 7.0043, 32.5171, 0.051543, 128.349, 1.20677, -59.1245, 1.17297, 120.771
5680, 94.66666, 1.14219, 33.7125, 7.29223, -147.347, 7.00129, 32.5172, 0.05151, 128.347, 1.20663, -59.1251, 1.17286, 120.77
5681, 94.67500, 1.14187, 33.7098, 7.28892, -147.347, 6.99827, 32.5173, 0.0514769, 128.344, 1.2065, -59.1257, 1.17275, 120.77
5681, 94.68333, 1.14156, 33.7071, 7.28562, -147.347, 6.99526, 32.5175, 0.051444, 128.342, 1.20636, -59.1263, 1.17264, 120.77
5682, 94.69167, 1.14124, 33.7044, 7.28231, -147.347, 6.99225, 32.5176, 0.051411, 128.339, 1.20623, -59.1269, 1.17253, 120.769
5682, 94.70000, 1.14093, 33.7017, 7.27901, -147.347, 6.98924, 32.5178, 0.0513781, 128.337, 1.20609, -59.1275, 1.17242, 120.769
5683, 94.70834, 1.14061, 33.699, 7.27571, -147.347, 6.98624, 32.5179, 0.0513452, 128.334, 1.20596, -59.1281, 1.17231, 120.768
5683, 94.71667, 1.1403, 33.6963, 7.27241, -147.348, 6.98323, 32.518, 0.0513123, 128.331, 1.20582, -59.1287, 1.1722, 120.768
5684, 94.72500, 1.13998, 33.6937, 7.26911, -147.348, 6.98023, 32.5182, 0.0512795, 128.329, 1.20569, -59.1293, 1.17209, 120.767
5684, 94.73333, 1.13967, 33.691, 7.26581, -147.348, 6.97722, 32.5183, 0.0512467, 128.326, 1.20556, -59.1299, 1.17198, 120.767
5685, 94.74167, 1.13936, 33.6883, 7.26251, -147.348, 6.97422, 32.5185, 0.051214, 128.324, 1.20542, -59.1305, 1.17187, 120.766
5685, 94.75000, 1.13904, 33.6856, 7.25922, -147.348, 6.97122, 32.5186, 0.0511813, 128.321, 1.20529, -59.1311, 1.17176, 120.766
5686, 94.75833, 1.13873, 33.683, 7.25592, -147.348, 6.96821, 32.5188, 0.0511486, 128.319, 1.20515, -59.1317, 1.17166, 120.765
5686, 94.76667, 1.13842, 33.6803, 7.25263, -147.348, 6.96521, 32.5189, 0.0511159, 128.316, 1.20502, -59.1323, 1.17155, 120.765
5686, 94.77500, 1.13811, 33.6776, 7.24934, -147.348, 6.96222, 32.5191, 0.0510833, 128.314, 1.20489, -59.1329, 1.17144, 120.765
5687, 94.78333, 1.1378, 33.675, 7.24605, -147.348, 6.95922, 32.5192, 0.0510507, 128.311, 1.20475, -59.1335, 1.17133, 120.764
5688, 94.79166, 1.13749, 33.6723, 7.24276, -147.348, 6.95622, 32.5194, 0.0510182, 128.309, 1.20462, -59.1341, 1.17122, 120.764
5688, 94.80000, 1.13717, 33.6696, 7.23948, -147.348, 6.95323, 32.5195, 0.0509857, 128.306, 1.20449, -59.1347, 1.17111, 120.763
5689, 94.80833, 1.13686, 33.667, 7.23619, -147.348, 6.95023, 32.5197, 0.0509532, 128.304, 1.20435, -59.1353, 1.171, 120.763
5689, 94.81667, 1.13656, 33.6643, 7.23291, -147.348, 6.94724, 32.5198, 0.0509207, 128.301, 1.20422, -59.1359, 1.1709, 120.762
5690, 94.82500, 1.13625, 33.6617, 7.22963, -147.348, 6.94425, 32.52, 0.0508883, 128.299, 1.20409, -59.1365, 1.17079, 120.762
5690, 94.83334, 1.13594, 33.6591, 7.22634, -147.348, 6.94126, 32.5201, 0.0508559, 128.296, 1.20395, -59.1371, 1.17068, 120.761
5691, 94.84167, 1.13563, 33.6564, 7.22306, -147.348, 6.93827, 32.5203, 0.0508236, 128.294, 1.20382, -59.1377, 1.17057, 120.761
5691, 94.85000, 1.13532, 33.6538, 7.21979, -147.349, 6.93528, 32.5204, 0.0507912, 128.291, 1.20369, -59.1383, 1.17046, 120.76
5691, 94.85833, 1.13501, 33.6511, 7.21651, -147.349, 6.93229, 32.5206, 0.0507589, 128.289, 1.20355, -59.1389, 1.17035, 120.76
5692, 94.86667, 1.13471, 33.6485, 7.21324, -147.349, 6.9293, 32.5207, 0.0507267, 128.286, 1.20342, -59.1395, 1.17025, 120.76
5693, 94.87500, 1.1344, 33.6459, 7.20996, -147.349, 6.92632, 32.5209, 0.0506945, 128.284, 1.20329, -59.1401, 1.17014, 120.759
5693, 94.88333, 1.13409, 33.6433, 7.20669, -147.349, 6.92333, 32.521, 0.0506623, 128.281, 1.20316, -59.1407, 1.17003, 120.759
5694, 94.89167, 1.13379, 33.6406, 7.20342, -147.349, 6.92035, 32.5212, 0.0506301, 128.279, 1.20303, -59.1413, 1.16992, 120.758
5694, 94.90000, 1.13348, 33.638, 7.20015, -147.349, 6.91737, 32.5214, 0.050598, 128.276, 1.20289, -59.1419, 1.16982, 120.758
5694, 94.90833, 1.13317, 33.6354, 7.19688, -147.349, 6.91439, 32.5215, 0.0505659, 128.274, 1.20276, -59.1425, 1.16971, 120.757
5695, 94.91666, 1.13287, 33.6328, 7.19361, -147.349, 6.91141, 32.5217, 0.0505338, 128.271, 1.20263, -59.143, 1.1696, 120.757
5696, 94.92500, 1.13256, 33.6302, 7.19035, -147.349, 6.90843, 32.5218, 0.0505018, 128.269, 1.2025, -59.1436, 1.16949, 120.756
5696, 94.93333, 1.13226, 33.6276, 7.18709, -147.349, 6.90545, 32.522, 0.0504698, 128.266, 1.20237, -59.1442, 1.16939, 120.756
5697, 94.94167, 1.13196, 33.625, 7.18382, -147.349, 6.90247, 32.5222, 0.0504378, 128.264, 1.20223, -59.1448, 1.16928, 120.756
5697, 94.95000, 1.13165, 33.6224, 7.18056, -147.349, 6.8995, 32.5223, 0.0504059, 128.261, 1.2021, -59.1454, 1.16917, 120.755
5698, 94.95834, 1.13135, 33.6198, 7.1773, -147.349, 6.89652, 32.5225, 0.050374, 128.259, 1.20197, -59.146, 1.16906, 120.755
5698, 94.96667, 1.13105, 33.6172, 7.17405, -147.349, 6.89355, 32.5227, 0.0503421, 128.257, 1.20184, -59.1466, 1.16896, 120.754
5699, 94.97500, 1.13074, 33.6146, 7.17079, -147.349, 6.89057, 32.5228, 0.0503103, 128.254, 1.20171, -59.1471, 1.16885, 120.754
5699, 94.98333, 1.13044, 33.612, 7.16753, -147.349, 6.8876, 32.523, 0.0502785, 128.252, 1.20158, -59.1477, 1.16874, 120.753
5699, 94.99167, 1.13014, 33.6094, 7.16428, -147.349, 6.88463, 32.5232, 0.0502467, 128.249, 1.20145, -59.1483, 1.16864, 120.753
5700, 95.00000, 1.12984, 33.6068, 7.16103, -147.349, 6.88166, 32.5233, 0.0502149, 128.247, 1.20131, -59.1489, 1.16853, 120.752
5701, 95.00833, 1.12954, 33.6042, 7.15778, -147.349, 6.8787, 32.5235, 0.0501832, 128.244, 1.20118, -59.1495, 1.16842, 120.752
5701, 95.01667, 1.12924, 33.6016, 7.15453, -147.349, 6.87573, 32.5237, 0.0501515, 128.242, 1.20105, -59.1501, 1.16831, 120.752
5702, 95.02500, 1.12894, 33.5991, 7.15128, -147.349, 6.87276, 32.5238, 0.0501199, 128.24, 1.20092, -59.1506, 1.16821, 120.751
5702, 95.03333, 1.12864, 33.5965, 7.14803, -147.349, 6.8698, 32.524, 0.0500883, 128.237, 1.20079, -59.1512, 1.1681, 120.751
5703, 95.04166, 1.12834, 33.5939, 7.14479, -147.35, 6.86683, 32.5242, 0.0500567, 128.235, 1.20066, -59.1518, 1.16799, 120.75
5703, 95.05000, 1.12804, 33.5914, 7.14154, -147.35, 6.86387, 32.5243, 0.0500251, 128.232, 1.20053, -59.1524, 1.16789, 120.75
5704, 95.05833, 1.12774, 33.5888, 7.1383, -147.35, 6.86091, 32.5245, 0.0499936, 128.23, 1.2004, -59.153, 1.16778, 120.749
5704, 95.06667, 1.12744, 33.5862, 7.13506, -147.35, 6.85795, 32.5247, 0.0499621, 128.227, 1.20027, -59.1535, 1.16768, 120.749
5705, 95.07500, 1.12714, 33.5837, 7.13182, -147.35, 6.85499, 32.5249, 0.0499307, 128.225, 1.20014, -59.1541, 1.16757, 120.748
5705, 95.08334, 1.12685, 33.5811, 7.12858, -147.35, 6.85203, 32.525, 0.0498992, 128.223, 1.20001, -59.1547, 1.16746, 120.748
5706, 95.09167, 1.12655, 33.5786, 7.12534, -147.35, 6.84907, 32.5252, 0.0498678, 128.22, 1.19988, -59.1553, 1.16736, 120.748
5706, 95.10000, 1.12625, 33.576, 7.12211, -147.35, 6.84612, 32.5254, 0.0498365, 128.218, 1.19975, -59.1558, 1.16725, 120.747
5707, 95.10833, 1.12596, 33.5735, 7.11887, -147.35, 6.84316, 32.5256, 0.0498051, 128.215, 1.19962, -59.1564, 1.16715, 120.747
5707, 95.11667, 1.12566, 33.5709, 7.11564, -147.35, 6.84021, 32.5257, 0.0497738, 128.213, 1.19949, -59.157, 1.16704, 120.746
5707, 95.12500, 1.12537, 33.5684, 7.11241, -147.35, 6.83726, 32.5259, 0.0497426, 128.211, 1.19936, -59.1575, 1.16693, 120.746
5708, 95.13333, 1.12507, 33.5658, 7.10918, -147.35, 6.8343, 32.5261, 0.0497113, 128.208, 1.19923, -59.1581, 1.16683, 120.745
5709, 95.14167, 1.12477, 33.5633, 7.10595, -147.35, 6.83135, 32.5263, 0.0496801, 128.206, 1.1991, -59.1587, 1.16672, 120.745
5709, 95.15000, 1.12448, 33.5608, 7.10272, -147.35, 6.8284, 32.5265, 0.0496489, 128.204, 1.19897, -59.1593, 1.16662, 120.745
5710, 95.15833, 1.12419, 33.5583, 7.09949, -147.35, 6.82545, 32.5266, 0.0496178, 128.201, 1.19884, -59.1598, 1.16651, 120.744
5710, 95.16666, 1.12389, 33.5557, 7.09627, -147.35, 6.82251, 32.5268, 0.0495867, 128.199, 1.19871, -59.1604, 1.16641, 120.744
5711, 95.17500, 1.1236, 33.5532, 7.09305, -147.35, 6.81956, 32.527, 0.0495556, 128.197, 1.19858, -59.161, 1.1663, 120.743
5711, 95.18333, 1.12331, 33.5507, 7.08982, -147.35, 6.81661, 32.5272, 0.0495245, 128.194, 1.19846, -59.1615, 1.16619, 120.743
5712, 95.19167, 1.12301, 33.5482, 7.0866, -147.35, 6.81367, 32.5274, 0.0494935, 128.192, 1.19833, -59.1621, 1.16609, 120.742
5712, 95.20000, 1.12272, 33.5456, 7.08338, -147.35, 6.81073, 32.5276, 0.0494625, 128.189, 1.1982, -59.1627, 1.16598, 120.742
5713, 95.20834, 1.12243, 33.5431, 7.08017, -147.35, 6.80778, 32.5277, 0.0494315, 128.187, 1.19807, -59.1632, 1.16588, 120.741
5713, 95.21667, 1.12214, 33.5406, 7.07695, -147.35, 6.80484, 32.5279, 0.0494006, 128.185, 1.19794, -59.1638, 1.16577, 120.741
5714, 95.22500, 1.12185, 33.5381, 7.07373, -147.35, 6.8019, 32.5281, 0.0493697, 128.182, 1.19781, -59.1644, 1.16567, 120.741
5714, 95.23333, 1.12155, 33.5356, 7.07052, -147.35, 6.79896, 32.5283, 0.0493388, 128.18, 1.19768, -59.1649, 1.16556, 120.74
5715, 95.24167, 1.12126, 33.5331, 7.06731, -147.35, 6.79602, 32.5285, 0.049308, 128.178, 1.19756, -59.1655, 1.16546, 120.74
5715, 95.25000, 1.12097, 33.5306, 7.0641, -147.35, 6.79309, 32.5287, 0.0492772, 128.175, 1.19743, -59.166, 1.16535, 120.739
5715, 95.25833, 1.12068, 33.5281, 7.06089, -147.35, 6.79015, 32.5289, 0.0492464, 128.173, 1.1973, -59.1666, 1.16525, 120.739
5716, 95.26667, 1.12039, 33.5256, 7.05768, -147.35, 6.78722, 32.5291, 0.0492156, 128.171, 1.19717, -59.1672, 1.16514, 120.738
5717, 95.27500, 1.12011, 33.5231, 7.05447, -147.35, 6.78428, 32.5292, 0.0491849, 128.168, 1.19704, -59.1677, 1.16504, 120.738
5717, 95.28333, 1.11982, 33.5206, 7.05126, -147.35, 6.78135, 32.5294, 0.0491542, 128.166, 1.19692, -59.1683, 1.16494, 120.738
5718, 95.29166, 1.11953, 33.5182, 7.04806, -147.35, 6.77842, 32.5296, 0.0491236, 128.164, 1.19679, -59.1688, 1.16483, 120.737
5718, 95.30000, 1.11924, 33.5157, 7.04486, -147.35, 6.77549, 32.5298, 0.0490929, 128.161, 1.19666, -59.1694, 1.16473, 120.737
5719, 95.30833, 1.11895, 33.5132, 7.04166, -147.35, 6.77256, 32.53, 0.0490623, 128.159, 1.19653, -59.17, 1.16462, 120.736
5719, 95.31667, 1.11867, 33.5107, 7.03846, -147.35, 6.76963, 32.5302, 0.0490318, 128.157, 1.1964, -59.1705, 1.16452, 120.736
5720, 95.32500, 1.11838, 33.5083, 7.03526, -147.35, 6.7667, 32.5304, 0.0490012, 128.155, 1.19628, -59.1711, 1.16441, 120.735
5720, 95.33334, 1.11809, 33.5058, 7.03206, -147.35, 6.76377, 32.5306, 0.0489707, 128.152, 1.19615, -59.1716, 1.16431, 120.735
5721, 95.34167, 1.11781, 33.5033, 7.02886, -147.35, 6.76085, 32.5308, 0.0489402, 128.15, 1.19602, -59.1722, 1.16421, 120.735
5721, 95.35000, 1.11752, 33.5009, 7.02567, -147.35, 6.75792, 32.531, 0.0489098, 128.148, 1.1959, -59.1727, 1.1641, 120.734
5722, 95.35833, 1.11723, 33.4984, 7.02247, -147.35, 6.755, 32.5312, 0.0488794, 128.145, 1.19577, -59.1733, 1.164, 120.734
5722, 95.36667, 1.11695, 33.4959, 7.01928, -147.35, 6.75208, 32.5314, 0.048849, 128.143, 1.19564, -59.1738, 1.16389, 120.733
5723, 95.37500, 1.11666, 33.4935, 7.01609, -147.35, 6.74915, 32.5316, 0.0488186, 128.141, 1.19551, -59.1744, 1.16379, 120.733
5723, 95.38333, 1.11638, 33.491, 7.0129, -147.35, 6.74623, 32.5318, 0.0487883, 128.139, 1.19539, -59.1749, 1.16369, 120.732
5723, 95.39167, 1.1161, 33.4886, 7.00971, -147.35, 6.74331, 32.532, 0.048758, 128.136, 1.19526, -59.1755, 1.16358, 120.732
5724, 95.40000, 1.11581, 33.4861, 7.00653, -147.35, 6.7404, 32.5322, 0.0487277, 128.134, 1.19513, -59.176, 1.16348, 120.732
5725, 95.40833, 1.11553, 33.4837, 7.00334, -147.35, 6.73748, 32.5324, 0.0486975, 128.132, 1.19501, -59.1766, 1.16337, 120.731
5725, 95.41666, 1.11524, 33.4812, 7.00016, -147.35, 6.73456, 32.5326, 0.0486673, 128.13, 1.19488, -59.1771, 1.16327, 120.731
5726, 95.42500, 1.11496, 33.4788, 6.99697, -147.35, 6.73165, 32.5328, 0.0486371, 128.127, 1.19476, -59.1777, 1.16317, 120.73
5726, 95.43333, 1.11468, 33.4764, 6.99379, -147.35, 6.72873, 32.533, 0.0486069, 128.125, 1.19463, -59.1782, 1.16306, 120.73
5727, 95.44167, 1.1144, 33.4739, 6.99061, -147.35, 6.72582, 32.5332, 0.0485768, 128.123, 1.1945, -59.1788, 1.16296, 120.73
5727, 95.45000, 1.11412, 33.4715, 6.98743, -147.35, 6.72291, 32.5334, 0.0485467, 128.121, 1.19438, -59.1793, 1.16286, 120.729
5728, 95.45834, 1.11383, 33.4691, 6.98425, -147.35, 6.72, 32.5336, 0.0485166, 128.118, 1.19425, -59.1799, 1.16275, 120.729
5728, 95.46667, 1.11355, 33.4666, 6.98108, -147.35, 6.71709, 32.5338, 0.0484866, 128.116, 1.19413, -59.1804, 1.16265, 120.728
5729, 95.47500, 1.11327, 33.4642, 6.9779, -147.35, 6.71418, 32.5341, 0.0484566, 128.114, 1.194, -59.181, 1.16255, 120.728
5729, 95.48333, 1.11299, 33.4618, 6.97473, -147.35, 6.71127, 32.5343, 0.0484266, 128.112, 1.19387, -59.1815, 1.16245, 120.727
5730, 95.49167, 1.11271, 33.4594, 6.97156, -147.35, 6.70836, 32.5345, 0.0483967, 128.109, 1.19375, -59.1821, 1.16234, 120.727
5730, 95.50000, 1.11243, 33.457, 6.96839, -147.35, 6.70546, 32.5347, 0.0483668, 128.107, 1.19362, -59.1826, 1.16224, 120.727
5731, 95.50833, 1.11215, 33.4546, 6.96522, -147.35, 6.70255, 32.5349, 0.0483369, 128.105, 1.1935, -59.1831, 1.16214, 120.726
5731, 95.51667, 1.11188, 33.4521, 6.96205, -147.35, 6.69965, 32.5351, 0.048307, 128.103, 1.19337, -59.1837, 1.16203, 120.726
5731, 95.52500, 1.1116, 33.4497, 6.95888, -147.35, 6.69675, 32.5353, 0.0482772, 128.1, 1.19325, -59.1842, 1.16193, 120.725
5732, 95.53333, 1.11132, 33.4473, 6.95571, -147.35, 6.69384, 32.5355, 0.0482474, 128.098, 1.19312, -59.1848, 1.16183, 120.725
5733, 95.54166, 1.11104, 33.4449, 6.95255, -147.349, 6.69094, 32.5357, 0.0482176, 128.096, 1.193, -59.1853, 1.16173, 120.724
5733, 95.55000, 1.11076, 33.4425, 6.94939, -147.349, 6.68804, 32.536, 0.0481879, 128.094, 1.19287, -59.1858, 1.16162, 120.724
5734, 95.55833, 1.11049, 33.4401, 6.94622, -147.349, 6.68514, 32.5362, 0.0481581, 128.092, 1.19275, -59.1864, 1.16152, 120.724
5734, 95.56667, 1.11021, 33.4377, 6.94306, -147.349, 6.68225, 32.5364, 0.0481284, 128.089, 1.19262, -59.1869, 1.16142, 120.723
5735, 95.57500, 1.10993, 33.4354, 6.9399, -147.349, 6.67935, 32.5366, 0.0480988, 128.087, 1.1925, -59.1875, 1.16132, 120.723
5735, 95.58334, 1.10966, 33.433, 6.93675, -147.349, 6.67645, 32.5368, 0.0480692, 128.085, 1.19237, -59.188, 1.16121, 120.722
5736, 95.59167, 1.10938, 33.4306, 6.93359, -147.349, 6.67356, 32.537, 0.0480396, 128.083, 1.19225, -59.1885, 1.16111, 120.722
5736, 95.60000, 1.1091, 33.4282, 6.93043, -147.349, 6.67067, 32.5373, 0.04801, 128.081, 1.19212, -59.1891, 1.16101, 120.722
5737, 95.60833, 1.10883, 33.4258, 6.92728, -147.349, 6.66777, 32.5375, 0.0479804, 128.078, 1.192, -59.1896, 1.16091, 120.721
5737, 95.61667, 1.10855, 33.4234, 6.92413, -147.349, 6.66488, 32.5377, 0.0479509, 128.076, 1.19187, -59.1901, 1.16081, 120.721
5738, 95.62500, 1.10828, 33.4211, 6.92098, -147.349, 6.66199, 32.5379, 0.0479214, 128.074, 1.19175, -59.1907, 1.1607, 120.72
5738, 95.63333, 1.10801, 33.4187, 6.91783, -147.349, 6.6591, 32.5382, 0.047892, 128.072, 1.19163, -59.1912, 1.1606, 120.72
5739, 95.64167, 1.10773, 33.4163, 6.91468, -147.349, 6.65621, 32.5384, 0.0478625, 128.07, 1.1915, -59.1917, 1.1605, 120.72
5739, 95.65000, 1.10746, 33.414, 6.91153, -147.349, 6.65333, 32.5386, 0.0478331, 128.068, 1.19138, -59.1923, 1.1604, 120.719
5739, 95.65833, 1.10719, 33.4116, 6.90838, -147.349, 6.65044, 32.5388, 0.0478038, 128.065, 1.19125, -59.1928, 1.1603, 120.719
5740, 95.66666, 1.10691, 33.4092, 6.90524, -147.349, 6.64755, 32.539, 0.0477744, 128.063, 1.19113, -59.1933, 1.1602, 120.718
5741, 95.67500, 1.10664, 33.4069, 6.90209, -147.349, 6.64467, 32.5393, 0.0477451, 128.061, 1.19101, -59.1938, 1.16009, 120.718
5741, 95.68333, 1.10637, 33.4045, 6.89895, -147.349, 6.64179, 32.5395, 0.0477158, 128.059, 1.19088, -59.1944, 1.15999, 120.717
5742, 95.69167, 1.1061, 33.4022, 6.89581, -147.349, 6.6389, 32.5397, 0.0476866, 128.057, 1.19076, -59.1949, 1.15989, 120.717
5742, 95.70000, 1.10583, 33.3998, 6.89267, -147.349, 6.63602, 32.54, 0.0476573, 128.055, 1.19064, -59.1954, 1.15979, 120.717
5743, 95.70834, 1.10555, 33.3975, 6.88953, -147.349, 6.63314, 32.5402, 0.0476281, 128.053, 1.19051, -59.196, 1.15969, 120.716
5743, 95.71667, 1.10528, 33.3951, 6.8864, -147.349, 6.63026, 32.5404, 0.0475989, 128.05, 1.19039, -59.1965, 1.15959, 120.716
5744, 95.72500, 1.10501, 33.3928, 6.88326, -147.349, 6.62738, 32.5406, 0.0475698, 128.048, 1.19027, -59.197, 1.15949, 120.715
5744, 95.73333, 1.10474, 33.3905, 6.88012, -147.348, 6.62451, 32.5409, 0.0475407, 128.046, 1.19014, -59.1975, 1.15939, 120.715
5745, 95.74167, 1.10447, 33.3881, 6.87699, -147.348, 6.62163, 32.5411, 0.0475116, 128.044, 1.19002, -59.1981, 1.15929, 120.715
5745, 95.75000, 1.1042, 33.3858, 6.87386, -147.348, 6.61875, 32.5413, 0.0474825, 128.042, 1.1899, -59.1986, 1.15918, 120.714
5746, 95.75833, 1.10393, 33.3835, 6.87073, -147.348, 6.61588, 32.5416, 0.0474535, 128.04, 1.18978, -59.1991, 1.15908, 120.714
5746, 95.76667, 1.10367, 33.3811, 6.8676, -147.348, 6.61301, 32.5418, 0.0474245, 128.038, 1.18965, -59.1996, 1.15898, 120.713
5747, 95.77500, 1.1034, 33.3788, 6.86447, -147.348, 6.61013, 32.542, 0.0473955, 128.036, 1.18953, -59.2001, 1.15888, 120.713
5747, 95.78333, 1.10313, 33.3765, 6.86134, -147.348, 6.60726, 32.5423, 0.0473665, 128.033, 1.18941, -59.2007, 1.15878, 120.713
5747, 95.79166, 1.10286, 33.3742, 6.85822, -147.348, 6.60439, 32.5425, 0.0473376, 128.031, 1.18928, -59.2012, 1.15868, 120.712
5748, 95.80000, 1.10259, 33.3718, 6.85509, -147.348, 6.60152, 32.5427, 0.0473087, 128.029, 1.18916, -59.2017, 1.15858, 120.712
5749, 95.80833, 1.10233, 33.3695, 6.85197, -147.348, 6.59865, 32.543, 0.0472798, 128.027, 1.18904, -59.2022, 1.15848, 120.711
5749, 95.81667, 1.10206, 33.3672, 6.84885, -147.348, 6.59579, 32.5432, 0.047251, 128.025, 1.18892, -59.2027, 1.15838, 120.711
5750, 95.82500, 1.10179, 33.3649, 6.84573, -147.348, 6.59292, 32.5435, 0.0472222, 128.023, 1.1888, -59.2033, 1.15828, 120.711
5750, 95.83334, 1.10153, 33.3626, 6.84261, -147.348, 6.59005, 32.5437, 0.0471934, 128.021, 1.18867, -59.2038, 1.15818, 120.71
5751, 95.84167, 1.10126, 33.3603, 6.83949, -147.348, 6.58719, 32.5439, 0.0471646, 128.019, 1.18855, -59.2043, 1.15808, 120.71
5751, 95.85000, 1.101, 33.358, 6.83637, -147.348, 6.58433, 32.5442, 0.0471359, 128.017, 1.18843, -59.2048, 1.15798, 120.709
5752, 95.85833, 1.10073, 33.3557, 6.83326, -147.348, 6.58146, 32.5444, 0.0471072, 128.015, 1.18831, -59.2053, 1.15788, 120.709
5752, 95.86667, 1.10047, 33.3534, 6.83014, -147.347, 6.5786, 32.5447, 0.0470785, 128.013, 1.18819, -59.2058, 1.15778, 120.708
5753, 95.87500, 1.1002, 33.3511, 6.82703, -147.347, 6.57574, 32.5449, 0.0470499, 128.01, 1.18806, -59.2064, 1.15768, 120.708
5753, 95.88333, 1.09994, 33.3488, 6.82392, -147.347, 6.57288, 32.5451, 0.0470212, 128.008, 1.18794, -59.2069, 1.15758, 120.708
5754, 95.89167, 1.09967, 33.3465, 6.82081, -147.347, 6.57002, 32.5454, 0.0469926, 128.006, 1.18782, -59.2074, 1.15748, 120.707
5754, 95.90000, 1.09941, 33.3442, 6.8177, -147.347, 6.56717, 32.5456, 0.0469641, 128.004, 1.1877, -59.2079, 1.15738, 120.707
5755, 95.90833, 1.09915, 33.342, 6.81459, -147.347, 6.56431, 32.5459, 0.0469355, 128.002, 1.18758, -59.2084, 1.15728, 120.706
5755, 95.91666, 1.09888, 33.3397, 6.81148, -147.347, 6.56145, 32.5461, 0.046907, 128, 1.18746, -59.2089, 1.15718, 120.706
5755, 95.92500, 1.09862, 33.3374, 6.80838, -147.347, 6.5586, 32.5464, 0.0468785, 127.998, 1.18734, -59.2094, 1.15708, 120.706
5756, 95.93333, 1.09836, 33.3351, 6.80527, -147.347, 6.55575, 32.5466, 0.0468501, 127.996, 1.18722, -59.2099, 1.15698, 120.705
5757, 95.94167, 1.0981, 33.3329, 6.80217, -147.347, 6.55289, 32.5469, 0.0468216, 127.994, 1.18709, -59.2105, 1.15688, 120.705
5757, 95.95000, 1.09783, 33.3306, 6.79907, -147.347, 6.55004, 32.5471, 0.0467932, 127.992, 1.18697, -59.211, 1.15678, 120.704
5758, 95.95834, 1.09757, 33.3283, 6.79597, -147.347, 6.54719, 32.5474, 0.0467648, 127.99, 1.18685, -59.2115, 1.15668, 120.704
5758, 95.96667, 1.09731, 33.3261, 6.79287, -147.347, 6.54434, 32.5476, 0.0467365, 127.988, 1.18673, -59.212, 1.15658, 120.704
5759, 95.97500, 1.09705, 33.3238, 6.78977, -147.346, 6.54149, 32.5479, 0.0467081, 127.986, 1.18661, -59.2125, 1.15648, 120.703
5759, 95.98333, 1.09679, 33.3215, 6.78667, -147.346, 6.53864, 32.5481, 0.0466798, 127.984, 1.18649, -59.213, 1.15638, 120.703
5760, 95.99167, 1.09653, 33.3193, 6.78358, -147.346, 6.5358, 32.5484, 0.0466516, 127.982, 1.18637, -59.2135, 1.15628, 120.702
5760, 96.00000, 1.09627, 33.317, 6.78048, -147.346, 6.53295, 32.5486, 0.0466233, 127.98, 1.18625, -59.214, 1.15619, 120.702
5761, 96.00833, 1.09601, 33.3148, 6.77739, -147.346, 6.53011, 32.5489, 0.0465951, 127.978, 1.18613, -59.2145, 1.15609, 120.702
5761, 96.01667, 1.09575, 33.3125, 6.7743, -147.346, 6.52726, 32.5491, 0.0465669, 127.976, 1.18601, -59.215, 1.15599, 120.701
5762, 96.02500, 1.09549, 33.3103, 6.77121, -147.346, 6.52442, 32.5494, 0.0465387, 127.974, 1.18589, -59.2155, 1.15589, 120.701
5762, 96.03333, 1.09524, 33.308, 6.76812, -147.346, 6.52158, 32.5497, 0.0465106, 127.972, 1.18577, -59.216, 1.15579, 120.701
5763, 96.04166, 1.09498, 33.3058, 6.76503, -147.346, 6.51874, 32.5499, 0.0464825, 127.97, 1.18565, -59.2165, 1.15569, 120.7
5763, 96.05000, 1.09472, 33.3036, 6.76194, -147.346, 6.5159, 32.5502, 0.0464544, 127.968, 1.18553, -59.217, 1.15559, 120.7
5763, 96.05833, 1.09446, 33.3013, 6.75886, -147.346, 6.51306, 32.5504, 0.0464263, 127.966, 1.18541, -59.2175, 1.15549, 120.699
5764, 96.06667, 1.09421, 33.2991, 6.75577, -147.345, 6.51022, 32.5507, 0.0463983, 127.964, 1.18529, -59.218, 1.1554, 120.699
5765, 96.07500, 1.09395, 33.2969, 6.75269, -147.345, 6.50738, 32.5509, 0.0463703, 127.962, 1.18517, -59.2185, 1.1553, 120.699
5765, 96.08334, 1.09369, 33.2946, 6.74961, -147.345, 6.50455, 32.5512, 0.0463423, 127.96, 1.18505, -59.219, 1.1552, 120.698
5766, 96.09167, 1.09344, 33.2924, 6.74653, -147.345, 6.50171, 32.5515, 0.0463144, 127.958, 1.18493, -59.2195, 1.1551, 120.698
5766, 96.10000, 1.09318, 33.2902, 6.74345, -147.345, 6.49888, 32.5517, 0.0462864, 127.956, 1.18481, -59.22, 1.155, 120.697
5767, 96.10833, 1.09292, 33.288, 6.74037, -147.345, 6.49605, 32.552, 0.0462585, 127.954, 1.18469, -59.2205, 1.1549, 120.697
5767, 96.11667, 1.09267, 33.2857, 6.73729, -147.345, 6.49321, 32.5523, 0.0462307, 127.952, 1.18457, -59.221, 1.15481, 120.697
5768, 96.12500, 1.09241, 33.2835, 6.73422, -147.345, 6.49038, 32.5525, 0.0462028, 127.95, 1.18446, -59.2215, 1.15471, 120.696
5768, 96.13333, 1.09216, 33.2813, 6.73114, -147.345, 6.48755, 32.5528, 0.046175, 127.948, 1.18434, -59.222, 1.15461, 120.696
5769, 96.14167, 1.0919, 33.2791, 6.72807, -147.345, 6.48472, 32.5531, 0.0461472, 127.946, 1.18422, -59.2225, 1.15451, 120.695
5769, 96.15000, 1.09165, 33.2769, 6.725, -147.344, 6.48189, 32.5533, 0.0461194, 127.944, 1.1841, -59.223, 1.15441, 120.695
5770, 96.15833, 1.0914, 33.2747, 6.72193, -147.344, 6.47907, 32.5536, 0.0460917, 127.942, 1.18398, -59.2235, 1.15432, 120.695
5770, 96.16666, 1.09114, 33.2725, 6.71886, -147.344, 6.47624, 32.5539, 0.0460639, 127.94, 1.18386, -59.224, 1.15422, 120.694
5771, 96.17500, 1.09089, 33.2703, 6.71579, -147.344, 6.47342, 32.5541, 0.0460362, 127.938, 1.18374, -59.2245, 1.15412, 120.694
5771, 96.18333, 1.09064, 33.2681, 6.71272, -147.344, 6.47059, 32.5544, 0.0460086, 127.936, 1.18362, -59.225, 1.15402, 120.693
5772, 96.19167, 1.09038, 33.2659, 6.70965, -147.344, 6.46777, 32.5547, 0.0459809, 127.934, 1.18351, -59.2255, 1.15392, 120.693
5772, 96.20000, 1.09013, 33.2637, 6.70659, -147.344, 6.46495, 32.5549, 0.0459533, 127.933, 1.18339, -59.226, 1.15383, 120.693
5773, 96.20834, 1.08988, 33.2615, 6.70353, -147.344, 6.46212, 32.5552, 0.0459257, 127.931, 1.18327, -59.2264, 1.15373, 120.692
5773, 96.21667, 1.08963, 33.2593, 6.70046, -147.344, 6.4593, 32.5555, 0.0458982, 127.929, 1.18315, -59.2269, 1.15363, 120.692
5774, 96.22500, 1.08938, 33.2571, 6.6974, -147.343, 6.45648, 32.5558, 0.0458706, 127.927, 1.18303, -59.2274, 1.15353, 120.691
5774, 96.23333, 1.08913, 33.255, 6.69434, -147.343, 6.45367, 32.556, 0.0458431, 127.925, 1.18291, -59.2279, 1.15344, 120.691
5775, 96.24167, 1.08888, 33.2528, 6.69128, -147.343, 6.45085, 32.5563, 0.0458156, 127.923, 1.1828, -59.2284, 1.15334, 120.691
5775, 96.25000, 1.08863, 33.2506, 6.68822, -147.343, 6.44803, 32.5566, 0.0457882, 127.921, 1.18268, -59.2289, 1.15324, 120.69
5776, 96.25833, 1.08838, 33.2484, 6.68517, -147.343, 6.44522, 32.5569, 0.0457607, 127.919, 1.18256, -59.2294, 1.15315, 120.69
5776, 96.26667, 1.08813, 33.2463, 6.68211, -147.343, 6.4424, 32.5571, 0.0457333, 127.917, 1.18244, -59.2299, 1.15305, 120.69
5777, 96.27500, 1.08788, 33.2441, 6.67906, -147.343, 6.43959, 32.5574, 0.0457059, 127.915, 1.18233, -59.2303, 1.15295, 120.689
5777, 96.28333, 1.08763, 33.2419, 6.67601, -147.343, 6.43677, 32.5577, 0.0456786, 127.913, 1.18221, -59.2308, 1.15285, 120.689
5778, 96.29166, 1.08738, 33.2398, 6.67295, -147.342, 6.43396, 32.558, 0.0456512, 127.911, 1.18209, -59.2313, 1.15276, 120.688
5778, 96.30000, 1.08713, 33.2376, 6.6699, -147.342, 6.43115, 32.5582, 0.0456239, 127.91, 1.18197, -59.2318, 1.15266, 120.688
5779, 96.30833, 1.08688, 33.2354, 6.66686, -147.342, 6.42834, 32.5585, 0.0455966, 127.908, 1.18186, -59.2323, 1.15256, 120.688
5779, 96.31667, 1.08663, 33.2333, 6.66381, -147.342, 6.42553, 32.5588, 0.0455694, 127.906, 1.18174, -59.2328, 1.15247, 120.687
5780, 96.32500, 1.08639, 33.2311, 6.66076, -147.342, 6.42272, 32.5591, 0.0455421, 127.904, 1.18162, -59.2332, 1.15237, 120.687
5780, 96.33334, 1.08614, 33.229, 6.65771, -147.342, 6.41992, 32.5594, 0.0455149, 127.902, 1.1815, -59.2337, 1.15227, 120.686
5781, 96.34167, 1.08589, 33.2268, 6.65467, -147.342, 6.41711, 32.5597, 0.0454878, 127.9, 1.18139, -59.2342, 1.15218, 120.686
5781, 96.35000, 1.08564, 33.2247, 6.65163, -147.342, 6.4143, 32.5599, 0.0454606, 127.898, 1.18127, -59.2347, 1.15208, 120.686
5782, 96.35833, 1.0854, 33.2225, 6.64858, -147.341, 6.4115, 32.5602, 0.0454335, 127.896, 1.18115, -59.2352, 1.15198, 120.685
5782, 96.36667, 1.08515, 33.2204, 6.64554, -147.341, 6.4087, 32.5605, 0.0454063, 127.895, 1.18104, -59.2356, 1.15189, 120.685
5783, 96.37500, 1.08491, 33.2183, 6.6425, -147.341, 6.40589, 32.5608, 0.0453793, 127.893, 1.18092, -59.2361, 1.15179, 120.685
5783, 96.38333, 1.08466, 33.2161, 6.63947, -147.341, 6.40309, 32.5611, 0.0453522, 127.891, 1.1808, -59.2366, 1.1517, 120.684
5784, 96.39167, 1.08442, 33.214, 6.63643, -147.341, 6.40029, 32.5614, 0.0453252, 127.889, 1.18069, -59.2371, 1.1516, 120.684
5784, 96.40000, 1.08417, 33.2119, 6.63339, -147.341, 6.39749, 32.5617, 0.0452982, 127.887, 1.18057, -59.2376, 1.1515, 120.683
5785, 96.40833, 1.08393, 33.2097, 6.63036, -147.341, 6.39469, 32.5619, 0.0452712, 127.885, 1.18045, -59.238, 1.15141, 120.683
5785, 96.41666, 1.08368, 33.2076, 6.62732, -147.341, 6.3919, 32.5622, 0.0452442, 127.884, 1.18034, -59.2385, 1.15131, 120.683
5786, 96.42500, 1.08344, 33.2055, 6.62429, -147.34, 6.3891, 32.5625, 0.0452173, 127.882, 1.18022, -59.239, 1.15121, 120.682
5786, 96.43333, 1.08319, 33.2034, 6.62126, -147.34, 6.3863, 32.5628, 0.0451904, 127.88, 1.18011, -59.2395, 1.15112, 120.682
5787, 96.44167, 1.08295, 33.2013, 6.61823, -147.34, 6.38351, 32.5631, 0.0451635, 127.878, 1.17999, -59.2399, 1.15102, 120.682
5787, 96.45000, 1.08271, 33.1991, 6.6152, -147.34, 6.38071, 32.5634, 0.0451366, 127.876, 1.17987, -59.2404, 1.15093, 120.681
5788, 96.45834, 1.08246, 33.197, 6.61217, -147.34, 6.37792, 32.5637, 0.0451098, 127.874, 1.17976, -59.2409, 1.15083, 120.681
5788, 96.46667, 1.08222, 33.1949, 6.60915, -147.34, 6.37513, 32.564, 0.045083, 127.873, 1.17964, -59.2414, 1.15074, 120.68
5789, 96.47500, 1.08198, 33.1928, 6.60612, -147.34, 6.37234, 32.5643, 0.0450562, 127.871, 1.17953, -59.2418, 1.15064, 120.68
5789, 96.48333, 1.08174, 33.1907, 6.6031, -147.339, 6.36955, 32.5646, 0.0450295, 127.869, 1.17941, -59.2423, 1.15054, 120.68
5790, 96.49167, 1.0815, 33.1886, 6.60007, -147.339, 6.36676, 32.5649, 0.0450027, 127.867, 1.17929, -59.2428, 1.15045, 120.679
5790, 96.50000, 1.08125, 33.1865, 6.59705, -147.339, 6.36397, 32.5652, 0.044976, 127.865, 1.17918, -59.2432, 1.15035, 120.679
5791, 96.50833, 1.08101, 33.1844, 6.59403, -147.339, 6.36118, 32.5655, 0.0449493, 127.864, 1.17906, -59.2437, 1.15026, 120.678
5791, 96.51667, 1.08077, 33.1823, 6.59101, -147.339, 6.35839, 32.5658, 0.0449227, 127.862, 1.17895, -59.2442, 1.15016, 120.678
5792, 96.52500, 1.08053, 33.1802, 6.58799, -147.339, 6.35561, 32.5661, 0.044896, 127.86, 1.17883, -59.2446, 1.15007, 120.678
5792, 96.53333, 1.08029, 33.1781, 6.58498, -147.339, 6.35282, 32.5664, 0.0448694, 127.858, 1.17872, -59.2451, 1.14997, 120.677
5793, 96.54166, 1.08005, 33.176, 6.58196, -147.338, 6.35004, 32.5667, 0.0448428, 127.856, 1.1786, -59.2456, 1.14988, 120.677
5793, 96.55000, 1.07981, 33.1739, 6.57895, -147.338, 6.34726, 32.567, 0.0448163, 127.855, 1.17849, -59.246, 1.14978, 120.677
5794, 96.55833, 1.07957, 33.1719, 6.57593, -147.338, 6.34448, 32.5673, 0.0447897, 127.853, 1.17837, -59.2465, 1.14969, 120.676
5794, 96.56667, 1.07933, 33.1698, 6.57292, -147.338, 6.34169, 32.5676, 0.0447632, 127.851, 1.17826, -59.247, 1.14959, 120.676
5795, 96.57500, 1.07909, 33.1677, 6.56991, -147.338, 6.33891, 32.5679, 0.0447367, 127.849, 1.17814, -59.2474, 1.1495, 120.675
5795, 96.58334, 1.07886, 33.1656, 6.5669, -147.338, 6.33614, 32.5682, 0.0447103, 127.848, 1.17803, -59.2479, 1.1494, 120.675
5796, 96.59167, 1.07862, 33.1636, 6.56389, -147.337, 6.33336, 32.5685, 0.0446838, 127.846, 1.17791, -59.2484, 1.14931, 120.675
5796, 96.60000, 1.07838, 33.1615, 6.56088, -147.337, 6.33058, 32.5688, 0.0446574, 127.844, 1.1778, -59.2488, 1.14921, 120.674
5797, 96.60833, 1.07814, 33.1594, 6.55787, -147.337, 6.3278, 32.5691, 0.044631, 127.842, 1.17768, -59.2493, 1.14912, 120.674
5797, 96.61667, 1.0779, 33.1574, 6.55487, -147.337, 6.32503, 32.5694, 0.0446046, 127.841, 1.17757, -59.2498, 1.14902, 120.674
5798, 96.62500, 1.07767, 33.1553, 6.55186, -147.337, 6.32225, 32.5697, 0.0445783, 127.839, 1.17746, -59.2502, 1.14893, 120.673
5798, 96.63333, 1.07743, 33.1532, 6.54886, -147.337, 6.31948, 32.57, 0.044552, 127.837, 1.17734, -59.2507, 1.14883, 120.673
5799, 96.64167, 1.07719, 33.1512, 6.54586, -147.336, 6.31671, 32.5703, 0.0445257, 127.835, 1.17723, -59.2511, 1.14874, 120.673
5799, 96.65000, 1.07696, 33.1491, 6.54286, -147.336, 6.31394, 32.5706, 0.0444994, 127.834, 1.17711, -59.2516, 1.14864, 120.672
5800, 96.65833, 1.07672, 33.1471, 6.53986, -147.336, 6.31116, 32.5709, 0.0444731, 127.832, 1.177, -59.2521, 1.14855, 120.672
5800, 96.66666, 1.07649, 33.145, 6.53686, -147.336, 6.30839, 32.5713, 0.0444469, 127.83, 1.17689, -59.2525, 1.14846, 120.671
5801, 96.67500, 1.07625, 33.143, 6.53386, -147.336, 6.30563, 32.5716, 0.0444207, 127.828, 1.17677, -59.253, 1.14836, 120.671
5801, 96.68333, 1.07602, 33.1409, 6.53086, -147.336, 6.30286, 32.5719, 0.0443945, 127.827, 1.17666, -59.2534, 1.14827, 120.671
5802, 96.69167, 1.07578, 33.1389, 6.52787, -147.335, 6.30009, 32.5722, 0.0443684, 127.825, 1.17654, -59.2539, 1.14817, 120.67
5802, 96.70000, 1.07555, 33.1368, 6.52488, -147.335, 6.29732, 32.5725, 0.0443422, 127.823, 1.17643, -59.2544, 1.14808, 120.67
5803, 96.70834, 1.07531, 33.1348, 6.52188, -147.335, 6.29456, 32.5728, 0.0443161, 127.822, 1.17632, -59.2548, 1.14799, 120.67
5803, 96.71667, 1.07508, 33.1328, 6.51889, -147.335, 6.29179, 32.5731, 0.0442901, 127.82, 1.1762, -59.2553, 1.14789, 120.669
5804, 96.72500, 1.07485, 33.1307, 6.5159, -147.335, 6.28903, 32.5735, 0.044264, 127.818, 1.17609, -59.2557, 1.1478, 120.669
5804, 96.73333, 1.07461, 33.1287, 6.51291, -147.335, 6.28627, 32.5738, 0.044238, 127.817, 1.17598, -59.2562, 1.1477, 120.668
5805, 96.74167, 1.07438, 33.1267, 6.50992, -147.334, 6.28351, 32.5741, 0.044212, 127.815, 1.17586, -59.2566, 1.14761, 120.668
5805, 96.75000, 1.07415, 33.1246, 6.50693, -147.334, 6.28075, 32.5744, 0.044186, 127.813, 1.17575, -59.2571, 1.14752, 120.668
5806, 96.75833, 1.07391, 33.1226, 6.50395, -147.334, 6.27799, 32.5747, 0.04416, 127.811, 1.17564, -59.2575, 1.14742, 120.667
5806, 96.76667, 1.07368, 33.1206, 6.50096, -147.334, 6.27523, 32.575, 0.0441341, 127.81, 1.17552, -59.258, 1.14733, 120.667
5807, 96.77500, 1.07345, 33.1186, 6.49798, -147.334, 6.27247, 32.5754, 0.0441081, 127.808, 1.17541, -59.2584, 1.14724, 120.667
5807, 96.78333, 1.07322, 33.1166, 6.495, -147.333, 6.26971, 32.5757, 0.0440822, 127.806, 1.1753, -59.2589, 1.14714, 120.666
5808, 96.79166, 1.07299, 33.1145, 6.49202, -147.333, 6.26696, 32.576, 0.0440564, 127.805, 1.17519, -59.2593, 1.14705, 120.666
5808, 96.80000, 1.07276, 33.1125, 6.48904, -147.333, 6.2642, 32.5763, 0.0440305, 127.803, 1.17507, -59.2598, 1.14696, 120.666
5809, 96.80833, 1.07252, 33.1105, 6.48606, -147.333, 6.26145, 32.5767, 0.0440047, 127.801, 1.17496, -59.2602, 1.14686, 120.665
5809, 96.81667, 1.07229, 33.1085, 6.48308, -147.333, 6.25869, 32.577, 0.0439789, 127.8, 1.17485, -59.2607, 1.14677, 120.665
5810, 96.82500, 1.07206, 33.1065, 6.4801, -147.333, 6.25594, 32.5773, 0.0439531, 127.798, 1.17473, -59.2611, 1.14668, 120.664
5810, 96.83334, 1.07183, 33.1045, 6.47713, -147.332, 6.25319, 32.5776, 0.0439274, 127.797, 1.17462, -59.2616, 1.14658, 120.664
5811, 96.84167, 1.0716, 33.1025, 6.47415, -147.332, 6.25044, 32.578, 0.0439016, 127.795, 1.17451, -59.262, 1.14649, 120.664
5811, 96.85000, 1.07137, 33.1005, 6.47118, -147.332, 6.24769, 32.5783, 0.0438759, 127.793, 1.1744, -59.2625, 1.1464, 120.663
5812, 96.85833, 1.07115, 33.0985, 6.4682, -147.332, 6.24494, 32.5786, 0.0438502, 127.792, 1.17429, -59.2629, 1.1463, 120.663
5812, 96.86667, 1.07092, 33.0965, 6.46523, -147.332, 6.24219, 32.5789, 0.0438246, 127.79, 1.17417, -59.2634, 1.14621, 120.663
5813, 96.87500, 1.07069, 33.0945, 6.46226, -147.331, 6.23944, 32.5793, 0.0437989, 127.788, 1.17406, -59.2638, 1.14612, 120.662
5813, 96.88333, 1.07046, 33.0926, 6.45929, -147.331, 6.2367, 32.5796, 0.0437733, 127.787, 1.17395, -59.2643, 1.14602, 120.662
5814, 96.89167, 1.07023, 33.0906, 6.45633, -147.331, 6.23395, 32.5799, 0.0437477, 127.785, 1.17384, -59.2647, 1.14593, 120.662
5814, 96.90000, 1.07, 33.0886, 6.45336, -147.331, 6.23121, 32.5803, 0.0437222, 127.783, 1.17373, -59.2651, 1.14584, 120.661
5815, 96.90833, 1.06978, 33.0866, 6.45039, -147.331, 6.22846, 32.5806, 0.0436966, 127.782, 1.17361, -59.2656, 1.14575, 120.661
5815, 96.91666, 1.06955, 33.0846, 6.44743, -147.33, 6.22572, 32.5809, 0.0436711, 127.78, 1.1735, -59.266, 1.14565, 120.66
5816, 96.92500, 1.06932, 33.0827, 6.44447, -147.33, 6.22298, 32.5813, 0.0436456, 127.779, 1.17339, -59.2665, 1.14556, 120.66
5816, 96.93333, 1.06909, 33.0807, 6.4415, -147.33, 6.22024, 32.5816, 0.0436201, 127.777, 1.17328, -59.2669, 1.14547, 120.66
5817, 96.94167, 1.06887, 33.0787, 6.43854, -147.33, 6.2175, 32.5819, 0.0435947, 127.775, 1.17317, -59.2673, 1.14538, 120.659
5817, 96.95000, 1.06864, 33.0767, 6.43558, -147.33, 6.21476, 32.5823, 0.0435692, 127.774, 1.17306, -59.2678, 1.14528, 120.659
5818, 96.95834, 1.06842, 33.0748, 6.43262, -147.329, 6.21202, 32.5826, 0.0435438, 127.772, 1.17294, -59.2682, 1.14519, 120.659
5818, 96.96667, 1.06819, 33.0728, 6.42966, -147.329, 6.20928, 32.5829, 0.0435184, 127.771, 1.17283, -59.2687, 1.1451, 120.658
5819, 96.97500, 1.06797, 33.0709, 6.42671, -147.329, 6.20655, 32.5833, 0.0434931, 127.769, 1.17272, -59.2691, 1.14501, 120.658
5819, 96.98333, 1.06774, 33.0689, 6.42375, -147.329, 6.20381, 32.5836, 0.0434677, 127.768, 1.17261, -59.2695, 1.14491, 120.658
5820, 96.99167, 1.06752, 33.0669, 6.4208, -147.329, 6.20108, 32.5839, 0.0434424, 127.766, 1.1725, -59.27, 1.14482, 120.657
5820, 97.00000, 1.06729, 33.065, 6.41784, -147.328, 6.19834, 32.5843, 0.0434171, 127.764, 1.17239, -59.2704, 1.14473, 120.657
5821, 97.00833, 1.06707, 33.063, 6.41489, -147.328, 6.19561, 32.5846, 0.0433918, 127.763, 1.17228, -59.2709, 1.14464, 120.657
5821, 97.01667, 1.06684, 33.0611, 6.41194, -147.328, 6.19288, 32.585, 0.0433666, 127.761, 1.17217, -59.2713, 1.14455, 120.656
5822, 97.02500, 1.06662, 33.0591, 6.40899, -147.328, 6.19015, 32.5853, 0.0433414, 127.76, 1.17206, -59.2717, 1.14445, 120.656
5822, 97.03333, 1.0664, 33.0572, 6.40604, -147.328, 6.18742, 32.5857, 0.0433162, 127.758, 1.17195, -59.2722, 1.14436, 120.655
5823, 97.04166, 1.06617, 33.0553, 6.40309, -147.327, 6.18469, 32.586, 0.043291, 127.757, 1.17184, -59.2726, 1.14427, 120.655
5823, 97.05000, 1.06595, 33.0533, 6.40015, -147.327, 6.18196, 32.5863, 0.0432658, 127.755, 1.17173, -59.273, 1.14418, 120.655
5824, 97.05833, 1.06573, 33.0514, 6.3972, -147.327, 6.17923, 32.5867, 0.0432407, 127.754, 1.17161, -59.2735, 1.14409, 120.654
5824, 97.06667, 1.0655, 33.0495, 6.39426, -147.327, 6.1765, 32.587, 0.0432156, 127.752, 1.1715, -59.2739, 1.144, 120.654
5825, 97.07500, 1.06528, 33.0475, 6.39131, -147.327, 6.17378, 32.5874, 0.0431905, 127.751, 1.17139, -59.2743, 1.1439, 120.654
5825, 97.08334, 1.06506, 33.0456, 6.38837, -147.326, 6.17105, 32.5877, 0.0431654, 127.749, 1.17128, -59.2747, 1.14381, 120.653
5826, 97.09167, 1.06484, 33.0437, 6.38543, -147.326, 6.16833, 32.5881, 0.0431404, 127.747, 1.17117, -59.2752, 1.14372, 120.653
5826, 97.10000, 1.06462, 33.0417, 6.38249, -147.326, 6.16561, 32.5884, 0.0431153, 127.746, 1.17106, -59.2756, 1.14363, 120.653
5827, 97.10833, 1.0644, 33.0398, 6.37955, -147.326, 6.16288, 32.5888, 0.0430903, 127.744, 1.17095, -59.276, 1.14354, 120.652
5827, 97.11667, 1.06418, 33.0379, 6.37661, -147.325, 6.16016, 32.5891, 0.0430653, 127.743, 1.17084, -59.2765, 1.14345, 120.652
5828, 97.12500, 1.06396, 33.036, 6.37368, -147.325, 6.15744, 32.5895, 0.0430404, 127.741, 1.17073, -59.2769, 1.14336, 120.652
5828, 97.13333, 1.06374, 33.0341, 6.37074, -147.325, 6.15472, 32.5898, 0.0430155, 127.74, 1.17062, -59.2773, 1.14326, 120.651
5829, 97.14167, 1.06352, 33.0322, 6.36781, -147.325, 6.152, 32.5902, 0.0429905, 127.738, 1.17051, -59.2778, 1.14317, 120.651
5829, 97.15000, 1.0633, 33.0303, 6.36487, -147.325, 6.14928, 32.5905, 0.0429656, 127.737, 1.1704, -59.2782, 1.14308, 120.65
5830, 97.15833, 1.06308, 33.0283, 6.36194, -147.324, 6.14657, 32.5909, 0.0429408, 127.735, 1.1703, -59.2786, 1.14299, 120.65
5830, 97.16666, 1.06286, 33.0264, 6.35901, -147.324, 6.14385, 32.5912, 0.0429159, 127.734, 1.17019, -59.279, 1.1429, 120.65
5831, 97.17500, 1.06264, 33.0245, 6.35608, -147.324, 6.14114, 32.5916, 0.0428911, 127.732, 1.17008, -59.2795, 1.14281, 120.649
5831, 97.18333, 1.06242, 33.0226, 6.35315, -147.324, 6.13842, 32.5919, 0.0428663, 127.731, 1.16997, -59.2799, 1.14272, 120.649
5832, 97.19167, 1.0622, 33.0207, 6.35022, -147.323, 6.13571, 32.5923, 0.0428415, 127.73, 1.16986, -59.2803, 1.14263, 120.649
5832, 97.20000, 1.06198, 33.0188, 6.34729, -147.323, 6.133, 32.5927, 0.0428168, 127.728, 1.16975, -59.2807, 1.14254, 120.648
5833, 97.20834, 1.06177, 33.017, 6.34437, -147.323, 6.13028, 32.593, 0.042792, 127.727, 1.16964, -59.2812, 1.14245, 120.648
5833, 97.21667, 1.06155, 33.0151, 6.34144, -147.323, 6.12757, 32.5934, 0.0427673, 127.725, 1.16953, -59.2816, 1.14236, 120.648
5834, 97.22500, 1.06133, 33.0132, 6.33852, -147.322, 6.12486, 32.5937, 0.0427426, 127.724, 1.16942, -59.282, 1.14226, 120.647
5834, 97.23333, 1.06111, 33.0113, 6.3356, -147.322, 6.12215, 32.5941, 0.0427179, 127.722, 1.16931, -59.2824, 1.14217, 120.647
5835, 97.24167, 1.0609, 33.0094, 6.33267, -147.322, 6.11944, 32.5945, 0.0426933, 127.721, 1.1692, -59.2828, 1.14208, 120.647
5835, 97.25000, 1.06068, 33.0075, 6.32975, -147.322, 6.11674, 32.5948, 0.0426687, 127.719, 1.16909, -59.2833, 1.14199, 120.646
5836, 97.25833, 1.06046, 33.0056, 6.32683, -147.321, 6.11403, 32.5952, 0.042644, 127.718, 1.16899, -59.2837, 1.1419, 120.646
5836, 97.26667, 1.06025, 33.0038, 6.32392, -147.321, 6.11133, 32.5955, 0.0426195, 127.716, 1.16888, -59.2841, 1.14181, 120.646
5837, 97.27500, 1.06003, 33.0019, 6.321, -147.321, 6.10862, 32.5959, 0.0425949, 127.715, 1.16877, -59.2845, 1.14172, 120.645
5837, 97.28333, 1.05982, 33, 6.31808, -147.321, 6.10592, 32.5963, 0.0425704, 127.714, 1.16866, -59.2849, 1.14163, 120.645
5838, 97.29166, 1.0596, 32.9982, 6.31517, -147.321, 6.10321, 32.5966, 0.0425458, 127.712, 1.16855, -59.2854, 1.14154, 120.645
5838, 97.30000, 1.05939, 32.9963, 6.31225, -147.32, 6.10051, 32.597, 0.0425213, 127.711, 1.16844, -59.2858, 1.14145, 120.644
5839, 97.30833, 1.05917, 32.9944, 6.30934, -147.32, 6.09781, 32.5974, 0.0424969, 127.709, 1.16834, -59.2862, 1.14136, 120.644
5839, 97.31667, 1.05896, 32.9926, 6.30643, -147.32, 6.09511, 32.5977, 0.0424724, 127.708, 1.16823, -59.2866, 1.14127, 120.644
5840, 97.32500, 1.05874, 32.9907, 6.30352, -147.32, 6.09241, 32.5981, 0.042448, 127.707, 1.16812, -59.287, 1.14118, 120.643
5840, 97.33334, 1.05853, 32.9888, 6.30061, -147.319, 6.08971, 32.5985, 0.0424236, 127.705, 1.16801, -59.2874, 1.14109, 120.643
5841, 97.34167, 1.05831, 32.987, 6.2977, -147.319, 6.08701, 32.5989, 0.0423992, 127.704, 1.1679, -59.2878, 1.141, 120.642
5841, 97.35000, 1.0581, 32.9851, 6.29479, -147.319, 6.08432, 32.5992, 0.0423748, 127.702, 1.1678, -59.2883, 1.14091, 120.642
5842, 97.35833, 1.05789, 32.9833, 6.29188, -147.319, 6.08162, 32.5996, 0.0423504, 127.701, 1.16769, -59.2887, 1.14082, 120.642
5842, 97.36667, 1.05768, 32.9814, 6.28898, -147.318, 6.07892, 32.6, 0.0423261, 127.7, 1.16758, -59.2891, 1.14073, 120.641
5843, 97.37500, 1.05746, 32.9796, 6.28607, -147.318, 6.07623, 32.6003, 0.0423018, 127.698, 1.16747, -59.2895, 1.14064, 120.641
5843, 97.38333, 1.05725, 32.9778, 6.28317, -147.318, 6.07354, 32.6007, 0.0422775, 127.697, 1.16736, -59.2899, 1.14055, 120.641
5844, 97.39167, 1.05704, 32.9759, 6.28027, -147.318, 6.07084, 32.6011, 0.0422533, 127.695, 1.16726, -59.2903, 1.14046, 120.64
5844, 97.40000, 1.05683, 32.9741, 6.27737, -147.317, 6.06815, 32.6015, 0.042229, 127.694, 1.16715, -59.2907, 1.14037, 120.64
5845, 97.40833, 1.05661, 32.9722, 6.27447, -147.317, 6.06546, 32.6018, 0.0422048, 127.693, 1.16704, -59.2911, 1.14029, 120.64
5845, 97.41666, 1.0564, 32.9704, 6.27157, -147.317, 6.06277, 32.6022, 0.0421806, 127.691, 1.16693, -59.2915, 1.1402, 120.639
5846, 97.42500, 1.05619, 32.9686, 6.26867, -147.316, 6.06008, 32.6026, 0.0421564, 127.69, 1.16683, -59.292, 1.14011, 120.639
5846, 97.43333, 1.05598, 32.9667, 6.26577, -147.316, 6.05739, 32.603, 0.0421323, 127.689, 1.16672, -59.2924, 1.14002, 120.639
5847, 97.44167, 1.05577, 32.9649, 6.26288, -147.316, 6.0547, 32.6033, 0.0421081, 127.687, 1.16661, -59.2928, 1.13993, 120.638
5847, 97.45000, 1.05556, 32.9631, 6.25998, -147.316, 6.05202, 32.6037, 0.042084, 127.686, 1.16651, -59.2932, 1.13984, 120.638
5848, 97.45834, 1.05535, 32.9613, 6.25709, -147.315, 6.04933, 32.6041, 0.0420599, 127.685, 1.1664, -59.2936, 1.13975, 120.638
5848, 97.46667, 1.05514, 32.9595, 6.25419, -147.315, 6.04665, 32.6045, 0.0420359, 127.683, 1.16629, -59.294, 1.13966, 120.637
5849, 97.47500, 1.05493, 32.9576, 6.2513, -147.315, 6.04396, 32.6049, 0.0420118, 127.682, 1.16618, -59.2944, 1.13957, 120.637
5849, 97.48333, 1.05472, 32.9558, 6.24841, -147.315, 6.04128, 32.6052, 0.0419878, 127.681, 1.16608, -59.2948, 1.13948, 120.637
5850, 97.49167, 1.05451, 32.954, 6.24552, -147.314, 6.0386, 32.6056, 0.0419638, 127.679, 1.16597, -59.2952, 1.13939, 120.636
5850, 97.50000, 1.0543, 32.9522, 6.24263, -147.314, 6.03592, 32.606, 0.0419398, 127.678, 1.16586, -59.2956, 1.13931, 120.636
5851, 97.50833, 1.05409, 32.9504, 6.23975, -147.314, 6.03323, 32.6064, 0.0419158, 127.677, 1.16576, -59.296, 1.13922, 120.636
5851, 97.51667, 1.05389, 32.9486, 6.23686, -147.314, 6.03055, 32.6068, 0.0418919, 127.675, 1.16565, -59.2964, 1.13913, 120.635
5852, 97.52500, 1.05368, 32.9468, 6.23397, -147.313, 6.02788, 32.6072, 0.0418679, 127.674, 1.16555, -59.2968, 1.13904, 120.635
5852, 97.53333, 1.05347, 32.945, 6.23109, -147.313, 6.0252, 32.6076, 0.041844, 127.673, 1.16544, -59.2972, 1.13895, 120.635
5853, 97.54166, 1.05326, 32.9432, 6.22821, -147.313, 6.02252, 32.6079, 0.0418202, 127.672, 1.16533, -59.2976, 1.13886, 120.634
5853, 97.55000, 1.05306, 32.9414, 6.22533, -147.312, 6.01984, 32.6083, 0.0417963, 127.67, 1.16523, -59.298, 1.13877, 120.634
5854, 97.55833, 1.05285, 32.9396, 6.22244, -147.312, 6.01717, 32.6087, 0.0417725, 127.669, 1.16512, -59.2984, 1.13868, 120.634
5854, 97.56667, 1.05264, 32.9378, 6.21956, -147.312, 6.01449, 32.6091, 0.0417486, 127.668, 1.16501, -59.2988, 1.1386, 120.633
5855, 97.57500, 1.05243, 32.936, 6.21668, -147.312, 6.01182, 32.6095, 0.0417248, 127.666, 1.16491, -59.2992, 1.13851, 120.633
5855, 97.58334, 1.05223, 32.9342, 6.21381, -147.311, 6.00915, 32.6099, 0.0417011, 127.665, 1.1648, -59.2996, 1.13842, 120.633
5856, 97.59167, 1.05202, 32.9325, 6.21093, -147.311, 6.00647, 32.6103, 0.0416773, 127.664, 1.1647, -59.3, 1.13833, 120.632
5856, 97.60000, 1.05182, 32.9307, 6.20805, -147.311, 6.0038, 32.6107, 0.0416536, 127.663, 1.16459, -59.3004, 1.13824, 120.632
5857, 97.60833, 1.05161, 32.9289, 6.20518, -147.311, 6.00113, 32.6111, 0.0416298, 127.661, 1.16448, -59.3008, 1.13815, 120.632
5857, 97.61667, 1.05141, 32.9271, 6.2023, -147.31, 5.99846, 32.6115, 0.0416061, 127.66, 1.16438, -59.3012, 1.13807, 120.631
5858, 97.62500, 1.0512, 32.9253, 6.19943, -147.31, 5.99579, 32.6119, 0.0415825, 127.659, 1.16427, -59.3016, 1.13798, 120.631
5858, 97.63333, 1.051, 32.9236, 6.19656, -147.31, 5.99312, 32.6122, 0.0415588, 127.658, 1.16417, -59.302, 1.13789, 120.631
5859, 97.64167, 1.05079, 32.9218, 6.19369, -147.309, 5.99046, 32.6126, 0.0415352, 127.656, 1.16406, -59.3024, 1.1378, 120.63
5859, 97.65000, 1.05059, 32.92, 6.19082, -147.309, 5.98779, 32.613, 0.0415116, 127.655, 1.16396, -59.3028, 1.13771, 120.63
5860, 97.65833, 1.05038, 32.9183, 6.18795, -147.309, 5.98512, 32.6134, 0.041488, 127.654, 1.16385, -59.3032, 1.13763, 120.63
5860, 97.66666, 1.05018, 32.9165, 6.18508, -147.309, 5.98246, 32.6138, 0.0414644, 127.653, 1.16375, -59.3036, 1.13754, 120.629
5861, 97.67500, 1.04997, 32.9147, 6.18222, -147.308, 5.9798, 32.6142, 0.0414408, 127.652, 1.16364, -59.304, 1.13745, 120.629
5861, 97.68333, 1.04977, 32.913, 6.17935, -147.308, 5.97713, 32.6146, 0.0414173, 127.65, 1.16354, -59.3044, 1.13736, 120.629
5862, 97.69167, 1.04957, 32.9112, 6.17649, -147.308, 5.97447, 32.615, 0.0413938, 127.649, 1.16343, -59.3048, 1.13728, 120.628
5862, 97.70000, 1.04936, 32.9095, 6.17362, -147.307, 5.97181, 32.6154, 0.0413703, 127.648, 1.16333, -59.3052, 1.13719, 120.628
5863, 97.70834, 1.04916, 32.9077, 6.17076, -147.307, 5.96915, 32.6158, 0.0413468, 127.647, 1.16322, -59.3055, 1.1371, 120.628
5863, 97.71667, 1.04896, 32.906, 6.1679, -147.307, 5.96649, 32.6162, 0.0413234, 127.646, 1.16312, -59.3059, 1.13701, 120.627
5864, 97.72500, 1.04876, 32.9042, 6.16504, -147.306, 5.96383, 32.6166, 0.0413, 127.644, 1.16301, -59.3063, 1.13693, 120.627
5864, 97.73333, 1.04856, 32.9025, 6.16218, -147.306, 5.96117, 32.617, 0.0412766, 127.643, 1.16291, -59.3067, 1.13684, 120.627
5865, 97.74167, 1.04835, 32.9007, 6.15932, -147.306, 5.95851, 32.6175, 0.0412532, 127.642, 1.1628, -59.3071, 1.13675, 120.626
5865, 97.75000, 1.04815, 32.899, 6.15646, -147.306, 5.95586, 32.6179, 0.0412298, 127.641, 1.1627, -59.3075, 1.13666, 120.626
5866, 97.75833, 1.04795, 32.8973, 6.15361, -147.305, 5.9532, 32.6183, 0.0412064, 127.64, 1.16259, -59.3079, 1.13658, 120.626
5866, 97.76667, 1.04775, 32.8955, 6.15075, -147.305, 5.95055, 32.6187, 0.0411831, 127.639, 1.16249, -59.3083, 1.13649, 120.625
5867, 97.77500, 1.04755, 32.8938, 6.1479, -147.305, 5.94789, 32.6191, 0.0411598, 127.637, 1.16238, -59.3087, 1.1364, 120.625
5867, 97.78333, 1.04735, 32.8921, 6.14504, -147.304, 5.94524, 32.6195, 0.0411365, 127.636, 1.16228, -59.309, 1.13632, 120.625
5868, 97.79166, 1.04715, 32.8903, 6.14219, -147.304, 5.94259, 32.6199, 0.0411132, 127.635, 1.16218, -59.3094, 1.13623, 120.624
5868, 97.80000, 1.04695, 32.8886, 6.13934, -147.304, 5.93994, 32.6203, 0.04109, 127.634, 1.16207, -59.3098, 1.13614, 120.624
5869, 97.80833, 1.04675, 32.8869, 6.13649, -147.303, 5.93728, 32.6207, 0.0410668, 127.633, 1.16197, -59.3102, 1.13605, 120.624
5869, 97.81667, 1.04655, 32.8852, 6.13364, -147.303, 5.93464, 32.6211, 0.0410436, 127.632, 1.16186, -59.3106, 1.13597, 120.623
5870, 97.82500, 1.04635, 32.8835, 6.13079, -147.303, 5.93199, 32.6215, 0.0410204, 127.631, 1.16176, -59.311, 1.13588, 120.623
5870, 97.83334, 1.04615, 32.8817, 6.12795, -147.303, 5.92934, 32.622, 0.0409972, 127.629, 1.16166, -59.3113, 1.13579, 120.623
5871, 97.84167, 1.04595, 32.88, 6.1251, -147.302, 5.92669, 32.6224, 0.0409741, 127.628, 1.16155, -59.3117, 1.13571, 120.622
5871, 97.85000, 1.04575, 32.8783, 6.12225, -147.302, 5.92404, 32.6228, 0.0409509, 127.627, 1.16145, -59.3121, 1.13562, 120.622
5872, 97.85833, 1.04555, 32.8766, 6.11941, -147.302, 5.9214, 32.6232, 0.0409278, 127.626, 1.16134, -59.3125, 1.13553, 120.622
5872, 97.86667, 1.04536, 32.8749, 6.11657, -147.301, 5.91875, 32.6236, 0.0409047, 127.625, 1.16124, -59.3129, 1.13545, 120.621
5873, 97.87500, 1.04516, 32.8732, 6.11372, -147.301, 5.91611, 32.624, 0.0408817, 127.624, 1.16114, -59.3133, 1.13536, 120.621
5873, 97.88333, 1.04496, 32.8715, 6.11088, -147.301, 5.91347, 32.6244, 0.0408586, 127.623, 1.16103, -59.3136, 1.13527, 120.621
5874, 97.89167, 1.04476, 32.8698, 6.10804, -147.3, 5.91082, 32.6249, 0.0408356, 127.622, 1.16093, -59.314, 1.13519, 120.62
5874, 97.90000, 1.04457, 32.8681, 6.1052, -147.3, 5.90818, 32.6253, 0.0408126, 127.621, 1.16083, -59.3144, 1.1351, 120.62
5875, 97.90833, 1.04437, 32.8664, 6.10237, -147.3, 5.90554, 32.6257, 0.0407896, 127.619, 1.16072, -59.3148, 1.13501, 120.62
5875, 97.91666, 1.04417, 32.8647, 6.09953, -147.299, 5.9029, 32.6261, 0.0407666, 127.618, 1.16062, -59.3152, 1.13493, 120.619
5876, 97.92500, 1.04398, 32.863, 6.09669, -147.299, 5.90026, 32.6265, 0.0407437, 127.617, 1.16052, -59.3155, 1.13484, 120.619
5876, 97.93333, 1.04378, 32.8613, 6.09386, -147.299, 5.89762, 32.627, 0.0407207, 127.616, 1.16041, -59.3159, 1.13476, 120.619
5877, 97.94167, 1.04358, 32.8596, 6.09102, -147.298, 5.89499, 32.6274, 0.0406978, 127.615, 1.16031, -59.3163, 1.13467, 120.618
5877, 97.95000, 1.04339, 32.858, 6.08819, -147.298, 5.89235, 32.6278, 0.0406749, 127.614, 1.16021, -59.3167, 1.13458, 120.618
5878, 97.95834, 1.04319, 32.8563, 6.08536, -147.298, 5.88971, 32.6282, 0.0406521, 127.613, 1.1601, -59.317, 1.1345, 120.618
5878, 97.96667, 1.043, 32.8546, 6.08253, -147.297, 5.88708, 32.6287, 0.0406292, 127.612, 1.16, -59.3174, 1.13441, 120.617
5879, 97.97500, 1.0428, 32.8529, 6.0797, -147.297, 5.88444, 32.6291, 0.0406064, 127.611, 1.1599, -59.3178, 1.13433, 120.617
5879, 97.98333, 1.04261, 32.8512, 6.07687, -147.297, 5.88181, 32.6295, 0.0405836, 127.61, 1.1598, -59.3182, 1.13424, 120.617
5880, 97.99167, 1.04241, 32.8496, 6.07404, -147.296, 5.87918, 32.6299, 0.0405608, 127.609, 1.15969, -59.3185, 1.13415, 120.617
5880, 98.00000, 1.04222, 32.8479, 6.07121, -147.296, 5.87655, 32.6304, 0.040538, 127.608, 1.15959, -59.3189, 1.13407, 120.616
5881, 98.00833, 1.04203, 32.8462, 6.06839, -147.296, 5.87392, 32.6308, 0.0405152, 127.607, 1.15949, -59.3193, 1.13398, 120.616
5881, 98.01667, 1.04183, 32.8446, 6.06556, -147.295, 5.87128, 32.6312, 0.0404925, 127.606, 1.15939, -59.3196, 1.1339, 120.616
5882, 98.02500, 1.04164, 32.8429, 6.06274, -147.295, 5.86866, 32.6317, 0.0404698, 127.605, 1.15928, -59.32, 1.13381, 120.615
5882, 98.03333, 1.04144, 32.8413, 6.05992, -147.295, 5.86603, 32.6321, 0.0404471, 127.604, 1.15918, -59.3204, 1.13373, 120.615
5883, 98.04166, 1.04125, 32.8396, 6.05709, -147.294, 5.8634, 32.6325, 0.0404244, 127.603, 1.15908, -59.3208, 1.13364, 120.615
5883, 98.05000, 1.04106, 32.8379, 6.05427, -147.294, 5.86077, 32.6329, 0.0404018, 127.602, 1.15898, -59.3211, 1.13355, 120.614
5884, 98.05833, 1.04087, 32.8363, 6.05145, -147.294, 5.85815, 32.6334, 0.0403791, 127.601, 1.15887, -59.3215, 1.13347, 120.614
5884, 98.06667, 1.04067, 32.8346, 6.04863, -147.293, 5.85552, 32.6338, 0.0403565, 127.6, 1.15877, -59.3219, 1.13338, 120.614
5885, 98.07500, 1.04048, 32.833, 6.04582, -147.293, 5.8529, 32.6342, 0.0403339, 127.599, 1.15867, -59.3222, 1.1333, 120.613
5885, 98.08334, 1.04029, 32.8313, 6.043, -147.293, 5.85027, 32.6347, 0.0403113, 127.598, 1.15857, -59.3226, 1.13321, 120.613
5886, 98.09167, 1.0401, 32.8297, 6.04018, -147.292, 5.84765, 32.6351, 0.0402888, 127.597, 1.15847, -59.323, 1.13313, 120.613
5886, 98.10000, 1.03991, 32.828, 6.03737, -147.292, 5.84503, 32.6356, 0.0402662, 127.596, 1.15837, -59.3233, 1.13304, 120.612
5887, 98.10833, 1.03971, 32.8264, 6.03455, -147.292, 5.84241, 32.636, 0.0402437, 127.595, 1.15826, -59.3237, 1.13296, 120.612
5887, 98.11667, 1.03952, 32.8248, 6.03174, -147.291, 5.83979, 32.6364, 0.0402212, 127.594, 1.15816, -59.3241, 1.13287, 120.612
5888, 98.12500, 1.03933, 32.8231, 6.02893, -147.291, 5.83717, 32.6369, 0.0401987, 127.593, 1.15806, -59.3244, 1.13279, 120.611
5888, 98.13333, 1.03914, 32.8215, 6.02612, -147.291, 5.83455, 32.6373, 0.0401763, 127.592, 1.15796, -59.3248, 1.1327, 120.611
5889, 98.14167, 1.03895, 32.8199, 6.02331, -147.29, 5.83193, 32.6377, 0.0401538, 127.591, 1.15786, -59.3252, 1.13262, 120.611
5889, 98.15000, 1.03876, 32.8182, 6.0205, -147.29, 5.82931, 32.6382, 0.0401314, 127.59, 1.15776, -59.3255, 1.13253, 120.61
5890, 98.15833, 1.03857, 32.8166, 6.01769, -147.29, 5.82669, 32.6386, 0.040109, 127.589, 1.15765, -59.3259, 1.13245, 120.61
5890, 98.16666, 1.03838, 32.815, 6.01488, -147.289, 5.82408, 32.6391, 0.0400866, 127.588, 1.15755, -59.3262, 1.13236, 120.61
5891, 98.17500, 1.03819, 32.8134, 6.01208, -147.289, 5.82146, 32.6395, 0.0400642, 127.588, 1.15745, -59.3266, 1.13228, 120.61
5891, 98.18333, 1.038, 32.8118, 6.00927, -147.289, 5.81885, 32.64, 0.0400419, 127.587, 1.15735, -59.327, 1.13219, 120.609
5892, 98.19167, 1.03781, 32.8101, 6.00647, -147.288, 5.81624, 32.6404, 0.0400195, 127.586, 1.15725, -59.3273, 1.13211, 120.609
5892, 98.20000, 1.03762, 32.8085, 6.00366, -147.288, 5.81362, 32.6409, 0.0399972, 127.585, 1.15715, -59.3277, 1.13202, 120.609
5893, 98.20834, 1.03744, 32.8069, 6.00086, -147.288, 5.81101, 32.6413, 0.0399749, 127.584, 1.15705, -59.328, 1.13194, 120.608
5893, 98.21667, 1.03725, 32.8053, 5.99806, -147.287, 5.8084, 32.6417, 0.0399527, 127.583, 1.15695, -59.3284, 1.13185, 120.608
5894, 98.22500, 1.03706, 32.8037, 5.99526, -147.287, 5.80579, 32.6422, 0.0399304, 127.582, 1.15685, -59.3288, 1.13177, 120.608
5894, 98.23333, 1.03687, 32.8021, 5.99246, -147.286, 5.80318, 32.6426, 0.0399082, 127.581, 1.15675, -59.3291, 1.13169, 120.607
5895, 98.24167, 1.03668, 32.8005, 5.98966, -147.286, 5.80057, 32.6431, 0.039886, 127.58, 1.15664, -59.3295, 1.1316, 120.607
5895, 98.25000, 1.0365, 32.7989, 5.98687, -147.286, 5.79797, 32.6435, 0.0398638, 127.58, 1.15654, -59.3298, 1.13152, 120.607
5896, 98.25833, 1.03631, 32.7973, 5.98407, -147.285, 5.79536, 32.644, 0.0398416, 127.579, 1.15644, -59.3302, 1.13143, 120.606
5896, 98.26667, 1.03612, 32.7957, 5.98127, -147.285, 5.79275, 32.6444, 0.0398194, 127.578, 1.15634, -59.3306, 1.13135, 120.606
5897, 98.27500, 1.03594, 32.7941, 5.97848, -147.285, 5.79015, 32.6449, 0.0397973, 127.577, 1.15624, -59.3309, 1.13126, 120.606
5897, 98.28333, 1.03575, 32.7925, 5.97569, -147.284, 5.78754, 32.6453, 0.0397752, 127.576, 1.15614, -59.3313, 1.13118, 120.605
5898, 98.29166, 1.03556, 32.7909, 5.97289, -147.284, 5.78494, 32.6458, 0.0397531, 127.575, 1.15604, -59.3316, 1.1311, 120.605
5898, 98.30000, 1.03538, 32.7893, 5.9701, -147.284, 5.78234, 32.6463, 0.039731, 127.574, 1.15594, -59.332, 1.13101, 120.605
5899, 98.30833, 1.03519, 32.7877, 5.96731, -147.283, 5.77973, 32.6467, 0.0397089, 127.574, 1.15584, -59.3323, 1.13093, 120.605
5899, 98.31667, 1.03501, 32.7862, 5.96452, -147.283, 5.77713, 32.6472, 0.0396869, 127.573, 1.15574, -59.3327, 1.13084, 120.604
5900, 98.32500, 1.03482, 32.7846, 5.96173, -147.282, 5.77453, 32.6476, 0.0396648, 127.572, 1.15564, -59.333, 1.13076, 120.604
5900, 98.33334, 1.03463, 32.783, 5.95895, -147.282, 5.77193, 32.6481, 0.0396428, 127.571, 1.15554, -59.3334, 1.13068, 120.604
5901, 98.34167, 1.03445, 32.7814, 5.95616, -147.282, 5.76933, 32.6485, 0.0396208, 127.57, 1.15544, -59.3337, 1.13059, 120.603
5901, 98.35000, 1.03427, 32.7799, 5.95337, -147.281, 5.76673, 32.649, 0.0395989, 127.57, 1.15534, -59.3341, 1.13051, 120.603
5902, 98.35833, 1.03408, 32.7783, 5.95059, -147.281, 5.76414, 32.6495, 0.0395769, 127.569, 1.15524, -59.3344, 1.13043, 120.603
5902, 98.36667, 1.0339, 32.7767, 5.9478, -147.281, 5.76154, 32.6499, 0.039555, 127.568, 1.15514, -59.3348, 1.13034, 120.602
5903, 98.37500, 1.03371, 32.7751, 5.94502, -147.28, 5.75894, 32.6504, 0.0395331, 127.567, 1.15504, -59.3351, 1.13026, 120.602
5903, 98.38333, 1.03353, 32.7736, 5.94224, -147.28, 5.75635, 32.6508, 0.0395112, 127.566, 1.15494, -59.3355, 1.13017, 120.602
5904, 98.39167, 1.03334, 32.772, 5.93946, -147.279, 5.75375, 32.6513, 0.0394893, 127.566, 1.15484, -59.3358, 1.13009, 120.601
5904, 98.40000, 1.03316, 32.7705, 5.93668, -147.279, 5.75116, 32.6518, 0.0394674, 127.565, 1.15474, -59.3362, 1.13001, 120.601
5905, 98.40833, 1.03298, 32.7689, 5.9339, -147.279, 5.74857, 32.6522, 0.0394456, 127.564, 1.15464, -59.3365, 1.12992, 120.601
5905, 98.41666, 1.0328, 32.7673, 5.93112, -147.278, 5.74598, 32.6527, 0.0394238, 127.563, 1.15454, -59.3369, 1.12984, 120.601
5906, 98.42500, 1.03261, 32.7658, 5.92835, -147.278, 5.74339, 32.6532, 0.039402, 127.563, 1.15445, -59.3372, 1.12976, 120.6
5906, 98.43333, 1.03243, 32.7642, 5.92557, -147.278, 5.7408, 32.6536, 0.0393802, 127.562, 1.15435, -59.3376, 1.12967, 120.6
5907, 98.44167, 1.03225, 32.7627, 5.92279, -147.277, 5.73821, 32.6541, 0.0393584, 127.561, 1.15425, -59.3379, 1.12959, 120.6
5907, 98.45000, 1.03207, 32.7612, 5.92002, -147.277, 5.73562, 32.6546, 0.0393367, 127.56, 1.15415, -59.3383, 1.12951, 120.599
5908, 98.45834, 1.03188, 32.7596, 5.91725, -147.276, 5.73303, 32.655, 0.0393149, 127.56, 1.15405, -59.3386, 1.12942, 120.599
5908, 98.46667, 1.0317, 32.7581, 5.91447, -147.276, 5.73044, 32.6555, 0.0392932, 127.559, 1.15395, -59.339, 1.12934, 120.599
5909, 98.47500, 1.03152, 32.7565, 5.9117, -147.276, 5.72785, 32.656, 0.0392715, 127.558, 1.15385, -59.3393, 1.12926, 120.598
5909, 98.48333, 1.03134, 32.755, 5.90893, -147.275, 5.72527, 32.6564, 0.0392498, 127.557, 1.15375, -59.3396, 1.12918, 120.598
5910, 98.49167, 1.03116, 32.7535, 5.90616, -147.275, 5.72268, 32.6569, 0.0392282, 127.557, 1.15365, -59.34, 1.12909, 120.598
5910, 98.50000, 1.03098, 32.7519, 5.9034, -147.274, 5.7201, 32.6574, 0.0392066, 127.556, 1.15355, -59.3403, 1.12901, 120.597
5911, 98.50833, 1.0308, 32.7504, 5.90063, -147.274, 5.71752, 32.6579, 0.0391849, 127.555, 1.15346, -59.3407, 1.12893, 120.597
5911, 98.51667, 1.03062, 32.7489, 5.89786, -147.274, 5.71493, 32.6583, 0.0391633, 127.555, 1.15336, -59.341, 1.12884, 120.597
5912, 98.52500, 1.03044, 32.7473, 5.8951, -147.273, 5.71235, 32.6588, 0.0391417, 127.554, 1.15326, -59.3413, 1.12876, 120.597
5912, 98.53333, 1.03026, 32.7458, 5.89233, -147.273, 5.70977, 32.6593, 0.0391202, 127.553, 1.15316, -59.3417, 1.12868, 120.596
5913, 98.54166, 1.03008, 32.7443, 5.88957, -147.272, 5.70719, 32.6598, 0.0390986, 127.553, 1.15306, -59.342, 1.1286, 120.596
5913, 98.55000, 1.0299, 32.7428, 5.8868, -147.272, 5.70461, 32.6602, 0.0390771, 127.552, 1.15296, -59.3424, 1.12851, 120.596
5914, 98.55833, 1.02972, 32.7413, 5.88404, -147.272, 5.70203, 32.6607, 0.0390556, 127.551, 1.15287, -59.3427, 1.12843, 120.595
5914, 98.56667, 1.02954, 32.7397, 5.88128, -147.271, 5.69945, 32.6612, 0.0390341, 127.551, 1.15277, -59.343, 1.12835, 120.595
5915, 98.57500, 1.02936, 32.7382, 5.87852, -147.271, 5.69688, 32.6617, 0.0390126, 127.55, 1.15267, -59.3434, 1.12827, 120.595
5915, 98.58334, 1.02918, 32.7367, 5.87576, -147.27, 5.6943, 32.6622, 0.0389912, 127.549, 1.15257, -59.3437, 1.12818, 120.594
5916, 98.59167, 1.029, 32.7352, 5.873, -147.27, 5.69173, 32.6626, 0.0389697, 127.549, 1.15247, -59.344, 1.1281, 120.594
5916, 98.60000, 1.02883, 32.7337, 5.87025, -147.27, 5.68915, 32.6631, 0.0389483, 127.548, 1.15237, -59.3444, 1.12802, 120.594
5917, 98.60833, 1.02865, 32.7322, 5.86749, -147.269, 5.68658, 32.6636, 0.0389269, 127.547, 1.15228, -59.3447, 1.12794, 120.594
5917, 98.61667, 1.02847, 32.7307, 5.86474, -147.269, 5.684, 32.6641, 0.0389055, 127.547, 1.15218, -59.3451, 1.12785, 120.593
5918, 98.62500, 1.02829, 32.7292, 5.86198, -147.268, 5.68143, 32.6646, 0.0388842, 127.546, 1.15208, -59.3454, 1.12777, 120.593
5918, 98.63333, 1.02812, 32.7277, 5.85923, -147.268, 5.67886, 32.665, 0.0388628, 127.546, 1.15198, -59.3457, 1.12769, 120.593
5919, 98.64167, 1.02794, 32.7262, 5.85648, -147.268, 5.67629, 32.6655, 0.0388415, 127.545, 1.15189, -59.3461, 1.12761, 120.592
5919, 98.65000, 1.02776, 32.7247, 5.85372, -147.267, 5.67372, 32.666, 0.0388202, 127.544, 1.15179, -59.3464, 1.12753, 120.592
5920, 98.65833, 1.02758, 32.7232, 5.85097, -147.267, 5.67115, 32.6665, 0.0387989, 127.544, 1.15169, -59.3467, 1.12744, 120.592
5920, 98.66666, 1.02741, 32.7218, 5.84822, -147.266, 5.66858, 32.667, 0.0387776, 127.543, 1.15159, -59.347, 1.12736, 120.591
5921, 98.67500, 1.02723, 32.7203, 5.84548, -147.266, 5.66601, 32.6675, 0.0387563, 127.543, 1.1515, -59.3474, 1.12728, 120.591
5921, 98.68333, 1.02706, 32.7188, 5.84273, -147.266, 5.66344, 32.668, 0.0387351, 127.542, 1.1514, -59.3477, 1.1272, 120.591
5922, 98.69167, 1.02688, 32.7173, 5.83998, -147.265, 5.66088, 32.6685, 0.0387139, 127.541, 1.1513, -59.348, 1.12712, 120.591
5922, 98.70000, 1.0267, 32.7158, 5.83724, -147.265, 5.65831, 32.6689, 0.0386927, 127.541, 1.1512, -59.3484, 1.12703, 120.59
5923, 98.70834, 1.02653, 32.7143, 5.83449, -147.264, 5.65575, 32.6694, 0.0386715, 127.54, 1.15111, -59.3487, 1.12695, 120.59
5923, 98.71667, 1.02635, 32.7129, 5.83175, -147.264, 5.65318, 32.6699, 0.0386503, 127.54, 1.15101, -59.349, 1.12687, 120.59
5924, 98.72500, 1.02618, 32.7114, 5.829, -147.263, 5.65062, 32.6704, 0.0386292, 127.539, 1.15091, -59.3494, 1.12679, 120.589
5924, 98.73333, 1.026, 32.7099, 5.82626, -147.263, 5.64806, 32.6709, 0.038608, 127.539, 1.15082, -59.3497, 1.12671, 120.589
5925, 98.74167, 1.02583, 32.7085, 5.82352, -147.263, 5.64549, 32.6714, 0.0385869, 127.538, 1.15072, -59.35, 1.12663, 120.589
5925, 98.75000, 1.02566, 32.707, 5.82078, -147.262, 5.64293, 32.6719, 0.0385658, 127.538, 1.15062, -59.3503, 1.12654, 120.588
5926, 98.75833, 1.02548, 32.7055, 5.81804, -147.262, 5.64037, 32.6724, 0.0385448, 127.537, 1.15052, -59.3507, 1.12646, 120.588
5926, 98.76667, 1.02531, 32.7041, 5.8153, -147.261, 5.63781, 32.6729, 0.0385237, 127.537, 1.15043, -59.351, 1.12638, 120.588
5927, 98.77500, 1.02513, 32.7026, 5.81257, -147.261, 5.63525, 32.6734, 0.0385026, 127.536, 1.15033, -59.3513, 1.1263, 120.588
5927, 98.78333, 1.02496, 32.7012, 5.80983, -147.26, 5.6327, 32.6739, 0.0384816, 127.536, 1.15023, -59.3516, 1.12622, 120.587
5928, 98.79166, 1.02479, 32.6997, 5.80709, -147.26, 5.63014, 32.6744, 0.0384606, 127.535, 1.15014, -59.352, 1.12614, 120.587
5928, 98.80000, 1.02461, 32.6983, 5.80436, -147.26, 5.62758, 32.6749, 0.0384396, 127.535, 1.15004, -59.3523, 1.12606, 120.587
5929, 98.80833, 1.02444, 32.6968, 5.80163, -147.259, 5.62503, 32.6754, 0.0384187, 127.534, 1.14995, -59.3526, 1.12598, 120.586
5929, 98.81667, 1.02427, 32.6954, 5.79889, -147.259, 5.62247, 32.6759, 0.0383977, 127.534, 1.14985, -59.3529, 1.12589, 120.586
5930, 98.82500, 1.0241, 32.6939, 5.79616, -147.258, 5.61992, 32.6764, 0.0383768, 127.533, 1.14975, -59.3533, 1.12581, 120.586
5930, 98.83334, 1.02392, 32.6925, 5.79343, -147.258, 5.61736, 32.6769, 0.0383558, 127.533, 1.14966, -59.3536, 1.12573, 120.586
5931, 98.84167, 1.02375, 32.691, 5.7907, -147.257, 5.61481, 32.6774, 0.0383349, 127.532, 1.14956, -59.3539, 1.12565, 120.585
5931, 98.85000, 1.02358, 32.6896, 5.78797, -147.257, 5.61226, 32.6779, 0.0383141, 127.532, 1.14946, -59.3542, 1.12557, 120.585
5932, 98.85833, 1.02341, 32.6882, 5.78524, -147.257, 5.60971, 32.6784, 0.0382932, 127.531, 1.14937, -59.3545, 1.12549, 120.585
5932, 98.86667, 1.02324, 32.6867, 5.78251, -147.256, 5.60716, 32.6789, 0.0382723, 127.531, 1.14927, -59.3549, 1.12541, 120.584
5933, 98.87500, 1.02307, 32.6853, 5.77979, -147.256, 5.60461, 32.6794, 0.0382515, 127.531, 1.14918, -59.3552, 1.12533, 120.584
5933, 98.88333, 1.0229, 32.6839, 5.77706, -147.255, 5.60206, 32.6799, 0.0382307, 127.53, 1.14908, -59.3555, 1.12525, 120.584
5934, 98.89167, 1.02272, 32.6824, 5.77434, -147.255, 5.59951, 32.6804, 0.0382099, 127.53, 1.14898, -59.3558, 1.12517, 120.583
5934, 98.90000, 1.02255, 32.681, 5.77161, -147.254, 5.59696, 32.6809, 0.0381891, 127.529, 1.14889, -59.3561, 1.12509, 120.583
5935, 98.90833, 1.02238, 32.6796, 5.76889, -147.254, 5.59442, 32.6815, 0.0381684, 127.529, 1.14879, -59.3565, 1.125, 120.583
5935, 98.91666, 1.02221, 32.6782, 5.76617, -147.253, 5.59187, 32.682, 0.0381476, 127.529, 1.1487, -59.3568, 1.12492, 120.583
5936, 98.92500, 1.02204, 32.6768, 5.76345, -147.253, 5.58933, 32.6825, 0.0381269, 127.528, 1.1486, -59.3571, 1.12484, 120.582
5936, 98.93333, 1.02187, 32.6754, 5.76073, -147.253, 5.58678, 32.683, 0.0381062, 127.528, 1.14851, -59.3574, 1.12476, 120.582
5937, 98.94167, 1.02171, 32.6739, 5.75801, -147.252, 5.58424, 32.6835, 0.0380855, 127.527, 1.14841, -59.3577, 1.12468, 120.582
5937, 98.95000, 1.02154, 32.6725, 5.75529, -147.252, 5.58169, 32.684, 0.0380648, 127.527, 1.14831, -59.358, 1.1246, 120.581
5938, 98.95834, 1.02137, 32.6711, 5.75258, -147.251, 5.57915, 32.6845, 0.0380442, 127.527, 1.14822, -59.3583, 1.12452, 120.581
5938, 98.96667, 1.0212, 32.6697, 5.74986, -147.251, 5.57661, 32.685, 0.0380235, 127.526, 1.14812, -59.3587, 1.12444, 120.581
5939, 98.97500, 1.02103, 32.6683, 5.74714, -147.25, 5.57407, 32.6856, 0.0380029, 127.526, 1.14803, -59.359, 1.12436, 120.581
5939, 98.98333, 1.02086, 32.6669, 5.74443, -147.25, 5.57153, 32.6861, 0.0379823, 127.526, 1.14793, -59.3593, 1.12428, 120.58
5940, 98.99167, 1.02069, 32.6655, 5.74172, -147.249, 5.56899, 32.6866, 0.0379617, 127.525, 1.14784, -59.3596, 1.1242, 120.58
5940, 99.00000, 1.02052, 32.6641, 5.739, -147.249, 5.56645, 32.6871, 0.0379411, 127.525, 1.14774, -59.3599, 1.12412, 120.58
5941, 99.00833, 1.02036, 32.6627, 5.73629, -147.248, 5.56391, 32.6876, 0.0379206, 127.525, 1.14765, -59.3602, 1.12404, 120.579
5941, 99.01667, 1.02019, 32.6613, 5.73358, -147.248, 5.56138, 32.6881, 0.0379001, 127.524, 1.14755, -59.3605, 1.12396, 120.579
5942, 99.02500, 1.02002, 32.6599, 5.73087, -147.248, 5.55884, 32.6887, 0.0378795, 127.524, 1.14746, -59.3608, 1.12388, 120.579
5942, 99.03333, 1.01985, 32.6585, 5.72816, -147.247, 5.55631, 32.6892, 0.037859, 127.524, 1.14736, -59.3611, 1.1238, 120.579
5943, 99.04166, 1.01969, 32.6572, 5.72545, -147.247, 5.55377, 32.6897, 0.0378386, 127.523, 1.14727, -59.3615, 1.12372, 120.578
5943, 99.05000, 1.01952, 32.6558, 5.72275, -147.246, 5.55124, 32.6902, 0.0378181, 127.523, 1.14717, -59.3618, 1.12364, 120.578
5944, 99.05833, 1.01935, 32.6544, 5.72004, -147.246, 5.5487, 32.6908, 0.0377976, 127.523, 1.14708, -59.3621, 1.12356, 120.578
5944, 99.06667, 1.01919, 32.653, 5.71733, -147.245, 5.54617, 32.6913, 0.0377772, 127.522, 1.14699, -59.3624, 1.12348, 120.577
5945, 99.07500, 1.01902, 32.6516, 5.71463, -147.245, 5.54364, 32.6918, 0.0377568, 127.522, 1.14689, -59.3627, 1.1234, 120.577
5945, 99.08334, 1.01886, 32.6503, 5.71193, -147.244, 5.54111, 32.6923, 0.0377364, 127.522, 1.1468, -59.363, 1.12332, 120.577
5946, 99.09167, 1.01869, 32.6489, 5.70922, -147.244, 5.53858, 32.6929, 0.037716, 127.522, 1.1467, -59.3633, 1.12324, 120.577
5946, 99.10000, 1.01852, 32.6475, 5.70652, -147.243, 5.53605, 32.6934, 0.0376957, 127.521, 1.14661, -59.3636, 1.12316, 120.576
5947, 99.10833, 1.01836, 32.6461, 5.70382, -147.243, 5.53352, 32.6939, 0.0376753, 127.521, 1.14651, -59.3639, 1.12308, 120.576
5947, 99.11667, 1.01819, 32.6448, 5.70112, -147.242, 5.53099, 32.6944, 0.037655, 127.521, 1.14642, -59.3642, 1.123, 120.576
5948, 99.12500, 1.01803, 32.6434, 5.69842, -147.242, 5.52846, 32.695, 0.0376347, 127.521, 1.14632, -59.3645, 1.12292, 120.575
5948, 99.13333, 1.01786, 32.642, 5.69572, -147.241, 5.52594, 32.6955, 0.0376144, 127.52, 1.14623, -59.3648, 1.12284, 120.575
5949, 99.14167, 1.0177, 32.6407, 5.69303, -147.241, 5.52341, 32.696, 0.0375941, 127.52, 1.14614, -59.3651, 1.12277, 120.575
5949, 99.15000, 1.01754, 32.6393, 5.69033, -147.24, 5.52089, 32.6966, 0.0375739, 127.52, 1.14604, -59.3654, 1.12269, 120.575
5950, 99.15833, 1.01737, 32.638, 5.68763, -147.24, 5.51836, 32.6971, 0.0375536, 127.52, 1.14595, -59.3657, 1.12261, 120.574
5950, 99.16666, 1.01721, 32.6366, 5.68494, -147.24, 5.51584, 32.6976, 0.0375334, 127.52, 1.14585, -59.366, 1.12253, 120.574
5951, 99.17500, 1.01704, 32.6353, 5.68225, -147.239, 5.51331, 32.6982, 0.0375132, 127.519, 1.14576, -59.3663, 1.12245, 120.574
5951, 99.18333, 1.01688, 32.6339, 5.67955, -147.239, 5.51079, 32.6987, 0.037493, 127.519, 1.14567, -59.3666, 1.12237, 120.573
5952, 99.19167, 1.01672, 32.6326, 5.67686, -147.238, 5.50827, 32.6992, 0.0374728, 127.519, 1.14557, -59.3669, 1.12229, 120.573
5952, 99.20000, 1.01655, 32.6312, 5.67417, -147.238, 5.50575, 32.6998, 0.0374527, 127.519, 1.14548, -59.3672, 1.12221, 120.573
5953, 99.20834, 1.01639, 32.6299, 5.67148, -147.237, 5.50323, 32.7003, 0.0374325, 127.519, 1.14539, -59.3675, 1.12213, 120.573
5953, 99.21667, 1.01623, 32.6285, 5.66879, -147.237, 5.50071, 32.7008, 0.0374124, 127.519, 1.14529, -59.3678, 1.12205, 120.572
5954, 99.22500, 1.01607, 32.6272, 5.6661, -147.236, 5.49819, 32.7014, 0.0373923, 127.518, 1.1452, -59.3681, 1.12197, 120.572
5954, 99.23333, 1.0159, 32.6259, 5.66341, -147.236, 5.49567, 32.7019, 0.0373722, 127.518, 1.14511, -59.3684, 1.1219, 120.572
5955, 99.24167, 1.01574, 32.6245, 5.66073, -147.235, 5.49316, 32.7025, 0.0373521, 127.518, 1.14501, -59.3687, 1.12182, 120.572
5955, 99.25000, 1.01558, 32.6232, 5.65804, -147.235, 5.49064, 32.703, 0.0373321, 127.518, 1.14492, -59.369, 1.12174, 120.571
5956, 99.25833, 1.01542, 32.6219, 5.65536, -147.234, 5.48812, 32.7035, 0.0373121, 127.518, 1.14483, -59.3693, 1.12166, 120.571
5956, 99.26667, 1.01526, 32.6206, 5.65267, -147.234, 5.48561, 32.7041, 0.037292, 127.518, 1.14473, -59.3696, 1.12158, 120.571
5957, 99.27500, 1.01509, 32.6192, 5.64999, -147.233, 5.4831, 32.7046, 0.037272, 127.518, 1.14464, -59.3699, 1.1215, 120.57
5957, 99.28333, 1.01493, 32.6179, 5.64731, -147.233, 5.48058, 32.7052, 0.0372521, 127.518, 1.14455, -59.3702, 1.12142, 120.57
5958, 99.29166, 1.01477, 32.6166, 5.64463, -147.232, 5.47807, 32.7057, 0.0372321, 127.517, 1.14445, -59.3705, 1.12134, 120.57
5958, 99.30000, 1.01461, 32.6153, 5.64195, -147.232, 5.47556, 32.7063, 0.0372121, 127.517, 1.14436, -59.3708, 1.12127, 120.57
5959, 99.30833, 1.01445, 32.614, 5.63927, -147.231, 5.47305, 32.7068, 0.0371922, 127.517, 1.14427, -59.3711, 1.12119, 120.569
5959, 99.31667, 1.01429, 32.6126, 5.63659, -147.231, 5.47054, 32.7074, 0.0371723, 127.517, 1.14418, -59.3714, 1.12111, 120.569
5960, 99.32500, 1.01413, 32.6113, 5.63391, -147.23, 5.46803, 32.7079, 0.0371524, 127.517, 1.14408, -59.3717, 1.12103, 120.569
5960, 99.33334, 1.01397, 32.61, 5.63123, -147.23, 5.46552, 32.7085, 0.0371325, 127.517, 1.14399, -59.372, 1.12095, 120.568
5961, 99.34167, 1.01381, 32.6087, 5.62856, -147.229, 5.46301, 32.709, 0.0371126, 127.517, 1.1439, -59.3723, 1.12087, 120.568
5961, 99.35000, 1.01365, 32.6074, 5.62588, -147.229, 5.4605, 32.7095, 0.0370928, 127.517, 1.1438, -59.3725, 1.1208, 120.568
5962, 99.35833, 1.01349, 32.6061, 5.62321, -147.228, 5.45799, 32.7101, 0.0370729, 127.517, 1.14371, -59.3728, 1.12072, 120.568
5962, 99.36667, 1.01333, 32.6048, 5.62053, -147.228, 5.45549, 32.7107, 0.0370531, 127.517, 1.14362, -59.3731, 1.12064, 120.567
5963, 99.37500, 1.01317, 32.6035, 5.61786, -147.227, 5.45298, 32.7112, 0.0370333, 127.517, 1.14353, -59.3734, 1.12056, 120.567
5963, 99.38333, 1.01301, 32.6022, 5.61519, -147.227, 5.45048, 32.7118, 0.0370135, 127.517, 1.14344, -59.3737, 1.12048, 120.567
5964, 99.39167, 1.01286, 32.6009, 5.61252, -147.226, 5.44797, 32.7123, 0.0369938, 127.517, 1.14334, -59.374, 1.1204, 120.567
5964, 99.40000, 1.0127, 32.5996, 5.60985, -147.226, 5.44547, 32.7129, 0.036974, 127.517, 1.14325, -59.3743, 1.12033, 120.566
5965, 99.40833, 1.01254, 32.5983, 5.60718, -147.225, 5.44297, 32.7134, 0.0369543, 127.517, 1.14316, -59.3746, 1.12025, 120.566
5965, 99.41666, 1.01238, 32.597, 5.60451, -147.225, 5.44046, 32.714, 0.0369346, 127.517, 1.14307, -59.3749, 1.12017, 120.566
5966, 99.42500, 1.01222, 32.5958, 5.60185, -147.224, 5.43796, 32.7145, 0.0369149, 127.517, 1.14297, -59.3751, 1.12009, 120.565
5966, 99.43333, 1.01207, 32.5945, 5.59918, -147.224, 5.43546, 32.7151, 0.0368952, 127.517, 1.14288, -59.3754, 1.12002, 120.565
5967, 99.44167, 1.01191, 32.5932, 5.59651, -147.223, 5.43296, 32.7157, 0.0368755, 127.517, 1.14279, -59.3757, 1.11994, 120.565
5967, 99.45000, 1.01175, 32.5919, 5.59385, -147.223, 5.43046, 32.7162, 0.0368559, 127.517, 1.1427, -59.376, 1.11986, 120.565
5968, 99.45834, 1.0116, 32.5906, 5.59119, -147.222, 5.42797, 32.7168, 0.0368363, 127.517, 1.14261, -59.3763, 1.11978, 120.564
5968, 99.46667, 1.01144, 32.5894, 5.58852, -147.221, 5.42547, 32.7173, 0.0368166, 127.517, 1.14251, -59.3766, 1.1197, 120.564
5969, 99.47500, 1.01128, 32.5881, 5.58586, -147.221, 5.42297, 32.7179, 0.0367971, 127.517, 1.14242, -59.3769, 1.11963, 120.564
5969, 99.48333, 1.01113, 32.5868, 5.5832, -147.22, 5.42048, 32.7185, 0.0367775, 127.517, 1.14233, -59.3771, 1.11955, 120.564
5970, 99.49167, 1.01097, 32.5856, 5.58054, -147.22, 5.41798, 32.719, 0.0367579, 127.517, 1.14224, -59.3774, 1.11947, 120.563
5970, 99.50000, 1.01081, 32.5843, 5.57788, -147.219, 5.41548, 32.7196, 0.0367384, 127.517, 1.14215, -59.3777, 1.11939, 120.563
5971, 99.50833, 1.01066, 32.583, 5.57522, -147.219, 5.41299, 32.7201, 0.0367188, 127.518, 1.14206, -59.378, 1.11932, 120.563
5971, 99.51667, 1.0105, 32.5818, 5.57256, -147.218, 5.4105, 32.7207, 0.0366993, 127.518, 1.14197, -59.3783, 1.11924, 120.562
5972, 99.52500, 1.01035, 32.5805, 5.56991, -147.218, 5.408, 32.7213, 0.0366798, 127.518, 1.14187, -59.3785, 1.11916, 120.562
5972, 99.53333, 1.01019, 32.5793, 5.56725, -147.217, 5.40551, 32.7218, 0.0366603, 127.518, 1.14178, -59.3788, 1.11908, 120.562
5973, 99.54166, 1.01004, 32.578, 5.5646, -147.217, 5.40302, 32.7224, 0.0366409, 127.518, 1.14169, -59.3791, 1.11901, 120.562
5973, 99.55000, 1.00988, 32.5767, 5.56194, -147.216, 5.40053, 32.723, 0.0366214, 127.518, 1.1416, -59.3794, 1.11893, 120.561
5974, 99.55833, 1.00973, 32.5755, 5.55929, -147.216, 5.39804, 32.7236, 0.036602, 127.518, 1.14151, -59.3797, 1.11885, 120.561
5974, 99.56667, 1.00957, 32.5742, 5.55664, -147.215, 5.39555, 32.7241, 0.0365826, 127.518, 1.14142, -59.3799, 1.11878, 120.561
5975, 99.57500, 1.00942, 32.573, 5.55399, -147.215, 5.39306, 32.7247, 0.0365632, 127.519, 1.14133, -59.3802, 1.1187, 120.561
5975, 99.58334, 1.00926, 32.5718, 5.55133, -147.214, 5.39058, 32.7253, 0.0365438, 127.519, 1.14124, -59.3805, 1.11862, 120.56
5976, 99.59167, 1.00911, 32.5705, 5.54869, -147.214, 5.38809, 32.7258, 0.0365244, 127.519, 1.14115, -59.3808, 1.11854, 120.56
5976, 99.60000, 1.00896, 32.5693, 5.54604, -147.213, 5.3856, 32.7264, 0.0365051, 127.519, 1.14105, -59.381, 1.11847, 120.56
5977, 99.60833, 1.0088, 32.568, 5.54339, -147.212, 5.38312, 32.727, 0.0364858, 127.519, 1.14096, -59.3813, 1.11839, 120.559
5977, 99.61667, 1.00865, 32.5668, 5.54074, -147.212, 5.38063, 32.7276, 0.0364664, 127.519, 1.14087, -59.3816, 1.11831, 120.559
5978, 99.62500, 1.0085, 32.5656, 5.53809, -147.211, 5.37815, 32.7281, 0.0364471, 127.52, 1.14078, -59.3819, 1.11824, 120.559
5978, 99.63333, 1.00834, 32.5643, 5.53545, -147.211, 5.37567, 32.7287, 0.0364279, 127.52, 1.14069, -59.3821, 1.11816, 120.559
5979, 99.64167, 1.00819, 32.5631, 5.5328, -147.21, 5.37318, 32.7293, 0.0364086, 127.52, 1.1406, -59.3824, 1.11808, 120.558
5979, 99.65000, 1.00804, 32.5619, 5.53016, -147.21, 5.3707, 32.7299, 0.0363893, 127.52, 1.14051, -59.3827, 1.11801, 120.558
5980, 99.65833, 1.00789, 32.5606, 5.52752, -147.209, 5.36822, 32.7304, 0.0363701, 127.521, 1.14042, -59.383, 1.11793, 120.558
5980, 99.66666, 1.00773, 32.5594, 5.52488, -147.209, 5.36574, 32.731, 0.0363509, 127.521, 1.14033, -59.3832, 1.11785, 120.558
5981, 99.67500, 1.00758, 32.5582, 5.52223, -147.208, 5.36326, 32.7316, 0.0363317, 127.521, 1.14024, -59.3835, 1.11778, 120.557
5981, 99.68333, 1.00743, 32.557, 5.51959, -147.208, 5.36078, 32.7322, 0.0363125, 127.521, 1.14015, -59.3838, 1.1177, 120.557
5982, 99.69167, 1.00728, 32.5558, 5.51695, -147.207, 5.3583, 32.7328, 0.0362934, 127.522, 1.14006, -59.3841, 1.11762, 120.557
5982, 99.70000, 1.00713, 32.5546, 5.51432, -147.206, 5.35582, 32.7333, 0.0362742, 127.522, 1.13997, -59.3843, 1.11755, 120.557
5983, 99.70834, 1.00698, 32.5533, 5.51168, -147.206, 5.35335, 32.7339, 0.0362551, 127.522, 1.13988, -59.3846, 1.11747, 120.556
5983, 99.71667, 1.00683, 32.5521, 5.50904, -147.205, 5.35087, 32.7345, 0.036236, 127.522, 1.13979, -59.3849, 1.11739, 120.556
5984, 99.72500, 1.00667, 32.5509, 5.5064, -147.205, 5.3484, 32.7351, 0.0362169, 127.523, 1.1397, -59.3851, 1.11732, 120.556
5984, 99.73333, 1.00652, 32.5497, 5.50377, -147.204, 5.34592, 32.7357, 0.0361978, 127.523, 1.13961, -59.3854, 1.11724, 120.555
5985, 99.74167, 1.00637, 32.5485, 5.50113, -147.204, 5.34345, 32.7363, 0.0361787, 127.523, 1.13952, -59.3857, 1.11716, 120.555
5985, 99.75000, 1.00622, 32.5473, 5.4985, -147.203, 5.34097, 32.7369, 0.0361597, 127.524, 1.13943, -59.3859, 1.11709, 120.555
5986, 99.75833, 1.00607, 32.5461, 5.49587, -147.202, 5.3385, 32.7374, 0.0361406, 127.524, 1.13934, -59.3862, 1.11701, 120.555
5986, 99.76667, 1.00592, 32.5449, 5.49324, -147.202, 5.33603, 32.738, 0.0361216, 127.524, 1.13925, -59.3865, 1.11694, 120.554
5987, 99.77500, 1.00577, 32.5437, 5.49061, -147.201, 5.33356, 32.7386, 0.0361026, 127.525, 1.13916, -59.3867, 1.11686, 120.554
5987, 99.78333, 1.00562, 32.5425, 5.48798, -147.201, 5.33109, 32.7392, 0.0360836, 127.525, 1.13907, -59.387, 1.11678, 120.554
5988, 99.79166, 1.00548, 32.5413, 5.48535, -147.2, 5.32862, 32.7398, 0.0360646, 127.525, 1.13898, -59.3873, 1.11671, 120.554
5988, 99.80000, 1.00533, 32.5401, 5.48272, -147.2, 5.32615, 32.7404, 0.0360457, 127.526, 1.13889, -59.3875, 1.11663, 120.553
5989, 99.80833, 1.00518, 32.539, 5.48009, -147.199, 5.32368, 32.741, 0.0360268, 127.526, 1.1388, -59.3878, 1.11656, 120.553
5989, 99.81667, 1.00503, 32.5378, 5.47746, -147.199, 5.32121, 32.7416, 0.0360078, 127.526, 1.13871, -59.3881, 1.11648, 120.553
5990, 99.82500, 1.00488, 32.5366, 5.47484, -147.198, 5.31874, 32.7422, 0.0359889, 127.527, 1.13862, -59.3883, 1.1164, 120.553
5990, 99.83334, 1.00473, 32.5354, 5.47221, -147.197, 5.31628, 32.7428, 0.0359701, 127.527, 1.13853, -59.3886, 1.11633, 120.552
5991, 99.84167, 1.00458, 32.5342, 5.46959, -147.197, 5.31381, 32.7434, 0.0359512, 127.528, 1.13844, -59.3888, 1.11625, 120.552
5991, 99.85000, 1.00444, 32.5331, 5.46696, -147.196, 5.31134, 32.744, 0.0359323, 127.528, 1.13836, -59.3891, 1.11618, 120.552
5992, 99.85833, 1.00429, 32.5319, 5.46434, -147.196, 5.30888, 32.7446, 0.0359135, 127.528, 1.13827, -59.3894, 1.1161, 120.552
5992, 99.86667, 1.00414, 32.5307, 5.46172, -147.195, 5.30642, 32.7452, 0.0358947, 127.529, 1.13818, -59.3896, 1.11603, 120.551
5993, 99.87500, 1.00399, 32.5295, 5.4591, -147.195, 5.30395, 32.7458, 0.0358759, 127.529, 1.13809, -59.3899, 1.11595, 120.551
5993, 99.88333, 1.00385, 32.5284, 5.45648, -147.194, 5.30149, 32.7464, 0.0358571, 127.53, 1.138, -59.3901, 1.11587, 120.551
5994, 99.89167, 1.0037, 32.5272, 5.45386, -147.193, 5.29903, 32.747, 0.0358383, 127.53, 1.13791, -59.3904, 1.1158, 120.551
5994, 99.90000, 1.00355, 32.526, 5.45124, -147.193, 5.29657, 32.7476, 0.0358196, 127.531, 1.13782, -59.3907, 1.11572, 120.55
5995, 99.90833, 1.00341, 32.5249, 5.44862, -147.192, 5.29411, 32.7482, 0.0358008, 127.531, 1.13773, -59.3909, 1.11565, 120.55
5995, 99.91666, 1.00326, 32.5237, 5.44601, -147.192, 5.29165, 32.7488, 0.0357821, 127.532, 1.13764, -59.3912, 1.11557, 120.55
5996, 99.92500, 1.00311, 32.5226, 5.44339, -147.191, 5.28919, 32.7494, 0.0357634, 127.532, 1.13756, -59.3914, 1.1155, 120.549
5996, 99.93333, 1.00297, 32.5214, 5.44078, -147.19, 5.28673, 32.75, 0.0357447, 127.533, 1.13747, -59.3917, 1.11542, 120.549
5997, 99.94167, 1.00282, 32.5203, 5.43816, -147.19, 5.28427, 32.7506, 0.035726, 127.533, 1.13738, -59.392, 1.11535, 120.549
5997, 99.95000, 1.00267, 32.5191, 5.43555, -147.189, 5.28182, 32.7512, 0.0357074, 127.534, 1.13729, -59.3922, 1.11527, 120.549
5998, 99.95834, 1.00253, 32.518, 5.43294, -147.189, 5.27936, 32.7518, 0.0356887, 127.534, 1.1372, -59.3925, 1.1152, 120.548
5998, 99.96667, 1.00238, 32.5168, 5.43033, -147.188, 5.2769, 32.7524, 0.0356701, 127.535, 1.13711, -59.3927, 1.11512, 120.548
5999, 99.97500, 1.00224, 32.5157, 5.42771, -147.187, 5.27445, 32.753, 0.0356515, 127.535, 1.13702, -59.393, 1.11505, 120.548
5999, 99.98333, 1.00209, 32.5145, 5.4251, -147.187, 5.272, 32.7536, 0.0356329, 127.536, 1.13694, -59.3932, 1.11497, 120.548
6000, 99.99167, 1.00195, 32.5134, 5.4225, -147.186, 5.26954, 32.7542, 0.0356143, 127.536, 1.13685, -59.3935, 1.1149, 120.547
6000, 100.00000, 1.0018, 32.5122, 5.41989, -147.186, 5.26709, 32.7548, 0.0355958, 127.537, 1.13676, -59.3937, 1.11482, 120.547
