Freq, Harmonic, V1, VAngle1, V2, VAngle2, V3, VAngle3, I1, IAngle1, I2, IAngle2, I3, IAngle3
60, 1.00000, 14390.3, -2.73218, 14270.1, -123.406, 14285.3, 117.215, 34.004, -9.61246, 36.2604, -127.271, 36.3906, 116.357
60, 1.00833, 12260.2, -1.41957, 12796.2, -123.618, 12834.5, 117.866, 65.6936, -26.9515, 69.8515, -144.526, 68.2144, 99.9878
61, 1.01667, 0.175446, 46.1289, 5.85977, -30.2816, 6.04812, 149.964, 0.00193478, -37.5463, 0.143902, 113.96, 0.144562, -66.2498
62, 1.02500, 0.176412, 45.7118, 5.87903, -30.1556, 6.06815, 150.094, 0.00194063, -37.4034, 0.143962, 113.867, 0.144624, -66.3428
62, 1.03333, 0.177384, 45.2963, 5.89841, -30.0305, 6.08832, 150.223, 0.00194649, -37.262, 0.144022, 113.775, 0.144685, -66.4354
63, 1.04167, 0.178362, 44.8826, 5.91793, -29.9063, 6.10863, 150.351, 0.00195234, -37.122, 0.144084, 113.683, 0.144748, -66.5277
63, 1.05000, 0.179347, 44.4705, 5.93757, -29.7831, 6.12907, 150.478, 0.00195819, -36.9834, 0.144146, 113.592, 0.144811, -66.6196
63, 1.05833, 0.180338, 44.0601, 5.95735, -29.6608, 6.14965, 150.605, 0.00196404, -36.8462, 0.144208, 113.501, 0.144875, -66.7113
64, 1.06667, 0.181335, 43.6513, 5.97725, -29.5395, 6.17036, 150.73, 0.00196989, -36.7102, 0.144271, 113.41, 0.14494, -66.8027
65, 1.07500, 0.182339, 43.2442, 5.99729, -29.4191, 6.19121, 150.854, 0.00197573, -36.5755, 0.144335, 113.319, 0.145005, -66.8937
65, 1.08333, 0.18335, 42.8386, 6.01745, -29.2996, 6.2122, 150.978, 0.00198158, -36.442, 0.1444, 113.229, 0.145071, -66.9845
66, 1.09167, 0.184367, 42.4346, 6.03774, -29.1812, 6.23332, 151.1, 0.00198742, -36.3096, 0.144465, 113.139, 0.145138, -67.0751
66, 1.10000, 0.18539, 42.0322, 6.05816, -29.0636, 6.25457, 151.221, 0.00199326, -36.1784, 0.144531, 113.049, 0.145205, -67.1653
66, 1.10833, 0.18642, 41.6313, 6.07871, -28.9471, 6.27596, 151.342, 0.0019991, -36.0482, 0.144598, 112.96, 0.145274, -67.2553
67, 1.11667, 0.187457, 41.2319, 6.09939, -28.8315, 6.29749, 151.461, 0.00200494, -35.9189, 0.144665, 112.871, 0.145343, -67.3451
68, 1.12500, 0.1885, 40.834, 6.12019, -28.7169, 6.31915, 151.58, 0.00201077, -35.7907, 0.144733, 112.782, 0.145412, -67.4346
68, 1.13333, 0.189549, 40.4375, 6.14113, -28.6033, 6.34095, 151.697, 0.00201661, -35.6634, 0.144802, 112.693, 0.145483, -67.5238
69, 1.14167, 0.190605, 40.0424, 6.16219, -28.4906, 6.36288, 151.814, 0.00202244, -35.5369, 0.144871, 112.604, 0.145554, -67.6129
69, 1.15000, 0.191668, 39.6488, 6.18338, -28.3789, 6.38495, 151.929, 0.00202827, -35.4113, 0.144941, 112.516, 0.145626, -67.7017
69, 1.15833, 0.192737, 39.2566, 6.2047, -28.2682, 6.40715, 152.044, 0.00203411, -35.2865, 0.145012, 112.428, 0.145699, -67.7903
70, 1.16667, 0.193812, 38.8658, 6.22615, -28.1585, 6.42949, 152.157, 0.00203994, -35.1625, 0.145084, 112.34, 0.145772, -67.8788
71, 1.17500, 0.194894, 38.4763, 6.24773, -28.0498, 6.45196, 152.27, 0.00204577, -35.0391, 0.145156, 112.252, 0.145846, -67.967
71, 1.18333, 0.195983, 38.0881, 6.26943, -27.942, 6.47457, 152.382, 0.0020516, -34.9165, 0.145229, 112.165, 0.145921, -68.055
72, 1.19167, 0.197079, 37.7012, 6.29126, -27.8353, 6.49731, 152.492, 0.00205744, -34.7945, 0.145303, 112.077, 0.145997, -68.1428
72, 1.20000, 0.198181, 37.3157, 6.31322, -27.7295, 6.52019, 152.602, 0.00206327, -34.6731, 0.145378, 111.99, 0.146074, -68.2304
72, 1.20833, 0.199289, 36.9314, 6.33531, -27.6247, 6.5432, 152.711, 0.00206911, -34.5523, 0.145453, 111.903, 0.146151, -68.3179
73, 1.21667, 0.200405, 36.5483, 6.35753, -27.5209, 6.56634, 152.818, 0.00207495, -34.4321, 0.145529, 111.816, 0.146229, -68.4052
74, 1.22500, 0.201527, 36.1664, 6.37987, -27.4181, 6.58962, 152.925, 0.00208079, -34.3123, 0.145606, 111.729, 0.146308, -68.4923
74, 1.23333, 0.202655, 35.7858, 6.40234, -27.3163, 6.61304, 153.031, 0.00208663, -34.193, 0.145683, 111.643, 0.146388, -68.5793
75, 1.24167, 0.203791, 35.4063, 6.42494, -27.2154, 6.63659, 153.135, 0.00209248, -34.0742, 0.145762, 111.556, 0.146469, -68.6661
75, 1.25000, 0.204933, 35.028, 6.44767, -27.1156, 6.66027, 153.239, 0.00209833, -33.9558, 0.145841, 111.47, 0.14655, -68.7528
75, 1.25833, 0.206082, 34.6508, 6.47052, -27.0167, 6.68409, 153.342, 0.00210418, -33.8377, 0.145921, 111.384, 0.146632, -68.8394
76, 1.26667, 0.207238, 34.2747, 6.4935, -26.9189, 6.70805, 153.444, 0.00211004, -33.72, 0.146001, 111.298, 0.146716, -68.9258
77, 1.27500, 0.2084, 33.8997, 6.51661, -26.822, 6.73214, 153.544, 0.00211591, -33.6026, 0.146083, 111.212, 0.146799, -69.012
77, 1.28333, 0.209569, 33.5258, 6.53985, -26.7261, 6.75636, 153.644, 0.00212178, -33.4856, 0.146165, 111.126, 0.146884, -69.0982
78, 1.29167, 0.210745, 33.1529, 6.56322, -26.6312, 6.78073, 153.743, 0.00212766, -33.3687, 0.146248, 111.041, 0.14697, -69.1842
78, 1.30000, 0.211928, 32.7811, 6.58671, -26.5373, 6.80522, 153.841, 0.00213354, -33.2521, 0.146332, 110.955, 0.147056, -69.2701
78, 1.30833, 0.213118, 32.4103, 6.61033, -26.4444, 6.82985, 153.938, 0.00213944, -33.1358, 0.146416, 110.87, 0.147144, -69.3559
79, 1.31667, 0.214315, 32.0404, 6.63408, -26.3524, 6.85462, 154.034, 0.00214534, -33.0196, 0.146502, 110.784, 0.147232, -69.4416
80, 1.32500, 0.215519, 31.6715, 6.65796, -26.2615, 6.87952, 154.128, 0.00215125, -32.9035, 0.146588, 110.699, 0.147321, -69.5272
80, 1.33333, 0.21673, 31.3036, 6.68197, -26.1715, 6.90456, 154.222, 0.00215717, -32.7876, 0.146675, 110.614, 0.147411, -69.6127
81, 1.34167, 0.217947, 30.9365, 6.7061, -26.0825, 6.92973, 154.315, 0.0021631, -32.6718, 0.146763, 110.529, 0.147501, -69.6981
81, 1.35000, 0.219172, 30.5704, 6.73036, -25.9945, 6.95504, 154.407, 0.00216905, -32.5561, 0.146852, 110.444, 0.147593, -69.7835
81, 1.35833, 0.220404, 30.2052, 6.75476, -25.9075, 6.98049, 154.498, 0.002175, -32.4405, 0.146941, 110.359, 0.147686, -69.8687
82, 1.36667, 0.221643, 29.8408, 6.77928, -25.8214, 7.00607, 154.588, 0.00218097, -32.3248, 0.147032, 110.274, 0.147779, -69.9539
83, 1.37500, 0.222889, 29.4773, 6.80393, -25.7364, 7.03179, 154.677, 0.00218696, -32.2092, 0.147123, 110.189, 0.147873, -70.039
83, 1.38333, 0.224142, 29.1146, 6.8287, -25.6523, 7.05764, 154.766, 0.00219296, -32.0936, 0.147215, 110.104, 0.147969, -70.124
84, 1.39167, 0.225402, 28.7526, 6.85361, -25.5692, 7.08364, 154.853, 0.00219897, -31.978, 0.147308, 110.02, 0.148065, -70.209
84, 1.40000, 0.226669, 28.3915, 6.87865, -25.4871, 7.10977, 154.939, 0.002205, -31.8623, 0.147402, 109.935, 0.148162, -70.2939
84, 1.40833, 0.227944, 28.0311, 6.90381, -25.4059, 7.13603, 155.024, 0.00221105, -31.7466, 0.147496, 109.851, 0.14826, -70.3787
85, 1.41667, 0.229226, 27.6715, 6.92911, -25.3257, 7.16244, 155.108, 0.00221712, -31.6307, 0.147592, 109.766, 0.148358, -70.4635
86, 1.42500, 0.230515, 27.3126, 6.95453, -25.2465, 7.18898, 155.192, 0.0022232, -31.5148, 0.147688, 109.682, 0.148458, -70.5482
86, 1.43333, 0.231811, 26.9544, 6.98009, -25.1682, 7.21566, 155.274, 0.00222931, -31.3988, 0.147785, 109.597, 0.148559, -70.6329
87, 1.44167, 0.233115, 26.5968, 7.00577, -25.0909, 7.24248, 155.355, 0.00223544, -31.2826, 0.147883, 109.513, 0.148661, -70.7176
87, 1.45000, 0.234426, 26.24, 7.03159, -25.0146, 7.26944, 155.436, 0.00224159, -31.1662, 0.147982, 109.428, 0.148763, -70.8023
87, 1.45833, 0.235744, 25.8837, 7.05753, -24.9393, 7.29654, 155.515, 0.00224776, -31.0497, 0.148082, 109.344, 0.148867, -70.8869
88, 1.46667, 0.23707, 25.5281, 7.08361, -24.8649, 7.32378, 155.594, 0.00225396, -30.933, 0.148183, 109.259, 0.148971, -70.9715
89, 1.47500, 0.238403, 25.1731, 7.10981, -24.7914, 7.35115, 155.672, 0.00226019, -30.8162, 0.148284, 109.175, 0.149077, -71.056
89, 1.48333, 0.239744, 24.8187, 7.13615, -24.7189, 7.37866, 155.748, 0.00226644, -30.6991, 0.148387, 109.091, 0.149183, -71.1405
90, 1.49167, 0.241092, 24.4648, 7.16262, -24.6474, 7.40632, 155.824, 0.00227272, -30.5817, 0.14849, 109.006, 0.14929, -71.2251
90, 1.50000, 0.242448, 24.1115, 7.18922, -24.5769, 7.43412, 155.899, 0.00227903, -30.4642, 0.148594, 108.922, 0.149399, -71.3096
90, 1.50833, 0.243811, 23.7587, 7.21595, -24.5072, 7.46205, 155.973, 0.00228537, -30.3463, 0.148699, 108.838, 0.149508, -71.3941
91, 1.51667, 0.245182, 23.4064, 7.24282, -24.4386, 7.49013, 156.046, 0.00229174, -30.2282, 0.148806, 108.753, 0.149618, -71.4786
92, 1.52500, 0.246561, 23.0547, 7.26981, -24.3709, 7.51835, 156.118, 0.00229814, -30.1099, 0.148913, 108.669, 0.149729, -71.5631
92, 1.53333, 0.247947, 22.7033, 7.29694, -24.3041, 7.54671, 156.189, 0.00230458, -29.9913, 0.149021, 108.585, 0.149842, -71.6476
93, 1.54167, 0.249341, 22.3524, 7.3242, -24.2383, 7.57522, 156.259, 0.00231105, -29.8723, 0.149129, 108.5, 0.149955, -71.7321
93, 1.55000, 0.250742, 22.002, 7.35159, -24.1734, 7.60386, 156.328, 0.00231756, -29.7531, 0.149239, 108.416, 0.150069, -71.8167
93, 1.55833, 0.252152, 21.652, 7.37912, -24.1094, 7.63265, 156.397, 0.0023241, -29.6335, 0.14935, 108.332, 0.150184, -71.9012
94, 1.56667, 0.253569, 21.3023, 7.40678, -24.0464, 7.66159, 156.464, 0.00233069, -29.5137, 0.149462, 108.247, 0.150301, -71.9858
94, 1.57500, 0.254994, 20.953, 7.43457, -23.9844, 7.69066, 156.531, 0.00233731, -29.3935, 0.149574, 108.163, 0.150418, -72.0703
95, 1.58333, 0.256426, 20.6041, 7.4625, -23.9233, 7.71988, 156.596, 0.00234398, -29.273, 0.149688, 108.078, 0.150536, -72.155
96, 1.59167, 0.257867, 20.2555, 7.49056, -23.8631, 7.74925, 156.661, 0.00235069, -29.1521, 0.149802, 107.993, 0.150656, -72.2396
96, 1.60000, 0.259315, 19.9073, 7.51876, -23.8038, 7.77876, 156.725, 0.00235744, -29.0309, 0.149918, 107.909, 0.150776, -72.3243
96, 1.60833, 0.260771, 19.5594, 7.54709, -23.7455, 7.80842, 156.788, 0.00236425, -28.9093, 0.150034, 107.824, 0.150897, -72.409
97, 1.61667, 0.262235, 19.2117, 7.57556, -23.6881, 7.83822, 156.85, 0.00237109, -28.7874, 0.150151, 107.74, 0.15102, -72.4937
98, 1.62500, 0.263707, 18.8643, 7.60416, -23.6316, 7.86817, 156.911, 0.00237799, -28.6651, 0.15027, 107.655, 0.151143, -72.5785
98, 1.63333, 0.265187, 18.5171, 7.6329, -23.576, 7.89827, 156.971, 0.00238494, -28.5425, 0.150389, 107.57, 0.151268, -72.6634
99, 1.64167, 0.266676, 18.1701, 7.66177, -23.5214, 7.92851, 157.031, 0.00239194, -28.4195, 0.150509, 107.485, 0.151393, -72.7483
99, 1.65000, 0.268172, 17.8234, 7.69078, -23.4677, 7.9589, 157.089, 0.00239899, -28.2962, 0.15063, 107.4, 0.15152, -72.8332
99, 1.65833, 0.269676, 17.4769, 7.71993, -23.4149, 7.98944, 157.147, 0.0024061, -28.1725, 0.150753, 107.315, 0.151648, -72.9182
100, 1.66667, 0.271188, 17.1305, 7.74922, -23.363, 8.02014, 157.203, 0.00241326, -28.0484, 0.150876, 107.23, 0.151777, -73.0033
101, 1.67500, 0.272708, 16.7843, 7.77864, -23.312, 8.05098, 157.259, 0.00242049, -27.924, 0.151, 107.145, 0.151907, -73.0884
101, 1.68333, 0.274237, 16.4383, 7.8082, -23.262, 8.08197, 157.314, 0.00242777, -27.7992, 0.151125, 107.06, 0.152038, -73.1736
102, 1.69167, 0.275773, 16.0923, 7.8379, -23.2128, 8.11311, 157.368, 0.00243512, -27.6741, 0.151251, 106.974, 0.15217, -73.2589
102, 1.70000, 0.277318, 15.7465, 7.86774, -23.1646, 8.1444, 157.421, 0.00244252, -27.5486, 0.151379, 106.889, 0.152303, -73.3442
102, 1.70833, 0.278871, 15.4007, 7.89772, -23.1173, 8.17585, 157.474, 0.00245, -27.4227, 0.151507, 106.804, 0.152437, -73.4296
103, 1.71667, 0.280432, 15.055, 7.92784, -23.0709, 8.20745, 157.525, 0.00245754, -27.2965, 0.151636, 106.718, 0.152572, -73.5151
104, 1.72500, 0.282001, 14.7094, 7.95809, -23.0254, 8.2392, 157.576, 0.00246515, -27.17, 0.151766, 106.632, 0.152709, -73.6007
104, 1.73333, 0.283578, 14.3638, 7.98849, -22.9808, 8.2711, 157.625, 0.00247283, -27.0431, 0.151897, 106.547, 0.152847, -73.6864
105, 1.74167, 0.285164, 14.0181, 8.01903, -22.937, 8.30316, 157.674, 0.00248058, -26.9159, 0.15203, 106.461, 0.152985, -73.7722
105, 1.75000, 0.286758, 13.6726, 8.04971, -22.8942, 8.33538, 157.722, 0.0024884, -26.7884, 0.152163, 106.375, 0.153125, -73.858
105, 1.75833, 0.28836, 13.327, 8.08053, -22.8523, 8.36775, 157.769, 0.0024963, -26.6606, 0.152297, 106.289, 0.153266, -73.944
106, 1.76667, 0.289971, 12.9813, 8.11149, -22.8113, 8.40028, 157.816, 0.00250428, -26.5324, 0.152433, 106.203, 0.153408, -74.03
107, 1.77500, 0.291589, 12.6356, 8.14259, -22.7712, 8.43296, 157.861, 0.00251234, -26.404, 0.152569, 106.116, 0.153552, -74.1162
107, 1.78333, 0.293216, 12.2898, 8.17384, -22.7319, 8.46581, 157.906, 0.00252048, -26.2753, 0.152707, 106.03, 0.153696, -74.2024
108, 1.79167, 0.294852, 11.944, 8.20523, -22.6936, 8.49881, 157.949, 0.0025287, -26.1463, 0.152845, 105.943, 0.153842, -74.2888
108, 1.80000, 0.296495, 11.598, 8.23677, -22.6561, 8.53197, 157.992, 0.00253701, -26.0171, 0.152985, 105.857, 0.153989, -74.3753
108, 1.80833, 0.298147, 11.2519, 8.26845, -22.6196, 8.56529, 158.034, 0.0025454, -25.8876, 0.153125, 105.77, 0.154137, -74.4619
109, 1.81667, 0.299807, 10.9057, 8.30027, -22.5839, 8.59878, 158.076, 0.00255389, -25.7579, 0.153267, 105.683, 0.154286, -74.5487
109, 1.82500, 0.301476, 10.5593, 8.33224, -22.5491, 8.63242, 158.116, 0.00256246, -25.628, 0.15341, 105.596, 0.154436, -74.6355
110, 1.83333, 0.303153, 10.2128, 8.36435, -22.5152, 8.66623, 158.155, 0.00257113, -25.4979, 0.153553, 105.509, 0.154588, -74.7225
111, 1.84167, 0.304838, 9.86605, 8.39661, -22.4821, 8.70021, 158.194, 0.0025799, -25.3675, 0.153698, 105.421, 0.15474, -74.8096
111, 1.85000, 0.306531, 9.51914, 8.42902, -22.45, 8.73434, 158.232, 0.00258876, -25.2371, 0.153844, 105.334, 0.154894, -74.8968
111, 1.85833, 0.308233, 9.17201, 8.46157, -22.4187, 8.76864, 158.269, 0.00259772, -25.1065, 0.153991, 105.246, 0.155049, -74.9842
112, 1.86667, 0.309943, 8.8246, 8.49427, -22.3883, 8.80311, 158.305, 0.00260678, -24.9757, 0.154139, 105.158, 0.155206, -75.0717
113, 1.87500, 0.311661, 8.47698, 8.52712, -22.3588, 8.83774, 158.341, 0.00261595, -24.8448, 0.154289, 105.071, 0.155363, -75.1594
113, 1.88333, 0.313387, 8.1291, 8.56011, -22.3301, 8.87254, 158.375, 0.00262522, -24.7139, 0.154439, 104.982, 0.155522, -75.2472
114, 1.89167, 0.315122, 7.78089, 8.59326, -22.3024, 8.90752, 158.409, 0.0026346, -24.5829, 0.15459, 104.894, 0.155682, -75.3351
114, 1.90000, 0.316865, 7.43243, 8.62656, -22.2755, 8.94266, 158.442, 0.00264409, -24.4518, 0.154743, 104.806, 0.155844, -75.4232
114, 1.90833, 0.318616, 7.08365, 8.66, -22.2494, 8.97796, 158.474, 0.00265369, -24.3207, 0.154897, 104.717, 0.156006, -75.5115
115, 1.91667, 0.320375, 6.73451, 8.69359, -22.2243, 9.01345, 158.505, 0.00266341, -24.1896, 0.155051, 104.628, 0.15617, -75.5999
116, 1.92500, 0.322142, 6.38506, 8.72734, -22.2, 9.0491, 158.536, 0.00267324, -24.0586, 0.155207, 104.54, 0.156335, -75.6885
116, 1.93333, 0.323918, 6.03526, 8.76123, -22.1765, 9.08493, 158.565, 0.0026832, -23.9276, 0.155364, 104.45, 0.156502, -75.7773
117, 1.94167, 0.325701, 5.68504, 8.79528, -22.154, 9.12093, 158.594, 0.00269327, -23.7967, 0.155522, 104.361, 0.156669, -75.8662
117, 1.95000, 0.327493, 5.33448, 8.82948, -22.1323, 9.15711, 158.622, 0.00270347, -23.6659, 0.155681, 104.272, 0.156838, -75.9553
117, 1.95833, 0.329292, 4.98351, 8.86383, -22.1115, 9.19346, 158.649, 0.00271379, -23.5352, 0.155842, 104.182, 0.157008, -76.0445
118, 1.96667, 0.3311, 4.63209, 8.89834, -22.0915, 9.22999, 158.676, 0.00272424, -23.4047, 0.156003, 104.092, 0.15718, -76.134
119, 1.97500, 0.332915, 4.28028, 8.933, -22.0724, 9.2667, 158.701, 0.00273482, -23.2744, 0.156166, 104.002, 0.157353, -76.2236
119, 1.98333, 0.334738, 3.92802, 8.96781, -22.0541, 9.30359, 158.726, 0.00274554, -23.1443, 0.15633, 103.912, 0.157527, -76.3134
120, 1.99167, 0.336569, 3.57526, 9.00278, -22.0367, 9.34066, 158.75, 0.00275639, -23.0145, 0.156495, 103.822, 0.157702, -76.4034
120, 2.00000, 0.338407, 3.22207, 9.0379, -22.0202, 9.37791, 158.773, 0.00276737, -22.885, 0.156661, 103.731, 0.157879, -76.4936
120, 2.00833, 0.340254, 2.8684, 9.07318, -22.0045, 9.41535, 158.796, 0.0027785, -22.7558, 0.156828, 103.64, 0.158057, -76.584
121, 2.01667, 0.342107, 2.51419, 9.10862, -21.9897, 9.45297, 158.817, 0.00278976, -22.627, 0.156997, 103.549, 0.158237, -76.6746
122, 2.02500, 0.343969, 2.1595, 9.14421, -21.9757, 9.49077, 158.838, 0.00280117, -22.4986, 0.157166, 103.458, 0.158418, -76.7654
122, 2.03333, 0.345837, 1.8043, 9.17996, -21.9626, 9.52876, 158.858, 0.00281273, -22.3706, 0.157337, 103.366, 0.1586, -76.8564
123, 2.04167, 0.347714, 1.44851, 9.21587, -21.9503, 9.56693, 158.877, 0.00282443, -22.2431, 0.157509, 103.275, 0.158783, -76.9476
123, 2.05000, 0.349597, 1.09222, 9.25193, -21.9389, 9.6053, 158.896, 0.00283629, -22.1161, 0.157682, 103.183, 0.158968, -77.039
123, 2.05833, 0.351487, 0.735368, 9.28815, -21.9284, 9.64385, 158.913, 0.0028483, -21.9896, 0.157856, 103.091, 0.159155, -77.1307
124, 2.06667, 0.353385, 0.377902, 9.32454, -21.9187, 9.6826, 158.93, 0.00286046, -21.8637, 0.158032, 102.998, 0.159342, -77.2225
125, 2.07500, 0.35529, 0.0198961, 9.36108, -21.9098, 9.72154, 158.946, 0.00287278, -21.7385, 0.158208, 102.906, 0.159532, -77.3146
125, 2.08333, 0.357201, -0.338703, 9.39778, -21.9018, 9.76067, 158.961, 0.00288526, -21.6139, 0.158386, 102.813, 0.159722, -77.4069
126, 2.09167, 0.35912, -0.69795, 9.43464, -21.8946, 9.8, 158.976, 0.0028979, -21.49, 0.158565, 102.72, 0.159914, -77.4995
126, 2.10000, 0.361044, -1.05777, 9.47167, -21.8883, 9.83952, 158.99, 0.00291071, -21.3669, 0.158746, 102.627, 0.160107, -77.5923
126, 2.10833, 0.362976, -1.41821, 9.50885, -21.8828, 9.87924, 159.002, 0.00292368, -21.2446, 0.158927, 102.533, 0.160302, -77.6853
127, 2.11667, 0.364914, -1.77933, 9.5462, -21.8782, 9.91916, 159.014, 0.00293682, -21.1232, 0.15911, 102.439, 0.160498, -77.7785
128, 2.12500, 0.366858, -2.14104, 9.58371, -21.8744, 9.95928, 159.026, 0.00295013, -21.0026, 0.159294, 102.345, 0.160696, -77.872
128, 2.13333, 0.368808, -2.50341, 9.62139, -21.8715, 9.9996, 159.036, 0.00296361, -20.8829, 0.159479, 102.251, 0.160895, -77.9658
129, 2.14167, 0.370764, -2.86648, 9.65923, -21.8694, 10.0401, 159.046, 0.00297727, -20.7642, 0.159665, 102.156, 0.161096, -78.0598
129, 2.15000, 0.372726, -3.23017, 9.69723, -21.8682, 10.0809, 159.055, 0.00299111, -20.6466, 0.159853, 102.062, 0.161298, -78.154
129, 2.15833, 0.374694, -3.59454, 9.7354, -21.8677, 10.1218, 159.063, 0.00300512, -20.53, 0.160042, 101.967, 0.161502, -78.2485
130, 2.16667, 0.376667, -3.95963, 9.77373, -21.8682, 10.1629, 159.07, 0.00301932, -20.4145, 0.160232, 101.871, 0.161707, -78.3433
131, 2.17500, 0.378645, -4.32536, 9.81223, -21.8694, 10.2043, 159.077, 0.00303369, -20.3002, 0.160423, 101.776, 0.161913, -78.4384
131, 2.18333, 0.380629, -4.69178, 9.85089, -21.8715, 10.2459, 159.082, 0.00304825, -20.1872, 0.160616, 101.68, 0.162121, -78.5337
132, 2.19167, 0.382618, -5.05894, 9.88973, -21.8745, 10.2876, 159.087, 0.003063, -20.0753, 0.160809, 101.584, 0.162331, -78.6293
132, 2.20000, 0.384611, -5.42675, 9.92873, -21.8783, 10.3296, 159.091, 0.00307794, -19.9648, 0.161004, 101.487, 0.162542, -78.7252
132, 2.20833, 0.386609, -5.79527, 9.96789, -21.8829, 10.3718, 159.095, 0.00309306, -19.8557, 0.161201, 101.391, 0.162755, -78.8213
133, 2.21667, 0.388611, -6.16454, 10.0072, -21.8883, 10.4142, 159.097, 0.00310838, -19.7479, 0.161398, 101.294, 0.162969, -78.9178
134, 2.22500, 0.390617, -6.53448, 10.0467, -21.8946, 10.4569, 159.099, 0.00312389, -19.6416, 0.161597, 101.196, 0.163185, -79.0145
134, 2.23333, 0.392628, -6.90512, 10.0864, -21.9017, 10.4997, 159.1, 0.00313959, -19.5369, 0.161797, 101.099, 0.163402, -79.1115
135, 2.24167, 0.394642, -7.27652, 10.1262, -21.9097, 10.5428, 159.1, 0.0031555, -19.4336, 0.161999, 101.001, 0.163621, -79.2089
135, 2.25000, 0.396659, -7.64858, 10.1663, -21.9185, 10.5861, 159.1, 0.00317159, -19.332, 0.162201, 100.903, 0.163841, -79.3065
135, 2.25833, 0.39868, -8.02135, 10.2064, -21.9281, 10.6297, 159.098, 0.00318789, -19.2321, 0.162405, 100.804, 0.164063, -79.4045
136, 2.26667, 0.400704, -8.39488, 10.2468, -21.9385, 10.6734, 159.096, 0.00320439, -19.1338, 0.162611, 100.705, 0.164287, -79.5027
137, 2.27500, 0.40273, -8.76906, 10.2873, -21.9498, 10.7174, 159.093, 0.00322109, -19.0374, 0.162817, 100.606, 0.164512, -79.6013
137, 2.28333, 0.404759, -9.14394, 10.328, -21.9619, 10.7616, 159.089, 0.00323799, -18.9427, 0.163025, 100.507, 0.164739, -79.7002
138, 2.29167, 0.40679, -9.51957, 10.3689, -21.9748, 10.8061, 159.084, 0.0032551, -18.8499, 0.163234, 100.407, 0.164968, -79.7994
138, 2.30000, 0.408823, -9.89583, 10.4099, -21.9886, 10.8507, 159.079, 0.00327241, -18.759, 0.163444, 100.307, 0.165198, -79.899
138, 2.30833, 0.410858, -10.2728, 10.4512, -22.0032, 10.8956, 159.073, 0.00328993, -18.6701, 0.163656, 100.207, 0.16543, -79.9989
139, 2.31667, 0.412894, -10.6505, 10.4926, -22.0186, 10.9408, 159.066, 0.00330765, -18.5832, 0.163869, 100.106, 0.165663, -80.0991
140, 2.32500, 0.414931, -11.0287, 10.5341, -22.0348, 10.9862, 159.058, 0.00332558, -18.4984, 0.164084, 100.005, 0.165899, -80.1997
140, 2.33333, 0.416968, -11.4077, 10.5759, -22.0519, 11.0318, 159.049, 0.00334372, -18.4156, 0.164299, 99.9041, 0.166136, -80.3006
141, 2.34167, 0.419006, -11.7873, 10.6178, -22.0697, 11.0777, 159.039, 0.00336207, -18.335, 0.164516, 99.8025, 0.166374, -80.4018
141, 2.35000, 0.421044, -12.1676, 10.6599, -22.0884, 11.1238, 159.029, 0.00338062, -18.2567, 0.164735, 99.7005, 0.166614, -80.5035
141, 2.35833, 0.423081, -12.5484, 10.7021, -22.1079, 11.1702, 159.018, 0.00339938, -18.1806, 0.164954, 99.5982, 0.166856, -80.6055
142, 2.36667, 0.425119, -12.9299, 10.7446, -22.1282, 11.2168, 159.006, 0.00341835, -18.1067, 0.165175, 99.4956, 0.1671, -80.7078
143, 2.37500, 0.427155, -13.3119, 10.7872, -22.1494, 11.2637, 158.993, 0.00343753, -18.0352, 0.165397, 99.3926, 0.167346, -80.8106
143, 2.38333, 0.429189, -13.6945, 10.83, -22.1713, 11.3108, 158.98, 0.00345692, -17.9662, 0.165621, 99.2893, 0.167593, -80.9137
144, 2.39167, 0.431222, -14.0777, 10.873, -22.1941, 11.3582, 158.965, 0.00347652, -17.8995, 0.165846, 99.1856, 0.167842, -81.0172
144, 2.40000, 0.433253, -14.4614, 10.9162, -22.2176, 11.4058, 158.95, 0.00349632, -17.8353, 0.166073, 99.0816, 0.168092, -81.121
144, 2.40833, 0.435282, -14.8456, 10.9595, -22.242, 11.4537, 158.934, 0.00351633, -17.7736, 0.1663, 98.9772, 0.168345, -81.2253
145, 2.41667, 0.437308, -15.2303, 11.003, -22.2672, 11.5019, 158.917, 0.00353655, -17.7145, 0.166529, 98.8725, 0.168599, -81.33
146, 2.42500, 0.43933, -15.6154, 11.0467, -22.2932, 11.5503, 158.899, 0.00355697, -17.658, 0.16676, 98.7674, 0.168855, -81.4351
146, 2.43333, 0.441349, -16.001, 11.0906, -22.32, 11.599, 158.88, 0.0035776, -17.6041, 0.166992, 98.662, 0.169113, -81.5405
147, 2.44167, 0.443364, -16.387, 11.1347, -22.3476, 11.6479, 158.86, 0.00359843, -17.5529, 0.167225, 98.5561, 0.169373, -81.6465
147, 2.45000, 0.445375, -16.7733, 11.1789, -22.376, 11.6971, 158.84, 0.00361947, -17.5044, 0.16746, 98.45, 0.169634, -81.7528
147, 2.45833, 0.447381, -17.16, 11.2233, -22.4052, 11.7466, 158.819, 0.0036407, -17.4586, 0.167695, 98.3434, 0.169898, -81.8595
148, 2.46667, 0.449381, -17.547, 11.2679, -22.4352, 11.7964, 158.797, 0.00366213, -17.4156, 0.167933, 98.2365, 0.170163, -81.9667
149, 2.47500, 0.451377, -17.9342, 11.3127, -22.4659, 11.8464, 158.774, 0.00368376, -17.3754, 0.168172, 98.1292, 0.17043, -82.0743
149, 2.48333, 0.453366, -18.3217, 11.3577, -22.4975, 11.8967, 158.75, 0.00370559, -17.3381, 0.168412, 98.0215, 0.170699, -82.1824
150, 2.49167, 0.455349, -18.7093, 11.4029, -22.5299, 11.9473, 158.725, 0.0037276, -17.3035, 0.168653, 97.9134, 0.17097, -82.2909
150, 2.50000, 0.457325, -19.0971, 11.4482, -22.563, 11.9982, 158.699, 0.00374981, -17.2719, 0.168896, 97.805, 0.171242, -82.3998
150, 2.50833, 0.459294, -19.485, 11.4937, -22.597, 12.0494, 158.673, 0.00377221, -17.2432, 0.169141, 97.6961, 0.171517, -82.5093
151, 2.51667, 0.461255, -19.873, 11.5395, -22.6317, 12.1008, 158.645, 0.00379479, -17.2174, 0.169387, 97.5869, 0.171793, -82.6192
152, 2.52500, 0.463209, -20.261, 11.5854, -22.6672, 12.1526, 158.617, 0.00381756, -17.1945, 0.169634, 97.4772, 0.172072, -82.7295
152, 2.53333, 0.465154, -20.6489, 11.6315, -22.7034, 12.2046, 158.588, 0.0038405, -17.1746, 0.169883, 97.3672, 0.172352, -82.8404
153, 2.54167, 0.467091, -21.0367, 11.6778, -22.7405, 12.2569, 158.557, 0.00386362, -17.1576, 0.170133, 97.2568, 0.172634, -82.9517
153, 2.55000, 0.469018, -21.4244, 11.7242, -22.7783, 12.3095, 158.526, 0.00388692, -17.1437, 0.170384, 97.146, 0.172919, -83.0635
153, 2.55833, 0.470936, -21.8119, 11.7709, -22.8169, 12.3624, 158.494, 0.00391038, -17.1327, 0.170637, 97.0348, 0.173205, -83.1758
154, 2.56667, 0.472844, -22.1991, 11.8178, -22.8563, 12.4156, 158.461, 0.00393401, -17.1247, 0.170892, 96.9231, 0.173493, -83.2887
155, 2.57500, 0.474742, -22.586, 11.8648, -22.8964, 12.4691, 158.427, 0.0039578, -17.1197, 0.171148, 96.8111, 0.173783, -83.402
155, 2.58333, 0.476629, -22.9725, 11.9121, -22.9373, 12.5229, 158.392, 0.00398176, -17.1178, 0.171405, 96.6986, 0.174075, -83.5159
156, 2.59167, 0.478506, -23.3586, 11.9595, -22.9789, 12.5771, 158.356, 0.00400586, -17.1188, 0.171664, 96.5857, 0.174369, -83.6303
156, 2.60000, 0.480371, -23.7441, 12.0071, -23.0213, 12.6315, 158.32, 0.00403012, -17.1228, 0.171925, 96.4724, 0.174666, -83.7452
156, 2.60833, 0.482225, -24.129, 12.0549, -23.0645, 12.6862, 158.282, 0.00405451, -17.1298, 0.172186, 96.3587, 0.174964, -83.8606
157, 2.61667, 0.484068, -24.5133, 12.103, -23.1084, 12.7412, 158.243, 0.00407906, -17.1398, 0.17245, 96.2446, 0.175264, -83.9766
158, 2.62500, 0.485898, -24.8969, 12.1512, -23.1531, 12.7966, 158.203, 0.00410373, -17.1528, 0.172715, 96.13, 0.175566, -84.0932
158, 2.63333, 0.487716, -25.2796, 12.1996, -23.1985, 12.8523, 158.163, 0.00412854, -17.1686, 0.172981, 96.015, 0.17587, -84.2103
159, 2.64167, 0.489522, -25.6615, 12.2482, -23.2446, 12.9082, 158.121, 0.00415348, -17.1875, 0.173249, 95.8996, 0.176177, -84.328
159, 2.65000, 0.491315, -26.0424, 12.2971, -23.2915, 12.9645, 158.078, 0.00417853, -17.2092, 0.173519, 95.7838, 0.176485, -84.4462
159, 2.65833, 0.493095, -26.4222, 12.3461, -23.3391, 13.0211, 158.034, 0.0042037, -17.2338, 0.17379, 95.6675, 0.176795, -84.5651
160, 2.66667, 0.494862, -26.801, 12.3953, -23.3875, 13.0781, 157.99, 0.00422898, -17.2612, 0.174062, 95.5507, 0.177108, -84.6845
161, 2.67500, 0.496616, -27.1785, 12.4448, -23.4366, 13.1353, 157.944, 0.00425436, -17.2915, 0.174337, 95.4335, 0.177422, -84.8045
161, 2.68333, 0.498357, -27.5547, 12.4944, -23.4864, 13.1929, 157.897, 0.00427985, -17.3245, 0.174612, 95.3159, 0.177739, -84.9251
162, 2.69167, 0.500085, -27.9296, 12.5443, -23.5369, 13.2508, 157.849, 0.00430543, -17.3603, 0.17489, 95.1978, 0.178057, -85.0464
162, 2.70000, 0.501799, -28.3029, 12.5943, -23.5882, 13.3091, 157.8, 0.00433109, -17.3988, 0.175168, 95.0793, 0.178378, -85.1682
162, 2.70833, 0.5035, -28.6747, 12.6446, -23.6402, 13.3676, 157.75, 0.00435684, -17.4399, 0.175449, 94.9603, 0.178701, -85.2907
163, 2.71667, 0.505188, -29.0449, 12.6951, -23.6929, 13.4265, 157.699, 0.00438267, -17.4837, 0.175731, 94.8408, 0.179026, -85.4138
164, 2.72500, 0.506863, -29.4133, 12.7458, -23.7463, 13.4858, 157.647, 0.00440856, -17.53, 0.176015, 94.7209, 0.179353, -85.5375
164, 2.73333, 0.508525, -29.7799, 12.7967, -23.8005, 13.5453, 157.594, 0.00443452, -17.5788, 0.1763, 94.6005, 0.179682, -85.6619
165, 2.74167, 0.510174, -30.1446, 12.8479, -23.8553, 13.6052, 157.54, 0.00446054, -17.63, 0.176587, 94.4797, 0.180013, -85.787
165, 2.75000, 0.51181, -30.5072, 12.8992, -23.9109, 13.6655, 157.484, 0.00448661, -17.6837, 0.176876, 94.3583, 0.180347, -85.9127
165, 2.75833, 0.513435, -30.8677, 12.9508, -23.9672, 13.726, 157.428, 0.00451273, -17.7396, 0.177166, 94.2365, 0.180682, -86.0391
166, 2.76667, 0.515047, -31.2261, 13.0026, -24.0241, 13.787, 157.37, 0.0045389, -17.7978, 0.177458, 94.1142, 0.18102, -86.1661
167, 2.77500, 0.516648, -31.5821, 13.0547, -24.0818, 13.8482, 157.311, 0.0045651, -17.8582, 0.177752, 93.9914, 0.18136, -86.2939
167, 2.78333, 0.518237, -31.9357, 13.1069, -24.1402, 13.9098, 157.252, 0.00459133, -17.9207, 0.178047, 93.8682, 0.181702, -86.4223
168, 2.79167, 0.519815, -32.2869, 13.1594, -24.1993, 13.9717, 157.191, 0.00461759, -17.9852, 0.178345, 93.7444, 0.182046, -86.5514
168, 2.80000, 0.521384, -32.6354, 13.2122, -24.2591, 14.034, 157.128, 0.00464386, -18.0517, 0.178644, 93.6202, 0.182392, -86.6813
168, 2.80833, 0.522942, -32.9813, 13.2651, -24.3196, 14.0966, 157.065, 0.00467015, -18.12, 0.178944, 93.4954, 0.18274, -86.8118
169, 2.81667, 0.524492, -33.3245, 13.3183, -24.3809, 14.1596, 157.001, 0.00469646, -18.1902, 0.179247, 93.3701, 0.183091, -86.9431
170, 2.82500, 0.526033, -33.6647, 13.3718, -24.4428, 14.2229, 156.935, 0.00472276, -18.262, 0.179551, 93.2444, 0.183444, -87.0751
170, 2.83333, 0.527566, -34.0021, 13.4255, -24.5054, 14.2865, 156.868, 0.00474907, -18.3355, 0.179857, 93.1181, 0.183798, -87.2078
171, 2.84167, 0.529092, -34.3365, 13.4794, -24.5687, 14.3505, 156.8, 0.00477538, -18.4105, 0.180164, 92.9912, 0.184155, -87.3413
171, 2.85000, 0.530613, -34.6677, 13.5336, -24.6327, 14.4149, 156.731, 0.00480167, -18.4869, 0.180474, 92.8639, 0.184514, -87.4755
171, 2.85833, 0.532127, -34.9958, 13.588, -24.6975, 14.4796, 156.661, 0.00482796, -18.5647, 0.180785, 92.736, 0.184875, -87.6105
172, 2.86667, 0.533638, -35.3207, 13.6427, -24.7629, 14.5446, 156.589, 0.00485423, -18.6437, 0.181099, 92.6076, 0.185239, -87.7463
173, 2.87500, 0.535146, -35.6422, 13.6977, -24.8291, 14.61, 156.517, 0.00488048, -18.7239, 0.181414, 92.4787, 0.185604, -87.8828
173, 2.88333, 0.536651, -35.9603, 13.7529, -24.896, 14.6757, 156.443, 0.00490671, -18.8052, 0.181731, 92.3492, 0.185972, -88.0201
174, 2.89167, 0.538156, -36.275, 13.8084, -24.9635, 14.7418, 156.367, 0.00493292, -18.8874, 0.182049, 92.2191, 0.186342, -88.1582
174, 2.90000, 0.53966, -36.5861, 13.8641, -25.0318, 14.8083, 156.291, 0.0049591, -18.9704, 0.18237, 92.0885, 0.186714, -88.2971
174, 2.90833, 0.541166, -36.8937, 13.9201, -25.1009, 14.8751, 156.213, 0.00498525, -19.0542, 0.182693, 91.9573, 0.187088, -88.4368
175, 2.91667, 0.542675, -37.1977, 13.9764, -25.1706, 14.9422, 156.135, 0.00501138, -19.1387, 0.183017, 91.8256, 0.187464, -88.5773
176, 2.92500, 0.544187, -37.498, 14.033, -25.2411, 15.0097, 156.054, 0.00503747, -19.2237, 0.183344, 91.6932, 0.187842, -88.7186
176, 2.93333, 0.545705, -37.7946, 14.0899, -25.3123, 15.0775, 155.973, 0.00506353, -19.3092, 0.183672, 91.5603, 0.188223, -88.8607
177, 2.94167, 0.54723, -38.0874, 14.147, -25.3842, 15.1457, 155.891, 0.00508956, -19.395, 0.184003, 91.4268, 0.188606, -89.0037
177, 2.95000, 0.548763, -38.3765, 14.2044, -25.4569, 15.2142, 155.807, 0.00511556, -19.4811, 0.184335, 91.2927, 0.18899, -89.1475
177, 2.95833, 0.550306, -38.6618, 14.2621, -25.5304, 15.2831, 155.722, 0.00514152, -19.5673, 0.18467, 91.158, 0.189377, -89.2921
178, 2.96667, 0.55186, -38.9433, 14.3201, -25.6046, 15.3524, 155.635, 0.00516746, -19.6536, 0.185006, 91.0227, 0.189766, -89.4376
179, 2.97500, 0.553428, -39.221, 14.3784, -25.6795, 15.422, 155.548, 0.00519336, -19.7398, 0.185345, 90.8868, 0.190157, -89.5839
179, 2.98333, 0.55501, -39.4948, 14.437, -25.7552, 15.4919, 155.459, 0.00521924, -19.8259, 0.185685, 90.7502, 0.190551, -89.7311
180, 2.99167, 0.556608, -39.7648, 14.4959, -25.8317, 15.5622, 155.369, 0.0052451, -19.9118, 0.186028, 90.613, 0.190946, -89.8792
180, 3.00000, 0.558225, -40.031, 14.5551, -25.909, 15.6328, 155.277, 0.00527093, -19.9973, 0.186373, 90.4752, 0.191344, -90.0281
180, 3.00833, 0.559861, -40.2935, 14.6146, -25.987, 15.7038, 155.185, 0.00529674, -20.0823, 0.18672, 90.3367, 0.191743, -90.1779
181, 3.01667, 0.561519, -40.5521, 14.6745, -26.0659, 15.7752, 155.091, 0.00532255, -20.1669, 0.187068, 90.1975, 0.192145, -90.3286
182, 3.02500, 0.563201, -40.8071, 14.7346, -26.1456, 15.8468, 154.995, 0.00534833, -20.2508, 0.18742, 90.0577, 0.192549, -90.4802
182, 3.03333, 0.564908, -41.0583, 14.7951, -26.226, 15.9189, 154.899, 0.00537412, -20.334, 0.187773, 89.9172, 0.192955, -90.6327
183, 3.04167, 0.566642, -41.3059, 14.8559, -26.3073, 15.9913, 154.801, 0.0053999, -20.4165, 0.188128, 89.7761, 0.193363, -90.7861
183, 3.05000, 0.568405, -41.5499, 14.917, -26.3895, 16.064, 154.702, 0.00542569, -20.4981, 0.188485, 89.6342, 0.193773, -90.9404
183, 3.05833, 0.570199, -41.7904, 14.9785, -26.4724, 16.1371, 154.602, 0.0054515, -20.5787, 0.188845, 89.4916, 0.194185, -91.0956
184, 3.06667, 0.572026, -42.0275, 15.0403, -26.5563, 16.2105, 154.5, 0.00547732, -20.6583, 0.189207, 89.3483, 0.194599, -91.2518
185, 3.07500, 0.573887, -42.2611, 15.1024, -26.6409, 16.2843, 154.397, 0.00550317, -20.7369, 0.189571, 89.2043, 0.195016, -91.4089
185, 3.08333, 0.575785, -42.4915, 15.1649, -26.7265, 16.3585, 154.293, 0.00552905, -20.8142, 0.189937, 89.0596, 0.195434, -91.5669
186, 3.09167, 0.577722, -42.7187, 15.2277, -26.8129, 16.433, 154.187, 0.00555498, -20.8904, 0.190305, 88.9141, 0.195855, -91.7258
186, 3.10000, 0.579698, -42.9428, 15.2908, -26.9003, 16.5078, 154.08, 0.00558095, -20.9653, 0.190676, 88.7679, 0.196277, -91.8857
186, 3.10833, 0.581717, -43.1639, 15.3543, -26.9885, 16.583, 153.972, 0.00560699, -21.0388, 0.191049, 88.621, 0.196702, -92.0466
187, 3.11667, 0.58378, -43.3822, 15.4182, -27.0777, 16.6585, 153.863, 0.0056331, -21.111, 0.191424, 88.4732, 0.197129, -92.2084
188, 3.12500, 0.585889, -43.5977, 15.4824, -27.1677, 16.7344, 153.752, 0.00565929, -21.1817, 0.191801, 88.3247, 0.197558, -92.3712
188, 3.13333, 0.588046, -43.8106, 15.547, -27.2588, 16.8107, 153.64, 0.00568557, -21.251, 0.192181, 88.1754, 0.197989, -92.5349
189, 3.14167, 0.590252, -44.0211, 15.6119, -27.3507, 16.8873, 153.527, 0.00571195, -21.3187, 0.192563, 88.0253, 0.198422, -92.6996
189, 3.15000, 0.592509, -44.2291, 15.6772, -27.4437, 16.9642, 153.412, 0.00573844, -21.3849, 0.192947, 87.8744, 0.198857, -92.8654
189, 3.15833, 0.59482, -44.435, 15.7429, -27.5376, 17.0415, 153.296, 0.00576506, -21.4494, 0.193333, 87.7227, 0.199294, -93.0321
190, 3.16667, 0.597185, -44.6388, 15.809, -27.6325, 17.1192, 153.179, 0.00579182, -21.5124, 0.193722, 87.5701, 0.199733, -93.1998
191, 3.17500, 0.599606, -44.8407, 15.8754, -27.7284, 17.1971, 153.06, 0.00581873, -21.5738, 0.194113, 87.4167, 0.200174, -93.3685
191, 3.18333, 0.602086, -45.0409, 15.9421, -27.8253, 17.2755, 152.94, 0.00584579, -21.6335, 0.194506, 87.2625, 0.200618, -93.5382
192, 3.19167, 0.604625, -45.2395, 16.0093, -27.9233, 17.3542, 152.819, 0.00587304, -21.6916, 0.194901, 87.1074, 0.201063, -93.7089
192, 3.20000, 0.607225, -45.4367, 16.0769, -28.0223, 17.4333, 152.696, 0.00590047, -21.748, 0.195299, 86.9514, 0.20151, -93.8807
192, 3.20833, 0.609888, -45.6327, 16.1448, -28.1223, 17.5127, 152.572, 0.0059281, -21.8027, 0.195699, 86.7946, 0.20196, -94.0535
193, 3.21667, 0.612615, -45.8276, 16.2131, -28.2235, 17.5924, 152.447, 0.00595595, -21.8558, 0.196102, 86.6368, 0.202411, -94.2273
194, 3.22500, 0.615407, -46.0216, 16.2818, -28.3257, 17.6725, 152.321, 0.00598403, -21.9073, 0.196506, 86.4782, 0.202864, -94.4022
194, 3.23333, 0.618267, -46.2149, 16.3509, -28.429, 17.753, 152.193, 0.00601235, -21.9571, 0.196913, 86.3186, 0.20332, -94.5781
195, 3.24167, 0.621194, -46.4077, 16.4204, -28.5334, 17.8338, 152.064, 0.00604094, -22.0053, 0.197323, 86.1581, 0.203777, -94.7551
195, 3.25000, 0.624191, -46.6001, 16.4902, -28.6389, 17.915, 151.933, 0.0060698, -22.052, 0.197734, 85.9967, 0.204237, -94.9332
195, 3.25833, 0.627258, -46.7924, 16.5605, -28.7456, 17.9966, 151.801, 0.00609894, -22.097, 0.198148, 85.8344, 0.204698, -95.1123
196, 3.26667, 0.630398, -46.9846, 16.6311, -28.8534, 18.0785, 151.668, 0.00612839, -22.1406, 0.198565, 85.6711, 0.205162, -95.2925
197, 3.27500, 0.63361, -47.1771, 16.7022, -28.9624, 18.1607, 151.534, 0.00615816, -22.1827, 0.198983, 85.5068, 0.205627, -95.4738
197, 3.28333, 0.636896, -47.3699, 16.7736, -29.0725, 18.2433, 151.398, 0.00618826, -22.2233, 0.199404, 85.3416, 0.206095, -95.6562
198, 3.29167, 0.640257, -47.5632, 16.8455, -29.1838, 18.3263, 151.261, 0.00621871, -22.2626, 0.199827, 85.1753, 0.206564, -95.8397
198, 3.30000, 0.643693, -47.7573, 16.9178, -29.2964, 18.4096, 151.122, 0.00624952, -22.3005, 0.200253, 85.0081, 0.207036, -96.0243
198, 3.30833, 0.647207, -47.9522, 16.9904, -29.4101, 18.4933, 150.982, 0.00628072, -22.3371, 0.20068, 84.8398, 0.207509, -96.21
199, 3.31667, 0.650798, -48.1482, 17.0635, -29.5251, 18.5773, 150.841, 0.00631231, -22.3725, 0.20111, 84.6706, 0.207984, -96.3968
200, 3.32500, 0.654466, -48.3455, 17.1369, -29.6413, 18.6617, 150.698, 0.00634431, -22.4067, 0.201543, 84.5003, 0.208462, -96.5848
200, 3.33333, 0.658214, -48.5441, 17.2108, -29.7588, 18.7465, 150.554, 0.00637674, -22.4399, 0.201977, 84.3289, 0.208941, -96.7739
201, 3.34167, 0.662042, -48.7444, 17.2851, -29.8775, 18.8316, 150.409, 0.00640962, -22.4721, 0.202414, 84.1565, 0.209422, -96.9642
201, 3.35000, 0.66595, -48.9463, 17.3597, -29.9975, 18.9171, 150.262, 0.00644295, -22.5033, 0.202853, 83.9831, 0.209906, -97.1556
201, 3.35833, 0.669938, -49.1501, 17.4348, -30.1188, 19.003, 150.114, 0.00647675, -22.5336, 0.203294, 83.8086, 0.210391, -97.3482
202, 3.36667, 0.674008, -49.3561, 17.5103, -30.2415, 19.0892, 149.965, 0.00651104, -22.5632, 0.203738, 83.6329, 0.210878, -97.542
203, 3.37500, 0.678159, -49.5641, 17.5862, -30.3654, 19.1758, 149.814, 0.00654584, -22.5921, 0.204184, 83.4562, 0.211367, -97.737
203, 3.38333, 0.682393, -49.7745, 17.6626, -30.4906, 19.2627, 149.661, 0.00658115, -22.6204, 0.204631, 83.2784, 0.211858, -97.9332
204, 3.39167, 0.686709, -49.9875, 17.7393, -30.6173, 19.35, 149.508, 0.006617, -22.6482, 0.205082, 83.0995, 0.212351, -98.1305
204, 3.40000, 0.691108, -50.203, 17.8164, -30.7452, 19.4377, 149.353, 0.0066534, -22.6755, 0.205534, 82.9194, 0.212845, -98.3291
204, 3.40833, 0.69559, -50.4213, 17.8939, -30.8745, 19.5257, 149.196, 0.00669036, -22.7026, 0.205989, 82.7382, 0.213342, -98.5289
205, 3.41667, 0.700155, -50.6424, 17.9719, -31.0052, 19.6141, 149.038, 0.00672791, -22.7295, 0.206445, 82.5558, 0.213841, -98.73
206, 3.42500, 0.704804, -50.8666, 18.0503, -31.1373, 19.7029, 148.879, 0.00676604, -22.7562, 0.206904, 82.3723, 0.214341, -98.9322
206, 3.43333, 0.709536, -51.0939, 18.129, -31.2708, 19.792, 148.718, 0.00680478, -22.7829, 0.207365, 82.1876, 0.214843, -99.1357
207, 3.44167, 0.714353, -51.3245, 18.2082, -31.4058, 19.8815, 148.556, 0.00684415, -22.8097, 0.207828, 82.0017, 0.215347, -99.3405
207, 3.45000, 0.719253, -51.5583, 18.2878, -31.5421, 19.9714, 148.392, 0.00688415, -22.8368, 0.208293, 81.8147, 0.215853, -99.5466
207, 3.45833, 0.724237, -51.7957, 18.3678, -31.6799, 20.0616, 148.227, 0.00692481, -22.8641, 0.208761, 81.6264, 0.21636, -99.7539
208, 3.46667, 0.729305, -52.0366, 18.4482, -31.8191, 20.1522, 148.061, 0.00696613, -22.8919, 0.20923, 81.4369, 0.21687, -99.9626
209, 3.47500, 0.734457, -52.2812, 18.529, -31.9598, 20.2431, 147.893, 0.00700812, -22.9202, 0.209701, 81.2462, 0.217381, -100.172
209, 3.48333, 0.739692, -52.5295, 18.6102, -32.102, 20.3345, 147.723, 0.0070508, -22.9492, 0.210175, 81.0542, 0.217894, -100.384
210, 3.49167, 0.745012, -52.7816, 18.6919, -32.2456, 20.4262, 147.552, 0.0070942, -22.9789, 0.21065, 80.861, 0.218408, -100.596
210, 3.50000, 0.750415, -53.0377, 18.7739, -32.3908, 20.5182, 147.38, 0.0071383, -23.0095, 0.211128, 80.6665, 0.218924, -100.81
210, 3.50833, 0.755902, -53.2977, 18.8563, -32.5374, 20.6106, 147.206, 0.00718314, -23.0411, 0.211607, 80.4708, 0.219442, -101.025
211, 3.51667, 0.761473, -53.5618, 18.9392, -32.6856, 20.7034, 147.03, 0.00722872, -23.0738, 0.212089, 80.2738, 0.219962, -101.242
212, 3.52500, 0.767126, -53.8301, 19.0224, -32.8353, 20.7965, 146.853, 0.00727505, -23.1077, 0.212572, 80.0755, 0.220483, -101.46
212, 3.53333, 0.772863, -54.1025, 19.106, -32.9866, 20.89, 146.675, 0.00732215, -23.1429, 0.213057, 79.8759, 0.221006, -101.679
213, 3.54167, 0.778683, -54.3792, 19.1901, -33.1394, 20.9839, 146.495, 0.00737003, -23.1796, 0.213544, 79.6749, 0.221531, -101.9
213, 3.55000, 0.784585, -54.6602, 19.2745, -33.2938, 21.0781, 146.313, 0.00741869, -23.2179, 0.214033, 79.4727, 0.222057, -102.122
213, 3.55833, 0.790569, -54.9456, 19.3593, -33.4497, 21.1727, 146.13, 0.00746816, -23.2578, 0.214524, 79.2691, 0.222584, -102.346
214, 3.56667, 0.796637, -55.2354, 19.4445, -33.6072, 21.2676, 145.945, 0.00751844, -23.2995, 0.215016, 79.0642, 0.223113, -102.57
215, 3.57500, 0.802786, -55.5296, 19.5301, -33.7663, 21.3629, 145.759, 0.00756954, -23.3432, 0.21551, 78.8579, 0.223644, -102.797
215, 3.58333, 0.809016, -55.8284, 19.6161, -33.9271, 21.4585, 145.571, 0.00762147, -23.3888, 0.216006, 78.6502, 0.224175, -103.025
216, 3.59167, 0.815328, -56.1317, 19.7025, -34.0894, 21.5545, 145.382, 0.00767425, -23.4366, 0.216504, 78.4412, 0.224709, -103.254
216, 3.60000, 0.821721, -56.4396, 19.7893, -34.2534, 21.6508, 145.191, 0.00772788, -23.4866, 0.217003, 78.2308, 0.225244, -103.485
216, 3.60833, 0.828194, -56.752, 19.8764, -34.419, 21.7475, 144.998, 0.00778236, -23.5389, 0.217504, 78.0189, 0.22578, -103.717
217, 3.61667, 0.834748, -57.0692, 19.964, -34.5862, 21.8445, 144.804, 0.00783773, -23.5938, 0.218007, 77.8057, 0.226317, -103.95
217, 3.62500, 0.841382, -57.391, 20.0519, -34.7551, 21.9419, 144.608, 0.00789397, -23.6511, 0.218511, 77.591, 0.226856, -104.186
218, 3.63333, 0.848095, -57.7174, 20.1402, -34.9257, 22.0396, 144.41, 0.0079511, -23.7111, 0.219016, 77.375, 0.227395, -104.422
219, 3.64167, 0.854888, -58.0486, 20.2288, -35.098, 22.1376, 144.211, 0.00800913, -23.7739, 0.219524, 77.1574, 0.227936, -104.66
219, 3.65000, 0.861759, -58.3846, 20.3178, -35.2719, 22.236, 144.01, 0.00806806, -23.8396, 0.220032, 76.9384, 0.228479, -104.9
219, 3.65833, 0.868709, -58.7252, 20.4072, -35.4475, 22.3347, 143.808, 0.00812791, -23.9082, 0.220542, 76.718, 0.229022, -105.141
220, 3.66667, 0.875738, -59.0707, 20.497, -35.6249, 22.4337, 143.603, 0.00818869, -23.9799, 0.221054, 76.4961, 0.229566, -105.384
221, 3.67500, 0.882843, -59.4209, 20.5871, -35.8039, 22.5331, 143.398, 0.00825038, -24.0547, 0.221566, 76.2727, 0.230111, -105.628
221, 3.68333, 0.890026, -59.7758, 20.6776, -35.9847, 22.6327, 143.19, 0.00831301, -24.1328, 0.22208, 76.0478, 0.230658, -105.874
222, 3.69167, 0.897287, -60.1356, 20.7684, -36.1673, 22.7327, 142.981, 0.0083766, -24.2143, 0.222595, 75.8214, 0.231205, -106.122
222, 3.70000, 0.904623, -60.5002, 20.8595, -36.3515, 22.833, 142.77, 0.00844112, -24.2992, 0.223112, 75.5934, 0.231753, -106.371
222, 3.70833, 0.912034, -60.8696, 20.9511, -36.5376, 22.9336, 142.557, 0.0085066, -24.3876, 0.223629, 75.364, 0.232301, -106.622
223, 3.71667, 0.919523, -61.2438, 21.0429, -36.7254, 23.0345, 142.342, 0.00857305, -24.4796, 0.224148, 75.133, 0.232851, -106.874
224, 3.72500, 0.927085, -61.6228, 21.1351, -36.9149, 23.1357, 142.126, 0.00864046, -24.5753, 0.224668, 74.9005, 0.233401, -107.128
224, 3.73333, 0.934722, -62.0066, 21.2276, -37.1063, 23.2372, 141.908, 0.00870883, -24.6748, 0.225188, 74.6664, 0.233952, -107.384
225, 3.74167, 0.942434, -62.3952, 21.3205, -37.2994, 23.339, 141.688, 0.0087782, -24.7782, 0.22571, 74.4307, 0.234504, -107.641
225, 3.75000, 0.950219, -62.7887, 21.4136, -37.4944, 23.4411, 141.467, 0.00884854, -24.8855, 0.226232, 74.1935, 0.235055, -107.9
225, 3.75833, 0.958076, -63.1869, 21.5071, -37.6911, 23.5434, 141.243, 0.00891986, -24.9968, 0.226756, 73.9547, 0.235608, -108.16
226, 3.76667, 0.966008, -63.59, 21.6009, -37.8897, 23.646, 141.018, 0.00899219, -25.1122, 0.22728, 73.7143, 0.23616, -108.423
227, 3.77500, 0.97401, -63.9978, 21.695, -38.0901, 23.7489, 140.791, 0.0090655, -25.2318, 0.227805, 73.4723, 0.236713, -108.687
227, 3.78333, 0.982083, -64.4105, 21.7894, -38.2924, 23.852, 140.563, 0.0091398, -25.3556, 0.22833, 73.2286, 0.237267, -108.952
228, 3.79167, 0.990229, -64.828, 21.8841, -38.4965, 23.9554, 140.332, 0.00921512, -25.4837, 0.228856, 72.9833, 0.23782, -109.22
228, 3.80000, 0.998444, -65.2502, 21.979, -38.7024, 24.059, 140.099, 0.00929143, -25.6161, 0.229383, 72.7365, 0.238374, -109.489
228, 3.80833, 1.00673, -65.6772, 22.0743, -38.9102, 24.1629, 139.865, 0.00936875, -25.753, 0.22991, 72.4879, 0.238927, -109.76
229, 3.81667, 1.01508, -66.109, 22.1698, -39.1199, 24.267, 139.629, 0.00944708, -25.8944, 0.230437, 72.2377, 0.23948, -110.032
230, 3.82500, 1.02351, -66.5455, 22.2656, -39.3315, 24.3713, 139.391, 0.00952642, -26.0403, 0.230965, 71.9858, 0.240034, -110.307
230, 3.83333, 1.032, -66.9868, 22.3617, -39.5449, 24.4758, 139.151, 0.00960677, -26.1908, 0.231493, 71.7323, 0.240587, -110.583
231, 3.84167, 1.04056, -67.4329, 22.458, -39.7603, 24.5805, 138.909, 0.00968814, -26.346, 0.232021, 71.4771, 0.241139, -110.861
231, 3.85000, 1.04918, -67.8837, 22.5546, -39.9776, 24.6854, 138.665, 0.00977051, -26.5059, 0.232549, 71.2201, 0.241692, -111.141
231, 3.85833, 1.05787, -68.3391, 22.6514, -40.1967, 24.7905, 138.42, 0.0098539, -26.6706, 0.233078, 70.9615, 0.242243, -111.422
232, 3.86667, 1.06663, -68.7994, 22.7484, -40.4178, 24.8958, 138.172, 0.00993832, -26.8401, 0.233606, 70.7012, 0.242795, -111.706
233, 3.87500, 1.07545, -69.2643, 22.8456, -40.6409, 25.0013, 137.923, 0.0100237, -27.0144, 0.234134, 70.4391, 0.243345, -111.991
233, 3.88333, 1.08433, -69.7339, 22.9431, -40.8658, 25.1069, 137.671, 0.0101102, -27.1937, 0.234662, 70.1754, 0.243895, -112.278
234, 3.89167, 1.09328, -70.2083, 23.0408, -41.0927, 25.2126, 137.418, 0.0101976, -27.3779, 0.23519, 69.9098, 0.244444, -112.566
234, 3.90000, 1.10229, -70.6872, 23.1387, -41.3216, 25.3185, 137.163, 0.0102861, -27.567, 0.235717, 69.6426, 0.244992, -112.857
234, 3.90833, 1.11136, -71.1708, 23.2367, -41.5524, 25.4245, 136.905, 0.0103755, -27.7612, 0.236244, 69.3736, 0.245538, -113.15
235, 3.91667, 1.12049, -71.6591, 23.335, -41.7851, 25.5306, 136.646, 0.010466, -27.9605, 0.23677, 69.1028, 0.246084, -113.444
236, 3.92500, 1.12968, -72.152, 23.4334, -42.0199, 25.6369, 136.385, 0.0105575, -28.1649, 0.237296, 68.8303, 0.246628, -113.74
236, 3.93333, 1.13893, -72.6496, 23.532, -42.2566, 25.7432, 136.122, 0.01065, -28.3744, 0.23782, 68.556, 0.247171, -114.038
237, 3.94167, 1.14824, -73.1518, 23.6307, -42.4953, 25.8496, 135.856, 0.0107435, -28.5891, 0.238345, 68.2799, 0.247712, -114.338
237, 3.95000, 1.15761, -73.6585, 23.7296, -42.736, 25.956, 135.589, 0.0108379, -28.8089, 0.238868, 68.002, 0.248252, -114.64
237, 3.95833, 1.16703, -74.1698, 23.8286, -42.9786, 26.0626, 135.32, 0.0109334, -29.034, 0.23939, 67.7224, 0.24879, -114.944
238, 3.96667, 1.17651, -74.6858, 23.9277, -43.2233, 26.1691, 135.049, 0.0110299, -29.2644, 0.239911, 67.4408, 0.249326, -115.25
238, 3.97500, 1.18604, -75.2062, 24.0269, -43.47, 26.2757, 134.775, 0.0111273, -29.5, 0.240431, 67.1576, 0.24986, -115.558
239, 3.98333, 1.19562, -75.7313, 24.1262, -43.7187, 26.3823, 134.5, 0.0112257, -29.7409, 0.240949, 66.8725, 0.250392, -115.867
240, 3.99167, 1.20526, -76.2609, 24.2256, -43.9694, 26.4889, 134.223, 0.0113251, -29.9872, 0.241466, 66.5855, 0.250922, -116.179
240, 4.00000, 1.21495, -76.7949, 24.3251, -44.2221, 26.5954, 133.944, 0.0114255, -30.2388, 0.241982, 66.2968, 0.251449, -116.492
240, 4.00833, 1.22468, -77.3335, 24.4246, -44.4769, 26.702, 133.662, 0.0115268, -30.4957, 0.242495, 66.0062, 0.251974, -116.807
241, 4.01667, 1.23447, -77.8767, 24.5242, -44.7337, 26.8085, 133.379, 0.011629, -30.758, 0.243007, 65.7138, 0.252496, -117.125
242, 4.02500, 1.2443, -78.4242, 24.6239, -44.9925, 26.9149, 133.093, 0.0117322, -31.0257, 0.243518, 65.4195, 0.253016, -117.444
242, 4.03333, 1.25418, -78.9762, 24.7235, -45.2533, 27.0212, 132.806, 0.0118363, -31.2989, 0.244026, 65.1234, 0.253532, -117.765
243, 4.04167, 1.26411, -79.5328, 24.8232, -45.5162, 27.1275, 132.516, 0.0119414, -31.5774, 0.244532, 64.8254, 0.254046, -118.088
243, 4.05000, 1.27407, -80.0937, 24.9228, -45.7811, 27.2336, 132.225, 0.0120474, -31.8614, 0.245036, 64.5256, 0.254556, -118.413
243, 4.05833, 1.28408, -80.6591, 25.0224, -46.048, 27.3396, 131.931, 0.0121542, -32.1508, 0.245537, 64.224, 0.255063, -118.74
244, 4.06667, 1.29413, -81.2289, 25.122, -46.3171, 27.4455, 131.635, 0.012262, -32.4457, 0.246036, 63.9204, 0.255566, -119.07
245, 4.07500, 1.30422, -81.8031, 25.2215, -46.5881, 27.5512, 131.337, 0.0123707, -32.746, 0.246532, 63.615, 0.256066, -119.401
245, 4.08333, 1.31435, -82.3816, 25.321, -46.8612, 27.6567, 131.037, 0.0124802, -33.0517, 0.247026, 63.3078, 0.256562, -119.733
246, 4.09167, 1.32452, -82.9646, 25.4204, -47.1364, 27.762, 130.735, 0.0125906, -33.363, 0.247517, 62.9986, 0.257054, -120.068
246, 4.10000, 1.33472, -83.5519, 25.5197, -47.4136, 27.8671, 130.431, 0.0127018, -33.6797, 0.248005, 62.6876, 0.257542, -120.405
246, 4.10833, 1.34495, -84.1435, 25.6189, -47.6928, 27.9719, 130.125, 0.0128139, -34.0018, 0.248489, 62.3747, 0.258026, -120.744
247, 4.11667, 1.35522, -84.7395, 25.718, -47.9741, 28.0765, 129.817, 0.0129268, -34.3295, 0.248971, 62.0599, 0.258505, -121.085
248, 4.12500, 1.36551, -85.3398, 25.8169, -48.2575, 28.1808, 129.507, 0.0130405, -34.6626, 0.249449, 61.7433, 0.258979, -121.428
248, 4.13333, 1.37583, -85.9443, 25.9157, -48.5428, 28.2848, 129.194, 0.013155, -35.0012, 0.249923, 61.4248, 0.259449, -121.773
249, 4.14167, 1.38618, -86.5532, 26.0143, -48.8303, 28.3885, 128.88, 0.0132702, -35.3452, 0.250394, 61.1044, 0.259914, -122.12
249, 4.15000, 1.39656, -87.1662, 26.1126, -49.1198, 28.4918, 128.564, 0.0133863, -35.6947, 0.25086, 60.7822, 0.260374, -122.468
249, 4.15833, 1.40695, -87.7835, 26.2108, -49.4113, 28.5947, 128.245, 0.013503, -36.0496, 0.251323, 60.4581, 0.260829, -122.819
250, 4.16667, 1.41737, -88.4051, 26.3088, -49.7049, 28.6973, 127.924, 0.0136205, -36.41, 0.251782, 60.132, 0.261278, -123.172
251, 4.17500, 1.42781, -89.0308, 26.4065, -50.0005, 28.7995, 127.602, 0.0137387, -36.7758, 0.252237, 59.8042, 0.261721, -123.526
251, 4.18333, 1.43826, -89.6607, 26.5039, -50.2981, 28.9012, 127.277, 0.0138576, -37.147, 0.252687, 59.4745, 0.262159, -123.883
252, 4.19167, 1.44873, -90.2948, 26.6011, -50.5978, 29.0025, 126.95, 0.0139772, -37.5237, 0.253132, 59.1428, 0.262591, -124.241
252, 4.20000, 1.45921, -90.933, 26.6979, -50.8995, 29.1032, 126.622, 0.0140974, -37.9057, 0.253573, 58.8094, 0.263016, -124.602
252, 4.20833, 1.4697, -91.5753, 26.7944, -51.2032, 29.2035, 126.291, 0.0142182, -38.2931, 0.254009, 58.4741, 0.263436, -124.964
253, 4.21667, 1.4802, -92.2218, 26.8906, -51.5089, 29.3033, 125.958, 0.0143397, -38.686, 0.25444, 58.1369, 0.263848, -125.328
254, 4.22500, 1.49071, -92.8723, 26.9864, -51.8166, 29.4025, 125.623, 0.0144617, -39.0841, 0.254865, 57.7979, 0.264254, -125.695
254, 4.23333, 1.50122, -93.5269, 27.0818, -52.1264, 29.5012, 125.287, 0.0145843, -39.4876, 0.255285, 57.4571, 0.264654, -126.063
255, 4.24167, 1.51173, -94.1856, 27.1768, -52.4381, 29.5992, 124.948, 0.0147075, -39.8964, 0.2557, 57.1144, 0.265046, -126.433
255, 4.25000, 1.52224, -94.8482, 27.2714, -52.7518, 29.6966, 124.607, 0.0148311, -40.3105, 0.256109, 56.7699, 0.265431, -126.805
255, 4.25833, 1.53275, -95.5148, 27.3656, -53.0675, 29.7934, 124.264, 0.0149553, -40.7299, 0.256513, 56.4235, 0.265808, -127.179
256, 4.26667, 1.54325, -96.1854, 27.4593, -53.3852, 29.8895, 123.919, 0.0150799, -41.1545, 0.25691, 56.0754, 0.266178, -127.554
257, 4.27500, 1.55374, -96.8599, 27.5525, -53.7048, 29.9849, 123.573, 0.0152049, -41.5844, 0.257301, 55.7254, 0.26654, -127.932
257, 4.28333, 1.56423, -97.5383, 27.6451, -54.0263, 30.0795, 123.224, 0.0153304, -42.0194, 0.257686, 55.3737, 0.266894, -128.311
258, 4.29167, 1.5747, -98.2207, 27.7373, -54.3498, 30.1735, 122.873, 0.0154563, -42.4597, 0.258064, 55.0201, 0.26724, -128.693
258, 4.30000, 1.58515, -98.9069, 27.8289, -54.6752, 30.2666, 122.521, 0.0155825, -42.9051, 0.258436, 54.6648, 0.267578, -129.076
258, 4.30833, 1.59558, -99.5968, 27.9199, -55.0026, 30.3589, 122.167, 0.015709, -43.3556, 0.258801, 54.3078, 0.267907, -129.461
259, 4.31667, 1.606, -100.291, 28.0104, -55.3318, 30.4504, 121.81, 0.0158358, -43.8113, 0.259158, 53.9489, 0.268227, -129.847
260, 4.32500, 1.61639, -100.988, 28.1002, -55.6629, 30.5411, 121.452, 0.0159629, -44.272, 0.259509, 53.5884, 0.268539, -130.236
260, 4.33333, 1.62675, -101.69, 28.1893, -55.9959, 30.6308, 121.092, 0.0160903, -44.7377, 0.259852, 53.2261, 0.268841, -130.626
261, 4.34167, 1.63708, -102.395, 28.2778, -56.3308, 30.7197, 120.73, 0.0162178, -45.2085, 0.260188, 52.8621, 0.269134, -131.018
261, 4.35000, 1.64738, -103.103, 28.3656, -56.6675, 30.8076, 120.367, 0.0163456, -45.6842, 0.260517, 52.4964, 0.269417, -131.412
261, 4.35833, 1.65765, -103.816, 28.4527, -57.006, 30.8946, 120.001, 0.0164734, -46.1648, 0.260837, 52.129, 0.269691, -131.807
262, 4.36667, 1.66788, -104.532, 28.5391, -57.3464, 30.9806, 119.634, 0.0166014, -46.6504, 0.26115, 51.7599, 0.269955, -132.204
263, 4.37500, 1.67806, -105.251, 28.6247, -57.6885, 31.0655, 119.265, 0.0167295, -47.1408, 0.261454, 51.3892, 0.270209, -132.603
263, 4.38333, 1.6882, -105.974, 28.7095, -58.0324, 31.1494, 118.894, 0.0168576, -47.636, 0.26175, 51.0168, 0.270452, -133.003
264, 4.39167, 1.69829, -106.701, 28.7936, -58.3781, 31.2323, 118.522, 0.0169857, -48.136, 0.262038, 50.6428, 0.270686, -133.405
264, 4.40000, 1.70833, -107.431, 28.8768, -58.7255, 31.314, 118.148, 0.0171138, -48.6408, 0.262317, 50.2673, 0.270909, -133.809
264, 4.40833, 1.71832, -108.165, 28.9591, -59.0746, 31.3946, 117.772, 0.0172418, -49.1502, 0.262587, 49.8901, 0.27112, -134.214
265, 4.41667, 1.72825, -108.902, 29.0406, -59.4254, 31.4741, 117.395, 0.0173697, -49.6643, 0.262848, 49.5114, 0.271322, -134.621
265, 4.42500, 1.73812, -109.642, 29.1212, -59.7779, 31.5524, 117.016, 0.0174975, -50.183, 0.263101, 49.1311, 0.271512, -135.029
266, 4.43333, 1.74792, -110.385, 29.2008, -60.132, 31.6295, 116.635, 0.0176251, -50.7063, 0.263343, 48.7493, 0.27169, -135.439
267, 4.44167, 1.75767, -111.132, 29.2796, -60.4879, 31.7053, 116.253, 0.0177525, -51.2342, 0.263577, 48.366, 0.271858, -135.85
267, 4.45000, 1.76733, -111.882, 29.3573, -60.8452, 31.7799, 115.869, 0.0178797, -51.7665, 0.263801, 47.9812, 0.272013, -136.263
267, 4.45833, 1.77693, -112.636, 29.4341, -61.2042, 31.8533, 115.484, 0.0180065, -52.3032, 0.264015, 47.595, 0.272157, -136.677
268, 4.46667, 1.78645, -113.392, 29.5099, -61.5648, 31.9253, 115.097, 0.018133, -52.8443, 0.26422, 47.2073, 0.272289, -137.092
269, 4.47500, 1.79589, -114.152, 29.5846, -61.9268, 31.996, 114.709, 0.0182592, -53.3897, 0.264414, 46.8182, 0.272409, -137.509
269, 4.48333, 1.80525, -114.914, 29.6582, -62.2904, 32.0653, 114.319, 0.0183849, -53.9394, 0.264598, 46.4278, 0.272517, -137.928
270, 4.49167, 1.81452, -115.68, 29.7309, -62.6555, 32.1333, 113.929, 0.0185102, -54.4933, 0.264772, 46.0359, 0.272613, -138.347
270, 4.50000, 1.8237, -116.448, 29.8023, -63.022, 32.1998, 113.536, 0.018635, -55.0514, 0.264936, 45.6428, 0.272696, -138.768
270, 4.50833, 1.83279, -117.22, 29.8727, -63.39, 32.2649, 113.143, 0.0187593, -55.6135, 0.265089, 45.2483, 0.272766, -139.19
271, 4.51667, 1.84179, -117.994, 29.942, -63.7594, 32.3286, 112.748, 0.018883, -56.1798, 0.265231, 44.8525, 0.272824, -139.613
272, 4.52500, 1.85068, -118.771, 30.01, -64.1301, 32.3908, 112.352, 0.0190061, -56.75, 0.265362, 44.4555, 0.272868, -140.037
272, 4.53333, 1.85947, -119.551, 30.0769, -64.5021, 32.4514, 111.954, 0.0191285, -57.3242, 0.265483, 44.0573, 0.2729, -140.463
273, 4.54167, 1.86816, -120.333, 30.1426, -64.8755, 32.5106, 111.556, 0.0192502, -57.9023, 0.265592, 43.6578, 0.272918, -140.889
273, 4.55000, 1.87674, -121.118, 30.207, -65.2502, 32.5682, 111.156, 0.0193712, -58.4841, 0.265691, 43.2572, 0.272924, -141.317
273, 4.55833, 1.8852, -121.906, 30.2702, -65.6261, 32.6243, 110.755, 0.0194914, -59.0697, 0.265777, 42.8555, 0.272916, -141.746
274, 4.56667, 1.89355, -122.696, 30.3322, -66.0032, 32.6788, 110.353, 0.0196108, -59.6591, 0.265853, 42.4526, 0.272894, -142.175
275, 4.57500, 1.90178, -123.489, 30.3928, -66.3815, 32.7316, 109.95, 0.0197293, -60.252, 0.265917, 42.0487, 0.272859, -142.606
275, 4.58333, 1.90989, -124.284, 30.4522, -66.761, 32.7829, 109.547, 0.0198469, -60.8485, 0.265969, 41.6438, 0.27281, -143.037
276, 4.59167, 1.91787, -125.082, 30.5102, -67.1416, 32.8325, 109.142, 0.0199636, -61.4486, 0.26601, 41.2377, 0.272748, -143.47
276, 4.60000, 1.92572, -125.881, 30.5669, -67.5233, 32.8804, 108.736, 0.0200792, -62.052, 0.266038, 40.8308, 0.272671, -143.903
276, 4.60833, 1.93345, -126.683, 30.6222, -67.906, 32.9267, 108.329, 0.0201938, -62.6588, 0.266055, 40.4229, 0.272581, -144.337
277, 4.61667, 1.94104, -127.488, 30.6761, -68.2898, 32.9712, 107.922, 0.0203074, -63.269, 0.26606, 40.014, 0.272477, -144.772
278, 4.62500, 1.94849, -128.294, 30.7287, -68.6745, 33.0141, 107.514, 0.0204198, -63.8823, 0.266053, 39.6044, 0.272359, -145.207
278, 4.63333, 1.9558, -129.102, 30.7798, -69.0601, 33.0552, 107.105, 0.0205311, -64.4988, 0.266033, 39.1938, 0.272226, -145.643
279, 4.64167, 1.96297, -129.913, 30.8295, -69.4467, 33.0946, 106.695, 0.0206412, -65.1184, 0.266001, 38.7824, 0.27208, -146.08
279, 4.65000, 1.96999, -130.725, 30.8778, -69.8342, 33.1322, 106.284, 0.02075, -65.741, 0.265957, 38.3703, 0.271919, -146.517
279, 4.65833, 1.97686, -131.539, 30.9246, -70.2224, 33.168, 105.873, 0.0208575, -66.3666, 0.265901, 37.9575, 0.271744, -146.955
280, 4.66667, 1.98359, -132.355, 30.9699, -70.6115, 33.2021, 105.462, 0.0209638, -66.995, 0.265832, 37.5439, 0.271555, -147.394
281, 4.67500, 1.99015, -133.173, 31.0138, -71.0014, 33.2343, 105.05, 0.0210686, -67.6263, 0.265751, 37.1296, 0.271352, -147.832
281, 4.68333, 1.99656, -133.992, 31.0562, -71.3919, 33.2648, 104.637, 0.0211721, -68.2602, 0.265657, 36.7148, 0.271134, -148.272
282, 4.69167, 2.00282, -134.813, 31.097, -71.7832, 33.2934, 104.224, 0.0212741, -68.8969, 0.26555, 36.2993, 0.270902, -148.711
282, 4.70000, 2.00891, -135.635, 31.1363, -72.175, 33.3202, 103.811, 0.0213747, -69.536, 0.265431, 35.8833, 0.270656, -149.151
282, 4.70833, 2.01483, -136.459, 31.1741, -72.5675, 33.3452, 103.397, 0.0214737, -70.1777, 0.2653, 35.4668, 0.270395, -149.591
283, 4.71667, 2.02059, -137.284, 31.2104, -72.9606, 33.3683, 102.983, 0.0215712, -70.8219, 0.265155, 35.0497, 0.27012, -150.032
284, 4.72500, 2.02618, -138.111, 31.2451, -73.3542, 33.3896, 102.568, 0.0216671, -71.4683, 0.264998, 34.6323, 0.269831, -150.472
284, 4.73333, 2.0316, -138.939, 31.2782, -73.7483, 33.409, 102.154, 0.0217613, -72.117, 0.264828, 34.2144, 0.269528, -150.913
285, 4.74167, 2.03685, -139.768, 31.3098, -74.1428, 33.4266, 101.739, 0.0218539, -72.768, 0.264646, 33.7962, 0.26921, -151.354
285, 4.75000, 2.04192, -140.598, 31.3397, -74.5377, 33.4423, 101.324, 0.0219449, -73.421, 0.264451, 33.3777, 0.268878, -151.795
285, 4.75833, 2.04681, -141.429, 31.3681, -74.933, 33.4561, 100.909, 0.0220341, -74.0761, 0.264243, 32.9588, 0.268532, -152.235
286, 4.76667, 2.05153, -142.261, 31.3949, -75.3287, 33.4681, 100.494, 0.0221215, -74.7331, 0.264022, 32.5397, 0.268172, -152.676
287, 4.77500, 2.05606, -143.094, 31.4201, -75.7246, 33.4781, 100.079, 0.0222071, -75.392, 0.263789, 32.1204, 0.267798, -153.117
287, 4.78333, 2.06041, -143.928, 31.4437, -76.1207, 33.4863, 99.6639, 0.022291, -76.0527, 0.263543, 31.701, 0.26741, -153.558
288, 4.79167, 2.06458, -144.762, 31.4657, -76.5171, 33.4927, 99.2489, 0.0223729, -76.7152, 0.263285, 31.2814, 0.267008, -153.998
288, 4.80000, 2.06856, -145.597, 31.4861, -76.9137, 33.4971, 98.8342, 0.022453, -77.3792, 0.263013, 30.8617, 0.266593, -154.438
288, 4.80833, 2.07236, -146.433, 31.5048, -77.3103, 33.4997, 98.4197, 0.0225312, -78.0448, 0.26273, 30.442, 0.266163, -154.878
289, 4.81667, 2.07596, -147.269, 31.522, -77.7071, 33.5004, 98.0053, 0.0226075, -78.712, 0.262433, 30.0222, 0.26572, -155.318
290, 4.82500, 2.07938, -148.106, 31.5375, -78.1039, 33.4993, 97.5913, 0.0226818, -79.3804, 0.262124, 29.6025, 0.265264, -155.757
290, 4.83333, 2.08261, -148.943, 31.5514, -78.5007, 33.4963, 97.1776, 0.0227541, -80.0502, 0.261803, 29.1828, 0.264794, -156.196
291, 4.84167, 2.08565, -149.781, 31.5636, -78.8975, 33.4914, 96.7642, 0.0228244, -80.7213, 0.261469, 28.7632, 0.26431, -156.634
291, 4.85000, 2.08849, -150.618, 31.5743, -79.2942, 33.4847, 96.3513, 0.0228927, -81.3935, 0.261124, 28.3438, 0.263814, -157.072
291, 4.85833, 2.09114, -151.456, 31.5833, -79.6908, 33.4762, 95.9389, 0.0229589, -82.0668, 0.260765, 27.9246, 0.263304, -157.509
292, 4.86667, 2.0936, -152.294, 31.5907, -80.0872, 33.4658, 95.5269, 0.0230231, -82.7411, 0.260395, 27.5055, 0.262782, -157.946
293, 4.87500, 2.09586, -153.132, 31.5965, -80.4835, 33.4536, 95.1155, 0.0230852, -83.4163, 0.260013, 27.0867, 0.262247, -158.382
293, 4.88333, 2.09793, -153.969, 31.6007, -80.8795, 33.4396, 94.7047, 0.0231451, -84.0923, 0.259618, 26.6683, 0.261699, -158.818
294, 4.89167, 2.09981, -154.807, 31.6032, -81.2752, 33.4237, 94.2944, 0.0232029, -84.7691, 0.259212, 26.2501, 0.261138, -159.253
294, 4.90000, 2.10148, -155.644, 31.6042, -81.6707, 33.4061, 93.8849, 0.0232586, -85.4465, 0.258794, 25.8323, 0.260566, -159.687
294, 4.90833, 2.10297, -156.481, 31.6036, -82.0657, 33.3867, 93.4762, 0.0233122, -86.1246, 0.258364, 25.415, 0.259981, -160.12
295, 4.91667, 2.10425, -157.318, 31.6013, -82.4605, 33.3656, 93.0681, 0.0233635, -86.8032, 0.257922, 24.998, 0.259384, -160.552
296, 4.92500, 2.10535, -158.154, 31.5975, -82.8547, 33.3427, 92.6609, 0.0234127, -87.4822, 0.257469, 24.5816, 0.258775, -160.984
296, 4.93333, 2.10625, -158.99, 31.5921, -83.2486, 33.318, 92.2545, 0.0234597, -88.1615, 0.257005, 24.1657, 0.258155, -161.414
297, 4.94167, 2.10695, -159.825, 31.5851, -83.6419, 33.2916, 91.8489, 0.0235045, -88.8412, 0.256529, 23.7503, 0.257522, -161.844
297, 4.95000, 2.10746, -160.66, 31.5766, -84.0347, 33.2636, 91.4443, 0.0235471, -89.5211, 0.256042, 23.3355, 0.256879, -162.272
297, 4.95833, 2.10777, -161.494, 31.5665, -84.4269, 33.2338, 91.0407, 0.0235875, -90.2011, 0.255544, 22.9213, 0.256225, -162.7
298, 4.96667, 2.10789, -162.327, 31.5548, -84.8186, 33.2024, 90.638, 0.0236256, -90.8812, 0.255035, 22.5078, 0.255559, -163.126
299, 4.97500, 2.10782, -163.159, 31.5416, -85.2095, 33.1693, 90.2364, 0.0236615, -91.5612, 0.254515, 22.095, 0.254883, -163.552
299, 4.98333, 2.10755, -163.99, 31.5269, -85.5998, 33.1345, 89.8359, 0.0236952, -92.2411, 0.253985, 21.6829, 0.254196, -163.976
300, 4.99167, 2.1071, -164.82, 31.5107, -85.9894, 33.0982, 89.4365, 0.0237267, -92.9209, 0.253444, 21.2716, 0.253499, -164.399
300, 5.00000, 2.10645, -165.65, 31.493, -86.3783, 33.0602, 89.0382, 0.0237559, -93.6004, 0.252893, 20.8611, 0.252792, -164.821
300, 5.00833, 2.10562, -166.478, 31.4738, -86.7663, 33.0207, 88.6411, 0.0237829, -94.2796, 0.252332, 20.4514, 0.252075, -165.241
301, 5.01667, 2.1046, -167.304, 31.4531, -87.1536, 32.9796, 88.2452, 0.0238077, -94.9585, 0.25176, 20.0425, 0.251348, -165.661
302, 5.02500, 2.10339, -168.13, 31.4309, -87.54, 32.937, 87.8506, 0.0238302, -95.6368, 0.251179, 19.6346, 0.250611, -166.078
302, 5.03333, 2.102, -168.954, 31.4073, -87.9256, 32.8928, 87.4573, 0.0238505, -96.3146, 0.250588, 19.2276, 0.249865, -166.495
303, 5.04167, 2.10042, -169.777, 31.3823, -88.3102, 32.8472, 87.0652, 0.0238686, -96.9918, 0.249987, 18.8215, 0.24911, -166.91
303, 5.05000, 2.09866, -170.598, 31.3558, -88.6939, 32.8001, 86.6745, 0.0238845, -97.6684, 0.249377, 18.4164, 0.248346, -167.324
303, 5.05833, 2.09672, -171.418, 31.328, -89.0766, 32.7515, 86.2852, 0.0238982, -98.3441, 0.248757, 18.0123, 0.247574, -167.736
304, 5.06667, 2.0946, -172.237, 31.2987, -89.4584, 32.7015, 85.8973, 0.0239097, -99.0192, 0.248129, 17.6093, 0.246793, -168.147
305, 5.07500, 2.09231, -173.053, 31.2681, -89.8391, 32.6501, 85.5108, 0.023919, -99.6933, 0.247491, 17.2073, 0.246004, -168.556
305, 5.08333, 2.08984, -173.868, 31.2361, -90.2187, 32.5974, 85.1259, 0.0239261, -100.366, 0.246845, 16.8065, 0.245207, -168.964
306, 5.09167, 2.08719, -174.681, 31.2027, -90.5973, 32.5433, 84.7423, 0.0239311, -101.039, 0.24619, 16.4067, 0.244402, -169.37
306, 5.10000, 2.08438, -175.492, 31.1681, -90.9748, 32.4878, 84.3604, 0.0239339, -101.71, 0.245527, 16.0081, 0.243589, -169.775
306, 5.10833, 2.08139, -176.302, 31.1321, -91.3511, 32.4311, 83.9799, 0.0239345, -102.38, 0.244855, 15.6108, 0.242769, -170.177
307, 5.11667, 2.07824, -177.109, 31.0949, -91.7262, 32.373, 83.601, 0.0239331, -103.048, 0.244175, 15.2146, 0.241942, -170.579
308, 5.12500, 2.07492, -177.915, 31.0563, -92.1002, 32.3138, 83.2238, 0.0239295, -103.716, 0.243488, 14.8196, 0.241108, -170.978
308, 5.13333, 2.07144, -178.718, 31.0165, -92.4729, 32.2533, 82.8482, 0.0239239, -104.382, 0.242793, 14.4259, 0.240268, -171.376
309, 5.14167, 2.0678, -179.52, 30.9755, -92.8444, 32.1915, 82.4741, 0.0239161, -105.047, 0.24209, 14.0335, 0.239421, -171.772
309, 5.15000, 2.064, 179.681, 30.9333, -93.2146, 32.1286, 82.1018, 0.0239064, -105.71, 0.241379, 13.6424, 0.238567, -172.167
309, 5.15833, 2.06005, 178.884, 30.8898, -93.5835, 32.0646, 81.7312, 0.0238945, -106.372, 0.240662, 13.2526, 0.237708, -172.559
310, 5.16667, 2.05594, 178.09, 30.8452, -93.9512, 31.9994, 81.3622, 0.0238807, -107.033, 0.239938, 12.8642, 0.236843, -172.95
311, 5.17500, 2.05168, 177.297, 30.7995, -94.3175, 31.9332, 80.9951, 0.0238649, -107.691, 0.239206, 12.4772, 0.235973, -173.339
311, 5.18333, 2.04728, 176.507, 30.7525, -94.6824, 31.8658, 80.6296, 0.0238471, -108.348, 0.238468, 12.0915, 0.235097, -173.727
312, 5.19167, 2.04273, 175.72, 30.7045, -95.046, 31.7974, 80.2659, 0.0238273, -109.004, 0.237724, 11.7072, 0.234216, -174.112
312, 5.20000, 2.03803, 174.935, 30.6554, -95.4081, 31.728, 79.904, 0.0238057, -109.657, 0.236973, 11.3245, 0.23333, -174.496
312, 5.20833, 2.0332, 174.152, 30.6052, -95.7688, 31.6576, 79.544, 0.0237821, -110.309, 0.236217, 10.9431, 0.23244, -174.877
313, 5.21667, 2.02823, 173.372, 30.5539, -96.1282, 31.5862, 79.1857, 0.0237566, -110.959, 0.235454, 10.5632, 0.231545, -175.257
314, 5.22500, 2.02312, 172.594, 30.5016, -96.486, 31.5139, 78.8292, 0.0237293, -111.607, 0.234685, 10.1848, 0.230646, -175.635
314, 5.23333, 2.01788, 171.819, 30.4482, -96.8424, 31.4406, 78.4747, 0.0237001, -112.253, 0.233911, 9.80799, 0.229743, -176.011
315, 5.24167, 2.01251, 171.047, 30.3939, -97.1973, 31.3665, 78.1219, 0.0236692, -112.897, 0.233132, 9.43262, 0.228835, -176.385
315, 5.25000, 2.00702, 170.278, 30.3386, -97.5506, 31.2915, 77.7711, 0.0236365, -113.539, 0.232347, 9.05883, 0.227925, -176.757
315, 5.25833, 2.0014, 169.511, 30.2823, -97.9025, 31.2156, 77.4221, 0.023602, -114.179, 0.231558, 8.6866, 0.227011, -177.127
316, 5.26667, 1.99566, 168.747, 30.2251, -98.2528, 31.139, 77.0751, 0.0235658, -114.817, 0.230763, 8.31591, 0.226094, -177.495
317, 5.27500, 1.98981, 167.986, 30.167, -98.6016, 31.0615, 76.7299, 0.0235279, -115.453, 0.229964, 7.94685, 0.225173, -177.861
317, 5.28333, 1.98384, 167.228, 30.1079, -98.9487, 30.9833, 76.3867, 0.0234883, -116.086, 0.22916, 7.57939, 0.22425, -178.225
318, 5.29167, 1.97775, 166.473, 30.048, -99.2944, 30.9043, 76.0454, 0.0234471, -116.717, 0.228352, 7.21351, 0.223325, -178.587
318, 5.30000, 1.97156, 165.72, 29.9872, -99.6384, 30.8247, 75.7061, 0.0234043, -117.346, 0.22754, 6.84931, 0.222397, -178.947
318, 5.30833, 1.96526, 164.971, 29.9256, -99.9808, 30.7443, 75.3687, 0.02336, -117.973, 0.226724, 6.48674, 0.221466, -179.305
319, 5.31667, 1.95886, 164.224, 29.8632, -100.322, 30.6632, 75.0332, 0.023314, -118.597, 0.225904, 6.12579, 0.220534, -179.661
320, 5.32500, 1.95236, 163.481, 29.8, -100.661, 30.5816, 74.6998, 0.0232666, -119.219, 0.22508, 5.76656, 0.2196, 179.985
320, 5.33333, 1.94576, 162.741, 29.736, -100.998, 30.4993, 74.3683, 0.0232176, -119.838, 0.224253, 5.409, 0.218664, 179.633
321, 5.34167, 1.93907, 162.003, 29.6713, -101.334, 30.4164, 74.0387, 0.0231672, -120.455, 0.223423, 5.05308, 0.217727, 179.283
321, 5.35000, 1.93228, 161.269, 29.6058, -101.668, 30.3329, 73.7112, 0.0231154, -121.069, 0.222589, 4.69891, 0.216788, 178.935
321, 5.35833, 1.9254, 160.538, 29.5396, -102.001, 30.2489, 73.3856, 0.0230622, -121.681, 0.221753, 4.34645, 0.215849, 178.589
322, 5.36667, 1.91844, 159.811, 29.4727, -102.332, 30.1643, 73.062, 0.0230076, -122.291, 0.220914, 3.99566, 0.214908, 178.245
323, 5.37500, 1.9114, 159.086, 29.4051, -102.661, 30.0793, 72.7404, 0.0229517, -122.897, 0.220072, 3.64664, 0.213966, 177.904
323, 5.38333, 1.90427, 158.365, 29.3369, -102.988, 29.9937, 72.4208, 0.0228944, -123.501, 0.219227, 3.29935, 0.213024, 177.564
324, 5.39167, 1.89707, 157.647, 29.268, -103.314, 29.9077, 72.1032, 0.0228359, -124.103, 0.21838, 2.95376, 0.212082, 177.227
324, 5.40000, 1.88979, 156.932, 29.1985, -103.638, 29.8213, 71.7876, 0.0227762, -124.702, 0.217531, 2.60996, 0.211139, 176.891
324, 5.40833, 1.88245, 156.22, 29.1284, -103.96, 29.7344, 71.474, 0.0227152, -125.298, 0.21668, 2.26791, 0.210196, 176.558
325, 5.41667, 1.87503, 155.512, 29.0577, -104.281, 29.6472, 71.1624, 0.0226531, -125.891, 0.215827, 1.92758, 0.209252, 176.226
326, 5.42500, 1.86754, 154.807, 28.9865, -104.6, 29.5595, 70.8528, 0.0225898, -126.482, 0.214973, 1.58906, 0.208309, 175.897
326, 5.43333, 1.85999, 154.105, 28.9147, -104.917, 29.4715, 70.5452, 0.0225253, -127.07, 0.214116, 1.25231, 0.207367, 175.57
327, 5.44167, 1.85238, 153.407, 28.8424, -105.232, 29.3832, 70.2396, 0.0224598, -127.655, 0.213259, 0.917294, 0.206424, 175.245
327, 5.45000, 1.84472, 152.712, 28.7696, -105.546, 29.2946, 69.936, 0.0223932, -128.237, 0.2124, 0.584097, 0.205483, 174.922
327, 5.45833, 1.83699, 152.021, 28.6963, -105.858, 29.2056, 69.6344, 0.0223256, -128.816, 0.211539, 0.252681, 0.204542, 174.601
328, 5.46667, 1.82922, 151.332, 28.6225, -106.168, 29.1164, 69.3347, 0.022257, -129.393, 0.210678, -0.0769874, 0.203601, 174.282
329, 5.47500, 1.82139, 150.648, 28.5483, -106.477, 29.0269, 69.0371, 0.0221875, -129.967, 0.209816, -0.404828, 0.202662, 173.965
329, 5.48333, 1.81352, 149.966, 28.4736, -106.783, 28.9372, 68.7414, 0.022117, -130.538, 0.208953, -0.730878, 0.201724, 173.65
330, 5.49167, 1.80559, 149.288, 28.3985, -107.088, 28.8473, 68.4477, 0.0220455, -131.106, 0.208089, -1.05517, 0.200787, 173.337
330, 5.50000, 1.79763, 148.614, 28.323, -107.391, 28.7571, 68.1561, 0.0219732, -131.671, 0.207225, -1.37764, 0.199851, 173.027
330, 5.50833, 1.78963, 147.943, 28.2471, -107.693, 28.6668, 67.8663, 0.0219001, -132.233, 0.206361, -1.6983, 0.198917, 172.718
331, 5.51667, 1.78158, 147.276, 28.1709, -107.992, 28.5763, 67.5786, 0.0218261, -132.793, 0.205496, -2.01721, 0.197985, 172.411
332, 5.52500, 1.77351, 146.612, 28.0943, -108.29, 28.4856, 67.2928, 0.0217514, -133.349, 0.204631, -2.33428, 0.197054, 172.107
332, 5.53333, 1.76539, 145.951, 28.0174, -108.586, 28.3948, 67.009, 0.0216758, -133.903, 0.203766, -2.64956, 0.196124, 171.804
333, 5.54167, 1.75725, 145.294, 27.9401, -108.881, 28.3039, 66.7271, 0.0215995, -134.453, 0.202901, -2.96307, 0.195197, 171.503
333, 5.55000, 1.74908, 144.64, 27.8625, -109.173, 28.2129, 66.4472, 0.0215226, -135.001, 0.202036, -3.27475, 0.194272, 171.205
333, 5.55833, 1.74088, 143.99, 27.7847, -109.464, 28.1217, 66.1692, 0.0214449, -135.546, 0.201172, -3.58464, 0.193348, 170.908
334, 5.56667, 1.73266, 143.344, 27.7065, -109.753, 28.0305, 65.8931, 0.0213666, -136.087, 0.200308, -3.89277, 0.192427, 170.614
335, 5.57500, 1.72441, 142.7, 27.6281, -110.041, 27.9393, 65.6189, 0.0212876, -136.626, 0.199444, -4.19907, 0.191508, 170.321
335, 5.58333, 1.71615, 142.061, 27.5495, -110.326, 27.848, 65.3467, 0.0212081, -137.162, 0.198582, -4.50357, 0.190592, 170.03
336, 5.59167, 1.70786, 141.425, 27.4706, -110.61, 27.7566, 65.0764, 0.021128, -137.694, 0.197719, -4.80633, 0.189678, 169.742
336, 5.60000, 1.69956, 140.792, 27.3915, -110.892, 27.6652, 64.808, 0.0210473, -138.224, 0.196858, -5.10726, 0.188766, 169.455
336, 5.60833, 1.69125, 140.163, 27.3122, -111.172, 27.5739, 64.5415, 0.0209661, -138.751, 0.195998, -5.40641, 0.187857, 169.17
337, 5.61667, 1.68292, 139.537, 27.2328, -111.451, 27.4825, 64.2768, 0.0208844, -139.275, 0.195138, -5.70382, 0.18695, 168.888
338, 5.62500, 1.67459, 138.915, 27.1531, -111.728, 27.3911, 64.0141, 0.0208022, -139.795, 0.19428, -5.99941, 0.186047, 168.607
338, 5.63333, 1.66624, 138.297, 27.0733, -112.003, 27.2998, 63.7532, 0.0207196, -140.313, 0.193423, -6.29323, 0.185146, 168.328
339, 5.64167, 1.65789, 137.682, 26.9933, -112.276, 27.2085, 63.4942, 0.0206365, -140.828, 0.192567, -6.58531, 0.184248, 168.051
339, 5.65000, 1.64954, 137.07, 26.9132, -112.548, 27.1172, 63.237, 0.0205531, -141.34, 0.191713, -6.8756, 0.183353, 167.776
339, 5.65833, 1.64118, 136.462, 26.8329, -112.818, 27.0261, 62.9817, 0.0204692, -141.848, 0.19086, -7.16412, 0.182461, 167.503
340, 5.66667, 1.63282, 135.857, 26.7526, -113.086, 26.935, 62.7282, 0.020385, -142.354, 0.190009, -7.45092, 0.181572, 167.231
341, 5.67500, 1.62446, 135.256, 26.6721, -113.353, 26.8439, 62.4765, 0.0203005, -142.857, 0.189159, -7.73593, 0.180687, 166.962
341, 5.68333, 1.6161, 134.658, 26.5916, -113.618, 26.753, 62.2266, 0.0202157, -143.357, 0.188311, -8.0192, 0.179804, 166.694
342, 5.69167, 1.60774, 134.064, 26.511, -113.881, 26.6622, 61.9785, 0.0201305, -143.853, 0.187465, -8.30076, 0.178925, 166.429
342, 5.70000, 1.59939, 133.473, 26.4303, -114.142, 26.5715, 61.7322, 0.0200451, -144.347, 0.18662, -8.58055, 0.178049, 166.165
342, 5.70833, 1.59105, 132.886, 26.3495, -114.402, 26.4809, 61.4877, 0.0199595, -144.838, 0.185778, -8.85861, 0.177176, 165.903
343, 5.71667, 1.58272, 132.302, 26.2687, -114.66, 26.3905, 61.245, 0.0198736, -145.326, 0.184937, -9.13498, 0.176307, 165.643
344, 5.72500, 1.57439, 131.722, 26.1879, -114.916, 26.3002, 61.004, 0.0197875, -145.811, 0.184099, -9.4096, 0.175441, 165.384
344, 5.73333, 1.56608, 131.145, 26.1071, -115.171, 26.21, 60.7648, 0.0197012, -146.293, 0.183262, -9.6825, 0.174579, 165.128
345, 5.74167, 1.55777, 130.571, 26.0262, -115.424, 26.12, 60.5273, 0.0196147, -146.772, 0.182428, -9.95373, 0.17372, 164.873
345, 5.75000, 1.54949, 130.001, 25.9453, -115.676, 26.0302, 60.2915, 0.0195281, -147.248, 0.181596, -10.2232, 0.172865, 164.62
345, 5.75833, 1.54121, 129.435, 25.8645, -115.925, 25.9406, 60.0575, 0.0194414, -147.721, 0.180767, -10.491, 0.172013, 164.369
346, 5.76667, 1.53295, 128.871, 25.7836, -116.174, 25.8511, 59.8251, 0.0193545, -148.191, 0.179939, -10.7572, 0.171165, 164.119
347, 5.77500, 1.52471, 128.311, 25.7028, -116.42, 25.7619, 59.5944, 0.0192675, -148.658, 0.179115, -11.0216, 0.170321, 163.872
347, 5.78333, 1.51649, 127.755, 25.622, -116.665, 25.6728, 59.3655, 0.0191805, -149.122, 0.178292, -11.2844, 0.16948, 163.626
348, 5.79167, 1.50829, 127.201, 25.5412, -116.908, 25.5839, 59.1381, 0.0190934, -149.583, 0.177472, -11.5456, 0.168644, 163.381
348, 5.80000, 1.50011, 126.652, 25.4605, -117.15, 25.4953, 58.9125, 0.0190062, -150.042, 0.176655, -11.805, 0.167811, 163.139
348, 5.80833, 1.49195, 126.105, 25.3799, -117.39, 25.4068, 58.6885, 0.018919, -150.497, 0.17584, -12.0628, 0.166981, 162.898
349, 5.81667, 1.48381, 125.562, 25.2993, -117.628, 25.3186, 58.4661, 0.0188318, -150.95, 0.175028, -12.319, 0.166156, 162.659
350, 5.82500, 1.4757, 125.022, 25.2188, -117.865, 25.2306, 58.2454, 0.0187446, -151.4, 0.174219, -12.5735, 0.165334, 162.422
350, 5.83333, 1.46761, 124.486, 25.1384, -118.1, 25.1429, 58.0263, 0.0186574, -151.846, 0.173413, -12.8264, 0.164517, 162.186
351, 5.84167, 1.45954, 123.952, 25.058, -118.334, 25.0554, 57.8087, 0.0185702, -152.29, 0.172609, -13.0778, 0.163703, 161.952
351, 5.85000, 1.45151, 123.422, 24.9778, -118.566, 24.9681, 57.5928, 0.0184831, -152.732, 0.171808, -13.3274, 0.162893, 161.719
351, 5.85833, 1.4435, 122.896, 24.8977, -118.797, 24.8811, 57.3784, 0.018396, -153.17, 0.17101, -13.5755, 0.162087, 161.488
352, 5.86667, 1.43552, 122.372, 24.8176, -119.026, 24.7944, 57.1656, 0.018309, -153.605, 0.170215, -13.822, 0.161285, 161.259
353, 5.87500, 1.42757, 121.852, 24.7377, -119.253, 24.7079, 56.9544, 0.0182221, -154.038, 0.169423, -14.0669, 0.160487, 161.031
353, 5.88333, 1.41965, 121.335, 24.6579, -119.479, 24.6217, 56.7447, 0.0181352, -154.468, 0.168633, -14.3102, 0.159693, 160.805
354, 5.89167, 1.41175, 120.821, 24.5783, -119.704, 24.5357, 56.5365, 0.0180485, -154.895, 0.167847, -14.552, 0.158903, 160.581
354, 5.90000, 1.40389, 120.311, 24.4988, -119.926, 24.45, 56.3299, 0.0179619, -155.319, 0.167064, -14.7922, 0.158117, 160.358
354, 5.90833, 1.39607, 119.803, 24.4194, -120.148, 24.3646, 56.1247, 0.0178754, -155.741, 0.166284, -15.0309, 0.157335, 160.137
355, 5.91667, 1.38827, 119.299, 24.3402, -120.368, 24.2795, 55.9211, 0.017789, -156.16, 0.165507, -15.268, 0.156556, 159.917
356, 5.92500, 1.38051, 118.798, 24.2611, -120.586, 24.1947, 55.7189, 0.0177028, -156.576, 0.164733, -15.5036, 0.155782, 159.699
356, 5.93333, 1.37278, 118.3, 24.1822, -120.803, 24.1101, 55.5182, 0.0176168, -156.989, 0.163963, -15.7376, 0.155012, 159.482
357, 5.94167, 1.36509, 117.805, 24.1034, -121.019, 24.0259, 55.319, 0.0175309, -157.4, 0.163195, -15.9702, 0.154246, 159.267
357, 5.95000, 1.35743, 117.313, 24.0249, -121.233, 23.9419, 55.1212, 0.0174453, -157.808, 0.162431, -16.2013, 0.153484, 159.053
357, 5.95833, 1.3498, 116.825, 23.9465, -121.445, 23.8583, 54.9249, 0.0173598, -158.213, 0.16167, -16.4308, 0.152726, 158.841
358, 5.96667, 1.34222, 116.339, 23.8682, -121.656, 23.7749, 54.73, 0.0172745, -158.616, 0.160912, -16.6589, 0.151972, 158.63
359, 5.97500, 1.33467, 115.856, 23.7902, -121.866, 23.6919, 54.5365, 0.0171894, -159.015, 0.160157, -16.8854, 0.151222, 158.421
359, 5.98333, 1.32715, 115.377, 23.7124, -122.074, 23.6092, 54.3444, 0.0171045, -159.413, 0.159406, -17.1105, 0.150477, 158.213
360, 5.99167, 1.31968, 114.9, 23.6347, -122.281, 23.5267, 54.1537, 0.0170199, -159.807, 0.158658, -17.3342, 0.149735, 158.007
360, 6.00000, 1.31224, 114.427, 23.5572, -122.487, 23.4446, 53.9644, 0.0169355, -160.199, 0.157914, -17.5564, 0.148997, 157.802
360, 6.00833, 1.30484, 113.957, 23.48, -122.691, 23.3628, 53.7764, 0.0168513, -160.589, 0.157172, -17.7772, 0.148263, 157.598
361, 6.01667, 1.29748, 113.489, 23.4029, -122.893, 23.2813, 53.5898, 0.0167674, -160.976, 0.156434, -17.9965, 0.147534, 157.396
362, 6.02500, 1.29015, 113.024, 23.3261, -123.095, 23.2002, 53.4046, 0.0166837, -161.36, 0.1557, -18.2144, 0.146808, 157.195
362, 6.03333, 1.28287, 112.563, 23.2495, -123.295, 23.1193, 53.2207, 0.0166004, -161.742, 0.154968, -18.4309, 0.146087, 156.996
363, 6.04167, 1.27562, 112.104, 23.173, -123.493, 23.0388, 53.0381, 0.0165172, -162.121, 0.154241, -18.646, 0.145369, 156.798
363, 6.05000, 1.26842, 111.648, 23.0969, -123.69, 22.9586, 52.8568, 0.0164344, -162.498, 0.153516, -18.8597, 0.144655, 156.601
363, 6.05833, 1.26126, 111.195, 23.0209, -123.886, 22.8787, 52.6768, 0.0163518, -162.872, 0.152795, -19.072, 0.143946, 156.406
364, 6.06667, 1.25413, 110.745, 22.9451, -124.081, 22.7992, 52.4981, 0.0162695, -163.243, 0.152077, -19.2829, 0.14324, 156.212
365, 6.07500, 1.24705, 110.298, 22.8696, -124.274, 22.72, 52.3208, 0.0161876, -163.613, 0.151363, -19.4925, 0.142539, 156.02
365, 6.08333, 1.24001, 109.854, 22.7944, -124.466, 22.6411, 52.1446, 0.0161059, -163.979, 0.150652, -19.7007, 0.141841, 155.828
366, 6.09167, 1.233, 109.412, 22.7193, -124.657, 22.5625, 51.9697, 0.0160245, -164.344, 0.149945, -19.9076, 0.141147, 155.638
366, 6.10000, 1.22604, 108.973, 22.6445, -124.846, 22.4843, 51.7961, 0.0159435, -164.705, 0.149241, -20.1131, 0.140458, 155.45
366, 6.10833, 1.21912, 108.537, 22.5699, -125.034, 22.4064, 51.6237, 0.0158627, -165.065, 0.148541, -20.3173, 0.139772, 155.262
367, 6.11667, 1.21225, 108.104, 22.4956, -125.221, 22.3288, 51.4526, 0.0157823, -165.422, 0.147844, -20.5202, 0.13909, 155.076
368, 6.12500, 1.20541, 107.674, 22.4215, -125.406, 22.2516, 51.2826, 0.0157022, -165.777, 0.14715, -20.7217, 0.138412, 154.891
368, 6.13333, 1.19862, 107.246, 22.3477, -125.591, 22.1747, 51.1139, 0.0156225, -166.129, 0.14646, -20.922, 0.137738, 154.707
369, 6.14167, 1.19186, 106.821, 22.2741, -125.774, 22.0981, 50.9464, 0.015543, -166.479, 0.145773, -21.121, 0.137068, 154.525
369, 6.15000, 1.18515, 106.398, 22.2008, -125.955, 22.0219, 50.78, 0.0154639, -166.826, 0.14509, -21.3186, 0.136402, 154.344
369, 6.15833, 1.17848, 105.979, 22.1277, -126.136, 21.946, 50.6148, 0.0153852, -167.172, 0.14441, -21.515, 0.13574, 154.164
370, 6.16667, 1.17186, 105.562, 22.0549, -126.315, 21.8704, 50.4508, 0.0153068, -167.515, 0.143734, -21.7102, 0.135081, 153.985
371, 6.17500, 1.16527, 105.147, 21.9823, -126.493, 21.7952, 50.2879, 0.0152287, -167.855, 0.143061, -21.9041, 0.134427, 153.808
371, 6.18333, 1.15873, 104.736, 21.91, -126.67, 21.7203, 50.1262, 0.015151, -168.194, 0.142391, -22.0967, 0.133776, 153.631
372, 6.19167, 1.15223, 104.327, 21.838, -126.846, 21.6457, 49.9656, 0.0150736, -168.53, 0.141725, -22.2881, 0.133129, 153.456
372, 6.20000, 1.14577, 103.92, 21.7662, -127.02, 21.5715, 49.8062, 0.0149966, -168.864, 0.141063, -22.4783, 0.132486, 153.282
372, 6.20833, 1.13935, 103.516, 21.6947, -127.194, 21.4976, 49.6478, 0.01492, -169.195, 0.140404, -22.6672, 0.131847, 153.109
373, 6.21667, 1.13298, 103.115, 21.6234, -127.366, 21.4241, 49.4906, 0.0148437, -169.525, 0.139748, -22.855, 0.131211, 152.937
374, 6.22500, 1.12665, 102.716, 21.5525, -127.537, 21.3509, 49.3344, 0.0147678, -169.852, 0.139096, -23.0415, 0.13058, 152.767
374, 6.23333, 1.12036, 102.319, 21.4817, -127.707, 21.278, 49.1794, 0.0146923, -170.177, 0.138447, -23.2269, 0.129952, 152.597
375, 6.24167, 1.11411, 101.925, 21.4113, -127.876, 21.2055, 49.0254, 0.0146171, -170.5, 0.137801, -23.4111, 0.129327, 152.429
375, 6.25000, 1.10791, 101.534, 21.3411, -128.043, 21.1333, 48.8724, 0.0145423, -170.821, 0.13716, -23.594, 0.128707, 152.262
375, 6.25833, 1.10174, 101.145, 21.2712, -128.21, 21.0614, 48.7206, 0.0144678, -171.139, 0.136521, -23.7759, 0.12809, 152.096
376, 6.26667, 1.09562, 100.759, 21.2015, -128.375, 20.9898, 48.5698, 0.0143938, -171.456, 0.135886, -23.9566, 0.127477, 151.931
377, 6.27500, 1.08954, 100.375, 21.1322, -128.54, 20.9186, 48.42, 0.0143201, -171.77, 0.135254, -24.1361, 0.126867, 151.767
377, 6.28333, 1.0835, 99.993, 21.0631, -128.703, 20.8478, 48.2712, 0.0142468, -172.082, 0.134625, -24.3144, 0.126261, 151.604
378, 6.29167, 1.07751, 99.6137, 20.9943, -128.865, 20.7772, 48.1235, 0.0141738, -172.393, 0.134, -24.4917, 0.125659, 151.442
378, 6.30000, 1.07155, 99.2369, 20.9257, -129.026, 20.707, 47.9768, 0.0141013, -172.701, 0.133379, -24.6678, 0.12506, 151.281
378, 6.30833, 1.06564, 98.8624, 20.8574, -129.186, 20.6371, 47.8311, 0.0140291, -173.007, 0.13276, -24.8428, 0.124465, 151.121
379, 6.31667, 1.05977, 98.4903, 20.7894, -129.345, 20.5676, 47.6863, 0.0139573, -173.311, 0.132145, -25.0167, 0.123874, 150.963
380, 6.32500, 1.05393, 98.1205, 20.7217, -129.503, 20.4983, 47.5426, 0.0138859, -173.613, 0.131534, -25.1896, 0.123286, 150.805
380, 6.33333, 1.04815, 97.753, 20.6543, -129.659, 20.4295, 47.3998, 0.0138148, -173.913, 0.130925, -25.3613, 0.122701, 150.648
381, 6.34167, 1.0424, 97.3878, 20.5871, -129.815, 20.3609, 47.258, 0.0137442, -174.211, 0.13032, -25.5319, 0.12212, 150.493
381, 6.35000, 1.03669, 97.0249, 20.5202, -129.97, 20.2926, 47.1172, 0.0136739, -174.507, 0.129719, -25.7015, 0.121543, 150.338
381, 6.35833, 1.03102, 96.6643, 20.4536, -130.124, 20.2247, 46.9773, 0.013604, -174.801, 0.12912, -25.87, 0.120969, 150.184
382, 6.36667, 1.02539, 96.3059, 20.3872, -130.276, 20.1571, 46.8383, 0.0135345, -175.094, 0.128525, -26.0374, 0.120398, 150.032
383, 6.37500, 1.01981, 95.9497, 20.3212, -130.428, 20.0899, 46.7003, 0.0134654, -175.384, 0.127934, -26.2038, 0.119831, 149.88
383, 6.38333, 1.01426, 95.5958, 20.2554, -130.579, 20.0229, 46.5632, 0.0133967, -175.672, 0.127345, -26.3692, 0.119268, 149.729
384, 6.39167, 1.00876, 95.244, 20.1898, -130.729, 19.9563, 46.427, 0.0133283, -175.959, 0.12676, -26.5336, 0.118707, 149.579
384, 6.40000, 1.00329, 94.8945, 20.1246, -130.877, 19.89, 46.2917, 0.0132604, -176.243, 0.126178, -26.6969, 0.118151, 149.431
384, 6.40833, 0.997866, 94.5471, 20.0597, -131.025, 19.824, 46.1574, 0.0131928, -176.526, 0.125599, -26.8592, 0.117597, 149.283
385, 6.41667, 0.992479, 94.2019, 19.995, -131.172, 19.7584, 46.0239, 0.0131256, -176.807, 0.125023, -27.0205, 0.117047, 149.136
386, 6.42500, 0.987132, 93.8588, 19.9306, -131.318, 19.693, 45.8913, 0.0130588, -177.086, 0.124451, -27.1807, 0.1165, 148.99
386, 6.43333, 0.981825, 93.5178, 19.8664, -131.463, 19.628, 45.7596, 0.0129923, -177.363, 0.123881, -27.34, 0.115957, 148.844
387, 6.44167, 0.976555, 93.1789, 19.8026, -131.607, 19.5633, 45.6287, 0.0129263, -177.639, 0.123315, -27.4984, 0.115416, 148.7
387, 6.45000, 0.971326, 92.8421, 19.739, -131.75, 19.4989, 45.4987, 0.0128606, -177.912, 0.122752, -27.6557, 0.114879, 148.557
387, 6.45833, 0.966135, 92.5074, 19.6757, -131.892, 19.4348, 45.3696, 0.0127953, -178.184, 0.122193, -27.8121, 0.114345, 148.414
388, 6.46667, 0.960982, 92.1748, 19.6127, -132.033, 19.3711, 45.2413, 0.0127304, -178.454, 0.121636, -27.9675, 0.113815, 148.273
389, 6.47500, 0.955867, 91.8442, 19.5499, -132.173, 19.3076, 45.1138, 0.0126659, -178.723, 0.121083, -28.122, 0.113287, 148.132
389, 6.48333, 0.950791, 91.5156, 19.4874, -132.313, 19.2444, 44.9872, 0.0126017, -178.989, 0.120532, -28.2755, 0.112763, 147.992
390, 6.49167, 0.945752, 91.189, 19.4252, -132.451, 19.1816, 44.8614, 0.012538, -179.254, 0.119985, -28.4281, 0.112242, 147.853
390, 6.50000, 0.940751, 90.8645, 19.3633, -132.589, 19.1191, 44.7364, 0.0124746, -179.517, 0.119441, -28.5797, 0.111724, 147.715
390, 6.50833, 0.935788, 90.5419, 19.3016, -132.726, 19.0568, 44.6122, 0.0124116, -179.779, 0.1189, -28.7304, 0.11121, 147.578
391, 6.51667, 0.930862, 90.2213, 19.2402, -132.862, 18.9949, 44.4888, 0.0123489, 179.961, 0.118361, -28.8803, 0.110698, 147.441
392, 6.52500, 0.925973, 89.9026, 19.1791, -132.997, 18.9333, 44.3663, 0.0122866, 179.703, 0.117826, -29.0292, 0.110189, 147.306
392, 6.53333, 0.92112, 89.5859, 19.1183, -133.131, 18.872, 44.2445, 0.0122247, 179.447, 0.117294, -29.1771, 0.109684, 147.171
393, 6.54167, 0.916304, 89.2711, 19.0577, -133.264, 18.8109, 44.1234, 0.0121632, 179.192, 0.116765, -29.3243, 0.109181, 147.037
393, 6.55000, 0.911525, 88.9582, 18.9974, -133.397, 18.7502, 44.0032, 0.0121021, 178.939, 0.116239, -29.4705, 0.108682, 146.904
393, 6.55833, 0.906782, 88.6472, 18.9373, -133.528, 18.6898, 43.8837, 0.0120413, 178.687, 0.115716, -29.6158, 0.108186, 146.771
394, 6.56667, 0.902075, 88.3381, 18.8776, -133.659, 18.6296, 43.765, 0.0119809, 178.437, 0.115196, -29.7603, 0.107692, 146.64
395, 6.57500, 0.897403, 88.0308, 18.8181, -133.789, 18.5698, 43.647, 0.0119208, 178.189, 0.114679, -29.9039, 0.107202, 146.509
395, 6.58333, 0.892767, 87.7255, 18.7588, -133.918, 18.5103, 43.5298, 0.0118611, 177.942, 0.114165, -30.0467, 0.106714, 146.379
396, 6.59167, 0.888166, 87.4219, 18.6999, -134.046, 18.451, 43.4133, 0.0118018, 177.697, 0.113653, -30.1886, 0.10623, 146.25
396, 6.60000, 0.883601, 87.1202, 18.6412, -134.174, 18.392, 43.2976, 0.0117428, 177.453, 0.113145, -30.3296, 0.105748, 146.121
396, 6.60833, 0.87907, 86.8203, 18.5827, -134.301, 18.3334, 43.1826, 0.0116843, 177.211, 0.112639, -30.4698, 0.105269, 145.993
397, 6.61667, 0.874573, 86.5221, 18.5245, -134.427, 18.275, 43.0682, 0.011626, 176.971, 0.112137, -30.6092, 0.104793, 145.866
398, 6.62500, 0.870112, 86.2258, 18.4666, -134.552, 18.2169, 42.9547, 0.0115681, 176.732, 0.111637, -30.7478, 0.10432, 145.74
398, 6.63333, 0.865684, 85.9313, 18.409, -134.676, 18.1591, 42.8418, 0.0115106, 176.494, 0.11114, -30.8855, 0.10385, 145.615
399, 6.64167, 0.86129, 85.6384, 18.3516, -134.8, 18.1015, 42.7296, 0.0114534, 176.258, 0.110646, -31.0224, 0.103383, 145.49
399, 6.65000, 0.85693, 85.3474, 18.2945, -134.923, 18.0443, 42.6181, 0.0113966, 176.024, 0.110154, -31.1585, 0.102918, 145.366
399, 6.65833, 0.852603, 85.0581, 18.2376, -135.045, 17.9873, 42.5073, 0.0113402, 175.791, 0.109666, -31.2939, 0.102456, 145.243
400, 6.66667, 0.848309, 84.7704, 18.181, -135.166, 17.9306, 42.3972, 0.0112841, 175.559, 0.10918, -31.4284, 0.101997, 145.12
401, 6.67500, 0.844049, 84.4845, 18.1246, -135.286, 17.8742, 42.2878, 0.0112283, 175.329, 0.108697, -31.5621, 0.101541, 144.998
401, 6.68333, 0.839822, 84.2003, 18.0685, -135.406, 17.8181, 42.179, 0.0111729, 175.1, 0.108217, -31.6951, 0.101087, 144.877
402, 6.69167, 0.835626, 83.9178, 18.0127, -135.525, 17.7622, 42.0709, 0.0111178, 174.873, 0.107739, -31.8273, 0.100636, 144.757
402, 6.70000, 0.831463, 83.6369, 17.9571, -135.644, 17.7066, 41.9635, 0.0110631, 174.647, 0.107264, -31.9587, 0.100188, 144.637
402, 6.70833, 0.827333, 83.3577, 17.9018, -135.762, 17.6513, 41.8567, 0.0110087, 174.422, 0.106792, -32.0894, 0.0997423, 144.518
403, 6.71667, 0.823234, 83.0801, 17.8467, -135.878, 17.5963, 41.7506, 0.0109547, 174.199, 0.106323, -32.2193, 0.0992994, 144.4
404, 6.72500, 0.819167, 82.8042, 17.7919, -135.995, 17.5415, 41.6451, 0.010901, 173.977, 0.105856, -32.3485, 0.0988591, 144.282
404, 6.73333, 0.815131, 82.5298, 17.7373, -136.11, 17.487, 41.5402, 0.0108476, 173.757, 0.105392, -32.4769, 0.0984214, 144.165
405, 6.74167, 0.811126, 82.2571, 17.683, -136.225, 17.4327, 41.436, 0.0107946, 173.538, 0.10493, -32.6045, 0.0979863, 144.048
405, 6.75000, 0.807152, 81.986, 17.6289, -136.339, 17.3787, 41.3324, 0.0107419, 173.32, 0.104472, -32.7315, 0.0975538, 143.933
405, 6.75833, 0.803209, 81.7164, 17.575, -136.453, 17.325, 41.2294, 0.0106895, 173.104, 0.104015, -32.8577, 0.0971238, 143.818
406, 6.76667, 0.799296, 81.4484, 17.5215, -136.565, 17.2716, 41.1271, 0.0106375, 172.889, 0.103562, -32.9832, 0.0966964, 143.703
407, 6.77500, 0.795414, 81.182, 17.4681, -136.678, 17.2184, 41.0253, 0.0105858, 172.675, 0.103111, -33.108, 0.0962715, 143.589
407, 6.78333, 0.791562, 80.9171, 17.415, -136.789, 17.1654, 40.9242, 0.0105344, 172.463, 0.102662, -33.2321, 0.0958491, 143.476
408, 6.79167, 0.787739, 80.6537, 17.3622, -136.9, 17.1127, 40.8236, 0.0104833, 172.252, 0.102216, -33.3555, 0.0954292, 143.364
408, 6.80000, 0.783947, 80.3919, 17.3096, -137.01, 17.0603, 40.7237, 0.0104326, 172.042, 0.101773, -33.4781, 0.0950118, 143.252
408, 6.80833, 0.780183, 80.1316, 17.2572, -137.119, 17.0081, 40.6243, 0.0103822, 171.833, 0.101332, -33.6001, 0.0945968, 143.141
409, 6.81667, 0.776449, 79.8727, 17.2051, -137.228, 16.9562, 40.5255, 0.0103321, 171.626, 0.100893, -33.7214, 0.0941843, 143.03
410, 6.82500, 0.772743, 79.6154, 17.1532, -137.336, 16.9045, 40.4274, 0.0102823, 171.42, 0.100457, -33.842, 0.0937742, 142.92
410, 6.83333, 0.769067, 79.3595, 17.1015, -137.444, 16.8531, 40.3297, 0.0102329, 171.215, 0.100024, -33.962, 0.0933665, 142.811
411, 6.84167, 0.765418, 79.1051, 17.0501, -137.551, 16.8019, 40.2327, 0.0101837, 171.012, 0.0995926, -34.0812, 0.0929611, 142.702
411, 6.85000, 0.761798, 78.8522, 16.9989, -137.657, 16.751, 40.1362, 0.0101349, 170.809, 0.0991639, -34.1998, 0.0925582, 142.593
411, 6.85833, 0.758207, 78.6007, 16.948, -137.763, 16.7003, 40.0403, 0.0100863, 170.608, 0.0987378, -34.3178, 0.0921576, 142.486
412, 6.86667, 0.754642, 78.3506, 16.8973, -137.868, 16.6499, 39.9449, 0.0100381, 170.408, 0.0983139, -34.4351, 0.0917592, 142.379
413, 6.87500, 0.751106, 78.1019, 16.8468, -137.972, 16.5997, 39.8501, 0.00999021, 170.21, 0.0978925, -34.5517, 0.0913633, 142.272
413, 6.88333, 0.747597, 77.8547, 16.7966, -138.076, 16.5498, 39.7558, 0.0099426, 170.012, 0.0974735, -34.6677, 0.0909697, 142.166
414, 6.89167, 0.744114, 77.6088, 16.7466, -138.179, 16.5, 39.6621, 0.00989529, 169.816, 0.0970568, -34.7831, 0.0905783, 142.061
414, 6.90000, 0.74066, 77.3643, 16.6968, -138.282, 16.4506, 39.5689, 0.00984828, 169.621, 0.0966425, -34.8978, 0.0901892, 141.956
414, 6.90833, 0.737231, 77.1212, 16.6472, -138.384, 16.4013, 39.4762, 0.00980157, 169.427, 0.0962305, -35.0119, 0.0898024, 141.852
415, 6.91667, 0.733829, 76.8795, 16.5979, -138.485, 16.3523, 39.3841, 0.00975516, 169.234, 0.0958208, -35.1254, 0.0894178, 141.748
416, 6.92500, 0.730454, 76.6391, 16.5488, -138.586, 16.3036, 39.2925, 0.00970904, 169.042, 0.0954134, -35.2382, 0.0890354, 141.645
416, 6.93333, 0.727105, 76.4001, 16.4999, -138.686, 16.255, 39.2014, 0.00966321, 168.851, 0.0950084, -35.3505, 0.0886553, 141.543
417, 6.94167, 0.723781, 76.1624, 16.4512, -138.786, 16.2067, 39.1108, 0.00961767, 168.662, 0.0946055, -35.4621, 0.0882773, 141.441
417, 6.95000, 0.720484, 75.9261, 16.4028, -138.885, 16.1586, 39.0207, 0.00957243, 168.473, 0.094205, -35.5731, 0.0879015, 141.339
417, 6.95833, 0.717212, 75.691, 16.3546, -138.984, 16.1108, 38.9312, 0.00952747, 168.286, 0.0938067, -35.6836, 0.0875279, 141.238
418, 6.96667, 0.713965, 75.4573, 16.3066, -139.082, 16.0632, 38.8421, 0.00948279, 168.1, 0.0934106, -35.7934, 0.0871563, 141.138
418, 6.97500, 0.710743, 75.2249, 16.2588, -139.179, 16.0158, 38.7536, 0.0094384, 167.915, 0.0930167, -35.9026, 0.086787, 141.038
419, 6.98333, 0.707546, 74.9937, 16.2113, -139.276, 15.9686, 38.6655, 0.00939429, 167.731, 0.092625, -36.0113, 0.0864198, 140.939
420, 6.99167, 0.704374, 74.7638, 16.1639, -139.372, 15.9217, 38.5779, 0.00935046, 167.548, 0.0922355, -36.1194, 0.0860546, 140.84
420, 7.00000, 0.701226, 74.5352, 16.1168, -139.468, 15.875, 38.4908, 0.00930691, 167.366, 0.0918482, -36.2268, 0.0856916, 140.742
420, 7.00833, 0.698103, 74.3079, 16.0699, -139.564, 15.8285, 38.4042, 0.00926363, 167.185, 0.0914631, -36.3338, 0.0853306, 140.644
421, 7.01667, 0.695003, 74.0818, 16.0232, -139.658, 15.7822, 38.3181, 0.00922062, 167.005, 0.0910801, -36.4401, 0.0849717, 140.547
422, 7.02500, 0.691928, 73.8569, 15.9767, -139.753, 15.7361, 38.2324, 0.00917789, 166.826, 0.0906992, -36.5459, 0.0846148, 140.45
422, 7.03333, 0.688876, 73.6333, 15.9304, -139.846, 15.6903, 38.1472, 0.00913543, 166.648, 0.0903205, -36.6511, 0.0842599, 140.354
423, 7.04167, 0.685848, 73.4109, 15.8844, -139.939, 15.6446, 38.0625, 0.00909324, 166.471, 0.0899438, -36.7558, 0.0839071, 140.258
423, 7.05000, 0.682843, 73.1897, 15.8385, -140.032, 15.5992, 37.9783, 0.00905132, 166.296, 0.0895692, -36.8599, 0.0835563, 140.163
423, 7.05833, 0.679861, 72.9697, 15.7929, -140.124, 15.554, 37.8945, 0.00900966, 166.121, 0.0891967, -36.9635, 0.0832074, 140.068
424, 7.06667, 0.676902, 72.7508, 15.7474, -140.216, 15.509, 37.8111, 0.00896826, 165.947, 0.0888263, -37.0665, 0.0828605, 139.973
425, 7.07500, 0.673966, 72.5332, 15.7022, -140.307, 15.4642, 37.7282, 0.00892712, 165.774, 0.0884579, -37.169, 0.0825156, 139.88
425, 7.08333, 0.671053, 72.3168, 15.6572, -140.398, 15.4196, 37.6458, 0.00888625, 165.602, 0.0880916, -37.271, 0.0821726, 139.786
426, 7.09167, 0.668161, 72.1015, 15.6124, -140.488, 15.3753, 37.5638, 0.00884562, 165.432, 0.0877272, -37.3724, 0.0818316, 139.693
426, 7.10000, 0.665292, 71.8874, 15.5677, -140.577, 15.3311, 37.4822, 0.00880526, 165.262, 0.0873649, -37.4733, 0.0814924, 139.601
426, 7.10833, 0.662446, 71.6744, 15.5233, -140.667, 15.2871, 37.4011, 0.00876516, 165.093, 0.0870046, -37.5737, 0.0811552, 139.509
427, 7.11667, 0.65962, 71.4626, 15.4791, -140.755, 15.2434, 37.3204, 0.0087253, 164.925, 0.0866463, -37.6736, 0.0808199, 139.417
428, 7.12500, 0.656817, 71.2519, 15.4351, -140.843, 15.1998, 37.2401, 0.00868569, 164.758, 0.0862899, -37.7729, 0.0804864, 139.326
428, 7.13333, 0.654035, 71.0423, 15.3913, -140.931, 15.1565, 37.1603, 0.00864634, 164.592, 0.0859355, -37.8717, 0.0801548, 139.236
429, 7.14167, 0.651274, 70.8338, 15.3476, -141.018, 15.1133, 37.0809, 0.00860723, 164.426, 0.085583, -37.9701, 0.079825, 139.146
429, 7.15000, 0.648534, 70.6265, 15.3042, -141.105, 15.0704, 37.0019, 0.00856836, 164.262, 0.0852325, -38.0679, 0.0794971, 139.056
429, 7.15833, 0.645816, 70.4203, 15.261, -141.191, 15.0276, 36.9233, 0.00852975, 164.099, 0.0848839, -38.1652, 0.0791711, 138.967
430, 7.16667, 0.643118, 70.2151, 15.2179, -141.277, 14.985, 36.8451, 0.00849136, 163.936, 0.0845372, -38.2621, 0.0788468, 138.878
431, 7.17500, 0.64044, 70.011, 15.1751, -141.363, 14.9427, 36.7674, 0.00845323, 163.775, 0.0841924, -38.3584, 0.0785243, 138.79
431, 7.18333, 0.637783, 69.808, 15.1324, -141.448, 14.9005, 36.69, 0.00841533, 163.614, 0.0838494, -38.4543, 0.0782036, 138.702
432, 7.19167, 0.635147, 69.6061, 15.0899, -141.532, 14.8585, 36.6131, 0.00837766, 163.454, 0.0835083, -38.5497, 0.0778847, 138.614
432, 7.20000, 0.63253, 69.4052, 15.0477, -141.616, 14.8167, 36.5365, 0.00834024, 163.295, 0.0831691, -38.6445, 0.0775675, 138.527
432, 7.20833, 0.629933, 69.2054, 15.0056, -141.7, 14.7751, 36.4604, 0.00830305, 163.137, 0.0828318, -38.739, 0.0772521, 138.44
433, 7.21667, 0.627356, 69.0066, 14.9637, -141.783, 14.7337, 36.3846, 0.00826608, 162.98, 0.0824962, -38.8329, 0.0769384, 138.354
434, 7.22500, 0.624799, 68.8089, 14.9219, -141.866, 14.6925, 36.3093, 0.00822935, 162.824, 0.0821625, -38.9264, 0.0766265, 138.268
434, 7.23333, 0.622261, 68.6121, 14.8804, -141.948, 14.6515, 36.2343, 0.00819285, 162.668, 0.0818306, -39.0194, 0.0763162, 138.183
435, 7.24167, 0.619742, 68.4164, 14.8391, -142.03, 14.6106, 36.1597, 0.00815658, 162.513, 0.0815005, -39.1119, 0.0760077, 138.098
435, 7.25000, 0.617243, 68.2218, 14.7979, -142.111, 14.57, 36.0855, 0.00812053, 162.36, 0.0811721, -39.204, 0.0757008, 138.013
435, 7.25833, 0.614762, 68.0281, 14.7569, -142.192, 14.5295, 36.0117, 0.0080847, 162.207, 0.0808456, -39.2956, 0.0753957, 137.929
436, 7.26667, 0.6123, 67.8354, 14.7161, -142.273, 14.4892, 35.9382, 0.0080491, 162.054, 0.0805208, -39.3868, 0.0750921, 137.845
437, 7.27500, 0.609857, 67.6437, 14.6755, -142.353, 14.4491, 35.8651, 0.00801371, 161.903, 0.0801977, -39.4775, 0.0747903, 137.762
437, 7.28333, 0.607433, 67.453, 14.635, -142.433, 14.4091, 35.7924, 0.00797855, 161.753, 0.0798764, -39.5678, 0.0744901, 137.679
438, 7.29167, 0.605026, 67.2633, 14.5948, -142.512, 14.3694, 35.72, 0.0079436, 161.603, 0.0795568, -39.6576, 0.0741915, 137.596
438, 7.30000, 0.602638, 67.0745, 14.5547, -142.591, 14.3298, 35.6481, 0.00790887, 161.454, 0.0792389, -39.747, 0.0738945, 137.514
438, 7.30833, 0.600268, 66.8868, 14.5148, -142.669, 14.2904, 35.5764, 0.00787435, 161.306, 0.0789227, -39.836, 0.0735992, 137.432
439, 7.31667, 0.597915, 66.6999, 14.475, -142.748, 14.2512, 35.5052, 0.00784005, 161.158, 0.0786082, -39.9245, 0.0733054, 137.351
439, 7.32500, 0.59558, 66.514, 14.4355, -142.825, 14.2121, 35.4343, 0.00780596, 161.012, 0.0782954, -40.0126, 0.0730132, 137.27
440, 7.33333, 0.593263, 66.3291, 14.3961, -142.903, 14.1732, 35.3637, 0.00777207, 160.866, 0.0779843, -40.1003, 0.0727226, 137.189
441, 7.34167, 0.590964, 66.1451, 14.3568, -142.98, 14.1345, 35.2935, 0.0077384, 160.721, 0.0776748, -40.1875, 0.0724335, 137.109
441, 7.35000, 0.588681, 65.962, 14.3178, -143.056, 14.096, 35.2237, 0.00770493, 160.577, 0.077367, -40.2744, 0.0721461, 137.029
441, 7.35833, 0.586416, 65.7798, 14.2789, -143.132, 14.0576, 35.1541, 0.00767167, 160.433, 0.0770608, -40.3608, 0.0718601, 136.95
442, 7.36667, 0.584168, 65.5986, 14.2402, -143.208, 14.0194, 35.085, 0.0076386, 160.29, 0.0767562, -40.4468, 0.0715757, 136.87
443, 7.37500, 0.581936, 65.4182, 14.2017, -143.283, 13.9814, 35.0161, 0.00760575, 160.148, 0.0764532, -40.5324, 0.0712928, 136.792
443, 7.38333, 0.579722, 65.2388, 14.1633, -143.358, 13.9435, 34.9477, 0.00757309, 160.007, 0.0761519, -40.6175, 0.0710114, 136.713
444, 7.39167, 0.577523, 65.0603, 14.1251, -143.433, 13.9058, 34.8795, 0.00754063, 159.866, 0.0758521, -40.7023, 0.0707315, 136.635
444, 7.40000, 0.575341, 64.8826, 14.087, -143.507, 13.8683, 34.8117, 0.00750837, 159.726, 0.0755539, -40.7867, 0.0704531, 136.557
444, 7.40833, 0.573176, 64.7058, 14.0491, -143.581, 13.8309, 34.7442, 0.00747631, 159.587, 0.0752573, -40.8706, 0.0701762, 136.48
445, 7.41667, 0.571027, 64.5299, 14.0114, -143.655, 13.7937, 34.677, 0.00744444, 159.449, 0.0749622, -40.9542, 0.0699007, 136.403
446, 7.42500, 0.568893, 64.3549, 13.9739, -143.728, 13.7567, 34.6102, 0.00741277, 159.311, 0.0746688, -41.0374, 0.0696267, 136.326
446, 7.43333, 0.566776, 64.1808, 13.9365, -143.801, 13.7198, 34.5436, 0.00738128, 159.174, 0.0743768, -41.1202, 0.0693542, 136.25
447, 7.44167, 0.564674, 64.0074, 13.8992, -143.873, 13.683, 34.4774, 0.00734999, 159.038, 0.0740864, -41.2026, 0.0690831, 136.174
447, 7.45000, 0.562588, 63.835, 13.8622, -143.945, 13.6465, 34.4116, 0.00731889, 158.902, 0.0737974, -41.2846, 0.0688134, 136.098
447, 7.45833, 0.560518, 63.6634, 13.8252, -144.017, 13.6101, 34.346, 0.00728797, 158.767, 0.0735101, -41.3662, 0.0685452, 136.023
448, 7.46667, 0.558462, 63.4926, 13.7885, -144.088, 13.5738, 34.2807, 0.00725724, 158.633, 0.0732241, -41.4475, 0.0682783, 135.948
449, 7.47500, 0.556423, 63.3227, 13.7519, -144.159, 13.5377, 34.2158, 0.0072267, 158.5, 0.0729397, -41.5283, 0.0680128, 135.873
449, 7.48333, 0.554398, 63.1536, 13.7154, -144.23, 13.5018, 34.1511, 0.00719634, 158.367, 0.0726568, -41.6088, 0.0677488, 135.799
450, 7.49167, 0.552388, 62.9853, 13.6791, -144.301, 13.466, 34.0868, 0.00716616, 158.235, 0.0723753, -41.689, 0.0674861, 135.725
450, 7.50000, 0.550393, 62.8178, 13.643, -144.371, 13.4304, 34.0228, 0.00713617, 158.103, 0.0720954, -41.7687, 0.0672248, 135.651
450, 7.50833, 0.548413, 62.6511, 13.607, -144.44, 13.3949, 33.9591, 0.00710635, 157.972, 0.0718168, -41.8481, 0.0669648, 135.578
451, 7.51667, 0.546447, 62.4853, 13.5712, -144.51, 13.3596, 33.8956, 0.00707671, 157.842, 0.0715397, -41.9271, 0.0667062, 135.505
452, 7.52500, 0.544496, 62.3202, 13.5355, -144.579, 13.3244, 33.8325, 0.00704725, 157.712, 0.071264, -42.0058, 0.066449, 135.432
452, 7.53333, 0.542559, 62.1559, 13.5, -144.647, 13.2894, 33.7697, 0.00701797, 157.584, 0.0709898, -42.0841, 0.0661931, 135.36
453, 7.54167, 0.540636, 61.9925, 13.4646, -144.716, 13.2545, 33.7071, 0.00698886, 157.455, 0.0707169, -42.162, 0.0659384, 135.288
453, 7.55000, 0.538728, 61.8298, 13.4293, -144.784, 13.2197, 33.6449, 0.00695992, 157.328, 0.0704455, -42.2396, 0.0656852, 135.216
453, 7.55833, 0.536834, 61.6678, 13.3942, -144.851, 13.1852, 33.5829, 0.00693116, 157.201, 0.0701755, -42.3169, 0.0654332, 135.145
454, 7.56667, 0.534953, 61.5067, 13.3593, -144.919, 13.1507, 33.5212, 0.00690257, 157.074, 0.0699068, -42.3937, 0.0651825, 135.074
455, 7.57500, 0.533087, 61.3463, 13.3245, -144.986, 13.1164, 33.4599, 0.00687414, 156.948, 0.0696396, -42.4703, 0.0649331, 135.003
455, 7.58333, 0.531234, 61.1866, 13.2899, -145.052, 13.0823, 33.3987, 0.00684589, 156.823, 0.0693737, -42.5465, 0.064685, 134.933
456, 7.59167, 0.529394, 61.0277, 13.2554, -145.119, 13.0483, 33.3379, 0.0068178, 156.699, 0.0691091, -42.6223, 0.0644382, 134.862
456, 7.60000, 0.527568, 60.8696, 13.221, -145.185, 13.0144, 33.2774, 0.00678988, 156.575, 0.0688459, -42.6979, 0.0641926, 134.793
456, 7.60833, 0.525756, 60.7122, 13.1868, -145.251, 12.9807, 33.2171, 0.00676212, 156.452, 0.0685841, -42.773, 0.0639483, 134.723
457, 7.61667, 0.523956, 60.5556, 13.1527, -145.316, 12.9471, 33.1571, 0.00673452, 156.329, 0.0683235, -42.8479, 0.0637052, 134.654
458, 7.62500, 0.52217, 60.3997, 13.1188, -145.381, 12.9136, 33.0974, 0.00670709, 156.207, 0.0680643, -42.9224, 0.0634634, 134.585
458, 7.63333, 0.520397, 60.2445, 13.085, -145.446, 12.8803, 33.0379, 0.00667982, 156.085, 0.0678065, -42.9966, 0.0632228, 134.516
459, 7.64167, 0.518636, 60.09, 13.0513, -145.511, 12.8472, 32.9787, 0.00665271, 155.964, 0.0675498, -43.0704, 0.0629834, 134.448
459, 7.65000, 0.516888, 59.9362, 13.0178, -145.575, 12.8141, 32.9198, 0.00662576, 155.844, 0.0672946, -43.1439, 0.0627453, 134.38
459, 7.65833, 0.515154, 59.7832, 12.9844, -145.639, 12.7812, 32.8611, 0.00659896, 155.724, 0.0670406, -43.2171, 0.0625083, 134.312
460, 7.66667, 0.513431, 59.6309, 12.9512, -145.703, 12.7485, 32.8027, 0.00657232, 155.605, 0.0667879, -43.29, 0.0622725, 134.244
461, 7.67500, 0.511721, 59.4792, 12.9181, -145.766, 12.7159, 32.7446, 0.00654584, 155.486, 0.0665364, -43.3626, 0.062038, 134.177
461, 7.68333, 0.510024, 59.3283, 12.8851, -145.829, 12.6834, 32.6867, 0.00651952, 155.368, 0.0662863, -43.4348, 0.0618046, 134.11
462, 7.69167, 0.508339, 59.1781, 12.8523, -145.892, 12.651, 32.6291, 0.00649334, 155.251, 0.0660373, -43.5067, 0.0615724, 134.043
462, 7.70000, 0.506666, 59.0285, 12.8196, -145.955, 12.6188, 32.5718, 0.00646731, 155.134, 0.0657897, -43.5784, 0.0613413, 133.977
462, 7.70833, 0.505005, 58.8796, 12.787, -146.017, 12.5867, 32.5147, 0.00644144, 155.017, 0.0655433, -43.6497, 0.0611114, 133.911
463, 7.71667, 0.503356, 58.7314, 12.7545, -146.079, 12.5547, 32.4578, 0.00641572, 154.901, 0.0652981, -43.7206, 0.0608827, 133.845
464, 7.72500, 0.501719, 58.5839, 12.7222, -146.141, 12.5229, 32.4012, 0.00639015, 154.786, 0.0650541, -43.7913, 0.0606551, 133.779
464, 7.73333, 0.500094, 58.4371, 12.6901, -146.202, 12.4912, 32.3449, 0.00636472, 154.671, 0.0648113, -43.8617, 0.0604286, 133.714
465, 7.74167, 0.49848, 58.2909, 12.658, -146.263, 12.4596, 32.2887, 0.00633944, 154.557, 0.0645698, -43.9318, 0.0602033, 133.649
465, 7.75000, 0.496879, 58.1454, 12.6261, -146.324, 12.4282, 32.2329, 0.0063143, 154.443, 0.0643294, -44.0016, 0.0599791, 133.584
465, 7.75833, 0.495288, 58.0005, 12.5943, -146.385, 12.3968, 32.1773, 0.00628931, 154.33, 0.0640903, -44.071, 0.059756, 133.52
466, 7.76667, 0.493709, 57.8563, 12.5627, -146.445, 12.3656, 32.1219, 0.00626446, 154.218, 0.0638523, -44.1402, 0.059534, 133.455
467, 7.77500, 0.492142, 57.7127, 12.5311, -146.505, 12.3346, 32.0667, 0.00623976, 154.106, 0.0636155, -44.2091, 0.0593131, 133.391
467, 7.78333, 0.490585, 57.5698, 12.4997, -146.565, 12.3036, 32.0118, 0.0062152, 153.994, 0.0633799, -44.2777, 0.0590933, 133.328
468, 7.79167, 0.48904, 57.4275, 12.4684, -146.624, 12.2728, 31.9572, 0.00619077, 153.883, 0.0631454, -44.346, 0.0588745, 133.264
468, 7.80000, 0.487506, 57.2858, 12.4373, -146.684, 12.2421, 31.9028, 0.00616649, 153.772, 0.0629121, -44.414, 0.0586569, 133.201
468, 7.80833, 0.485982, 57.1448, 12.4062, -146.743, 12.2115, 31.8486, 0.00614235, 153.662, 0.06268, -44.4817, 0.0584403, 133.138
469, 7.81667, 0.48447, 57.0044, 12.3753, -146.801, 12.1811, 31.7946, 0.00611834, 153.553, 0.0624489, -44.5492, 0.0582248, 133.075
470, 7.82500, 0.482968, 56.8646, 12.3445, -146.86, 12.1507, 31.7409, 0.00609446, 153.444, 0.0622191, -44.6163, 0.0580104, 133.013
470, 7.83333, 0.481477, 56.7254, 12.3139, -146.918, 12.1205, 31.6874, 0.00607073, 153.335, 0.0619903, -44.6832, 0.057797, 132.951
471, 7.84167, 0.479997, 56.5868, 12.2833, -146.976, 12.0904, 31.6341, 0.00604712, 153.227, 0.0617627, -44.7498, 0.0575846, 132.889
471, 7.85000, 0.478527, 56.4489, 12.2529, -147.034, 12.0605, 31.581, 0.00602366, 153.12, 0.0615361, -44.8161, 0.0573733, 132.827
471, 7.85833, 0.477068, 56.3115, 12.2226, -147.091, 12.0306, 31.5282, 0.00600032, 153.013, 0.0613107, -44.8821, 0.057163, 132.766
472, 7.86667, 0.475619, 56.1748, 12.1924, -147.148, 12.0009, 31.4756, 0.00597711, 152.906, 0.0610864, -44.9479, 0.0569537, 132.704
472, 7.87500, 0.47418, 56.0386, 12.1624, -147.205, 11.9712, 31.4232, 0.00595404, 152.8, 0.0608631, -45.0134, 0.0567454, 132.644
473, 7.88333, 0.472752, 55.903, 12.1324, -147.262, 11.9417, 31.3711, 0.00593109, 152.694, 0.060641, -45.0786, 0.0565382, 132.583
474, 7.89167, 0.471333, 55.768, 12.1026, -147.319, 11.9123, 31.3191, 0.00590828, 152.589, 0.0604199, -45.1436, 0.0563319, 132.522
474, 7.90000, 0.469925, 55.6336, 12.0729, -147.375, 11.8831, 31.2674, 0.00588559, 152.484, 0.0601999, -45.2083, 0.0561267, 132.462
474, 7.90833, 0.468527, 55.4998, 12.0433, -147.431, 11.8539, 31.2159, 0.00586303, 152.38, 0.059981, -45.2727, 0.0559224, 132.402
475, 7.91667, 0.467138, 55.3666, 12.0138, -147.487, 11.8248, 31.1646, 0.00584059, 152.277, 0.0597631, -45.3368, 0.0557191, 132.342
476, 7.92500, 0.465759, 55.2339, 11.9844, -147.542, 11.7959, 31.1135, 0.00581828, 152.173, 0.0595462, -45.4007, 0.0555168, 132.283
476, 7.93333, 0.46439, 55.1018, 11.9552, -147.597, 11.7671, 31.0627, 0.00579609, 152.07, 0.0593304, -45.4643, 0.0553155, 132.223
477, 7.94167, 0.463031, 54.9702, 11.926, -147.652, 11.7384, 31.012, 0.00577402, 151.968, 0.0591157, -45.5277, 0.0551151, 132.164
477, 7.95000, 0.461681, 54.8392, 11.897, -147.707, 11.7098, 30.9615, 0.00575208, 151.866, 0.0589019, -45.5908, 0.0549157, 132.106
477, 7.95833, 0.460341, 54.7088, 11.8681, -147.762, 11.6813, 30.9113, 0.00573026, 151.765, 0.0586892, -45.6537, 0.0547173, 132.047
478, 7.96667, 0.45901, 54.5789, 11.8392, -147.816, 11.6529, 30.8613, 0.00570856, 151.664, 0.0584775, -45.7163, 0.0545197, 131.989
479, 7.97500, 0.457688, 54.4496, 11.8106, -147.87, 11.6246, 30.8114, 0.00568698, 151.563, 0.0582668, -45.7786, 0.0543232, 131.93
479, 7.98333, 0.456376, 54.3208, 11.782, -147.924, 11.5964, 30.7618, 0.00566552, 151.463, 0.0580572, -45.8407, 0.0541276, 131.872
480, 7.99167, 0.455073, 54.1925, 11.7535, -147.978, 11.5684, 30.7124, 0.00564418, 151.363, 0.0578485, -45.9026, 0.0539328, 131.815
480, 8.00000, 0.453779, 54.0648, 11.7251, -148.031, 11.5404, 30.6631, 0.00562295, 151.264, 0.0576408, -45.9642, 0.0537391, 131.757
480, 8.00833, 0.452494, 53.9377, 11.6969, -148.084, 11.5126, 30.6141, 0.00560184, 151.165, 0.0574341, -46.0255, 0.0535462, 131.7
481, 8.01667, 0.451218, 53.811, 11.6687, -148.137, 11.4848, 30.5653, 0.00558085, 151.067, 0.0572284, -46.0866, 0.0533542, 131.643
482, 8.02500, 0.449951, 53.6849, 11.6407, -148.19, 11.4572, 30.5166, 0.00555997, 150.969, 0.0570236, -46.1475, 0.0531632, 131.586
482, 8.03333, 0.448693, 53.5593, 11.6127, -148.243, 11.4297, 30.4682, 0.00553921, 150.871, 0.0568198, -46.2081, 0.0529731, 131.529
483, 8.04167, 0.447443, 53.4342, 11.5849, -148.295, 11.4022, 30.42, 0.00551855, 150.774, 0.056617, -46.2685, 0.0527838, 131.473
483, 8.05000, 0.446202, 53.3096, 11.5572, -148.347, 11.3749, 30.3719, 0.00549801, 150.678, 0.0564151, -46.3286, 0.0525954, 131.417
483, 8.05833, 0.44497, 53.1856, 11.5295, -148.399, 11.3477, 30.3241, 0.00547758, 150.581, 0.0562142, -46.3885, 0.0524079, 131.361
484, 8.06667, 0.443746, 53.062, 11.502, -148.451, 11.3206, 30.2764, 0.00545726, 150.485, 0.0560142, -46.4482, 0.0522213, 131.305
485, 8.07500, 0.442531, 52.939, 11.4746, -148.502, 11.2935, 30.2289, 0.00543706, 150.39, 0.0558152, -46.5076, 0.0520356, 131.25
485, 8.08333, 0.441325, 52.8164, 11.4473, -148.554, 11.2666, 30.1816, 0.00541696, 150.295, 0.0556171, -46.5668, 0.0518507, 131.194
486, 8.09167, 0.440126, 52.6944, 11.4201, -148.605, 11.2398, 30.1345, 0.00539697, 150.2, 0.0554199, -46.6258, 0.0516667, 131.139
486, 8.10000, 0.438937, 52.5728, 11.393, -148.655, 11.2131, 30.0876, 0.00537709, 150.106, 0.0552237, -46.6845, 0.0514836, 131.084
486, 8.10833, 0.437755, 52.4518, 11.3659, -148.706, 11.1865, 30.0409, 0.00535731, 150.012, 0.0550283, -46.743, 0.0513013, 131.029
487, 8.11667, 0.436581, 52.3312, 11.339, -148.757, 11.1599, 29.9943, 0.00533764, 149.919, 0.0548339, -46.8013, 0.0511198, 130.975
488, 8.12500, 0.435416, 52.2111, 11.3122, -148.807, 11.1335, 29.9479, 0.00531808, 149.826, 0.0546403, -46.8594, 0.0509392, 130.921
488, 8.13333, 0.434258, 52.0915, 11.2855, -148.857, 11.1072, 29.9018, 0.00529862, 149.733, 0.0544477, -46.9172, 0.0507594, 130.866
489, 8.14167, 0.433109, 51.9724, 11.2589, -148.907, 11.081, 29.8557, 0.00527926, 149.641, 0.0542559, -46.9748, 0.0505804, 130.812
489, 8.15000, 0.431967, 51.8537, 11.2324, -148.956, 11.0548, 29.8099, 0.00526001, 149.549, 0.0540651, -47.0322, 0.0504023, 130.759
489, 8.15833, 0.430834, 51.7356, 11.206, -149.006, 11.0288, 29.7643, 0.00524086, 149.457, 0.0538751, -47.0893, 0.050225, 130.705
490, 8.16667, 0.429708, 51.6178, 11.1796, -149.055, 11.0029, 29.7188, 0.00522181, 149.366, 0.053686, -47.1463, 0.0500485, 130.652
491, 8.17500, 0.42859, 51.5006, 11.1534, -149.104, 10.977, 29.6735, 0.00520287, 149.275, 0.0534978, -47.203, 0.0498728, 130.599
491, 8.18333, 0.42748, 51.3838, 11.1273, -149.153, 10.9513, 29.6284, 0.00518402, 149.185, 0.0533104, -47.2595, 0.049698, 130.546
492, 8.19167, 0.426377, 51.2675, 11.1013, -149.202, 10.9256, 29.5834, 0.00516527, 149.095, 0.0531239, -47.3158, 0.0495239, 130.493
492, 8.20000, 0.425281, 51.1516, 11.0753, -149.25, 10.9, 29.5386, 0.00514662, 149.005, 0.0529383, -47.3719, 0.0493506, 130.44
492, 8.20833, 0.424194, 51.0362, 11.0495, -149.298, 10.8746, 29.494, 0.00512808, 148.916, 0.0527535, -47.4277, 0.0491781, 130.388
493, 8.21667, 0.423113, 50.9213, 11.0237, -149.346, 10.8492, 29.4496, 0.00510962, 148.827, 0.0525695, -47.4834, 0.0490064, 130.336
493, 8.22500, 0.422041, 50.8068, 10.9981, -149.394, 10.8239, 29.4053, 0.00509127, 148.739, 0.0523864, -47.5388, 0.0488354, 130.284
494, 8.23333, 0.420975, 50.6927, 10.9725, -149.442, 10.7987, 29.3612, 0.00507301, 148.65, 0.0522041, -47.594, 0.0486653, 130.232
495, 8.24167, 0.419917, 50.5791, 10.9471, -149.489, 10.7736, 29.3173, 0.00505485, 148.563, 0.0520226, -47.6491, 0.0484959, 130.181
495, 8.25000, 0.418866, 50.4659, 10.9217, -149.537, 10.7486, 29.2736, 0.00503678, 148.475, 0.051842, -47.7039, 0.0483273, 130.129
495, 8.25833, 0.417822, 50.3531, 10.8964, -149.584, 10.7236, 29.23, 0.00501881, 148.388, 0.0516622, -47.7585, 0.0481594, 130.078
496, 8.26667, 0.416785, 50.2408, 10.8712, -149.631, 10.6988, 29.1865, 0.00500093, 148.301, 0.0514832, -47.8129, 0.0479923, 130.027
497, 8.27500, 0.415756, 50.1289, 10.8461, -149.678, 10.674, 29.1433, 0.00498314, 148.215, 0.051305, -47.8671, 0.0478259, 129.976
497, 8.28333, 0.414733, 50.0175, 10.8211, -149.724, 10.6494, 29.1001, 0.00496545, 148.129, 0.0511276, -47.9211, 0.0476603, 129.925
498, 8.29167, 0.413718, 49.9064, 10.7961, -149.771, 10.6248, 29.0572, 0.00494784, 148.043, 0.050951, -47.9748, 0.0474955, 129.875
498, 8.30000, 0.412709, 49.7958, 10.7713, -149.817, 10.6003, 29.0144, 0.00493033, 147.958, 0.0507753, -48.0284, 0.0473314, 129.824
498, 8.30833, 0.411707, 49.6856, 10.7466, -149.863, 10.5759, 28.9718, 0.00491291, 147.873, 0.0506003, -48.0818, 0.047168, 129.774
499, 8.31667, 0.410712, 49.5758, 10.7219, -149.909, 10.5516, 28.9293, 0.00489558, 147.788, 0.050426, -48.135, 0.0470053, 129.724
500, 8.32500, 0.409723, 49.4665, 10.6973, -149.955, 10.5273, 28.887, 0.00487834, 147.704, 0.0502526, -48.188, 0.0468434, 129.674
500, 8.33333, 0.408742, 49.3575, 10.6728, -150, 10.5032, 28.8449, 0.00486118, 147.62, 0.05008, -48.2408, 0.0466822, 129.625
501, 8.34167, 0.407767, 49.2489, 10.6484, -150.046, 10.4791, 28.8029, 0.00484412, 147.536, 0.0499081, -48.2934, 0.0465216, 129.575
501, 8.35000, 0.406799, 49.1408, 10.6241, -150.091, 10.4552, 28.761, 0.00482714, 147.453, 0.049737, -48.3458, 0.0463619, 129.526
501, 8.35833, 0.405837, 49.0331, 10.5999, -150.136, 10.4313, 28.7193, 0.00481025, 147.37, 0.0495666, -48.3981, 0.0462028, 129.477
502, 8.36667, 0.404881, 48.9257, 10.5758, -150.181, 10.4075, 28.6778, 0.00479345, 147.287, 0.049397, -48.4501, 0.0460444, 129.428
503, 8.37500, 0.403933, 48.8188, 10.5517, -150.225, 10.3837, 28.6364, 0.00477673, 147.205, 0.0492282, -48.5019, 0.0458867, 129.379
503, 8.38333, 0.40299, 48.7122, 10.5277, -150.27, 10.3601, 28.5952, 0.0047601, 147.123, 0.0490601, -48.5536, 0.0457298, 129.331
504, 8.39167, 0.402054, 48.6061, 10.5038, -150.314, 10.3365, 28.5541, 0.00474355, 147.041, 0.0488927, -48.605, 0.0455735, 129.282
504, 8.40000, 0.401124, 48.5003, 10.48, -150.358, 10.313, 28.5132, 0.00472708, 146.96, 0.0487261, -48.6563, 0.0454179, 129.234
504, 8.40833, 0.400201, 48.3949, 10.4563, -150.402, 10.2896, 28.4724, 0.0047107, 146.879, 0.0485602, -48.7074, 0.045263, 129.186
505, 8.41667, 0.399284, 48.2899, 10.4326, -150.446, 10.2663, 28.4317, 0.0046944, 146.798, 0.0483951, -48.7583, 0.0451087, 129.138
506, 8.42500, 0.398372, 48.1853, 10.4091, -150.49, 10.2431, 28.3913, 0.00467819, 146.718, 0.0482306, -48.809, 0.0449552, 129.09
506, 8.43333, 0.397468, 48.0811, 10.3856, -150.533, 10.2199, 28.3509, 0.00466205, 146.638, 0.048067, -48.8596, 0.0448023, 129.043
507, 8.44167, 0.396569, 47.9772, 10.3622, -150.577, 10.1968, 28.3107, 0.004646, 146.558, 0.047904, -48.9099, 0.0446501, 128.995
507, 8.45000, 0.395676, 47.8737, 10.3389, -150.62, 10.1738, 28.2707, 0.00463003, 146.478, 0.0477417, -48.9601, 0.0444985, 128.948
507, 8.45833, 0.394789, 47.7706, 10.3157, -150.663, 10.1509, 28.2308, 0.00461413, 146.399, 0.0475802, -49.0101, 0.0443476, 128.901
508, 8.46667, 0.393908, 47.6679, 10.2925, -150.706, 10.1281, 28.191, 0.00459832, 146.32, 0.0474193, -49.0599, 0.0441974, 128.854
509, 8.47500, 0.393033, 47.5655, 10.2694, -150.749, 10.1053, 28.1514, 0.00458259, 146.242, 0.0472592, -49.1095, 0.0440478, 128.807
509, 8.48333, 0.392164, 47.4635, 10.2464, -150.791, 10.0826, 28.1119, 0.00456693, 146.163, 0.0470997, -49.159, 0.0438988, 128.76
510, 8.49167, 0.391301, 47.3619, 10.2235, -150.834, 10.06, 28.0725, 0.00455136, 146.085, 0.046941, -49.2083, 0.0437505, 128.714
510, 8.50000, 0.390443, 47.2606, 10.2007, -150.876, 10.0375, 28.0333, 0.00453586, 146.008, 0.0467829, -49.2574, 0.0436029, 128.668
510, 8.50833, 0.389592, 47.1597, 10.1779, -150.918, 10.015, 27.9943, 0.00452043, 145.93, 0.0466255, -49.3063, 0.0434559, 128.621
511, 8.51667, 0.388746, 47.0591, 10.1552, -150.96, 9.99261, 27.9554, 0.00450509, 145.853, 0.0464688, -49.3551, 0.0433095, 128.575
512, 8.52500, 0.387905, 46.9589, 10.1326, -151.002, 9.9703, 27.9166, 0.00448982, 145.776, 0.0463128, -49.4037, 0.0431637, 128.53
512, 8.53333, 0.387071, 46.859, 10.1101, -151.043, 9.94807, 27.8779, 0.00447462, 145.7, 0.0461575, -49.4521, 0.0430186, 128.484
513, 8.54167, 0.386241, 46.7595, 10.0876, -151.085, 9.9259, 27.8394, 0.0044595, 145.624, 0.0460028, -49.5003, 0.0428741, 128.438
513, 8.55000, 0.385418, 46.6603, 10.0652, -151.126, 9.90382, 27.801, 0.00444446, 145.548, 0.0458488, -49.5484, 0.0427302, 128.393
514, 8.55833, 0.3846, 46.5615, 10.0429, -151.167, 9.8818, 27.7628, 0.00442949, 145.472, 0.0456954, -49.5963, 0.0425869, 128.348
514, 8.56667, 0.383787, 46.463, 10.0207, -151.208, 9.85986, 27.7247, 0.00441459, 145.397, 0.0455427, -49.644, 0.0424442, 128.303
514, 8.57500, 0.38298, 46.3648, 9.9985, -151.249, 9.83799, 27.6867, 0.00439977, 145.322, 0.0453907, -49.6916, 0.0423022, 128.258
515, 8.58333, 0.382178, 46.267, 9.97642, -151.29, 9.8162, 27.6489, 0.00438502, 145.247, 0.0452393, -49.739, 0.0421607, 128.213
516, 8.59167, 0.381381, 46.1695, 9.9544, -151.331, 9.79447, 27.6111, 0.00437034, 145.172, 0.0450886, -49.7862, 0.0420199, 128.168
516, 8.60000, 0.38059, 46.0724, 9.93246, -151.371, 9.77282, 27.5736, 0.00435573, 145.098, 0.0449385, -49.8333, 0.0418796, 128.124
517, 8.60833, 0.379804, 45.9756, 9.9106, -151.411, 9.75124, 27.5361, 0.00434119, 145.024, 0.0447891, -49.8802, 0.04174, 128.08
517, 8.61667, 0.379023, 45.8791, 9.8888, -151.452, 9.72973, 27.4988, 0.00432672, 144.95, 0.0446402, -49.927, 0.0416009, 128.035
518, 8.62500, 0.378248, 45.7829, 9.86708, -151.492, 9.70829, 27.4616, 0.00431233, 144.877, 0.0444921, -49.9735, 0.0414624, 127.991
518, 8.63333, 0.377477, 45.6871, 9.84543, -151.532, 9.68692, 27.4245, 0.004298, 144.804, 0.0443445, -50.02, 0.0413245, 127.947
518, 8.64167, 0.376712, 45.5916, 9.82385, -151.571, 9.66562, 27.3876, 0.00428375, 144.731, 0.0441976, -50.0662, 0.0411872, 127.904
519, 8.65000, 0.375952, 45.4964, 9.80234, -151.611, 9.64439, 27.3508, 0.00426956, 144.658, 0.0440513, -50.1123, 0.0410505, 127.86
520, 8.65833, 0.375197, 45.4015, 9.78091, -151.65, 9.62323, 27.3141, 0.00425544, 144.586, 0.0439056, -50.1583, 0.0409143, 127.817
520, 8.66667, 0.374446, 45.307, 9.75954, -151.69, 9.60213, 27.2775, 0.00424139, 144.514, 0.0437605, -50.2041, 0.0407787, 127.773
521, 8.67500, 0.373701, 45.2127, 9.73824, -151.729, 9.58111, 27.2411, 0.0042274, 144.442, 0.043616, -50.2497, 0.0406437, 127.73
521, 8.68333, 0.372961, 45.1188, 9.71701, -151.768, 9.56015, 27.2048, 0.00421349, 144.37, 0.0434722, -50.2952, 0.0405092, 127.687
522, 8.69167, 0.372226, 45.0252, 9.69585, -151.807, 9.53926, 27.1686, 0.00419964, 144.299, 0.0433289, -50.3405, 0.0403753, 127.644
522, 8.70000, 0.371495, 44.9319, 9.67476, -151.846, 9.51844, 27.1325, 0.00418585, 144.228, 0.0431863, -50.3857, 0.040242, 127.601
522, 8.70833, 0.37077, 44.8389, 9.65374, -151.884, 9.49769, 27.0966, 0.00417214, 144.157, 0.0430442, -50.4307, 0.0401092, 127.559
523, 8.71667, 0.370049, 44.7462, 9.63279, -151.923, 9.477, 27.0607, 0.00415848, 144.087, 0.0429028, -50.4755, 0.039977, 127.516
524, 8.72500, 0.369333, 44.6538, 9.6119, -151.961, 9.45638, 27.025, 0.00414489, 144.016, 0.0427619, -50.5202, 0.0398453, 127.474
524, 8.73333, 0.368621, 44.5617, 9.59108, -151.999, 9.43582, 26.9895, 0.00413137, 143.946, 0.0426216, -50.5648, 0.0397141, 127.432
525, 8.74167, 0.367915, 44.4699, 9.57033, -152.037, 9.41533, 26.954, 0.00411791, 143.877, 0.0424819, -50.6092, 0.0395835, 127.39
525, 8.75000, 0.367213, 44.3784, 9.54965, -152.075, 9.3949, 26.9187, 0.00410452, 143.807, 0.0423428, -50.6534, 0.0394535, 127.348
526, 8.75833, 0.366515, 44.2872, 9.52903, -152.113, 9.37454, 26.8834, 0.00409119, 143.738, 0.0422043, -50.6975, 0.039324, 127.306
526, 8.76667, 0.365823, 44.1963, 9.50847, -152.151, 9.35425, 26.8483, 0.00407792, 143.669, 0.0420663, -50.7415, 0.039195, 127.264
527, 8.77500, 0.365135, 44.1056, 9.48799, -152.189, 9.33402, 26.8133, 0.00406471, 143.6, 0.0419289, -50.7853, 0.0390665, 127.223
527, 8.78333, 0.364451, 44.0153, 9.46757, -152.226, 9.31385, 26.7785, 0.00405157, 143.532, 0.0417921, -50.8289, 0.0389386, 127.181
528, 8.79167, 0.363772, 43.9253, 9.44721, -152.263, 9.29374, 26.7437, 0.00403848, 143.463, 0.0416559, -50.8725, 0.0388112, 127.14
528, 8.80000, 0.363097, 43.8355, 9.42692, -152.301, 9.2737, 26.7091, 0.00402546, 143.395, 0.0415202, -50.9158, 0.0386843, 127.099
529, 8.80833, 0.362427, 43.746, 9.40669, -152.338, 9.25372, 26.6745, 0.00401251, 143.327, 0.041385, -50.959, 0.038558, 127.058
529, 8.81667, 0.361761, 43.6568, 9.38652, -152.375, 9.23381, 26.6401, 0.0039996, 143.26, 0.0412505, -51.0021, 0.0384321, 127.017
530, 8.82500, 0.3611, 43.5679, 9.36642, -152.411, 9.21395, 26.6058, 0.00398677, 143.192, 0.0411164, -51.045, 0.0383068, 126.976
530, 8.83333, 0.360443, 43.4793, 9.34639, -152.448, 9.19416, 26.5716, 0.00397399, 143.125, 0.040983, -51.0878, 0.038182, 126.936
531, 8.84167, 0.35979, 43.3909, 9.32641, -152.485, 9.17443, 26.5376, 0.00396127, 143.059, 0.04085, -51.1305, 0.0380577, 126.895
531, 8.85000, 0.359142, 43.3028, 9.3065, -152.521, 9.15477, 26.5036, 0.00394861, 142.992, 0.0407177, -51.173, 0.0379339, 126.855
532, 8.85833, 0.358498, 43.215, 9.28665, -152.557, 9.13516, 26.4697, 0.003936, 142.926, 0.0405858, -51.2153, 0.0378106, 126.815
532, 8.86667, 0.357858, 43.1275, 9.26686, -152.594, 9.11561, 26.436, 0.00392346, 142.859, 0.0404545, -51.2576, 0.0376878, 126.775
533, 8.87500, 0.357222, 43.0402, 9.24714, -152.63, 9.09612, 26.4024, 0.00391098, 142.793, 0.0403237, -51.2997, 0.0375655, 126.735
533, 8.88333, 0.356591, 42.9532, 9.22748, -152.666, 9.0767, 26.3689, 0.00389855, 142.728, 0.0401935, -51.3416, 0.0374437, 126.695
534, 8.89167, 0.355964, 42.8665, 9.20787, -152.701, 9.05733, 26.3354, 0.00388618, 142.662, 0.0400638, -51.3834, 0.0373223, 126.655
534, 8.90000, 0.355341, 42.78, 9.18833, -152.737, 9.03802, 26.3021, 0.00387386, 142.597, 0.0399346, -51.4251, 0.0372015, 126.616
535, 8.90833, 0.354721, 42.6938, 9.16885, -152.773, 9.01878, 26.2689, 0.00386161, 142.532, 0.0398059, -51.4666, 0.0370812, 126.576
535, 8.91667, 0.354106, 42.6078, 9.14943, -152.808, 8.99959, 26.2359, 0.0038494, 142.467, 0.0396778, -51.508, 0.0369613, 126.537
536, 8.92500, 0.353495, 42.5221, 9.13007, -152.844, 8.98046, 26.2029, 0.00383726, 142.403, 0.0395502, -51.5493, 0.0368419, 126.497
536, 8.93333, 0.352889, 42.4367, 9.11077, -152.879, 8.96139, 26.17, 0.00382517, 142.338, 0.0394231, -51.5904, 0.036723, 126.458
537, 8.94167, 0.352286, 42.3515, 9.09152, -152.914, 8.94237, 26.1372, 0.00381313, 142.274, 0.0392965, -51.6314, 0.0366046, 126.419
537, 8.95000, 0.351687, 42.2666, 9.07234, -152.949, 8.92342, 26.1046, 0.00380115, 142.21, 0.0391704, -51.6722, 0.0364867, 126.381
538, 8.95833, 0.351092, 42.1819, 9.05322, -152.984, 8.90452, 26.072, 0.00378923, 142.146, 0.0390448, -51.713, 0.0363692, 126.342
538, 8.96667, 0.3505, 42.0975, 9.03415, -153.019, 8.88568, 26.0396, 0.00377736, 142.083, 0.0389197, -51.7536, 0.0362522, 126.303
539, 8.97500, 0.349913, 42.0133, 9.01514, -153.053, 8.86689, 26.0072, 0.00376554, 142.02, 0.0387952, -51.794, 0.0361356, 126.265
539, 8.98333, 0.34933, 41.9294, 8.99619, -153.088, 8.84816, 25.975, 0.00375378, 141.957, 0.0386711, -51.8343, 0.0360196, 126.226
539, 8.99167, 0.34875, 41.8457, 8.9773, -153.122, 8.82949, 25.9428, 0.00374207, 141.894, 0.0385475, -51.8745, 0.0359039, 126.188
540, 9.00000, 0.348174, 41.7623, 8.95846, -153.157, 8.81088, 25.9108, 0.00373041, 141.831, 0.0384244, -51.9146, 0.0357888, 126.15
541, 9.00833, 0.347602, 41.6791, 8.93968, -153.191, 8.79232, 25.8789, 0.0037188, 141.769, 0.0383018, -51.9545, 0.0356741, 126.112
541, 9.01667, 0.347034, 41.5962, 8.92096, -153.225, 8.77381, 25.847, 0.00370725, 141.707, 0.0381797, -51.9944, 0.0355598, 126.074
542, 9.02500, 0.346469, 41.5135, 8.9023, -153.259, 8.75536, 25.8153, 0.00369575, 141.645, 0.0380581, -52.034, 0.035446, 126.036
542, 9.03333, 0.345909, 41.431, 8.88369, -153.293, 8.73697, 25.7837, 0.0036843, 141.583, 0.037937, -52.0736, 0.0353327, 125.998
543, 9.04167, 0.345352, 41.3488, 8.86513, -153.327, 8.71863, 25.7521, 0.0036729, 141.521, 0.0378163, -52.113, 0.0352197, 125.961
543, 9.05000, 0.344798, 41.2668, 8.84664, -153.36, 8.70035, 25.7207, 0.00366155, 141.46, 0.0376961, -52.1523, 0.0351073, 125.923
543, 9.05833, 0.344248, 41.185, 8.8282, -153.394, 8.68211, 25.6894, 0.00365026, 141.399, 0.0375764, -52.1915, 0.0349953, 125.886
544, 9.06667, 0.343702, 41.1035, 8.80981, -153.427, 8.66394, 25.6581, 0.00363901, 141.338, 0.0374572, -52.2305, 0.0348837, 125.849
545, 9.07500, 0.343159, 41.0222, 8.79148, -153.46, 8.64581, 25.627, 0.00362782, 141.277, 0.0373384, -52.2695, 0.0347725, 125.812
545, 9.08333, 0.34262, 40.9412, 8.7732, -153.494, 8.62774, 25.5959, 0.00361667, 141.216, 0.0372201, -52.3083, 0.0346618, 125.775
546, 9.09167, 0.342085, 40.8603, 8.75497, -153.527, 8.60973, 25.565, 0.00360557, 141.156, 0.0371023, -52.3469, 0.0345515, 125.738
546, 9.10000, 0.341553, 40.7797, 8.7368, -153.56, 8.59176, 25.5341, 0.00359452, 141.096, 0.0369849, -52.3855, 0.0344417, 125.701
547, 9.10833, 0.341024, 40.6993, 8.71869, -153.593, 8.57385, 25.5034, 0.00358352, 141.036, 0.036868, -52.4239, 0.0343323, 125.665
547, 9.11667, 0.340499, 40.6192, 8.70063, -153.626, 8.55599, 25.4727, 0.00357257, 140.976, 0.0367515, -52.4622, 0.0342233, 125.628
547, 9.12500, 0.339977, 40.5392, 8.68262, -153.658, 8.53819, 25.4422, 0.00356167, 140.917, 0.0366355, -52.5004, 0.0341147, 125.592
548, 9.13333, 0.339459, 40.4595, 8.66466, -153.691, 8.52043, 25.4117, 0.00355082, 140.857, 0.03652, -52.5385, 0.0340066, 125.555
549, 9.14167, 0.338944, 40.38, 8.64676, -153.723, 8.50273, 25.3814, 0.00354001, 140.798, 0.0364049, -52.5764, 0.0338988, 125.519
549, 9.15000, 0.338433, 40.3008, 8.62891, -153.756, 8.48508, 25.3511, 0.00352925, 140.739, 0.0362903, -52.6142, 0.0337915, 125.483
550, 9.15833, 0.337925, 40.2217, 8.61111, -153.788, 8.46748, 25.3209, 0.00351854, 140.68, 0.0361761, -52.6519, 0.0336846, 125.447
550, 9.16667, 0.33742, 40.1429, 8.59336, -153.82, 8.44992, 25.2908, 0.00350787, 140.622, 0.0360623, -52.6895, 0.0335781, 125.411
551, 9.17500, 0.336919, 40.0642, 8.57567, -153.852, 8.43243, 25.2608, 0.00349725, 140.563, 0.035949, -52.727, 0.0334721, 125.375
551, 9.18333, 0.336421, 39.9858, 8.55802, -153.884, 8.41498, 25.2309, 0.00348668, 140.505, 0.0358361, -52.7643, 0.0333664, 125.34
552, 9.19167, 0.335926, 39.9076, 8.54043, -153.916, 8.39758, 25.2011, 0.00347615, 140.447, 0.0357237, -52.8015, 0.0332611, 125.304
552, 9.20000, 0.335434, 39.8296, 8.52289, -153.948, 8.38023, 25.1714, 0.00346567, 140.389, 0.0356117, -52.8386, 0.0331563, 125.269
553, 9.20833, 0.334946, 39.7519, 8.5054, -153.979, 8.36293, 25.1418, 0.00345524, 140.332, 0.0355001, -52.8756, 0.0330518, 125.233
553, 9.21667, 0.334461, 39.6743, 8.48796, -154.011, 8.34568, 25.1123, 0.00344484, 140.274, 0.0353889, -52.9125, 0.0329478, 125.198
554, 9.22500, 0.333979, 39.5969, 8.47057, -154.042, 8.32848, 25.0828, 0.0034345, 140.217, 0.0352782, -52.9493, 0.0328441, 125.163
554, 9.23333, 0.3335, 39.5198, 8.45323, -154.074, 8.31133, 25.0535, 0.0034242, 140.16, 0.035168, -52.9859, 0.0327408, 125.128
555, 9.24167, 0.333024, 39.4428, 8.43594, -154.105, 8.29422, 25.0242, 0.00341394, 140.103, 0.0350581, -53.0225, 0.032638, 125.093
555, 9.25000, 0.332552, 39.3661, 8.4187, -154.136, 8.27717, 24.995, 0.00340373, 140.046, 0.0349486, -53.0589, 0.0325355, 125.058
556, 9.25833, 0.332083, 39.2895, 8.4015, -154.167, 8.26016, 24.9659, 0.00339356, 139.99, 0.0348396, -53.0952, 0.0324334, 125.023
556, 9.26667, 0.331616, 39.2132, 8.38436, -154.198, 8.2432, 24.937, 0.00338344, 139.933, 0.034731, -53.1314, 0.0323317, 124.989
557, 9.27500, 0.331153, 39.137, 8.36727, -154.229, 8.22629, 24.908, 0.00337335, 139.877, 0.0346228, -53.1675, 0.0322304, 124.954
557, 9.28333, 0.330693, 39.0611, 8.35022, -154.26, 8.20943, 24.8792, 0.00336332, 139.821, 0.034515, -53.2034, 0.0321295, 124.92
558, 9.29167, 0.330236, 38.9853, 8.33322, -154.29, 8.19262, 24.8505, 0.00335332, 139.765, 0.0344076, -53.2393, 0.0320289, 124.886
558, 9.30000, 0.329782, 38.9097, 8.31628, -154.321, 8.17585, 24.8219, 0.00334337, 139.71, 0.0343007, -53.275, 0.0319288, 124.851
559, 9.30833, 0.32933, 38.8344, 8.29938, -154.352, 8.15913, 24.7933, 0.00333346, 139.654, 0.0341941, -53.3107, 0.031829, 124.817
559, 9.31667, 0.328882, 38.7592, 8.28252, -154.382, 8.14245, 24.7648, 0.00332359, 139.599, 0.034088, -53.3462, 0.0317296, 124.783
560, 9.32500, 0.328437, 38.6842, 8.26572, -154.412, 8.12582, 24.7364, 0.00331376, 139.544, 0.0339822, -53.3816, 0.0316305, 124.749
560, 9.33333, 0.327995, 38.6094, 8.24896, -154.442, 8.10924, 24.7082, 0.00330398, 139.489, 0.0338769, -53.4169, 0.0315319, 124.716
561, 9.34167, 0.327555, 38.5348, 8.23225, -154.472, 8.09271, 24.6799, 0.00329423, 139.434, 0.0337719, -53.4521, 0.0314335, 124.682
561, 9.35000, 0.327119, 38.4604, 8.21558, -154.502, 8.07622, 24.6518, 0.00328453, 139.38, 0.0336674, -53.4872, 0.0313356, 124.648
562, 9.35833, 0.326685, 38.3862, 8.19897, -154.532, 8.05977, 24.6238, 0.00327487, 139.325, 0.0335632, -53.5221, 0.0312381, 124.615
562, 9.36667, 0.326255, 38.3121, 8.18239, -154.562, 8.04337, 24.5958, 0.00326525, 139.271, 0.0334594, -53.557, 0.0311409, 124.582
563, 9.37500, 0.325827, 38.2383, 8.16587, -154.592, 8.02702, 24.5679, 0.00325567, 139.217, 0.0333561, -53.5918, 0.031044, 124.548
563, 9.38333, 0.325402, 38.1646, 8.14939, -154.622, 8.01071, 24.5402, 0.00324613, 139.163, 0.0332531, -53.6264, 0.0309476, 124.515
564, 9.39167, 0.32498, 38.0911, 8.13295, -154.651, 7.99445, 24.5124, 0.00323662, 139.109, 0.0331504, -53.661, 0.0308515, 124.482
564, 9.40000, 0.32456, 38.0178, 8.11657, -154.681, 7.97823, 24.4848, 0.00322716, 139.055, 0.0330482, -53.6954, 0.0307557, 124.449
564, 9.40833, 0.324144, 37.9447, 8.10022, -154.71, 7.96205, 24.4573, 0.00321774, 139.002, 0.0329464, -53.7298, 0.0306603, 124.416
565, 9.41667, 0.32373, 37.8717, 8.08392, -154.739, 7.94592, 24.4298, 0.00320836, 138.949, 0.0328449, -53.764, 0.0305653, 124.383
566, 9.42500, 0.323318, 37.799, 8.06767, -154.768, 7.92984, 24.4024, 0.00319902, 138.896, 0.0327439, -53.7981, 0.0304706, 124.35
566, 9.43333, 0.32291, 37.7264, 8.05146, -154.798, 7.91379, 24.3752, 0.00318971, 138.843, 0.0326432, -53.8321, 0.0303762, 124.318
567, 9.44167, 0.322504, 37.654, 8.0353, -154.827, 7.89779, 24.3479, 0.00318045, 138.79, 0.0325428, -53.866, 0.0302822, 124.285
567, 9.45000, 0.322101, 37.5817, 8.01918, -154.855, 7.88184, 24.3208, 0.00317122, 138.737, 0.0324429, -53.8999, 0.0301886, 124.253
568, 9.45833, 0.321701, 37.5097, 8.0031, -154.884, 7.86592, 24.2938, 0.00316203, 138.685, 0.0323433, -53.9336, 0.0300953, 124.221
568, 9.46667, 0.321303, 37.4378, 7.98707, -154.913, 7.85005, 24.2668, 0.00315288, 138.633, 0.0322441, -53.9672, 0.0300023, 124.188
568, 9.47500, 0.320908, 37.366, 7.97108, -154.942, 7.83423, 24.2399, 0.00314377, 138.581, 0.0321452, -54.0007, 0.0299097, 124.156
569, 9.48333, 0.320516, 37.2945, 7.95514, -154.97, 7.81844, 24.2131, 0.00313469, 138.529, 0.0320467, -54.0341, 0.0298175, 124.124
570, 9.49167, 0.320126, 37.2231, 7.93924, -154.999, 7.8027, 24.1864, 0.00312565, 138.477, 0.0319486, -54.0674, 0.0297255, 124.092
570, 9.50000, 0.319739, 37.1519, 7.92338, -155.027, 7.787, 24.1597, 0.00311665, 138.425, 0.0318509, -54.1006, 0.0296339, 124.06
571, 9.50833, 0.319354, 37.0809, 7.90756, -155.055, 7.77134, 24.1331, 0.00310769, 138.374, 0.0317535, -54.1337, 0.0295427, 124.029
571, 9.51667, 0.318972, 37.01, 7.89179, -155.084, 7.75573, 24.1066, 0.00309876, 138.323, 0.0316564, -54.1667, 0.0294517, 123.997
572, 9.52500, 0.318593, 36.9393, 7.87606, -155.112, 7.74015, 24.0802, 0.00308987, 138.271, 0.0315597, -54.1996, 0.0293611, 123.965
572, 9.53333, 0.318216, 36.8687, 7.86037, -155.14, 7.72462, 24.0539, 0.00308102, 138.22, 0.0314634, -54.2324, 0.0292709, 123.934
572, 9.54167, 0.317841, 36.7983, 7.84473, -155.168, 7.70913, 24.0276, 0.0030722, 138.17, 0.0313674, -54.2651, 0.0291809, 123.902
573, 9.55000, 0.317469, 36.7281, 7.82912, -155.196, 7.69368, 24.0014, 0.00306341, 138.119, 0.0312718, -54.2977, 0.0290913, 123.871
574, 9.55833, 0.3171, 36.658, 7.81356, -155.223, 7.67827, 23.9753, 0.00305467, 138.068, 0.0311765, -54.3302, 0.029002, 123.84
574, 9.56667, 0.316733, 36.5881, 7.79804, -155.251, 7.6629, 23.9493, 0.00304595, 138.018, 0.0310816, -54.3626, 0.0289131, 123.809
575, 9.57500, 0.316368, 36.5184, 7.78256, -155.279, 7.64757, 23.9234, 0.00303728, 137.968, 0.030987, -54.3949, 0.0288244, 123.778
575, 9.58333, 0.316006, 36.4488, 7.76712, -155.306, 7.63229, 23.8975, 0.00302864, 137.918, 0.0308928, -54.4271, 0.0287361, 123.747
576, 9.59167, 0.315647, 36.3794, 7.75172, -155.334, 7.61704, 23.8717, 0.00302003, 137.868, 0.0307989, -54.4592, 0.0286481, 123.716
576, 9.60000, 0.315289, 36.3101, 7.73637, -155.361, 7.60183, 23.846, 0.00301146, 137.818, 0.0307053, -54.4912, 0.0285604, 123.685
577, 9.60833, 0.314934, 36.241, 7.72105, -155.388, 7.58666, 23.8203, 0.00300292, 137.768, 0.0306121, -54.5231, 0.0284731, 123.654
577, 9.61667, 0.314582, 36.172, 7.70577, -155.416, 7.57153, 23.7947, 0.00299442, 137.719, 0.0305193, -54.5549, 0.028386, 123.624
578, 9.62500, 0.314232, 36.1032, 7.69054, -155.443, 7.55644, 23.7692, 0.00298595, 137.669, 0.0304267, -54.5866, 0.0282993, 123.593
578, 9.63333, 0.313884, 36.0346, 7.67534, -155.47, 7.5414, 23.7438, 0.00297752, 137.62, 0.0303345, -54.6183, 0.0282129, 123.563
579, 9.64167, 0.313539, 35.9661, 7.66019, -155.497, 7.52638, 23.7185, 0.00296911, 137.571, 0.0302426, -54.6498, 0.0281268, 123.533
579, 9.65000, 0.313196, 35.8977, 7.64507, -155.524, 7.51141, 23.6932, 0.00296075, 137.522, 0.0301511, -54.6812, 0.028041, 123.502
580, 9.65833, 0.312855, 35.8295, 7.63, -155.55, 7.49648, 23.668, 0.00295241, 137.474, 0.0300599, -54.7126, 0.0279555, 123.472
580, 9.66667, 0.312517, 35.7615, 7.61496, -155.577, 7.48159, 23.6428, 0.00294411, 137.425, 0.029969, -54.7438, 0.0278703, 123.442
581, 9.67500, 0.31218, 35.6936, 7.59996, -155.604, 7.46673, 23.6178, 0.00293584, 137.377, 0.0298785, -54.775, 0.0277854, 123.412
581, 9.68333, 0.311847, 35.6258, 7.585, -155.63, 7.45191, 23.5928, 0.00292761, 137.328, 0.0297882, -54.806, 0.0277008, 123.382
582, 9.69167, 0.311515, 35.5582, 7.57008, -155.657, 7.43713, 23.5679, 0.00291941, 137.28, 0.0296983, -54.837, 0.0276165, 123.352
582, 9.70000, 0.311186, 35.4908, 7.5552, -155.683, 7.42239, 23.5431, 0.00291124, 137.232, 0.0296087, -54.8679, 0.0275325, 123.323
583, 9.70833, 0.310858, 35.4235, 7.54036, -155.709, 7.40769, 23.5183, 0.0029031, 137.184, 0.0295195, -54.8986, 0.0274489, 123.293
583, 9.71667, 0.310534, 35.3563, 7.52555, -155.736, 7.39302, 23.4936, 0.00289499, 137.136, 0.0294305, -54.9293, 0.0273655, 123.264
584, 9.72500, 0.310211, 35.2893, 7.51079, -155.762, 7.3784, 23.469, 0.00288692, 137.089, 0.0293419, -54.9599, 0.0272824, 123.234
584, 9.73333, 0.30989, 35.2224, 7.49606, -155.788, 7.36381, 23.4444, 0.00287888, 137.041, 0.0292536, -54.9904, 0.0271996, 123.205
585, 9.74167, 0.309572, 35.1556, 7.48137, -155.814, 7.34925, 23.42, 0.00287087, 136.994, 0.0291656, -55.0208, 0.0271171, 123.175
585, 9.75000, 0.309256, 35.089, 7.46671, -155.84, 7.33473, 23.3955, 0.00286289, 136.947, 0.0290779, -55.0512, 0.0270349, 123.146
586, 9.75833, 0.308942, 35.0226, 7.4521, -155.866, 7.32025, 23.3712, 0.00285494, 136.9, 0.0289905, -55.0814, 0.026953, 123.117
586, 9.76667, 0.30863, 34.9562, 7.43752, -155.892, 7.30581, 23.3469, 0.00284702, 136.853, 0.0289035, -55.1115, 0.0268713, 123.088
587, 9.77500, 0.30832, 34.89, 7.42298, -155.917, 7.2914, 23.3228, 0.00283914, 136.806, 0.0288167, -55.1416, 0.02679, 123.059
587, 9.78333, 0.308013, 34.824, 7.40847, -155.943, 7.27703, 23.2986, 0.00283128, 136.76, 0.0287303, -55.1715, 0.0267089, 123.03
588, 9.79167, 0.307707, 34.7581, 7.39401, -155.968, 7.2627, 23.2746, 0.00282346, 136.713, 0.0286441, -55.2014, 0.0266282, 123.001
588, 9.80000, 0.307404, 34.6923, 7.37958, -155.994, 7.2484, 23.2506, 0.00281567, 136.667, 0.0285583, -55.2312, 0.0265477, 122.973
589, 9.80833, 0.307103, 34.6266, 7.36518, -156.019, 7.23414, 23.2267, 0.0028079, 136.621, 0.0284728, -55.2609, 0.0264675, 122.944
589, 9.81667, 0.306803, 34.5611, 7.35082, -156.045, 7.21991, 23.2028, 0.00280017, 136.574, 0.0283875, -55.2905, 0.0263875, 122.916
590, 9.82500, 0.306506, 34.4958, 7.3365, -156.07, 7.20572, 23.179, 0.00279247, 136.529, 0.0283026, -55.32, 0.0263079, 122.887
590, 9.83333, 0.306211, 34.4305, 7.32222, -156.095, 7.19156, 23.1553, 0.00278479, 136.483, 0.028218, -55.3494, 0.0262285, 122.859
591, 9.84167, 0.305918, 34.3654, 7.30797, -156.12, 7.17744, 23.1317, 0.00277715, 136.437, 0.0281336, -55.3787, 0.0261494, 122.83
591, 9.85000, 0.305627, 34.3004, 7.29375, -156.145, 7.16336, 23.1081, 0.00276953, 136.391, 0.0280496, -55.408, 0.0260706, 122.802
592, 9.85833, 0.305338, 34.2356, 7.27957, -156.17, 7.14931, 23.0846, 0.00276195, 136.346, 0.0279658, -55.4372, 0.0259921, 122.774
592, 9.86667, 0.305051, 34.1708, 7.26543, -156.195, 7.13529, 23.0612, 0.00275439, 136.301, 0.0278824, -55.4662, 0.0259138, 122.746
593, 9.87500, 0.304766, 34.1062, 7.25132, -156.22, 7.12131, 23.0378, 0.00274687, 136.256, 0.0277992, -55.4952, 0.0258358, 122.718
593, 9.88333, 0.304483, 34.0418, 7.23725, -156.244, 7.10736, 23.0145, 0.00273937, 136.211, 0.0277163, -55.5241, 0.0257581, 122.69
594, 9.89167, 0.304202, 33.9774, 7.22321, -156.269, 7.09345, 22.9913, 0.0027319, 136.166, 0.0276337, -55.5529, 0.0256806, 122.662
594, 9.90000, 0.303923, 33.9132, 7.20921, -156.294, 7.07957, 22.9681, 0.00272446, 136.121, 0.0275514, -55.5817, 0.0256035, 122.635
595, 9.90833, 0.303646, 33.8491, 7.19524, -156.318, 7.06573, 22.945, 0.00271704, 136.076, 0.0274694, -55.6103, 0.0255265, 122.607
595, 9.91667, 0.30337, 33.7852, 7.18131, -156.343, 7.05192, 22.9219, 0.00270966, 136.032, 0.0273877, -55.6389, 0.0254499, 122.579
596, 9.92500, 0.303097, 33.7213, 7.16741, -156.367, 7.03814, 22.899, 0.0027023, 135.987, 0.0273062, -55.6674, 0.0253735, 122.552
596, 9.93333, 0.302826, 33.6576, 7.15354, -156.391, 7.0244, 22.8761, 0.00269498, 135.943, 0.0272251, -55.6957, 0.0252974, 122.525
597, 9.94167, 0.302556, 33.594, 7.13971, -156.415, 7.01069, 22.8532, 0.00268767, 135.899, 0.0271442, -55.724, 0.0252215, 122.497
597, 9.95000, 0.302289, 33.5305, 7.12592, -156.44, 6.99701, 22.8305, 0.0026804, 135.855, 0.0270636, -55.7523, 0.0251459, 122.47
598, 9.95833, 0.302023, 33.4672, 7.11215, -156.464, 6.98337, 22.8078, 0.00267316, 135.811, 0.0269833, -55.7804, 0.0250705, 122.443
598, 9.96667, 0.301759, 33.4039, 7.09842, -156.488, 6.96976, 22.7851, 0.00266594, 135.767, 0.0269032, -55.8085, 0.0249955, 122.416
599, 9.97500, 0.301497, 33.3408, 7.08473, -156.512, 6.95618, 22.7625, 0.00265875, 135.724, 0.0268235, -55.8364, 0.0249206, 122.389
599, 9.98333, 0.301237, 33.2778, 7.07106, -156.535, 6.94264, 22.74, 0.00265158, 135.68, 0.026744, -55.8643, 0.0248461, 122.362
600, 9.99167, 0.300979, 33.215, 7.05743, -156.559, 6.92913, 22.7176, 0.00264445, 135.637, 0.0266647, -55.8921, 0.0247717, 122.335
600, 10.00000, 0.300722, 33.1522, 7.04384, -156.583, 6.91565, 22.6952, 0.00263734, 135.594, 0.0265858, -55.9198, 0.0246977, 122.308
601, 10.00833, 0.300468, 33.0896, 7.03027, -156.607, 6.9022, 22.6729, 0.00263025, 135.551, 0.0265071, -55.9475, 0.0246239, 122.281
601, 10.01667, 0.300215, 33.027, 7.01674, -156.63, 6.88879, 22.6506, 0.0026232, 135.508, 0.0264287, -55.975, 0.0245503, 122.255
602, 10.02500, 0.299964, 32.9646, 7.00324, -156.654, 6.87541, 22.6284, 0.00261617, 135.465, 0.0263505, -56.0025, 0.024477, 122.228
602, 10.03333, 0.299715, 32.9023, 6.98978, -156.677, 6.86206, 22.6063, 0.00260916, 135.422, 0.0262727, -56.0299, 0.0244039, 122.202
603, 10.04167, 0.299467, 32.8401, 6.97635, -156.7, 6.84874, 22.5843, 0.00260218, 135.379, 0.0261951, -56.0572, 0.0243311, 122.175
603, 10.05000, 0.299222, 32.7781, 6.96294, -156.724, 6.83545, 22.5623, 0.00259523, 135.337, 0.0261177, -56.0844, 0.0242586, 122.149
604, 10.05833, 0.298978, 32.7161, 6.94958, -156.747, 6.8222, 22.5403, 0.00258831, 135.295, 0.0260406, -56.1115, 0.0241863, 122.123
604, 10.06667, 0.298735, 32.6543, 6.93624, -156.77, 6.80898, 22.5184, 0.0025814, 135.252, 0.0259638, -56.1386, 0.0241142, 122.096
605, 10.07500, 0.298495, 32.5925, 6.92293, -156.793, 6.79578, 22.4966, 0.00257453, 135.21, 0.0258872, -56.1656, 0.0240423, 122.07
605, 10.08333, 0.298256, 32.5309, 6.90966, -156.816, 6.78262, 22.4749, 0.00256768, 135.168, 0.025811, -56.1925, 0.0239708, 122.044
606, 10.09167, 0.298019, 32.4694, 6.89642, -156.839, 6.76949, 22.4532, 0.00256086, 135.126, 0.0257349, -56.2193, 0.0238994, 122.018
606, 10.10000, 0.297784, 32.408, 6.88321, -156.862, 6.7564, 22.4316, 0.00255406, 135.084, 0.0256591, -56.2461, 0.0238283, 121.992
607, 10.10833, 0.297551, 32.3467, 6.87003, -156.885, 6.74333, 22.41, 0.00254728, 135.043, 0.0255836, -56.2727, 0.0237574, 121.967
607, 10.11667, 0.297319, 32.2855, 6.85688, -156.908, 6.73029, 22.3885, 0.00254053, 135.001, 0.0255083, -56.2993, 0.0236868, 121.941
608, 10.12500, 0.297089, 32.2245, 6.84377, -156.93, 6.71728, 22.3671, 0.00253381, 134.96, 0.0254333, -56.3258, 0.0236164, 121.915
608, 10.13333, 0.29686, 32.1635, 6.83068, -156.953, 6.70431, 22.3457, 0.00252711, 134.918, 0.0253585, -56.3522, 0.0235463, 121.89
609, 10.14167, 0.296633, 32.1026, 6.81762, -156.976, 6.69136, 22.3244, 0.00252044, 134.877, 0.025284, -56.3786, 0.0234764, 121.864
609, 10.15000, 0.296408, 32.0419, 6.8046, -156.998, 6.67845, 22.3032, 0.00251379, 134.836, 0.0252098, -56.4048, 0.0234067, 121.839
610, 10.15833, 0.296185, 31.9812, 6.79161, -157.02, 6.66556, 22.282, 0.00250716, 134.795, 0.0251358, -56.431, 0.0233372, 121.813
610, 10.16667, 0.295963, 31.9207, 6.77864, -157.043, 6.65271, 22.2608, 0.00250056, 134.754, 0.025062, -56.4571, 0.023268, 121.788
611, 10.17500, 0.295743, 31.8602, 6.76571, -157.065, 6.63988, 22.2398, 0.00249398, 134.714, 0.0249885, -56.4832, 0.023199, 121.763
611, 10.18333, 0.295524, 31.7999, 6.75281, -157.087, 6.62709, 22.2188, 0.00248743, 134.673, 0.0249152, -56.5091, 0.0231303, 121.738
612, 10.19167, 0.295307, 31.7396, 6.73994, -157.109, 6.61432, 22.1978, 0.00248089, 134.632, 0.0248422, -56.535, 0.0230617, 121.713
612, 10.20000, 0.295092, 31.6795, 6.72709, -157.132, 6.60158, 22.1769, 0.00247439, 134.592, 0.0247694, -56.5608, 0.0229934, 121.688
613, 10.20833, 0.294878, 31.6195, 6.71428, -157.154, 6.58888, 22.1561, 0.00246791, 134.552, 0.0246968, -56.5865, 0.0229254, 121.663
613, 10.21667, 0.294666, 31.5595, 6.7015, -157.176, 6.5762, 22.1353, 0.00246145, 134.512, 0.0246245, -56.6122, 0.0228575, 121.638
614, 10.22500, 0.294455, 31.4997, 6.68874, -157.197, 6.56355, 22.1146, 0.00245501, 134.472, 0.0245525, -56.6377, 0.0227899, 121.613
614, 10.23333, 0.294246, 31.44, 6.67602, -157.219, 6.55093, 22.094, 0.0024486, 134.432, 0.0244807, -56.6632, 0.0227225, 121.588
615, 10.24167, 0.294039, 31.3803, 6.66332, -157.241, 6.53834, 22.0734, 0.00244221, 134.392, 0.0244091, -56.6886, 0.0226553, 121.564
615, 10.25000, 0.293833, 31.3208, 6.65066, -157.263, 6.52578, 22.0529, 0.00243584, 134.352, 0.0243378, -56.714, 0.0225884, 121.539
616, 10.25833, 0.293628, 31.2613, 6.63802, -157.284, 6.51324, 22.0324, 0.0024295, 134.312, 0.0242667, -56.7392, 0.0225216, 121.515
616, 10.26667, 0.293426, 31.202, 6.62541, -157.306, 6.50074, 22.012, 0.00242317, 134.273, 0.0241958, -56.7644, 0.0224551, 121.49
617, 10.27500, 0.293224, 31.1428, 6.61284, -157.327, 6.48826, 21.9916, 0.00241688, 134.234, 0.0241251, -56.7895, 0.0223888, 121.466
617, 10.28333, 0.293025, 31.0836, 6.60029, -157.349, 6.47581, 21.9713, 0.0024106, 134.194, 0.0240547, -56.8145, 0.0223227, 121.442
618, 10.29167, 0.292826, 31.0245, 6.58776, -157.37, 6.46339, 21.9511, 0.00240435, 134.155, 0.0239846, -56.8395, 0.0222569, 121.418
618, 10.30000, 0.29263, 30.9656, 6.57527, -157.391, 6.451, 21.9309, 0.00239811, 134.116, 0.0239146, -56.8644, 0.0221912, 121.393
619, 10.30833, 0.292434, 30.9067, 6.56281, -157.413, 6.43864, 21.9108, 0.00239191, 134.077, 0.0238449, -56.8892, 0.0221258, 121.369
619, 10.31667, 0.292241, 30.848, 6.55037, -157.434, 6.4263, 21.8907, 0.00238572, 134.038, 0.0237755, -56.9139, 0.0220606, 121.345
620, 10.32500, 0.292048, 30.7893, 6.53796, -157.455, 6.41399, 21.8707, 0.00237955, 133.999, 0.0237062, -56.9386, 0.0219956, 121.321
620, 10.33333, 0.291858, 30.7307, 6.52558, -157.476, 6.40171, 21.8508, 0.00237341, 133.961, 0.0236372, -56.9632, 0.0219308, 121.298
621, 10.34167, 0.291668, 30.6722, 6.51323, -157.497, 6.38946, 21.8309, 0.00236729, 133.922, 0.0235684, -56.9877, 0.0218662, 121.274
621, 10.35000, 0.29148, 30.6138, 6.50091, -157.518, 6.37723, 21.8111, 0.00236119, 133.884, 0.0234998, -57.0121, 0.0218019, 121.25
622, 10.35833, 0.291294, 30.5555, 6.48861, -157.539, 6.36504, 21.7913, 0.00235511, 133.846, 0.0234315, -57.0365, 0.0217377, 121.226
622, 10.36667, 0.291109, 30.4973, 6.47634, -157.56, 6.35286, 21.7716, 0.00234905, 133.807, 0.0233634, -57.0608, 0.0216738, 121.203
623, 10.37500, 0.290926, 30.4392, 6.4641, -157.58, 6.34072, 21.752, 0.00234302, 133.769, 0.0232955, -57.085, 0.02161, 121.179
623, 10.38333, 0.290744, 30.3811, 6.45189, -157.601, 6.3286, 21.7324, 0.002337, 133.731, 0.0232278, -57.1091, 0.0215465, 121.156
624, 10.39167, 0.290563, 30.3232, 6.4397, -157.622, 6.31651, 21.7128, 0.00233101, 133.693, 0.0231603, -57.1332, 0.0214832, 121.133
624, 10.40000, 0.290384, 30.2653, 6.42754, -157.642, 6.30445, 21.6933, 0.00232504, 133.656, 0.0230931, -57.1572, 0.0214201, 121.109
625, 10.40833, 0.290206, 30.2076, 6.41541, -157.663, 6.29242, 21.6739, 0.00231909, 133.618, 0.0230261, -57.1811, 0.0213572, 121.086
625, 10.41667, 0.290029, 30.1499, 6.4033, -157.683, 6.2804, 21.6545, 0.00231316, 133.58, 0.0229593, -57.2049, 0.0212945, 121.063
626, 10.42500, 0.289854, 30.0923, 6.39122, -157.704, 6.26842, 21.6352, 0.00230725, 133.543, 0.0228927, -57.2287, 0.021232, 121.04
626, 10.43333, 0.289681, 30.0348, 6.37917, -157.724, 6.25647, 21.616, 0.00230136, 133.506, 0.0228263, -57.2524, 0.0211696, 121.017
627, 10.44167, 0.289509, 29.9774, 6.36715, -157.744, 6.24453, 21.5968, 0.00229549, 133.468, 0.0227602, -57.2761, 0.0211075, 120.994
627, 10.45000, 0.289338, 29.92, 6.35515, -157.764, 6.23263, 21.5776, 0.00228964, 133.431, 0.0226942, -57.2996, 0.0210456, 120.971
628, 10.45833, 0.289168, 29.8628, 6.34318, -157.784, 6.22075, 21.5585, 0.00228381, 133.394, 0.0226285, -57.3231, 0.0209839, 120.948
628, 10.46667, 0.289, 29.8056, 6.33123, -157.805, 6.2089, 21.5395, 0.00227801, 133.357, 0.022563, -57.3465, 0.0209224, 120.925
629, 10.47500, 0.288833, 29.7485, 6.31931, -157.825, 6.19707, 21.5205, 0.00227222, 133.32, 0.0224977, -57.3699, 0.0208611, 120.903
629, 10.48333, 0.288668, 29.6915, 6.30742, -157.844, 6.18527, 21.5016, 0.00226645, 133.284, 0.0224326, -57.3931, 0.0208, 120.88
630, 10.49167, 0.288504, 29.6346, 6.29555, -157.864, 6.1735, 21.4827, 0.0022607, 133.247, 0.0223677, -57.4163, 0.0207391, 120.857
630, 10.50000, 0.288341, 29.5778, 6.28371, -157.884, 6.16175, 21.4639, 0.00225498, 133.211, 0.022303, -57.4394, 0.0206784, 120.835
631, 10.50833, 0.28818, 29.5211, 6.27189, -157.904, 6.15002, 21.4452, 0.00224927, 133.174, 0.0222386, -57.4625, 0.0206179, 120.813
631, 10.51667, 0.288019, 29.4644, 6.2601, -157.924, 6.13833, 21.4265, 0.00224358, 133.138, 0.0221743, -57.4855, 0.0205575, 120.79
632, 10.52500, 0.287861, 29.4078, 6.24834, -157.943, 6.12665, 21.4078, 0.00223791, 133.102, 0.0221103, -57.5084, 0.0204974, 120.768
632, 10.53333, 0.287703, 29.3513, 6.2366, -157.963, 6.11501, 21.3892, 0.00223226, 133.065, 0.0220464, -57.5313, 0.0204374, 120.746
633, 10.54167, 0.287547, 29.2949, 6.22488, -157.982, 6.10338, 21.3707, 0.00222663, 133.029, 0.0219828, -57.554, 0.0203777, 120.724
633, 10.55000, 0.287392, 29.2385, 6.2132, -158.002, 6.09178, 21.3522, 0.00222102, 132.993, 0.0219193, -57.5767, 0.0203181, 120.701
634, 10.55833, 0.287239, 29.1823, 6.20154, -158.021, 6.08021, 21.3338, 0.00221543, 132.958, 0.0218561, -57.5994, 0.0202588, 120.679
634, 10.56667, 0.287086, 29.1261, 6.1899, -158.041, 6.06866, 21.3154, 0.00220986, 132.922, 0.021793, -57.6219, 0.0201996, 120.658
635, 10.57500, 0.286935, 29.07, 6.17828, -158.06, 6.05714, 21.2971, 0.00220431, 132.886, 0.0217302, -57.6444, 0.0201406, 120.636
635, 10.58333, 0.286785, 29.014, 6.1667, -158.079, 6.04564, 21.2789, 0.00219877, 132.851, 0.0216676, -57.6668, 0.0200818, 120.614
636, 10.59167, 0.286637, 28.958, 6.15513, -158.098, 6.03417, 21.2606, 0.00219326, 132.815, 0.0216051, -57.6892, 0.0200231, 120.592
636, 10.60000, 0.28649, 28.9022, 6.14359, -158.117, 6.02272, 21.2425, 0.00218776, 132.78, 0.0215429, -57.7115, 0.0199647, 120.57
637, 10.60833, 0.286344, 28.8464, 6.13208, -158.136, 6.01129, 21.2244, 0.00218228, 132.745, 0.0214809, -57.7337, 0.0199064, 120.549
637, 10.61667, 0.286199, 28.7907, 6.12059, -158.155, 5.99989, 21.2064, 0.00217682, 132.71, 0.021419, -57.7559, 0.0198484, 120.527
638, 10.62500, 0.286055, 28.735, 6.10913, -158.174, 5.98851, 21.1884, 0.00217138, 132.674, 0.0213574, -57.7779, 0.0197905, 120.506
638, 10.63333, 0.285913, 28.6795, 6.09769, -158.193, 5.97716, 21.1704, 0.00216596, 132.64, 0.0212959, -57.7999, 0.0197328, 120.484
639, 10.64167, 0.285772, 28.624, 6.08627, -158.212, 5.96583, 21.1525, 0.00216055, 132.605, 0.0212347, -57.8219, 0.0196753, 120.463
639, 10.65000, 0.285632, 28.5686, 6.07488, -158.231, 5.95453, 21.1347, 0.00215517, 132.57, 0.0211736, -57.8438, 0.0196179, 120.442
640, 10.65833, 0.285493, 28.5132, 6.06351, -158.25, 5.94325, 21.1169, 0.0021498, 132.535, 0.0211127, -57.8656, 0.0195608, 120.42
640, 10.66667, 0.285356, 28.458, 6.05217, -158.268, 5.93199, 21.0992, 0.00214445, 132.501, 0.021052, -57.8873, 0.0195038, 120.399
641, 10.67500, 0.28522, 28.4028, 6.04085, -158.287, 5.92076, 21.0815, 0.00213912, 132.466, 0.0209916, -57.909, 0.019447, 120.378
641, 10.68333, 0.285085, 28.3477, 6.02955, -158.305, 5.90955, 21.0639, 0.0021338, 132.432, 0.0209313, -57.9305, 0.0193904, 120.357
642, 10.69167, 0.284951, 28.2926, 6.01828, -158.324, 5.89836, 21.0464, 0.00212851, 132.398, 0.0208711, -57.9521, 0.0193339, 120.336
642, 10.70000, 0.284818, 28.2377, 6.00703, -158.342, 5.8872, 21.0289, 0.00212323, 132.363, 0.0208112, -57.9735, 0.0192776, 120.315
643, 10.70833, 0.284687, 28.1828, 5.99581, -158.361, 5.87606, 21.0114, 0.00211797, 132.329, 0.0207515, -57.9949, 0.0192216, 120.295
643, 10.71667, 0.284557, 28.1279, 5.9846, -158.379, 5.86494, 20.994, 0.00211272, 132.295, 0.0206919, -58.0163, 0.0191656, 120.274
644, 10.72500, 0.284427, 28.0732, 5.97343, -158.397, 5.85384, 20.9766, 0.0021075, 132.261, 0.0206326, -58.0375, 0.0191099, 120.253
644, 10.73333, 0.284299, 28.0185, 5.96227, -158.415, 5.84277, 20.9594, 0.00210229, 132.228, 0.0205734, -58.0587, 0.0190543, 120.232
645, 10.74167, 0.284173, 27.9639, 5.95114, -158.433, 5.83173, 20.9421, 0.0020971, 132.194, 0.0205144, -58.0798, 0.0189989, 120.212
645, 10.75000, 0.284047, 27.9093, 5.94003, -158.451, 5.8207, 20.9249, 0.00209192, 132.16, 0.0204556, -58.1009, 0.0189437, 120.191
646, 10.75833, 0.283922, 27.8549, 5.92895, -158.469, 5.8097, 20.9078, 0.00208677, 132.127, 0.020397, -58.1219, 0.0188887, 120.171
646, 10.76667, 0.283799, 27.8005, 5.91788, -158.487, 5.79872, 20.8907, 0.00208163, 132.093, 0.0203386, -58.1428, 0.0188338, 120.15
647, 10.77500, 0.283677, 27.7461, 5.90684, -158.505, 5.78776, 20.8736, 0.0020765, 132.06, 0.0202803, -58.1637, 0.0187791, 120.13
647, 10.78333, 0.283556, 27.6919, 5.89583, -158.523, 5.77683, 20.8567, 0.0020714, 132.027, 0.0202222, -58.1845, 0.0187245, 120.11
648, 10.79167, 0.283436, 27.6377, 5.88483, -158.541, 5.76592, 20.8397, 0.00206631, 131.994, 0.0201643, -58.2052, 0.0186701, 120.09
648, 10.80000, 0.283317, 27.5836, 5.87386, -158.559, 5.75503, 20.8229, 0.00206124, 131.961, 0.0201066, -58.2258, 0.0186159, 120.07
649, 10.80833, 0.283199, 27.5295, 5.86291, -158.576, 5.74416, 20.806, 0.00205618, 131.928, 0.0200491, -58.2464, 0.0185619, 120.049
649, 10.81667, 0.283083, 27.4755, 5.85198, -158.594, 5.73331, 20.7893, 0.00205114, 131.895, 0.0199917, -58.2669, 0.018508, 120.029
650, 10.82500, 0.282967, 27.4216, 5.84108, -158.611, 5.72249, 20.7725, 0.00204612, 131.862, 0.0199345, -58.2874, 0.0184543, 120.01
650, 10.83333, 0.282853, 27.3677, 5.8302, -158.629, 5.71169, 20.7559, 0.00204111, 131.829, 0.0198775, -58.3078, 0.0184008, 119.99
651, 10.84167, 0.282739, 27.3139, 5.81934, -158.646, 5.70091, 20.7392, 0.00203612, 131.797, 0.0198207, -58.3281, 0.0183474, 119.97
651, 10.85000, 0.282627, 27.2602, 5.8085, -158.664, 5.69015, 20.7227, 0.00203115, 131.764, 0.019764, -58.3484, 0.0182942, 119.95
652, 10.85833, 0.282516, 27.2065, 5.79768, -158.681, 5.67942, 20.7062, 0.00202619, 131.732, 0.0197076, -58.3686, 0.0182412, 119.93
652, 10.86667, 0.282406, 27.1529, 5.78689, -158.698, 5.6687, 20.6897, 0.00202125, 131.699, 0.0196513, -58.3887, 0.0181883, 119.911
653, 10.87500, 0.282297, 27.0994, 5.77612, -158.716, 5.65801, 20.6733, 0.00201632, 131.667, 0.0195951, -58.4088, 0.0181356, 119.891
653, 10.88333, 0.282189, 27.0459, 5.76537, -158.733, 5.64734, 20.6569, 0.00201141, 131.635, 0.0195392, -58.4287, 0.018083, 119.872
654, 10.89167, 0.282082, 26.9925, 5.75464, -158.75, 5.63669, 20.6406, 0.00200652, 131.603, 0.0194834, -58.4487, 0.0180306, 119.852
654, 10.90000, 0.281976, 26.9392, 5.74393, -158.767, 5.62607, 20.6243, 0.00200164, 131.571, 0.0194278, -58.4685, 0.0179784, 119.833
655, 10.90833, 0.281871, 26.8859, 5.73324, -158.784, 5.61546, 20.6081, 0.00199678, 131.539, 0.0193723, -58.4883, 0.0179263, 119.814
655, 10.91667, 0.281768, 26.8327, 5.72258, -158.801, 5.60488, 20.592, 0.00199194, 131.507, 0.019317, -58.5081, 0.0178744, 119.794
656, 10.92500, 0.281665, 26.7796, 5.71194, -158.818, 5.59431, 20.5759, 0.00198711, 131.476, 0.0192619, -58.5277, 0.0178226, 119.775
656, 10.93333, 0.281563, 26.7265, 5.70131, -158.835, 5.58377, 20.5598, 0.00198229, 131.444, 0.019207, -58.5473, 0.017771, 119.756
657, 10.94167, 0.281463, 26.6734, 5.69071, -158.851, 5.57325, 20.5438, 0.00197749, 131.413, 0.0191522, -58.5669, 0.0177196, 119.737
657, 10.95000, 0.281363, 26.6205, 5.68014, -158.868, 5.56275, 20.5279, 0.00197271, 131.381, 0.0190976, -58.5864, 0.0176683, 119.718
658, 10.95833, 0.281265, 26.5676, 5.66958, -158.885, 5.55227, 20.512, 0.00196794, 131.35, 0.0190432, -58.6058, 0.0176172, 119.699
658, 10.96667, 0.281167, 26.5147, 5.65904, -158.901, 5.54181, 20.4961, 0.00196319, 131.319, 0.0189889, -58.6251, 0.0175662, 119.68
659, 10.97500, 0.28107, 26.462, 5.64852, -158.918, 5.53137, 20.4803, 0.00195845, 131.287, 0.0189348, -58.6444, 0.0175154, 119.661
659, 10.98333, 0.280975, 26.4092, 5.63803, -158.934, 5.52095, 20.4646, 0.00195372, 131.256, 0.0188809, -58.6636, 0.0174647, 119.643
660, 10.99167, 0.28088, 26.3566, 5.62755, -158.951, 5.51055, 20.4489, 0.00194902, 131.225, 0.0188271, -58.6828, 0.0174142, 119.624
660, 11.00000, 0.280787, 26.304, 5.6171, -158.967, 5.50018, 20.4332, 0.00194432, 131.194, 0.0187735, -58.7019, 0.0173638, 119.605
661, 11.00833, 0.280694, 26.2514, 5.60667, -158.984, 5.48982, 20.4176, 0.00193965, 131.164, 0.01872, -58.7209, 0.0173136, 119.587
661, 11.01667, 0.280603, 26.199, 5.59625, -159, 5.47949, 20.4021, 0.00193498, 131.133, 0.0186667, -58.7398, 0.0172636, 119.568
662, 11.02500, 0.280512, 26.1465, 5.58586, -159.016, 5.46917, 20.3866, 0.00193034, 131.102, 0.0186136, -58.7587, 0.0172137, 119.55
662, 11.03333, 0.280423, 26.0942, 5.57549, -159.032, 5.45888, 20.3711, 0.0019257, 131.072, 0.0185606, -58.7776, 0.0171639, 119.531
663, 11.04167, 0.280334, 26.0419, 5.56514, -159.048, 5.4486, 20.3557, 0.00192108, 131.041, 0.0185078, -58.7963, 0.0171143, 119.513
663, 11.05000, 0.280247, 25.9896, 5.5548, -159.064, 5.43835, 20.3404, 0.00191648, 131.011, 0.0184552, -58.815, 0.0170649, 119.495
664, 11.05833, 0.28016, 25.9374, 5.54449, -159.08, 5.42811, 20.3251, 0.00191189, 130.981, 0.0184027, -58.8337, 0.0170156, 119.477
664, 11.06667, 0.280075, 25.8853, 5.5342, -159.096, 5.4179, 20.3098, 0.00190731, 130.95, 0.0183503, -58.8523, 0.0169664, 119.459
665, 11.07500, 0.27999, 25.8332, 5.52393, -159.112, 5.4077, 20.2946, 0.00190275, 130.92, 0.0182982, -58.8708, 0.0169174, 119.44
665, 11.08333, 0.279906, 25.7812, 5.51368, -159.128, 5.39753, 20.2795, 0.00189821, 130.89, 0.0182461, -58.8892, 0.0168685, 119.422
666, 11.09167, 0.279823, 25.7292, 5.50345, -159.144, 5.38737, 20.2644, 0.00189368, 130.86, 0.0181943, -58.9076, 0.0168198, 119.405
666, 11.10000, 0.279742, 25.6773, 5.49324, -159.16, 5.37723, 20.2493, 0.00188916, 130.83, 0.0181426, -58.9259, 0.0167712, 119.387
667, 11.10833, 0.279661, 25.6255, 5.48304, -159.175, 5.36712, 20.2344, 0.00188465, 130.801, 0.018091, -58.9442, 0.0167228, 119.369
667, 11.11667, 0.279581, 25.5737, 5.47287, -159.191, 5.35702, 20.2194, 0.00188016, 130.771, 0.0180396, -58.9624, 0.0166745, 119.351
668, 11.12500, 0.279502, 25.5219, 5.46272, -159.206, 5.34694, 20.2045, 0.00187569, 130.741, 0.0179884, -58.9805, 0.0166264, 119.333
668, 11.13333, 0.279424, 25.4703, 5.45259, -159.222, 5.33688, 20.1897, 0.00187123, 130.712, 0.0179373, -58.9986, 0.0165784, 119.316
669, 11.14167, 0.279347, 25.4186, 5.44247, -159.237, 5.32684, 20.1749, 0.00186678, 130.682, 0.0178863, -59.0166, 0.0165306, 119.298
669, 11.15000, 0.27927, 25.3671, 5.43238, -159.253, 5.31683, 20.1601, 0.00186235, 130.653, 0.0178355, -59.0345, 0.0164829, 119.281
670, 11.15833, 0.279195, 25.3155, 5.4223, -159.268, 5.30683, 20.1454, 0.00185793, 130.624, 0.0177849, -59.0524, 0.0164353, 119.263
670, 11.16667, 0.279121, 25.2641, 5.41225, -159.283, 5.29684, 20.1308, 0.00185352, 130.595, 0.0177344, -59.0702, 0.0163879, 119.246
671, 11.17500, 0.279047, 25.2127, 5.40221, -159.299, 5.28688, 20.1162, 0.00184913, 130.565, 0.0176841, -59.088, 0.0163406, 119.228
671, 11.18333, 0.278975, 25.1613, 5.39219, -159.314, 5.27694, 20.1016, 0.00184475, 130.536, 0.0176339, -59.1057, 0.0162934, 119.211
672, 11.19167, 0.278903, 25.11, 5.38219, -159.329, 5.26701, 20.0871, 0.00184039, 130.507, 0.0175839, -59.1233, 0.0162464, 119.194
672, 11.20000, 0.278832, 25.0587, 5.37222, -159.344, 5.25711, 20.0727, 0.00183603, 130.479, 0.017534, -59.1409, 0.0161996, 119.177
673, 11.20833, 0.278763, 25.0075, 5.36226, -159.359, 5.24722, 20.0583, 0.0018317, 130.45, 0.0174842, -59.1584, 0.0161529, 119.16
673, 11.21667, 0.278694, 24.9564, 5.35231, -159.374, 5.23735, 20.0439, 0.00182737, 130.421, 0.0174346, -59.1758, 0.0161063, 119.143
674, 11.22500, 0.278626, 24.9053, 5.34239, -159.389, 5.2275, 20.0296, 0.00182306, 130.393, 0.0173852, -59.1932, 0.0160598, 119.126
674, 11.23333, 0.278558, 24.8542, 5.33249, -159.404, 5.21767, 20.0154, 0.00181876, 130.364, 0.0173359, -59.2105, 0.0160135, 119.109
675, 11.24167, 0.278492, 24.8032, 5.3226, -159.419, 5.20786, 20.0012, 0.00181448, 130.336, 0.0172867, -59.2278, 0.0159673, 119.092
675, 11.25000, 0.278427, 24.7523, 5.31273, -159.434, 5.19807, 19.987, 0.0018102, 130.307, 0.0172377, -59.245, 0.0159213, 119.075
676, 11.25833, 0.278362, 24.7014, 5.30289, -159.448, 5.18829, 19.9729, 0.00180595, 130.279, 0.0171889, -59.2621, 0.0158754, 119.058
676, 11.26667, 0.278299, 24.6506, 5.29305, -159.463, 5.17853, 19.9588, 0.0018017, 130.251, 0.0171402, -59.2792, 0.0158296, 119.042
677, 11.27500, 0.278236, 24.5998, 5.28324, -159.477, 5.1688, 19.9448, 0.00179747, 130.223, 0.0170916, -59.2962, 0.015784, 119.025
677, 11.28333, 0.278174, 24.549, 5.27345, -159.492, 5.15908, 19.9309, 0.00179325, 130.195, 0.0170431, -59.3131, 0.0157385, 119.009
678, 11.29167, 0.278113, 24.4983, 5.26367, -159.507, 5.14937, 19.917, 0.00178904, 130.167, 0.0169948, -59.33, 0.0156932, 118.992
678, 11.30000, 0.278053, 24.4477, 5.25392, -159.521, 5.13969, 19.9031, 0.00178485, 130.139, 0.0169467, -59.3468, 0.0156479, 118.976
679, 11.30833, 0.277993, 24.3971, 5.24418, -159.535, 5.13002, 19.8893, 0.00178067, 130.111, 0.0168987, -59.3636, 0.0156028, 118.959
679, 11.31667, 0.277935, 24.3465, 5.23446, -159.55, 5.12037, 19.8755, 0.0017765, 130.084, 0.0168508, -59.3803, 0.0155579, 118.943
680, 11.32500, 0.277877, 24.2961, 5.22476, -159.564, 5.11074, 19.8618, 0.00177234, 130.056, 0.0168031, -59.3969, 0.015513, 118.927
680, 11.33333, 0.27782, 24.2456, 5.21507, -159.578, 5.10113, 19.8482, 0.0017682, 130.028, 0.0167555, -59.4135, 0.0154683, 118.91
681, 11.34167, 0.277764, 24.1952, 5.2054, -159.592, 5.09154, 19.8345, 0.00176407, 130.001, 0.0167081, -59.43, 0.0154238, 118.894
681, 11.35000, 0.277709, 24.1449, 5.19575, -159.606, 5.08196, 19.821, 0.00175995, 129.974, 0.0166607, -59.4464, 0.0153793, 118.878
682, 11.35833, 0.277655, 24.0946, 5.18612, -159.621, 5.0724, 19.8075, 0.00175585, 129.946, 0.0166136, -59.4628, 0.015335, 118.862
682, 11.36667, 0.277601, 24.0443, 5.17651, -159.635, 5.06286, 19.794, 0.00175175, 129.919, 0.0165665, -59.4791, 0.0152908, 118.846
683, 11.37500, 0.277549, 23.9941, 5.16691, -159.649, 5.05333, 19.7806, 0.00174767, 129.892, 0.0165196, -59.4954, 0.0152468, 118.83
683, 11.38333, 0.277497, 23.9439, 5.15734, -159.662, 5.04383, 19.7672, 0.0017436, 129.865, 0.0164729, -59.5116, 0.0152029, 118.815
684, 11.39167, 0.277446, 23.8938, 5.14777, -159.676, 5.03434, 19.7539, 0.00173955, 129.838, 0.0164263, -59.5277, 0.0151591, 118.799
684, 11.40000, 0.277395, 23.8438, 5.13823, -159.69, 5.02487, 19.7406, 0.0017355, 129.811, 0.0163798, -59.5438, 0.0151154, 118.783
685, 11.40833, 0.277346, 23.7937, 5.12871, -159.704, 5.01541, 19.7274, 0.00173147, 129.784, 0.0163334, -59.5598, 0.0150719, 118.767
685, 11.41667, 0.277297, 23.7438, 5.1192, -159.718, 5.00597, 19.7142, 0.00172745, 129.758, 0.0162872, -59.5758, 0.0150284, 118.752
686, 11.42500, 0.27725, 23.6938, 5.10971, -159.731, 4.99655, 19.7011, 0.00172344, 129.731, 0.0162411, -59.5917, 0.0149851, 118.736
686, 11.43333, 0.277203, 23.6439, 5.10023, -159.745, 4.98715, 19.688, 0.00171945, 129.705, 0.0161952, -59.6075, 0.014942, 118.721
687, 11.44167, 0.277156, 23.5941, 5.09077, -159.758, 4.97777, 19.675, 0.00171546, 129.678, 0.0161493, -59.6233, 0.0148989, 118.705
687, 11.45000, 0.277111, 23.5443, 5.08133, -159.772, 4.9684, 19.662, 0.00171149, 129.652, 0.0161037, -59.639, 0.014856, 118.69
688, 11.45833, 0.277066, 23.4946, 5.07191, -159.785, 4.95905, 19.6491, 0.00170753, 129.625, 0.0160581, -59.6547, 0.0148132, 118.675
688, 11.46667, 0.277023, 23.4449, 5.06251, -159.799, 4.94971, 19.6362, 0.00170358, 129.599, 0.0160127, -59.6703, 0.0147706, 118.66
689, 11.47500, 0.27698, 23.3952, 5.05312, -159.812, 4.94039, 19.6234, 0.00169964, 129.573, 0.0159674, -59.6858, 0.014728, 118.644
689, 11.48333, 0.276937, 23.3456, 5.04375, -159.825, 4.93109, 19.6106, 0.00169572, 129.547, 0.0159222, -59.7012, 0.0146856, 118.629
690, 11.49167, 0.276896, 23.296, 5.03439, -159.838, 4.92181, 19.5979, 0.00169181, 129.521, 0.0158772, -59.7167, 0.0146433, 118.614
690, 11.50000, 0.276855, 23.2465, 5.02505, -159.852, 4.91254, 19.5852, 0.0016879, 129.495, 0.0158323, -59.732, 0.0146011, 118.599
691, 11.50833, 0.276815, 23.197, 5.01573, -159.865, 4.90329, 19.5725, 0.00168401, 129.469, 0.0157875, -59.7473, 0.0145591, 118.584
691, 11.51667, 0.276776, 23.1476, 5.00642, -159.878, 4.89405, 19.5599, 0.00168014, 129.444, 0.0157429, -59.7625, 0.0145171, 118.569
692, 11.52500, 0.276738, 23.0982, 4.99714, -159.891, 4.88483, 19.5474, 0.00167627, 129.418, 0.0156984, -59.7777, 0.0144753, 118.555
692, 11.53333, 0.2767, 23.0488, 4.98786, -159.904, 4.87563, 19.5349, 0.00167241, 129.392, 0.015654, -59.7928, 0.0144336, 118.54
693, 11.54167, 0.276663, 22.9995, 4.97861, -159.917, 4.86645, 19.5225, 0.00166857, 129.367, 0.0156097, -59.8078, 0.0143921, 118.525
693, 11.55000, 0.276627, 22.9503, 4.96937, -159.929, 4.85728, 19.5101, 0.00166473, 129.341, 0.0155656, -59.8228, 0.0143506, 118.511
694, 11.55833, 0.276592, 22.9011, 4.96015, -159.942, 4.84813, 19.4977, 0.00166091, 129.316, 0.0155216, -59.8377, 0.0143093, 118.496
694, 11.56667, 0.276557, 22.8519, 4.95094, -159.955, 4.83899, 19.4854, 0.0016571, 129.291, 0.0154777, -59.8526, 0.014268, 118.481
695, 11.57500, 0.276523, 22.8027, 4.94175, -159.968, 4.82987, 19.4732, 0.0016533, 129.266, 0.0154339, -59.8673, 0.0142269, 118.467
695, 11.58333, 0.27649, 22.7536, 4.93258, -159.98, 4.82077, 19.461, 0.00164951, 129.24, 0.0153903, -59.8821, 0.014186, 118.453
696, 11.59167, 0.276458, 22.7046, 4.92342, -159.993, 4.81168, 19.4488, 0.00164574, 129.215, 0.0153468, -59.8968, 0.0141451, 118.438
696, 11.60000, 0.276426, 22.6556, 4.91428, -160.005, 4.80261, 19.4367, 0.00164197, 129.191, 0.0153034, -59.9114, 0.0141043, 118.424
697, 11.60833, 0.276395, 22.6066, 4.90515, -160.018, 4.79355, 19.4247, 0.00163822, 129.166, 0.0152601, -59.9259, 0.0140637, 118.41
697, 11.61667, 0.276365, 22.5577, 4.89604, -160.03, 4.78451, 19.4127, 0.00163447, 129.141, 0.015217, -59.9404, 0.0140232, 118.396
698, 11.62500, 0.276336, 22.5088, 4.88695, -160.043, 4.77549, 19.4007, 0.00163074, 129.116, 0.015174, -59.9548, 0.0139828, 118.382
698, 11.63333, 0.276307, 22.4599, 4.87787, -160.055, 4.76648, 19.3888, 0.00162702, 129.092, 0.0151311, -59.9692, 0.0139425, 118.368
699, 11.64167, 0.276279, 22.4111, 4.86881, -160.067, 4.75749, 19.377, 0.0016233, 129.067, 0.0150883, -59.9835, 0.0139023, 118.354
699, 11.65000, 0.276252, 22.3623, 4.85976, -160.079, 4.74851, 19.3652, 0.0016196, 129.042, 0.0150457, -59.9978, 0.0138623, 118.34
700, 11.65833, 0.276225, 22.3136, 4.85073, -160.092, 4.73955, 19.3534, 0.00161591, 129.018, 0.0150032, -60.012, 0.0138223, 118.326
700, 11.66667, 0.2762, 22.2649, 4.84171, -160.104, 4.73061, 19.3417, 0.00161223, 128.994, 0.0149608, -60.0261, 0.0137825, 118.312
701, 11.67500, 0.276174, 22.2163, 4.83272, -160.116, 4.72168, 19.33, 0.00160856, 128.97, 0.0149185, -60.0401, 0.0137428, 118.298
701, 11.68333, 0.27615, 22.1677, 4.82373, -160.128, 4.71276, 19.3184, 0.00160491, 128.945, 0.0148763, -60.0541, 0.0137032, 118.285
702, 11.69167, 0.276126, 22.1191, 4.81476, -160.14, 4.70386, 19.3068, 0.00160126, 128.921, 0.0148342, -60.0681, 0.0136637, 118.271
702, 11.70000, 0.276103, 22.0706, 4.80581, -160.151, 4.69498, 19.2953, 0.00159762, 128.897, 0.0147923, -60.082, 0.0136243, 118.257
703, 11.70833, 0.276081, 22.0221, 4.79687, -160.163, 4.68611, 19.2839, 0.00159399, 128.873, 0.0147505, -60.0958, 0.013585, 118.244
703, 11.71667, 0.27606, 21.9736, 4.78795, -160.175, 4.67726, 19.2724, 0.00159038, 128.85, 0.0147088, -60.1096, 0.0135459, 118.231
704, 11.72500, 0.276039, 21.9252, 4.77905, -160.187, 4.66842, 19.2611, 0.00158677, 128.826, 0.0146672, -60.1233, 0.0135068, 118.217
704, 11.73333, 0.276019, 21.8768, 4.77015, -160.199, 4.6596, 19.2498, 0.00158318, 128.802, 0.0146258, -60.1369, 0.0134679, 118.204
705, 11.74167, 0.275999, 21.8285, 4.76128, -160.21, 4.65079, 19.2385, 0.00157959, 128.778, 0.0145844, -60.1505, 0.0134291, 118.191
705, 11.75000, 0.27598, 21.7802, 4.75242, -160.222, 4.642, 19.2273, 0.00157601, 128.755, 0.0145432, -60.164, 0.0133903, 118.177
706, 11.75833, 0.275962, 21.7319, 4.74357, -160.233, 4.63323, 19.2161, 0.00157245, 128.731, 0.0145021, -60.1775, 0.0133517, 118.164
706, 11.76667, 0.275945, 21.6837, 4.73474, -160.245, 4.62447, 19.205, 0.0015689, 128.708, 0.0144611, -60.1909, 0.0133132, 118.151
707, 11.77500, 0.275928, 21.6355, 4.72592, -160.256, 4.61572, 19.1939, 0.00156535, 128.685, 0.0144202, -60.2042, 0.0132748, 118.138
707, 11.78333, 0.275912, 21.5874, 4.71712, -160.267, 4.60699, 19.1829, 0.00156182, 128.662, 0.0143795, -60.2175, 0.0132365, 118.125
708, 11.79167, 0.275897, 21.5393, 4.70834, -160.279, 4.59827, 19.1719, 0.00155829, 128.638, 0.0143388, -60.2307, 0.0131984, 118.112
708, 11.80000, 0.275882, 21.4912, 4.69957, -160.29, 4.58957, 19.161, 0.00155478, 128.615, 0.0142983, -60.2438, 0.0131603, 118.1
709, 11.80833, 0.275868, 21.4432, 4.69081, -160.301, 4.58088, 19.1501, 0.00155127, 128.592, 0.0142578, -60.2569, 0.0131223, 118.087
709, 11.81667, 0.275855, 21.3951, 4.68207, -160.312, 4.57221, 19.1392, 0.00154778, 128.569, 0.0142175, -60.27, 0.0130845, 118.074
710, 11.82500, 0.275842, 21.3472, 4.67334, -160.323, 4.56355, 19.1285, 0.00154429, 128.547, 0.0141773, -60.2829, 0.0130467, 118.061
710, 11.83333, 0.27583, 21.2993, 4.66463, -160.334, 4.55491, 19.1177, 0.00154082, 128.524, 0.0141372, -60.2958, 0.0130091, 118.049
711, 11.84167, 0.275818, 21.2514, 4.65593, -160.345, 4.54628, 19.107, 0.00153735, 128.501, 0.0140973, -60.3087, 0.0129715, 118.036
711, 11.85000, 0.275808, 21.2035, 4.64725, -160.356, 4.53767, 19.0964, 0.0015339, 128.479, 0.0140574, -60.3215, 0.0129341, 118.024
712, 11.85833, 0.275798, 21.1557, 4.63858, -160.367, 4.52907, 19.0858, 0.00153045, 128.456, 0.0140177, -60.3342, 0.0128967, 118.011
712, 11.86667, 0.275788, 21.1079, 4.62993, -160.378, 4.52049, 19.0753, 0.00152702, 128.434, 0.013978, -60.3469, 0.0128595, 117.999
713, 11.87500, 0.27578, 21.0601, 4.62129, -160.389, 4.51192, 19.0648, 0.00152359, 128.411, 0.0139385, -60.3595, 0.0128224, 117.987
713, 11.88333, 0.275772, 21.0124, 4.61267, -160.399, 4.50336, 19.0544, 0.00152018, 128.389, 0.0138991, -60.372, 0.0127854, 117.975
714, 11.89167, 0.275764, 20.9647, 4.60406, -160.41, 4.49482, 19.044, 0.00151677, 128.367, 0.0138597, -60.3845, 0.0127484, 117.962
714, 11.90000, 0.275757, 20.9171, 4.59546, -160.421, 4.48629, 19.0336, 0.00151337, 128.345, 0.0138205, -60.397, 0.0127116, 117.95
715, 11.90833, 0.275751, 20.8695, 4.58688, -160.431, 4.47778, 19.0234, 0.00150998, 128.323, 0.0137814, -60.4093, 0.0126749, 117.938
715, 11.91667, 0.275746, 20.8219, 4.57831, -160.442, 4.46928, 19.0131, 0.00150661, 128.301, 0.0137425, -60.4216, 0.0126383, 117.926
716, 11.92500, 0.275741, 20.7744, 4.56976, -160.452, 4.4608, 19.0029, 0.00150324, 128.279, 0.0137036, -60.4339, 0.0126018, 117.914
716, 11.93333, 0.275737, 20.7269, 4.56122, -160.463, 4.45233, 18.9928, 0.00149988, 128.257, 0.0136648, -60.446, 0.0125654, 117.902
717, 11.94167, 0.275733, 20.6794, 4.55269, -160.473, 4.44387, 18.9827, 0.00149653, 128.235, 0.0136261, -60.4582, 0.0125291, 117.891
717, 11.95000, 0.27573, 20.632, 4.54418, -160.483, 4.43543, 18.9727, 0.00149319, 128.213, 0.0135876, -60.4702, 0.0124929, 117.879
718, 11.95833, 0.275728, 20.5846, 4.53568, -160.493, 4.427, 18.9627, 0.00148986, 128.192, 0.0135491, -60.4822, 0.0124568, 117.867
718, 11.96667, 0.275726, 20.5372, 4.5272, -160.504, 4.41859, 18.9527, 0.00148653, 128.17, 0.0135108, -60.4942, 0.0124207, 117.856
719, 11.97500, 0.275725, 20.4898, 4.51873, -160.514, 4.41019, 18.9428, 0.00148322, 128.149, 0.0134725, -60.506, 0.0123848, 117.844
719, 11.98333, 0.275725, 20.4425, 4.51028, -160.524, 4.4018, 18.933, 0.00147992, 128.127, 0.0134344, -60.5178, 0.012349, 117.833
720, 11.99167, 0.275725, 20.3953, 4.50183, -160.534, 4.39343, 18.9232, 0.00147662, 128.106, 0.0133964, -60.5296, 0.0123133, 117.821
720, 12.00000, 0.275725, 20.348, 4.49341, -160.544, 4.38507, 18.9135, 0.00147334, 128.085, 0.0133585, -60.5413, 0.0122777, 117.81
721, 12.00833, 0.275727, 20.3008, 4.48499, -160.553, 4.37673, 18.9038, 0.00147006, 128.064, 0.0133206, -60.5529, 0.0122422, 117.798
721, 12.01667, 0.275729, 20.2537, 4.47659, -160.563, 4.3684, 18.8941, 0.00146679, 128.043, 0.0132829, -60.5645, 0.0122068, 117.787
722, 12.02500, 0.275732, 20.2065, 4.46821, -160.573, 4.36008, 18.8845, 0.00146354, 128.022, 0.0132453, -60.576, 0.0121715, 117.776
722, 12.03333, 0.275735, 20.1594, 4.45983, -160.583, 4.35178, 18.875, 0.00146029, 128.001, 0.0132078, -60.5875, 0.0121362, 117.765
723, 12.04167, 0.275739, 20.1123, 4.45147, -160.593, 4.34349, 18.8655, 0.00145705, 127.98, 0.0131704, -60.5988, 0.0121011, 117.754
723, 12.05000, 0.275743, 20.0653, 4.44313, -160.602, 4.33521, 18.856, 0.00145381, 127.959, 0.0131331, -60.6102, 0.0120661, 117.743
724, 12.05833, 0.275748, 20.0183, 4.43479, -160.612, 4.32695, 18.8467, 0.00145059, 127.939, 0.0130959, -60.6214, 0.0120311, 117.732
724, 12.06667, 0.275754, 19.9713, 4.42647, -160.621, 4.3187, 18.8373, 0.00144738, 127.918, 0.0130588, -60.6326, 0.0119963, 117.721
725, 12.07500, 0.27576, 19.9244, 4.41817, -160.631, 4.31046, 18.828, 0.00144417, 127.898, 0.0130218, -60.6438, 0.0119616, 117.71
725, 12.08333, 0.275767, 19.8774, 4.40988, -160.64, 4.30224, 18.8188, 0.00144098, 127.877, 0.0129849, -60.6549, 0.0119269, 117.699
726, 12.09167, 0.275774, 19.8306, 4.4016, -160.649, 4.29403, 18.8096, 0.00143779, 127.857, 0.0129481, -60.6659, 0.0118924, 117.689
726, 12.10000, 0.275782, 19.7837, 4.39333, -160.659, 4.28583, 18.8004, 0.00143461, 127.836, 0.0129114, -60.6768, 0.0118579, 117.678
727, 12.10833, 0.275791, 19.7369, 4.38508, -160.668, 4.27765, 18.7914, 0.00143144, 127.816, 0.0128748, -60.6877, 0.0118235, 117.667
727, 12.11667, 0.2758, 19.6901, 4.37684, -160.677, 4.26948, 18.7823, 0.00142828, 127.796, 0.0128383, -60.6986, 0.0117893, 117.657
728, 12.12500, 0.27581, 19.6433, 4.36861, -160.686, 4.26133, 18.7733, 0.00142513, 127.776, 0.0128019, -60.7093, 0.0117551, 117.646
728, 12.13333, 0.275821, 19.5966, 4.3604, -160.695, 4.25318, 18.7644, 0.00142198, 127.756, 0.0127656, -60.72, 0.011721, 117.636
729, 12.14167, 0.275832, 19.5499, 4.3522, -160.704, 4.24505, 18.7555, 0.00141885, 127.736, 0.0127294, -60.7307, 0.011687, 117.626
729, 12.15000, 0.275843, 19.5032, 4.34401, -160.713, 4.23694, 18.7467, 0.00141572, 127.716, 0.0126933, -60.7413, 0.0116531, 117.616
730, 12.15833, 0.275855, 19.4566, 4.33584, -160.722, 4.22883, 18.7379, 0.0014126, 127.697, 0.0126572, -60.7518, 0.0116193, 117.605
730, 12.16667, 0.275868, 19.41, 4.32768, -160.731, 4.22074, 18.7291, 0.00140949, 127.677, 0.0126213, -60.7623, 0.0115856, 117.595
731, 12.17500, 0.275881, 19.3634, 4.31953, -160.74, 4.21266, 18.7204, 0.00140639, 127.657, 0.0125855, -60.7727, 0.011552, 117.585
731, 12.18333, 0.275895, 19.3169, 4.31139, -160.748, 4.2046, 18.7118, 0.0014033, 127.638, 0.0125498, -60.783, 0.0115185, 117.575
732, 12.19167, 0.27591, 19.2703, 4.30327, -160.757, 4.19654, 18.7032, 0.00140021, 127.618, 0.0125142, -60.7933, 0.011485, 117.565
732, 12.20000, 0.275925, 19.2239, 4.29516, -160.766, 4.18851, 18.6947, 0.00139713, 127.599, 0.0124787, -60.8035, 0.0114517, 117.555
733, 12.20833, 0.27594, 19.1774, 4.28707, -160.774, 4.18048, 18.6862, 0.00139407, 127.58, 0.0124432, -60.8136, 0.0114184, 117.545
733, 12.21667, 0.275957, 19.131, 4.27898, -160.783, 4.17246, 18.6778, 0.001391, 127.561, 0.0124079, -60.8237, 0.0113852, 117.536
734, 12.22500, 0.275973, 19.0846, 4.27091, -160.791, 4.16446, 18.6694, 0.00138795, 127.542, 0.0123727, -60.8338, 0.0113522, 117.526
734, 12.23333, 0.275991, 19.0382, 4.26285, -160.8, 4.15648, 18.6611, 0.00138491, 127.522, 0.0123375, -60.8437, 0.0113192, 117.516
735, 12.24167, 0.276008, 18.9919, 4.2548, -160.808, 4.1485, 18.6528, 0.00138187, 127.504, 0.0123025, -60.8536, 0.0112863, 117.507
735, 12.25000, 0.276027, 18.9455, 4.24677, -160.816, 4.14054, 18.6446, 0.00137885, 127.485, 0.0122675, -60.8635, 0.0112535, 117.497
736, 12.25833, 0.276046, 18.8993, 4.23875, -160.824, 4.13259, 18.6364, 0.00137583, 127.466, 0.0122327, -60.8732, 0.0112208, 117.488
736, 12.26667, 0.276065, 18.853, 4.23074, -160.833, 4.12465, 18.6283, 0.00137282, 127.447, 0.0121979, -60.883, 0.0111881, 117.478
737, 12.27500, 0.276085, 18.8068, 4.22274, -160.841, 4.11672, 18.6202, 0.00136981, 127.428, 0.0121632, -60.8926, 0.0111556, 117.469
737, 12.28333, 0.276106, 18.7606, 4.21476, -160.849, 4.10881, 18.6122, 0.00136682, 127.41, 0.0121287, -60.9022, 0.0111231, 117.46
738, 12.29167, 0.276127, 18.7144, 4.20679, -160.857, 4.10091, 18.6042, 0.00136383, 127.391, 0.0120942, -60.9117, 0.0110907, 117.451
738, 12.30000, 0.276149, 18.6683, 4.19883, -160.865, 4.09302, 18.5963, 0.00136085, 127.373, 0.0120598, -60.9212, 0.0110585, 117.441
739, 12.30833, 0.276171, 18.6222, 4.19088, -160.873, 4.08514, 18.5884, 0.00135788, 127.355, 0.0120255, -60.9306, 0.0110263, 117.432
739, 12.31667, 0.276194, 18.5761, 4.18295, -160.88, 4.07728, 18.5806, 0.00135492, 127.336, 0.0119913, -60.94, 0.0109942, 117.423
740, 12.32500, 0.276217, 18.53, 4.17503, -160.888, 4.06943, 18.5729, 0.00135196, 127.318, 0.0119572, -60.9492, 0.0109621, 117.414
740, 12.33333, 0.276241, 18.484, 4.16712, -160.896, 4.06159, 18.5652, 0.00134901, 127.3, 0.0119231, -60.9584, 0.0109302, 117.406
741, 12.34167, 0.276266, 18.438, 4.15922, -160.904, 4.05376, 18.5575, 0.00134607, 127.282, 0.0118892, -60.9676, 0.0108984, 117.397
741, 12.35000, 0.276291, 18.392, 4.15133, -160.911, 4.04595, 18.5499, 0.00134314, 127.264, 0.0118554, -60.9767, 0.0108666, 117.388
742, 12.35833, 0.276316, 18.3461, 4.14346, -160.919, 4.03814, 18.5423, 0.00134022, 127.246, 0.0118216, -60.9857, 0.0108349, 117.379
742, 12.36667, 0.276342, 18.3001, 4.13559, -160.926, 4.03035, 18.5348, 0.0013373, 127.228, 0.0117879, -60.9947, 0.0108033, 117.371
743, 12.37500, 0.276369, 18.2542, 4.12775, -160.934, 4.02257, 18.5274, 0.00133439, 127.211, 0.0117544, -61.0036, 0.0107718, 117.362
743, 12.38333, 0.276396, 18.2084, 4.11991, -160.941, 4.01481, 18.52, 0.00133149, 127.193, 0.0117209, -61.0124, 0.0107404, 117.354
744, 12.39167, 0.276424, 18.1625, 4.11208, -160.948, 4.00705, 18.5127, 0.00132859, 127.175, 0.0116875, -61.0212, 0.010709, 117.345
744, 12.40000, 0.276452, 18.1167, 4.10427, -160.956, 3.99931, 18.5054, 0.00132571, 127.158, 0.0116542, -61.0299, 0.0106778, 117.337
745, 12.40833, 0.276481, 18.0709, 4.09647, -160.963, 3.99158, 18.4981, 0.00132283, 127.141, 0.011621, -61.0385, 0.0106466, 117.329
745, 12.41667, 0.27651, 18.0252, 4.08867, -160.97, 3.98386, 18.491, 0.00131996, 127.123, 0.0115878, -61.0471, 0.0106155, 117.32
746, 12.42500, 0.27654, 17.9794, 4.0809, -160.977, 3.97615, 18.4838, 0.0013171, 127.106, 0.0115548, -61.0556, 0.0105845, 117.312
746, 12.43333, 0.27657, 17.9337, 4.07313, -160.984, 3.96846, 18.4767, 0.00131424, 127.089, 0.0115218, -61.0641, 0.0105536, 117.304
747, 12.44167, 0.276601, 17.8881, 4.06537, -160.991, 3.96078, 18.4697, 0.00131139, 127.072, 0.011489, -61.0725, 0.0105227, 117.296
747, 12.45000, 0.276632, 17.8424, 4.05763, -160.998, 3.9531, 18.4628, 0.00130855, 127.055, 0.0114562, -61.0808, 0.010492, 117.288
748, 12.45833, 0.276664, 17.7968, 4.0499, -161.005, 3.94545, 18.4558, 0.00130572, 127.038, 0.0114235, -61.0891, 0.0104613, 117.28
748, 12.46667, 0.276696, 17.7512, 4.04218, -161.011, 3.9378, 18.449, 0.00130289, 127.021, 0.0113909, -61.0973, 0.0104307, 117.272
749, 12.47500, 0.276729, 17.7056, 4.03447, -161.018, 3.93016, 18.4422, 0.00130007, 127.004, 0.0113584, -61.1054, 0.0104002, 117.264
749, 12.48333, 0.276763, 17.66, 4.02677, -161.025, 3.92254, 18.4354, 0.00129726, 126.987, 0.0113259, -61.1135, 0.0103697, 117.257
750, 12.49167, 0.276796, 17.6145, 4.01909, -161.031, 3.91492, 18.4287, 0.00129446, 126.971, 0.0112936, -61.1215, 0.0103394, 117.249
750, 12.50000, 0.276831, 17.569, 4.01141, -161.038, 3.90732, 18.4221, 0.00129166, 126.954, 0.0112613, -61.1294, 0.0103091, 117.242
751, 12.50833, 0.276866, 17.5235, 4.00375, -161.044, 3.89973, 18.4155, 0.00128887, 126.938, 0.0112292, -61.1373, 0.0102789, 117.234
751, 12.51667, 0.276901, 17.4781, 3.9961, -161.051, 3.89215, 18.4089, 0.00128609, 126.921, 0.0111971, -61.1451, 0.0102488, 117.227
752, 12.52500, 0.276937, 17.4327, 3.98846, -161.057, 3.88458, 18.4024, 0.00128331, 126.905, 0.0111651, -61.1529, 0.0102188, 117.219
752, 12.53333, 0.276974, 17.3873, 3.98083, -161.063, 3.87703, 18.396, 0.00128055, 126.889, 0.0111331, -61.1605, 0.0101888, 117.212
753, 12.54167, 0.27701, 17.3419, 3.97321, -161.07, 3.86948, 18.3896, 0.00127779, 126.873, 0.0111013, -61.1682, 0.010159, 117.205
753, 12.55000, 0.277048, 17.2965, 3.96561, -161.076, 3.86195, 18.3833, 0.00127503, 126.857, 0.0110695, -61.1757, 0.0101292, 117.197
754, 12.55833, 0.277086, 17.2512, 3.95801, -161.082, 3.85443, 18.377, 0.00127229, 126.841, 0.0110379, -61.1832, 0.0100994, 117.19
754, 12.56667, 0.277124, 17.2059, 3.95043, -161.088, 3.84692, 18.3708, 0.00126955, 126.825, 0.0110063, -61.1906, 0.0100698, 117.183
755, 12.57500, 0.277163, 17.1606, 3.94286, -161.094, 3.83942, 18.3646, 0.00126681, 126.809, 0.0109748, -61.198, 0.0100402, 117.176
755, 12.58333, 0.277203, 17.1154, 3.9353, -161.1, 3.83193, 18.3585, 0.00126409, 126.793, 0.0109433, -61.2053, 0.0100108, 117.169
756, 12.59167, 0.277243, 17.0701, 3.92775, -161.106, 3.82446, 18.3525, 0.00126137, 126.777, 0.010912, -61.2125, 0.00998136, 117.163
756, 12.60000, 0.277283, 17.0249, 3.92021, -161.112, 3.81699, 18.3465, 0.00125866, 126.762, 0.0108807, -61.2197, 0.00995203, 117.156
757, 12.60833, 0.277324, 16.9797, 3.91268, -161.117, 3.80954, 18.3405, 0.00125595, 126.746, 0.0108496, -61.2268, 0.00992279, 117.149
757, 12.61667, 0.277365, 16.9346, 3.90516, -161.123, 3.80209, 18.3347, 0.00125326, 126.731, 0.0108185, -61.2338, 0.00989361, 117.142
758, 12.62500, 0.277407, 16.8895, 3.89766, -161.129, 3.79466, 18.3288, 0.00125057, 126.715, 0.0107874, -61.2408, 0.00986452, 117.136
758, 12.63333, 0.277449, 16.8443, 3.89016, -161.134, 3.78724, 18.3231, 0.00124788, 126.7, 0.0107565, -61.2477, 0.0098355, 117.129
759, 12.64167, 0.277492, 16.7993, 3.88268, -161.14, 3.77983, 18.3173, 0.00124521, 126.685, 0.0107257, -61.2545, 0.00980656, 117.123
759, 12.65000, 0.277536, 16.7542, 3.87521, -161.145, 3.77243, 18.3117, 0.00124254, 126.67, 0.0106949, -61.2613, 0.00977769, 117.116
760, 12.65833, 0.277579, 16.7092, 3.86774, -161.151, 3.76504, 18.3061, 0.00123987, 126.655, 0.0106642, -61.268, 0.00974891, 117.11
760, 12.66667, 0.277624, 16.6641, 3.86029, -161.156, 3.75766, 18.3005, 0.00123722, 126.64, 0.0106336, -61.2746, 0.00972019, 117.104
761, 12.67500, 0.277668, 16.6192, 3.85285, -161.161, 3.7503, 18.295, 0.00123457, 126.625, 0.0106031, -61.2812, 0.00969155, 117.098
761, 12.68333, 0.277714, 16.5742, 3.84542, -161.166, 3.74294, 18.2896, 0.00123192, 126.61, 0.0105726, -61.2877, 0.00966299, 117.092
762, 12.69167, 0.277759, 16.5292, 3.838, -161.172, 3.7356, 18.2842, 0.00122929, 126.596, 0.0105422, -61.2941, 0.0096345, 117.086
762, 12.70000, 0.277806, 16.4843, 3.8306, -161.177, 3.72826, 18.2788, 0.00122666, 126.581, 0.0105119, -61.3005, 0.00960608, 117.08
763, 12.70833, 0.277852, 16.4394, 3.8232, -161.182, 3.72094, 18.2736, 0.00122404, 126.566, 0.0104817, -61.3068, 0.00957775, 117.074
763, 12.71667, 0.2779, 16.3945, 3.81581, -161.187, 3.71363, 18.2684, 0.00122142, 126.552, 0.0104516, -61.313, 0.00954948, 117.068
764, 12.72500, 0.277947, 16.3497, 3.80843, -161.191, 3.70633, 18.2632, 0.00121881, 126.537, 0.0104215, -61.3192, 0.00952129, 117.062
764, 12.73333, 0.277995, 16.3048, 3.80107, -161.196, 3.69904, 18.2581, 0.00121621, 126.523, 0.0103915, -61.3253, 0.00949317, 117.056
765, 12.74167, 0.278044, 16.26, 3.79371, -161.201, 3.69176, 18.253, 0.00121361, 126.509, 0.0103616, -61.3313, 0.00946513, 117.051
765, 12.75000, 0.278093, 16.2152, 3.78637, -161.206, 3.68449, 18.2481, 0.00121102, 126.495, 0.0103318, -61.3373, 0.00943715, 117.045
766, 12.75833, 0.278142, 16.1705, 3.77904, -161.21, 3.67723, 18.2431, 0.00120844, 126.481, 0.0103021, -61.3432, 0.00940926, 117.04
766, 12.76667, 0.278192, 16.1257, 3.77171, -161.215, 3.66998, 18.2383, 0.00120586, 126.467, 0.0102724, -61.349, 0.00938143, 117.034
767, 12.77500, 0.278243, 16.081, 3.7644, -161.219, 3.66274, 18.2334, 0.00120329, 126.453, 0.0102428, -61.3548, 0.00935368, 117.029
767, 12.78333, 0.278294, 16.0363, 3.7571, -161.224, 3.65551, 18.2287, 0.00120073, 126.439, 0.0102133, -61.3605, 0.009326, 117.024
768, 12.79167, 0.278345, 15.9916, 3.7498, -161.228, 3.6483, 18.224, 0.00119817, 126.425, 0.0101839, -61.3661, 0.00929839, 117.019
768, 12.80000, 0.278397, 15.947, 3.74252, -161.233, 3.64109, 18.2193, 0.00119562, 126.412, 0.0101545, -61.3717, 0.00927086, 117.013
769, 12.80833, 0.278449, 15.9023, 3.73525, -161.237, 3.63389, 18.2147, 0.00119308, 126.398, 0.0101252, -61.3772, 0.00924339, 117.008
769, 12.81667, 0.278502, 15.8577, 3.72799, -161.241, 3.62671, 18.2102, 0.00119054, 126.385, 0.010096, -61.3826, 0.009216, 117.003
770, 12.82500, 0.278555, 15.8131, 3.72074, -161.245, 3.61953, 18.2057, 0.00118801, 126.371, 0.0100668, -61.3879, 0.00918868, 116.998
770, 12.83333, 0.278609, 15.7686, 3.7135, -161.249, 3.61237, 18.2013, 0.00118548, 126.358, 0.0100378, -61.3932, 0.00916143, 116.994
771, 12.84167, 0.278663, 15.724, 3.70627, -161.253, 3.60521, 18.197, 0.00118296, 126.345, 0.0100088, -61.3984, 0.00913425, 116.989
771, 12.85000, 0.278717, 15.6795, 3.69905, -161.257, 3.59807, 18.1927, 0.00118045, 126.331, 0.00997989, -61.4036, 0.00910714, 116.984
772, 12.85833, 0.278772, 15.635, 3.69184, -161.261, 3.59094, 18.1884, 0.00117794, 126.318, 0.00995105, -61.4087, 0.0090801, 116.979
772, 12.86667, 0.278828, 15.5905, 3.68464, -161.265, 3.58381, 18.1843, 0.00117544, 126.305, 0.00992228, -61.4137, 0.00905313, 116.975
773, 12.87500, 0.278884, 15.546, 3.67745, -161.268, 3.5767, 18.1801, 0.00117295, 126.292, 0.00989359, -61.4186, 0.00902623, 116.97
773, 12.88333, 0.27894, 15.5016, 3.67027, -161.272, 3.56959, 18.1761, 0.00117046, 126.28, 0.00986498, -61.4235, 0.0089994, 116.966
774, 12.89167, 0.278997, 15.4572, 3.6631, -161.276, 3.5625, 18.1721, 0.00116798, 126.267, 0.00983643, -61.4283, 0.00897264, 116.962
774, 12.90000, 0.279054, 15.4128, 3.65594, -161.279, 3.55542, 18.1681, 0.0011655, 126.254, 0.00980797, -61.433, 0.00894595, 116.957
775, 12.90833, 0.279112, 15.3684, 3.64879, -161.283, 3.54835, 18.1643, 0.00116304, 126.242, 0.00977957, -61.4377, 0.00891933, 116.953
775, 12.91667, 0.27917, 15.324, 3.64165, -161.286, 3.54128, 18.1604, 0.00116057, 126.229, 0.00975125, -61.4423, 0.00889278, 116.949
776, 12.92500, 0.279228, 15.2797, 3.63452, -161.289, 3.53423, 18.1567, 0.00115812, 126.217, 0.009723, -61.4468, 0.0088663, 116.945
776, 12.93333, 0.279287, 15.2354, 3.6274, -161.293, 3.52719, 18.153, 0.00115566, 126.204, 0.00969482, -61.4513, 0.00883988, 116.941
777, 12.94167, 0.279347, 15.1911, 3.62029, -161.296, 3.52015, 18.1493, 0.00115322, 126.192, 0.00966671, -61.4557, 0.00881353, 116.937
777, 12.95000, 0.279407, 15.1468, 3.61319, -161.299, 3.51313, 18.1457, 0.00115078, 126.18, 0.00963868, -61.46, 0.00878725, 116.933
778, 12.95833, 0.279467, 15.1026, 3.6061, -161.302, 3.50612, 18.1422, 0.00114835, 126.168, 0.00961072, -61.4642, 0.00876104, 116.93
778, 12.96667, 0.279528, 15.0583, 3.59901, -161.305, 3.49911, 18.1388, 0.00114592, 126.156, 0.00958282, -61.4684, 0.0087349, 116.926
779, 12.97500, 0.279589, 15.0141, 3.59194, -161.308, 3.49212, 18.1353, 0.0011435, 126.144, 0.009555, -61.4725, 0.00870882, 116.922
779, 12.98333, 0.279651, 14.9699, 3.58488, -161.311, 3.48514, 18.132, 0.00114109, 126.132, 0.00952726, -61.4765, 0.00868282, 116.919
780, 12.99167, 0.279713, 14.9257, 3.57783, -161.314, 3.47816, 18.1287, 0.00113868, 126.12, 0.00949958, -61.4805, 0.00865687, 116.915
780, 13.00000, 0.279775, 14.8816, 3.57079, -161.316, 3.4712, 18.1255, 0.00113627, 126.109, 0.00947197, -61.4844, 0.008631, 116.912
781, 13.00833, 0.279838, 14.8374, 3.56376, -161.319, 3.46425, 18.1224, 0.00113388, 126.097, 0.00944444, -61.4882, 0.00860519, 116.909
781, 13.01667, 0.279902, 14.7933, 3.55673, -161.322, 3.4573, 18.1193, 0.00113149, 126.086, 0.00941697, -61.492, 0.00857945, 116.905
782, 13.02500, 0.279965, 14.7492, 3.54972, -161.324, 3.45037, 18.1162, 0.0011291, 126.074, 0.00938957, -61.4956, 0.00855377, 116.902
782, 13.03333, 0.28003, 14.7051, 3.54272, -161.327, 3.44344, 18.1132, 0.00112672, 126.063, 0.00936225, -61.4992, 0.00852816, 116.899
783, 13.04167, 0.280094, 14.6611, 3.53572, -161.329, 3.43653, 18.1103, 0.00112435, 126.052, 0.00933499, -61.5028, 0.00850262, 116.896
783, 13.05000, 0.280159, 14.617, 3.52874, -161.331, 3.42962, 18.1075, 0.00112198, 126.04, 0.0093078, -61.5062, 0.00847714, 116.893
784, 13.05833, 0.280225, 14.573, 3.52177, -161.334, 3.42273, 18.1047, 0.00111962, 126.029, 0.00928068, -61.5096, 0.00845173, 116.89
784, 13.06667, 0.280291, 14.529, 3.5148, -161.336, 3.41584, 18.102, 0.00111726, 126.018, 0.00925363, -61.5129, 0.00842638, 116.887
785, 13.07500, 0.280357, 14.485, 3.50784, -161.338, 3.40896, 18.0993, 0.00111491, 126.008, 0.00922665, -61.5162, 0.0084011, 116.885
785, 13.08333, 0.280424, 14.4411, 3.5009, -161.34, 3.4021, 18.0967, 0.00111257, 125.997, 0.00919974, -61.5193, 0.00837588, 116.882
786, 13.09167, 0.280491, 14.3971, 3.49396, -161.342, 3.39524, 18.0942, 0.00111023, 125.986, 0.00917289, -61.5224, 0.00835073, 116.88
786, 13.10000, 0.280559, 14.3532, 3.48703, -161.344, 3.38839, 18.0917, 0.00110789, 125.975, 0.00914612, -61.5254, 0.00832564, 116.877
787, 13.10833, 0.280627, 14.3093, 3.48012, -161.346, 3.38155, 18.0893, 0.00110557, 125.965, 0.00911941, -61.5284, 0.00830061, 116.875
787, 13.11667, 0.280695, 14.2654, 3.47321, -161.347, 3.37472, 18.087, 0.00110324, 125.954, 0.00909277, -61.5313, 0.00827565, 116.872
788, 13.12500, 0.280764, 14.2215, 3.46631, -161.349, 3.3679, 18.0847, 0.00110093, 125.944, 0.0090662, -61.5341, 0.00825076, 116.87
788, 13.13333, 0.280834, 14.1777, 3.45942, -161.351, 3.36109, 18.0824, 0.00109862, 125.934, 0.00903969, -61.5368, 0.00822592, 116.868
789, 13.14167, 0.280903, 14.1338, 3.45254, -161.352, 3.35429, 18.0803, 0.00109631, 125.923, 0.00901325, -61.5395, 0.00820115, 116.866
789, 13.15000, 0.280973, 14.09, 3.44567, -161.354, 3.3475, 18.0782, 0.00109401, 125.913, 0.00898688, -61.542, 0.00817645, 116.864
790, 13.15833, 0.281044, 14.0462, 3.4388, -161.355, 3.34072, 18.0762, 0.00109172, 125.903, 0.00896058, -61.5445, 0.00815181, 116.862
790, 13.16667, 0.281115, 14.0024, 3.43195, -161.356, 3.33395, 18.0742, 0.00108943, 125.893, 0.00893434, -61.547, 0.00812722, 116.86
791, 13.17500, 0.281186, 13.9587, 3.42511, -161.357, 3.32718, 18.0723, 0.00108715, 125.884, 0.00890817, -61.5493, 0.00810271, 116.858
791, 13.18333, 0.281258, 13.9149, 3.41827, -161.359, 3.32043, 18.0705, 0.00108487, 125.874, 0.00888206, -61.5516, 0.00807825, 116.856
792, 13.19167, 0.28133, 13.8712, 3.41145, -161.36, 3.31368, 18.0687, 0.0010826, 125.864, 0.00885602, -61.5538, 0.00805386, 116.855
792, 13.20000, 0.281403, 13.8275, 3.40463, -161.361, 3.30695, 18.067, 0.00108033, 125.855, 0.00883005, -61.5559, 0.00802953, 116.853
793, 13.20833, 0.281476, 13.7838, 3.39782, -161.362, 3.30022, 18.0654, 0.00107807, 125.845, 0.00880414, -61.558, 0.00800526, 116.852
793, 13.21667, 0.281549, 13.7401, 3.39102, -161.363, 3.2935, 18.0638, 0.00107582, 125.836, 0.0087783, -61.56, 0.00798105, 116.85
794, 13.22500, 0.281623, 13.6965, 3.38423, -161.363, 3.28679, 18.0623, 0.00107357, 125.826, 0.00875252, -61.5619, 0.00795691, 116.849
794, 13.23333, 0.281697, 13.6529, 3.37745, -161.364, 3.2801, 18.0609, 0.00107132, 125.817, 0.00872681, -61.5637, 0.00793283, 116.848
795, 13.24167, 0.281772, 13.6092, 3.37068, -161.365, 3.27341, 18.0595, 0.00106908, 125.808, 0.00870115, -61.5655, 0.0079088, 116.847
795, 13.25000, 0.281847, 13.5656, 3.36392, -161.365, 3.26672, 18.0582, 0.00106685, 125.799, 0.00867557, -61.5671, 0.00788484, 116.846
796, 13.25833, 0.281922, 13.5221, 3.35717, -161.366, 3.26005, 18.0569, 0.00106462, 125.79, 0.00865005, -61.5687, 0.00786094, 116.845
796, 13.26667, 0.281998, 13.4785, 3.35042, -161.366, 3.25339, 18.0558, 0.0010624, 125.781, 0.0086246, -61.5703, 0.0078371, 116.844
797, 13.27500, 0.282075, 13.4349, 3.34368, -161.367, 3.24674, 18.0547, 0.00106018, 125.772, 0.0085992, -61.5717, 0.00781332, 116.843
797, 13.28333, 0.282151, 13.3914, 3.33696, -161.367, 3.24009, 18.0536, 0.00105797, 125.764, 0.00857388, -61.5731, 0.00778961, 116.842
798, 13.29167, 0.282228, 13.3479, 3.33024, -161.367, 3.23345, 18.0526, 0.00105576, 125.755, 0.00854861, -61.5744, 0.00776595, 116.842
798, 13.30000, 0.282306, 13.3044, 3.32353, -161.367, 3.22683, 18.0517, 0.00105356, 125.746, 0.00852341, -61.5756, 0.00774235, 116.841
799, 13.30833, 0.282384, 13.2609, 3.31683, -161.367, 3.22021, 18.0509, 0.00105136, 125.738, 0.00849828, -61.5767, 0.00771881, 116.841
799, 13.31667, 0.282462, 13.2174, 3.31014, -161.367, 3.2136, 18.0501, 0.00104917, 125.73, 0.0084732, -61.5778, 0.00769533, 116.84
800, 13.32500, 0.28254, 13.174, 3.30346, -161.367, 3.207, 18.0494, 0.00104698, 125.721, 0.00844819, -61.5788, 0.00767191, 116.84
800, 13.33333, 0.282619, 13.1306, 3.29678, -161.367, 3.20041, 18.0488, 0.0010448, 125.713, 0.00842324, -61.5797, 0.00764855, 116.84
801, 13.34167, 0.282699, 13.0872, 3.29012, -161.367, 3.19383, 18.0482, 0.00104263, 125.705, 0.00839835, -61.5805, 0.00762525, 116.839
801, 13.35000, 0.282779, 13.0438, 3.28346, -161.366, 3.18725, 18.0477, 0.00104046, 125.697, 0.00837353, -61.5812, 0.00760201, 116.839
802, 13.35833, 0.282859, 13.0004, 3.27681, -161.366, 3.18069, 18.0473, 0.00103829, 125.689, 0.00834877, -61.5819, 0.00757883, 116.839
802, 13.36667, 0.28294, 12.957, 3.27017, -161.365, 3.17413, 18.047, 0.00103613, 125.681, 0.00832406, -61.5825, 0.0075557, 116.839
803, 13.37500, 0.28302, 12.9137, 3.26354, -161.365, 3.16758, 18.0467, 0.00103397, 125.674, 0.00829943, -61.583, 0.00753263, 116.84
803, 13.38333, 0.283102, 12.8704, 3.25692, -161.364, 3.16105, 18.0464, 0.00103182, 125.666, 0.00827485, -61.5834, 0.00750963, 116.84
804, 13.39167, 0.283184, 12.827, 3.2503, -161.363, 3.15451, 18.0463, 0.00102968, 125.659, 0.00825033, -61.5838, 0.00748668, 116.84
804, 13.40000, 0.283266, 12.7837, 3.2437, -161.363, 3.14799, 18.0462, 0.00102754, 125.651, 0.00822588, -61.584, 0.00746379, 116.841
805, 13.40833, 0.283348, 12.7405, 3.2371, -161.362, 3.14148, 18.0462, 0.0010254, 125.644, 0.00820149, -61.5842, 0.00744095, 116.841
805, 13.41667, 0.283431, 12.6972, 3.23051, -161.361, 3.13498, 18.0463, 0.00102327, 125.637, 0.00817715, -61.5843, 0.00741818, 116.842
806, 13.42500, 0.283515, 12.6539, 3.22393, -161.36, 3.12848, 18.0464, 0.00102115, 125.63, 0.00815288, -61.5844, 0.00739546, 116.843
806, 13.43333, 0.283598, 12.6107, 3.21736, -161.359, 3.12199, 18.0466, 0.00101903, 125.622, 0.00812867, -61.5843, 0.0073728, 116.843
807, 13.44167, 0.283682, 12.5675, 3.2108, -161.357, 3.11552, 18.0469, 0.00101691, 125.616, 0.00810452, -61.5842, 0.00735019, 116.844
807, 13.45000, 0.283767, 12.5243, 3.20425, -161.356, 3.10905, 18.0472, 0.0010148, 125.609, 0.00808043, -61.5839, 0.00732764, 116.845
807, 13.45833, 0.283852, 12.4811, 3.1977, -161.355, 3.10259, 18.0477, 0.0010127, 125.602, 0.0080564, -61.5836, 0.00730515, 116.846
808, 13.46667, 0.283937, 12.4379, 3.19116, -161.353, 3.09613, 18.0481, 0.0010106, 125.595, 0.00803243, -61.5833, 0.00728272, 116.847
809, 13.47500, 0.284023, 12.3948, 3.18463, -161.352, 3.08969, 18.0487, 0.00100851, 125.589, 0.00800852, -61.5828, 0.00726034, 116.848
809, 13.48333, 0.284109, 12.3517, 3.17811, -161.35, 3.08325, 18.0493, 0.00100642, 125.582, 0.00798466, -61.5823, 0.00723802, 116.85
810, 13.49167, 0.284195, 12.3085, 3.1716, -161.348, 3.07682, 18.0501, 0.00100433, 125.576, 0.00796087, -61.5816, 0.00721576, 116.851
810, 13.50000, 0.284282, 12.2654, 3.1651, -161.347, 3.07041, 18.0508, 0.00100225, 125.569, 0.00793714, -61.5809, 0.00719355, 116.853
811, 13.50833, 0.284369, 12.2223, 3.1586, -161.345, 3.064, 18.0517, 0.00100017, 125.563, 0.00791346, -61.5801, 0.0071714, 116.854
811, 13.51667, 0.284457, 12.1793, 3.15211, -161.343, 3.05759, 18.0526, 0.000998104, 125.557, 0.00788985, -61.5793, 0.0071493, 116.856
812, 13.52500, 0.284544, 12.1362, 3.14563, -161.341, 3.0512, 18.0536, 0.000996039, 125.551, 0.00786629, -61.5783, 0.00712726, 116.858
812, 13.53333, 0.284633, 12.0932, 3.13916, -161.339, 3.04482, 18.0547, 0.000993978, 125.545, 0.00784279, -61.5773, 0.00710527, 116.859
813, 13.54167, 0.284721, 12.0501, 3.1327, -161.337, 3.03844, 18.0558, 0.000991922, 125.539, 0.00781935, -61.5761, 0.00708334, 116.861
813, 13.55000, 0.28481, 12.0071, 3.12624, -161.334, 3.03207, 18.0571, 0.000989871, 125.534, 0.00779597, -61.5749, 0.00706146, 116.863
814, 13.55833, 0.2849, 11.9641, 3.1198, -161.332, 3.02571, 18.0584, 0.000987825, 125.528, 0.00777264, -61.5736, 0.00703964, 116.866
814, 13.56667, 0.28499, 11.9211, 3.11336, -161.329, 3.01936, 18.0597, 0.000985783, 125.523, 0.00774937, -61.5722, 0.00701787, 116.868
815, 13.57500, 0.28508, 11.8782, 3.10693, -161.327, 3.01301, 18.0612, 0.000983746, 125.517, 0.00772617, -61.5708, 0.00699616, 116.87
815, 13.58333, 0.28517, 11.8352, 3.10051, -161.324, 3.00668, 18.0627, 0.000981714, 125.512, 0.00770302, -61.5692, 0.00697451, 116.872
816, 13.59167, 0.285261, 11.7923, 3.09409, -161.322, 3.00035, 18.0643, 0.000979687, 125.507, 0.00767992, -61.5676, 0.0069529, 116.875
816, 13.60000, 0.285353, 11.7493, 3.08769, -161.319, 2.99403, 18.066, 0.000977664, 125.501, 0.00765688, -61.5659, 0.00693135, 116.877
816, 13.60833, 0.285444, 11.7064, 3.08129, -161.316, 2.98772, 18.0677, 0.000975647, 125.496, 0.0076339, -61.5641, 0.00690986, 116.88
817, 13.61667, 0.285536, 11.6635, 3.0749, -161.313, 2.98142, 18.0696, 0.000973633, 125.491, 0.00761098, -61.5622, 0.00688842, 116.883
818, 13.62500, 0.285629, 11.6207, 3.06852, -161.31, 2.97512, 18.0715, 0.000971625, 125.487, 0.00758811, -61.5602, 0.00686703, 116.886
818, 13.63333, 0.285721, 11.5778, 3.06214, -161.307, 2.96884, 18.0735, 0.000969621, 125.482, 0.0075653, -61.5581, 0.0068457, 116.889
819, 13.64167, 0.285814, 11.5349, 3.05578, -161.303, 2.96256, 18.0755, 0.000967622, 125.477, 0.00754255, -61.556, 0.00682441, 116.892
819, 13.65000, 0.285908, 11.4921, 3.04942, -161.3, 2.95629, 18.0777, 0.000965627, 125.473, 0.00751985, -61.5537, 0.00680319, 116.895
820, 13.65833, 0.286002, 11.4493, 3.04307, -161.297, 2.95003, 18.0799, 0.000963638, 125.468, 0.00749721, -61.5514, 0.00678201, 116.898
820, 13.66667, 0.286096, 11.4065, 3.03673, -161.293, 2.94377, 18.0822, 0.000961652, 125.464, 0.00747462, -61.549, 0.00676089, 116.901
821, 13.67500, 0.286191, 11.3637, 3.03039, -161.29, 2.93752, 18.0845, 0.000959672, 125.459, 0.00745209, -61.5465, 0.00673982, 116.905
821, 13.68333, 0.286286, 11.3209, 3.02407, -161.286, 2.93129, 18.087, 0.000957696, 125.455, 0.00742962, -61.5439, 0.00671881, 116.908
822, 13.69167, 0.286381, 11.2781, 3.01775, -161.282, 2.92506, 18.0895, 0.000955724, 125.451, 0.0074072, -61.5412, 0.00669784, 116.912
822, 13.70000, 0.286477, 11.2354, 3.01144, -161.278, 2.91883, 18.0921, 0.000953757, 125.447, 0.00738483, -61.5384, 0.00667693, 116.916
823, 13.70833, 0.286573, 11.1926, 3.00513, -161.274, 2.91262, 18.0948, 0.000951795, 125.443, 0.00736253, -61.5356, 0.00665607, 116.919
823, 13.71667, 0.286669, 11.1499, 2.99884, -161.27, 2.90641, 18.0976, 0.000949837, 125.44, 0.00734027, -61.5326, 0.00663527, 116.923
824, 13.72500, 0.286766, 11.1072, 2.99255, -161.266, 2.90021, 18.1004, 0.000947883, 125.436, 0.00731807, -61.5296, 0.00661451, 116.927
824, 13.73333, 0.286863, 11.0645, 2.98627, -161.262, 2.89402, 18.1034, 0.000945935, 125.432, 0.00729593, -61.5264, 0.00659381, 116.931
824, 13.74167, 0.28696, 11.0218, 2.98, -161.258, 2.88784, 18.1064, 0.00094399, 125.429, 0.00727383, -61.5232, 0.00657316, 116.935
825, 13.75000, 0.287058, 10.9792, 2.97373, -161.253, 2.88167, 18.1095, 0.00094205, 125.426, 0.0072518, -61.5199, 0.00655256, 116.94
826, 13.75833, 0.287156, 10.9365, 2.96748, -161.249, 2.8755, 18.1126, 0.000940115, 125.422, 0.00722982, -61.5165, 0.00653201, 116.944
826, 13.76667, 0.287255, 10.8939, 2.96123, -161.244, 2.86934, 18.1159, 0.000938184, 125.419, 0.00720789, -61.513, 0.00651151, 116.949
827, 13.77500, 0.287354, 10.8512, 2.95499, -161.24, 2.86319, 18.1192, 0.000936257, 125.416, 0.00718602, -61.5094, 0.00649107, 116.953
827, 13.78333, 0.287453, 10.8086, 2.94876, -161.235, 2.85705, 18.1227, 0.000934335, 125.413, 0.0071642, -61.5057, 0.00647067, 116.958
828, 13.79167, 0.287553, 10.766, 2.94253, -161.23, 2.85091, 18.1262, 0.000932418, 125.41, 0.00714243, -61.502, 0.00645032, 116.963
828, 13.80000, 0.287653, 10.7234, 2.93631, -161.225, 2.84478, 18.1297, 0.000930504, 125.408, 0.00712071, -61.4981, 0.00643003, 116.968
829, 13.80833, 0.287753, 10.6809, 2.9301, -161.22, 2.83866, 18.1334, 0.000928596, 125.405, 0.00709905, -61.4942, 0.00640979, 116.973
829, 13.81667, 0.287854, 10.6383, 2.9239, -161.215, 2.83255, 18.1372, 0.000926691, 125.403, 0.00707745, -61.4901, 0.00638959, 116.978
830, 13.82500, 0.287955, 10.5958, 2.9177, -161.209, 2.82644, 18.141, 0.000924791, 125.4, 0.00705589, -61.486, 0.00636945, 116.983
830, 13.83333, 0.288056, 10.5532, 2.91152, -161.204, 2.82035, 18.1449, 0.000922895, 125.398, 0.00703439, -61.4817, 0.00634936, 116.988
831, 13.84167, 0.288158, 10.5107, 2.90533, -161.199, 2.81426, 18.1489, 0.000921004, 125.396, 0.00701294, -61.4774, 0.00632932, 116.993
831, 13.85000, 0.28826, 10.4682, 2.89916, -161.193, 2.80817, 18.153, 0.000919117, 125.393, 0.00699155, -61.473, 0.00630932, 116.999
832, 13.85833, 0.288363, 10.4257, 2.893, -161.187, 2.8021, 18.1572, 0.000917234, 125.391, 0.0069702, -61.4685, 0.00628938, 117.005
832, 13.86667, 0.288466, 10.3832, 2.88684, -161.182, 2.79603, 18.1614, 0.000915355, 125.39, 0.00694891, -61.4638, 0.00626949, 117.01
832, 13.87500, 0.288569, 10.3407, 2.88069, -161.176, 2.78998, 18.1658, 0.000913481, 125.388, 0.00692767, -61.4591, 0.00624964, 117.016
833, 13.88333, 0.288672, 10.2983, 2.87455, -161.17, 2.78392, 18.1702, 0.000911611, 125.386, 0.00690649, -61.4543, 0.00622985, 117.022
834, 13.89167, 0.288776, 10.2558, 2.86841, -161.164, 2.77788, 18.1747, 0.000909746, 125.384, 0.00688535, -61.4494, 0.0062101, 117.028
834, 13.90000, 0.288881, 10.2134, 2.86228, -161.158, 2.77184, 18.1793, 0.000907884, 125.383, 0.00686426, -61.4444, 0.00619041, 117.034
835, 13.90833, 0.288985, 10.171, 2.85616, -161.152, 2.76582, 18.184, 0.000906027, 125.382, 0.00684323, -61.4393, 0.00617076, 117.04
835, 13.91667, 0.28909, 10.1286, 2.85005, -161.145, 2.75979, 18.1888, 0.000904174, 125.38, 0.00682225, -61.4342, 0.00615116, 117.047
836, 13.92500, 0.289195, 10.0862, 2.84394, -161.139, 2.75378, 18.1937, 0.000902326, 125.379, 0.00680132, -61.4289, 0.00613161, 117.053
836, 13.93333, 0.289301, 10.0438, 2.83785, -161.132, 2.74777, 18.1986, 0.000900481, 125.378, 0.00678044, -61.4235, 0.00611211, 117.06
837, 13.94167, 0.289407, 10.0015, 2.83175, -161.126, 2.74177, 18.2037, 0.000898641, 125.377, 0.00675961, -61.418, 0.00609265, 117.066
837, 13.95000, 0.289513, 9.9591, 2.82567, -161.119, 2.73578, 18.2088, 0.000896805, 125.376, 0.00673884, -61.4124, 0.00607325, 117.073
838, 13.95833, 0.28962, 9.91676, 2.81959, -161.112, 2.7298, 18.214, 0.000894973, 125.376, 0.00671811, -61.4067, 0.00605389, 117.08
838, 13.96667, 0.289727, 9.87442, 2.81352, -161.105, 2.72382, 18.2193, 0.000893145, 125.375, 0.00669744, -61.4009, 0.00603458, 117.087
839, 13.97500, 0.289834, 9.83211, 2.80746, -161.098, 2.71785, 18.2247, 0.000891322, 125.375, 0.00667681, -61.3951, 0.00601532, 117.094
839, 13.98333, 0.289942, 9.7898, 2.80141, -161.091, 2.71189, 18.2302, 0.000889503, 125.374, 0.00665624, -61.3891, 0.00599611, 117.101
840, 13.99167, 0.29005, 9.74751, 2.79536, -161.084, 2.70594, 18.2358, 0.000887687, 125.374, 0.00663571, -61.383, 0.00597694, 117.109
840, 14.00000, 0.290158, 9.70523, 2.78932, -161.076, 2.69999, 18.2415, 0.000885876, 125.374, 0.00661524, -61.3768, 0.00595782, 117.116
841, 14.00833, 0.290267, 9.66296, 2.78329, -161.069, 2.69405, 18.2472, 0.000884069, 125.374, 0.00659481, -61.3705, 0.00593875, 117.124
841, 14.01667, 0.290376, 9.6207, 2.77726, -161.061, 2.68812, 18.2531, 0.000882266, 125.374, 0.00657444, -61.3642, 0.00591973, 117.131
841, 14.02500, 0.290486, 9.57845, 2.77124, -161.054, 2.68219, 18.2591, 0.000880467, 125.374, 0.00655411, -61.3577, 0.00590075, 117.139
842, 14.03333, 0.290595, 9.53622, 2.76523, -161.046, 2.67628, 18.2651, 0.000878672, 125.374, 0.00653384, -61.3511, 0.00588182, 117.147
843, 14.04167, 0.290706, 9.494, 2.75923, -161.038, 2.67037, 18.2712, 0.000876882, 125.374, 0.00651361, -61.3444, 0.00586294, 117.155
843, 14.05000, 0.290816, 9.45179, 2.75323, -161.03, 2.66446, 18.2775, 0.000875095, 125.375, 0.00649343, -61.3376, 0.0058441, 117.163
844, 14.05833, 0.290927, 9.40959, 2.74724, -161.022, 2.65857, 18.2838, 0.000873312, 125.375, 0.0064733, -61.3307, 0.00582531, 117.171
844, 14.06667, 0.291038, 9.3674, 2.74126, -161.014, 2.65268, 18.2902, 0.000871534, 125.376, 0.00645322, -61.3237, 0.00580657, 117.179
845, 14.07500, 0.291149, 9.32523, 2.73528, -161.005, 2.6468, 18.2967, 0.000869759, 125.377, 0.00643319, -61.3166, 0.00578787, 117.188
845, 14.08333, 0.291261, 9.28307, 2.72931, -160.997, 2.64092, 18.3033, 0.000867989, 125.378, 0.00641321, -61.3094, 0.00576922, 117.196
846, 14.09167, 0.291373, 9.24091, 2.72335, -160.988, 2.63506, 18.31, 0.000866222, 125.379, 0.00639328, -61.3021, 0.00575062, 117.205
846, 14.10000, 0.291486, 9.19878, 2.7174, -160.98, 2.6292, 18.3168, 0.00086446, 125.38, 0.00637339, -61.2946, 0.00573206, 117.214
847, 14.10833, 0.291599, 9.15665, 2.71145, -160.971, 2.62334, 18.3237, 0.000862701, 125.381, 0.00635356, -61.2871, 0.00571355, 117.223
847, 14.11667, 0.291712, 9.11453, 2.70551, -160.962, 2.6175, 18.3307, 0.000860946, 125.383, 0.00633377, -61.2795, 0.00569508, 117.232
848, 14.12500, 0.291825, 9.07243, 2.69958, -160.953, 2.61166, 18.3378, 0.000859196, 125.384, 0.00631403, -61.2718, 0.00567666, 117.241
848, 14.13333, 0.291939, 9.03033, 2.69365, -160.944, 2.60583, 18.345, 0.000857449, 125.386, 0.00629434, -61.2639, 0.00565828, 117.25
849, 14.14167, 0.292053, 8.98825, 2.68773, -160.935, 2.6, 18.3523, 0.000855706, 125.388, 0.00627469, -61.256, 0.00563995, 117.259
849, 14.15000, 0.292168, 8.94618, 2.68182, -160.926, 2.59419, 18.3596, 0.000853968, 125.389, 0.00625509, -61.2479, 0.00562167, 117.269
849, 14.15833, 0.292283, 8.90412, 2.67591, -160.916, 2.58838, 18.3671, 0.000852233, 125.391, 0.00623554, -61.2397, 0.00560343, 117.279
850, 14.16667, 0.292398, 8.86207, 2.67001, -160.907, 2.58257, 18.3747, 0.000850502, 125.394, 0.00621604, -61.2315, 0.00558523, 117.288
851, 14.17500, 0.292513, 8.82003, 2.66412, -160.897, 2.57678, 18.3824, 0.000848775, 125.396, 0.00619659, -61.2231, 0.00556708, 117.298
851, 14.18333, 0.292629, 8.778, 2.65824, -160.887, 2.57099, 18.3901, 0.000847051, 125.398, 0.00617718, -61.2146, 0.00554898, 117.308
852, 14.19167, 0.292745, 8.73598, 2.65236, -160.877, 2.56521, 18.398, 0.000845332, 125.4, 0.00615782, -61.206, 0.00553092, 117.318
852, 14.20000, 0.292862, 8.69398, 2.64649, -160.867, 2.55943, 18.406, 0.000843616, 125.403, 0.0061385, -61.1973, 0.0055129, 117.328
853, 14.20833, 0.292979, 8.65199, 2.64063, -160.857, 2.55366, 18.4141, 0.000841905, 125.406, 0.00611924, -61.1884, 0.00549493, 117.339
853, 14.21667, 0.293096, 8.61, 2.63477, -160.847, 2.5479, 18.4223, 0.000840197, 125.408, 0.00610002, -61.1795, 0.00547701, 117.349
854, 14.22500, 0.293213, 8.56803, 2.62892, -160.836, 2.54215, 18.4306, 0.000838493, 125.411, 0.00608084, -61.1704, 0.00545912, 117.36
854, 14.23333, 0.293331, 8.52607, 2.62307, -160.826, 2.5364, 18.4389, 0.000836793, 125.414, 0.00606172, -61.1613, 0.00544129, 117.371
855, 14.24167, 0.293449, 8.48411, 2.61724, -160.815, 2.53066, 18.4474, 0.000835097, 125.418, 0.00604264, -61.152, 0.00542349, 117.381
855, 14.25000, 0.293568, 8.44217, 2.61141, -160.805, 2.52493, 18.456, 0.000833404, 125.421, 0.0060236, -61.1426, 0.00540574, 117.392
856, 14.25833, 0.293687, 8.40025, 2.60558, -160.794, 2.5192, 18.4647, 0.000831716, 125.424, 0.00600462, -61.1331, 0.00538803, 117.403
856, 14.26667, 0.293806, 8.35832, 2.59977, -160.783, 2.51348, 18.4735, 0.000830031, 125.428, 0.00598567, -61.1235, 0.00537037, 117.415
857, 14.27500, 0.293925, 8.31641, 2.59396, -160.772, 2.50777, 18.4824, 0.00082835, 125.431, 0.00596678, -61.1138, 0.00535275, 117.426
857, 14.28333, 0.294045, 8.27452, 2.58815, -160.761, 2.50207, 18.4915, 0.000826672, 125.435, 0.00594793, -61.1039, 0.00533518, 117.437
857, 14.29167, 0.294165, 8.23263, 2.58236, -160.749, 2.49637, 18.5006, 0.000824999, 125.439, 0.00592912, -61.094, 0.00531764, 117.449
858, 14.30000, 0.294286, 8.19075, 2.57657, -160.738, 2.49067, 18.5098, 0.000823329, 125.443, 0.00591036, -61.0839, 0.00530015, 117.461
859, 14.30833, 0.294407, 8.14888, 2.57079, -160.726, 2.48499, 18.5191, 0.000821663, 125.447, 0.00589165, -61.0737, 0.00528271, 117.473
859, 14.31667, 0.294528, 8.10702, 2.56501, -160.715, 2.47931, 18.5286, 0.000820001, 125.451, 0.00587297, -61.0634, 0.0052653, 117.485
860, 14.32500, 0.294649, 8.06518, 2.55924, -160.703, 2.47364, 18.5381, 0.000818342, 125.455, 0.00585435, -61.053, 0.00524794, 117.497
860, 14.33333, 0.294771, 8.02334, 2.55348, -160.691, 2.46798, 18.5478, 0.000816687, 125.46, 0.00583577, -61.0425, 0.00523063, 117.509
861, 14.34167, 0.294893, 7.98151, 2.54772, -160.679, 2.46232, 18.5576, 0.000815036, 125.465, 0.00581724, -61.0318, 0.00521335, 117.521
861, 14.35000, 0.295016, 7.9397, 2.54197, -160.667, 2.45667, 18.5674, 0.000813388, 125.469, 0.00579875, -61.021, 0.00519612, 117.534
862, 14.35833, 0.295138, 7.89789, 2.53623, -160.654, 2.45102, 18.5774, 0.000811745, 125.474, 0.00578031, -61.0101, 0.00517893, 117.547
862, 14.36667, 0.295262, 7.85609, 2.53049, -160.642, 2.44538, 18.5875, 0.000810105, 125.479, 0.0057619, -60.9991, 0.00516178, 117.559
863, 14.37500, 0.295385, 7.81431, 2.52476, -160.629, 2.43975, 18.5977, 0.000808468, 125.484, 0.00574355, -60.988, 0.00514468, 117.572
863, 14.38333, 0.295509, 7.77253, 2.51904, -160.617, 2.43413, 18.608, 0.000806835, 125.489, 0.00572524, -60.9767, 0.00512762, 117.585
864, 14.39167, 0.295633, 7.73076, 2.51332, -160.604, 2.42851, 18.6185, 0.000805206, 125.495, 0.00570697, -60.9653, 0.00511059, 117.599
864, 14.40000, 0.295757, 7.689, 2.50761, -160.591, 2.4229, 18.629, 0.000803581, 125.5, 0.00568875, -60.9538, 0.00509362, 117.612
865, 14.40833, 0.295882, 7.64726, 2.50191, -160.578, 2.4173, 18.6397, 0.000801959, 125.506, 0.00567057, -60.9422, 0.00507668, 117.625
865, 14.41667, 0.296007, 7.60552, 2.49621, -160.564, 2.4117, 18.6504, 0.000800341, 125.511, 0.00565243, -60.9305, 0.00505978, 117.639
866, 14.42500, 0.296132, 7.56379, 2.49053, -160.551, 2.40611, 18.6613, 0.000798726, 125.517, 0.00563434, -60.9186, 0.00504293, 117.653
866, 14.43333, 0.296258, 7.52207, 2.48484, -160.538, 2.40052, 18.6723, 0.000797115, 125.523, 0.0056163, -60.9066, 0.00502612, 117.667
866, 14.44167, 0.296384, 7.48036, 2.47916, -160.524, 2.39494, 18.6834, 0.000795508, 125.529, 0.00559829, -60.8945, 0.00500935, 117.681
867, 14.45000, 0.29651, 7.43866, 2.47349, -160.51, 2.38937, 18.6947, 0.000793904, 125.536, 0.00558033, -60.8822, 0.00499262, 117.695
868, 14.45833, 0.296637, 7.39698, 2.46783, -160.496, 2.38381, 18.706, 0.000792304, 125.542, 0.00556241, -60.8699, 0.00497593, 117.709
868, 14.46667, 0.296764, 7.35529, 2.46217, -160.482, 2.37825, 18.7175, 0.000790707, 125.548, 0.00554454, -60.8574, 0.00495928, 117.724
869, 14.47500, 0.296891, 7.31362, 2.45652, -160.468, 2.3727, 18.729, 0.000789114, 125.555, 0.00552671, -60.8448, 0.00494268, 117.738
869, 14.48333, 0.297019, 7.27196, 2.45088, -160.454, 2.36716, 18.7407, 0.000787525, 125.562, 0.00550892, -60.832, 0.00492611, 117.753
870, 14.49167, 0.297147, 7.23031, 2.44524, -160.439, 2.36162, 18.7526, 0.000785939, 125.569, 0.00549117, -60.8191, 0.00490959, 117.768
870, 14.50000, 0.297275, 7.18866, 2.43961, -160.425, 2.35609, 18.7645, 0.000784356, 125.576, 0.00547347, -60.8061, 0.00489311, 117.783
871, 14.50833, 0.297404, 7.14703, 2.43398, -160.41, 2.35056, 18.7766, 0.000782777, 125.583, 0.00545581, -60.793, 0.00487666, 117.798
871, 14.51667, 0.297533, 7.1054, 2.42836, -160.395, 2.34504, 18.7887, 0.000781202, 125.59, 0.0054382, -60.7798, 0.00486026, 117.813
872, 14.52500, 0.297662, 7.06379, 2.42275, -160.38, 2.33953, 18.801, 0.00077963, 125.597, 0.00542062, -60.7664, 0.0048439, 117.829
872, 14.53333, 0.297792, 7.02218, 2.41714, -160.365, 2.33402, 18.8134, 0.000778062, 125.605, 0.00540309, -60.7528, 0.00482758, 117.844
873, 14.54167, 0.297921, 6.98058, 2.41154, -160.35, 2.32852, 18.826, 0.000776497, 125.613, 0.0053856, -60.7392, 0.0048113, 117.86
873, 14.55000, 0.298052, 6.939, 2.40595, -160.334, 2.32303, 18.8387, 0.000774936, 125.62, 0.00536815, -60.7254, 0.00479506, 117.876
874, 14.55833, 0.298182, 6.89742, 2.40036, -160.319, 2.31755, 18.8514, 0.000773378, 125.628, 0.00535075, -60.7115, 0.00477886, 117.892
874, 14.56667, 0.298313, 6.85584, 2.39478, -160.303, 2.31206, 18.8644, 0.000771823, 125.636, 0.00533338, -60.6974, 0.0047627, 117.908
874, 14.57500, 0.298444, 6.81428, 2.38921, -160.287, 2.30659, 18.8774, 0.000770273, 125.645, 0.00531606, -60.6833, 0.00474657, 117.925
875, 14.58333, 0.298576, 6.77273, 2.38364, -160.271, 2.30113, 18.8905, 0.000768725, 125.653, 0.00529878, -60.6689, 0.00473049, 117.941
876, 14.59167, 0.298707, 6.73118, 2.37808, -160.255, 2.29566, 18.9038, 0.000767181, 125.661, 0.00528154, -60.6545, 0.00471445, 117.958
876, 14.60000, 0.298839, 6.68965, 2.37252, -160.239, 2.29021, 18.9172, 0.000765641, 125.67, 0.00526435, -60.6399, 0.00469845, 117.975
877, 14.60833, 0.298972, 6.64812, 2.36698, -160.222, 2.28476, 18.9308, 0.000764104, 125.679, 0.00524719, -60.6252, 0.00468249, 117.992
877, 14.61667, 0.299105, 6.6066, 2.36143, -160.206, 2.27932, 18.9445, 0.00076257, 125.688, 0.00523008, -60.6103, 0.00466656, 118.009
878, 14.62500, 0.299238, 6.56509, 2.3559, -160.189, 2.27389, 18.9583, 0.00076104, 125.697, 0.00521301, -60.5953, 0.00465068, 118.026
878, 14.63333, 0.299371, 6.52359, 2.35037, -160.172, 2.26846, 18.9722, 0.000759513, 125.706, 0.00519597, -60.5802, 0.00463484, 118.043
879, 14.64167, 0.299505, 6.4821, 2.34484, -160.155, 2.26303, 18.9862, 0.000757989, 125.715, 0.00517898, -60.5649, 0.00461903, 118.061
879, 14.65000, 0.299639, 6.44062, 2.33932, -160.138, 2.25762, 19.0004, 0.000756469, 125.724, 0.00516203, -60.5495, 0.00460326, 118.079
880, 14.65833, 0.299773, 6.39914, 2.33381, -160.12, 2.25221, 19.0147, 0.000754953, 125.734, 0.00514513, -60.534, 0.00458754, 118.097
880, 14.66667, 0.299908, 6.35767, 2.32831, -160.103, 2.24681, 19.0292, 0.00075344, 125.744, 0.00512826, -60.5183, 0.00457185, 118.115
881, 14.67500, 0.300043, 6.31621, 2.32281, -160.085, 2.24141, 19.0438, 0.00075193, 125.754, 0.00511143, -60.5024, 0.0045562, 118.133
881, 14.68333, 0.300178, 6.27476, 2.31732, -160.067, 2.23602, 19.0585, 0.000750423, 125.763, 0.00509464, -60.4864, 0.00454058, 118.151
882, 14.69167, 0.300313, 6.23332, 2.31183, -160.05, 2.23063, 19.0733, 0.00074892, 125.774, 0.0050779, -60.4703, 0.00452501, 118.17
882, 14.70000, 0.300449, 6.19188, 2.30635, -160.031, 2.22526, 19.0883, 0.000747421, 125.784, 0.00506119, -60.4541, 0.00450948, 118.189
882, 14.70833, 0.300586, 6.15046, 2.30088, -160.013, 2.21988, 19.1034, 0.000745924, 125.794, 0.00504453, -60.4377, 0.00449398, 118.208
883, 14.71667, 0.300722, 6.10904, 2.29541, -159.995, 2.21452, 19.1187, 0.000744431, 125.805, 0.0050279, -60.4211, 0.00447852, 118.227
884, 14.72500, 0.300859, 6.06763, 2.28995, -159.976, 2.20916, 19.1341, 0.000742941, 125.815, 0.00501131, -60.4044, 0.0044631, 118.246
884, 14.73333, 0.300996, 6.02623, 2.28449, -159.957, 2.2038, 19.1496, 0.000741455, 125.826, 0.00499477, -60.3876, 0.00444772, 118.265
885, 14.74167, 0.301134, 5.98483, 2.27904, -159.938, 2.19846, 19.1653, 0.000739972, 125.837, 0.00497826, -60.3706, 0.00443238, 118.285
885, 14.75000, 0.301271, 5.94345, 2.2736, -159.919, 2.19312, 19.1811, 0.000738492, 125.848, 0.0049618, -60.3535, 0.00441707, 118.304
886, 14.75833, 0.301409, 5.90207, 2.26816, -159.9, 2.18778, 19.197, 0.000737016, 125.86, 0.00494537, -60.3362, 0.0044018, 118.324
886, 14.76667, 0.301548, 5.86069, 2.26273, -159.881, 2.18245, 19.2131, 0.000735543, 125.871, 0.00492898, -60.3187, 0.00438657, 118.344
887, 14.77500, 0.301687, 5.81933, 2.2573, -159.861, 2.17713, 19.2293, 0.000734073, 125.882, 0.00491264, -60.3012, 0.00437138, 118.365
887, 14.78333, 0.301826, 5.77798, 2.25189, -159.841, 2.17182, 19.2457, 0.000732607, 125.894, 0.00489633, -60.2834, 0.00435623, 118.385
888, 14.79167, 0.301965, 5.73663, 2.24647, -159.821, 2.16651, 19.2622, 0.000731143, 125.906, 0.00488006, -60.2656, 0.00434111, 118.406
888, 14.80000, 0.302105, 5.69529, 2.24107, -159.801, 2.1612, 19.2788, 0.000729683, 125.918, 0.00486383, -60.2475, 0.00432603, 118.426
889, 14.80833, 0.302245, 5.65396, 2.23567, -159.781, 2.1559, 19.2956, 0.000728227, 125.93, 0.00484764, -60.2293, 0.00431099, 118.447
889, 14.81667, 0.302385, 5.61263, 2.23027, -159.761, 2.15061, 19.3126, 0.000726773, 125.942, 0.00483149, -60.211, 0.00429598, 118.468
890, 14.82500, 0.302525, 5.57132, 2.22488, -159.74, 2.14533, 19.3296, 0.000725323, 125.955, 0.00481538, -60.1925, 0.00428101, 118.49
890, 14.83333, 0.302666, 5.53001, 2.2195, -159.719, 2.14005, 19.3469, 0.000723876, 125.967, 0.0047993, -60.1739, 0.00426608, 118.511
891, 14.84167, 0.302808, 5.4887, 2.21413, -159.699, 2.13478, 19.3642, 0.000722432, 125.98, 0.00478327, -60.1551, 0.00425119, 118.533
891, 14.85000, 0.302949, 5.44741, 2.20876, -159.677, 2.12951, 19.3818, 0.000720992, 125.993, 0.00476727, -60.1361, 0.00423633, 118.555
891, 14.85833, 0.303091, 5.40613, 2.20339, -159.656, 2.12425, 19.3994, 0.000719555, 126.006, 0.00475132, -60.117, 0.00422151, 118.577
892, 14.86667, 0.303233, 5.36484, 2.19803, -159.635, 2.11899, 19.4173, 0.000718121, 126.019, 0.0047354, -60.0977, 0.00420672, 118.599
893, 14.87500, 0.303376, 5.32357, 2.19268, -159.613, 2.11374, 19.4352, 0.00071669, 126.032, 0.00471952, -60.0783, 0.00419198, 118.621
893, 14.88333, 0.303518, 5.28231, 2.18734, -159.591, 2.1085, 19.4534, 0.000715262, 126.046, 0.00470368, -60.0587, 0.00417727, 118.644
894, 14.89167, 0.303661, 5.24105, 2.18199, -159.569, 2.10326, 19.4716, 0.000713838, 126.059, 0.00468787, -60.0389, 0.00416259, 118.666
894, 14.90000, 0.303805, 5.1998, 2.17666, -159.547, 2.09803, 19.4901, 0.000712417, 126.073, 0.0046721, -60.019, 0.00414795, 118.689
895, 14.90833, 0.303948, 5.15856, 2.17133, -159.525, 2.09281, 19.5086, 0.000710999, 126.087, 0.00465638, -59.999, 0.00413335, 118.712
895, 14.91667, 0.304092, 5.11732, 2.16601, -159.502, 2.08759, 19.5274, 0.000709584, 126.101, 0.00464069, -59.9787, 0.00411879, 118.736
896, 14.92500, 0.304237, 5.07609, 2.1607, -159.48, 2.08238, 19.5463, 0.000708172, 126.115, 0.00462504, -59.9583, 0.00410426, 118.759
896, 14.93333, 0.304381, 5.03487, 2.15539, -159.457, 2.07717, 19.5653, 0.000706764, 126.13, 0.00460942, -59.9378, 0.00408977, 118.783
897, 14.94167, 0.304526, 4.99365, 2.15008, -159.434, 2.07197, 19.5845, 0.000705359, 126.144, 0.00459384, -59.917, 0.00407531, 118.807
897, 14.95000, 0.304672, 4.95244, 2.14478, -159.411, 2.06678, 19.6039, 0.000703957, 126.159, 0.00457831, -59.8961, 0.00406089, 118.831
898, 14.95833, 0.304817, 4.91124, 2.13949, -159.387, 2.06159, 19.6234, 0.000702558, 126.174, 0.00456281, -59.8751, 0.0040465, 118.855
898, 14.96667, 0.304963, 4.87004, 2.1342, -159.364, 2.05641, 19.6431, 0.000701162, 126.189, 0.00454734, -59.8539, 0.00403215, 118.88
899, 14.97500, 0.305109, 4.82885, 2.12892, -159.34, 2.05123, 19.6629, 0.000699769, 126.204, 0.00453191, -59.8325, 0.00401784, 118.904
899, 14.98333, 0.305256, 4.78767, 2.12365, -159.316, 2.04606, 19.6829, 0.00069838, 126.219, 0.00451653, -59.8109, 0.00400356, 118.929
899, 14.99167, 0.305402, 4.7465, 2.11838, -159.292, 2.04089, 19.7031, 0.000696993, 126.234, 0.00450117, -59.7892, 0.00398931, 118.954
900, 15.00000, 0.30555, 4.70533, 2.11312, -159.267, 2.03574, 19.7234, 0.00069561, 126.25, 0.00448586, -59.7672, 0.00397511, 118.979
901, 15.00833, 0.305697, 4.66417, 2.10786, -159.243, 2.03058, 19.7439, 0.00069423, 126.266, 0.00447058, -59.7452, 0.00396094, 119.005
901, 15.01667, 0.305845, 4.62301, 2.10261, -159.218, 2.02544, 19.7646, 0.000692853, 126.282, 0.00445534, -59.7229, 0.0039468, 119.03
902, 15.02500, 0.305993, 4.58186, 2.09737, -159.193, 2.0203, 19.7854, 0.000691479, 126.298, 0.00444013, -59.7005, 0.0039327, 119.056
902, 15.03333, 0.306141, 4.54072, 2.09213, -159.168, 2.01516, 19.8064, 0.000690109, 126.314, 0.00442497, -59.6779, 0.00391863, 119.082
903, 15.04167, 0.30629, 4.49959, 2.0869, -159.142, 2.01003, 19.8275, 0.000688741, 126.33, 0.00440984, -59.6551, 0.0039046, 119.108
903, 15.05000, 0.306439, 4.45846, 2.08167, -159.117, 2.00491, 19.8489, 0.000687376, 126.347, 0.00439474, -59.6322, 0.0038906, 119.135
904, 15.05833, 0.306588, 4.41734, 2.07645, -159.091, 1.99979, 19.8704, 0.000686015, 126.364, 0.00437968, -59.609, 0.00387664, 119.162
904, 15.06667, 0.306737, 4.37622, 2.07123, -159.065, 1.99468, 19.892, 0.000684656, 126.38, 0.00436466, -59.5857, 0.00386271, 119.188
905, 15.07500, 0.306887, 4.33511, 2.06602, -159.039, 1.98958, 19.9139, 0.000683301, 126.398, 0.00434968, -59.5622, 0.00384882, 119.216
905, 15.08333, 0.307037, 4.29401, 2.06082, -159.013, 1.98448, 19.9359, 0.000681949, 126.415, 0.00433473, -59.5386, 0.00383496, 119.243
906, 15.09167, 0.307188, 4.2529, 2.05562, -158.986, 1.97938, 19.9581, 0.000680599, 126.432, 0.00431982, -59.5147, 0.00382114, 119.27
906, 15.10000, 0.307339, 4.21181, 2.05043, -158.959, 1.97429, 19.9804, 0.000679253, 126.45, 0.00430494, -59.4907, 0.00380735, 119.298
907, 15.10833, 0.30749, 4.17073, 2.04525, -158.932, 1.96921, 20.003, 0.00067791, 126.467, 0.0042901, -59.4665, 0.0037936, 119.326
907, 15.11667, 0.307641, 4.12965, 2.04006, -158.905, 1.96414, 20.0257, 0.00067657, 126.485, 0.00427529, -59.4421, 0.00377988, 119.354
907, 15.12500, 0.307793, 4.08858, 2.03489, -158.878, 1.95907, 20.0486, 0.000675233, 126.503, 0.00426053, -59.4175, 0.00376619, 119.382
908, 15.13333, 0.307945, 4.04751, 2.02972, -158.85, 1.954, 20.0716, 0.000673899, 126.521, 0.00424579, -59.3927, 0.00375254, 119.411
909, 15.14167, 0.308097, 4.00645, 2.02456, -158.823, 1.94894, 20.0949, 0.000672568, 126.54, 0.0042311, -59.3677, 0.00373893, 119.44
909, 15.15000, 0.30825, 3.96539, 2.0194, -158.795, 1.94389, 20.1183, 0.000671241, 126.558, 0.00421644, -59.3426, 0.00372534, 119.469
910, 15.15833, 0.308403, 3.92434, 2.01425, -158.766, 1.93884, 20.1419, 0.000669916, 126.577, 0.00420181, -59.3173, 0.0037118, 119.498
910, 15.16667, 0.308556, 3.8833, 2.00911, -158.738, 1.9338, 20.1657, 0.000668594, 126.596, 0.00418722, -59.2917, 0.00369828, 119.528
911, 15.17500, 0.30871, 3.84226, 2.00397, -158.709, 1.92877, 20.1897, 0.000667275, 126.615, 0.00417266, -59.266, 0.0036848, 119.557
911, 15.18333, 0.308863, 3.80123, 1.99884, -158.68, 1.92374, 20.2139, 0.000665959, 126.634, 0.00415815, -59.2401, 0.00367135, 119.587
912, 15.19167, 0.309018, 3.7602, 1.99371, -158.651, 1.91871, 20.2382, 0.000664647, 126.653, 0.00414366, -59.214, 0.00365794, 119.617
912, 15.20000, 0.309172, 3.71918, 1.98859, -158.622, 1.9137, 20.2628, 0.000663337, 126.673, 0.00412921, -59.1877, 0.00364456, 119.648
913, 15.20833, 0.309327, 3.67817, 1.98347, -158.592, 1.90868, 20.2875, 0.00066203, 126.692, 0.0041148, -59.1612, 0.00363121, 119.678
913, 15.21667, 0.309482, 3.63716, 1.97836, -158.563, 1.90368, 20.3124, 0.000660726, 126.712, 0.00410042, -59.1345, 0.0036179, 119.709
914, 15.22500, 0.309637, 3.59615, 1.97326, -158.533, 1.89868, 20.3375, 0.000659426, 126.732, 0.00408607, -59.1076, 0.00360462, 119.74
914, 15.23333, 0.309793, 3.55516, 1.96816, -158.502, 1.89368, 20.3628, 0.000658128, 126.752, 0.00407177, -59.0805, 0.00359138, 119.772
915, 15.24167, 0.309949, 3.51416, 1.96306, -158.472, 1.88869, 20.3883, 0.000656833, 126.773, 0.00405749, -59.0532, 0.00357816, 119.803
915, 15.25000, 0.310105, 3.47317, 1.95798, -158.441, 1.88371, 20.414, 0.000655541, 126.793, 0.00404325, -59.0257, 0.00356498, 119.835
916, 15.25833, 0.310262, 3.43219, 1.9529, -158.41, 1.87873, 20.4399, 0.000654252, 126.814, 0.00402905, -58.998, 0.00355184, 119.867
916, 15.26667, 0.310419, 3.39121, 1.94782, -158.379, 1.87376, 20.466, 0.000652966, 126.835, 0.00401487, -58.9701, 0.00353873, 119.899
916, 15.27500, 0.310576, 3.35024, 1.94275, -158.348, 1.86879, 20.4922, 0.000651683, 126.856, 0.00400074, -58.942, 0.00352565, 119.932
917, 15.28333, 0.310733, 3.30928, 1.93769, -158.316, 1.86383, 20.5187, 0.000650403, 126.877, 0.00398664, -58.9137, 0.0035126, 119.964
918, 15.29167, 0.310891, 3.26831, 1.93263, -158.285, 1.85888, 20.5454, 0.000649126, 126.899, 0.00397257, -58.8852, 0.00349959, 119.997
918, 15.30000, 0.311049, 3.22736, 1.92758, -158.253, 1.85393, 20.5723, 0.000647852, 126.92, 0.00395854, -58.8565, 0.0034866, 120.031
919, 15.30833, 0.311208, 3.18641, 1.92253, -158.22, 1.84899, 20.5993, 0.000646581, 126.942, 0.00394454, -58.8276, 0.00347366, 120.064
919, 15.31667, 0.311367, 3.14546, 1.91749, -158.188, 1.84405, 20.6266, 0.000645313, 126.964, 0.00393057, -58.7984, 0.00346074, 120.098
920, 15.32500, 0.311526, 3.10452, 1.91246, -158.155, 1.83912, 20.6541, 0.000644048, 126.986, 0.00391664, -58.7691, 0.00344786, 120.132
920, 15.33333, 0.311685, 3.06359, 1.90743, -158.122, 1.83419, 20.6818, 0.000642785, 127.008, 0.00390275, -58.7395, 0.00343501, 120.166
921, 15.34167, 0.311845, 3.02265, 1.9024, -158.089, 1.82927, 20.7097, 0.000641526, 127.031, 0.00388888, -58.7097, 0.00342219, 120.2
921, 15.35000, 0.312005, 2.98173, 1.89739, -158.055, 1.82436, 20.7378, 0.000640269, 127.054, 0.00387505, -58.6797, 0.00340941, 120.235
922, 15.35833, 0.312165, 2.94081, 1.89238, -158.021, 1.81945, 20.7662, 0.000639016, 127.076, 0.00386126, -58.6495, 0.00339665, 120.27
922, 15.36667, 0.312325, 2.89989, 1.88737, -157.987, 1.81454, 20.7947, 0.000637765, 127.099, 0.0038475, -58.6191, 0.00338393, 120.305
923, 15.37500, 0.312486, 2.85898, 1.88237, -157.953, 1.80965, 20.8235, 0.000636518, 127.123, 0.00383377, -58.5884, 0.00337124, 120.341
923, 15.38333, 0.312647, 2.81808, 1.87737, -157.918, 1.80475, 20.8524, 0.000635273, 127.146, 0.00382008, -58.5576, 0.00335859, 120.377
924, 15.39167, 0.312809, 2.77717, 1.87239, -157.884, 1.79987, 20.8816, 0.000634031, 127.17, 0.00380642, -58.5265, 0.00334596, 120.413
924, 15.40000, 0.312971, 2.73628, 1.8674, -157.849, 1.79499, 20.911, 0.000632792, 127.193, 0.00379279, -58.4951, 0.00333337, 120.449
924, 15.40833, 0.313133, 2.69539, 1.86243, -157.813, 1.79011, 20.9406, 0.000631556, 127.217, 0.0037792, -58.4636, 0.00332081, 120.486
925, 15.41667, 0.313295, 2.6545, 1.85745, -157.778, 1.78524, 20.9705, 0.000630322, 127.241, 0.00376563, -58.4318, 0.00330828, 120.523
926, 15.42500, 0.313458, 2.61361, 1.85249, -157.742, 1.78038, 21.0005, 0.000629092, 127.266, 0.00375211, -58.3998, 0.00329579, 120.56
926, 15.43333, 0.313621, 2.57274, 1.84753, -157.706, 1.77552, 21.0308, 0.000627865, 127.29, 0.00373861, -58.3676, 0.00328333, 120.597
927, 15.44167, 0.313784, 2.53186, 1.84257, -157.67, 1.77067, 21.0613, 0.00062664, 127.315, 0.00372515, -58.3352, 0.00327089, 120.635
927, 15.45000, 0.313948, 2.49099, 1.83763, -157.633, 1.76582, 21.092, 0.000625418, 127.34, 0.00371173, -58.3025, 0.00325849, 120.673
928, 15.45833, 0.314112, 2.45013, 1.83268, -157.596, 1.76098, 21.123, 0.0006242, 127.365, 0.00369833, -58.2696, 0.00324612, 120.711
928, 15.46667, 0.314276, 2.40926, 1.82775, -157.559, 1.75615, 21.1542, 0.000622983, 127.39, 0.00368497, -58.2364, 0.00323379, 120.749
929, 15.47500, 0.31444, 2.36841, 1.82282, -157.522, 1.75132, 21.1856, 0.000621771, 127.415, 0.00367164, -58.203, 0.00322148, 120.788
929, 15.48333, 0.314605, 2.32756, 1.81789, -157.484, 1.74649, 21.2173, 0.00062056, 127.441, 0.00365834, -58.1694, 0.00320921, 120.827
930, 15.49167, 0.31477, 2.28671, 1.81297, -157.446, 1.74167, 21.2491, 0.000619353, 127.467, 0.00364508, -58.1355, 0.00319696, 120.867
930, 15.50000, 0.314936, 2.24587, 1.80806, -157.408, 1.73686, 21.2813, 0.000618148, 127.493, 0.00363185, -58.1014, 0.00318475, 120.906
931, 15.50833, 0.315101, 2.20503, 1.80315, -157.369, 1.73205, 21.3136, 0.000616947, 127.519, 0.00361865, -58.0671, 0.00317257, 120.946
931, 15.51667, 0.315267, 2.16419, 1.79825, -157.33, 1.72725, 21.3462, 0.000615748, 127.545, 0.00360548, -58.0325, 0.00316042, 120.987
932, 15.52500, 0.315434, 2.12336, 1.79335, -157.291, 1.72246, 21.379, 0.000614552, 127.572, 0.00359235, -57.9977, 0.00314831, 121.027
932, 15.53333, 0.3156, 2.08253, 1.78846, -157.252, 1.71767, 21.4121, 0.000613359, 127.598, 0.00357925, -57.9626, 0.00313622, 121.068
932, 15.54167, 0.315767, 2.04171, 1.78357, -157.212, 1.71288, 21.4454, 0.000612169, 127.625, 0.00356618, -57.9273, 0.00312417, 121.109
933, 15.55000, 0.315934, 2.00089, 1.77869, -157.172, 1.7081, 21.479, 0.000610981, 127.652, 0.00355315, -57.8917, 0.00311214, 121.15
934, 15.55833, 0.316102, 1.96007, 1.77382, -157.132, 1.70333, 21.5128, 0.000609797, 127.68, 0.00354014, -57.8559, 0.00310015, 121.192
934, 15.56667, 0.31627, 1.91926, 1.76895, -157.092, 1.69856, 21.5468, 0.000608615, 127.707, 0.00352717, -57.8198, 0.00308819, 121.234
935, 15.57500, 0.316438, 1.87845, 1.76409, -157.051, 1.6938, 21.5811, 0.000607436, 127.735, 0.00351423, -57.7835, 0.00307626, 121.276
935, 15.58333, 0.316606, 1.83765, 1.75923, -157.01, 1.68904, 21.6157, 0.00060626, 127.763, 0.00350132, -57.7469, 0.00306436, 121.319
936, 15.59167, 0.316775, 1.79685, 1.75438, -156.968, 1.68429, 21.6505, 0.000605086, 127.791, 0.00348845, -57.7101, 0.00305248, 121.362
936, 15.60000, 0.316944, 1.75605, 1.74954, -156.927, 1.67954, 21.6855, 0.000603916, 127.819, 0.0034756, -57.673, 0.00304065, 121.405
937, 15.60833, 0.317114, 1.71526, 1.7447, -156.885, 1.6748, 21.7208, 0.000602748, 127.848, 0.00346279, -57.6356, 0.00302884, 121.449
937, 15.61667, 0.317283, 1.67447, 1.73987, -156.842, 1.67007, 21.7564, 0.000601583, 127.876, 0.00345001, -57.598, 0.00301706, 121.493
938, 15.62500, 0.317453, 1.63369, 1.73504, -156.8, 1.66534, 21.7922, 0.000600421, 127.905, 0.00343726, -57.5602, 0.00300531, 121.537
938, 15.63333, 0.317624, 1.5929, 1.73022, -156.757, 1.66062, 21.8283, 0.000599262, 127.934, 0.00342454, -57.522, 0.0029936, 121.581
939, 15.64167, 0.317794, 1.55212, 1.7254, -156.714, 1.6559, 21.8646, 0.000598106, 127.964, 0.00341186, -57.4836, 0.00298191, 121.626
939, 15.65000, 0.317965, 1.51135, 1.72059, -156.67, 1.65119, 21.9013, 0.000596952, 127.993, 0.00339921, -57.4449, 0.00297025, 121.671
940, 15.65833, 0.318136, 1.47058, 1.71579, -156.626, 1.64648, 21.9381, 0.000595801, 128.023, 0.00338658, -57.406, 0.00295863, 121.717
940, 15.66667, 0.318308, 1.42981, 1.71099, -156.582, 1.64178, 21.9753, 0.000594653, 128.053, 0.00337399, -57.3668, 0.00294703, 121.763
941, 15.67500, 0.31848, 1.38904, 1.7062, -156.537, 1.63709, 22.0127, 0.000593508, 128.083, 0.00336143, -57.3273, 0.00293547, 121.809
941, 15.68333, 0.318652, 1.34828, 1.70141, -156.493, 1.6324, 22.0504, 0.000592366, 128.113, 0.0033489, -57.2875, 0.00292393, 121.855
941, 15.69167, 0.318824, 1.30752, 1.69663, -156.447, 1.62771, 22.0884, 0.000591226, 128.144, 0.00333641, -57.2475, 0.00291243, 121.902
942, 15.70000, 0.318997, 1.26677, 1.69185, -156.402, 1.62303, 22.1266, 0.000590089, 128.174, 0.00332394, -57.2071, 0.00290096, 121.949
943, 15.70833, 0.31917, 1.22602, 1.68709, -156.356, 1.61836, 22.1651, 0.000588955, 128.205, 0.00331151, -57.1666, 0.00288951, 121.997
943, 15.71667, 0.319343, 1.18527, 1.68232, -156.31, 1.61369, 22.2039, 0.000587824, 128.236, 0.0032991, -57.1257, 0.0028781, 122.045
944, 15.72500, 0.319517, 1.14452, 1.67756, -156.264, 1.60903, 22.243, 0.000586695, 128.268, 0.00328673, -57.0845, 0.00286671, 122.093
944, 15.73333, 0.319691, 1.10378, 1.67281, -156.217, 1.60438, 22.2823, 0.000585569, 128.299, 0.00327439, -57.0431, 0.00285536, 122.141
945, 15.74167, 0.319865, 1.06304, 1.66807, -156.17, 1.59973, 22.322, 0.000584446, 128.331, 0.00326208, -57.0013, 0.00284403, 122.19
945, 15.75000, 0.320039, 1.02231, 1.66333, -156.122, 1.59508, 22.3619, 0.000583326, 128.363, 0.0032498, -56.9593, 0.00283274, 122.24
946, 15.75833, 0.320214, 0.981574, 1.65859, -156.075, 1.59044, 22.4021, 0.000582209, 128.395, 0.00323755, -56.917, 0.00282147, 122.289
946, 15.76667, 0.320389, 0.94084, 1.65386, -156.026, 1.58581, 22.4426, 0.000581094, 128.427, 0.00322533, -56.8744, 0.00281024, 122.339
947, 15.77500, 0.320565, 0.900114, 1.64914, -155.978, 1.58118, 22.4834, 0.000579982, 128.46, 0.00321315, -56.8315, 0.00279903, 122.389
947, 15.78333, 0.320741, 0.85939, 1.64442, -155.929, 1.57656, 22.5245, 0.000578873, 128.493, 0.00320099, -56.7883, 0.00278786, 122.44
948, 15.79167, 0.320917, 0.818665, 1.63971, -155.88, 1.57194, 22.5659, 0.000577767, 128.526, 0.00318886, -56.7448, 0.00277671, 122.491
948, 15.80000, 0.321093, 0.777947, 1.63501, -155.83, 1.56733, 22.6076, 0.000576663, 128.559, 0.00317677, -56.701, 0.00276559, 122.542
949, 15.80833, 0.32127, 0.737232, 1.63031, -155.78, 1.56272, 22.6496, 0.000575562, 128.592, 0.0031647, -56.6569, 0.00275451, 122.594
949, 15.81667, 0.321447, 0.696515, 1.62561, -155.73, 1.55812, 22.6919, 0.000574464, 128.626, 0.00315267, -56.6125, 0.00274345, 122.646
949, 15.82500, 0.321624, 0.655805, 1.62093, -155.68, 1.55353, 22.7344, 0.000573369, 128.66, 0.00314066, -56.5677, 0.00273242, 122.699
950, 15.83333, 0.321801, 0.615098, 1.61625, -155.629, 1.54894, 22.7774, 0.000572276, 128.694, 0.00312869, -56.5227, 0.00272142, 122.752
951, 15.84167, 0.321979, 0.574388, 1.61157, -155.577, 1.54436, 22.8206, 0.000571186, 128.728, 0.00311675, -56.4774, 0.00271045, 122.805
951, 15.85000, 0.322158, 0.533686, 1.6069, -155.526, 1.53978, 22.8641, 0.000570099, 128.763, 0.00310483, -56.4317, 0.00269951, 122.859
952, 15.85833, 0.322336, 0.492987, 1.60224, -155.474, 1.53521, 22.9079, 0.000569015, 128.797, 0.00309295, -56.3858, 0.0026886, 122.913
952, 15.86667, 0.322515, 0.452285, 1.59758, -155.421, 1.53064, 22.9521, 0.000567933, 128.832, 0.0030811, -56.3395, 0.00267772, 122.967
953, 15.87500, 0.322694, 0.41159, 1.59293, -155.368, 1.52608, 22.9966, 0.000566854, 128.867, 0.00306928, -56.2929, 0.00266686, 123.022
953, 15.88333, 0.322873, 0.370897, 1.58828, -155.315, 1.52152, 23.0414, 0.000565778, 128.903, 0.00305748, -56.246, 0.00265604, 123.077
954, 15.89167, 0.323053, 0.330202, 1.58364, -155.261, 1.51697, 23.0865, 0.000564705, 128.938, 0.00304572, -56.1987, 0.00264525, 123.133
954, 15.90000, 0.323233, 0.289514, 1.57901, -155.208, 1.51243, 23.1319, 0.000563634, 128.974, 0.00303399, -56.1512, 0.00263448, 123.189
955, 15.90833, 0.323413, 0.248828, 1.57438, -155.153, 1.50789, 23.1777, 0.000562566, 129.01, 0.00302229, -56.1033, 0.00262374, 123.245
955, 15.91667, 0.323594, 0.20814, 1.56976, -155.098, 1.50336, 23.2238, 0.000561501, 129.046, 0.00301061, -56.0551, 0.00261304, 123.302
956, 15.92500, 0.323775, 0.167459, 1.56514, -155.043, 1.49883, 23.2702, 0.000560438, 129.083, 0.00299897, -56.0065, 0.00260236, 123.36
956, 15.93333, 0.323956, 0.126779, 1.56053, -154.988, 1.49431, 23.317, 0.000559379, 129.119, 0.00298736, -55.9576, 0.00259171, 123.417
957, 15.94167, 0.324138, 0.086097, 1.55593, -154.932, 1.48979, 23.3641, 0.000558322, 129.156, 0.00297577, -55.9084, 0.00258109, 123.475
957, 15.95000, 0.32432, 0.0454218, 1.55133, -154.875, 1.48528, 23.4116, 0.000557267, 129.193, 0.00296422, -55.8588, 0.00257049, 123.534
957, 15.95833, 0.324502, 0.00474848, 1.54674, -154.819, 1.48078, 23.4594, 0.000556216, 129.231, 0.00295269, -55.8089, 0.00255993, 123.593
958, 15.96667, 0.324684, -0.0359278, 1.54215, -154.762, 1.47628, 23.5075, 0.000555167, 129.268, 0.0029412, -55.7587, 0.0025494, 123.652
959, 15.97500, 0.324867, -0.0765972, 1.53757, -154.704, 1.47179, 23.556, 0.000554121, 129.306, 0.00292973, -55.7081, 0.00253889, 123.712
959, 15.98333, 0.32505, -0.117265, 1.533, -154.646, 1.4673, 23.6048, 0.000553077, 129.344, 0.0029183, -55.6571, 0.00252841, 123.772
960, 15.99167, 0.325233, -0.157936, 1.52843, -154.588, 1.46282, 23.654, 0.000552037, 129.382, 0.00290689, -55.6058, 0.00251796, 123.833
960, 16.00000, 0.325417, -0.1986, 1.52387, -154.529, 1.45834, 23.7035, 0.000550999, 129.421, 0.00289551, -55.5542, 0.00250754, 123.894
961, 16.00833, 0.325601, -0.239262, 1.51931, -154.47, 1.45387, 23.7534, 0.000549964, 129.459, 0.00288417, -55.5022, 0.00249715, 123.955
961, 16.01667, 0.325785, -0.279927, 1.51476, -154.41, 1.4494, 23.8037, 0.000548931, 129.498, 0.00287285, -55.4498, 0.00248679, 124.017
962, 16.02500, 0.32597, -0.320586, 1.51022, -154.35, 1.44494, 23.8543, 0.000547901, 129.537, 0.00286156, -55.3971, 0.00247645, 124.08
962, 16.03333, 0.326155, -0.361244, 1.50568, -154.289, 1.44049, 23.9053, 0.000546874, 129.577, 0.0028503, -55.344, 0.00246615, 124.142
963, 16.04167, 0.32634, -0.401904, 1.50115, -154.228, 1.43604, 23.9567, 0.00054585, 129.616, 0.00283907, -55.2905, 0.00245587, 124.206
963, 16.05000, 0.326526, -0.442559, 1.49662, -154.167, 1.4316, 24.0084, 0.000544828, 129.656, 0.00282787, -55.2367, 0.00244562, 124.27
964, 16.05833, 0.326712, -0.483212, 1.4921, -154.105, 1.42716, 24.0605, 0.000543809, 129.696, 0.0028167, -55.1825, 0.0024354, 124.334
964, 16.06667, 0.326898, -0.523868, 1.48759, -154.043, 1.42273, 24.113, 0.000542793, 129.736, 0.00280555, -55.128, 0.00242521, 124.398
965, 16.07500, 0.327084, -0.564518, 1.48309, -153.98, 1.41831, 24.1658, 0.000541779, 129.777, 0.00279444, -55.073, 0.00241504, 124.464
965, 16.08333, 0.327271, -0.605166, 1.47858, -153.917, 1.41389, 24.2191, 0.000540769, 129.818, 0.00278335, -55.0177, 0.00240491, 124.529
966, 16.09167, 0.327458, -0.645819, 1.47409, -153.854, 1.40947, 24.2727, 0.00053976, 129.859, 0.0027723, -54.962, 0.0023948, 124.595
966, 16.10000, 0.327645, -0.686465, 1.4696, -153.789, 1.40506, 24.3267, 0.000538755, 129.9, 0.00276127, -54.9059, 0.00238472, 124.662
966, 16.10833, 0.327833, -0.727109, 1.46512, -153.725, 1.40066, 24.3811, 0.000537752, 129.941, 0.00275027, -54.8494, 0.00237467, 124.729
967, 16.11667, 0.328021, -0.767758, 1.46065, -153.66, 1.39627, 24.4359, 0.000536752, 129.983, 0.0027393, -54.7926, 0.00236464, 124.797
968, 16.12500, 0.328209, -0.8084, 1.45618, -153.594, 1.39187, 24.4911, 0.000535755, 130.025, 0.00272836, -54.7353, 0.00235465, 124.865
968, 16.13333, 0.328398, -0.849042, 1.45171, -153.529, 1.38749, 24.5467, 0.000534761, 130.067, 0.00271745, -54.6777, 0.00234468, 124.933
969, 16.14167, 0.328587, -0.889687, 1.44726, -153.462, 1.38311, 24.6027, 0.000533769, 130.11, 0.00270656, -54.6196, 0.00233474, 125.002
969, 16.15000, 0.328776, -0.930326, 1.44281, -153.395, 1.37874, 24.6591, 0.000532779, 130.152, 0.00269571, -54.5612, 0.00232483, 125.072
970, 16.15833, 0.328966, -0.970964, 1.43836, -153.328, 1.37437, 24.7159, 0.000531793, 130.195, 0.00268488, -54.5023, 0.00231495, 125.142
970, 16.16667, 0.329155, -1.01161, 1.43392, -153.26, 1.37001, 24.7732, 0.000530809, 130.238, 0.00267408, -54.4431, 0.00230509, 125.212
971, 16.17500, 0.329346, -1.05224, 1.42949, -153.192, 1.36565, 24.8308, 0.000529828, 130.281, 0.00266331, -54.3834, 0.00229526, 125.284
971, 16.18333, 0.329536, -1.09288, 1.42507, -153.123, 1.3613, 24.8889, 0.00052885, 130.325, 0.00265257, -54.3233, 0.00228546, 125.355
972, 16.19167, 0.329727, -1.13352, 1.42065, -153.053, 1.35695, 24.9474, 0.000527874, 130.369, 0.00264186, -54.2628, 0.00227569, 125.427
972, 16.20000, 0.329918, -1.17415, 1.41624, -152.984, 1.35262, 25.0063, 0.000526901, 130.413, 0.00263118, -54.2019, 0.00226595, 125.5
973, 16.20833, 0.330109, -1.21479, 1.41183, -152.913, 1.34828, 25.0656, 0.000525931, 130.457, 0.00262052, -54.1406, 0.00225623, 125.573
973, 16.21667, 0.330301, -1.25542, 1.40743, -152.842, 1.34396, 25.1254, 0.000524963, 130.502, 0.0026099, -54.0788, 0.00224654, 125.647
974, 16.22500, 0.330493, -1.29605, 1.40304, -152.771, 1.33963, 25.1856, 0.000523998, 130.547, 0.0025993, -54.0166, 0.00223688, 125.721
974, 16.23333, 0.330685, -1.33669, 1.39865, -152.699, 1.33532, 25.2462, 0.000523036, 130.592, 0.00258873, -53.954, 0.00222725, 125.796
974, 16.24167, 0.330878, -1.37732, 1.39427, -152.627, 1.33101, 25.3073, 0.000522077, 130.637, 0.00257818, -53.891, 0.00221764, 125.871
975, 16.25000, 0.331071, -1.41795, 1.3899, -152.554, 1.3267, 25.3689, 0.00052112, 130.682, 0.00256767, -53.8275, 0.00220807, 125.947
976, 16.25833, 0.331264, -1.45858, 1.38554, -152.48, 1.32241, 25.4309, 0.000520166, 130.728, 0.00255719, -53.7635, 0.00219852, 126.023
976, 16.26667, 0.331458, -1.49922, 1.38117, -152.406, 1.31811, 25.4933, 0.000519215, 130.774, 0.00254673, -53.6992, 0.002189, 126.1
977, 16.27500, 0.331651, -1.53984, 1.37682, -152.332, 1.31383, 25.5562, 0.000518266, 130.821, 0.0025363, -53.6343, 0.0021795, 126.178
977, 16.28333, 0.331846, -1.58047, 1.37247, -152.257, 1.30955, 25.6196, 0.00051732, 130.867, 0.0025259, -53.5691, 0.00217004, 126.256
978, 16.29167, 0.33204, -1.62111, 1.36813, -152.181, 1.30527, 25.6834, 0.000516377, 130.914, 0.00251552, -53.5033, 0.0021606, 126.335
978, 16.30000, 0.332235, -1.66173, 1.3638, -152.105, 1.30101, 25.7477, 0.000515436, 130.961, 0.00250518, -53.4372, 0.00215119, 126.414
979, 16.30833, 0.33243, -1.70236, 1.35947, -152.028, 1.29674, 25.8124, 0.000514498, 131.008, 0.00249486, -53.3705, 0.0021418, 126.494
979, 16.31667, 0.332625, -1.74299, 1.35515, -151.951, 1.29249, 25.8777, 0.000513563, 131.056, 0.00248457, -53.3034, 0.00213245, 126.574
980, 16.32500, 0.332821, -1.78362, 1.35084, -151.873, 1.28824, 25.9434, 0.000512631, 131.103, 0.00247431, -53.2358, 0.00212312, 126.656
980, 16.33333, 0.333017, -1.82425, 1.34653, -151.795, 1.28399, 26.0096, 0.000511701, 131.151, 0.00246408, -53.1678, 0.00211382, 126.737
981, 16.34167, 0.333213, -1.86488, 1.34223, -151.716, 1.27975, 26.0763, 0.000510774, 131.2, 0.00245387, -53.0993, 0.00210454, 126.819
981, 16.35000, 0.33341, -1.90551, 1.33794, -151.636, 1.27552, 26.1434, 0.000509849, 131.248, 0.0024437, -53.0303, 0.0020953, 126.902
982, 16.35833, 0.333607, -1.94613, 1.33365, -151.556, 1.2713, 26.2111, 0.000508928, 131.297, 0.00243355, -52.9608, 0.00208608, 126.986
982, 16.36667, 0.333804, -1.98677, 1.32937, -151.476, 1.26707, 26.2793, 0.000508009, 131.346, 0.00242343, -52.8908, 0.00207689, 127.07
982, 16.37500, 0.334002, -2.02739, 1.3251, -151.394, 1.26286, 26.3479, 0.000507093, 131.395, 0.00241333, -52.8204, 0.00206772, 127.154
983, 16.38333, 0.3342, -2.06802, 1.32083, -151.313, 1.25865, 26.4171, 0.000506179, 131.445, 0.00240327, -52.7495, 0.00205859, 127.24
984, 16.39167, 0.334398, -2.10865, 1.31658, -151.23, 1.25445, 26.4868, 0.000505268, 131.494, 0.00239323, -52.678, 0.00204948, 127.326
984, 16.40000, 0.334597, -2.14928, 1.31232, -151.147, 1.25025, 26.557, 0.00050436, 131.544, 0.00238322, -52.6061, 0.0020404, 127.412
985, 16.40833, 0.334795, -2.18991, 1.30808, -151.063, 1.24606, 26.6277, 0.000503455, 131.595, 0.00237324, -52.5336, 0.00203134, 127.5
985, 16.41667, 0.334995, -2.23054, 1.30384, -150.979, 1.24188, 26.699, 0.000502552, 131.645, 0.00236328, -52.4607, 0.00202231, 127.587
986, 16.42500, 0.335194, -2.27117, 1.29961, -150.894, 1.2377, 26.7708, 0.000501652, 131.696, 0.00235335, -52.3872, 0.00201331, 127.676
986, 16.43333, 0.335394, -2.3118, 1.29538, -150.809, 1.23353, 26.8431, 0.000500754, 131.747, 0.00234345, -52.3132, 0.00200434, 127.765
987, 16.44167, 0.335594, -2.35243, 1.29117, -150.722, 1.22936, 26.9159, 0.00049986, 131.798, 0.00233358, -52.2387, 0.0019954, 127.855
987, 16.45000, 0.335794, -2.39306, 1.28696, -150.636, 1.22521, 26.9893, 0.000498968, 131.85, 0.00232373, -52.1637, 0.00198648, 127.945
988, 16.45833, 0.335995, -2.43369, 1.28275, -150.548, 1.22105, 27.0632, 0.000498079, 131.902, 0.00231392, -52.0882, 0.00197759, 128.037
988, 16.46667, 0.336196, -2.47433, 1.27856, -150.46, 1.21691, 27.1377, 0.000497192, 131.954, 0.00230413, -52.0121, 0.00196873, 128.128
989, 16.47500, 0.336397, -2.51496, 1.27437, -150.372, 1.21276, 27.2127, 0.000496308, 132.006, 0.00229437, -51.9355, 0.00195989, 128.221
989, 16.48333, 0.336599, -2.5556, 1.27019, -150.282, 1.20863, 27.2883, 0.000495427, 132.059, 0.00228463, -51.8583, 0.00195108, 128.314
990, 16.49167, 0.336801, -2.59623, 1.26601, -150.192, 1.2045, 27.3644, 0.000494549, 132.112, 0.00227492, -51.7806, 0.0019423, 128.408
990, 16.50000, 0.337003, -2.63687, 1.26185, -150.102, 1.20038, 27.4412, 0.000493673, 132.165, 0.00226524, -51.7024, 0.00193355, 128.503
991, 16.50833, 0.337206, -2.6775, 1.25769, -150.01, 1.19627, 27.5184, 0.0004928, 132.218, 0.00225559, -51.6236, 0.00192482, 128.598
991, 16.51667, 0.337409, -2.71814, 1.25353, -149.918, 1.19216, 27.5963, 0.00049193, 132.272, 0.00224597, -51.5442, 0.00191612, 128.694
991, 16.52500, 0.337612, -2.75878, 1.24939, -149.826, 1.18805, 27.6748, 0.000491062, 132.326, 0.00223637, -51.4643, 0.00190745, 128.791
992, 16.53333, 0.337816, -2.79942, 1.24525, -149.732, 1.18396, 27.7538, 0.000490198, 132.38, 0.0022268, -51.3839, 0.00189881, 128.888
993, 16.54167, 0.338019, -2.84006, 1.24112, -149.638, 1.17987, 27.8334, 0.000489336, 132.434, 0.00221726, -51.3028, 0.00189019, 128.987
993, 16.55000, 0.338224, -2.8807, 1.237, -149.543, 1.17578, 27.9137, 0.000488476, 132.489, 0.00220774, -51.2212, 0.0018816, 129.086
994, 16.55833, 0.338428, -2.92134, 1.23288, -149.448, 1.17171, 27.9945, 0.00048762, 132.544, 0.00219825, -51.139, 0.00187304, 129.185
994, 16.56667, 0.338633, -2.96198, 1.22878, -149.352, 1.16763, 28.0759, 0.000486766, 132.599, 0.00218879, -51.0562, 0.0018645, 129.286
995, 16.57500, 0.338838, -3.00263, 1.22468, -149.255, 1.16357, 28.158, 0.000485914, 132.655, 0.00217936, -50.9728, 0.001856, 129.387
995, 16.58333, 0.339044, -3.04327, 1.22058, -149.157, 1.15951, 28.2406, 0.000485066, 132.711, 0.00216995, -50.8889, 0.00184751, 129.489
996, 16.59167, 0.339249, -3.08392, 1.2165, -149.059, 1.15546, 28.3239, 0.00048422, 132.767, 0.00216057, -50.8043, 0.00183906, 129.592
996, 16.60000, 0.339455, -3.12457, 1.21242, -148.96, 1.15142, 28.4078, 0.000483377, 132.823, 0.00215122, -50.7191, 0.00183063, 129.695
997, 16.60833, 0.339662, -3.16521, 1.20835, -148.86, 1.14738, 28.4924, 0.000482537, 132.88, 0.0021419, -50.6334, 0.00182224, 129.799
997, 16.61667, 0.339869, -3.20587, 1.20429, -148.76, 1.14335, 28.5776, 0.000481699, 132.936, 0.0021326, -50.547, 0.00181386, 129.904
998, 16.62500, 0.340076, -3.24652, 1.20023, -148.659, 1.13932, 28.6634, 0.000480864, 132.994, 0.00212333, -50.46, 0.00180552, 130.01
998, 16.63333, 0.340283, -3.28717, 1.19619, -148.557, 1.1353, 28.7499, 0.000480032, 133.051, 0.00211409, -50.3724, 0.0017972, 130.117
999, 16.64167, 0.340491, -3.32783, 1.19215, -148.454, 1.13129, 28.837, 0.000479203, 133.109, 0.00210487, -50.2841, 0.00178891, 130.224
999, 16.65000, 0.340699, -3.36848, 1.18812, -148.351, 1.12728, 28.9248, 0.000478376, 133.167, 0.00209568, -50.1953, 0.00178065, 130.333
999, 16.65833, 0.340907, -3.40914, 1.1841, -148.246, 1.12329, 29.0132, 0.000477552, 133.225, 0.00208652, -50.1058, 0.00177241, 130.442
1000, 16.66667, 0.341116, -3.4498, 1.18008, -148.141, 1.11929, 29.1024, 0.000476731, 133.283, 0.00207738, -50.0156, 0.00176421, 130.552
1001, 16.67500, 0.341324, -3.49046, 1.17607, -148.035, 1.11531, 29.1922, 0.000475913, 133.342, 0.00206828, -49.9248, 0.00175603, 130.663
1001, 16.68333, 0.341534, -3.53112, 1.17207, -147.929, 1.11133, 29.2827, 0.000475097, 133.401, 0.0020592, -49.8334, 0.00174787, 130.774
1002, 16.69167, 0.341743, -3.57179, 1.16808, -147.822, 1.10736, 29.3739, 0.000474284, 133.46, 0.00205014, -49.7413, 0.00173975, 130.887
1002, 16.70000, 0.341953, -3.61245, 1.1641, -147.713, 1.10339, 29.4657, 0.000473474, 133.52, 0.00204112, -49.6485, 0.00173165, 131
1003, 16.70833, 0.342163, -3.65312, 1.16013, -147.604, 1.09944, 29.5583, 0.000472666, 133.58, 0.00203212, -49.5551, 0.00172358, 131.114
1003, 16.71667, 0.342374, -3.69379, 1.15616, -147.495, 1.09549, 29.6516, 0.000471862, 133.64, 0.00202315, -49.461, 0.00171553, 131.229
1004, 16.72500, 0.342585, -3.73446, 1.1522, -147.384, 1.09154, 29.7456, 0.00047106, 133.7, 0.0020142, -49.3662, 0.00170752, 131.345
1004, 16.73333, 0.342796, -3.77513, 1.14825, -147.273, 1.0876, 29.8403, 0.00047026, 133.761, 0.00200529, -49.2707, 0.00169953, 131.462
1005, 16.74167, 0.343008, -3.81581, 1.14431, -147.16, 1.08367, 29.9357, 0.000469464, 133.822, 0.0019964, -49.1746, 0.00169156, 131.579
1005, 16.75000, 0.343219, -3.85649, 1.14038, -147.047, 1.07975, 30.0319, 0.00046867, 133.883, 0.00198753, -49.0777, 0.00168363, 131.698
1006, 16.75833, 0.343432, -3.89717, 1.13645, -146.933, 1.07583, 30.1288, 0.000467879, 133.944, 0.0019787, -48.9802, 0.00167572, 131.817
1006, 16.76667, 0.343644, -3.93785, 1.13254, -146.818, 1.07192, 30.2265, 0.000467091, 134.006, 0.00196989, -48.8819, 0.00166784, 131.938
1007, 16.77500, 0.343857, -3.97853, 1.12863, -146.703, 1.06802, 30.3249, 0.000466306, 134.068, 0.00196111, -48.783, 0.00165999, 132.059
1007, 16.78333, 0.34407, -4.01922, 1.12473, -146.586, 1.06413, 30.424, 0.000465523, 134.13, 0.00195235, -48.6833, 0.00165217, 132.181
1007, 16.79167, 0.344283, -4.05991, 1.12084, -146.469, 1.06024, 30.524, 0.000464743, 134.193, 0.00194362, -48.5829, 0.00164437, 132.305
1008, 16.80000, 0.344497, -4.1006, 1.11696, -146.351, 1.05636, 30.6246, 0.000463966, 134.256, 0.00193492, -48.4817, 0.0016366, 132.429
1009, 16.80833, 0.344711, -4.14129, 1.11308, -146.232, 1.05248, 30.7261, 0.000463192, 134.319, 0.00192625, -48.3799, 0.00162886, 132.554
1009, 16.81667, 0.344926, -4.18199, 1.10922, -146.112, 1.04862, 30.8284, 0.00046242, 134.382, 0.0019176, -48.2773, 0.00162114, 132.68
1010, 16.82500, 0.34514, -4.22269, 1.10536, -145.991, 1.04476, 30.9314, 0.000461651, 134.446, 0.00190898, -48.1739, 0.00161346, 132.807
1010, 16.83333, 0.345355, -4.26339, 1.10152, -145.869, 1.04091, 31.0353, 0.000460885, 134.51, 0.00190039, -48.0698, 0.0016058, 132.935
1011, 16.84167, 0.345571, -4.30409, 1.09768, -145.746, 1.03706, 31.1399, 0.000460122, 134.574, 0.00189183, -47.9649, 0.00159817, 133.064
1011, 16.85000, 0.345786, -4.3448, 1.09385, -145.622, 1.03322, 31.2454, 0.000459361, 134.639, 0.00188329, -47.8593, 0.00159056, 133.194
1012, 16.85833, 0.346002, -4.3855, 1.09003, -145.498, 1.0294, 31.3517, 0.000458604, 134.704, 0.00187478, -47.7529, 0.00158299, 133.325
1012, 16.86667, 0.346219, -4.42622, 1.08622, -145.372, 1.02557, 31.4588, 0.000457849, 134.769, 0.00186629, -47.6457, 0.00157544, 133.457
1013, 16.87500, 0.346435, -4.46693, 1.08242, -145.246, 1.02176, 31.5667, 0.000457097, 134.834, 0.00185784, -47.5378, 0.00156792, 133.589
1013, 16.88333, 0.346652, -4.50765, 1.07863, -145.118, 1.01795, 31.6755, 0.000456347, 134.9, 0.00184941, -47.429, 0.00156043, 133.723
1014, 16.89167, 0.34687, -4.54837, 1.07484, -144.99, 1.01415, 31.7851, 0.000455601, 134.966, 0.001841, -47.3195, 0.00155296, 133.859
1014, 16.90000, 0.347087, -4.58909, 1.07107, -144.861, 1.01036, 31.8956, 0.000454857, 135.032, 0.00183263, -47.2091, 0.00154552, 133.995
1015, 16.90833, 0.347305, -4.62981, 1.06731, -144.73, 1.00657, 32.007, 0.000454116, 135.098, 0.00182428, -47.098, 0.00153811, 134.132
1015, 16.91667, 0.347524, -4.67054, 1.06355, -144.599, 1.0028, 32.1192, 0.000453378, 135.165, 0.00181596, -46.986, 0.00153073, 134.27
1016, 16.92500, 0.347742, -4.71127, 1.05981, -144.467, 0.999027, 32.2323, 0.000452642, 135.232, 0.00180766, -46.8732, 0.00152338, 134.409
1016, 16.93333, 0.347961, -4.752, 1.05607, -144.334, 0.995265, 32.3462, 0.00045191, 135.3, 0.0017994, -46.7596, 0.00151605, 134.549
1016, 16.94167, 0.348181, -4.79274, 1.05234, -144.199, 0.991511, 32.4611, 0.00045118, 135.367, 0.00179116, -46.6451, 0.00150875, 134.691
1017, 16.95000, 0.3484, -4.83348, 1.04863, -144.064, 0.987765, 32.5769, 0.000450453, 135.435, 0.00178295, -46.5298, 0.00150148, 134.833
1018, 16.95833, 0.34862, -4.87422, 1.04492, -143.928, 0.984027, 32.6936, 0.000449729, 135.503, 0.00177476, -46.4136, 0.00149424, 134.977
1018, 16.96667, 0.34884, -4.91497, 1.04122, -143.79, 0.980296, 32.8112, 0.000449008, 135.572, 0.0017666, -46.2966, 0.00148703, 135.122
1019, 16.97500, 0.349061, -4.95572, 1.03754, -143.652, 0.976574, 32.9297, 0.000448289, 135.64, 0.00175847, -46.1787, 0.00147984, 135.268
1019, 16.98333, 0.349282, -4.99647, 1.03386, -143.513, 0.97286, 33.0492, 0.000447574, 135.709, 0.00175037, -46.06, 0.00147269, 135.415
1020, 16.99167, 0.349503, -5.03723, 1.03019, -143.372, 0.969153, 33.1696, 0.000446861, 135.779, 0.00174229, -45.9404, 0.00146556, 135.563
1020, 17.00000, 0.349725, -5.07799, 1.02653, -143.231, 0.965455, 33.291, 0.000446151, 135.848, 0.00173424, -45.8198, 0.00145846, 135.712
1021, 17.00833, 0.349947, -5.11875, 1.02289, -143.088, 0.961765, 33.4133, 0.000445444, 135.918, 0.00172622, -45.6984, 0.00145139, 135.862
1021, 17.01667, 0.350169, -5.15952, 1.01925, -142.945, 0.958083, 33.5366, 0.000444739, 135.988, 0.00171822, -45.5761, 0.00144434, 136.014
1022, 17.02500, 0.350391, -5.20029, 1.01562, -142.8, 0.954409, 33.6608, 0.000444038, 136.059, 0.00171026, -45.4529, 0.00143733, 136.167
1022, 17.03333, 0.350614, -5.24106, 1.01201, -142.654, 0.950744, 33.7861, 0.000443339, 136.13, 0.00170232, -45.3288, 0.00143034, 136.321
1023, 17.04167, 0.350837, -5.28184, 1.0084, -142.507, 0.947087, 33.9123, 0.000442643, 136.201, 0.00169441, -45.2037, 0.00142338, 136.476
1023, 17.05000, 0.351061, -5.32262, 1.0048, -142.359, 0.943438, 34.0396, 0.00044195, 136.272, 0.00168652, -45.0777, 0.00141645, 136.632
1024, 17.05833, 0.351285, -5.36341, 1.00122, -142.21, 0.939798, 34.1678, 0.00044126, 136.343, 0.00167866, -44.9508, 0.00140955, 136.79
1024, 17.06667, 0.351509, -5.4042, 0.997645, -142.06, 0.936165, 34.2971, 0.000440573, 136.415, 0.00167083, -44.8229, 0.00140267, 136.949
1025, 17.07500, 0.351734, -5.44499, 0.994081, -141.909, 0.932542, 34.4274, 0.000439888, 136.487, 0.00166303, -44.6941, 0.00139583, 137.109
1025, 17.08333, 0.351958, -5.48578, 0.990529, -141.756, 0.928927, 34.5587, 0.000439207, 136.56, 0.00165526, -44.5643, 0.00138902, 137.27
1026, 17.09167, 0.352184, -5.52659, 0.986986, -141.602, 0.925321, 34.6911, 0.000438528, 136.633, 0.00164751, -44.4336, 0.00138223, 137.433
1026, 17.10000, 0.352409, -5.56739, 0.983455, -141.448, 0.921723, 34.8246, 0.000437852, 136.706, 0.00163979, -44.3018, 0.00137547, 137.596
1027, 17.10833, 0.352635, -5.6082, 0.979936, -141.292, 0.918135, 34.9591, 0.000437179, 136.779, 0.00163209, -44.1691, 0.00136874, 137.761
1027, 17.11667, 0.352861, -5.64901, 0.976426, -141.134, 0.914554, 35.0947, 0.000436509, 136.852, 0.00162443, -44.0354, 0.00136204, 137.928
1028, 17.12500, 0.353088, -5.68983, 0.972928, -140.976, 0.910983, 35.2313, 0.000435842, 136.926, 0.00161679, -43.9007, 0.00135537, 138.095
1028, 17.13333, 0.353315, -5.73065, 0.969442, -140.817, 0.907421, 35.3691, 0.000435177, 137, 0.00160918, -43.765, 0.00134873, 138.264
1029, 17.14167, 0.353542, -5.77147, 0.965966, -140.656, 0.903867, 35.508, 0.000434516, 137.075, 0.0016016, -43.6282, 0.00134211, 138.435
1029, 17.15000, 0.353769, -5.8123, 0.962503, -140.494, 0.900323, 35.648, 0.000433857, 137.15, 0.00159405, -43.4905, 0.00133553, 138.606
1030, 17.15833, 0.353997, -5.85313, 0.95905, -140.331, 0.896788, 35.7891, 0.000433202, 137.225, 0.00158652, -43.3517, 0.00132898, 138.779
1030, 17.16667, 0.354226, -5.89397, 0.955609, -140.166, 0.893261, 35.9313, 0.000432549, 137.3, 0.00157902, -43.2118, 0.00132245, 138.954
1031, 17.17500, 0.354454, -5.93481, 0.95218, -140.001, 0.889744, 36.0747, 0.000431899, 137.375, 0.00157155, -43.0709, 0.00131596, 139.129
1031, 17.18333, 0.354683, -5.97566, 0.948763, -139.834, 0.886237, 36.2192, 0.000431252, 137.451, 0.00156411, -42.929, 0.00130949, 139.306
1032, 17.19167, 0.354912, -6.01651, 0.945357, -139.666, 0.882738, 36.3649, 0.000430607, 137.527, 0.00155669, -42.7859, 0.00130305, 139.485
1032, 17.20000, 0.355142, -6.05736, 0.941964, -139.497, 0.879249, 36.5118, 0.000429966, 137.604, 0.0015493, -42.6418, 0.00129665, 139.665
1033, 17.20833, 0.355372, -6.09822, 0.938582, -139.326, 0.875769, 36.6599, 0.000429328, 137.68, 0.00154194, -42.4966, 0.00129027, 139.846
1033, 17.21667, 0.355602, -6.13909, 0.935212, -139.154, 0.872299, 36.8091, 0.000428692, 137.757, 0.00153461, -42.3503, 0.00128392, 140.028
1034, 17.22500, 0.355832, -6.17996, 0.931855, -138.981, 0.868838, 36.9596, 0.00042806, 137.835, 0.00152731, -42.203, 0.0012776, 140.212
1034, 17.23333, 0.356063, -6.22083, 0.92851, -138.807, 0.865387, 37.1112, 0.00042743, 137.912, 0.00152004, -42.0545, 0.00127131, 140.398
1035, 17.24167, 0.356294, -6.26171, 0.925177, -138.631, 0.861946, 37.2641, 0.000426804, 137.99, 0.00151279, -41.9048, 0.00126506, 140.585
1035, 17.25000, 0.356526, -6.30259, 0.921857, -138.454, 0.858514, 37.4183, 0.00042618, 138.068, 0.00150557, -41.7541, 0.00125883, 140.773
1036, 17.25833, 0.356758, -6.34348, 0.918549, -138.275, 0.855093, 37.5737, 0.000425559, 138.146, 0.00149838, -41.6022, 0.00125263, 140.963
1036, 17.26667, 0.35699, -6.38437, 0.915254, -138.096, 0.851681, 37.7303, 0.000424941, 138.225, 0.00149122, -41.4492, 0.00124646, 141.154
1037, 17.27500, 0.357223, -6.42527, 0.911972, -137.914, 0.848279, 37.8882, 0.000424326, 138.304, 0.00148408, -41.295, 0.00124032, 141.347
1037, 17.28333, 0.357456, -6.46617, 0.908703, -137.732, 0.844887, 38.0474, 0.000423714, 138.383, 0.00147698, -41.1396, 0.00123422, 141.541
1038, 17.29167, 0.357689, -6.50708, 0.905446, -137.548, 0.841505, 38.2079, 0.000423105, 138.463, 0.0014699, -40.983, 0.00122814, 141.737
1038, 17.30000, 0.357923, -6.54799, 0.902203, -137.363, 0.838134, 38.3696, 0.000422499, 138.543, 0.00146285, -40.8253, 0.00122209, 141.934
1039, 17.30833, 0.358156, -6.58891, 0.898973, -137.177, 0.834773, 38.5327, 0.000421896, 138.623, 0.00145583, -40.6664, 0.00121608, 142.133
1039, 17.31667, 0.358391, -6.62983, 0.895756, -136.989, 0.831422, 38.6972, 0.000421295, 138.703, 0.00144884, -40.5063, 0.00121009, 142.333
1040, 17.32500, 0.358625, -6.67076, 0.892552, -136.799, 0.828082, 38.8629, 0.000420698, 138.784, 0.00144187, -40.3449, 0.00120414, 142.535
1040, 17.33333, 0.35886, -6.71169, 0.889363, -136.609, 0.824752, 39.03, 0.000420104, 138.865, 0.00143494, -40.1824, 0.00119821, 142.739
1041, 17.34167, 0.359096, -6.75264, 0.886186, -136.417, 0.821432, 39.1985, 0.000419512, 138.946, 0.00142803, -40.0185, 0.00119232, 142.944
1041, 17.35000, 0.359331, -6.79358, 0.883023, -136.223, 0.818124, 39.3683, 0.000418924, 139.027, 0.00142116, -39.8535, 0.00118646, 143.15
1042, 17.35833, 0.359567, -6.83453, 0.879874, -136.028, 0.814826, 39.5395, 0.000418339, 139.109, 0.00141431, -39.6872, 0.00118063, 143.358
1042, 17.36667, 0.359804, -6.87548, 0.876739, -135.832, 0.811539, 39.7121, 0.000417756, 139.191, 0.00140749, -39.5196, 0.00117483, 143.568
1043, 17.37500, 0.36004, -6.91644, 0.873618, -135.634, 0.808262, 39.8861, 0.000417177, 139.273, 0.0014007, -39.3508, 0.00116906, 143.779
1043, 17.38333, 0.360277, -6.95741, 0.870511, -135.435, 0.804997, 40.0615, 0.0004166, 139.356, 0.00139394, -39.1807, 0.00116332, 143.992
1044, 17.39167, 0.360515, -6.99838, 0.867418, -135.234, 0.801743, 40.2383, 0.000416027, 139.439, 0.0013872, -39.0093, 0.00115761, 144.207
1044, 17.40000, 0.360752, -7.03936, 0.86434, -135.032, 0.7985, 40.4166, 0.000415456, 139.522, 0.0013805, -38.8366, 0.00115194, 144.423
1045, 17.40833, 0.36099, -7.08034, 0.861276, -134.828, 0.795269, 40.5964, 0.000414889, 139.605, 0.00137383, -38.6626, 0.0011463, 144.641
1045, 17.41667, 0.361229, -7.12133, 0.858227, -134.623, 0.792048, 40.7776, 0.000414324, 139.689, 0.00136718, -38.4872, 0.00114069, 144.861
1046, 17.42500, 0.361467, -7.16233, 0.855192, -134.417, 0.788839, 40.9602, 0.000413762, 139.773, 0.00136057, -38.3106, 0.00113511, 145.082
1046, 17.43333, 0.361706, -7.20332, 0.852173, -134.208, 0.785642, 41.1444, 0.000413204, 139.857, 0.00135398, -38.1325, 0.00112956, 145.305
1047, 17.44167, 0.361946, -7.24433, 0.849168, -133.999, 0.782456, 41.33, 0.000412648, 139.942, 0.00134742, -37.9532, 0.00112404, 145.53
1047, 17.45000, 0.362186, -7.28535, 0.846178, -133.788, 0.779282, 41.5172, 0.000412096, 140.027, 0.0013409, -37.7724, 0.00111856, 145.756
1048, 17.45833, 0.362426, -7.32636, 0.843204, -133.575, 0.77612, 41.7059, 0.000411546, 140.112, 0.0013344, -37.5904, 0.00111311, 145.984
1048, 17.46667, 0.362666, -7.36739, 0.840244, -133.361, 0.772969, 41.8961, 0.000411, 140.197, 0.00132793, -37.4069, 0.00110769, 146.214
1049, 17.47500, 0.362907, -7.40842, 0.837301, -133.145, 0.769831, 42.0879, 0.000410457, 140.283, 0.00132149, -37.222, 0.00110231, 146.445
1049, 17.48333, 0.363148, -7.44945, 0.834372, -132.928, 0.766705, 42.2812, 0.000409916, 140.369, 0.00131509, -37.0357, 0.00109695, 146.678
1050, 17.49167, 0.36339, -7.4905, 0.83146, -132.709, 0.76359, 42.4761, 0.000409379, 140.455, 0.00130871, -36.848, 0.00109163, 146.913
1050, 17.50000, 0.363632, -7.53155, 0.828563, -132.489, 0.760489, 42.6726, 0.000408844, 140.541, 0.00130236, -36.6589, 0.00108634, 147.15
1051, 17.50833, 0.363874, -7.5726, 0.825682, -132.267, 0.757399, 42.8707, 0.000408313, 140.628, 0.00129604, -36.4684, 0.00108109, 147.388
1051, 17.51667, 0.364116, -7.61367, 0.822817, -132.043, 0.754322, 43.0704, 0.000407785, 140.715, 0.00128975, -36.2764, 0.00107587, 147.629
1052, 17.52500, 0.364359, -7.65473, 0.819969, -131.818, 0.751258, 43.2717, 0.00040726, 140.802, 0.00128349, -36.0829, 0.00107068, 147.871
1052, 17.53333, 0.364602, -7.69581, 0.817136, -131.591, 0.748206, 43.4746, 0.000406737, 140.89, 0.00127727, -35.888, 0.00106552, 148.114
1053, 17.54167, 0.364846, -7.73689, 0.81432, -131.363, 0.745167, 43.6792, 0.000406218, 140.977, 0.00127107, -35.6916, 0.0010604, 148.36
1053, 17.55000, 0.36509, -7.77798, 0.811521, -131.133, 0.742142, 43.8855, 0.000405702, 141.065, 0.0012649, -35.4938, 0.00105531, 148.607
1054, 17.55833, 0.365334, -7.81907, 0.808739, -130.902, 0.739129, 44.0934, 0.000405189, 141.154, 0.00125876, -35.2944, 0.00105025, 148.856
1054, 17.56667, 0.365579, -7.86017, 0.805973, -130.668, 0.736129, 44.303, 0.00040468, 141.242, 0.00125266, -35.0935, 0.00104523, 149.108
1055, 17.57500, 0.365824, -7.90128, 0.803224, -130.434, 0.733143, 44.5143, 0.000404173, 141.331, 0.00124658, -34.8911, 0.00104024, 149.36
1055, 17.58333, 0.366069, -7.94239, 0.800493, -130.197, 0.73017, 44.7272, 0.000403669, 141.42, 0.00124054, -34.6872, 0.00103529, 149.615
1056, 17.59167, 0.366315, -7.98352, 0.797778, -129.959, 0.72721, 44.942, 0.000403168, 141.51, 0.00123452, -34.4818, 0.00103037, 149.872
1056, 17.60000, 0.366561, -8.02464, 0.795081, -129.72, 0.724264, 45.1584, 0.000402671, 141.599, 0.00122854, -34.2748, 0.00102548, 150.13
1057, 17.60833, 0.366807, -8.06578, 0.792402, -129.478, 0.721332, 45.3766, 0.000402176, 141.689, 0.00122259, -34.0663, 0.00102063, 150.39
1057, 17.61667, 0.367054, -8.10692, 0.78974, -129.236, 0.718413, 45.5965, 0.000401685, 141.779, 0.00121667, -33.8561, 0.00101581, 150.652
1058, 17.62500, 0.367301, -8.14807, 0.787096, -128.991, 0.715509, 45.8182, 0.000401197, 141.87, 0.00121078, -33.6445, 0.00101103, 150.916
1058, 17.63333, 0.367549, -8.18922, 0.78447, -128.745, 0.712618, 46.0417, 0.000400711, 141.96, 0.00120492, -33.4312, 0.00100628, 151.182
1059, 17.64167, 0.367796, -8.23039, 0.781862, -128.497, 0.709742, 46.267, 0.000400229, 142.051, 0.00119909, -33.2163, 0.00100157, 151.45
1059, 17.65000, 0.368045, -8.27156, 0.779273, -128.247, 0.70688, 46.494, 0.00039975, 142.142, 0.0011933, -32.9999, 0.000996889, 151.719
1060, 17.65833, 0.368293, -8.31273, 0.776702, -127.996, 0.704033, 46.7229, 0.000399274, 142.234, 0.00118754, -32.7818, 0.000992245, 151.991
1060, 17.66667, 0.368542, -8.35392, 0.774149, -127.743, 0.7012, 46.9536, 0.000398802, 142.326, 0.0011818, -32.562, 0.000987636, 152.264
1061, 17.67500, 0.368791, -8.39511, 0.771615, -127.489, 0.698382, 47.1862, 0.000398332, 142.417, 0.0011761, -32.3407, 0.000983062, 152.54
1061, 17.68333, 0.369041, -8.43631, 0.7691, -127.232, 0.695578, 47.4206, 0.000397866, 142.51, 0.00117044, -32.1177, 0.000978524, 152.817
1062, 17.69167, 0.369291, -8.47752, 0.766604, -126.975, 0.69279, 47.6568, 0.000397402, 142.602, 0.0011648, -31.8931, 0.000974021, 153.096
1062, 17.70000, 0.369541, -8.51873, 0.764127, -126.715, 0.690017, 47.895, 0.000396942, 142.695, 0.0011592, -31.6667, 0.000969554, 153.377
1063, 17.70833, 0.369792, -8.55995, 0.761669, -126.454, 0.687259, 48.135, 0.000396485, 142.788, 0.00115362, -31.4388, 0.000965122, 153.66
1063, 17.71667, 0.370043, -8.60119, 0.75923, -126.191, 0.684516, 48.3769, 0.000396031, 142.881, 0.00114808, -31.2091, 0.000960726, 153.945
1063, 17.72500, 0.370294, -8.64242, 0.756812, -125.926, 0.681789, 48.6207, 0.00039558, 142.974, 0.00114258, -30.9777, 0.000956366, 154.231
1064, 17.73333, 0.370546, -8.68367, 0.754413, -125.66, 0.679077, 48.8664, 0.000395133, 143.068, 0.0011371, -30.7447, 0.000952043, 154.52
1065, 17.74167, 0.370798, -8.72492, 0.752033, -125.392, 0.676381, 49.114, 0.000394688, 143.162, 0.00113166, -30.5099, 0.000947755, 154.811
1065, 17.75000, 0.37105, -8.76618, 0.749674, -125.122, 0.673701, 49.3636, 0.000394247, 143.256, 0.00112625, -30.2734, 0.000943503, 155.103
1065, 17.75833, 0.371303, -8.80745, 0.747335, -124.85, 0.671037, 49.6151, 0.000393809, 143.351, 0.00112088, -30.0352, 0.000939289, 155.398
1066, 17.76667, 0.371556, -8.84873, 0.745017, -124.577, 0.668389, 49.8686, 0.000393374, 143.445, 0.00111553, -29.7952, 0.00093511, 155.694
1067, 17.77500, 0.37181, -8.89001, 0.742719, -124.302, 0.665758, 50.124, 0.000392942, 143.54, 0.00111022, -29.5535, 0.000930969, 155.992
1067, 17.78333, 0.372064, -8.9313, 0.740441, -124.026, 0.663143, 50.3814, 0.000392513, 143.635, 0.00110495, -29.3101, 0.000926864, 156.292
1067, 17.79167, 0.372318, -8.9726, 0.738184, -123.748, 0.660545, 50.6409, 0.000392088, 143.731, 0.0010997, -29.0649, 0.000922796, 156.595
1068, 17.80000, 0.372573, -9.01391, 0.735949, -123.468, 0.657963, 50.9023, 0.000391666, 143.827, 0.00109449, -28.8179, 0.000918765, 156.899
1069, 17.80833, 0.372828, -9.05522, 0.733734, -123.186, 0.655399, 51.1656, 0.000391246, 143.922, 0.00108931, -28.5692, 0.000914772, 157.205
1069, 17.81667, 0.373083, -9.09655, 0.73154, -122.903, 0.652851, 51.4311, 0.000390831, 144.018, 0.00108417, -28.3186, 0.000910815, 157.513
1069, 17.82500, 0.373339, -9.13788, 0.729368, -122.618, 0.650321, 51.6985, 0.000390418, 144.115, 0.00107906, -28.0663, 0.000906896, 157.822
1070, 17.83333, 0.373595, -9.17922, 0.727218, -122.331, 0.647808, 51.9679, 0.000390008, 144.211, 0.00107399, -27.8121, 0.000903015, 158.134
1071, 17.84167, 0.373851, -9.22057, 0.725089, -122.043, 0.645312, 52.2395, 0.000389602, 144.308, 0.00106894, -27.5562, 0.000899171, 158.448
1071, 17.85000, 0.374108, -9.26193, 0.722982, -121.753, 0.642834, 52.513, 0.000389199, 144.405, 0.00106394, -27.2984, 0.000895365, 158.763
1071, 17.85833, 0.374365, -9.30329, 0.720897, -121.461, 0.640375, 52.7886, 0.000388799, 144.502, 0.00105896, -27.0389, 0.000891597, 159.081
1072, 17.86667, 0.374622, -9.34467, 0.718834, -121.168, 0.637932, 53.0662, 0.000388403, 144.6, 0.00105403, -26.7774, 0.000887867, 159.4
1073, 17.87500, 0.37488, -9.38605, 0.716794, -120.873, 0.635509, 53.3459, 0.000388009, 144.698, 0.00104912, -26.5142, 0.000884175, 159.721
1073, 17.88333, 0.375139, -9.42744, 0.714776, -120.576, 0.633103, 53.6277, 0.000387619, 144.796, 0.00104425, -26.2491, 0.000880521, 160.044
1073, 17.89167, 0.375397, -9.46885, 0.712781, -120.278, 0.630716, 53.9116, 0.000387232, 144.894, 0.00103942, -25.9822, 0.000876906, 160.369
1074, 17.90000, 0.375656, -9.51025, 0.710809, -119.978, 0.628347, 54.1975, 0.000386848, 144.992, 0.00103462, -25.7134, 0.000873329, 160.696
1075, 17.90833, 0.375915, -9.55167, 0.708859, -119.677, 0.625998, 54.4855, 0.000386468, 145.091, 0.00102985, -25.4428, 0.00086979, 161.025
1075, 17.91667, 0.376175, -9.5931, 0.706933, -119.373, 0.623667, 54.7757, 0.000386091, 145.19, 0.00102512, -25.1703, 0.000866291, 161.355
1075, 17.92500, 0.376435, -9.63453, 0.70503, -119.069, 0.621355, 55.0679, 0.000385717, 145.289, 0.00102043, -24.896, 0.00086283, 161.687
1076, 17.93333, 0.376696, -9.67598, 0.70315, -118.762, 0.619063, 55.3622, 0.000385346, 145.388, 0.00101577, -24.6197, 0.000859408, 162.022
1077, 17.94167, 0.376957, -9.71743, 0.701294, -118.454, 0.616789, 55.6587, 0.000384978, 145.487, 0.00101114, -24.3416, 0.000856025, 162.358
1077, 17.95000, 0.377218, -9.7589, 0.699461, -118.144, 0.614536, 55.9572, 0.000384614, 145.587, 0.00100656, -24.0616, 0.000852681, 162.695
1077, 17.95833, 0.377479, -9.80037, 0.697653, -117.833, 0.612303, 56.2579, 0.000384253, 145.687, 0.001002, -23.7798, 0.000849376, 163.035
1078, 17.96667, 0.377741, -9.84185, 0.695868, -117.52, 0.610089, 56.5607, 0.000383895, 145.787, 0.000997487, -23.496, 0.00084611, 163.376
1079, 17.97500, 0.378004, -9.88334, 0.694108, -117.206, 0.607895, 56.8655, 0.000383541, 145.887, 0.000993007, -23.2104, 0.000842884, 163.719
1079, 17.98333, 0.378266, -9.92484, 0.692372, -116.89, 0.605722, 57.1725, 0.00038319, 145.988, 0.000988562, -22.9229, 0.000839698, 164.064
1079, 17.99167, 0.378529, -9.96635, 0.69066, -116.573, 0.603568, 57.4817, 0.000382842, 146.089, 0.000984153, -22.6335, 0.00083655, 164.411
1080, 18.00000, 0.378793, -10.0079, 0.688973, -116.254, 0.601436, 57.7929, 0.000382497, 146.189, 0.000979782, -22.3422, 0.000833443, 164.759
1081, 18.00833, 0.379056, -10.0494, 0.687311, -115.933, 0.599325, 58.1063, 0.000382156, 146.291, 0.000975446, -22.049, 0.000830376, 165.109
1081, 18.01667, 0.379321, -10.0909, 0.685674, -115.611, 0.597234, 58.4218, 0.000381818, 146.392, 0.000971147, -21.7539, 0.000827347, 165.461
1081, 18.02500, 0.379585, -10.1325, 0.684061, -115.288, 0.595164, 58.7394, 0.000381483, 146.493, 0.000966885, -21.4569, 0.000824359, 165.814
1082, 18.03333, 0.37985, -10.174, 0.682474, -114.963, 0.593116, 59.0591, 0.000381152, 146.595, 0.00096266, -21.158, 0.000821412, 166.169
1083, 18.04167, 0.380115, -10.2156, 0.680912, -114.636, 0.591089, 59.3809, 0.000380823, 146.697, 0.000958472, -20.8572, 0.000818503, 166.526
1083, 18.05000, 0.380381, -10.2572, 0.679376, -114.308, 0.589084, 59.7048, 0.000380499, 146.799, 0.000954321, -20.5545, 0.000815635, 166.884
1083, 18.05833, 0.380647, -10.2988, 0.677865, -113.979, 0.5871, 60.0309, 0.000380177, 146.901, 0.000950207, -20.25, 0.000812808, 167.244
1084, 18.06667, 0.380913, -10.3404, 0.67638, -113.648, 0.585138, 60.359, 0.000379859, 147.004, 0.00094613, -19.9435, 0.00081002, 167.605
1085, 18.07500, 0.38118, -10.382, 0.674921, -113.316, 0.583199, 60.6893, 0.000379544, 147.107, 0.000942091, -19.6351, 0.000807273, 167.968
1085, 18.08333, 0.381447, -10.4236, 0.673488, -112.983, 0.581282, 61.0216, 0.000379232, 147.209, 0.00093809, -19.3249, 0.000804566, 168.333
1085, 18.09167, 0.381715, -10.4652, 0.672081, -112.648, 0.579387, 61.356, 0.000378924, 147.312, 0.000934126, -19.0128, 0.0008019, 168.699
1086, 18.10000, 0.381983, -10.5068, 0.6707, -112.312, 0.577515, 61.6925, 0.000378619, 147.416, 0.0009302, -18.6988, 0.000799274, 169.066
1087, 18.10833, 0.382251, -10.5485, 0.669346, -111.974, 0.575666, 62.0311, 0.000378317, 147.519, 0.000926313, -18.3829, 0.000796689, 169.435
1087, 18.11667, 0.38252, -10.5901, 0.668018, -111.635, 0.57384, 62.3717, 0.000378019, 147.623, 0.000922463, -18.0651, 0.000794143, 169.805
1087, 18.12500, 0.382789, -10.6318, 0.666717, -111.295, 0.572037, 62.7144, 0.000377724, 147.726, 0.000918651, -17.7455, 0.000791639, 170.177
1088, 18.13333, 0.383058, -10.6735, 0.665443, -110.954, 0.570257, 63.0591, 0.000377433, 147.83, 0.000914878, -17.4241, 0.000789176, 170.55
1089, 18.14167, 0.383328, -10.7152, 0.664195, -110.611, 0.568501, 63.4059, 0.000377144, 147.934, 0.000911143, -17.1007, 0.000786752, 170.924
1089, 18.15000, 0.383598, -10.7569, 0.662975, -110.268, 0.566768, 63.7547, 0.000376859, 148.039, 0.000907447, -16.7755, 0.00078437, 171.3
1089, 18.15833, 0.383868, -10.7986, 0.661782, -109.923, 0.565059, 64.1054, 0.000376578, 148.143, 0.00090379, -16.4485, 0.000782029, 171.677
1090, 18.16667, 0.384139, -10.8403, 0.660615, -109.576, 0.563374, 64.4582, 0.000376299, 148.248, 0.000900171, -16.1196, 0.000779727, 172.055
1091, 18.17500, 0.384411, -10.882, 0.659477, -109.229, 0.561714, 64.813, 0.000376025, 148.352, 0.000896591, -15.789, 0.000777467, 172.435
1091, 18.18333, 0.384682, -10.9238, 0.658365, -108.881, 0.560077, 65.1697, 0.000375753, 148.457, 0.000893051, -15.4565, 0.000775248, 172.815
1091, 18.19167, 0.384954, -10.9655, 0.657282, -108.531, 0.558465, 65.5284, 0.000375485, 148.562, 0.000889549, -15.1222, 0.000773069, 173.197
1092, 18.20000, 0.385227, -11.0073, 0.656225, -108.181, 0.556878, 65.889, 0.00037522, 148.668, 0.000886087, -14.7861, 0.000770931, 173.58
1093, 18.20833, 0.3855, -11.049, 0.655197, -107.829, 0.555316, 66.2515, 0.000374959, 148.773, 0.000882664, -14.4482, 0.000768834, 173.964
1093, 18.21667, 0.385773, -11.0908, 0.654197, -107.477, 0.553778, 66.616, 0.000374701, 148.879, 0.00087928, -14.1086, 0.000766777, 174.349
1093, 18.22500, 0.386047, -11.1326, 0.653224, -107.123, 0.552266, 66.9823, 0.000374446, 148.984, 0.000875936, -13.7672, 0.000764761, 174.736
1094, 18.23333, 0.386321, -11.1744, 0.65228, -106.768, 0.550779, 67.3505, 0.000374195, 149.09, 0.000872632, -13.4241, 0.000762786, 175.123
1095, 18.24167, 0.386595, -11.2162, 0.651363, -106.413, 0.549317, 67.7206, 0.000373947, 149.196, 0.000869367, -13.0791, 0.000760852, 175.511
1095, 18.25000, 0.38687, -11.2581, 0.650475, -106.056, 0.547881, 68.0924, 0.000373702, 149.302, 0.000866142, -12.7326, 0.000758958, 175.9
1095, 18.25833, 0.387145, -11.2999, 0.649616, -105.699, 0.54647, 68.466, 0.000373461, 149.408, 0.000862957, -12.3843, 0.000757105, 176.29
1096, 18.26667, 0.38742, -11.3417, 0.648784, -105.341, 0.545086, 68.8415, 0.000373223, 149.515, 0.000859812, -12.0343, 0.000755292, 176.681
1097, 18.27500, 0.387696, -11.3836, 0.647981, -104.982, 0.543727, 69.2187, 0.000372989, 149.621, 0.000856707, -11.6826, 0.00075352, 177.072
1097, 18.28333, 0.387973, -11.4255, 0.647207, -104.622, 0.542395, 69.5976, 0.000372758, 149.728, 0.000853643, -11.3293, 0.000751788, 177.465
1098, 18.29167, 0.388249, -11.4674, 0.646461, -104.262, 0.541089, 69.9782, 0.00037253, 149.835, 0.000850618, -10.9743, 0.000750096, 177.858
1098, 18.30000, 0.388526, -11.5092, 0.645744, -103.9, 0.53981, 70.3605, 0.000372306, 149.942, 0.000847634, -10.6177, 0.000748445, 178.252
1099, 18.30833, 0.388804, -11.5511, 0.645056, -103.539, 0.538557, 70.7444, 0.000372086, 150.049, 0.000844691, -10.2596, 0.000746835, 178.646
1099, 18.31667, 0.389082, -11.5931, 0.644396, -103.176, 0.537331, 71.13, 0.000371868, 150.156, 0.000841787, -9.89979, 0.000745264, 179.041
1100, 18.32500, 0.38936, -11.635, 0.643766, -102.813, 0.536132, 71.5172, 0.000371654, 150.264, 0.000838925, -9.53849, 0.000743734, 179.437
1100, 18.33333, 0.389638, -11.6769, 0.643164, -102.449, 0.534959, 71.9059, 0.000371444, 150.371, 0.000836103, -9.17564, 0.000742243, 179.833
1101, 18.34167, 0.389918, -11.7189, 0.642591, -102.084, 0.533814, 72.2962, 0.000371237, 150.479, 0.000833322, -8.81123, 0.000740793, -179.77
1101, 18.35000, 0.390197, -11.7608, 0.642047, -101.72, 0.532696, 72.6879, 0.000371033, 150.586, 0.000830581, -8.44537, 0.000739382, -179.373
1102, 18.35833, 0.390477, -11.8028, 0.641533, -101.354, 0.531606, 73.0811, 0.000370833, 150.694, 0.000827882, -8.07803, 0.000738011, -178.975
1102, 18.36667, 0.390757, -11.8448, 0.641047, -100.988, 0.530543, 73.4758, 0.000370636, 150.802, 0.000825223, -7.7092, 0.00073668, -178.577
1103, 18.37500, 0.391038, -11.8868, 0.640591, -100.622, 0.529507, 73.8719, 0.000370442, 150.91, 0.000822605, -7.33898, 0.000735388, -178.179
1103, 18.38333, 0.391319, -11.9288, 0.640163, -100.255, 0.5285, 74.2693, 0.000370252, 151.018, 0.000820028, -6.96737, 0.000734136, -177.78
1104, 18.39167, 0.3916, -11.9708, 0.639765, -99.8879, 0.52752, 74.6681, 0.000370066, 151.126, 0.000817491, -6.59433, 0.000732923, -177.381
1104, 18.40000, 0.391882, -12.0129, 0.639396, -99.5205, 0.526568, 75.0681, 0.000369883, 151.235, 0.000814997, -6.21999, 0.000731749, -176.982
1105, 18.40833, 0.392164, -12.0549, 0.639057, -99.1527, 0.525644, 75.4695, 0.000369703, 151.343, 0.000812543, -5.84433, 0.000730614, -176.583
1105, 18.41667, 0.392446, -12.097, 0.638746, -98.7847, 0.524749, 75.872, 0.000369527, 151.452, 0.00081013, -5.46732, 0.000729518, -176.183
1106, 18.42500, 0.392729, -12.1391, 0.638465, -98.4164, 0.523881, 76.2757, 0.000369354, 151.56, 0.000807758, -5.0891, 0.000728461, -175.784
1106, 18.43333, 0.393013, -12.1811, 0.638213, -98.048, 0.523042, 76.6806, 0.000369185, 151.669, 0.000805427, -4.70963, 0.000727443, -175.384
1107, 18.44167, 0.393296, -12.2232, 0.63799, -97.6793, 0.522231, 77.0866, 0.000369019, 151.778, 0.000803138, -4.32891, 0.000726462, -174.985
1107, 18.45000, 0.393581, -12.2653, 0.637797, -97.3106, 0.521449, 77.4936, 0.000368856, 151.887, 0.000800889, -3.94706, 0.00072552, -174.585
1108, 18.45833, 0.393865, -12.3075, 0.637633, -96.9418, 0.520696, 77.9017, 0.000368697, 151.996, 0.000798682, -3.56406, 0.000724617, -174.186
1108, 18.46667, 0.39415, -12.3496, 0.637498, -96.5729, 0.519971, 78.3108, 0.000368542, 152.105, 0.000796516, -3.17989, 0.000723751, -173.786
1109, 18.47500, 0.394435, -12.3918, 0.637393, -96.204, 0.519275, 78.7207, 0.00036839, 152.214, 0.000794391, -2.79468, 0.000722922, -173.387
1109, 18.48333, 0.394721, -12.4339, 0.637316, -95.8351, 0.518607, 79.1316, 0.000368241, 152.323, 0.000792307, -2.40842, 0.000722132, -172.988
1110, 18.49167, 0.395007, -12.4761, 0.637269, -95.4662, 0.517969, 79.5434, 0.000368096, 152.432, 0.000790265, -2.0211, 0.000721379, -172.589
1110, 18.50000, 0.395294, -12.5183, 0.637252, -95.0974, 0.517359, 79.9559, 0.000367954, 152.542, 0.000788263, -1.63283, 0.000720663, -172.191
1111, 18.50833, 0.395581, -12.5605, 0.637263, -94.7288, 0.516779, 80.3692, 0.000367816, 152.651, 0.000786303, -1.24361, 0.000719984, -171.793
1111, 18.51667, 0.395868, -12.6027, 0.637303, -94.3603, 0.516227, 80.7832, 0.000367681, 152.761, 0.000784383, -0.853425, 0.000719342, -171.395
1112, 18.52500, 0.396156, -12.6449, 0.637373, -93.992, 0.515705, 81.1979, 0.00036755, 152.87, 0.000782505, -0.462401, 0.000718736, -170.997
1112, 18.53333, 0.396444, -12.6871, 0.637472, -93.6239, 0.515212, 81.6132, 0.000367422, 152.98, 0.000780668, -0.0705292, 0.000718167, -170.6
1113, 18.54167, 0.396733, -12.7294, 0.6376, -93.2561, 0.514747, 82.0291, 0.000367297, 153.09, 0.000778871, 0.322203, 0.000717634, -170.204
1113, 18.55000, 0.397021, -12.7717, 0.637756, -92.8886, 0.514312, 82.4455, 0.000367176, 153.199, 0.000777116, 0.715664, 0.000717136, -169.808
1114, 18.55833, 0.397311, -12.8139, 0.637942, -92.5214, 0.513907, 82.8624, 0.000367059, 153.309, 0.000775401, 1.10986, 0.000716675, -169.413
1114, 18.56667, 0.397601, -12.8562, 0.638157, -92.1545, 0.51353, 83.2798, 0.000366945, 153.419, 0.000773727, 1.50482, 0.000716249, -169.018
1115, 18.57500, 0.397891, -12.8985, 0.6384, -91.7881, 0.513183, 83.6975, 0.000366834, 153.529, 0.000772094, 1.90038, 0.000715858, -168.624
1115, 18.58333, 0.398181, -12.9408, 0.638672, -91.4221, 0.512865, 84.1156, 0.000366727, 153.639, 0.000770501, 2.29658, 0.000715503, -168.231
1116, 18.59167, 0.398472, -12.9832, 0.638973, -91.0565, 0.512576, 84.534, 0.000366624, 153.749, 0.000768949, 2.69341, 0.000715182, -167.838
1116, 18.60000, 0.398764, -13.0255, 0.639303, -90.6914, 0.512317, 84.9526, 0.000366524, 153.859, 0.000767438, 3.09075, 0.000714895, -167.446
1117, 18.60833, 0.399055, -13.0679, 0.639661, -90.3269, 0.512086, 85.3714, 0.000366427, 153.969, 0.000765967, 3.48859, 0.000714643, -167.055
1117, 18.61667, 0.399348, -13.1103, 0.640048, -89.9629, 0.511885, 85.7904, 0.000366334, 154.079, 0.000764536, 3.88696, 0.000714425, -166.665
1118, 18.62500, 0.39964, -13.1526, 0.640463, -89.5996, 0.511714, 86.2095, 0.000366244, 154.189, 0.000763145, 4.28571, 0.00071424, -166.275
1118, 18.63333, 0.399933, -13.195, 0.640906, -89.2368, 0.511571, 86.6286, 0.000366158, 154.299, 0.000761795, 4.68485, 0.00071409, -165.887
1119, 18.64167, 0.400227, -13.2375, 0.641378, -88.8747, 0.511458, 87.0477, 0.000366076, 154.41, 0.000760484, 5.0844, 0.000713972, -165.499
1119, 18.65000, 0.40052, -13.2799, 0.641878, -88.5134, 0.511374, 87.4668, 0.000365997, 154.52, 0.000759214, 5.48421, 0.000713887, -165.113
1120, 18.65833, 0.400815, -13.3223, 0.642406, -88.1527, 0.511319, 87.8857, 0.000365921, 154.63, 0.000757983, 5.88429, 0.000713835, -164.727
1120, 18.66667, 0.401109, -13.3648, 0.642962, -87.7927, 0.511294, 88.3046, 0.000365849, 154.74, 0.000756792, 6.28466, 0.000713815, -164.342
1121, 18.67500, 0.401404, -13.4072, 0.643546, -87.4336, 0.511297, 88.7232, 0.00036578, 154.851, 0.00075564, 6.68516, 0.000713828, -163.959
1121, 18.68333, 0.4017, -13.4497, 0.644158, -87.0753, 0.51133, 89.1416, 0.000365715, 154.961, 0.000754528, 7.08582, 0.000713872, -163.577
1122, 18.69167, 0.401996, -13.4922, 0.644797, -86.7178, 0.511391, 89.5597, 0.000365653, 155.071, 0.000753455, 7.48664, 0.000713948, -163.195
1122, 18.70000, 0.402292, -13.5347, 0.645464, -86.3612, 0.511482, 89.9775, 0.000365595, 155.182, 0.000752421, 7.88748, 0.000714055, -162.815
1123, 18.70833, 0.402589, -13.5773, 0.646159, -86.0055, 0.511601, 90.3948, 0.00036554, 155.292, 0.000751426, 8.28835, 0.000714193, -162.437
1123, 18.71667, 0.402886, -13.6198, 0.64688, -85.6507, 0.511749, 90.8118, 0.000365489, 155.402, 0.000750469, 8.68925, 0.000714362, -162.059
1124, 18.72500, 0.403183, -13.6624, 0.647629, -85.2969, 0.511926, 91.2282, 0.000365441, 155.512, 0.000749552, 9.09006, 0.000714561, -161.683
1124, 18.73333, 0.403481, -13.7049, 0.648406, -84.944, 0.512131, 91.6441, 0.000365397, 155.623, 0.000748672, 9.49077, 0.00071479, -161.308
1125, 18.74167, 0.40378, -13.7475, 0.649209, -84.5922, 0.512365, 92.0595, 0.000365356, 155.733, 0.000747831, 9.89139, 0.00071505, -160.934
1125, 18.75000, 0.404078, -13.7901, 0.650039, -84.2414, 0.512628, 92.4742, 0.000365319, 155.843, 0.000747029, 10.2918, 0.000715338, -160.562
1126, 18.75833, 0.404378, -13.8327, 0.650896, -83.8917, 0.512919, 92.8883, 0.000365285, 155.954, 0.000746264, 10.692, 0.000715656, -160.191
1126, 18.76667, 0.404677, -13.8754, 0.651779, -83.543, 0.513239, 93.3017, 0.000365255, 156.064, 0.000745536, 11.092, 0.000716003, -159.821
1127, 18.77500, 0.404977, -13.918, 0.652689, -83.1955, 0.513586, 93.7142, 0.000365228, 156.174, 0.000744846, 11.4916, 0.000716378, -159.453
1127, 18.78333, 0.405278, -13.9607, 0.653626, -82.8491, 0.513962, 94.126, 0.000365205, 156.284, 0.000744194, 11.8909, 0.000716781, -159.086
1128, 18.79167, 0.405579, -14.0033, 0.654588, -82.5038, 0.514366, 94.537, 0.000365185, 156.395, 0.000743579, 12.2899, 0.000717213, -158.721
1128, 18.80000, 0.40588, -14.046, 0.655577, -82.1598, 0.514798, 94.947, 0.000365169, 156.505, 0.000743, 12.6884, 0.000717672, -158.357
1129, 18.80833, 0.406181, -14.0887, 0.656592, -81.8169, 0.515257, 95.3561, 0.000365156, 156.615, 0.000742459, 13.0865, 0.000718159, -157.995
1129, 18.81667, 0.406484, -14.1315, 0.657632, -81.4753, 0.515745, 95.7643, 0.000365147, 156.725, 0.000741953, 13.4841, 0.000718672, -157.635
1130, 18.82500, 0.406786, -14.1742, 0.658698, -81.1349, 0.516259, 96.1713, 0.000365141, 156.835, 0.000741484, 13.8811, 0.000719213, -157.275
1130, 18.83333, 0.407089, -14.2169, 0.65979, -80.7959, 0.516802, 96.5774, 0.000365139, 156.945, 0.000741051, 14.2776, 0.000719779, -156.918
1131, 18.84167, 0.407393, -14.2597, 0.660907, -80.4581, 0.517372, 96.9824, 0.00036514, 157.055, 0.000740654, 14.6735, 0.000720372, -156.562
1131, 18.85000, 0.407696, -14.3025, 0.662049, -80.1216, 0.517968, 97.3862, 0.000365145, 157.165, 0.000740292, 15.0687, 0.000720991, -156.208
1132, 18.85833, 0.408001, -14.3453, 0.663217, -79.7864, 0.518592, 97.7888, 0.000365153, 157.275, 0.000739966, 15.4633, 0.000721635, -155.855
1132, 18.86667, 0.408305, -14.3881, 0.664409, -79.4526, 0.519243, 98.1903, 0.000365165, 157.385, 0.000739675, 15.8572, 0.000722304, -155.504
1133, 18.87500, 0.40861, -14.4309, 0.665626, -79.1202, 0.519921, 98.5904, 0.00036518, 157.495, 0.000739418, 16.2502, 0.000722998, -155.155
1133, 18.88333, 0.408916, -14.4738, 0.666868, -78.7892, 0.520625, 98.9893, 0.000365199, 157.605, 0.000739196, 16.6425, 0.000723717, -154.807
1134, 18.89167, 0.409222, -14.5166, 0.668134, -78.4595, 0.521356, 99.3869, 0.000365221, 157.714, 0.000739009, 17.034, 0.00072446, -154.461
1134, 18.90000, 0.409528, -14.5595, 0.669424, -78.1313, 0.522113, 99.783, 0.000365247, 157.824, 0.000738855, 17.4246, 0.000725226, -154.117
1135, 18.90833, 0.409835, -14.6024, 0.670739, -77.8046, 0.522897, 100.178, 0.000365276, 157.934, 0.000738736, 17.8143, 0.000726016, -153.775
1135, 18.91667, 0.410142, -14.6453, 0.672077, -77.4792, 0.523706, 100.571, 0.000365309, 158.043, 0.000738649, 18.2031, 0.00072683, -153.434
1136, 18.92500, 0.41045, -14.6882, 0.67344, -77.1554, 0.524541, 100.963, 0.000365345, 158.153, 0.000738596, 18.5909, 0.000727666, -153.095
1136, 18.93333, 0.410758, -14.7312, 0.674826, -76.8331, 0.525402, 101.354, 0.000365385, 158.262, 0.000738577, 18.9777, 0.000728526, -152.758
1137, 18.94167, 0.411066, -14.7741, 0.676235, -76.5122, 0.526289, 101.742, 0.000365428, 158.371, 0.000738589, 19.3636, 0.000729407, -152.422
1137, 18.95000, 0.411375, -14.8171, 0.677668, -76.1928, 0.527201, 102.13, 0.000365475, 158.48, 0.000738634, 19.7483, 0.00073031, -152.089
1138, 18.95833, 0.411684, -14.8601, 0.679124, -75.875, 0.528138, 102.515, 0.000365525, 158.59, 0.000738712, 20.1319, 0.000731235, -151.757
1138, 18.96667, 0.411994, -14.9031, 0.680603, -75.5587, 0.5291, 102.9, 0.000365579, 158.699, 0.000738821, 20.5145, 0.000732182, -151.427
1139, 18.97500, 0.412304, -14.9461, 0.682105, -75.244, 0.530087, 103.282, 0.000365636, 158.808, 0.000738962, 20.8959, 0.000733149, -151.099
1139, 18.98333, 0.412615, -14.9892, 0.683629, -74.9308, 0.531098, 103.663, 0.000365697, 158.917, 0.000739134, 21.276, 0.000734138, -150.772
1140, 18.99167, 0.412926, -15.0322, 0.685176, -74.6192, 0.532135, 104.042, 0.000365761, 159.025, 0.000739337, 21.6551, 0.000735147, -150.448
1140, 19.00000, 0.413238, -15.0753, 0.686745, -74.3092, 0.533195, 104.419, 0.000365828, 159.134, 0.000739571, 22.0328, 0.000736175, -150.125
1141, 19.00833, 0.41355, -15.1184, 0.688337, -74.0008, 0.53428, 104.795, 0.0003659, 159.243, 0.000739835, 22.4093, 0.000737224, -149.804
1141, 19.01667, 0.413862, -15.1615, 0.68995, -73.6939, 0.535389, 105.169, 0.000365974, 159.351, 0.000740129, 22.7845, 0.000738292, -149.485
1142, 19.02500, 0.414175, -15.2046, 0.691585, -73.3887, 0.536521, 105.541, 0.000366052, 159.46, 0.000740453, 23.1584, 0.00073938, -149.168
1142, 19.03333, 0.414488, -15.2478, 0.693242, -73.0851, 0.537677, 105.911, 0.000366134, 159.568, 0.000740807, 23.5309, 0.000740486, -148.853
1143, 19.04167, 0.414802, -15.2909, 0.69492, -72.7831, 0.538857, 106.28, 0.000366219, 159.676, 0.000741189, 23.9021, 0.000741611, -148.54
1143, 19.05000, 0.415116, -15.3341, 0.69662, -72.4828, 0.540059, 106.646, 0.000366308, 159.784, 0.000741601, 24.2719, 0.000742755, -148.228
1144, 19.05833, 0.41543, -15.3773, 0.69834, -72.1841, 0.541285, 107.011, 0.0003664, 159.892, 0.000742041, 24.6403, 0.000743916, -147.919
1144, 19.06667, 0.415745, -15.4205, 0.700082, -71.887, 0.542533, 107.374, 0.000366495, 160, 0.00074251, 25.0072, 0.000745095, -147.611
1145, 19.07500, 0.416061, -15.4637, 0.701844, -71.5917, 0.543805, 107.735, 0.000366594, 160.108, 0.000743006, 25.3727, 0.000746292, -147.305
1145, 19.08333, 0.416377, -15.507, 0.703627, -71.2979, 0.545098, 108.094, 0.000366697, 160.216, 0.00074353, 25.7367, 0.000747505, -147.001
1146, 19.09167, 0.416693, -15.5502, 0.705431, -71.0058, 0.546414, 108.451, 0.000366803, 160.323, 0.000744082, 26.0992, 0.000748736, -146.699
1146, 19.10000, 0.41701, -15.5935, 0.707254, -70.7154, 0.547752, 108.806, 0.000366912, 160.431, 0.00074466, 26.4602, 0.000749983, -146.399
1147, 19.10833, 0.417327, -15.6368, 0.709098, -70.4267, 0.549112, 109.159, 0.000367025, 160.538, 0.000745265, 26.8196, 0.000751246, -146.101
1147, 19.11667, 0.417645, -15.6801, 0.710962, -70.1396, 0.550493, 109.511, 0.000367142, 160.645, 0.000745897, 27.1775, 0.000752526, -145.805
1148, 19.12500, 0.417963, -15.7235, 0.712845, -69.8543, 0.551896, 109.86, 0.000367262, 160.752, 0.000746555, 27.5338, 0.000753821, -145.51
1148, 19.13333, 0.418281, -15.7668, 0.714748, -69.5706, 0.55332, 110.207, 0.000367385, 160.859, 0.000747238, 27.8884, 0.000755131, -145.218
1149, 19.14167, 0.4186, -15.8102, 0.71667, -69.2886, 0.554766, 110.552, 0.000367512, 160.966, 0.000747947, 28.2416, 0.000756457, -144.927
1149, 19.15000, 0.418919, -15.8536, 0.718612, -69.0082, 0.556232, 110.895, 0.000367642, 161.072, 0.000748681, 28.593, 0.000757797, -144.638
1150, 19.15833, 0.419239, -15.897, 0.720572, -68.7296, 0.557719, 111.236, 0.000367776, 161.179, 0.00074944, 28.9428, 0.000759152, -144.351
1150, 19.16667, 0.41956, -15.9404, 0.722552, -68.4527, 0.559226, 111.575, 0.000367913, 161.285, 0.000750223, 29.291, 0.000760522, -144.066
1151, 19.17500, 0.41988, -15.9838, 0.72455, -68.1774, 0.560754, 111.912, 0.000368054, 161.391, 0.000751031, 29.6375, 0.000761905, -143.783
1151, 19.18333, 0.420202, -16.0273, 0.726567, -67.9039, 0.562302, 112.247, 0.000368198, 161.497, 0.000751862, 29.9822, 0.000763302, -143.502
1152, 19.19167, 0.420523, -16.0708, 0.728602, -67.632, 0.563869, 112.58, 0.000368346, 161.603, 0.000752718, 30.3254, 0.000764713, -143.222
1152, 19.20000, 0.420845, -16.1143, 0.730655, -67.3618, 0.565457, 112.911, 0.000368497, 161.709, 0.000753596, 30.6667, 0.000766137, -142.945
1153, 19.20833, 0.421168, -16.1578, 0.732727, -67.0933, 0.567063, 113.239, 0.000368651, 161.814, 0.000754497, 31.0064, 0.000767574, -142.669
1153, 19.21667, 0.421491, -16.2013, 0.734816, -66.8265, 0.56869, 113.566, 0.000368809, 161.92, 0.000755421, 31.3443, 0.000769024, -142.395
1154, 19.22500, 0.421814, -16.2449, 0.736923, -66.5614, 0.570335, 113.891, 0.000368971, 162.025, 0.000756367, 31.6805, 0.000770486, -142.123
1154, 19.23333, 0.422138, -16.2884, 0.739047, -66.298, 0.571999, 114.213, 0.000369136, 162.13, 0.000757335, 32.0149, 0.00077196, -141.853
1155, 19.24167, 0.422462, -16.332, 0.741189, -66.0363, 0.573682, 114.533, 0.000369304, 162.235, 0.000758325, 32.3476, 0.000773447, -141.585
1155, 19.25000, 0.422787, -16.3756, 0.743349, -65.7763, 0.575383, 114.851, 0.000369476, 162.34, 0.000759336, 32.6785, 0.000774945, -141.318
1156, 19.25833, 0.423112, -16.4193, 0.745525, -65.5179, 0.577103, 115.168, 0.000369651, 162.444, 0.000760369, 33.0076, 0.000776454, -141.054
1156, 19.26667, 0.423438, -16.4629, 0.747718, -65.2612, 0.578841, 115.482, 0.000369829, 162.548, 0.000761422, 33.335, 0.000777975, -140.791
1157, 19.27500, 0.423764, -16.5066, 0.749928, -65.0062, 0.580597, 115.794, 0.000370012, 162.653, 0.000762495, 33.6605, 0.000779506, -140.53
1157, 19.28333, 0.424091, -16.5502, 0.752154, -64.7529, 0.58237, 116.103, 0.000370197, 162.757, 0.000763589, 33.9842, 0.000781049, -140.271
1158, 19.29167, 0.424418, -16.594, 0.754397, -64.5012, 0.584161, 116.411, 0.000370386, 162.86, 0.000764702, 34.3062, 0.000782602, -140.013
1158, 19.30000, 0.424745, -16.6377, 0.756656, -64.2512, 0.58597, 116.717, 0.000370578, 162.964, 0.000765835, 34.6263, 0.000784165, -139.758
1159, 19.30833, 0.425073, -16.6814, 0.758931, -64.0029, 0.587795, 117.02, 0.000370774, 163.067, 0.000766987, 34.9446, 0.000785738, -139.504
1159, 19.31667, 0.425401, -16.7252, 0.761223, -63.7562, 0.589638, 117.322, 0.000370973, 163.171, 0.000768159, 35.2611, 0.000787321, -139.252
1160, 19.32500, 0.42573, -16.769, 0.76353, -63.5112, 0.591498, 117.621, 0.000371176, 163.274, 0.000769348, 35.5758, 0.000788914, -139.002
1160, 19.33333, 0.42606, -16.8128, 0.765852, -63.2679, 0.593374, 117.918, 0.000371382, 163.377, 0.000770557, 35.8886, 0.000790515, -138.753
1161, 19.34167, 0.426389, -16.8566, 0.76819, -63.0261, 0.595266, 118.213, 0.000371591, 163.479, 0.000771783, 36.1997, 0.000792127, -138.507
1161, 19.35000, 0.42672, -16.9004, 0.770544, -62.786, 0.597175, 118.506, 0.000371804, 163.582, 0.000773027, 36.5088, 0.000793746, -138.262
1162, 19.35833, 0.42705, -16.9443, 0.772912, -62.5476, 0.5991, 118.797, 0.000372021, 163.684, 0.000774288, 36.8162, 0.000795375, -138.018
1162, 19.36667, 0.427381, -16.9882, 0.775296, -62.3108, 0.601041, 119.086, 0.00037224, 163.786, 0.000775567, 37.1217, 0.000797012, -137.777
1163, 19.37500, 0.427713, -17.0321, 0.777695, -62.0756, 0.602997, 119.373, 0.000372463, 163.888, 0.000776862, 37.4254, 0.000798657, -137.537
1163, 19.38333, 0.428045, -17.076, 0.780108, -61.842, 0.604969, 119.658, 0.00037269, 163.99, 0.000778174, 37.7273, 0.00080031, -137.299
1164, 19.39167, 0.428378, -17.1199, 0.782536, -61.61, 0.606956, 119.94, 0.00037292, 164.091, 0.000779502, 38.0273, 0.000801972, -137.063
1164, 19.40000, 0.428711, -17.1639, 0.784978, -61.3797, 0.608959, 120.221, 0.000373153, 164.192, 0.000780847, 38.3255, 0.00080364, -136.828
1165, 19.40833, 0.429044, -17.2078, 0.787435, -61.151, 0.610976, 120.5, 0.00037339, 164.293, 0.000782207, 38.6218, 0.000805316, -136.595
1165, 19.41667, 0.429378, -17.2519, 0.789905, -60.9238, 0.613009, 120.776, 0.00037363, 164.394, 0.000783582, 38.9164, 0.000807, -136.364
1166, 19.42500, 0.429712, -17.2959, 0.79239, -60.6982, 0.615055, 121.051, 0.000373873, 164.494, 0.000784973, 39.209, 0.00080869, -136.134
1166, 19.43333, 0.430047, -17.3399, 0.794889, -60.4742, 0.617117, 121.323, 0.00037412, 164.595, 0.000786378, 39.4999, 0.000810387, -135.907
1167, 19.44167, 0.430382, -17.384, 0.797401, -60.2518, 0.619193, 121.594, 0.00037437, 164.695, 0.000787799, 39.789, 0.000812091, -135.68
1167, 19.45000, 0.430718, -17.4281, 0.799927, -60.0309, 0.621282, 121.862, 0.000374624, 164.795, 0.000789233, 40.0762, 0.000813801, -135.456
1168, 19.45833, 0.431054, -17.4722, 0.802467, -59.8117, 0.623386, 122.129, 0.000374881, 164.894, 0.000790682, 40.3616, 0.000815517, -135.233
1168, 19.46667, 0.431391, -17.5163, 0.805019, -59.5939, 0.625504, 122.393, 0.000375141, 164.994, 0.000792144, 40.6452, 0.000817239, -135.011
1169, 19.47500, 0.431728, -17.5604, 0.807585, -59.3777, 0.627635, 122.656, 0.000375405, 165.093, 0.00079362, 40.9269, 0.000818967, -134.791
1169, 19.48333, 0.432066, -17.6046, 0.810164, -59.163, 0.62978, 122.916, 0.000375672, 165.192, 0.000795109, 41.2069, 0.000820701, -134.573
1170, 19.49167, 0.432404, -17.6488, 0.812756, -58.9499, 0.631938, 123.175, 0.000375943, 165.291, 0.000796612, 41.4851, 0.000822441, -134.357
1170, 19.50000, 0.432743, -17.693, 0.815361, -58.7383, 0.634109, 123.431, 0.000376216, 165.389, 0.000798127, 41.7614, 0.000824185, -134.142
1171, 19.50833, 0.433082, -17.7372, 0.817978, -58.5282, 0.636293, 123.686, 0.000376494, 165.487, 0.000799654, 42.036, 0.000825935, -133.928
1171, 19.51667, 0.433421, -17.7815, 0.820608, -58.3196, 0.63849, 123.939, 0.000376774, 165.585, 0.000801194, 42.3088, 0.00082769, -133.716
1172, 19.52500, 0.433761, -17.8257, 0.82325, -58.1125, 0.6407, 124.19, 0.000377058, 165.683, 0.000802746, 42.5798, 0.000829449, -133.506
1172, 19.53333, 0.434102, -17.87, 0.825905, -57.9069, 0.642922, 124.438, 0.000377345, 165.78, 0.00080431, 42.849, 0.000831213, -133.297
1173, 19.54167, 0.434443, -17.9143, 0.828572, -57.7028, 0.645157, 124.685, 0.000377636, 165.878, 0.000805885, 43.1165, 0.000832981, -133.09
1173, 19.55000, 0.434784, -17.9587, 0.83125, -57.5002, 0.647403, 124.931, 0.00037793, 165.975, 0.000807471, 43.3821, 0.000834754, -132.884
1174, 19.55833, 0.435126, -18.003, 0.833941, -57.299, 0.649662, 125.174, 0.000378227, 166.071, 0.000809069, 43.6461, 0.000836531, -132.68
1174, 19.56667, 0.435468, -18.0474, 0.836643, -57.0993, 0.651933, 125.415, 0.000378528, 166.168, 0.000810677, 43.9083, 0.000838312, -132.477
1175, 19.57500, 0.435811, -18.0918, 0.839357, -56.901, 0.654216, 125.655, 0.000378831, 166.264, 0.000812296, 44.1687, 0.000840096, -132.276
1175, 19.58333, 0.436154, -18.1362, 0.842083, -56.7042, 0.65651, 125.892, 0.000379139, 166.36, 0.000813925, 44.4274, 0.000841884, -132.076
1176, 19.59167, 0.436498, -18.1807, 0.84482, -56.5088, 0.658816, 126.128, 0.000379449, 166.456, 0.000815564, 44.6844, 0.000843676, -131.877
1176, 19.60000, 0.436842, -18.2252, 0.847568, -56.3148, 0.661133, 126.362, 0.000379763, 166.551, 0.000817213, 44.9396, 0.000845471, -131.681
1177, 19.60833, 0.437187, -18.2696, 0.850327, -56.1223, 0.663461, 126.594, 0.00038008, 166.646, 0.000818871, 45.1932, 0.000847269, -131.485
1177, 19.61667, 0.437532, -18.3142, 0.853098, -55.9311, 0.665801, 126.824, 0.000380401, 166.741, 0.00082054, 45.445, 0.00084907, -131.291
1178, 19.62500, 0.437878, -18.3587, 0.85588, -55.7414, 0.668151, 127.053, 0.000380725, 166.836, 0.000822217, 45.6951, 0.000850873, -131.098
1178, 19.63333, 0.438224, -18.4032, 0.858672, -55.553, 0.670512, 127.28, 0.000381052, 166.93, 0.000823903, 45.9436, 0.00085268, -130.907
1179, 19.64167, 0.438571, -18.4478, 0.861475, -55.366, 0.672884, 127.505, 0.000381382, 167.024, 0.000825598, 46.1904, 0.000854489, -130.717
1179, 19.65000, 0.438918, -18.4924, 0.864289, -55.1804, 0.675266, 127.728, 0.000381716, 167.118, 0.000827301, 46.4355, 0.000856301, -130.529
1180, 19.65833, 0.439266, -18.537, 0.867113, -54.9962, 0.677658, 127.949, 0.000382053, 167.212, 0.000829013, 46.6789, 0.000858114, -130.342
1180, 19.66667, 0.439614, -18.5817, 0.869947, -54.8133, 0.680061, 128.169, 0.000382393, 167.305, 0.000830733, 46.9207, 0.00085993, -130.156
1181, 19.67500, 0.439962, -18.6264, 0.872792, -54.6317, 0.682474, 128.387, 0.000382737, 167.398, 0.000832461, 47.1608, 0.000861748, -129.972
1181, 19.68333, 0.440311, -18.6711, 0.875647, -54.4516, 0.684897, 128.603, 0.000383084, 167.491, 0.000834196, 47.3993, 0.000863568, -129.789
1182, 19.69167, 0.440661, -18.7158, 0.878512, -54.2727, 0.68733, 128.818, 0.000383434, 167.583, 0.000835939, 47.6362, 0.000865389, -129.607
1182, 19.70000, 0.441011, -18.7605, 0.881387, -54.0951, 0.689773, 129.031, 0.000383787, 167.675, 0.000837689, 47.8714, 0.000867212, -129.427
1183, 19.70833, 0.441361, -18.8053, 0.884272, -53.9189, 0.692225, 129.242, 0.000384144, 167.767, 0.000839446, 48.105, 0.000869037, -129.248
1183, 19.71667, 0.441712, -18.8501, 0.887167, -53.7439, 0.694687, 129.452, 0.000384504, 167.859, 0.000841211, 48.3371, 0.000870863, -129.071
1184, 19.72500, 0.442064, -18.8949, 0.890071, -53.5703, 0.697158, 129.66, 0.000384867, 167.95, 0.000842981, 48.5676, 0.00087269, -128.894
1184, 19.73333, 0.442416, -18.9397, 0.892985, -53.3979, 0.699639, 129.866, 0.000385234, 168.041, 0.000844759, 48.7964, 0.000874518, -128.719
1185, 19.74167, 0.442768, -18.9845, 0.895908, -53.2268, 0.702128, 130.071, 0.000385603, 168.132, 0.000846542, 49.0237, 0.000876347, -128.545
1185, 19.75000, 0.443121, -19.0294, 0.898841, -53.057, 0.704627, 130.274, 0.000385976, 168.222, 0.000848332, 49.2495, 0.000878177, -128.373
1186, 19.75833, 0.443475, -19.0743, 0.901783, -52.8885, 0.707134, 130.475, 0.000386353, 168.312, 0.000850127, 49.4737, 0.000880008, -128.201
1186, 19.76667, 0.443829, -19.1192, 0.904734, -52.7212, 0.709651, 130.675, 0.000386732, 168.402, 0.000851929, 49.6963, 0.000881839, -128.031
1187, 19.77500, 0.444183, -19.1642, 0.907694, -52.5551, 0.712176, 130.874, 0.000387115, 168.491, 0.000853736, 49.9174, 0.00088367, -127.863
1187, 19.78333, 0.444538, -19.2092, 0.910664, -52.3903, 0.71471, 131.07, 0.000387501, 168.581, 0.000855548, 50.137, 0.000885502, -127.695
1188, 19.79167, 0.444894, -19.2542, 0.913642, -52.2267, 0.717252, 131.266, 0.00038789, 168.669, 0.000857366, 50.3551, 0.000887335, -127.529
1188, 19.80000, 0.445249, -19.2992, 0.916629, -52.0643, 0.719802, 131.459, 0.000388282, 168.758, 0.000859188, 50.5717, 0.000889167, -127.364
1188, 19.80833, 0.445606, -19.3442, 0.919624, -51.9031, 0.722361, 131.651, 0.000388678, 168.846, 0.000861015, 50.7868, 0.000891, -127.2
1189, 19.81667, 0.445963, -19.3893, 0.922629, -51.7431, 0.724928, 131.842, 0.000389077, 168.934, 0.000862848, 51.0004, 0.000892832, -127.037
1190, 19.82500, 0.44632, -19.4344, 0.925642, -51.5843, 0.727503, 132.031, 0.000389479, 169.022, 0.000864684, 51.2126, 0.000894664, -126.875
1190, 19.83333, 0.446678, -19.4795, 0.928663, -51.4267, 0.730086, 132.219, 0.000389884, 169.109, 0.000866525, 51.4233, 0.000896496, -126.715
1190, 19.84167, 0.447036, -19.5246, 0.931693, -51.2702, 0.732677, 132.405, 0.000390293, 169.196, 0.00086837, 51.6325, 0.000898328, -126.555
1191, 19.85000, 0.447395, -19.5698, 0.934731, -51.115, 0.735276, 132.59, 0.000390705, 169.283, 0.000870219, 51.8403, 0.000900159, -126.397
1192, 19.85833, 0.447755, -19.615, 0.937777, -50.9609, 0.737882, 132.773, 0.00039112, 169.37, 0.000872072, 52.0467, 0.000901989, -126.24
1192, 19.86667, 0.448115, -19.6602, 0.940831, -50.8079, 0.740496, 132.955, 0.000391538, 169.456, 0.000873929, 52.2517, 0.000903819, -126.084
1192, 19.87500, 0.448475, -19.7055, 0.943893, -50.656, 0.743117, 133.135, 0.000391959, 169.542, 0.000875789, 52.4552, 0.000905648, -125.93
1193, 19.88333, 0.448836, -19.7507, 0.946963, -50.5053, 0.745745, 133.314, 0.000392384, 169.627, 0.000877653, 52.6574, 0.000907475, -125.776
1194, 19.89167, 0.449197, -19.796, 0.950042, -50.3557, 0.748381, 133.491, 0.000392811, 169.712, 0.00087952, 52.8581, 0.000909303, -125.623
1194, 19.90000, 0.449559, -19.8413, 0.953128, -50.2073, 0.751024, 133.668, 0.000393242, 169.797, 0.00088139, 53.0575, 0.000911128, -125.472
1194, 19.90833, 0.449921, -19.8867, 0.956221, -50.0599, 0.753674, 133.842, 0.000393676, 169.882, 0.000883262, 53.2555, 0.000912953, -125.322
1195, 19.91667, 0.450284, -19.932, 0.959322, -49.9136, 0.756332, 134.016, 0.000394114, 169.966, 0.000885138, 53.4522, 0.000914776, -125.172
1196, 19.92500, 0.450648, -19.9774, 0.962431, -49.7684, 0.758995, 134.188, 0.000394554, 170.05, 0.000887017, 53.6475, 0.000916598, -125.024
1196, 19.93333, 0.451012, -20.0228, 0.965547, -49.6243, 0.761666, 134.358, 0.000394998, 170.133, 0.000888897, 53.8415, 0.000918419, -124.877
1196, 19.94167, 0.451376, -20.0683, 0.968671, -49.4813, 0.764344, 134.528, 0.000395444, 170.217, 0.000890781, 54.0342, 0.000920238, -124.731
1197, 19.95000, 0.451741, -20.1137, 0.971802, -49.3393, 0.767028, 134.696, 0.000395894, 170.3, 0.000892666, 54.2255, 0.000922055, -124.586
1198, 19.95833, 0.452106, -20.1592, 0.97494, -49.1984, 0.769719, 134.863, 0.000396347, 170.382, 0.000894553, 54.4155, 0.000923871, -124.441
1198, 19.96667, 0.452472, -20.2048, 0.978086, -49.0586, 0.772416, 135.028, 0.000396804, 170.465, 0.000896443, 54.6043, 0.000925685, -124.298
1198, 19.97500, 0.452839, -20.2503, 0.981238, -48.9198, 0.77512, 135.192, 0.000397263, 170.547, 0.000898334, 54.7917, 0.000927497, -124.156
1199, 19.98333, 0.453206, -20.2959, 0.984398, -48.782, 0.77783, 135.355, 0.000397726, 170.628, 0.000900227, 54.9779, 0.000929307, -124.015
1200, 19.99167, 0.453573, -20.3415, 0.987564, -48.6452, 0.780546, 135.516, 0.000398191, 170.709, 0.000902122, 55.1629, 0.000931115, -123.875
1200, 20.00000, 0.453941, -20.3871, 0.990738, -48.5095, 0.783268, 135.677, 0.00039866, 170.79, 0.000904017, 55.3465, 0.00093292, -123.736
1200, 20.00833, 0.45431, -20.4327, 0.993918, -48.3747, 0.785996, 135.836, 0.000399132, 170.871, 0.000905915, 55.5289, 0.000934724, -123.598
1201, 20.01667, 0.454679, -20.4784, 0.997105, -48.241, 0.788731, 135.994, 0.000399607, 170.951, 0.000907813, 55.7101, 0.000936525, -123.461
1202, 20.02500, 0.455048, -20.5241, 1.0003, -48.1082, 0.791471, 136.15, 0.000400085, 171.031, 0.000909712, 55.8901, 0.000938324, -123.325
1202, 20.03333, 0.455418, -20.5698, 1.0035, -47.9765, 0.794217, 136.306, 0.000400567, 171.111, 0.000911613, 56.0688, 0.00094012, -123.19
1202, 20.04167, 0.455789, -20.6156, 1.00671, -47.8457, 0.796969, 136.46, 0.000401051, 171.19, 0.000913514, 56.2464, 0.000941914, -123.055
1203, 20.05000, 0.45616, -20.6614, 1.00992, -47.7159, 0.799727, 136.613, 0.000401539, 171.269, 0.000915416, 56.4227, 0.000943706, -122.922
1204, 20.05833, 0.456531, -20.7072, 1.01314, -47.587, 0.80249, 136.764, 0.000402029, 171.348, 0.000917318, 56.5979, 0.000945494, -122.789
1204, 20.06667, 0.456903, -20.753, 1.01637, -47.4591, 0.805259, 136.915, 0.000402523, 171.426, 0.000919221, 56.7719, 0.00094728, -122.658
1204, 20.07500, 0.457276, -20.7988, 1.0196, -47.3322, 0.808033, 137.065, 0.00040302, 171.504, 0.000921124, 56.9447, 0.000949063, -122.527
1205, 20.08333, 0.457649, -20.8447, 1.02284, -47.2062, 0.810813, 137.213, 0.00040352, 171.582, 0.000923028, 57.1164, 0.000950844, -122.398
1206, 20.09167, 0.458022, -20.8906, 1.02608, -47.0811, 0.813598, 137.36, 0.000404023, 171.659, 0.000924931, 57.2869, 0.000952621, -122.269
1206, 20.10000, 0.458397, -20.9366, 1.02933, -46.957, 0.816388, 137.506, 0.000404529, 171.736, 0.000926835, 57.4563, 0.000954395, -122.141
1206, 20.10833, 0.458771, -20.9826, 1.03259, -46.8338, 0.819183, 137.651, 0.000405039, 171.812, 0.000928738, 57.6246, 0.000956166, -122.014
1207, 20.11667, 0.459146, -21.0286, 1.03585, -46.7114, 0.821984, 137.795, 0.000405551, 171.889, 0.000930642, 57.7918, 0.000957934, -121.888
1208, 20.12500, 0.459522, -21.0746, 1.03912, -46.59, 0.82479, 137.937, 0.000406066, 171.965, 0.000932544, 57.9578, 0.000959699, -121.762
1208, 20.13333, 0.459898, -21.1206, 1.0424, -46.4695, 0.8276, 138.079, 0.000406585, 172.04, 0.000934447, 58.1227, 0.000961461, -121.638
1208, 20.14167, 0.460275, -21.1667, 1.04568, -46.3499, 0.830416, 138.219, 0.000407106, 172.115, 0.000936349, 58.2866, 0.000963219, -121.514
1209, 20.15000, 0.460652, -21.2128, 1.04897, -46.2312, 0.833237, 138.359, 0.000407631, 172.19, 0.00093825, 58.4494, 0.000964974, -121.392
1210, 20.15833, 0.46103, -21.2589, 1.05226, -46.1133, 0.836062, 138.497, 0.000408159, 172.265, 0.000940151, 58.6111, 0.000966725, -121.27
1210, 20.16667, 0.461408, -21.3051, 1.05556, -45.9963, 0.838892, 138.634, 0.00040869, 172.339, 0.000942051, 58.7717, 0.000968473, -121.148
1210, 20.17500, 0.461787, -21.3513, 1.05886, -45.8802, 0.841727, 138.771, 0.000409223, 172.413, 0.00094395, 58.9313, 0.000970217, -121.028
1211, 20.18333, 0.462167, -21.3975, 1.06217, -45.7649, 0.844567, 138.906, 0.00040976, 172.486, 0.000945848, 59.0899, 0.000971958, -120.909
1212, 20.19167, 0.462546, -21.4437, 1.06548, -45.6505, 0.847411, 139.04, 0.0004103, 172.559, 0.000947745, 59.2474, 0.000973695, -120.79
1212, 20.20000, 0.462927, -21.49, 1.0688, -45.5369, 0.850259, 139.173, 0.000410843, 172.632, 0.00094964, 59.4039, 0.000975428, -120.672
1212, 20.20833, 0.463308, -21.5363, 1.07213, -45.4242, 0.853112, 139.306, 0.000411389, 172.704, 0.000951535, 59.5594, 0.000977158, -120.555
1213, 20.21667, 0.463689, -21.5826, 1.07546, -45.3122, 0.85597, 139.437, 0.000411938, 172.777, 0.000953428, 59.7139, 0.000978883, -120.439
1214, 20.22500, 0.464071, -21.629, 1.0788, -45.2012, 0.858832, 139.567, 0.00041249, 172.848, 0.000955319, 59.8673, 0.000980605, -120.323
1214, 20.23333, 0.464454, -21.6754, 1.08214, -45.0909, 0.861698, 139.696, 0.000413046, 172.92, 0.000957209, 60.0198, 0.000982322, -120.209
1214, 20.24167, 0.464837, -21.7218, 1.08549, -44.9814, 0.864568, 139.824, 0.000413604, 172.991, 0.000959098, 60.1713, 0.000984036, -120.095
1215, 20.25000, 0.46522, -21.7682, 1.08884, -44.8728, 0.867443, 139.952, 0.000414165, 173.061, 0.000960984, 60.3218, 0.000985746, -119.981
1216, 20.25833, 0.465604, -21.8147, 1.09219, -44.7649, 0.870322, 140.078, 0.000414729, 173.132, 0.000962869, 60.4714, 0.000987451, -119.869
1216, 20.26667, 0.465989, -21.8612, 1.09556, -44.6578, 0.873205, 140.203, 0.000415296, 173.202, 0.000964752, 60.62, 0.000989153, -119.757
1216, 20.27500, 0.466374, -21.9077, 1.09892, -44.5515, 0.876091, 140.328, 0.000415867, 173.271, 0.000966633, 60.7677, 0.00099085, -119.646
1217, 20.28333, 0.46676, -21.9543, 1.1023, -44.446, 0.878982, 140.451, 0.00041644, 173.34, 0.000968512, 60.9144, 0.000992542, -119.536
1218, 20.29167, 0.467146, -22.0009, 1.10567, -44.3413, 0.881877, 140.574, 0.000417016, 173.409, 0.000970389, 61.0602, 0.000994231, -119.426
1218, 20.30000, 0.467533, -22.0475, 1.10906, -44.2373, 0.884776, 140.695, 0.000417595, 173.478, 0.000972263, 61.2051, 0.000995915, -119.317
1218, 20.30833, 0.46792, -22.0941, 1.11244, -44.1341, 0.887678, 140.816, 0.000418178, 173.546, 0.000974136, 61.3491, 0.000997595, -119.209
1219, 20.31667, 0.468308, -22.1408, 1.11583, -44.0316, 0.890585, 140.936, 0.000418763, 173.614, 0.000976006, 61.4921, 0.00099927, -119.102
1220, 20.32500, 0.468697, -22.1875, 1.11923, -43.9299, 0.893495, 141.055, 0.000419351, 173.681, 0.000977873, 61.6343, 0.00100094, -118.995
1220, 20.33333, 0.469085, -22.2343, 1.12263, -43.829, 0.896408, 141.173, 0.000419942, 173.748, 0.000979738, 61.7756, 0.00100261, -118.889
1220, 20.34167, 0.469475, -22.281, 1.12604, -43.7287, 0.899326, 141.29, 0.000420537, 173.815, 0.000981601, 61.916, 0.00100427, -118.784
1221, 20.35000, 0.469865, -22.3278, 1.12945, -43.6293, 0.902247, 141.406, 0.000421134, 173.882, 0.00098346, 62.0555, 0.00100593, -118.679
1222, 20.35833, 0.470255, -22.3746, 1.13286, -43.5305, 0.905172, 141.522, 0.000421734, 173.948, 0.000985318, 62.1941, 0.00100758, -118.575
1222, 20.36667, 0.470647, -22.4215, 1.13628, -43.4324, 0.9081, 141.637, 0.000422337, 174.013, 0.000987172, 62.3319, 0.00100923, -118.472
1223, 20.37500, 0.471038, -22.4684, 1.13971, -43.3351, 0.911031, 141.75, 0.000422943, 174.079, 0.000989023, 62.4689, 0.00101087, -118.369
1223, 20.38333, 0.47143, -22.5153, 1.14313, -43.2385, 0.913966, 141.863, 0.000423552, 174.144, 0.000990872, 62.605, 0.00101251, -118.267
1224, 20.39167, 0.471823, -22.5622, 1.14657, -43.1425, 0.916905, 141.975, 0.000424165, 174.208, 0.000992717, 62.7403, 0.00101414, -118.166
1224, 20.40000, 0.472216, -22.6092, 1.15001, -43.0473, 0.919847, 142.087, 0.00042478, 174.272, 0.00099456, 62.8747, 0.00101577, -118.065
1225, 20.40833, 0.47261, -22.6562, 1.15345, -42.9528, 0.922792, 142.197, 0.000425398, 174.336, 0.000996399, 63.0083, 0.00101739, -117.965
1225, 20.41667, 0.473004, -22.7033, 1.15689, -42.8589, 0.92574, 142.307, 0.000426019, 174.4, 0.000998235, 63.1411, 0.00101901, -117.866
1226, 20.42500, 0.473399, -22.7503, 1.16034, -42.7657, 0.928692, 142.416, 0.000426643, 174.463, 0.00100007, 63.2731, 0.00102062, -117.767
1226, 20.43333, 0.473795, -22.7974, 1.1638, -42.6732, 0.931647, 142.524, 0.000427269, 174.526, 0.0010019, 63.4044, 0.00102223, -117.669
1227, 20.44167, 0.474191, -22.8446, 1.16726, -42.5814, 0.934605, 142.631, 0.000427899, 174.588, 0.00100372, 63.5348, 0.00102383, -117.571
1227, 20.45000, 0.474587, -22.8917, 1.17072, -42.4902, 0.937566, 142.738, 0.000428532, 174.65, 0.00100555, 63.6644, 0.00102543, -117.474
1228, 20.45833, 0.474984, -22.9389, 1.17419, -42.3997, 0.94053, 142.843, 0.000429168, 174.712, 0.00100737, 63.7933, 0.00102702, -117.378
1228, 20.46667, 0.475382, -22.9861, 1.17766, -42.3099, 0.943497, 142.948, 0.000429806, 174.773, 0.00100918, 63.9214, 0.00102861, -117.282
1229, 20.47500, 0.47578, -23.0334, 1.18113, -42.2207, 0.946467, 143.052, 0.000430448, 174.834, 0.00101099, 64.0487, 0.0010302, -117.187
1229, 20.48333, 0.476179, -23.0807, 1.18461, -42.1321, 0.94944, 143.156, 0.000431092, 174.895, 0.0010128, 64.1753, 0.00103177, -117.093
1230, 20.49167, 0.476578, -23.128, 1.1881, -42.0442, 0.952417, 143.259, 0.00043174, 174.955, 0.00101461, 64.3011, 0.00103334, -116.999
1230, 20.50000, 0.476978, -23.1753, 1.19158, -41.9569, 0.955396, 143.361, 0.00043239, 175.015, 0.00101641, 64.4262, 0.00103491, -116.905
1231, 20.50833, 0.477378, -23.2227, 1.19507, -41.8703, 0.958377, 143.462, 0.000433044, 175.075, 0.0010182, 64.5505, 0.00103647, -116.813
1231, 20.51667, 0.477779, -23.2701, 1.19857, -41.7843, 0.961362, 143.562, 0.0004337, 175.134, 0.00102, 64.6742, 0.00103803, -116.72
1232, 20.52500, 0.478181, -23.3176, 1.20207, -41.6989, 0.96435, 143.662, 0.000434359, 175.193, 0.00102179, 64.7971, 0.00103958, -116.629
1232, 20.53333, 0.478583, -23.365, 1.20557, -41.6141, 0.96734, 143.761, 0.000435021, 175.251, 0.00102357, 64.9193, 0.00104112, -116.538
1233, 20.54167, 0.478985, -23.4126, 1.20908, -41.5299, 0.970333, 143.86, 0.000435686, 175.309, 0.00102535, 65.0407, 0.00104266, -116.447
1233, 20.55000, 0.479389, -23.4601, 1.21259, -41.4463, 0.973328, 143.958, 0.000436354, 175.367, 0.00102713, 65.1615, 0.0010442, -116.357
1234, 20.55833, 0.479792, -23.5077, 1.2161, -41.3633, 0.976327, 144.055, 0.000437025, 175.424, 0.0010289, 65.2816, 0.00104573, -116.268
1234, 20.56667, 0.480197, -23.5553, 1.21962, -41.2809, 0.979328, 144.151, 0.000437698, 175.481, 0.00103067, 65.401, 0.00104725, -116.179
1235, 20.57500, 0.480601, -23.6029, 1.22314, -41.1992, 0.982331, 144.246, 0.000438375, 175.538, 0.00103244, 65.5197, 0.00104877, -116.09
1235, 20.58333, 0.481007, -23.6506, 1.22667, -41.118, 0.985337, 144.341, 0.000439054, 175.594, 0.0010342, 65.6378, 0.00105028, -116.003
1236, 20.59167, 0.481413, -23.6983, 1.23019, -41.0373, 0.988346, 144.436, 0.000439737, 175.65, 0.00103595, 65.7551, 0.00105178, -115.915
1236, 20.60000, 0.481819, -23.746, 1.23373, -40.9573, 0.991357, 144.529, 0.000440422, 175.706, 0.0010377, 65.8718, 0.00105328, -115.829
1237, 20.60833, 0.482226, -23.7938, 1.23726, -40.8778, 0.99437, 144.622, 0.00044111, 175.761, 0.00103945, 65.9879, 0.00105478, -115.742
1237, 20.61667, 0.482634, -23.8416, 1.2408, -40.7989, 0.997387, 144.715, 0.000441801, 175.816, 0.00104119, 66.1033, 0.00105627, -115.657
1238, 20.62500, 0.483042, -23.8894, 1.24435, -40.7206, 1.0004, 144.806, 0.000442495, 175.87, 0.00104293, 66.2181, 0.00105775, -115.571
1238, 20.63333, 0.483451, -23.9373, 1.24789, -40.6428, 1.00343, 144.897, 0.000443192, 175.924, 0.00104467, 66.3322, 0.00105923, -115.487
1239, 20.64167, 0.48386, -23.9852, 1.25144, -40.5656, 1.00645, 144.988, 0.000443892, 175.978, 0.0010464, 66.4457, 0.0010607, -115.402
1239, 20.65000, 0.48427, -24.0331, 1.25499, -40.4889, 1.00947, 145.077, 0.000444594, 176.031, 0.00104812, 66.5585, 0.00106217, -115.319
1240, 20.65833, 0.484681, -24.0811, 1.25855, -40.4128, 1.0125, 145.167, 0.0004453, 176.085, 0.00104984, 66.6707, 0.00106363, -115.235
1240, 20.66667, 0.485092, -24.1291, 1.26211, -40.3372, 1.01553, 145.255, 0.000446008, 176.137, 0.00105155, 66.7824, 0.00106508, -115.153
1241, 20.67500, 0.485503, -24.1771, 1.26567, -40.2622, 1.01856, 145.343, 0.000446719, 176.189, 0.00105326, 66.8934, 0.00106653, -115.07
1241, 20.68333, 0.485915, -24.2252, 1.26924, -40.1877, 1.0216, 145.43, 0.000447433, 176.241, 0.00105497, 67.0038, 0.00106797, -114.989
1242, 20.69167, 0.486328, -24.2733, 1.27281, -40.1137, 1.02464, 145.517, 0.00044815, 176.293, 0.00105667, 67.1136, 0.00106941, -114.907
1242, 20.70000, 0.486741, -24.3214, 1.27638, -40.0403, 1.02767, 145.603, 0.00044887, 176.344, 0.00105837, 67.2228, 0.00107084, -114.827
1243, 20.70833, 0.487155, -24.3696, 1.27996, -39.9674, 1.03072, 145.689, 0.000449593, 176.395, 0.00106006, 67.3314, 0.00107226, -114.746
1243, 20.71667, 0.48757, -24.4178, 1.28354, -39.895, 1.03376, 145.774, 0.000450318, 176.446, 0.00106174, 67.4395, 0.00107368, -114.666
1244, 20.72500, 0.487985, -24.466, 1.28712, -39.8231, 1.0368, 145.858, 0.000451047, 176.496, 0.00106342, 67.5469, 0.00107509, -114.587
1244, 20.73333, 0.4884, -24.5143, 1.29071, -39.7517, 1.03985, 145.942, 0.000451778, 176.545, 0.0010651, 67.6538, 0.0010765, -114.508
1245, 20.74167, 0.488817, -24.5626, 1.2943, -39.6808, 1.0429, 146.025, 0.000452512, 176.595, 0.00106677, 67.7602, 0.0010779, -114.429
1245, 20.75000, 0.489233, -24.6109, 1.29789, -39.6105, 1.04595, 146.108, 0.000453249, 176.644, 0.00106843, 67.8659, 0.00107929, -114.351
1246, 20.75833, 0.489651, -24.6593, 1.30149, -39.5406, 1.04901, 146.19, 0.000453989, 176.693, 0.00107009, 67.9711, 0.00108068, -114.274
1246, 20.76667, 0.490068, -24.7077, 1.30509, -39.4712, 1.05206, 146.271, 0.000454731, 176.741, 0.00107175, 68.0758, 0.00108206, -114.197
1247, 20.77500, 0.490487, -24.7562, 1.30869, -39.4023, 1.05512, 146.352, 0.000455477, 176.789, 0.0010734, 68.1799, 0.00108344, -114.12
1247, 20.78333, 0.490906, -24.8047, 1.31229, -39.334, 1.05818, 146.432, 0.000456225, 176.837, 0.00107504, 68.2835, 0.0010848, -114.043
1248, 20.79167, 0.491326, -24.8532, 1.3159, -39.266, 1.06124, 146.512, 0.000456976, 176.884, 0.00107668, 68.3866, 0.00108617, -113.968
1248, 20.80000, 0.491746, -24.9017, 1.31951, -39.1986, 1.0643, 146.592, 0.00045773, 176.931, 0.00107832, 68.4891, 0.00108752, -113.892
1249, 20.80833, 0.492167, -24.9503, 1.32312, -39.1317, 1.06737, 146.67, 0.000458487, 176.977, 0.00107995, 68.5911, 0.00108887, -113.817
1249, 20.81667, 0.492588, -24.9989, 1.32674, -39.0652, 1.07043, 146.749, 0.000459247, 177.023, 0.00108157, 68.6925, 0.00109022, -113.742
1250, 20.82500, 0.49301, -25.0476, 1.33036, -38.9992, 1.0735, 146.826, 0.000460009, 177.069, 0.00108319, 68.7935, 0.00109156, -113.668
1250, 20.83333, 0.493432, -25.0963, 1.33398, -38.9337, 1.07657, 146.904, 0.000460774, 177.115, 0.0010848, 68.8939, 0.00109289, -113.594
1251, 20.84167, 0.493855, -25.145, 1.33761, -38.8686, 1.07965, 146.98, 0.000461543, 177.16, 0.00108641, 68.9939, 0.00109421, -113.521
1251, 20.85000, 0.494279, -25.1938, 1.34124, -38.804, 1.08272, 147.056, 0.000462314, 177.205, 0.00108801, 69.0933, 0.00109553, -113.448
1252, 20.85833, 0.494703, -25.2426, 1.34487, -38.7398, 1.0858, 147.132, 0.000463087, 177.249, 0.00108961, 69.1923, 0.00109684, -113.375
1252, 20.86667, 0.495128, -25.2914, 1.3485, -38.6761, 1.08887, 147.207, 0.000463864, 177.293, 0.0010912, 69.2907, 0.00109815, -113.303
1253, 20.87500, 0.495554, -25.3403, 1.35214, -38.6129, 1.09195, 147.282, 0.000464644, 177.337, 0.00109278, 69.3887, 0.00109945, -113.231
1253, 20.88333, 0.49598, -25.3892, 1.35578, -38.5501, 1.09503, 147.356, 0.000465426, 177.38, 0.00109436, 69.4862, 0.00110074, -113.16
1254, 20.89167, 0.496406, -25.4382, 1.35942, -38.4877, 1.09812, 147.43, 0.000466211, 177.423, 0.00109593, 69.5832, 0.00110203, -113.089
1254, 20.90000, 0.496833, -25.4871, 1.36307, -38.4258, 1.1012, 147.503, 0.000466999, 177.466, 0.0010975, 69.6797, 0.00110331, -113.018
1255, 20.90833, 0.497261, -25.5362, 1.36671, -38.3643, 1.10429, 147.576, 0.00046779, 177.508, 0.00109906, 69.7758, 0.00110459, -112.948
1255, 20.91667, 0.49769, -25.5852, 1.37036, -38.3032, 1.10737, 147.648, 0.000468583, 177.55, 0.00110062, 69.8714, 0.00110585, -112.878
1256, 20.92500, 0.498119, -25.6343, 1.37402, -38.2426, 1.11046, 147.72, 0.000469379, 177.591, 0.00110217, 69.9665, 0.00110711, -112.809
1256, 20.93333, 0.498548, -25.6834, 1.37767, -38.1824, 1.11355, 147.791, 0.000470179, 177.632, 0.00110372, 70.0612, 0.00110837, -112.74
1257, 20.94167, 0.498978, -25.7326, 1.38133, -38.1226, 1.11665, 147.862, 0.000470981, 177.673, 0.00110526, 70.1555, 0.00110962, -112.671
1257, 20.95000, 0.499409, -25.7818, 1.38499, -38.0633, 1.11974, 147.932, 0.000471785, 177.714, 0.00110679, 70.2493, 0.00111086, -112.602
1258, 20.95833, 0.49984, -25.831, 1.38866, -38.0044, 1.12283, 148.002, 0.000472593, 177.754, 0.00110832, 70.3426, 0.00111209, -112.534
1258, 20.96667, 0.500272, -25.8803, 1.39232, -37.9458, 1.12593, 148.071, 0.000473403, 177.794, 0.00110984, 70.4355, 0.00111332, -112.467
1259, 20.97500, 0.500705, -25.9296, 1.39599, -37.8877, 1.12903, 148.14, 0.000474217, 177.833, 0.00111136, 70.528, 0.00111454, -112.399
1259, 20.98333, 0.501138, -25.979, 1.39966, -37.8301, 1.13213, 148.209, 0.000475032, 177.872, 0.00111287, 70.6201, 0.00111576, -112.332
1260, 20.99167, 0.501571, -26.0284, 1.40334, -37.7728, 1.13523, 148.277, 0.000475851, 177.911, 0.00111437, 70.7117, 0.00111697, -112.266
1260, 21.00000, 0.502006, -26.0778, 1.40702, -37.7159, 1.13833, 148.345, 0.000476673, 177.949, 0.00111587, 70.8029, 0.00111817, -112.2
1261, 21.00833, 0.502441, -26.1273, 1.4107, -37.6594, 1.14144, 148.412, 0.000477497, 177.987, 0.00111736, 70.8937, 0.00111936, -112.134
1261, 21.01667, 0.502876, -26.1768, 1.41438, -37.6033, 1.14454, 148.479, 0.000478325, 178.025, 0.00111885, 70.9841, 0.00112055, -112.068
1262, 21.02500, 0.503312, -26.2263, 1.41806, -37.5476, 1.14765, 148.545, 0.000479155, 178.062, 0.00112033, 71.074, 0.00112173, -112.003
1262, 21.03333, 0.503749, -26.2759, 1.42175, -37.4923, 1.15076, 148.611, 0.000479987, 178.099, 0.0011218, 71.1636, 0.00112291, -111.938
1263, 21.04167, 0.504186, -26.3255, 1.42544, -37.4374, 1.15387, 148.676, 0.000480823, 178.136, 0.00112327, 71.2528, 0.00112408, -111.873
1263, 21.05000, 0.504624, -26.3752, 1.42913, -37.3829, 1.15698, 148.742, 0.000481661, 178.172, 0.00112473, 71.3415, 0.00112524, -111.809
1264, 21.05833, 0.505062, -26.4249, 1.43282, -37.3287, 1.16009, 148.806, 0.000482502, 178.208, 0.00112619, 71.4299, 0.00112639, -111.745
1264, 21.06667, 0.505501, -26.4746, 1.43652, -37.2749, 1.16321, 148.87, 0.000483346, 178.244, 0.00112764, 71.5179, 0.00112754, -111.682
1265, 21.07500, 0.505941, -26.5244, 1.44022, -37.2215, 1.16632, 148.934, 0.000484193, 178.279, 0.00112908, 71.6055, 0.00112868, -111.618
1265, 21.08333, 0.506381, -26.5742, 1.44392, -37.1685, 1.16944, 148.998, 0.000485043, 178.314, 0.00113052, 71.6927, 0.00112982, -111.555
1266, 21.09167, 0.506822, -26.6241, 1.44763, -37.1159, 1.17256, 149.061, 0.000485895, 178.348, 0.00113195, 71.7795, 0.00113095, -111.493
1266, 21.10000, 0.507264, -26.674, 1.45133, -37.0636, 1.17567, 149.123, 0.00048675, 178.382, 0.00113337, 71.866, 0.00113207, -111.43
1267, 21.10833, 0.507706, -26.7239, 1.45504, -37.0117, 1.17879, 149.186, 0.000487608, 178.416, 0.00113479, 71.9521, 0.00113318, -111.368
1267, 21.11667, 0.508149, -26.7739, 1.45875, -36.9602, 1.18192, 149.247, 0.000488469, 178.45, 0.00113621, 72.0378, 0.00113429, -111.307
1268, 21.12500, 0.508592, -26.8239, 1.46247, -36.909, 1.18504, 149.309, 0.000489332, 178.483, 0.00113761, 72.1231, 0.00113539, -111.245
1268, 21.13333, 0.509036, -26.8739, 1.46618, -36.8582, 1.18816, 149.37, 0.000490199, 178.516, 0.00113901, 72.2081, 0.00113649, -111.184
1269, 21.14167, 0.50948, -26.924, 1.4699, -36.8077, 1.19129, 149.431, 0.000491068, 178.548, 0.00114041, 72.2928, 0.00113757, -111.123
1269, 21.15000, 0.509925, -26.9742, 1.47362, -36.7576, 1.19441, 149.491, 0.00049194, 178.58, 0.00114179, 72.3771, 0.00113866, -111.063
1270, 21.15833, 0.510371, -27.0243, 1.47734, -36.7079, 1.19754, 149.551, 0.000492814, 178.612, 0.00114317, 72.461, 0.00113973, -111.002
1270, 21.16667, 0.510817, -27.0745, 1.48107, -36.6585, 1.20067, 149.61, 0.000493692, 178.643, 0.00114455, 72.5446, 0.0011408, -110.943
1271, 21.17500, 0.511264, -27.1248, 1.48479, -36.6094, 1.2038, 149.67, 0.000494572, 178.674, 0.00114592, 72.6278, 0.00114186, -110.883
1271, 21.18333, 0.511712, -27.1751, 1.48852, -36.5607, 1.20693, 149.728, 0.000495455, 178.705, 0.00114728, 72.7107, 0.00114291, -110.824
1272, 21.19167, 0.51216, -27.2254, 1.49226, -36.5123, 1.21006, 149.787, 0.000496341, 178.735, 0.00114864, 72.7933, 0.00114396, -110.764
1272, 21.20000, 0.512609, -27.2758, 1.49599, -36.4643, 1.2132, 149.845, 0.000497229, 178.766, 0.00114999, 72.8756, 0.001145, -110.706
1273, 21.20833, 0.513058, -27.3262, 1.49973, -36.4166, 1.21633, 149.903, 0.000498121, 178.795, 0.00115133, 72.9575, 0.00114603, -110.647
1273, 21.21667, 0.513508, -27.3766, 1.50346, -36.3692, 1.21947, 149.96, 0.000499015, 178.825, 0.00115267, 73.0391, 0.00114705, -110.589
1274, 21.22500, 0.513959, -27.4271, 1.5072, -36.3222, 1.2226, 150.017, 0.000499912, 178.854, 0.001154, 73.1203, 0.00114807, -110.531
1274, 21.23333, 0.51441, -27.4777, 1.51095, -36.2755, 1.22574, 150.074, 0.000500811, 178.882, 0.00115532, 73.2013, 0.00114908, -110.473
1275, 21.24167, 0.514862, -27.5282, 1.51469, -36.2291, 1.22888, 150.13, 0.000501714, 178.911, 0.00115664, 73.2819, 0.00115009, -110.416
1275, 21.25000, 0.515314, -27.5789, 1.51844, -36.1831, 1.23202, 150.186, 0.000502619, 178.939, 0.00115795, 73.3622, 0.00115109, -110.359
1276, 21.25833, 0.515767, -27.6295, 1.52219, -36.1374, 1.23516, 150.242, 0.000503527, 178.966, 0.00115925, 73.4422, 0.00115208, -110.302
1276, 21.26667, 0.516221, -27.6802, 1.52594, -36.092, 1.23831, 150.297, 0.000504438, 178.994, 0.00116055, 73.5219, 0.00115306, -110.245
1277, 21.27500, 0.516675, -27.731, 1.52969, -36.0469, 1.24145, 150.352, 0.000505351, 179.021, 0.00116184, 73.6013, 0.00115404, -110.189
1277, 21.28333, 0.51713, -27.7817, 1.53345, -36.0022, 1.24459, 150.406, 0.000506268, 179.047, 0.00116313, 73.6804, 0.00115501, -110.133
1278, 21.29167, 0.517586, -27.8326, 1.53721, -35.9577, 1.24774, 150.461, 0.000507187, 179.074, 0.00116441, 73.7592, 0.00115597, -110.077
1278, 21.30000, 0.518042, -27.8834, 1.54097, -35.9136, 1.25088, 150.515, 0.000508109, 179.1, 0.00116568, 73.8377, 0.00115693, -110.021
1279, 21.30833, 0.518499, -27.9343, 1.54473, -35.8698, 1.25403, 150.568, 0.000509034, 179.125, 0.00116694, 73.9159, 0.00115788, -109.966
1279, 21.31667, 0.518956, -27.9853, 1.54849, -35.8262, 1.25718, 150.621, 0.000509961, 179.151, 0.0011682, 73.9939, 0.00115882, -109.911
1280, 21.32500, 0.519414, -28.0363, 1.55226, -35.783, 1.26033, 150.674, 0.000510891, 179.176, 0.00116945, 74.0715, 0.00115976, -109.856
1280, 21.33333, 0.519873, -28.0873, 1.55603, -35.7401, 1.26348, 150.727, 0.000511824, 179.2, 0.0011707, 74.1489, 0.00116068, -109.802
1281, 21.34167, 0.520332, -28.1384, 1.5598, -35.6975, 1.26663, 150.779, 0.00051276, 179.225, 0.00117194, 74.2259, 0.00116161, -109.747
1281, 21.35000, 0.520792, -28.1895, 1.56357, -35.6552, 1.26978, 150.831, 0.000513699, 179.249, 0.00117317, 74.3027, 0.00116252, -109.693
1282, 21.35833, 0.521253, -28.2407, 1.56734, -35.6132, 1.27294, 150.883, 0.00051464, 179.272, 0.00117439, 74.3793, 0.00116343, -109.639
1282, 21.36667, 0.521714, -28.2919, 1.57112, -35.5715, 1.27609, 150.934, 0.000515585, 179.296, 0.00117561, 74.4555, 0.00116433, -109.586
1283, 21.37500, 0.522176, -28.3432, 1.5749, -35.5301, 1.27925, 150.985, 0.000516532, 179.319, 0.00117683, 74.5315, 0.00116522, -109.532
1283, 21.38333, 0.522638, -28.3944, 1.57868, -35.489, 1.2824, 151.036, 0.000517481, 179.341, 0.00117803, 74.6072, 0.00116611, -109.479
1284, 21.39167, 0.523101, -28.4458, 1.58246, -35.4482, 1.28556, 151.087, 0.000518434, 179.364, 0.00117923, 74.6827, 0.00116699, -109.426
1284, 21.40000, 0.523565, -28.4972, 1.58624, -35.4076, 1.28872, 151.137, 0.000519389, 179.386, 0.00118042, 74.7579, 0.00116786, -109.373
1285, 21.40833, 0.524029, -28.5486, 1.59003, -35.3674, 1.29188, 151.187, 0.000520347, 179.407, 0.00118161, 74.8329, 0.00116872, -109.321
1285, 21.41667, 0.524494, -28.6001, 1.59382, -35.3274, 1.29504, 151.236, 0.000521308, 179.429, 0.00118279, 74.9076, 0.00116958, -109.269
1286, 21.42500, 0.52496, -28.6516, 1.59761, -35.2877, 1.2982, 151.286, 0.000522272, 179.45, 0.00118396, 74.982, 0.00117043, -109.217
1286, 21.43333, 0.525426, -28.7031, 1.6014, -35.2483, 1.30136, 151.335, 0.000523238, 179.47, 0.00118513, 75.0562, 0.00117128, -109.165
1287, 21.44167, 0.525893, -28.7547, 1.6052, -35.2092, 1.30452, 151.383, 0.000524208, 179.491, 0.00118628, 75.1301, 0.00117211, -109.113
1287, 21.45000, 0.52636, -28.8064, 1.60899, -35.1704, 1.30768, 151.432, 0.00052518, 179.511, 0.00118744, 75.2038, 0.00117294, -109.062
1288, 21.45833, 0.526828, -28.8581, 1.61279, -35.1318, 1.31085, 151.48, 0.000526154, 179.531, 0.00118858, 75.2773, 0.00117376, -109.011
1288, 21.46667, 0.527297, -28.9098, 1.61659, -35.0935, 1.31401, 151.528, 0.000527132, 179.55, 0.00118972, 75.3505, 0.00117458, -108.96
1289, 21.47500, 0.527766, -28.9616, 1.62039, -35.0555, 1.31718, 151.575, 0.000528112, 179.569, 0.00119085, 75.4235, 0.00117539, -108.909
1289, 21.48333, 0.528236, -29.0134, 1.62419, -35.0177, 1.32034, 151.622, 0.000529096, 179.588, 0.00119198, 75.4963, 0.00117619, -108.859
1290, 21.49167, 0.528707, -29.0653, 1.628, -34.9802, 1.32351, 151.669, 0.000530082, 179.606, 0.0011931, 75.5688, 0.00117698, -108.808
1290, 21.50000, 0.529178, -29.1172, 1.63181, -34.943, 1.32668, 151.716, 0.00053107, 179.624, 0.00119421, 75.6411, 0.00117777, -108.758
1291, 21.50833, 0.52965, -29.1691, 1.63562, -34.9061, 1.32985, 151.763, 0.000532062, 179.642, 0.00119531, 75.7132, 0.00117855, -108.708
1291, 21.51667, 0.530122, -29.2211, 1.63943, -34.8694, 1.33302, 151.809, 0.000533056, 179.66, 0.00119641, 75.785, 0.00117932, -108.659
1292, 21.52500, 0.530596, -29.2732, 1.64324, -34.833, 1.33619, 151.855, 0.000534053, 179.677, 0.0011975, 75.8567, 0.00118009, -108.609
1292, 21.53333, 0.531069, -29.3253, 1.64706, -34.7968, 1.33936, 151.9, 0.000535053, 179.694, 0.00119859, 75.9281, 0.00118085, -108.56
1293, 21.54167, 0.531544, -29.3774, 1.65087, -34.7609, 1.34254, 151.946, 0.000536056, 179.71, 0.00119966, 75.9993, 0.0011816, -108.511
1293, 21.55000, 0.532019, -29.4296, 1.65469, -34.7252, 1.34571, 151.991, 0.000537062, 179.726, 0.00120073, 76.0703, 0.00118234, -108.462
1294, 21.55833, 0.532495, -29.4818, 1.65851, -34.6898, 1.34888, 152.036, 0.00053807, 179.742, 0.0012018, 76.1411, 0.00118308, -108.413
1294, 21.56667, 0.532971, -29.5341, 1.66234, -34.6547, 1.35206, 152.08, 0.000539081, 179.758, 0.00120286, 76.2116, 0.00118381, -108.365
1295, 21.57500, 0.533448, -29.5864, 1.66616, -34.6198, 1.35523, 152.125, 0.000540095, 179.773, 0.00120391, 76.282, 0.00118453, -108.316
1295, 21.58333, 0.533926, -29.6388, 1.66998, -34.5851, 1.35841, 152.169, 0.000541112, 179.788, 0.00120495, 76.3521, 0.00118525, -108.268
1296, 21.59167, 0.534404, -29.6912, 1.67381, -34.5507, 1.36159, 152.212, 0.000542131, 179.802, 0.00120599, 76.4221, 0.00118596, -108.22
1296, 21.60000, 0.534883, -29.7436, 1.67764, -34.5166, 1.36476, 152.256, 0.000543154, 179.817, 0.00120702, 76.4919, 0.00118666, -108.173
1297, 21.60833, 0.535362, -29.7961, 1.68147, -34.4827, 1.36794, 152.299, 0.000544179, 179.831, 0.00120804, 76.5614, 0.00118735, -108.125
1297, 21.61667, 0.535843, -29.8487, 1.68531, -34.449, 1.37112, 152.342, 0.000545207, 179.844, 0.00120906, 76.6308, 0.00118804, -108.078
1298, 21.62500, 0.536323, -29.9013, 1.68914, -34.4156, 1.3743, 152.385, 0.000546238, 179.858, 0.00121006, 76.7, 0.00118872, -108.03
1298, 21.63333, 0.536805, -29.9539, 1.69298, -34.3824, 1.37748, 152.428, 0.000547271, 179.871, 0.00121107, 76.769, 0.00118939, -107.983
1299, 21.64167, 0.537287, -30.0066, 1.69682, -34.3495, 1.38067, 152.47, 0.000548308, 179.883, 0.00121206, 76.8378, 0.00119006, -107.937
1299, 21.65000, 0.53777, -30.0594, 1.70066, -34.3168, 1.38385, 152.512, 0.000549347, 179.896, 0.00121305, 76.9064, 0.00119072, -107.89
1300, 21.65833, 0.538253, -30.1122, 1.7045, -34.2843, 1.38703, 152.554, 0.000550389, 179.908, 0.00121403, 76.9749, 0.00119137, -107.843
1300, 21.66667, 0.538737, -30.165, 1.70834, -34.2521, 1.39022, 152.596, 0.000551434, 179.92, 0.00121501, 77.0431, 0.00119201, -107.797
1301, 21.67500, 0.539222, -30.2179, 1.71219, -34.2201, 1.3934, 152.637, 0.000552482, 179.931, 0.00121598, 77.1112, 0.00119265, -107.751
1301, 21.68333, 0.539707, -30.2708, 1.71604, -34.1883, 1.39659, 152.678, 0.000553532, 179.942, 0.00121694, 77.1791, 0.00119328, -107.705
1302, 21.69167, 0.540194, -30.3238, 1.71989, -34.1568, 1.39977, 152.719, 0.000554585, 179.953, 0.00121789, 77.2469, 0.0011939, -107.659
1302, 21.70000, 0.54068, -30.3768, 1.72374, -34.1255, 1.40296, 152.76, 0.000555641, 179.964, 0.00121884, 77.3144, 0.00119451, -107.613
1303, 21.70833, 0.541168, -30.4299, 1.72759, -34.0944, 1.40615, 152.8, 0.0005567, 179.974, 0.00121978, 77.3818, 0.00119512, -107.568
1303, 21.71667, 0.541656, -30.483, 1.73145, -34.0635, 1.40934, 152.841, 0.000557762, 179.984, 0.00122071, 77.449, 0.00119572, -107.523
1304, 21.72500, 0.542144, -30.5362, 1.7353, -34.0329, 1.41253, 152.881, 0.000558827, 179.993, 0.00122164, 77.5161, 0.00119632, -107.477
1304, 21.73333, 0.542633, -30.5894, 1.73916, -34.0025, 1.41572, 152.92, 0.000559894, -179.997, 0.00122256, 77.583, 0.0011969, -107.432
1305, 21.74167, 0.543123, -30.6427, 1.74302, -33.9723, 1.41891, 152.96, 0.000560965, -179.988, 0.00122347, 77.6497, 0.00119748, -107.388
1305, 21.75000, 0.543614, -30.696, 1.74688, -33.9423, 1.4221, 152.999, 0.000562038, -179.98, 0.00122438, 77.7163, 0.00119805, -107.343
1306, 21.75833, 0.544105, -30.7493, 1.75074, -33.9126, 1.42529, 153.038, 0.000563113, -179.971, 0.00122528, 77.7827, 0.00119862, -107.298
1306, 21.76667, 0.544597, -30.8028, 1.75461, -33.8831, 1.42848, 153.077, 0.000564192, -179.963, 0.00122617, 77.849, 0.00119918, -107.254
1307, 21.77500, 0.54509, -30.8562, 1.75847, -33.8538, 1.43168, 153.116, 0.000565274, -179.955, 0.00122705, 77.9151, 0.00119973, -107.21
1307, 21.78333, 0.545583, -30.9097, 1.76234, -33.8247, 1.43487, 153.154, 0.000566358, -179.948, 0.00122793, 77.9811, 0.00120027, -107.166
1308, 21.79167, 0.546077, -30.9633, 1.76621, -33.7958, 1.43806, 153.193, 0.000567446, -179.941, 0.0012288, 78.0469, 0.00120081, -107.122
1308, 21.80000, 0.546571, -31.0169, 1.77008, -33.7671, 1.44126, 153.231, 0.000568536, -179.934, 0.00122967, 78.1126, 0.00120133, -107.078
1309, 21.80833, 0.547067, -31.0706, 1.77396, -33.7387, 1.44446, 153.269, 0.000569629, -179.927, 0.00123052, 78.1781, 0.00120186, -107.034
1309, 21.81667, 0.547562, -31.1243, 1.77783, -33.7104, 1.44765, 153.306, 0.000570725, -179.921, 0.00123137, 78.2435, 0.00120237, -106.991
1310, 21.82500, 0.548059, -31.178, 1.78171, -33.6824, 1.45085, 153.344, 0.000571823, -179.915, 0.00123222, 78.3087, 0.00120288, -106.947
1310, 21.83333, 0.548556, -31.2318, 1.78559, -33.6545, 1.45405, 153.381, 0.000572925, -179.909, 0.00123305, 78.3739, 0.00120338, -106.904
1311, 21.84167, 0.549054, -31.2857, 1.78947, -33.6269, 1.45725, 153.418, 0.000574029, -179.904, 0.00123388, 78.4388, 0.00120387, -106.861
1311, 21.85000, 0.549552, -31.3396, 1.79335, -33.5995, 1.46045, 153.455, 0.000575136, -179.899, 0.0012347, 78.5037, 0.00120435, -106.818
1312, 21.85833, 0.550052, -31.3936, 1.79723, -33.5723, 1.46365, 153.491, 0.000576247, -179.894, 0.00123552, 78.5684, 0.00120483, -106.775
1312, 21.86667, 0.550551, -31.4476, 1.80112, -33.5453, 1.46685, 153.528, 0.00057736, -179.89, 0.00123633, 78.6329, 0.0012053, -106.733
1313, 21.87500, 0.551052, -31.5016, 1.805, -33.5185, 1.47005, 153.564, 0.000578475, -179.886, 0.00123713, 78.6974, 0.00120577, -106.69
1313, 21.88333, 0.551553, -31.5558, 1.80889, -33.4919, 1.47325, 153.6, 0.000579594, -179.882, 0.00123793, 78.7617, 0.00120622, -106.648
1313, 21.89167, 0.552055, -31.6099, 1.81278, -33.4654, 1.47645, 153.636, 0.000580716, -179.878, 0.00123871, 78.8259, 0.00120667, -106.606
1314, 21.90000, 0.552557, -31.6641, 1.81667, -33.4392, 1.47966, 153.671, 0.00058184, -179.875, 0.00123949, 78.89, 0.00120711, -106.564
1315, 21.90833, 0.55306, -31.7184, 1.82056, -33.4132, 1.48286, 153.707, 0.000582967, -179.872, 0.00124027, 78.9539, 0.00120755, -106.522
1315, 21.91667, 0.553564, -31.7727, 1.82446, -33.3874, 1.48607, 153.742, 0.000584098, -179.869, 0.00124103, 79.0178, 0.00120797, -106.48
1315, 21.92500, 0.554069, -31.8271, 1.82836, -33.3618, 1.48927, 153.777, 0.000585231, -179.867, 0.00124179, 79.0815, 0.00120839, -106.438
1316, 21.93333, 0.554574, -31.8815, 1.83225, -33.3363, 1.49248, 153.812, 0.000586367, -179.865, 0.00124255, 79.1451, 0.00120881, -106.396
1317, 21.94167, 0.555079, -31.936, 1.83615, -33.3111, 1.49568, 153.847, 0.000587506, -179.863, 0.00124329, 79.2086, 0.00120921, -106.355
1317, 21.95000, 0.555586, -31.9905, 1.84005, -33.286, 1.49889, 153.881, 0.000588647, -179.861, 0.00124403, 79.272, 0.00120961, -106.314
1317, 21.95833, 0.556093, -32.0451, 1.84396, -33.2612, 1.5021, 153.915, 0.000589792, -179.86, 0.00124476, 79.3352, 0.00121, -106.272
1318, 21.96667, 0.556601, -32.0997, 1.84786, -33.2365, 1.50531, 153.95, 0.000590939, -179.859, 0.00124549, 79.3984, 0.00121039, -106.231
1319, 21.97500, 0.557109, -32.1544, 1.85177, -33.212, 1.50852, 153.984, 0.00059209, -179.859, 0.00124621, 79.4614, 0.00121076, -106.19
1319, 21.98333, 0.557618, -32.2091, 1.85568, -33.1877, 1.51173, 154.017, 0.000593243, -179.858, 0.00124692, 79.5244, 0.00121113, -106.149
1319, 21.99167, 0.558128, -32.2639, 1.85959, -33.1636, 1.51494, 154.051, 0.000594399, -179.858, 0.00124762, 79.5872, 0.00121149, -106.109
1320, 22.00000, 0.558639, -32.3188, 1.8635, -33.1397, 1.51815, 154.084, 0.000595558, -179.858, 0.00124832, 79.65, 0.00121185, -106.068
1321, 22.00833, 0.55915, -32.3736, 1.86741, -33.1159, 1.52136, 154.117, 0.00059672, -179.859, 0.00124901, 79.7126, 0.0012122, -106.028
1321, 22.01667, 0.559662, -32.4286, 1.87132, -33.0924, 1.52457, 154.15, 0.000597885, -179.86, 0.00124969, 79.7752, 0.00121254, -105.987
1321, 22.02500, 0.560174, -32.4836, 1.87524, -33.069, 1.52779, 154.183, 0.000599053, -179.861, 0.00125037, 79.8376, 0.00121287, -105.947
1322, 22.03333, 0.560687, -32.5386, 1.87916, -33.0458, 1.531, 154.216, 0.000600224, -179.862, 0.00125104, 79.9, 0.0012132, -105.907
1323, 22.04167, 0.561201, -32.5937, 1.88307, -33.0227, 1.53421, 154.249, 0.000601397, -179.864, 0.0012517, 79.9623, 0.00121351, -105.867
1323, 22.05000, 0.561715, -32.6489, 1.88699, -32.9999, 1.53743, 154.281, 0.000602574, -179.866, 0.00125236, 80.0244, 0.00121383, -105.827
1323, 22.05833, 0.56223, -32.7041, 1.89092, -32.9772, 1.54064, 154.313, 0.000603753, -179.868, 0.00125301, 80.0865, 0.00121413, -105.787
1324, 22.06667, 0.562746, -32.7594, 1.89484, -32.9547, 1.54386, 154.345, 0.000604936, -179.871, 0.00125365, 80.1485, 0.00121443, -105.747
1325, 22.07500, 0.563263, -32.8147, 1.89877, -32.9324, 1.54708, 154.377, 0.000606121, -179.873, 0.00125428, 80.2104, 0.00121472, -105.707
1325, 22.08333, 0.56378, -32.8701, 1.90269, -32.9103, 1.55029, 154.409, 0.00060731, -179.876, 0.00125491, 80.2723, 0.001215, -105.668
1325, 22.09167, 0.564298, -32.9255, 1.90662, -32.8883, 1.55351, 154.44, 0.000608501, -179.88, 0.00125553, 80.334, 0.00121527, -105.628
1326, 22.10000, 0.564816, -32.981, 1.91055, -32.8665, 1.55673, 154.471, 0.000609695, -179.884, 0.00125614, 80.3957, 0.00121554, -105.589
1327, 22.10833, 0.565335, -33.0365, 1.91448, -32.8449, 1.55995, 154.503, 0.000610892, -179.887, 0.00125675, 80.4573, 0.0012158, -105.55
1327, 22.11667, 0.565855, -33.0921, 1.91841, -32.8234, 1.56317, 154.534, 0.000612092, -179.892, 0.00125735, 80.5188, 0.00121605, -105.511
1327, 22.12500, 0.566376, -33.1478, 1.92235, -32.8022, 1.56639, 154.564, 0.000613295, -179.896, 0.00125794, 80.5803, 0.0012163, -105.472
1328, 22.13333, 0.566897, -33.2034, 1.92628, -32.781, 1.56961, 154.595, 0.000614501, -179.901, 0.00125853, 80.6416, 0.00121654, -105.433
1329, 22.14167, 0.567419, -33.2592, 1.93022, -32.7601, 1.57283, 154.626, 0.00061571, -179.906, 0.00125911, 80.7029, 0.00121677, -105.394
1329, 22.15000, 0.567941, -33.315, 1.93416, -32.7393, 1.57606, 154.656, 0.000616922, -179.911, 0.00125968, 80.7642, 0.00121699, -105.355
1329, 22.15833, 0.568465, -33.3709, 1.9381, -32.7187, 1.57928, 154.686, 0.000618136, -179.917, 0.00126024, 80.8253, 0.00121721, -105.316
1330, 22.16667, 0.568989, -33.4268, 1.94204, -32.6982, 1.5825, 154.716, 0.000619354, -179.923, 0.0012608, 80.8864, 0.00121742, -105.278
1331, 22.17500, 0.569513, -33.4828, 1.94599, -32.6779, 1.58573, 154.746, 0.000620575, -179.929, 0.00126135, 80.9474, 0.00121762, -105.239
1331, 22.18333, 0.570038, -33.5388, 1.94993, -32.6578, 1.58895, 154.776, 0.000621799, -179.936, 0.0012619, 81.0084, 0.00121782, -105.201
1331, 22.19167, 0.570565, -33.5949, 1.95388, -32.6378, 1.59218, 154.805, 0.000623026, -179.942, 0.00126244, 81.0693, 0.00121801, -105.163
1332, 22.20000, 0.571091, -33.6511, 1.95783, -32.618, 1.5954, 154.835, 0.000624255, -179.949, 0.00126297, 81.1301, 0.00121819, -105.125
1333, 22.20833, 0.571618, -33.7073, 1.96178, -32.5984, 1.59863, 154.864, 0.000625488, -179.957, 0.00126349, 81.1909, 0.00121836, -105.086
1333, 22.21667, 0.572146, -33.7635, 1.96573, -32.5789, 1.60186, 154.893, 0.000626723, -179.964, 0.00126401, 81.2517, 0.00121852, -105.048
1333, 22.22500, 0.572675, -33.8198, 1.96968, -32.5596, 1.60509, 154.922, 0.000627962, -179.972, 0.00126452, 81.3123, 0.00121868, -105.01
1334, 22.23333, 0.573204, -33.8762, 1.97364, -32.5404, 1.60832, 154.951, 0.000629204, -179.98, 0.00126502, 81.3729, 0.00121884, -104.973
1335, 22.24167, 0.573734, -33.9326, 1.97759, -32.5214, 1.61154, 154.98, 0.000630448, -179.988, 0.00126551, 81.4335, 0.00121898, -104.935
1335, 22.25000, 0.574265, -33.9891, 1.98155, -32.5025, 1.61477, 155.008, 0.000631696, -179.997, 0.001266, 81.494, 0.00121912, -104.897
1335, 22.25833, 0.574796, -34.0457, 1.98551, -32.4838, 1.61801, 155.037, 0.000632946, 179.994, 0.00126648, 81.5545, 0.00121925, -104.859
1336, 22.26667, 0.575329, -34.1023, 1.98947, -32.4653, 1.62124, 155.065, 0.0006342, 179.985, 0.00126696, 81.6149, 0.00121937, -104.822
1337, 22.27500, 0.575861, -34.1589, 1.99343, -32.4469, 1.62447, 155.093, 0.000635457, 179.975, 0.00126743, 81.6753, 0.00121948, -104.784
1337, 22.28333, 0.576395, -34.2156, 1.9974, -32.4286, 1.6277, 155.121, 0.000636716, 179.966, 0.00126789, 81.7356, 0.00121959, -104.747
1337, 22.29167, 0.576929, -34.2724, 2.00136, -32.4106, 1.63093, 155.149, 0.000637979, 179.955, 0.00126834, 81.7959, 0.00121969, -104.71
1338, 22.30000, 0.577464, -34.3292, 2.00533, -32.3926, 1.63417, 155.177, 0.000639245, 179.945, 0.00126879, 81.8562, 0.00121979, -104.672
1339, 22.30833, 0.577999, -34.3861, 2.0093, -32.3748, 1.6374, 155.204, 0.000640513, 179.935, 0.00126923, 81.9164, 0.00121987, -104.635
1339, 22.31667, 0.578535, -34.4431, 2.01327, -32.3572, 1.64064, 155.232, 0.000641785, 179.924, 0.00126966, 81.9765, 0.00121995, -104.598
1339, 22.32500, 0.579072, -34.5001, 2.01724, -32.3397, 1.64387, 155.259, 0.00064306, 179.913, 0.00127009, 82.0367, 0.00122002, -104.561
1340, 22.33333, 0.57961, -34.5571, 2.02121, -32.3224, 1.64711, 155.286, 0.000644338, 179.901, 0.00127051, 82.0967, 0.00122009, -104.524
1341, 22.34167, 0.580148, -34.6142, 2.02519, -32.3052, 1.65035, 155.313, 0.000645618, 179.89, 0.00127092, 82.1568, 0.00122014, -104.487
1341, 22.35000, 0.580687, -34.6714, 2.02916, -32.2881, 1.65358, 155.34, 0.000646902, 179.878, 0.00127133, 82.2168, 0.00122019, -104.451
1341, 22.35833, 0.581226, -34.7287, 2.03314, -32.2712, 1.65682, 155.367, 0.000648189, 179.866, 0.00127173, 82.2768, 0.00122024, -104.414
1342, 22.36667, 0.581767, -34.786, 2.03712, -32.2544, 1.66006, 155.393, 0.000649479, 179.853, 0.00127212, 82.3368, 0.00122027, -104.377
1343, 22.37500, 0.582308, -34.8433, 2.0411, -32.2378, 1.6633, 155.42, 0.000650772, 179.84, 0.00127251, 82.3968, 0.0012203, -104.34
1343, 22.38333, 0.582849, -34.9007, 2.04508, -32.2213, 1.66654, 155.446, 0.000652068, 179.827, 0.00127289, 82.4567, 0.00122032, -104.304
1343, 22.39167, 0.583392, -34.9582, 2.04906, -32.205, 1.66978, 155.472, 0.000653368, 179.814, 0.00127326, 82.5166, 0.00122033, -104.267
1344, 22.40000, 0.583935, -35.0157, 2.05305, -32.1888, 1.67302, 155.498, 0.00065467, 179.801, 0.00127362, 82.5764, 0.00122034, -104.231
1345, 22.40833, 0.584478, -35.0733, 2.05704, -32.1728, 1.67626, 155.524, 0.000655975, 179.787, 0.00127398, 82.6363, 0.00122034, -104.195
1345, 22.41667, 0.585023, -35.131, 2.06102, -32.1569, 1.67951, 155.55, 0.000657284, 179.773, 0.00127433, 82.6961, 0.00122033, -104.158
1345, 22.42500, 0.585568, -35.1887, 2.06501, -32.1411, 1.68275, 155.576, 0.000658595, 179.759, 0.00127468, 82.7559, 0.00122032, -104.122
1346, 22.43333, 0.586114, -35.2465, 2.069, -32.1255, 1.68599, 155.601, 0.000659909, 179.744, 0.00127501, 82.8157, 0.00122029, -104.086
1347, 22.44167, 0.58666, -35.3043, 2.073, -32.11, 1.68924, 155.627, 0.000661227, 179.729, 0.00127534, 82.8755, 0.00122026, -104.05
1347, 22.45000, 0.587207, -35.3622, 2.07699, -32.0946, 1.69248, 155.652, 0.000662548, 179.714, 0.00127567, 82.9352, 0.00122023, -104.014
1348, 22.45833, 0.587755, -35.4202, 2.08099, -32.0794, 1.69573, 155.677, 0.000663872, 179.699, 0.00127598, 82.995, 0.00122018, -103.978
1348, 22.46667, 0.588303, -35.4782, 2.08498, -32.0643, 1.69898, 155.702, 0.000665199, 179.683, 0.00127629, 83.0547, 0.00122013, -103.942
1349, 22.47500, 0.588853, -35.5363, 2.08898, -32.0493, 1.70222, 155.727, 0.000666529, 179.667, 0.0012766, 83.1145, 0.00122007, -103.906
1349, 22.48333, 0.589402, -35.5944, 2.09298, -32.0345, 1.70547, 155.752, 0.000667862, 179.651, 0.00127689, 83.1742, 0.00122, -103.87
1350, 22.49167, 0.589953, -35.6526, 2.09698, -32.0198, 1.70872, 155.776, 0.000669198, 179.635, 0.00127718, 83.2339, 0.00121993, -103.834
1350, 22.50000, 0.590504, -35.7109, 2.10099, -32.0053, 1.71197, 155.801, 0.000670537, 179.618, 0.00127747, 83.2936, 0.00121985, -103.798
1351, 22.50833, 0.591056, -35.7692, 2.10499, -31.9909, 1.71522, 155.825, 0.00067188, 179.601, 0.00127774, 83.3533, 0.00121976, -103.763
1351, 22.51667, 0.591609, -35.8276, 2.109, -31.9766, 1.71847, 155.85, 0.000673226, 179.584, 0.00127801, 83.413, 0.00121967, -103.727
1352, 22.52500, 0.592162, -35.886, 2.113, -31.9624, 1.72172, 155.874, 0.000674574, 179.567, 0.00127827, 83.4727, 0.00121956, -103.691
1352, 22.53333, 0.592716, -35.9445, 2.11701, -31.9484, 1.72497, 155.898, 0.000675926, 179.549, 0.00127853, 83.5324, 0.00121945, -103.656
1353, 22.54167, 0.593271, -36.0031, 2.12102, -31.9345, 1.72822, 155.922, 0.000677281, 179.531, 0.00127878, 83.5921, 0.00121934, -103.62
1353, 22.55000, 0.593826, -36.0617, 2.12503, -31.9207, 1.73148, 155.946, 0.000678639, 179.513, 0.00127902, 83.6518, 0.00121921, -103.585
1354, 22.55833, 0.594382, -36.1204, 2.12905, -31.9071, 1.73473, 155.97, 0.000680001, 179.494, 0.00127926, 83.7116, 0.00121908, -103.549
1354, 22.56667, 0.594939, -36.1792, 2.13306, -31.8936, 1.73799, 155.993, 0.000681365, 179.476, 0.00127948, 83.7713, 0.00121894, -103.514
1355, 22.57500, 0.595497, -36.238, 2.13708, -31.8802, 1.74124, 156.017, 0.000682733, 179.457, 0.00127971, 83.831, 0.0012188, -103.479
1355, 22.58333, 0.596055, -36.2969, 2.1411, -31.867, 1.7445, 156.04, 0.000684104, 179.438, 0.00127992, 83.8907, 0.00121864, -103.443
1356, 22.59167, 0.596614, -36.3558, 2.14511, -31.8538, 1.74775, 156.063, 0.000685478, 179.418, 0.00128013, 83.9505, 0.00121848, -103.408
1356, 22.60000, 0.597173, -36.4148, 2.14914, -31.8408, 1.75101, 156.087, 0.000686855, 179.398, 0.00128033, 84.0103, 0.00121832, -103.373
1357, 22.60833, 0.597733, -36.4739, 2.15316, -31.8279, 1.75427, 156.11, 0.000688235, 179.378, 0.00128052, 84.07, 0.00121814, -103.338
1357, 22.61667, 0.598294, -36.533, 2.15718, -31.8152, 1.75753, 156.133, 0.000689619, 179.358, 0.00128071, 84.1298, 0.00121796, -103.303
1358, 22.62500, 0.598856, -36.5922, 2.16121, -31.8026, 1.76079, 156.155, 0.000691005, 179.338, 0.00128089, 84.1896, 0.00121777, -103.267
1358, 22.63333, 0.599418, -36.6515, 2.16523, -31.79, 1.76405, 156.178, 0.000692395, 179.317, 0.00128107, 84.2494, 0.00121757, -103.232
1359, 22.64167, 0.599981, -36.7108, 2.16926, -31.7777, 1.76731, 156.201, 0.000693789, 179.296, 0.00128124, 84.3093, 0.00121737, -103.197
1359, 22.65000, 0.600545, -36.7702, 2.17329, -31.7654, 1.77057, 156.223, 0.000695185, 179.275, 0.0012814, 84.3691, 0.00121716, -103.162
1360, 22.65833, 0.601109, -36.8297, 2.17732, -31.7532, 1.77383, 156.246, 0.000696584, 179.253, 0.00128155, 84.429, 0.00121694, -103.127
1360, 22.66667, 0.601674, -36.8892, 2.18135, -31.7412, 1.77709, 156.268, 0.000697987, 179.231, 0.0012817, 84.4889, 0.00121671, -103.092
1361, 22.67500, 0.60224, -36.9488, 2.18539, -31.7293, 1.78036, 156.29, 0.000699393, 179.21, 0.00128184, 84.5489, 0.00121648, -103.057
1361, 22.68333, 0.602806, -37.0084, 2.18942, -31.7175, 1.78362, 156.312, 0.000700802, 179.187, 0.00128198, 84.6088, 0.00121624, -103.022
1362, 22.69167, 0.603373, -37.0681, 2.19346, -31.7058, 1.78689, 156.334, 0.000702215, 179.165, 0.0012821, 84.6688, 0.00121599, -102.988
1362, 22.70000, 0.603941, -37.1279, 2.1975, -31.6943, 1.79015, 156.356, 0.00070363, 179.142, 0.00128222, 84.7288, 0.00121574, -102.953
1363, 22.70833, 0.604509, -37.1877, 2.20154, -31.6829, 1.79342, 156.378, 0.000705049, 179.119, 0.00128234, 84.7889, 0.00121548, -102.918
1363, 22.71667, 0.605079, -37.2477, 2.20558, -31.6715, 1.79668, 156.4, 0.000706471, 179.096, 0.00128245, 84.849, 0.00121521, -102.883
1364, 22.72500, 0.605649, -37.3076, 2.20962, -31.6603, 1.79995, 156.421, 0.000707896, 179.072, 0.00128255, 84.9091, 0.00121493, -102.848
1364, 22.73333, 0.606219, -37.3677, 2.21367, -31.6493, 1.80322, 156.443, 0.000709325, 179.049, 0.00128264, 84.9692, 0.00121465, -102.814
1365, 22.74167, 0.60679, -37.4278, 2.21771, -31.6383, 1.80649, 156.464, 0.000710757, 179.025, 0.00128273, 85.0294, 0.00121436, -102.779
1365, 22.75000, 0.607362, -37.4879, 2.22176, -31.6274, 1.80976, 156.485, 0.000712192, 179, 0.00128281, 85.0897, 0.00121406, -102.744
1366, 22.75833, 0.607935, -37.5482, 2.22581, -31.6167, 1.81303, 156.506, 0.00071363, 178.976, 0.00128288, 85.1499, 0.00121376, -102.709
1366, 22.76667, 0.608508, -37.6085, 2.22986, -31.6061, 1.8163, 156.527, 0.000715072, 178.951, 0.00128295, 85.2102, 0.00121345, -102.675
1367, 22.77500, 0.609082, -37.6688, 2.23391, -31.5955, 1.81957, 156.548, 0.000716517, 178.926, 0.00128301, 85.2706, 0.00121313, -102.64
1367, 22.78333, 0.609657, -37.7293, 2.23796, -31.5851, 1.82285, 156.569, 0.000717965, 178.901, 0.00128307, 85.3309, 0.0012128, -102.605
1368, 22.79167, 0.610232, -37.7898, 2.24202, -31.5748, 1.82612, 156.59, 0.000719417, 178.876, 0.00128312, 85.3914, 0.00121247, -102.571
1368, 22.80000, 0.610808, -37.8503, 2.24607, -31.5647, 1.82939, 156.611, 0.000720872, 178.85, 0.00128316, 85.4519, 0.00121213, -102.536
1369, 22.80833, 0.611385, -37.911, 2.25013, -31.5546, 1.83267, 156.631, 0.00072233, 178.824, 0.00128319, 85.5124, 0.00121178, -102.502
1369, 22.81667, 0.611962, -37.9717, 2.25419, -31.5446, 1.83595, 156.652, 0.000723791, 178.798, 0.00128322, 85.573, 0.00121142, -102.467
1370, 22.82500, 0.612541, -38.0325, 2.25825, -31.5348, 1.83922, 156.672, 0.000725256, 178.771, 0.00128324, 85.6336, 0.00121106, -102.433
1370, 22.83333, 0.613119, -38.0933, 2.26231, -31.525, 1.8425, 156.692, 0.000726724, 178.745, 0.00128326, 85.6943, 0.00121069, -102.398
1371, 22.84167, 0.613699, -38.1542, 2.26638, -31.5154, 1.84578, 156.713, 0.000728195, 178.718, 0.00128327, 85.755, 0.00121031, -102.363
1371, 22.85000, 0.614279, -38.2152, 2.27044, -31.5059, 1.84906, 156.733, 0.00072967, 178.691, 0.00128327, 85.8158, 0.00120993, -102.329
1372, 22.85833, 0.61486, -38.2762, 2.27451, -31.4965, 1.85234, 156.753, 0.000731148, 178.663, 0.00128326, 85.8766, 0.00120954, -102.294
1372, 22.86667, 0.615442, -38.3373, 2.27858, -31.4872, 1.85562, 156.773, 0.000732629, 178.635, 0.00128325, 85.9376, 0.00120914, -102.26
1373, 22.87500, 0.616024, -38.3985, 2.28265, -31.478, 1.8589, 156.792, 0.000734114, 178.608, 0.00128323, 85.9985, 0.00120873, -102.225
1373, 22.88333, 0.616607, -38.4597, 2.28672, -31.4689, 1.86218, 156.812, 0.000735602, 178.579, 0.00128321, 86.0595, 0.00120832, -102.191
1374, 22.89167, 0.61719, -38.5211, 2.29079, -31.4599, 1.86546, 156.832, 0.000737093, 178.551, 0.00128318, 86.1206, 0.0012079, -102.156
1374, 22.90000, 0.617775, -38.5825, 2.29486, -31.451, 1.86875, 156.851, 0.000738588, 178.523, 0.00128314, 86.1818, 0.00120747, -102.122
1375, 22.90833, 0.61836, -38.6439, 2.29894, -31.4422, 1.87203, 156.871, 0.000740086, 178.494, 0.0012831, 86.243, 0.00120704, -102.087
1375, 22.91667, 0.618945, -38.7054, 2.30302, -31.4335, 1.87532, 156.89, 0.000741587, 178.465, 0.00128305, 86.3043, 0.0012066, -102.053
1376, 22.92500, 0.619532, -38.767, 2.30709, -31.425, 1.8786, 156.909, 0.000743092, 178.435, 0.00128299, 86.3656, 0.00120615, -102.018
1376, 22.93333, 0.620119, -38.8287, 2.31117, -31.4165, 1.88189, 156.929, 0.0007446, 178.406, 0.00128293, 86.427, 0.00120569, -101.984
1377, 22.94167, 0.620706, -38.8904, 2.31525, -31.4081, 1.88518, 156.948, 0.000746112, 178.376, 0.00128286, 86.4885, 0.00120523, -101.949
1377, 22.95000, 0.621295, -38.9522, 2.31934, -31.3999, 1.88846, 156.967, 0.000747627, 178.346, 0.00128278, 86.5501, 0.00120476, -101.915
1378, 22.95833, 0.621884, -39.0141, 2.32342, -31.3917, 1.89175, 156.986, 0.000749145, 178.316, 0.0012827, 86.6117, 0.00120428, -101.88
1378, 22.96667, 0.622474, -39.076, 2.32751, -31.3836, 1.89504, 157.005, 0.000750667, 178.285, 0.00128261, 86.6734, 0.0012038, -101.846
1379, 22.97500, 0.623064, -39.138, 2.33159, -31.3757, 1.89833, 157.023, 0.000752192, 178.254, 0.00128252, 86.7352, 0.0012033, -101.811
1379, 22.98333, 0.623655, -39.2001, 2.33568, -31.3678, 1.90163, 157.042, 0.000753721, 178.223, 0.00128241, 86.797, 0.0012028, -101.777
1380, 22.99167, 0.624247, -39.2622, 2.33977, -31.3601, 1.90492, 157.061, 0.000755253, 178.192, 0.00128231, 86.859, 0.0012023, -101.742
1380, 23.00000, 0.62484, -39.3245, 2.34386, -31.3524, 1.90821, 157.079, 0.000756788, 178.161, 0.00128219, 86.921, 0.00120178, -101.708
1381, 23.00833, 0.625433, -39.3867, 2.34796, -31.3448, 1.9115, 157.098, 0.000758327, 178.129, 0.00128207, 86.9831, 0.00120126, -101.673
1381, 23.01667, 0.626027, -39.4491, 2.35205, -31.3374, 1.9148, 157.116, 0.000759869, 178.097, 0.00128194, 87.0453, 0.00120074, -101.639
1382, 23.02500, 0.626621, -39.5115, 2.35615, -31.33, 1.9181, 157.134, 0.000761415, 178.065, 0.00128181, 87.1076, 0.0012002, -101.604
1382, 23.03333, 0.627217, -39.574, 2.36024, -31.3227, 1.92139, 157.152, 0.000762964, 178.033, 0.00128167, 87.1699, 0.00119966, -101.57
1383, 23.04167, 0.627813, -39.6366, 2.36434, -31.3156, 1.92469, 157.17, 0.000764517, 178, 0.00128152, 87.2324, 0.00119911, -101.535
1383, 23.05000, 0.628409, -39.6993, 2.36844, -31.3085, 1.92799, 157.188, 0.000766073, 177.967, 0.00128137, 87.2949, 0.00119855, -101.5
1384, 23.05833, 0.629007, -39.762, 2.37254, -31.3015, 1.93129, 157.206, 0.000767633, 177.934, 0.00128121, 87.3575, 0.00119799, -101.466
1384, 23.06667, 0.629605, -39.8248, 2.37665, -31.2946, 1.93459, 157.224, 0.000769196, 177.901, 0.00128105, 87.4202, 0.00119742, -101.431
1385, 23.07500, 0.630203, -39.8876, 2.38075, -31.2879, 1.93789, 157.242, 0.000770762, 177.867, 0.00128087, 87.4831, 0.00119684, -101.397
1385, 23.08333, 0.630802, -39.9506, 2.38486, -31.2812, 1.94119, 157.26, 0.000772332, 177.833, 0.0012807, 87.546, 0.00119626, -101.362
1386, 23.09167, 0.631402, -40.0136, 2.38897, -31.2746, 1.94449, 157.277, 0.000773905, 177.799, 0.00128051, 87.609, 0.00119566, -101.327
1386, 23.10000, 0.632003, -40.0767, 2.39308, -31.2681, 1.9478, 157.295, 0.000775482, 177.765, 0.00128032, 87.6721, 0.00119506, -101.292
1387, 23.10833, 0.632605, -40.1398, 2.39719, -31.2617, 1.9511, 157.312, 0.000777063, 177.731, 0.00128012, 87.7353, 0.00119446, -101.258
1387, 23.11667, 0.633207, -40.203, 2.4013, -31.2553, 1.95441, 157.33, 0.000778647, 177.696, 0.00127992, 87.7986, 0.00119384, -101.223
1388, 23.12500, 0.633809, -40.2663, 2.40541, -31.2491, 1.95771, 157.347, 0.000780234, 177.661, 0.00127971, 87.862, 0.00119322, -101.188
1388, 23.13333, 0.634413, -40.3297, 2.40953, -31.243, 1.96102, 157.364, 0.000781825, 177.626, 0.0012795, 87.9255, 0.00119259, -101.153
1389, 23.14167, 0.635017, -40.3932, 2.41364, -31.237, 1.96433, 157.381, 0.00078342, 177.59, 0.00127927, 87.9891, 0.00119196, -101.119
1389, 23.15000, 0.635621, -40.4567, 2.41776, -31.231, 1.96764, 157.398, 0.000785018, 177.555, 0.00127905, 88.0528, 0.00119132, -101.084
1390, 23.15833, 0.636227, -40.5203, 2.42188, -31.2252, 1.97095, 157.415, 0.000786619, 177.519, 0.00127881, 88.1166, 0.00119067, -101.049
1390, 23.16667, 0.636833, -40.5839, 2.426, -31.2194, 1.97426, 157.432, 0.000788224, 177.483, 0.00127857, 88.1806, 0.00119001, -101.014
1391, 23.17500, 0.63744, -40.6477, 2.43012, -31.2137, 1.97757, 157.449, 0.000789833, 177.446, 0.00127832, 88.2446, 0.00118935, -100.979
1391, 23.18333, 0.638047, -40.7115, 2.43425, -31.2082, 1.98088, 157.466, 0.000791445, 177.41, 0.00127807, 88.3088, 0.00118868, -100.944
1392, 23.19167, 0.638655, -40.7754, 2.43837, -31.2027, 1.98419, 157.483, 0.000793061, 177.373, 0.00127781, 88.3731, 0.001188, -100.909
1392, 23.20000, 0.639264, -40.8393, 2.4425, -31.1973, 1.98751, 157.499, 0.00079468, 177.336, 0.00127755, 88.4375, 0.00118731, -100.874
1393, 23.20833, 0.639874, -40.9034, 2.44663, -31.192, 1.99082, 157.516, 0.000796303, 177.299, 0.00127728, 88.502, 0.00118662, -100.839
1393, 23.21667, 0.640484, -40.9675, 2.45076, -31.1867, 1.99414, 157.532, 0.000797929, 177.261, 0.001277, 88.5666, 0.00118592, -100.804
1394, 23.22500, 0.641095, -41.0316, 2.45489, -31.1816, 1.99746, 157.549, 0.000799559, 177.224, 0.00127671, 88.6313, 0.00118521, -100.769
1394, 23.23333, 0.641706, -41.0959, 2.45902, -31.1765, 2.00077, 157.565, 0.000801193, 177.186, 0.00127642, 88.6962, 0.0011845, -100.734
1395, 23.24167, 0.642318, -41.1602, 2.46316, -31.1716, 2.00409, 157.581, 0.00080283, 177.148, 0.00127613, 88.7612, 0.00118378, -100.699
1395, 23.25000, 0.642931, -41.2247, 2.46729, -31.1667, 2.00741, 157.597, 0.000804471, 177.109, 0.00127583, 88.8263, 0.00118305, -100.663
1396, 23.25833, 0.643544, -41.2891, 2.47143, -31.1619, 2.01073, 157.613, 0.000806115, 177.071, 0.00127552, 88.8916, 0.00118232, -100.628
1396, 23.26667, 0.644158, -41.3537, 2.47557, -31.1572, 2.01406, 157.63, 0.000807763, 177.032, 0.0012752, 88.9569, 0.00118158, -100.593
1397, 23.27500, 0.644773, -41.4183, 2.47971, -31.1526, 2.01738, 157.646, 0.000809415, 176.993, 0.00127488, 89.0224, 0.00118083, -100.557
1397, 23.28333, 0.645389, -41.4831, 2.48385, -31.1481, 2.0207, 157.661, 0.00081107, 176.954, 0.00127456, 89.0881, 0.00118007, -100.522
1398, 23.29167, 0.646005, -41.5478, 2.48799, -31.1436, 2.02403, 157.677, 0.000812729, 176.914, 0.00127423, 89.1538, 0.00117931, -100.487
1398, 23.30000, 0.646622, -41.6127, 2.49214, -31.1393, 2.02735, 157.693, 0.000814392, 176.874, 0.00127389, 89.2197, 0.00117854, -100.451
1399, 23.30833, 0.647239, -41.6777, 2.49628, -31.135, 2.03068, 157.709, 0.000816058, 176.835, 0.00127354, 89.2858, 0.00117776, -100.416
1399, 23.31667, 0.647857, -41.7427, 2.50043, -31.1308, 2.03401, 157.724, 0.000817728, 176.794, 0.00127319, 89.352, 0.00117697, -100.38
1400, 23.32500, 0.648476, -41.8078, 2.50458, -31.1267, 2.03734, 157.74, 0.000819401, 176.754, 0.00127284, 89.4183, 0.00117618, -100.344
1400, 23.33333, 0.649095, -41.8729, 2.50873, -31.1227, 2.04067, 157.755, 0.000821078, 176.713, 0.00127247, 89.4847, 0.00117538, -100.309
1401, 23.34167, 0.649715, -41.9382, 2.51288, -31.1188, 2.044, 157.771, 0.000822759, 176.673, 0.00127211, 89.5513, 0.00117458, -100.273
1401, 23.35000, 0.650336, -42.0035, 2.51704, -31.1149, 2.04733, 157.786, 0.000824443, 176.631, 0.00127173, 89.618, 0.00117376, -100.237
1402, 23.35833, 0.650958, -42.0689, 2.52119, -31.1111, 2.05066, 157.801, 0.000826131, 176.59, 0.00127135, 89.6849, 0.00117294, -100.201
1402, 23.36667, 0.65158, -42.1344, 2.52535, -31.1074, 2.054, 157.817, 0.000827823, 176.549, 0.00127096, 89.752, 0.00117211, -100.165
1403, 23.37500, 0.652202, -42.2, 2.52951, -31.1038, 2.05733, 157.832, 0.000829519, 176.507, 0.00127057, 89.8191, 0.00117128, -100.13
1403, 23.38333, 0.652826, -42.2656, 2.53366, -31.1003, 2.06067, 157.847, 0.000831218, 176.465, 0.00127017, 89.8865, 0.00117044, -100.094
1404, 23.39167, 0.65345, -42.3313, 2.53783, -31.0968, 2.06401, 157.862, 0.000832921, 176.423, 0.00126977, 89.9539, 0.00116959, -100.057
1404, 23.40000, 0.654074, -42.3971, 2.54199, -31.0935, 2.06734, 157.877, 0.000834627, 176.381, 0.00126936, 90.0216, 0.00116873, -100.021
1405, 23.40833, 0.6547, -42.463, 2.54615, -31.0902, 2.07068, 157.892, 0.000836338, 176.338, 0.00126895, 90.0893, 0.00116787, -99.9852
1405, 23.41667, 0.655326, -42.5289, 2.55032, -31.087, 2.07402, 157.907, 0.000838052, 176.295, 0.00126852, 90.1573, 0.001167, -99.949
1406, 23.42500, 0.655952, -42.595, 2.55448, -31.0839, 2.07736, 157.921, 0.000839769, 176.252, 0.0012681, 90.2254, 0.00116612, -99.9127
1406, 23.43333, 0.65658, -42.6611, 2.55865, -31.0808, 2.08071, 157.936, 0.000841491, 176.209, 0.00126766, 90.2936, 0.00116524, -99.8763
1407, 23.44167, 0.657208, -42.7273, 2.56282, -31.0779, 2.08405, 157.951, 0.000843216, 176.165, 0.00126722, 90.3621, 0.00116435, -99.8399
1407, 23.45000, 0.657836, -42.7935, 2.56699, -31.075, 2.08739, 157.965, 0.000844945, 176.122, 0.00126678, 90.4306, 0.00116345, -99.8035
1408, 23.45833, 0.658465, -42.8599, 2.57117, -31.0721, 2.09074, 157.98, 0.000846678, 176.078, 0.00126633, 90.4994, 0.00116255, -99.7669
1408, 23.46667, 0.659095, -42.9263, 2.57534, -31.0694, 2.09409, 157.994, 0.000848415, 176.034, 0.00126587, 90.5683, 0.00116163, -99.7303
1409, 23.47500, 0.659726, -42.9928, 2.57952, -31.0668, 2.09743, 158.009, 0.000850155, 175.989, 0.00126541, 90.6374, 0.00116071, -99.6936
1409, 23.48333, 0.660357, -43.0594, 2.58369, -31.0642, 2.10078, 158.023, 0.000851899, 175.945, 0.00126494, 90.7066, 0.00115979, -99.6569
1410, 23.49167, 0.660989, -43.1261, 2.58787, -31.0617, 2.10413, 158.037, 0.000853647, 175.9, 0.00126447, 90.7761, 0.00115885, -99.62
1410, 23.50000, 0.661621, -43.1928, 2.59205, -31.0593, 2.10748, 158.052, 0.000855398, 175.855, 0.00126399, 90.8456, 0.00115791, -99.5832
1411, 23.50833, 0.662254, -43.2596, 2.59624, -31.0569, 2.11084, 158.066, 0.000857154, 175.81, 0.00126351, 90.9154, 0.00115697, -99.5462
1411, 23.51667, 0.662888, -43.3265, 2.60042, -31.0546, 2.11419, 158.08, 0.000858913, 175.764, 0.00126302, 90.9854, 0.00115601, -99.5092
1412, 23.52500, 0.663522, -43.3935, 2.6046, -31.0524, 2.11754, 158.094, 0.000860676, 175.719, 0.00126252, 91.0555, 0.00115505, -99.472
1412, 23.53333, 0.664157, -43.4606, 2.60879, -31.0503, 2.1209, 158.108, 0.000862443, 175.673, 0.00126202, 91.1258, 0.00115408, -99.4349
1413, 23.54167, 0.664793, -43.5277, 2.61298, -31.0483, 2.12426, 158.122, 0.000864213, 175.627, 0.00126151, 91.1963, 0.00115311, -99.3976
1413, 23.55000, 0.665429, -43.595, 2.61717, -31.0463, 2.12761, 158.136, 0.000865988, 175.58, 0.001261, 91.2669, 0.00115212, -99.3602
1414, 23.55833, 0.666066, -43.6623, 2.62136, -31.0444, 2.13097, 158.15, 0.000867766, 175.534, 0.00126048, 91.3377, 0.00115113, -99.3228
1414, 23.56667, 0.666703, -43.7297, 2.62555, -31.0426, 2.13433, 158.163, 0.000869548, 175.487, 0.00125995, 91.4088, 0.00115014, -99.2853
1415, 23.57500, 0.667341, -43.7972, 2.62974, -31.0409, 2.13769, 158.177, 0.000871334, 175.44, 0.00125942, 91.48, 0.00114913, -99.2477
1415, 23.58333, 0.66798, -43.8647, 2.63394, -31.0392, 2.14106, 158.191, 0.000873124, 175.393, 0.00125889, 91.5514, 0.00114812, -99.21
1416, 23.59167, 0.66862, -43.9324, 2.63814, -31.0376, 2.14442, 158.204, 0.000874918, 175.345, 0.00125835, 91.623, 0.0011471, -99.1722
1416, 23.60000, 0.66926, -44.0001, 2.64233, -31.0361, 2.14778, 158.218, 0.000876715, 175.298, 0.0012578, 91.6948, 0.00114608, -99.1344
1417, 23.60833, 0.6699, -44.0679, 2.64653, -31.0346, 2.15115, 158.231, 0.000878516, 175.25, 0.00125725, 91.7668, 0.00114505, -99.0965
1417, 23.61667, 0.670542, -44.1358, 2.65073, -31.0332, 2.15452, 158.244, 0.000880322, 175.202, 0.00125669, 91.839, 0.00114401, -99.0584
1418, 23.62500, 0.671183, -44.2037, 2.65494, -31.0319, 2.15789, 158.258, 0.000882131, 175.154, 0.00125613, 91.9113, 0.00114296, -99.0203
1418, 23.63333, 0.671826, -44.2718, 2.65914, -31.0307, 2.16126, 158.271, 0.000883944, 175.105, 0.00125556, 91.9839, 0.00114191, -98.9821
1419, 23.64167, 0.672469, -44.3399, 2.66335, -31.0295, 2.16463, 158.284, 0.000885761, 175.057, 0.00125499, 92.0567, 0.00114085, -98.9438
1419, 23.65000, 0.673113, -44.4081, 2.66755, -31.0284, 2.168, 158.298, 0.000887581, 175.008, 0.00125441, 92.1297, 0.00113978, -98.9054
1420, 23.65833, 0.673757, -44.4764, 2.67176, -31.0274, 2.17137, 158.311, 0.000889406, 174.959, 0.00125382, 92.2029, 0.00113871, -98.8669
1420, 23.66667, 0.674402, -44.5448, 2.67597, -31.0264, 2.17475, 158.324, 0.000891235, 174.909, 0.00125323, 92.2763, 0.00113762, -98.8283
1421, 23.67500, 0.675048, -44.6133, 2.68018, -31.0256, 2.17812, 158.337, 0.000893067, 174.86, 0.00125264, 92.3499, 0.00113654, -98.7896
1421, 23.68333, 0.675694, -44.6818, 2.6844, -31.0247, 2.1815, 158.35, 0.000894904, 174.81, 0.00125204, 92.4237, 0.00113544, -98.7508
1422, 23.69167, 0.676341, -44.7505, 2.68861, -31.024, 2.18488, 158.363, 0.000896744, 174.76, 0.00125143, 92.4977, 0.00113434, -98.7119
1422, 23.70000, 0.676988, -44.8192, 2.69283, -31.0233, 2.18826, 158.375, 0.000898589, 174.71, 0.00125082, 92.572, 0.00113323, -98.6729
1423, 23.70833, 0.677636, -44.888, 2.69705, -31.0227, 2.19164, 158.388, 0.000900437, 174.66, 0.0012502, 92.6464, 0.00113211, -98.6338
1423, 23.71667, 0.678285, -44.9569, 2.70127, -31.0222, 2.19502, 158.401, 0.000902289, 174.609, 0.00124958, 92.7211, 0.00113099, -98.5946
1424, 23.72500, 0.678934, -45.0258, 2.70549, -31.0217, 2.1984, 158.414, 0.000904145, 174.558, 0.00124895, 92.796, 0.00112986, -98.5553
1424, 23.73333, 0.679584, -45.0949, 2.70971, -31.0213, 2.20179, 158.426, 0.000906006, 174.507, 0.00124832, 92.8711, 0.00112872, -98.5159
1425, 23.74167, 0.680234, -45.164, 2.71393, -31.021, 2.20517, 158.439, 0.00090787, 174.456, 0.00124768, 92.9464, 0.00112758, -98.4763
1425, 23.75000, 0.680885, -45.2332, 2.71816, -31.0208, 2.20856, 158.451, 0.000909738, 174.405, 0.00124704, 93.022, 0.00112643, -98.4367
1426, 23.75833, 0.681537, -45.3026, 2.72238, -31.0206, 2.21195, 158.464, 0.00091161, 174.353, 0.00124639, 93.0978, 0.00112527, -98.3969
1426, 23.76667, 0.682189, -45.372, 2.72661, -31.0204, 2.21534, 158.476, 0.000913486, 174.301, 0.00124574, 93.1738, 0.00112411, -98.3571
1427, 23.77500, 0.682842, -45.4414, 2.73084, -31.0204, 2.21873, 158.489, 0.000915366, 174.249, 0.00124508, 93.2501, 0.00112293, -98.3171
1427, 23.78333, 0.683495, -45.511, 2.73507, -31.0204, 2.22212, 158.501, 0.00091725, 174.197, 0.00124442, 93.3265, 0.00112175, -98.277
1428, 23.79167, 0.684149, -45.5807, 2.73931, -31.0205, 2.22551, 158.513, 0.000919138, 174.144, 0.00124375, 93.4033, 0.00112057, -98.2368
1428, 23.80000, 0.684804, -45.6504, 2.74354, -31.0206, 2.22891, 158.525, 0.00092103, 174.092, 0.00124307, 93.4802, 0.00111938, -98.1964
1429, 23.80833, 0.685459, -45.7202, 2.74778, -31.0208, 2.2323, 158.538, 0.000922926, 174.039, 0.0012424, 93.5574, 0.00111818, -98.156
1429, 23.81667, 0.686115, -45.7901, 2.75201, -31.0211, 2.2357, 158.55, 0.000924827, 173.986, 0.00124171, 93.6348, 0.00111697, -98.1154
1430, 23.82500, 0.686771, -45.8601, 2.75625, -31.0214, 2.2391, 158.562, 0.000926731, 173.932, 0.00124102, 93.7125, 0.00111576, -98.0746
1430, 23.83333, 0.687428, -45.9302, 2.76049, -31.0218, 2.2425, 158.574, 0.000928639, 173.879, 0.00124033, 93.7904, 0.00111454, -98.0338
1431, 23.84167, 0.688086, -46.0004, 2.76474, -31.0223, 2.2459, 158.586, 0.000930551, 173.825, 0.00123963, 93.8686, 0.00111331, -97.9928
1431, 23.85000, 0.688744, -46.0706, 2.76898, -31.0229, 2.2493, 158.598, 0.000932468, 173.771, 0.00123892, 93.947, 0.00111207, -97.9517
1432, 23.85833, 0.689402, -46.141, 2.77322, -31.0235, 2.25271, 158.61, 0.000934388, 173.717, 0.00123822, 94.0256, 0.00111083, -97.9105
1432, 23.86667, 0.690062, -46.2114, 2.77747, -31.0241, 2.25611, 158.621, 0.000936313, 173.663, 0.0012375, 94.1045, 0.00110958, -97.8691
1433, 23.87500, 0.690722, -46.2819, 2.78172, -31.0249, 2.25952, 158.633, 0.000938241, 173.608, 0.00123678, 94.1837, 0.00110833, -97.8277
1433, 23.88333, 0.691382, -46.3525, 2.78597, -31.0256, 2.26293, 158.645, 0.000940174, 173.553, 0.00123606, 94.2631, 0.00110707, -97.786
1434, 23.89167, 0.692043, -46.4232, 2.79022, -31.0265, 2.26634, 158.656, 0.000942111, 173.498, 0.00123533, 94.3428, 0.0011058, -97.7442
1434, 23.90000, 0.692704, -46.494, 2.79447, -31.0274, 2.26975, 158.668, 0.000944051, 173.443, 0.0012346, 94.4227, 0.00110452, -97.7023
1435, 23.90833, 0.693367, -46.5649, 2.79872, -31.0284, 2.27316, 158.68, 0.000945996, 173.388, 0.00123386, 94.5029, 0.00110324, -97.6603
1435, 23.91667, 0.694029, -46.6358, 2.80298, -31.0295, 2.27658, 158.691, 0.000947945, 173.332, 0.00123312, 94.5834, 0.00110195, -97.6181
1436, 23.92500, 0.694692, -46.7069, 2.80724, -31.0306, 2.27999, 158.703, 0.000949898, 173.276, 0.00123237, 94.6641, 0.00110065, -97.5758
1436, 23.93333, 0.695356, -46.778, 2.8115, -31.0317, 2.28341, 158.714, 0.000951856, 173.22, 0.00123161, 94.7451, 0.00109935, -97.5333
1437, 23.94167, 0.696021, -46.8492, 2.81576, -31.033, 2.28683, 158.725, 0.000953817, 173.164, 0.00123086, 94.8264, 0.00109804, -97.4906
1437, 23.95000, 0.696685, -46.9205, 2.82002, -31.0343, 2.29025, 158.737, 0.000955782, 173.108, 0.00123009, 94.9079, 0.00109672, -97.4479
1438, 23.95833, 0.697351, -46.9919, 2.82428, -31.0356, 2.29367, 158.748, 0.000957752, 173.051, 0.00122933, 94.9897, 0.0010954, -97.4049
1438, 23.96667, 0.698017, -47.0634, 2.82854, -31.037, 2.29709, 158.759, 0.000959726, 172.994, 0.00122856, 95.0718, 0.00109406, -97.3619
1438, 23.97500, 0.698683, -47.135, 2.83281, -31.0385, 2.30052, 158.771, 0.000961704, 172.937, 0.00122778, 95.1541, 0.00109273, -97.3186
1439, 23.98333, 0.69935, -47.2066, 2.83708, -31.0401, 2.30394, 158.782, 0.000963686, 172.88, 0.001227, 95.2368, 0.00109138, -97.2752
1440, 23.99167, 0.700018, -47.2784, 2.84135, -31.0417, 2.30737, 158.793, 0.000965672, 172.823, 0.00122621, 95.3197, 0.00109003, -97.2317
1440, 24.00000, 0.700686, -47.3502, 2.84562, -31.0433, 2.3108, 158.804, 0.000967663, 172.765, 0.00122542, 95.4029, 0.00108867, -97.188
1440, 24.00833, 0.701355, -47.4222, 2.84989, -31.045, 2.31423, 158.815, 0.000969657, 172.707, 0.00122463, 95.4864, 0.00108731, -97.1441
1441, 24.01667, 0.702024, -47.4942, 2.85416, -31.0468, 2.31766, 158.826, 0.000971656, 172.649, 0.00122383, 95.5702, 0.00108593, -97.1
1442, 24.02500, 0.702694, -47.5663, 2.85844, -31.0487, 2.32109, 158.837, 0.000973659, 172.591, 0.00122303, 95.6543, 0.00108455, -97.0558
1442, 24.03333, 0.703364, -47.6385, 2.86272, -31.0506, 2.32453, 158.848, 0.000975666, 172.532, 0.00122222, 95.7386, 0.00108317, -97.0115
1443, 24.04167, 0.704035, -47.7108, 2.86699, -31.0525, 2.32796, 158.858, 0.000977677, 172.474, 0.00122141, 95.8233, 0.00108177, -96.9669
1443, 24.05000, 0.704707, -47.7832, 2.87127, -31.0546, 2.3314, 158.869, 0.000979693, 172.415, 0.00122059, 95.9082, 0.00108038, -96.9222
1444, 24.05833, 0.705378, -47.8557, 2.87555, -31.0566, 2.33484, 158.88, 0.000981713, 172.356, 0.00121977, 95.9935, 0.00107897, -96.8773
1444, 24.06667, 0.706051, -47.9282, 2.87984, -31.0588, 2.33828, 158.891, 0.000983737, 172.297, 0.00121894, 96.079, 0.00107756, -96.8323
1445, 24.07500, 0.706724, -48.0009, 2.88412, -31.061, 2.34172, 158.901, 0.000985765, 172.237, 0.00121811, 96.1649, 0.00107614, -96.787
1445, 24.08333, 0.707397, -48.0737, 2.88841, -31.0632, 2.34517, 158.912, 0.000987797, 172.177, 0.00121728, 96.251, 0.00107471, -96.7416
1446, 24.09167, 0.708071, -48.1465, 2.8927, -31.0655, 2.34861, 158.923, 0.000989834, 172.117, 0.00121644, 96.3375, 0.00107327, -96.696
1446, 24.10000, 0.708746, -48.2194, 2.89698, -31.0679, 2.35206, 158.933, 0.000991875, 172.057, 0.00121559, 96.4243, 0.00107183, -96.6502
1447, 24.10833, 0.709421, -48.2924, 2.90127, -31.0703, 2.35551, 158.944, 0.00099392, 171.997, 0.00121475, 96.5114, 0.00107039, -96.6043
1447, 24.11667, 0.710096, -48.3656, 2.90557, -31.0728, 2.35896, 158.954, 0.00099597, 171.937, 0.00121389, 96.5988, 0.00106893, -96.5581
1448, 24.12500, 0.710772, -48.4388, 2.90986, -31.0754, 2.36241, 158.964, 0.000998023, 171.876, 0.00121304, 96.6865, 0.00106747, -96.5118
1448, 24.13333, 0.711449, -48.5121, 2.91415, -31.078, 2.36586, 158.975, 0.00100008, 171.815, 0.00121218, 96.7746, 0.001066, -96.4652
1449, 24.14167, 0.712126, -48.5855, 2.91845, -31.0806, 2.36932, 158.985, 0.00100214, 171.754, 0.00121131, 96.8629, 0.00106453, -96.4185
1449, 24.15000, 0.712803, -48.6589, 2.92275, -31.0833, 2.37277, 158.995, 0.00100421, 171.693, 0.00121045, 96.9516, 0.00106305, -96.3716
1450, 24.15833, 0.713481, -48.7325, 2.92705, -31.0861, 2.37623, 159.006, 0.00100628, 171.631, 0.00120957, 97.0406, 0.00106156, -96.3245
1450, 24.16667, 0.71416, -48.8062, 2.93135, -31.0889, 2.37969, 159.016, 0.00100836, 171.569, 0.0012087, 97.13, 0.00106006, -96.2772
1451, 24.17500, 0.714839, -48.8799, 2.93565, -31.0918, 2.38315, 159.026, 0.00101044, 171.508, 0.00120782, 97.2196, 0.00105856, -96.2296
1451, 24.18333, 0.715519, -48.9538, 2.93996, -31.0947, 2.38661, 159.036, 0.00101252, 171.445, 0.00120693, 97.3096, 0.00105705, -96.1819
1452, 24.19167, 0.716199, -49.0277, 2.94426, -31.0977, 2.39008, 159.046, 0.00101461, 171.383, 0.00120604, 97.3999, 0.00105554, -96.134
1452, 24.20000, 0.716879, -49.1018, 2.94857, -31.1008, 2.39355, 159.056, 0.0010167, 171.321, 0.00120515, 97.4906, 0.00105402, -96.0858
1453, 24.20833, 0.71756, -49.1759, 2.95288, -31.1039, 2.39701, 159.066, 0.0010188, 171.258, 0.00120425, 97.5816, 0.00105249, -96.0375
1453, 24.21667, 0.718241, -49.2501, 2.95719, -31.107, 2.40048, 159.076, 0.0010209, 171.195, 0.00120335, 97.673, 0.00105095, -95.9889
1454, 24.22500, 0.718923, -49.3244, 2.9615, -31.1102, 2.40395, 159.086, 0.001023, 171.132, 0.00120245, 97.7647, 0.00104941, -95.9402
1454, 24.23333, 0.719606, -49.3989, 2.96581, -31.1135, 2.40743, 159.096, 0.00102511, 171.069, 0.00120154, 97.8567, 0.00104786, -95.8912
1455, 24.24167, 0.720289, -49.4734, 2.97013, -31.1168, 2.4109, 159.105, 0.00102723, 171.005, 0.00120063, 97.9491, 0.00104631, -95.8419
1455, 24.25000, 0.720972, -49.548, 2.97444, -31.1202, 2.41438, 159.115, 0.00102934, 170.941, 0.00119971, 98.0418, 0.00104474, -95.7925
1456, 24.25833, 0.721656, -49.6227, 2.97876, -31.1236, 2.41786, 159.125, 0.00103147, 170.878, 0.00119879, 98.1349, 0.00104318, -95.7428
1456, 24.26667, 0.72234, -49.6974, 2.98308, -31.1271, 2.42134, 159.135, 0.0010336, 170.813, 0.00119787, 98.2284, 0.0010416, -95.6929
1457, 24.27500, 0.723025, -49.7723, 2.9874, -31.1306, 2.42482, 159.144, 0.00103573, 170.749, 0.00119694, 98.3222, 0.00104002, -95.6428
1457, 24.28333, 0.72371, -49.8473, 2.99173, -31.1342, 2.4283, 159.154, 0.00103786, 170.685, 0.00119601, 98.4164, 0.00103843, -95.5925
1458, 24.29167, 0.724395, -49.9224, 2.99605, -31.1379, 2.43179, 159.163, 0.00104, 170.62, 0.00119508, 98.5109, 0.00103683, -95.5419
1458, 24.30000, 0.725081, -49.9975, 3.00038, -31.1415, 2.43527, 159.173, 0.00104215, 170.555, 0.00119414, 98.6058, 0.00103523, -95.4911
1459, 24.30833, 0.725768, -50.0728, 3.0047, -31.1453, 2.43876, 159.182, 0.0010443, 170.49, 0.0011932, 98.7011, 0.00103362, -95.44
1459, 24.31667, 0.726455, -50.1482, 3.00903, -31.1491, 2.44225, 159.192, 0.00104645, 170.425, 0.00119226, 98.7967, 0.00103201, -95.3887
1460, 24.32500, 0.727142, -50.2236, 3.01336, -31.1529, 2.44574, 159.201, 0.00104861, 170.359, 0.00119131, 98.8927, 0.00103038, -95.3371
1460, 24.33333, 0.72783, -50.2991, 3.01769, -31.1568, 2.44924, 159.211, 0.00105077, 170.293, 0.00119036, 98.9891, 0.00102876, -95.2853
1461, 24.34167, 0.728518, -50.3748, 3.02203, -31.1608, 2.45273, 159.22, 0.00105294, 170.228, 0.0011894, 99.0858, 0.00102712, -95.2333
1461, 24.35000, 0.729207, -50.4505, 3.02636, -31.1648, 2.45623, 159.229, 0.00105511, 170.162, 0.00118844, 99.183, 0.00102548, -95.181
1462, 24.35833, 0.729896, -50.5264, 3.0307, -31.1688, 2.45973, 159.238, 0.00105728, 170.095, 0.00118748, 99.2805, 0.00102383, -95.1284
1462, 24.36667, 0.730586, -50.6023, 3.03504, -31.1729, 2.46323, 159.248, 0.00105946, 170.029, 0.00118651, 99.3784, 0.00102217, -95.0756
1463, 24.37500, 0.731276, -50.6783, 3.03937, -31.1771, 2.46673, 159.257, 0.00106165, 169.962, 0.00118555, 99.4767, 0.00102051, -95.0225
1463, 24.38333, 0.731966, -50.7544, 3.04372, -31.1813, 2.47024, 159.266, 0.00106384, 169.895, 0.00118457, 99.5754, 0.00101884, -94.9692
1464, 24.39167, 0.732657, -50.8307, 3.04806, -31.1856, 2.47374, 159.275, 0.00106603, 169.828, 0.0011836, 99.6745, 0.00101717, -94.9156
1464, 24.40000, 0.733348, -50.907, 3.0524, -31.1899, 2.47725, 159.284, 0.00106823, 169.761, 0.00118262, 99.774, 0.00101549, -94.8617
1465, 24.40833, 0.734039, -50.9834, 3.05675, -31.1942, 2.48076, 159.293, 0.00107043, 169.693, 0.00118164, 99.8738, 0.0010138, -94.8076
1465, 24.41667, 0.734732, -51.0599, 3.06109, -31.1986, 2.48427, 159.302, 0.00107264, 169.626, 0.00118065, 99.9741, 0.0010121, -94.7532
1466, 24.42500, 0.735424, -51.1365, 3.06544, -31.2031, 2.48779, 159.311, 0.00107485, 169.558, 0.00117967, 100.075, 0.0010104, -94.6985
1466, 24.43333, 0.736117, -51.2132, 3.06979, -31.2076, 2.4913, 159.32, 0.00107706, 169.49, 0.00117868, 100.176, 0.00100869, -94.6435
1467, 24.44167, 0.73681, -51.29, 3.07415, -31.2121, 2.49482, 159.329, 0.00107928, 169.422, 0.00117768, 100.277, 0.00100698, -94.5882
1467, 24.45000, 0.737503, -51.3669, 3.0785, -31.2167, 2.49834, 159.338, 0.00108151, 169.353, 0.00117669, 100.379, 0.00100526, -94.5327
1468, 24.45833, 0.738197, -51.4439, 3.08285, -31.2214, 2.50186, 159.346, 0.00108374, 169.285, 0.00117569, 100.482, 0.00100353, -94.4768
1468, 24.46667, 0.738892, -51.521, 3.08721, -31.2261, 2.50539, 159.355, 0.00108597, 169.216, 0.00117468, 100.584, 0.0010018, -94.4207
1469, 24.47500, 0.739587, -51.5982, 3.09157, -31.2309, 2.50891, 159.364, 0.00108821, 169.147, 0.00117368, 100.687, 0.00100006, -94.3643
1469, 24.48333, 0.740282, -51.6754, 3.09593, -31.2357, 2.51244, 159.373, 0.00109045, 169.078, 0.00117267, 100.791, 0.000998309, -94.3075
1470, 24.49167, 0.740977, -51.7528, 3.10029, -31.2405, 2.51597, 159.381, 0.0010927, 169.008, 0.00117166, 100.895, 0.000996555, -94.2505
1470, 24.50000, 0.741673, -51.8303, 3.10465, -31.2454, 2.5195, 159.39, 0.00109495, 168.938, 0.00117065, 100.999, 0.000994796, -94.1932
1471, 24.50833, 0.742369, -51.9079, 3.10901, -31.2503, 2.52303, 159.398, 0.00109721, 168.869, 0.00116963, 101.104, 0.000993029, -94.1355
1471, 24.51667, 0.743066, -51.9856, 3.11338, -31.2553, 2.52657, 159.407, 0.00109947, 168.799, 0.00116861, 101.21, 0.000991256, -94.0776
1472, 24.52500, 0.743763, -52.0633, 3.11775, -31.2604, 2.5301, 159.415, 0.00110173, 168.729, 0.00116759, 101.315, 0.000989477, -94.0193
1472, 24.53333, 0.74446, -52.1412, 3.12211, -31.2654, 2.53364, 159.424, 0.001104, 168.658, 0.00116656, 101.421, 0.000987691, -93.9607
1473, 24.54167, 0.745158, -52.2192, 3.12649, -31.2706, 2.53718, 159.432, 0.00110628, 168.588, 0.00116554, 101.528, 0.000985899, -93.9018
1473, 24.55000, 0.745856, -52.2972, 3.13086, -31.2757, 2.54072, 159.441, 0.00110856, 168.517, 0.00116451, 101.635, 0.000984101, -93.8425
1474, 24.55833, 0.746554, -52.3754, 3.13523, -31.281, 2.54427, 159.449, 0.00111084, 168.446, 0.00116348, 101.743, 0.000982296, -93.783
1474, 24.56667, 0.747253, -52.4537, 3.13961, -31.2862, 2.54782, 159.457, 0.00111313, 168.375, 0.00116244, 101.85, 0.000980484, -93.7231
1475, 24.57500, 0.747952, -52.532, 3.14398, -31.2916, 2.55136, 159.466, 0.00111542, 168.303, 0.00116141, 101.959, 0.000978667, -93.6628
1475, 24.58333, 0.748651, -52.6105, 3.14836, -31.2969, 2.55491, 159.474, 0.00111772, 168.232, 0.00116037, 102.068, 0.000976843, -93.6023
1476, 24.59167, 0.749351, -52.6891, 3.15274, -31.3023, 2.55847, 159.482, 0.00112002, 168.16, 0.00115933, 102.177, 0.000975012, -93.5413
1476, 24.60000, 0.750051, -52.7677, 3.15712, -31.3078, 2.56202, 159.49, 0.00112233, 168.088, 0.00115828, 102.287, 0.000973176, -93.4801
1477, 24.60833, 0.750751, -52.8465, 3.1615, -31.3133, 2.56558, 159.498, 0.00112464, 168.016, 0.00115724, 102.397, 0.000971333, -93.4185
1477, 24.61667, 0.751452, -52.9254, 3.16589, -31.3188, 2.56914, 159.506, 0.00112696, 167.944, 0.00115619, 102.508, 0.000969483, -93.3565
1478, 24.62500, 0.752153, -53.0043, 3.17027, -31.3244, 2.5727, 159.514, 0.00112928, 167.871, 0.00115514, 102.619, 0.000967627, -93.2942
1478, 24.63333, 0.752854, -53.0834, 3.17466, -31.33, 2.57626, 159.522, 0.0011316, 167.798, 0.00115409, 102.73, 0.000965766, -93.2315
1479, 24.64167, 0.753555, -53.1626, 3.17905, -31.3357, 2.57983, 159.53, 0.00113393, 167.726, 0.00115303, 102.842, 0.000963897, -93.1684
1479, 24.65000, 0.754257, -53.2418, 3.18344, -31.3415, 2.58339, 159.538, 0.00113626, 167.652, 0.00115198, 102.955, 0.000962023, -93.105
1480, 24.65833, 0.754959, -53.3212, 3.18783, -31.3472, 2.58696, 159.546, 0.0011386, 167.579, 0.00115092, 103.068, 0.000960142, -93.0412
1480, 24.66667, 0.755662, -53.4006, 3.19222, -31.353, 2.59053, 159.554, 0.00114095, 167.506, 0.00114986, 103.182, 0.000958255, -92.977
1481, 24.67500, 0.756365, -53.4802, 3.19662, -31.3589, 2.59411, 159.562, 0.00114329, 167.432, 0.0011488, 103.296, 0.000956362, -92.9124
1481, 24.68333, 0.757068, -53.5599, 3.20101, -31.3648, 2.59768, 159.57, 0.00114565, 167.358, 0.00114773, 103.41, 0.000954462, -92.8475
1482, 24.69167, 0.757771, -53.6396, 3.20541, -31.3707, 2.60126, 159.578, 0.001148, 167.284, 0.00114667, 103.525, 0.000952556, -92.7822
1482, 24.70000, 0.758474, -53.7195, 3.20981, -31.3767, 2.60484, 159.585, 0.00115037, 167.21, 0.0011456, 103.641, 0.000950644, -92.7164
1483, 24.70833, 0.759178, -53.7995, 3.21421, -31.3828, 2.60842, 159.593, 0.00115273, 167.135, 0.00114453, 103.757, 0.000948726, -92.6503
1483, 24.71667, 0.759882, -53.8795, 3.21862, -31.3888, 2.61201, 159.601, 0.0011551, 167.061, 0.00114346, 103.873, 0.000946802, -92.5838
1484, 24.72500, 0.760587, -53.9597, 3.22302, -31.3949, 2.61559, 159.608, 0.00115748, 166.986, 0.00114239, 103.99, 0.000944872, -92.5168
1484, 24.73333, 0.761291, -54.04, 3.22743, -31.4011, 2.61918, 159.616, 0.00115986, 166.911, 0.00114132, 104.108, 0.000942935, -92.4495
1485, 24.74167, 0.761996, -54.1203, 3.23183, -31.4073, 2.62277, 159.624, 0.00116225, 166.836, 0.00114024, 104.226, 0.000940993, -92.3817
1485, 24.75000, 0.762701, -54.2008, 3.23624, -31.4135, 2.62636, 159.631, 0.00116464, 166.76, 0.00113917, 104.344, 0.000939044, -92.3135
1486, 24.75833, 0.763407, -54.2814, 3.24065, -31.4198, 2.62996, 159.639, 0.00116703, 166.685, 0.00113809, 104.463, 0.000937089, -92.2449
1486, 24.76667, 0.764112, -54.3621, 3.24507, -31.4262, 2.63356, 159.646, 0.00116943, 166.609, 0.00113701, 104.583, 0.000935128, -92.1759
1487, 24.77500, 0.764818, -54.4428, 3.24948, -31.4325, 2.63716, 159.653, 0.00117183, 166.533, 0.00113593, 104.703, 0.000933161, -92.1064
1487, 24.78333, 0.765524, -54.5237, 3.25389, -31.4389, 2.64076, 159.661, 0.00117424, 166.457, 0.00113485, 104.823, 0.000931188, -92.0365
1488, 24.79167, 0.76623, -54.6047, 3.25831, -31.4454, 2.64436, 159.668, 0.00117666, 166.381, 0.00113377, 104.944, 0.000929209, -91.9661
1488, 24.80000, 0.766937, -54.6858, 3.26273, -31.4519, 2.64797, 159.676, 0.00117908, 166.304, 0.00113268, 105.066, 0.000927224, -91.8953
1489, 24.80833, 0.767644, -54.7669, 3.26715, -31.4584, 2.65158, 159.683, 0.0011815, 166.228, 0.0011316, 105.188, 0.000925233, -91.8241
1489, 24.81667, 0.76835, -54.8482, 3.27157, -31.465, 2.65519, 159.69, 0.00118393, 166.151, 0.00113051, 105.311, 0.000923236, -91.7524
1490, 24.82500, 0.769058, -54.9296, 3.27599, -31.4716, 2.6588, 159.697, 0.00118636, 166.074, 0.00112943, 105.434, 0.000921233, -91.6802
1490, 24.83333, 0.769765, -55.0111, 3.28042, -31.4783, 2.66241, 159.705, 0.00118879, 165.996, 0.00112834, 105.558, 0.000919225, -91.6075
1491, 24.84167, 0.770473, -55.0927, 3.28484, -31.485, 2.66603, 159.712, 0.00119124, 165.919, 0.00112725, 105.682, 0.00091721, -91.5344
1491, 24.85000, 0.77118, -55.1744, 3.28927, -31.4917, 2.66965, 159.719, 0.00119368, 165.841, 0.00112616, 105.807, 0.000915189, -91.4608
1492, 24.85833, 0.771888, -55.2562, 3.2937, -31.4985, 2.67327, 159.726, 0.00119613, 165.763, 0.00112507, 105.932, 0.000913162, -91.3867
1492, 24.86667, 0.772596, -55.3381, 3.29813, -31.5053, 2.6769, 159.733, 0.00119859, 165.685, 0.00112398, 106.058, 0.00091113, -91.3122
1493, 24.87500, 0.773305, -55.4201, 3.30256, -31.5122, 2.68052, 159.74, 0.00120105, 165.607, 0.00112289, 106.185, 0.000909092, -91.2371
1493, 24.88333, 0.774013, -55.5022, 3.307, -31.5191, 2.68415, 159.747, 0.00120352, 165.529, 0.0011218, 106.312, 0.000907048, -91.1616
1494, 24.89167, 0.774722, -55.5844, 3.31143, -31.526, 2.68778, 159.754, 0.00120599, 165.45, 0.00112071, 106.44, 0.000904997, -91.0855
1494, 24.90000, 0.77543, -55.6667, 3.31587, -31.533, 2.69142, 159.761, 0.00120846, 165.371, 0.00111962, 106.568, 0.000902942, -91.0089
1495, 24.90833, 0.776139, -55.7491, 3.32031, -31.54, 2.69505, 159.768, 0.00121094, 165.292, 0.00111852, 106.697, 0.00090088, -90.9318
1495, 24.91667, 0.776848, -55.8316, 3.32475, -31.5471, 2.69869, 159.775, 0.00121343, 165.213, 0.00111743, 106.826, 0.000898813, -90.8542
1496, 24.92500, 0.777558, -55.9143, 3.32919, -31.5541, 2.70233, 159.781, 0.00121591, 165.134, 0.00111634, 106.956, 0.00089674, -90.776
1496, 24.93333, 0.778267, -55.997, 3.33363, -31.5613, 2.70597, 159.788, 0.00121841, 165.054, 0.00111524, 107.086, 0.000894661, -90.6974
1497, 24.94167, 0.778977, -56.0798, 3.33808, -31.5685, 2.70962, 159.795, 0.00122091, 164.975, 0.00111415, 107.217, 0.000892577, -90.6181
1497, 24.95000, 0.779686, -56.1627, 3.34252, -31.5757, 2.71327, 159.802, 0.00122341, 164.895, 0.00111306, 107.349, 0.000890487, -90.5384
1498, 24.95833, 0.780396, -56.2458, 3.34697, -31.5829, 2.71692, 159.808, 0.00122592, 164.815, 0.00111196, 107.481, 0.000888391, -90.4581
1498, 24.96667, 0.781106, -56.3289, 3.35142, -31.5902, 2.72057, 159.815, 0.00122843, 164.734, 0.00111087, 107.614, 0.00088629, -90.3772
1499, 24.97500, 0.781816, -56.4122, 3.35587, -31.5975, 2.72423, 159.822, 0.00123095, 164.654, 0.00110978, 107.748, 0.000884183, -90.2957
1499, 24.98333, 0.782526, -56.4955, 3.36032, -31.6049, 2.72788, 159.828, 0.00123347, 164.573, 0.00110868, 107.882, 0.000882071, -90.2137
1500, 24.99167, 0.783236, -56.579, 3.36478, -31.6123, 2.73154, 159.835, 0.001236, 164.492, 0.00110759, 108.016, 0.000879952, -90.1311
1500, 25.00000, 0.783947, -56.6625, 3.36923, -31.6197, 2.7352, 159.841, 0.00123853, 164.411, 0.0011065, 108.151, 0.000877829, -90.048
1501, 25.00833, 0.784657, -56.7462, 3.37369, -31.6272, 2.73887, 159.848, 0.00124107, 164.33, 0.00110541, 108.287, 0.0008757, -89.9642
1501, 25.01667, 0.785368, -56.8299, 3.37815, -31.6347, 2.74254, 159.854, 0.00124361, 164.249, 0.00110431, 108.424, 0.000873565, -89.8798
1502, 25.02500, 0.786078, -56.9138, 3.38261, -31.6422, 2.74621, 159.861, 0.00124616, 164.167, 0.00110322, 108.561, 0.000871425, -89.7949
1502, 25.03333, 0.786789, -56.9978, 3.38707, -31.6498, 2.74988, 159.867, 0.00124871, 164.085, 0.00110213, 108.698, 0.00086928, -89.7093
1503, 25.04167, 0.7875, -57.0818, 3.39154, -31.6574, 2.75355, 159.874, 0.00125127, 164.003, 0.00110104, 108.836, 0.000867129, -89.6231
1503, 25.05000, 0.78821, -57.166, 3.396, -31.6651, 2.75723, 159.88, 0.00125383, 163.921, 0.00109995, 108.975, 0.000864973, -89.5363
1504, 25.05833, 0.788921, -57.2503, 3.40047, -31.6728, 2.76091, 159.886, 0.00125639, 163.839, 0.00109886, 109.115, 0.000862812, -89.4489
1504, 25.06667, 0.789632, -57.3347, 3.40494, -31.6805, 2.76459, 159.893, 0.00125896, 163.756, 0.00109778, 109.255, 0.000860645, -89.3608
1505, 25.07500, 0.790343, -57.4192, 3.40941, -31.6883, 2.76827, 159.899, 0.00126154, 163.674, 0.00109669, 109.396, 0.000858473, -89.2721
1505, 25.08333, 0.791054, -57.5038, 3.41388, -31.6961, 2.77196, 159.905, 0.00126412, 163.591, 0.0010956, 109.537, 0.000856295, -89.1827
1506, 25.09167, 0.791765, -57.5885, 3.41835, -31.7039, 2.77565, 159.911, 0.0012667, 163.508, 0.00109452, 109.679, 0.000854112, -89.0927
1506, 25.10000, 0.792477, -57.6733, 3.42282, -31.7118, 2.77934, 159.917, 0.00126929, 163.425, 0.00109344, 109.822, 0.000851925, -89.002
1507, 25.10833, 0.793188, -57.7582, 3.4273, -31.7197, 2.78304, 159.923, 0.00127189, 163.341, 0.00109235, 109.965, 0.000849732, -88.9106
1507, 25.11667, 0.793899, -57.8432, 3.43178, -31.7276, 2.78674, 159.929, 0.00127449, 163.258, 0.00109127, 110.109, 0.000847533, -88.8185
1508, 25.12500, 0.79461, -57.9283, 3.43626, -31.7356, 2.79044, 159.936, 0.00127709, 163.174, 0.00109019, 110.253, 0.00084533, -88.7258
1508, 25.13333, 0.795321, -58.0135, 3.44074, -31.7436, 2.79414, 159.942, 0.0012797, 163.09, 0.00108912, 110.399, 0.000843122, -88.6323
1509, 25.14167, 0.796032, -58.0989, 3.44522, -31.7516, 2.79784, 159.948, 0.00128232, 163.006, 0.00108804, 110.544, 0.000840908, -88.5381
1509, 25.15000, 0.796744, -58.1843, 3.44971, -31.7597, 2.80155, 159.953, 0.00128494, 162.921, 0.00108696, 110.691, 0.00083869, -88.4433
1510, 25.15833, 0.797455, -58.2699, 3.45419, -31.7678, 2.80526, 159.959, 0.00128756, 162.837, 0.00108589, 110.838, 0.000836467, -88.3477
1510, 25.16667, 0.798166, -58.3555, 3.45868, -31.7759, 2.80897, 159.965, 0.00129019, 162.752, 0.00108482, 110.986, 0.000834238, -88.2513
1511, 25.17500, 0.798877, -58.4412, 3.46317, -31.7841, 2.81269, 159.971, 0.00129282, 162.667, 0.00108375, 111.134, 0.000832005, -88.1543
1511, 25.18333, 0.799588, -58.5271, 3.46766, -31.7923, 2.81641, 159.977, 0.00129546, 162.582, 0.00108268, 111.284, 0.000829767, -88.0565
1512, 25.19167, 0.8003, -58.6131, 3.47215, -31.8006, 2.82013, 159.983, 0.0012981, 162.497, 0.00108161, 111.433, 0.000827524, -87.9579
1512, 25.20000, 0.801011, -58.6991, 3.47664, -31.8088, 2.82385, 159.988, 0.00130075, 162.411, 0.00108055, 111.584, 0.000825276, -87.8586
1513, 25.20833, 0.801722, -58.7853, 3.48114, -31.8171, 2.82758, 159.994, 0.00130341, 162.326, 0.00107949, 111.735, 0.000823024, -87.7584
1513, 25.21667, 0.802433, -58.8716, 3.48563, -31.8255, 2.8313, 160, 0.00130606, 162.24, 0.00107843, 111.887, 0.000820766, -87.6575
1514, 25.22500, 0.803144, -58.958, 3.49013, -31.8339, 2.83504, 160.006, 0.00130873, 162.154, 0.00107737, 112.039, 0.000818504, -87.5558
1514, 25.23333, 0.803854, -59.0445, 3.49463, -31.8423, 2.83877, 160.011, 0.00131139, 162.068, 0.00107632, 112.192, 0.000816237, -87.4533
1515, 25.24167, 0.804565, -59.1311, 3.49913, -31.8507, 2.84251, 160.017, 0.00131407, 161.982, 0.00107526, 112.346, 0.000813966, -87.35
1515, 25.25000, 0.805276, -59.2178, 3.50364, -31.8592, 2.84625, 160.022, 0.00131674, 161.895, 0.00107421, 112.501, 0.00081169, -87.2459
1516, 25.25833, 0.805987, -59.3046, 3.50814, -31.8677, 2.84999, 160.028, 0.00131943, 161.808, 0.00107317, 112.656, 0.00080941, -87.141
1516, 25.26667, 0.806697, -59.3915, 3.51265, -31.8762, 2.85373, 160.033, 0.00132211, 161.721, 0.00107212, 112.812, 0.000807125, -87.0351
1517, 25.27500, 0.807408, -59.4785, 3.51716, -31.8848, 2.85748, 160.039, 0.0013248, 161.634, 0.00107108, 112.969, 0.000804835, -86.9285
1517, 25.28333, 0.808118, -59.5656, 3.52167, -31.8934, 2.86123, 160.044, 0.0013275, 161.547, 0.00107004, 113.126, 0.000802541, -86.821
1518, 25.29167, 0.808828, -59.6528, 3.52618, -31.902, 2.86498, 160.05, 0.0013302, 161.46, 0.001069, 113.284, 0.000800243, -86.7126
1518, 25.30000, 0.809539, -59.7402, 3.53069, -31.9107, 2.86874, 160.055, 0.00133291, 161.372, 0.00106797, 113.443, 0.000797941, -86.6033
1519, 25.30833, 0.810249, -59.8276, 3.5352, -31.9194, 2.8725, 160.06, 0.00133562, 161.284, 0.00106694, 113.602, 0.000795634, -86.4932
1519, 25.31667, 0.810959, -59.9152, 3.53972, -31.9281, 2.87626, 160.066, 0.00133834, 161.196, 0.00106591, 113.762, 0.000793322, -86.3821
1520, 25.32500, 0.811668, -60.0028, 3.54424, -31.9368, 2.88002, 160.071, 0.00134106, 161.108, 0.00106489, 113.923, 0.000791007, -86.2701
1520, 25.33333, 0.812378, -60.0906, 3.54876, -31.9456, 2.88379, 160.076, 0.00134379, 161.02, 0.00106387, 114.085, 0.000788688, -86.1572
1521, 25.34167, 0.813088, -60.1784, 3.55328, -31.9544, 2.88756, 160.081, 0.00134652, 160.931, 0.00106285, 114.247, 0.000786364, -86.0434
1521, 25.35000, 0.813797, -60.2664, 3.5578, -31.9633, 2.89133, 160.087, 0.00134925, 160.843, 0.00106184, 114.41, 0.000784036, -85.9286
1522, 25.35833, 0.814506, -60.3545, 3.56232, -31.9722, 2.89511, 160.092, 0.00135199, 160.754, 0.00106083, 114.574, 0.000781705, -85.8129
1522, 25.36667, 0.815215, -60.4427, 3.56685, -31.9811, 2.89888, 160.097, 0.00135474, 160.665, 0.00105983, 114.738, 0.000779369, -85.6962
1523, 25.37500, 0.815924, -60.531, 3.57138, -31.99, 2.90266, 160.102, 0.00135749, 160.576, 0.00105882, 114.903, 0.00077703, -85.5785
1523, 25.38333, 0.816633, -60.6193, 3.57591, -31.999, 2.90645, 160.107, 0.00136025, 160.486, 0.00105783, 115.069, 0.000774686, -85.4598
1524, 25.39167, 0.817341, -60.7078, 3.58044, -32.0079, 2.91023, 160.112, 0.00136301, 160.397, 0.00105683, 115.236, 0.000772339, -85.3401
1524, 25.40000, 0.81805, -60.7965, 3.58497, -32.017, 2.91402, 160.117, 0.00136577, 160.307, 0.00105584, 115.403, 0.000769988, -85.2194
1525, 25.40833, 0.818758, -60.8852, 3.5895, -32.026, 2.91782, 160.122, 0.00136854, 160.217, 0.00105486, 115.571, 0.000767634, -85.0977
1525, 25.41667, 0.819466, -60.974, 3.59404, -32.0351, 2.92161, 160.127, 0.00137132, 160.127, 0.00105388, 115.74, 0.000765275, -84.9749
1526, 25.42500, 0.820173, -61.0629, 3.59857, -32.0442, 2.92541, 160.132, 0.0013741, 160.036, 0.0010529, 115.909, 0.000762914, -84.8511
1526, 25.43333, 0.820881, -61.1519, 3.60311, -32.0533, 2.92921, 160.137, 0.00137688, 159.946, 0.00105193, 116.08, 0.000760548, -84.7262
1527, 25.44167, 0.821588, -61.2411, 3.60765, -32.0625, 2.93301, 160.142, 0.00137967, 159.855, 0.00105096, 116.251, 0.000758179, -84.6002
1527, 25.45000, 0.822295, -61.3303, 3.61219, -32.0717, 2.93682, 160.146, 0.00138247, 159.764, 0.00105, 116.423, 0.000755807, -84.4731
1528, 25.45833, 0.823002, -61.4197, 3.61674, -32.0809, 2.94063, 160.151, 0.00138527, 159.674, 0.00104904, 116.595, 0.000753432, -84.345
1528, 25.46667, 0.823709, -61.5091, 3.62128, -32.0902, 2.94444, 160.156, 0.00138807, 159.582, 0.00104808, 116.768, 0.000751053, -84.2156
1529, 25.47500, 0.824415, -61.5987, 3.62583, -32.0994, 2.94826, 160.161, 0.00139088, 159.491, 0.00104714, 116.942, 0.000748671, -84.0852
1529, 25.48333, 0.825121, -61.6883, 3.63038, -32.1087, 2.95208, 160.165, 0.00139369, 159.399, 0.00104619, 117.117, 0.000746285, -83.9536
1530, 25.49167, 0.825827, -61.7781, 3.63493, -32.1181, 2.9559, 160.17, 0.00139651, 159.308, 0.00104525, 117.293, 0.000743897, -83.8209
1530, 25.50000, 0.826532, -61.868, 3.63948, -32.1274, 2.95972, 160.174, 0.00139934, 159.216, 0.00104432, 117.469, 0.000741506, -83.687
1531, 25.50833, 0.827237, -61.958, 3.64403, -32.1368, 2.96355, 160.179, 0.00140217, 159.124, 0.00104339, 117.646, 0.000739111, -83.5519
1531, 25.51667, 0.827942, -62.0481, 3.64859, -32.1462, 2.96738, 160.184, 0.001405, 159.032, 0.00104247, 117.824, 0.000736714, -83.4155
1532, 25.52500, 0.828647, -62.1383, 3.65314, -32.1557, 2.97121, 160.188, 0.00140784, 158.939, 0.00104156, 118.002, 0.000734314, -83.278
1532, 25.53333, 0.829351, -62.2286, 3.6577, -32.1651, 2.97505, 160.193, 0.00141068, 158.847, 0.00104064, 118.181, 0.000731911, -83.1392
1533, 25.54167, 0.830055, -62.319, 3.66226, -32.1746, 2.97889, 160.197, 0.00141353, 158.754, 0.00103974, 118.361, 0.000729506, -82.9992
1533, 25.55000, 0.830759, -62.4095, 3.66682, -32.1842, 2.98273, 160.201, 0.00141638, 158.661, 0.00103884, 118.542, 0.000727098, -82.8579
1534, 25.55833, 0.831462, -62.5001, 3.67139, -32.1937, 2.98657, 160.206, 0.00141924, 158.568, 0.00103795, 118.724, 0.000724687, -82.7153
1534, 25.56667, 0.832165, -62.5909, 3.67595, -32.2033, 2.99042, 160.21, 0.00142211, 158.475, 0.00103706, 118.906, 0.000722274, -82.5714
1535, 25.57500, 0.832868, -62.6817, 3.68052, -32.2129, 2.99427, 160.214, 0.00142497, 158.381, 0.00103618, 119.089, 0.000719859, -82.4262
1535, 25.58333, 0.833571, -62.7726, 3.68509, -32.2225, 2.99813, 160.219, 0.00142785, 158.287, 0.00103531, 119.273, 0.000717441, -82.2797
1536, 25.59167, 0.834273, -62.8637, 3.68966, -32.2321, 3.00198, 160.223, 0.00143072, 158.194, 0.00103444, 119.458, 0.000715021, -82.1318
1536, 25.60000, 0.834974, -62.9548, 3.69423, -32.2418, 3.00584, 160.227, 0.00143361, 158.1, 0.00103358, 119.643, 0.000712599, -81.9826
1537, 25.60833, 0.835675, -63.0461, 3.6988, -32.2515, 3.00971, 160.231, 0.0014365, 158.005, 0.00103272, 119.829, 0.000710175, -81.832
1537, 25.61667, 0.836376, -63.1375, 3.70338, -32.2612, 3.01357, 160.236, 0.00143939, 157.911, 0.00103188, 120.016, 0.000707749, -81.68
1538, 25.62500, 0.837077, -63.2289, 3.70795, -32.271, 3.01744, 160.24, 0.00144229, 157.817, 0.00103103, 120.204, 0.000705321, -81.5265
1538, 25.63333, 0.837777, -63.3205, 3.71253, -32.2807, 3.02131, 160.244, 0.00144519, 157.722, 0.0010302, 120.393, 0.000702891, -81.3717
1539, 25.64167, 0.838477, -63.4122, 3.71711, -32.2905, 3.02519, 160.248, 0.0014481, 157.627, 0.00102937, 120.582, 0.00070046, -81.2153
1539, 25.65000, 0.839176, -63.504, 3.72169, -32.3004, 3.02907, 160.252, 0.00145101, 157.532, 0.00102855, 120.772, 0.000698027, -81.0575
1540, 25.65833, 0.839875, -63.5959, 3.72627, -32.3102, 3.03295, 160.256, 0.00145392, 157.437, 0.00102774, 120.963, 0.000695592, -80.8983
1540, 25.66667, 0.840574, -63.6879, 3.73086, -32.3201, 3.03684, 160.26, 0.00145685, 157.342, 0.00102694, 121.155, 0.000693156, -80.7375
1541, 25.67500, 0.841272, -63.78, 3.73545, -32.33, 3.04072, 160.264, 0.00145977, 157.246, 0.00102614, 121.347, 0.000690719, -80.5751
1541, 25.68333, 0.841969, -63.8722, 3.74003, -32.3399, 3.04461, 160.268, 0.0014627, 157.15, 0.00102535, 121.54, 0.000688281, -80.4113
1542, 25.69167, 0.842666, -63.9645, 3.74462, -32.3498, 3.04851, 160.272, 0.00146564, 157.055, 0.00102457, 121.734, 0.000685841, -80.2458
1542, 25.70000, 0.843363, -64.0569, 3.74922, -32.3598, 3.05241, 160.275, 0.00146858, 156.958, 0.0010238, 121.929, 0.0006834, -80.0788
1543, 25.70833, 0.844059, -64.1494, 3.75381, -32.3697, 3.05631, 160.279, 0.00147153, 156.862, 0.00102303, 122.124, 0.000680959, -79.9102
1543, 25.71667, 0.844755, -64.2421, 3.7584, -32.3798, 3.06021, 160.283, 0.00147448, 156.766, 0.00102227, 122.321, 0.000678517, -79.74
1544, 25.72500, 0.845451, -64.3348, 3.763, -32.3898, 3.06412, 160.287, 0.00147744, 156.669, 0.00102152, 122.518, 0.000676074, -79.5681
1544, 25.73333, 0.846145, -64.4276, 3.7676, -32.3998, 3.06803, 160.29, 0.0014804, 156.573, 0.00102078, 122.716, 0.00067363, -79.3945
1545, 25.74167, 0.84684, -64.5206, 3.7722, -32.4099, 3.07194, 160.294, 0.00148336, 156.476, 0.00102005, 122.914, 0.000671186, -79.2193
1545, 25.75000, 0.847534, -64.6136, 3.7768, -32.42, 3.07586, 160.298, 0.00148633, 156.379, 0.00101933, 123.114, 0.000668741, -79.0423
1546, 25.75833, 0.848227, -64.7068, 3.7814, -32.4301, 3.07978, 160.301, 0.00148931, 156.281, 0.00101861, 123.314, 0.000666297, -78.8636
1546, 25.76667, 0.84892, -64.8001, 3.78601, -32.4403, 3.0837, 160.305, 0.00149229, 156.184, 0.00101791, 123.515, 0.000663852, -78.6832
1547, 25.77500, 0.849612, -64.8934, 3.79062, -32.4504, 3.08763, 160.308, 0.00149527, 156.086, 0.00101721, 123.717, 0.000661407, -78.5009
1547, 25.78333, 0.850304, -64.9869, 3.79523, -32.4606, 3.09155, 160.312, 0.00149826, 155.989, 0.00101652, 123.919, 0.000658962, -78.3169
1548, 25.79167, 0.850995, -65.0805, 3.79984, -32.4708, 3.09549, 160.315, 0.00150126, 155.891, 0.00101584, 124.123, 0.000656517, -78.1311
1548, 25.80000, 0.851686, -65.1742, 3.80445, -32.4811, 3.09942, 160.319, 0.00150426, 155.793, 0.00101517, 124.327, 0.000654073, -77.9434
1549, 25.80833, 0.852376, -65.268, 3.80906, -32.4913, 3.10336, 160.322, 0.00150726, 155.694, 0.00101451, 124.532, 0.00065163, -77.7539
1549, 25.81667, 0.853065, -65.3619, 3.81368, -32.5016, 3.1073, 160.326, 0.00151027, 155.596, 0.00101386, 124.737, 0.000649187, -77.5624
1550, 25.82500, 0.853754, -65.4558, 3.8183, -32.5119, 3.11125, 160.329, 0.00151329, 155.497, 0.00101322, 124.944, 0.000646744, -77.3691
1550, 25.83333, 0.854443, -65.5499, 3.82291, -32.5222, 3.1152, 160.332, 0.00151631, 155.399, 0.00101259, 125.151, 0.000644303, -77.1738
1551, 25.84167, 0.855131, -65.6442, 3.82754, -32.5325, 3.11915, 160.336, 0.00151933, 155.3, 0.00101197, 125.359, 0.000641863, -76.9765
1551, 25.85000, 0.855818, -65.7385, 3.83216, -32.5429, 3.12311, 160.339, 0.00152236, 155.201, 0.00101136, 125.568, 0.000639423, -76.7773
1552, 25.85833, 0.856504, -65.8329, 3.83678, -32.5532, 3.12706, 160.342, 0.00152539, 155.101, 0.00101076, 125.777, 0.000636986, -76.576
1552, 25.86667, 0.85719, -65.9274, 3.84141, -32.5636, 3.13103, 160.345, 0.00152843, 155.002, 0.00101017, 125.987, 0.000634549, -76.3727
1553, 25.87500, 0.857876, -66.022, 3.84604, -32.574, 3.13499, 160.348, 0.00153148, 154.902, 0.00100959, 126.198, 0.000632115, -76.1674
1553, 25.88333, 0.85856, -66.1167, 3.85067, -32.5845, 3.13896, 160.352, 0.00153452, 154.803, 0.00100902, 126.41, 0.000629682, -75.9599
1554, 25.89167, 0.859245, -66.2116, 3.8553, -32.5949, 3.14293, 160.355, 0.00153758, 154.703, 0.00100847, 126.623, 0.00062725, -75.7504
1554, 25.90000, 0.859928, -66.3065, 3.85993, -32.6054, 3.14691, 160.358, 0.00154064, 154.603, 0.00100792, 126.836, 0.000624822, -75.5387
1555, 25.90833, 0.860611, -66.4015, 3.86457, -32.6159, 3.15089, 160.361, 0.0015437, 154.503, 0.00100738, 127.05, 0.000622395, -75.3248
1555, 25.91667, 0.861293, -66.4967, 3.8692, -32.6264, 3.15487, 160.364, 0.00154677, 154.402, 0.00100686, 127.265, 0.00061997, -75.1087
1556, 25.92500, 0.861974, -66.5919, 3.87384, -32.6369, 3.15885, 160.367, 0.00154984, 154.302, 0.00100635, 127.481, 0.000617549, -74.8904
1556, 25.93333, 0.862655, -66.6873, 3.87848, -32.6474, 3.16284, 160.37, 0.00155291, 154.201, 0.00100584, 127.697, 0.00061513, -74.6699
1557, 25.94167, 0.863335, -66.7827, 3.88313, -32.658, 3.16683, 160.372, 0.001556, 154.1, 0.00100535, 127.914, 0.000612714, -74.4471
1557, 25.95000, 0.864015, -66.8783, 3.88777, -32.6686, 3.17083, 160.375, 0.00155908, 153.999, 0.00100487, 128.132, 0.000610301, -74.2219
1558, 25.95833, 0.864693, -66.974, 3.89241, -32.6792, 3.17483, 160.378, 0.00156217, 153.898, 0.00100441, 128.351, 0.000607892, -73.9945
1558, 25.96667, 0.865371, -67.0697, 3.89706, -32.6898, 3.17883, 160.381, 0.00156527, 153.796, 0.00100395, 128.57, 0.000605485, -73.7646
1559, 25.97500, 0.866049, -67.1656, 3.90171, -32.7004, 3.18283, 160.384, 0.00156837, 153.695, 0.00100351, 128.79, 0.000603083, -73.5324
1559, 25.98333, 0.866725, -67.2615, 3.90636, -32.7111, 3.18684, 160.386, 0.00157148, 153.593, 0.00100308, 129.011, 0.000600684, -73.2978
1560, 25.99167, 0.867401, -67.3576, 3.91102, -32.7218, 3.19086, 160.389, 0.00157459, 153.491, 0.00100266, 129.233, 0.000598289, -73.0607
1560, 26.00000, 0.868076, -67.4538, 3.91567, -32.7325, 3.19487, 160.392, 0.0015777, 153.389, 0.00100225, 129.455, 0.000595899, -72.8211
1561, 26.00833, 0.86875, -67.5501, 3.92033, -32.7432, 3.19889, 160.394, 0.00158082, 153.287, 0.00100186, 129.678, 0.000593513, -72.5791
1561, 26.01667, 0.869424, -67.6465, 3.92499, -32.7539, 3.20291, 160.397, 0.00158395, 153.184, 0.00100148, 129.902, 0.000591132, -72.3344
1562, 26.02500, 0.870096, -67.7429, 3.92965, -32.7646, 3.20694, 160.399, 0.00158708, 153.082, 0.00100111, 130.127, 0.000588756, -72.0872
1562, 26.03333, 0.870768, -67.8395, 3.93431, -32.7754, 3.21097, 160.402, 0.00159021, 152.979, 0.00100076, 130.352, 0.000586384, -71.8374
1563, 26.04167, 0.871439, -67.9362, 3.93897, -32.7861, 3.215, 160.404, 0.00159335, 152.876, 0.00100042, 130.578, 0.000584018, -71.585
1563, 26.05000, 0.87211, -68.033, 3.94364, -32.7969, 3.21904, 160.407, 0.0015965, 152.773, 0.00100009, 130.804, 0.000581658, -71.3299
1564, 26.05833, 0.872779, -68.1299, 3.94831, -32.8077, 3.22308, 160.409, 0.00159964, 152.67, 0.000999775, 131.032, 0.000579303, -71.0721
1564, 26.06667, 0.873448, -68.2269, 3.95298, -32.8186, 3.22712, 160.412, 0.0016028, 152.567, 0.000999474, 131.26, 0.000576954, -70.8116
1565, 26.07500, 0.874116, -68.324, 3.95765, -32.8294, 3.23117, 160.414, 0.00160596, 152.463, 0.000999187, 131.489, 0.000574612, -70.5483
1565, 26.08333, 0.874783, -68.4211, 3.96232, -32.8402, 3.23522, 160.416, 0.00160912, 152.36, 0.000998913, 131.718, 0.000572275, -70.2823
1566, 26.09167, 0.875449, -68.5184, 3.967, -32.8511, 3.23927, 160.419, 0.00161229, 152.256, 0.000998654, 131.948, 0.000569946, -70.0134
1566, 26.10000, 0.876115, -68.6158, 3.97168, -32.862, 3.24333, 160.421, 0.00161546, 152.152, 0.000998408, 132.179, 0.000567623, -69.7417
1567, 26.10833, 0.876779, -68.7133, 3.97636, -32.8729, 3.24739, 160.423, 0.00161864, 152.048, 0.000998177, 132.41, 0.000565308, -69.4671
1567, 26.11667, 0.877443, -68.8109, 3.98104, -32.8838, 3.25145, 160.425, 0.00162182, 151.943, 0.00099796, 132.643, 0.000563, -69.1895
1568, 26.12500, 0.878105, -68.9086, 3.98572, -32.8947, 3.25552, 160.427, 0.001625, 151.839, 0.000997758, 132.876, 0.000560699, -68.909
1568, 26.13333, 0.878767, -69.0064, 3.99041, -32.9057, 3.25959, 160.429, 0.00162819, 151.734, 0.000997571, 133.109, 0.000558407, -68.6255
1569, 26.14167, 0.879428, -69.1043, 3.99509, -32.9166, 3.26366, 160.432, 0.00163139, 151.63, 0.000997398, 133.343, 0.000556123, -68.339
1569, 26.15000, 0.880088, -69.2023, 3.99978, -32.9276, 3.26774, 160.434, 0.00163459, 151.525, 0.00099724, 133.578, 0.000553847, -68.0495
1570, 26.15833, 0.880747, -69.3004, 4.00447, -32.9386, 3.27182, 160.436, 0.0016378, 151.42, 0.000997097, 133.814, 0.00055158, -67.7569
1570, 26.16667, 0.881406, -69.3986, 4.00916, -32.9496, 3.27591, 160.438, 0.00164101, 151.314, 0.00099697, 134.05, 0.000549322, -67.4611
1571, 26.17500, 0.882063, -69.4969, 4.01386, -32.9606, 3.28, 160.439, 0.00164422, 151.209, 0.000996858, 134.287, 0.000547074, -67.1623
1571, 26.18333, 0.882719, -69.5953, 4.01856, -32.9716, 3.28409, 160.441, 0.00164744, 151.104, 0.000996761, 134.524, 0.000544835, -66.8602
1572, 26.19167, 0.883375, -69.6938, 4.02325, -32.9827, 3.28818, 160.443, 0.00165066, 150.998, 0.00099668, 134.762, 0.000542606, -66.5549
1572, 26.20000, 0.884029, -69.7924, 4.02796, -32.9937, 3.29228, 160.445, 0.00165389, 150.892, 0.000996614, 135.001, 0.000540387, -66.2464
1573, 26.20833, 0.884682, -69.8911, 4.03266, -33.0048, 3.29639, 160.447, 0.00165712, 150.786, 0.000996565, 135.24, 0.000538179, -65.9346
1573, 26.21667, 0.885335, -69.9899, 4.03736, -33.0159, 3.30049, 160.449, 0.00166036, 150.68, 0.000996532, 135.48, 0.000535981, -65.6195
1574, 26.22500, 0.885986, -70.0888, 4.04207, -33.027, 3.3046, 160.45, 0.0016636, 150.574, 0.000996514, 135.721, 0.000533795, -65.3011
1574, 26.23333, 0.886637, -70.1878, 4.04678, -33.0381, 3.30872, 160.452, 0.00166685, 150.467, 0.000996513, 135.962, 0.00053162, -64.9793
1575, 26.24167, 0.887286, -70.2869, 4.05149, -33.0492, 3.31283, 160.454, 0.0016701, 150.36, 0.000996529, 136.203, 0.000529457, -64.654
1575, 26.25000, 0.887935, -70.3861, 4.0562, -33.0603, 3.31695, 160.455, 0.00167336, 150.254, 0.000996561, 136.446, 0.000527306, -64.3254
1576, 26.25833, 0.888582, -70.4854, 4.06091, -33.0715, 3.32108, 160.457, 0.00167662, 150.147, 0.00099661, 136.689, 0.000525168, -63.9932
1576, 26.26667, 0.889229, -70.5848, 4.06563, -33.0826, 3.32521, 160.458, 0.00167989, 150.04, 0.000996676, 136.932, 0.000523042, -63.6576
1577, 26.27500, 0.889874, -70.6842, 4.07035, -33.0938, 3.32934, 160.46, 0.00168316, 149.932, 0.000996758, 137.176, 0.00052093, -63.3185
1577, 26.28333, 0.890518, -70.7838, 4.07507, -33.105, 3.33347, 160.461, 0.00168643, 149.825, 0.000996858, 137.421, 0.000518831, -62.9757
1578, 26.29167, 0.891162, -70.8835, 4.07979, -33.1162, 3.33761, 160.463, 0.00168971, 149.717, 0.000996975, 137.666, 0.000516746, -62.6294
1578, 26.30000, 0.891804, -70.9833, 4.08452, -33.1274, 3.34175, 160.464, 0.00169299, 149.61, 0.000997109, 137.911, 0.000514675, -62.2795
1579, 26.30833, 0.892445, -71.0832, 4.08925, -33.1386, 3.3459, 160.466, 0.00169628, 149.502, 0.000997261, 138.158, 0.000512619, -61.926
1579, 26.31667, 0.893085, -71.1831, 4.09397, -33.1498, 3.35005, 160.467, 0.00169957, 149.394, 0.000997431, 138.404, 0.000510578, -61.5687
1580, 26.32500, 0.893724, -71.2832, 4.09871, -33.161, 3.3542, 160.468, 0.00170287, 149.286, 0.000997618, 138.652, 0.000508552, -61.2078
1580, 26.33333, 0.894362, -71.3834, 4.10344, -33.1723, 3.35836, 160.47, 0.00170617, 149.177, 0.000997824, 138.899, 0.000506542, -60.8431
1581, 26.34167, 0.894998, -71.4836, 4.10817, -33.1835, 3.36252, 160.471, 0.00170948, 149.069, 0.000998047, 139.148, 0.000504548, -60.4747
1581, 26.35000, 0.895634, -71.584, 4.11291, -33.1948, 3.36668, 160.472, 0.00171279, 148.96, 0.000998289, 139.396, 0.000502571, -60.1025
1582, 26.35833, 0.896268, -71.6844, 4.11765, -33.2061, 3.37085, 160.473, 0.00171611, 148.852, 0.000998548, 139.645, 0.000500611, -59.7265
1582, 26.36667, 0.896902, -71.785, 4.12239, -33.2174, 3.37502, 160.474, 0.00171943, 148.743, 0.000998827, 139.895, 0.000498667, -59.3466
1583, 26.37500, 0.897534, -71.8856, 4.12714, -33.2287, 3.3792, 160.475, 0.00172275, 148.634, 0.000999124, 140.145, 0.000496742, -58.9629
1583, 26.38333, 0.898165, -71.9864, 4.13188, -33.24, 3.38338, 160.476, 0.00172608, 148.525, 0.000999439, 140.396, 0.000494835, -58.5754
1584, 26.39167, 0.898795, -72.0872, 4.13663, -33.2513, 3.38756, 160.477, 0.00172941, 148.415, 0.000999774, 140.647, 0.000492947, -58.1839
1584, 26.40000, 0.899423, -72.1881, 4.14138, -33.2626, 3.39175, 160.478, 0.00173275, 148.306, 0.00100013, 140.899, 0.000491077, -57.7886
1585, 26.40833, 0.900051, -72.2891, 4.14613, -33.274, 3.39594, 160.479, 0.00173609, 148.196, 0.0010005, 141.151, 0.000489227, -57.3893
1585, 26.41667, 0.900677, -72.3903, 4.15089, -33.2853, 3.40013, 160.48, 0.00173944, 148.086, 0.00100089, 141.403, 0.000487397, -56.986
1586, 26.42500, 0.901302, -72.4915, 4.15564, -33.2967, 3.40433, 160.481, 0.00174279, 147.976, 0.0010013, 141.656, 0.000485588, -56.5788
1586, 26.43333, 0.901926, -72.5928, 4.1604, -33.308, 3.40853, 160.482, 0.00174615, 147.866, 0.00100173, 141.909, 0.000483799, -56.1677
1587, 26.44167, 0.902548, -72.6942, 4.16516, -33.3194, 3.41273, 160.483, 0.00174951, 147.756, 0.00100218, 142.163, 0.000482031, -55.7525
1587, 26.45000, 0.90317, -72.7957, 4.16993, -33.3308, 3.41694, 160.484, 0.00175287, 147.646, 0.00100265, 142.417, 0.000480285, -55.3333
1588, 26.45833, 0.90379, -72.8972, 4.17469, -33.3422, 3.42115, 160.484, 0.00175624, 147.535, 0.00100314, 142.671, 0.000478561, -54.9101
1588, 26.46667, 0.904409, -72.9989, 4.17946, -33.3536, 3.42537, 160.485, 0.00175962, 147.424, 0.00100365, 142.926, 0.00047686, -54.4829
1589, 26.47500, 0.905026, -73.1007, 4.18423, -33.365, 3.42959, 160.486, 0.00176299, 147.314, 0.00100418, 143.181, 0.000475182, -54.0517
1589, 26.48333, 0.905643, -73.2026, 4.189, -33.3764, 3.43381, 160.486, 0.00176638, 147.203, 0.00100473, 143.436, 0.000473528, -53.6165
1590, 26.49167, 0.906258, -73.3045, 4.19377, -33.3878, 3.43804, 160.487, 0.00176976, 147.092, 0.0010053, 143.692, 0.000471897, -53.1771
1590, 26.50000, 0.906871, -73.4066, 4.19855, -33.3993, 3.44227, 160.487, 0.00177316, 146.98, 0.0010059, 143.948, 0.000470291, -52.7338
1591, 26.50833, 0.907484, -73.5087, 4.20333, -33.4107, 3.4465, 160.488, 0.00177655, 146.869, 0.00100651, 144.205, 0.000468711, -52.2865
1591, 26.51667, 0.908095, -73.6109, 4.20811, -33.4221, 3.45074, 160.488, 0.00177995, 146.758, 0.00100714, 144.462, 0.000467155, -51.835
1592, 26.52500, 0.908705, -73.7132, 4.21289, -33.4336, 3.45498, 160.489, 0.00178336, 146.646, 0.00100779, 144.719, 0.000465626, -51.3796
1592, 26.53333, 0.909313, -73.8157, 4.21768, -33.445, 3.45923, 160.489, 0.00178676, 146.534, 0.00100847, 144.976, 0.000464123, -50.9202
1593, 26.54167, 0.909921, -73.9182, 4.22247, -33.4565, 3.46348, 160.49, 0.00179018, 146.422, 0.00100916, 145.234, 0.000462647, -50.4567
1593, 26.55000, 0.910527, -74.0208, 4.22726, -33.468, 3.46773, 160.49, 0.00179359, 146.31, 0.00100988, 145.492, 0.000461199, -49.9893
1594, 26.55833, 0.911131, -74.1234, 4.23205, -33.4795, 3.47199, 160.49, 0.00179702, 146.198, 0.00101062, 145.75, 0.000459779, -49.5179
1594, 26.56667, 0.911734, -74.2262, 4.23685, -33.491, 3.47625, 160.491, 0.00180044, 146.085, 0.00101138, 146.008, 0.000458387, -49.0424
1595, 26.57500, 0.912336, -74.3291, 4.24164, -33.5024, 3.48051, 160.491, 0.00180387, 145.973, 0.00101216, 146.267, 0.000457024, -48.5631
1595, 26.58333, 0.912936, -74.432, 4.24644, -33.5139, 3.48478, 160.491, 0.00180731, 145.86, 0.00101296, 146.526, 0.000455691, -48.0798
1596, 26.59167, 0.913535, -74.5351, 4.25125, -33.5254, 3.48905, 160.491, 0.00181075, 145.748, 0.00101378, 146.785, 0.000454388, -47.5926
1596, 26.60000, 0.914133, -74.6382, 4.25605, -33.537, 3.49333, 160.491, 0.00181419, 145.635, 0.00101463, 147.044, 0.000453115, -47.1016
1597, 26.60833, 0.914729, -74.7414, 4.26086, -33.5485, 3.49761, 160.491, 0.00181764, 145.522, 0.0010155, 147.303, 0.000451874, -46.6067
1597, 26.61667, 0.915324, -74.8448, 4.26567, -33.56, 3.50189, 160.491, 0.00182109, 145.408, 0.00101639, 147.563, 0.000450664, -46.108
1598, 26.62500, 0.915917, -74.9482, 4.27048, -33.5715, 3.50618, 160.491, 0.00182454, 145.295, 0.0010173, 147.823, 0.000449486, -45.6055
1598, 26.63333, 0.916509, -75.0516, 4.27529, -33.5831, 3.51047, 160.491, 0.001828, 145.182, 0.00101823, 148.083, 0.00044834, -45.0994
1599, 26.64167, 0.917099, -75.1552, 4.28011, -33.5946, 3.51477, 160.491, 0.00183147, 145.068, 0.00101919, 148.343, 0.000447228, -44.5894
1599, 26.65000, 0.917688, -75.2589, 4.28493, -33.6061, 3.51906, 160.491, 0.00183494, 144.954, 0.00102017, 148.603, 0.00044615, -44.0759
1600, 26.65833, 0.918276, -75.3626, 4.28975, -33.6177, 3.52337, 160.491, 0.00183841, 144.84, 0.00102117, 148.864, 0.000445105, -43.5588
1600, 26.66667, 0.918862, -75.4665, 4.29458, -33.6292, 3.52767, 160.491, 0.00184189, 144.726, 0.0010222, 149.124, 0.000444095, -43.038
1601, 26.67500, 0.919446, -75.5704, 4.2994, -33.6408, 3.53198, 160.491, 0.00184537, 144.612, 0.00102324, 149.385, 0.00044312, -42.5139
1601, 26.68333, 0.920029, -75.6744, 4.30423, -33.6523, 3.53629, 160.49, 0.00184886, 144.498, 0.00102431, 149.646, 0.000442181, -41.9863
1602, 26.69167, 0.920611, -75.7785, 4.30906, -33.6639, 3.54061, 160.49, 0.00185235, 144.383, 0.00102541, 149.907, 0.000441278, -41.4552
1602, 26.70000, 0.921191, -75.8827, 4.3139, -33.6755, 3.54493, 160.49, 0.00185584, 144.269, 0.00102653, 150.167, 0.000440411, -40.921
1603, 26.70833, 0.921769, -75.9869, 4.31873, -33.687, 3.54926, 160.489, 0.00185934, 144.154, 0.00102766, 150.428, 0.000439582, -40.3834
1603, 26.71667, 0.922347, -76.0913, 4.32357, -33.6986, 3.55359, 160.489, 0.00186284, 144.039, 0.00102883, 150.689, 0.00043879, -39.8426
1604, 26.72500, 0.922922, -76.1957, 4.32841, -33.7102, 3.55792, 160.488, 0.00186635, 143.924, 0.00103002, 150.95, 0.000438036, -39.2988
1604, 26.73333, 0.923496, -76.3002, 4.33326, -33.7218, 3.56226, 160.488, 0.00186986, 143.809, 0.00103123, 151.211, 0.000437321, -38.752
1605, 26.74167, 0.924068, -76.4048, 4.33811, -33.7334, 3.5666, 160.487, 0.00187337, 143.694, 0.00103246, 151.473, 0.000436645, -38.2022
1605, 26.75000, 0.924639, -76.5095, 4.34296, -33.745, 3.57094, 160.487, 0.00187689, 143.579, 0.00103372, 151.734, 0.000436008, -37.6495
1606, 26.75833, 0.925208, -76.6143, 4.34781, -33.7566, 3.57529, 160.486, 0.00188041, 143.463, 0.001035, 151.995, 0.000435411, -37.0941
1606, 26.76667, 0.925776, -76.7191, 4.35266, -33.7682, 3.57964, 160.486, 0.00188394, 143.348, 0.0010363, 152.256, 0.000434854, -36.5359
1607, 26.77500, 0.926342, -76.8241, 4.35752, -33.7798, 3.584, 160.485, 0.00188747, 143.232, 0.00103763, 152.517, 0.000434338, -35.9752
1607, 26.78333, 0.926907, -76.9291, 4.36238, -33.7914, 3.58836, 160.484, 0.00189101, 143.116, 0.00103899, 152.778, 0.000433863, -35.412
1608, 26.79167, 0.927469, -77.0342, 4.36724, -33.803, 3.59272, 160.483, 0.00189455, 143, 0.00104036, 153.039, 0.00043343, -34.8463
1608, 26.80000, 0.928031, -77.1394, 4.37211, -33.8146, 3.59709, 160.483, 0.00189809, 142.884, 0.00104176, 153.299, 0.000433039, -34.2784
1609, 26.80833, 0.92859, -77.2446, 4.37698, -33.8262, 3.60146, 160.482, 0.00190164, 142.768, 0.00104319, 153.56, 0.00043269, -33.7083
1609, 26.81667, 0.929148, -77.35, 4.38185, -33.8378, 3.60583, 160.481, 0.00190519, 142.651, 0.00104464, 153.821, 0.000432384, -33.136
1610, 26.82500, 0.929705, -77.4554, 4.38672, -33.8494, 3.61021, 160.48, 0.00190874, 142.535, 0.00104611, 154.081, 0.000432121, -32.5618
1610, 26.83333, 0.930259, -77.5609, 4.3916, -33.861, 3.61459, 160.479, 0.0019123, 142.418, 0.00104761, 154.342, 0.000431902, -31.9857
1611, 26.84167, 0.930812, -77.6665, 4.39648, -33.8726, 3.61898, 160.478, 0.00191586, 142.301, 0.00104914, 154.602, 0.000431726, -31.4078
1611, 26.85000, 0.931364, -77.7722, 4.40136, -33.8842, 3.62337, 160.477, 0.00191943, 142.184, 0.00105069, 154.862, 0.000431595, -30.8283
1612, 26.85833, 0.931913, -77.8779, 4.40625, -33.8959, 3.62776, 160.476, 0.001923, 142.067, 0.00105226, 155.123, 0.000431509, -30.2473
1612, 26.86667, 0.932461, -77.9838, 4.41114, -33.9075, 3.63216, 160.475, 0.00192658, 141.95, 0.00105386, 155.382, 0.000431467, -29.6648
1613, 26.87500, 0.933007, -78.0897, 4.41603, -33.9191, 3.63656, 160.474, 0.00193016, 141.833, 0.00105548, 155.642, 0.00043147, -29.081
1613, 26.88333, 0.933552, -78.1956, 4.42092, -33.9307, 3.64097, 160.473, 0.00193374, 141.716, 0.00105713, 155.902, 0.000431519, -28.4961
1614, 26.89167, 0.934095, -78.3017, 4.42582, -33.9423, 3.64538, 160.472, 0.00193733, 141.598, 0.0010588, 156.161, 0.000431614, -27.9101
1614, 26.90000, 0.934636, -78.4079, 4.43071, -33.954, 3.64979, 160.47, 0.00194092, 141.481, 0.0010605, 156.42, 0.000431755, -27.3232
1615, 26.90833, 0.935175, -78.5141, 4.43562, -33.9656, 3.65421, 160.469, 0.00194451, 141.363, 0.00106222, 156.679, 0.000431942, -26.7356
1615, 26.91667, 0.935713, -78.6204, 4.44052, -33.9772, 3.65863, 160.468, 0.00194811, 141.245, 0.00106397, 156.938, 0.000432175, -26.1472
1616, 26.92500, 0.936249, -78.7267, 4.44543, -33.9888, 3.66305, 160.466, 0.00195172, 141.127, 0.00106575, 157.196, 0.000432456, -25.5583
1616, 26.93333, 0.936783, -78.8332, 4.45034, -34.0005, 3.66748, 160.465, 0.00195532, 141.009, 0.00106755, 157.455, 0.000432783, -24.969
1617, 26.94167, 0.937316, -78.9397, 4.45526, -34.0121, 3.67191, 160.464, 0.00195893, 140.89, 0.00106937, 157.713, 0.000433157, -24.3794
1617, 26.95000, 0.937846, -79.0463, 4.46017, -34.0237, 3.67635, 160.462, 0.00196255, 140.772, 0.00107122, 157.97, 0.000433579, -23.7897
1618, 26.95833, 0.938375, -79.153, 4.46509, -34.0353, 3.68079, 160.461, 0.00196617, 140.654, 0.0010731, 158.228, 0.000434048, -23.1999
1618, 26.96667, 0.938902, -79.2598, 4.47001, -34.047, 3.68523, 160.459, 0.00196979, 140.535, 0.001075, 158.485, 0.000434565, -22.6102
1619, 26.97500, 0.939427, -79.3666, 4.47494, -34.0586, 3.68968, 160.457, 0.00197341, 140.416, 0.00107693, 158.742, 0.000435129, -22.0209
1619, 26.98333, 0.939951, -79.4735, 4.47987, -34.0702, 3.69413, 160.456, 0.00197704, 140.297, 0.00107888, 158.999, 0.000435742, -21.4318
1620, 26.99167, 0.940472, -79.5805, 4.4848, -34.0818, 3.69859, 160.454, 0.00198068, 140.178, 0.00108086, 159.255, 0.000436402, -20.8433
1620, 27.00000, 0.940992, -79.6875, 4.48974, -34.0934, 3.70304, 160.452, 0.00198431, 140.059, 0.00108286, 159.511, 0.000437111, -20.2554
1621, 27.00833, 0.94151, -79.7946, 4.49467, -34.1051, 3.70751, 160.451, 0.00198796, 139.94, 0.00108489, 159.766, 0.000437867, -19.6682
1621, 27.01667, 0.942026, -79.9018, 4.49962, -34.1167, 3.71198, 160.449, 0.0019916, 139.821, 0.00108695, 160.022, 0.000438672, -19.0819
1622, 27.02500, 0.94254, -80.0091, 4.50456, -34.1283, 3.71645, 160.447, 0.00199525, 139.701, 0.00108903, 160.276, 0.000439525, -18.4967
1622, 27.03333, 0.943053, -80.1164, 4.50951, -34.1399, 3.72092, 160.445, 0.0019989, 139.582, 0.00109114, 160.531, 0.000440426, -17.9126
1623, 27.04167, 0.943563, -80.2239, 4.51446, -34.1515, 3.7254, 160.443, 0.00200256, 139.462, 0.00109328, 160.785, 0.000441376, -17.3297
1623, 27.05000, 0.944072, -80.3313, 4.51941, -34.1632, 3.72988, 160.441, 0.00200622, 139.342, 0.00109544, 161.039, 0.000442373, -16.7482
1624, 27.05833, 0.944579, -80.4389, 4.52437, -34.1748, 3.73437, 160.439, 0.00200988, 139.223, 0.00109763, 161.292, 0.000443419, -16.1683
1624, 27.06667, 0.945084, -80.5465, 4.52933, -34.1864, 3.73886, 160.438, 0.00201355, 139.103, 0.00109984, 161.545, 0.000444513, -15.5898
1625, 27.07500, 0.945587, -80.6542, 4.53429, -34.198, 3.74335, 160.435, 0.00201722, 138.982, 0.00110208, 161.797, 0.000445656, -15.0132
1625, 27.08333, 0.946088, -80.762, 4.53926, -34.2096, 3.74785, 160.433, 0.0020209, 138.862, 0.00110434, 162.049, 0.000446846, -14.4385
1626, 27.09167, 0.946587, -80.8698, 4.54423, -34.2212, 3.75235, 160.431, 0.00202457, 138.742, 0.00110664, 162.301, 0.000448084, -13.8656
1626, 27.10000, 0.947084, -80.9777, 4.5492, -34.2328, 3.75686, 160.429, 0.00202826, 138.621, 0.00110896, 162.552, 0.00044937, -13.2949
1627, 27.10833, 0.94758, -81.0857, 4.55418, -34.2444, 3.76136, 160.427, 0.00203194, 138.501, 0.0011113, 162.803, 0.000450704, -12.7263
1627, 27.11667, 0.948073, -81.1937, 4.55916, -34.256, 3.76588, 160.425, 0.00203563, 138.38, 0.00111367, 163.053, 0.000452086, -12.16
1628, 27.12500, 0.948564, -81.3019, 4.56414, -34.2676, 3.7704, 160.422, 0.00203932, 138.259, 0.00111607, 163.303, 0.000453516, -11.5961
1628, 27.13333, 0.949054, -81.41, 4.56913, -34.2792, 3.77492, 160.42, 0.00204302, 138.138, 0.0011185, 163.552, 0.000454992, -11.0346
1629, 27.14167, 0.949541, -81.5183, 4.57412, -34.2908, 3.77944, 160.418, 0.00204672, 138.017, 0.00112095, 163.801, 0.000456516, -10.4757
1629, 27.15000, 0.950027, -81.6266, 4.57911, -34.3023, 3.78397, 160.415, 0.00205043, 137.896, 0.00112343, 164.049, 0.000458087, -9.91957
1630, 27.15833, 0.95051, -81.735, 4.58411, -34.3139, 3.7885, 160.413, 0.00205413, 137.775, 0.00112593, 164.297, 0.000459705, -9.36616
1630, 27.16667, 0.950992, -81.8434, 4.58911, -34.3255, 3.79304, 160.41, 0.00205784, 137.654, 0.00112846, 164.544, 0.00046137, -8.81553
1631, 27.17500, 0.951472, -81.9519, 4.59412, -34.3371, 3.79758, 160.408, 0.00206156, 137.532, 0.00113102, 164.791, 0.000463081, -8.26791
1631, 27.18333, 0.951949, -82.0605, 4.59912, -34.3487, 3.80212, 160.405, 0.00206528, 137.411, 0.00113361, 165.037, 0.000464839, -7.72329
1632, 27.19167, 0.952425, -82.1692, 4.60413, -34.3602, 3.80667, 160.403, 0.002069, 137.289, 0.00113622, 165.283, 0.000466642, -7.18171
1632, 27.20000, 0.952898, -82.2778, 4.60915, -34.3718, 3.81122, 160.4, 0.00207272, 137.167, 0.00113886, 165.528, 0.000468492, -6.64335
1633, 27.20833, 0.95337, -82.3866, 4.61417, -34.3834, 3.81578, 160.397, 0.00207645, 137.045, 0.00114152, 165.773, 0.000470387, -6.10824
1633, 27.21667, 0.953839, -82.4955, 4.61919, -34.3949, 3.82034, 160.395, 0.00208019, 136.924, 0.00114422, 166.017, 0.000472328, -5.57637
1634, 27.22500, 0.954307, -82.6043, 4.62421, -34.4065, 3.8249, 160.392, 0.00208392, 136.801, 0.00114693, 166.26, 0.000474313, -5.04793
1634, 27.23333, 0.954772, -82.7133, 4.62924, -34.418, 3.82946, 160.389, 0.00208766, 136.679, 0.00114968, 166.503, 0.000476344, -4.52294
1635, 27.24167, 0.955236, -82.8223, 4.63428, -34.4296, 3.83404, 160.386, 0.0020914, 136.557, 0.00115245, 166.745, 0.000478419, -4.00137
1635, 27.25000, 0.955697, -82.9314, 4.63931, -34.4411, 3.83861, 160.384, 0.00209515, 136.435, 0.00115525, 166.987, 0.000480538, -3.48342
1636, 27.25833, 0.956156, -83.0406, 4.64435, -34.4526, 3.84319, 160.381, 0.0020989, 136.312, 0.00115808, 167.228, 0.000482702, -2.96907
1636, 27.26667, 0.956613, -83.1498, 4.64939, -34.4642, 3.84777, 160.378, 0.00210265, 136.189, 0.00116094, 167.468, 0.000484909, -2.45832
1637, 27.27500, 0.957068, -83.259, 4.65444, -34.4757, 3.85236, 160.375, 0.00210641, 136.067, 0.00116382, 167.708, 0.00048716, -1.95132
1637, 27.28333, 0.957521, -83.3683, 4.65949, -34.4872, 3.85695, 160.372, 0.00211017, 135.944, 0.00116672, 167.947, 0.000489454, -1.44807
1638, 27.29167, 0.957972, -83.4777, 4.66455, -34.4987, 3.86154, 160.369, 0.00211393, 135.821, 0.00116966, 168.186, 0.000491791, -0.948543
1638, 27.30000, 0.958421, -83.5872, 4.66961, -34.5103, 3.86614, 160.366, 0.0021177, 135.698, 0.00117262, 168.424, 0.00049417, -0.452899
1639, 27.30833, 0.958868, -83.6967, 4.67467, -34.5218, 3.87074, 160.363, 0.00212147, 135.575, 0.00117561, 168.661, 0.000496591, 0.0388884
1639, 27.31667, 0.959312, -83.8063, 4.67974, -34.5333, 3.87534, 160.359, 0.00212525, 135.452, 0.00117863, 168.898, 0.000499055, 0.526846
1640, 27.32500, 0.959755, -83.9159, 4.68481, -34.5448, 3.87995, 160.356, 0.00212902, 135.329, 0.00118167, 169.134, 0.00050156, 1.01083
1640, 27.33333, 0.960195, -84.0256, 4.68988, -34.5563, 3.88457, 160.353, 0.0021328, 135.205, 0.00118474, 169.369, 0.000504106, 1.49087
1641, 27.34167, 0.960633, -84.1353, 4.69496, -34.5678, 3.88918, 160.35, 0.00213659, 135.082, 0.00118784, 169.604, 0.000506694, 1.96699
1641, 27.35000, 0.961069, -84.2451, 4.70004, -34.5792, 3.8938, 160.346, 0.00214037, 134.958, 0.00119096, 169.837, 0.000509322, 2.43907
1642, 27.35833, 0.961503, -84.3549, 4.70513, -34.5907, 3.89843, 160.343, 0.00214416, 134.834, 0.00119411, 170.071, 0.00051199, 2.90715
1642, 27.36667, 0.961935, -84.4648, 4.71022, -34.6022, 3.90305, 160.34, 0.00214796, 134.711, 0.00119729, 170.303, 0.000514698, 3.37126
1643, 27.37500, 0.962364, -84.5748, 4.71531, -34.6137, 3.90769, 160.336, 0.00215176, 134.587, 0.0012005, 170.535, 0.000517446, 3.83128
1643, 27.38333, 0.962792, -84.6848, 4.72041, -34.6251, 3.91232, 160.333, 0.00215556, 134.463, 0.00120373, 170.766, 0.000520233, 4.28725
1644, 27.39167, 0.963217, -84.7949, 4.72551, -34.6366, 3.91696, 160.329, 0.00215936, 134.339, 0.00120699, 170.997, 0.000523059, 4.73922
1644, 27.40000, 0.96364, -84.905, 4.73062, -34.648, 3.9216, 160.326, 0.00216317, 134.215, 0.00121028, 171.227, 0.000525924, 5.18708
1645, 27.40833, 0.96406, -85.0152, 4.73573, -34.6595, 3.92625, 160.322, 0.00216698, 134.09, 0.0012136, 171.456, 0.000528826, 5.63087
1645, 27.41667, 0.964479, -85.1254, 4.74084, -34.6709, 3.9309, 160.318, 0.00217079, 133.966, 0.00121694, 171.684, 0.000531768, 6.07064
1646, 27.42500, 0.964895, -85.2357, 4.74596, -34.6823, 3.93556, 160.315, 0.00217461, 133.842, 0.00122031, 171.912, 0.000534746, 6.5063
1646, 27.43333, 0.96531, -85.346, 4.75108, -34.6938, 3.94021, 160.311, 0.00217843, 133.717, 0.0012237, 172.138, 0.000537762, 6.93789
1647, 27.44167, 0.965722, -85.4564, 4.75621, -34.7052, 3.94488, 160.307, 0.00218225, 133.593, 0.00122713, 172.365, 0.000540815, 7.36547
1647, 27.45000, 0.966131, -85.5669, 4.76134, -34.7166, 3.94954, 160.304, 0.00218608, 133.468, 0.00123058, 172.59, 0.000543904, 7.78894
1648, 27.45833, 0.966539, -85.6774, 4.76647, -34.728, 3.95421, 160.3, 0.00218991, 133.343, 0.00123406, 172.815, 0.000547029, 8.20836
1648, 27.46667, 0.966944, -85.7879, 4.77162, -34.7394, 3.95889, 160.296, 0.00219374, 133.218, 0.00123756, 173.039, 0.000550191, 8.62379
1649, 27.47500, 0.967347, -85.8985, 4.77676, -34.7508, 3.96356, 160.292, 0.00219758, 133.093, 0.00124109, 173.262, 0.000553388, 9.03515
1649, 27.48333, 0.967748, -86.0091, 4.78191, -34.7622, 3.96824, 160.288, 0.00220142, 132.968, 0.00124465, 173.484, 0.00055662, 9.44248
1650, 27.49167, 0.968147, -86.1198, 4.78706, -34.7736, 3.97293, 160.284, 0.00220526, 132.843, 0.00124824, 173.706, 0.000559888, 9.84586
1650, 27.50000, 0.968543, -86.2306, 4.79222, -34.7849, 3.97762, 160.28, 0.00220911, 132.718, 0.00125185, 173.927, 0.00056319, 10.2452
1651, 27.50833, 0.968937, -86.3413, 4.79738, -34.7963, 3.98231, 160.276, 0.00221295, 132.593, 0.00125549, 174.147, 0.000566526, 10.6406
1651, 27.51667, 0.969329, -86.4522, 4.80254, -34.8077, 3.987, 160.272, 0.00221681, 132.467, 0.00125916, 174.366, 0.000569896, 11.032
1652, 27.52500, 0.969718, -86.5631, 4.80771, -34.819, 3.9917, 160.268, 0.00222066, 132.342, 0.00126286, 174.585, 0.0005733, 11.4195
1652, 27.53333, 0.970105, -86.674, 4.81289, -34.8304, 3.99641, 160.264, 0.00222452, 132.216, 0.00126658, 174.803, 0.000576737, 11.8031
1653, 27.54167, 0.97049, -86.785, 4.81807, -34.8417, 4.00111, 160.26, 0.00222838, 132.09, 0.00127033, 175.02, 0.000580208, 12.1828
1653, 27.55000, 0.970873, -86.896, 4.82325, -34.853, 4.00582, 160.255, 0.00223225, 131.965, 0.00127411, 175.236, 0.000583711, 12.5586
1654, 27.55833, 0.971253, -87.0071, 4.82844, -34.8644, 4.01054, 160.251, 0.00223611, 131.839, 0.00127791, 175.451, 0.000587246, 12.9306
1654, 27.56667, 0.971631, -87.1182, 4.83363, -34.8757, 4.01526, 160.247, 0.00223998, 131.713, 0.00128174, 175.666, 0.000590814, 13.2987
1655, 27.57500, 0.972007, -87.2293, 4.83883, -34.887, 4.01998, 160.242, 0.00224386, 131.587, 0.0012856, 175.88, 0.000594413, 13.6631
1655, 27.58333, 0.97238, -87.3405, 4.84403, -34.8983, 4.0247, 160.238, 0.00224773, 131.461, 0.00128949, 176.093, 0.000598043, 14.0236
1656, 27.59167, 0.972751, -87.4518, 4.84924, -34.9096, 4.02944, 160.234, 0.00225161, 131.335, 0.0012934, 176.305, 0.000601706, 14.3805
1656, 27.60000, 0.97312, -87.5631, 4.85445, -34.9209, 4.03417, 160.229, 0.0022555, 131.209, 0.00129734, 176.517, 0.000605398, 14.7336
1657, 27.60833, 0.973486, -87.6744, 4.85967, -34.9322, 4.0389, 160.225, 0.00225938, 131.082, 0.00130131, 176.728, 0.000609122, 15.083
1657, 27.61667, 0.973851, -87.7858, 4.86489, -34.9434, 4.04365, 160.22, 0.00226327, 130.956, 0.0013053, 176.938, 0.000612876, 15.4287
1658, 27.62500, 0.974212, -87.8972, 4.87012, -34.9547, 4.04839, 160.215, 0.00226716, 130.829, 0.00130932, 177.147, 0.00061666, 15.7708
1658, 27.63333, 0.974572, -88.0086, 4.87535, -34.966, 4.05314, 160.211, 0.00227106, 130.703, 0.00131337, 177.355, 0.000620473, 16.1093
1659, 27.64167, 0.974929, -88.1201, 4.88059, -34.9772, 4.05789, 160.206, 0.00227496, 130.576, 0.00131744, 177.562, 0.000624317, 16.4442
1659, 27.65000, 0.975283, -88.2317, 4.88583, -34.9884, 4.06264, 160.202, 0.00227886, 130.45, 0.00132155, 177.769, 0.000628189, 16.7756
1660, 27.65833, 0.975636, -88.3432, 4.89107, -34.9997, 4.0674, 160.197, 0.00228276, 130.323, 0.00132568, 177.975, 0.00063209, 17.1034
1660, 27.66667, 0.975986, -88.4549, 4.89632, -35.0109, 4.07217, 160.192, 0.00228667, 130.196, 0.00132983, 178.18, 0.00063602, 17.4278
1661, 27.67500, 0.976333, -88.5665, 4.90158, -35.0221, 4.07693, 160.187, 0.00229058, 130.069, 0.00133402, 178.384, 0.000639979, 17.7487
1661, 27.68333, 0.976678, -88.6782, 4.90684, -35.0333, 4.0817, 160.182, 0.00229449, 129.942, 0.00133823, 178.588, 0.000643965, 18.0662
1662, 27.69167, 0.977021, -88.7899, 4.9121, -35.0445, 4.08648, 160.178, 0.00229841, 129.815, 0.00134247, 178.79, 0.00064798, 18.3803
1662, 27.70000, 0.977362, -88.9017, 4.91737, -35.0557, 4.09125, 160.173, 0.00230233, 129.688, 0.00134673, 178.992, 0.000652022, 18.6911
1663, 27.70833, 0.9777, -89.0135, 4.92265, -35.0669, 4.09604, 160.168, 0.00230625, 129.561, 0.00135102, 179.193, 0.000656091, 18.9985
1663, 27.71667, 0.978036, -89.1253, 4.92793, -35.0781, 4.10082, 160.163, 0.00231017, 129.433, 0.00135534, 179.393, 0.000660188, 19.3026
1664, 27.72500, 0.978369, -89.2372, 4.93322, -35.0893, 4.10561, 160.158, 0.0023141, 129.306, 0.00135969, 179.592, 0.000664311, 19.6035
1664, 27.73333, 0.9787, -89.3491, 4.93851, -35.1004, 4.1104, 160.153, 0.00231803, 129.179, 0.00136406, 179.791, 0.000668461, 19.9011
1665, 27.74167, 0.979028, -89.4611, 4.94381, -35.1116, 4.1152, 160.148, 0.00232196, 129.051, 0.00136846, 179.989, 0.000672638, 20.1956
1665, 27.75000, 0.979354, -89.5731, 4.94911, -35.1227, 4.12, 160.142, 0.0023259, 128.924, 0.00137289, -179.815, 0.000676841, 20.4868
1666, 27.75833, 0.979678, -89.6851, 4.95441, -35.1339, 4.1248, 160.137, 0.00232984, 128.796, 0.00137734, -179.619, 0.00068107, 20.7749
1666, 27.76667, 0.979999, -89.7971, 4.95973, -35.145, 4.12961, 160.132, 0.00233378, 128.668, 0.00138182, -179.423, 0.000685325, 21.06
1667, 27.77500, 0.980318, -89.9092, 4.96504, -35.1561, 4.13442, 160.127, 0.00233773, 128.541, 0.00138633, -179.229, 0.000689605, 21.342
1667, 27.78333, 0.980634, -90.0213, 4.97037, -35.1673, 4.13923, 160.122, 0.00234167, 128.413, 0.00139086, -179.035, 0.00069391, 21.6209
1668, 27.79167, 0.980948, -90.1335, 4.9757, -35.1784, 4.14405, 160.116, 0.00234563, 128.285, 0.00139543, -178.843, 0.000698241, 21.8969
1668, 27.80000, 0.98126, -90.2456, 4.98103, -35.1895, 4.14887, 160.111, 0.00234958, 128.157, 0.00140001, -178.651, 0.000702596, 22.1699
1669, 27.80833, 0.981569, -90.3578, 4.98637, -35.2006, 4.15369, 160.106, 0.00235353, 128.029, 0.00140463, -178.46, 0.000706976, 22.4399
1669, 27.81667, 0.981876, -90.4701, 4.99171, -35.2116, 4.15852, 160.1, 0.00235749, 127.901, 0.00140927, -178.27, 0.000711381, 22.7071
1670, 27.82500, 0.98218, -90.5824, 4.99707, -35.2227, 4.16335, 160.095, 0.00236146, 127.773, 0.00141394, -178.08, 0.00071581, 22.9713
1670, 27.83333, 0.982482, -90.6946, 5.00242, -35.2338, 4.16819, 160.089, 0.00236542, 127.644, 0.00141864, -177.892, 0.000720263, 23.2327
1671, 27.84167, 0.982781, -90.807, 5.00778, -35.2448, 4.17303, 160.084, 0.00236939, 127.516, 0.00142336, -177.704, 0.00072474, 23.4914
1671, 27.85000, 0.983078, -90.9193, 5.01315, -35.2559, 4.17787, 160.078, 0.00237336, 127.388, 0.00142811, -177.517, 0.00072924, 23.7472
1672, 27.85833, 0.983373, -91.0317, 5.01852, -35.2669, 4.18272, 160.073, 0.00237733, 127.259, 0.00143288, -177.331, 0.000733764, 24.0003
1672, 27.86667, 0.983665, -91.1441, 5.0239, -35.278, 4.18757, 160.067, 0.00238131, 127.131, 0.00143769, -177.145, 0.000738312, 24.2507
1673, 27.87500, 0.983954, -91.2566, 5.02929, -35.289, 4.19242, 160.061, 0.00238529, 127.002, 0.00144252, -176.961, 0.000742882, 24.4984
1673, 27.88333, 0.984241, -91.369, 5.03468, -35.3, 4.19728, 160.056, 0.00238927, 126.874, 0.00144738, -176.777, 0.000747475, 24.7435
1674, 27.89167, 0.984526, -91.4815, 5.04007, -35.311, 4.20214, 160.05, 0.00239325, 126.745, 0.00145226, -176.594, 0.000752092, 24.986
1674, 27.90000, 0.984808, -91.5941, 5.04547, -35.322, 4.207, 160.044, 0.00239724, 126.616, 0.00145717, -176.413, 0.00075673, 25.2258
1675, 27.90833, 0.985088, -91.7066, 5.05088, -35.333, 4.21187, 160.038, 0.00240123, 126.488, 0.00146211, -176.231, 0.000761391, 25.4631
1675, 27.91667, 0.985365, -91.8192, 5.0563, -35.344, 4.21674, 160.032, 0.00240522, 126.359, 0.00146707, -176.051, 0.000766075, 25.6979
1676, 27.92500, 0.985639, -91.9318, 5.06171, -35.3549, 4.22162, 160.027, 0.00240922, 126.23, 0.00147206, -175.871, 0.000770781, 25.9302
1676, 27.93333, 0.985912, -92.0444, 5.06714, -35.3659, 4.2265, 160.021, 0.00241322, 126.101, 0.00147708, -175.693, 0.000775508, 26.16
1677, 27.94167, 0.986181, -92.157, 5.07257, -35.3769, 4.23138, 160.015, 0.00241722, 125.972, 0.00148212, -175.515, 0.000780258, 26.3874
1677, 27.95000, 0.986449, -92.2697, 5.07801, -35.3878, 4.23627, 160.009, 0.00242122, 125.843, 0.00148719, -175.338, 0.000785029, 26.6123
1678, 27.95833, 0.986713, -92.3824, 5.08345, -35.3988, 4.24115, 160.003, 0.00242523, 125.714, 0.00149229, -175.162, 0.000789821, 26.8349
1678, 27.96667, 0.986976, -92.4951, 5.0889, -35.4097, 4.24605, 159.997, 0.00242924, 125.585, 0.00149742, -174.986, 0.000794635, 27.0551
1679, 27.97500, 0.987236, -92.6078, 5.09436, -35.4206, 4.25094, 159.991, 0.00243325, 125.455, 0.00150257, -174.812, 0.00079947, 27.273
1679, 27.98333, 0.987493, -92.7205, 5.09982, -35.4315, 4.25584, 159.984, 0.00243726, 125.326, 0.00150774, -174.638, 0.000804326, 27.4886
1680, 27.99167, 0.987748, -92.8333, 5.10529, -35.4424, 4.26075, 159.978, 0.00244128, 125.197, 0.00151295, -174.465, 0.000809203, 27.702
1680, 28.00000, 0.988, -92.9461, 5.11076, -35.4533, 4.26565, 159.972, 0.0024453, 125.067, 0.00151818, -174.293, 0.0008141, 27.913
1681, 28.00833, 0.98825, -93.0589, 5.11624, -35.4642, 4.27056, 159.966, 0.00244933, 124.938, 0.00152344, -174.121, 0.000819018, 28.1219
1681, 28.01667, 0.988497, -93.1717, 5.12173, -35.4751, 4.27548, 159.96, 0.00245335, 124.809, 0.00152872, -173.951, 0.000823957, 28.3286
1682, 28.02500, 0.988742, -93.2846, 5.12722, -35.486, 4.28039, 159.953, 0.00245738, 124.679, 0.00153403, -173.781, 0.000828916, 28.5332
1682, 28.03333, 0.988984, -93.3974, 5.13272, -35.4968, 4.28531, 159.947, 0.00246141, 124.549, 0.00153937, -173.612, 0.000833895, 28.7356
1683, 28.04167, 0.989224, -93.5103, 5.13823, -35.5077, 4.29024, 159.941, 0.00246544, 124.42, 0.00154474, -173.444, 0.000838895, 28.9359
1683, 28.05000, 0.989461, -93.6232, 5.14374, -35.5186, 4.29517, 159.934, 0.00246948, 124.29, 0.00155013, -173.276, 0.000843914, 29.1341
1684, 28.05833, 0.989696, -93.7361, 5.14926, -35.5294, 4.3001, 159.928, 0.00247352, 124.16, 0.00155554, -173.11, 0.000848953, 29.3302
1684, 28.06667, 0.989928, -93.8491, 5.15479, -35.5402, 4.30503, 159.921, 0.00247756, 124.031, 0.00156099, -172.944, 0.000854013, 29.5244
1685, 28.07500, 0.990158, -93.962, 5.16032, -35.5511, 4.30997, 159.915, 0.00248161, 123.901, 0.00156646, -172.779, 0.000859091, 29.7165
1685, 28.08333, 0.990385, -94.075, 5.16586, -35.5619, 4.31491, 159.908, 0.00248565, 123.771, 0.00157195, -172.615, 0.000864189, 29.9066
1686, 28.09167, 0.99061, -94.188, 5.17141, -35.5727, 4.31986, 159.902, 0.0024897, 123.641, 0.00157748, -172.452, 0.000869307, 30.0948
1686, 28.10000, 0.990832, -94.3009, 5.17696, -35.5835, 4.32481, 159.895, 0.00249375, 123.511, 0.00158303, -172.289, 0.000874443, 30.281
1687, 28.10833, 0.991052, -94.4139, 5.18252, -35.5943, 4.32976, 159.889, 0.00249781, 123.381, 0.00158861, -172.127, 0.000879599, 30.4654
1687, 28.11667, 0.991269, -94.527, 5.18808, -35.6051, 4.33471, 159.882, 0.00250187, 123.251, 0.00159421, -171.966, 0.000884774, 30.6478
1688, 28.12500, 0.991484, -94.64, 5.19366, -35.6158, 4.33967, 159.875, 0.00250593, 123.121, 0.00159984, -171.806, 0.000889967, 30.8284
1688, 28.13333, 0.991696, -94.753, 5.19923, -35.6266, 4.34464, 159.868, 0.00250999, 122.991, 0.0016055, -171.647, 0.00089518, 31.0072
1689, 28.14167, 0.991906, -94.8661, 5.20482, -35.6374, 4.3496, 159.862, 0.00251406, 122.861, 0.00161118, -171.488, 0.000900411, 31.1841
1689, 28.15000, 0.992113, -94.9791, 5.21041, -35.6481, 4.35457, 159.855, 0.00251813, 122.73, 0.00161689, -171.33, 0.000905661, 31.3592
1690, 28.15833, 0.992318, -95.0922, 5.21601, -35.6589, 4.35954, 159.848, 0.0025222, 122.6, 0.00162262, -171.173, 0.00091093, 31.5326
1690, 28.16667, 0.99252, -95.2053, 5.22162, -35.6696, 4.36452, 159.841, 0.00252627, 122.47, 0.00162839, -171.017, 0.000916217, 31.7042
1691, 28.17500, 0.992719, -95.3184, 5.22724, -35.6803, 4.3695, 159.834, 0.00253035, 122.34, 0.00163418, -170.861, 0.000921522, 31.8741
1691, 28.18333, 0.992916, -95.4315, 5.23286, -35.6911, 4.37448, 159.827, 0.00253443, 122.209, 0.00163999, -170.706, 0.000926845, 32.0423
1692, 28.19167, 0.993111, -95.5446, 5.23849, -35.7018, 4.37947, 159.821, 0.00253851, 122.079, 0.00164583, -170.552, 0.000932187, 32.2088
1692, 28.20000, 0.993303, -95.6577, 5.24412, -35.7125, 4.38446, 159.814, 0.00254259, 121.948, 0.0016517, -170.399, 0.000937547, 32.3736
1693, 28.20833, 0.993492, -95.7708, 5.24976, -35.7232, 4.38945, 159.807, 0.00254668, 121.818, 0.0016576, -170.247, 0.000942924, 32.5368
1693, 28.21667, 0.993679, -95.8839, 5.25541, -35.7339, 4.39445, 159.799, 0.00255077, 121.687, 0.00166352, -170.095, 0.00094832, 32.6983
1694, 28.22500, 0.993864, -95.9971, 5.26107, -35.7446, 4.39945, 159.792, 0.00255486, 121.557, 0.00166947, -169.944, 0.000953734, 32.8583
1694, 28.23333, 0.994045, -96.1102, 5.26673, -35.7553, 4.40445, 159.785, 0.00255896, 121.426, 0.00167544, -169.794, 0.000959165, 33.0166
1695, 28.24167, 0.994225, -96.2234, 5.27241, -35.7659, 4.40946, 159.778, 0.00256305, 121.295, 0.00168144, -169.644, 0.000964614, 33.1734
1695, 28.25000, 0.994402, -96.3365, 5.27809, -35.7766, 4.41447, 159.771, 0.00256715, 121.165, 0.00168747, -169.496, 0.00097008, 33.3287
1696, 28.25833, 0.994576, -96.4497, 5.28377, -35.7873, 4.41948, 159.764, 0.00257126, 121.034, 0.00169352, -169.348, 0.000975564, 33.4824
1696, 28.26667, 0.994748, -96.5629, 5.28947, -35.7979, 4.4245, 159.757, 0.00257536, 120.903, 0.00169961, -169.201, 0.000981065, 33.6346
1697, 28.27500, 0.994917, -96.676, 5.29517, -35.8086, 4.42952, 159.749, 0.00257947, 120.772, 0.00170571, -169.054, 0.000986584, 33.7853
1697, 28.28333, 0.995084, -96.7892, 5.30088, -35.8192, 4.43454, 159.742, 0.00258358, 120.642, 0.00171185, -168.908, 0.000992119, 33.9345
1698, 28.29167, 0.995248, -96.9024, 5.30659, -35.8298, 4.43957, 159.735, 0.0025877, 120.511, 0.00171801, -168.763, 0.000997673, 34.0823
1698, 28.30000, 0.99541, -97.0155, 5.31232, -35.8405, 4.4446, 159.727, 0.00259181, 120.38, 0.00172419, -168.619, 0.00100324, 34.2287
1699, 28.30833, 0.995569, -97.1287, 5.31805, -35.8511, 4.44963, 159.72, 0.00259593, 120.249, 0.00173041, -168.476, 0.00100883, 34.3736
1699, 28.31667, 0.995726, -97.2419, 5.32379, -35.8617, 4.45467, 159.713, 0.00260005, 120.118, 0.00173665, -168.333, 0.00101443, 34.5171
1700, 28.32500, 0.99588, -97.3551, 5.32954, -35.8723, 4.45971, 159.705, 0.00260418, 119.987, 0.00174291, -168.191, 0.00102006, 34.6593
1700, 28.33333, 0.996032, -97.4683, 5.33529, -35.8829, 4.46475, 159.698, 0.0026083, 119.856, 0.0017492, -168.05, 0.00102569, 34.8
1701, 28.34167, 0.996181, -97.5815, 5.34105, -35.8935, 4.4698, 159.69, 0.00261243, 119.725, 0.00175552, -167.909, 0.00103135, 34.9395
1701, 28.35000, 0.996327, -97.6946, 5.34682, -35.9041, 4.47485, 159.683, 0.00261656, 119.594, 0.00176187, -167.769, 0.00103702, 35.0775
1702, 28.35833, 0.996472, -97.8078, 5.3526, -35.9147, 4.4799, 159.675, 0.0026207, 119.463, 0.00176824, -167.63, 0.00104271, 35.2143
1702, 28.36667, 0.996613, -97.921, 5.35839, -35.9253, 4.48496, 159.668, 0.00262484, 119.332, 0.00177464, -167.492, 0.00104841, 35.3498
1703, 28.37500, 0.996752, -98.0342, 5.36418, -35.9358, 4.49002, 159.66, 0.00262898, 119.201, 0.00178106, -167.354, 0.00105413, 35.4839
1703, 28.38333, 0.996889, -98.1473, 5.36999, -35.9464, 4.49508, 159.652, 0.00263312, 119.07, 0.00178752, -167.217, 0.00105987, 35.6168
1704, 28.39167, 0.997023, -98.2605, 5.3758, -35.957, 4.50015, 159.645, 0.00263727, 118.938, 0.00179399, -167.081, 0.00106563, 35.7485
1704, 28.40000, 0.997154, -98.3737, 5.38162, -35.9675, 4.50522, 159.637, 0.00264141, 118.807, 0.0018005, -166.945, 0.0010714, 35.8789
1705, 28.40833, 0.997284, -98.4868, 5.38744, -35.9781, 4.51029, 159.629, 0.00264556, 118.676, 0.00180703, -166.81, 0.00107718, 36.008
1705, 28.41667, 0.99741, -98.6, 5.39328, -35.9886, 4.51537, 159.621, 0.00264972, 118.545, 0.00181359, -166.676, 0.00108299, 36.136
1706, 28.42500, 0.997534, -98.7132, 5.39912, -35.9991, 4.52045, 159.614, 0.00265387, 118.413, 0.00182017, -166.543, 0.00108881, 36.2628
1706, 28.43333, 0.997656, -98.8263, 5.40497, -36.0097, 4.52553, 159.606, 0.00265803, 118.282, 0.00182678, -166.41, 0.00109464, 36.3883
1707, 28.44167, 0.997775, -98.9395, 5.41083, -36.0202, 4.53062, 159.598, 0.0026622, 118.151, 0.00183342, -166.278, 0.0011005, 36.5127
1707, 28.45000, 0.997891, -99.0526, 5.4167, -36.0307, 4.53571, 159.59, 0.00266636, 118.019, 0.00184008, -166.147, 0.00110636, 36.636
1708, 28.45833, 0.998005, -99.1657, 5.42258, -36.0412, 4.5408, 159.582, 0.00267053, 117.888, 0.00184677, -166.016, 0.00111225, 36.7581
1708, 28.46667, 0.998117, -99.2789, 5.42846, -36.0517, 4.5459, 159.574, 0.0026747, 117.757, 0.00185349, -165.886, 0.00111815, 36.8791
1709, 28.47500, 0.998226, -99.392, 5.43435, -36.0622, 4.551, 159.566, 0.00267887, 117.625, 0.00186023, -165.757, 0.00112406, 36.9989
1709, 28.48333, 0.998333, -99.5051, 5.44026, -36.0728, 4.5561, 159.558, 0.00268304, 117.494, 0.001867, -165.628, 0.00113, 37.1177
1710, 28.49167, 0.998437, -99.6182, 5.44617, -36.0833, 4.56121, 159.55, 0.00268722, 117.362, 0.0018738, -165.5, 0.00113594, 37.2354
1710, 28.50000, 0.998538, -99.7313, 5.45209, -36.0937, 4.56632, 159.542, 0.0026914, 117.231, 0.00188062, -165.373, 0.00114191, 37.3519
1711, 28.50833, 0.998638, -99.8444, 5.45801, -36.1042, 4.57143, 159.534, 0.00269559, 117.099, 0.00188747, -165.246, 0.00114789, 37.4675
1711, 28.51667, 0.998734, -99.9574, 5.46395, -36.1147, 4.57655, 159.526, 0.00269977, 116.968, 0.00189435, -165.12, 0.00115388, 37.5819
1712, 28.52500, 0.998828, -100.07, 5.4699, -36.1252, 4.58167, 159.518, 0.00270396, 116.836, 0.00190125, -164.995, 0.00115989, 37.6954
1712, 28.53333, 0.99892, -100.184, 5.47585, -36.1357, 4.58679, 159.51, 0.00270815, 116.705, 0.00190818, -164.87, 0.00116592, 37.8078
1713, 28.54167, 0.999009, -100.297, 5.48181, -36.1462, 4.59191, 159.502, 0.00271235, 116.573, 0.00191514, -164.747, 0.00117196, 37.9192
1713, 28.55000, 0.999096, -100.41, 5.48778, -36.1566, 4.59704, 159.494, 0.00271655, 116.442, 0.00192212, -164.623, 0.00117802, 38.0296
1714, 28.55833, 0.999181, -100.523, 5.49376, -36.1671, 4.60217, 159.485, 0.00272075, 116.31, 0.00192913, -164.501, 0.00118409, 38.139
1714, 28.56667, 0.999263, -100.636, 5.49975, -36.1776, 4.60731, 159.477, 0.00272495, 116.178, 0.00193617, -164.379, 0.00119018, 38.2474
1715, 28.57500, 0.999342, -100.749, 5.50575, -36.188, 4.61245, 159.469, 0.00272916, 116.047, 0.00194323, -164.257, 0.00119628, 38.3548
1715, 28.58333, 0.999419, -100.862, 5.51176, -36.1985, 4.61759, 159.461, 0.00273336, 115.915, 0.00195032, -164.137, 0.0012024, 38.4613
1716, 28.59167, 0.999493, -100.975, 5.51778, -36.2089, 4.62274, 159.452, 0.00273758, 115.783, 0.00195744, -164.017, 0.00120854, 38.5669
1716, 28.60000, 0.999565, -101.088, 5.5238, -36.2194, 4.62788, 159.444, 0.00274179, 115.652, 0.00196458, -163.897, 0.00121469, 38.6715
1717, 28.60833, 0.999635, -101.201, 5.52984, -36.2298, 4.63304, 159.436, 0.00274601, 115.52, 0.00197175, -163.779, 0.00122085, 38.7751
1717, 28.61667, 0.999702, -101.313, 5.53588, -36.2403, 4.63819, 159.427, 0.00275023, 115.388, 0.00197895, -163.66, 0.00122704, 38.8779
1718, 28.62500, 0.999767, -101.426, 5.54194, -36.2507, 4.64335, 159.419, 0.00275445, 115.257, 0.00198617, -163.543, 0.00123323, 38.9798
1718, 28.63333, 0.999829, -101.539, 5.548, -36.2612, 4.64851, 159.41, 0.00275867, 115.125, 0.00199342, -163.426, 0.00123944, 39.0807
1719, 28.64167, 0.999889, -101.652, 5.55407, -36.2716, 4.65367, 159.402, 0.0027629, 114.993, 0.0020007, -163.31, 0.00124567, 39.1808
1719, 28.65000, 0.999947, -101.765, 5.56015, -36.282, 4.65884, 159.393, 0.00276713, 114.861, 0.00200801, -163.194, 0.00125191, 39.28
1720, 28.65833, 1, -101.878, 5.56624, -36.2925, 4.66401, 159.385, 0.00277137, 114.73, 0.00201534, -163.079, 0.00125817, 39.3784
1720, 28.66667, 1.00005, -101.991, 5.57234, -36.3029, 4.66919, 159.376, 0.00277561, 114.598, 0.0020227, -162.965, 0.00126444, 39.4759
1721, 28.67500, 1.0001, -102.103, 5.57845, -36.3133, 4.67436, 159.368, 0.00277984, 114.466, 0.00203008, -162.851, 0.00127073, 39.5725
1721, 28.68333, 1.00015, -102.216, 5.58457, -36.3237, 4.67954, 159.359, 0.00278409, 114.334, 0.00203749, -162.738, 0.00127703, 39.6683
1722, 28.69167, 1.0002, -102.329, 5.5907, -36.3342, 4.68473, 159.351, 0.00278833, 114.203, 0.00204493, -162.626, 0.00128335, 39.7633
1722, 28.70000, 1.00024, -102.442, 5.59684, -36.3446, 4.68992, 159.342, 0.00279258, 114.071, 0.0020524, -162.514, 0.00128968, 39.8575
1723, 28.70833, 1.00028, -102.555, 5.60299, -36.355, 4.69511, 159.333, 0.00279683, 113.939, 0.00205989, -162.403, 0.00129603, 39.9508
1723, 28.71667, 1.00032, -102.667, 5.60915, -36.3654, 4.7003, 159.325, 0.00280109, 113.807, 0.00206741, -162.292, 0.00130239, 40.0434
1724, 28.72500, 1.00035, -102.78, 5.61532, -36.3759, 4.7055, 159.316, 0.00280535, 113.676, 0.00207496, -162.182, 0.00130877, 40.1352
1724, 28.73333, 1.00039, -102.893, 5.62149, -36.3863, 4.71069, 159.307, 0.00280961, 113.544, 0.00208253, -162.072, 0.00131516, 40.2262
1725, 28.74167, 1.00042, -103.005, 5.62768, -36.3967, 4.7159, 159.298, 0.00281387, 113.412, 0.00209013, -161.963, 0.00132157, 40.3164
1725, 28.75000, 1.00045, -103.118, 5.63388, -36.4071, 4.7211, 159.29, 0.00281814, 113.28, 0.00209776, -161.855, 0.00132799, 40.4058
1726, 28.75833, 1.00047, -103.231, 5.64009, -36.4176, 4.72631, 159.281, 0.00282241, 113.148, 0.00210541, -161.747, 0.00133443, 40.4945
1726, 28.76667, 1.0005, -103.343, 5.64631, -36.428, 4.73153, 159.272, 0.00282668, 113.016, 0.00211309, -161.64, 0.00134088, 40.5825
1727, 28.77500, 1.00052, -103.456, 5.65253, -36.4384, 4.73674, 159.263, 0.00283095, 112.885, 0.0021208, -161.534, 0.00134735, 40.6697
1727, 28.78333, 1.00054, -103.568, 5.65877, -36.4488, 4.74196, 159.254, 0.00283523, 112.753, 0.00212854, -161.428, 0.00135383, 40.7562
1728, 28.79167, 1.00056, -103.681, 5.66502, -36.4592, 4.74718, 159.245, 0.00283951, 112.621, 0.0021363, -161.323, 0.00136033, 40.842
1728, 28.80000, 1.00057, -103.793, 5.67128, -36.4697, 4.75241, 159.237, 0.0028438, 112.489, 0.00214409, -161.218, 0.00136684, 40.927
1729, 28.80833, 1.00058, -103.906, 5.67755, -36.4801, 4.75763, 159.228, 0.00284809, 112.357, 0.00215191, -161.114, 0.00137337, 41.0114
1729, 28.81667, 1.00059, -104.018, 5.68383, -36.4905, 4.76287, 159.219, 0.00285238, 112.226, 0.00215976, -161.01, 0.00137991, 41.095
1730, 28.82500, 1.0006, -104.131, 5.69011, -36.5009, 4.7681, 159.21, 0.00285667, 112.094, 0.00216763, -160.907, 0.00138647, 41.178
1730, 28.83333, 1.0006, -104.243, 5.69641, -36.5113, 4.77334, 159.201, 0.00286097, 111.962, 0.00217553, -160.805, 0.00139304, 41.2602
1731, 28.84167, 1.00061, -104.355, 5.70272, -36.5218, 4.77858, 159.192, 0.00286527, 111.83, 0.00218345, -160.703, 0.00139962, 41.3418
1731, 28.85000, 1.00061, -104.468, 5.70904, -36.5322, 4.78382, 159.183, 0.00286957, 111.698, 0.00219141, -160.601, 0.00140622, 41.4228
1732, 28.85833, 1.0006, -104.58, 5.71538, -36.5426, 4.78907, 159.174, 0.00287388, 111.566, 0.00219939, -160.501, 0.00141284, 41.503
1732, 28.86667, 1.0006, -104.692, 5.72172, -36.5531, 4.79432, 159.165, 0.00287819, 111.435, 0.0022074, -160.4, 0.00141947, 41.5826
1733, 28.87500, 1.00059, -104.805, 5.72807, -36.5635, 4.79958, 159.156, 0.0028825, 111.303, 0.00221543, -160.301, 0.00142611, 41.6616
1733, 28.88333, 1.00059, -104.917, 5.73443, -36.5739, 4.80483, 159.147, 0.00288682, 111.171, 0.0022235, -160.201, 0.00143277, 41.7399
1734, 28.89167, 1.00057, -105.029, 5.74081, -36.5844, 4.81009, 159.137, 0.00289114, 111.039, 0.00223159, -160.103, 0.00143945, 41.8176
1734, 28.90000, 1.00056, -105.141, 5.74719, -36.5948, 4.81535, 159.128, 0.00289546, 110.907, 0.00223971, -160.005, 0.00144614, 41.8946
1735, 28.90833, 1.00054, -105.253, 5.75359, -36.6053, 4.82062, 159.119, 0.00289979, 110.776, 0.00224785, -159.907, 0.00145284, 41.9711
1735, 28.91667, 1.00053, -105.366, 5.75999, -36.6157, 4.82589, 159.11, 0.00290412, 110.644, 0.00225603, -159.81, 0.00145956, 42.0469
1736, 28.92500, 1.00051, -105.478, 5.76641, -36.6261, 4.83116, 159.101, 0.00290845, 110.512, 0.00226423, -159.714, 0.00146629, 42.1221
1736, 28.93333, 1.00048, -105.59, 5.77284, -36.6366, 4.83644, 159.092, 0.00291279, 110.38, 0.00227246, -159.618, 0.00147304, 42.1967
1737, 28.94167, 1.00046, -105.702, 5.77928, -36.6471, 4.84172, 159.082, 0.00291712, 110.248, 0.00228072, -159.523, 0.0014798, 42.2707
1737, 28.95000, 1.00043, -105.814, 5.78573, -36.6575, 4.847, 159.073, 0.00292147, 110.117, 0.002289, -159.428, 0.00148658, 42.3442
1738, 28.95833, 1.0004, -105.926, 5.79219, -36.668, 4.85229, 159.064, 0.00292581, 109.985, 0.00229731, -159.334, 0.00149337, 42.417
1738, 28.96667, 1.00037, -106.038, 5.79866, -36.6784, 4.85757, 159.055, 0.00293016, 109.853, 0.00230565, -159.24, 0.00150018, 42.4893
1739, 28.97500, 1.00034, -106.15, 5.80515, -36.6889, 4.86287, 159.045, 0.00293452, 109.721, 0.00231402, -159.147, 0.001507, 42.561
1739, 28.98333, 1.0003, -106.262, 5.81164, -36.6994, 4.86816, 159.036, 0.00293887, 109.59, 0.00232241, -159.054, 0.00151383, 42.6321
1740, 28.99167, 1.00026, -106.373, 5.81815, -36.7099, 4.87346, 159.027, 0.00294323, 109.458, 0.00233084, -158.962, 0.00152068, 42.7027
1740, 29.00000, 1.00022, -106.485, 5.82466, -36.7204, 4.87876, 159.017, 0.00294759, 109.326, 0.00233929, -158.87, 0.00152755, 42.7727
1741, 29.00833, 1.00018, -106.597, 5.83119, -36.7308, 4.88406, 159.008, 0.00295196, 109.194, 0.00234777, -158.779, 0.00153443, 42.8422
1741, 29.01667, 1.00013, -106.709, 5.83773, -36.7413, 4.88937, 158.998, 0.00295633, 109.063, 0.00235627, -158.689, 0.00154132, 42.9111
1742, 29.02500, 1.00009, -106.82, 5.84429, -36.7518, 4.89468, 158.989, 0.0029607, 108.931, 0.00236481, -158.599, 0.00154823, 42.9795
1742, 29.03333, 1.00004, -106.932, 5.85085, -36.7623, 4.9, 158.98, 0.00296508, 108.799, 0.00237337, -158.509, 0.00155515, 43.0474
1743, 29.04167, 0.999987, -107.044, 5.85742, -36.7729, 4.90531, 158.97, 0.00296946, 108.668, 0.00238196, -158.42, 0.00156209, 43.1148
1743, 29.05000, 0.999933, -107.155, 5.86401, -36.7834, 4.91063, 158.961, 0.00297385, 108.536, 0.00239058, -158.331, 0.00156904, 43.1816
1744, 29.05833, 0.999877, -107.267, 5.87061, -36.7939, 4.91596, 158.951, 0.00297823, 108.404, 0.00239923, -158.243, 0.00157601, 43.2479
1744, 29.06667, 0.999819, -107.379, 5.87722, -36.8044, 4.92128, 158.942, 0.00298263, 108.273, 0.0024079, -158.156, 0.00158299, 43.3137
1745, 29.07500, 0.999759, -107.49, 5.88384, -36.815, 4.92661, 158.932, 0.00298702, 108.141, 0.00241661, -158.069, 0.00158999, 43.379
1745, 29.08333, 0.999696, -107.602, 5.89048, -36.8255, 4.93195, 158.923, 0.00299142, 108.009, 0.00242534, -157.982, 0.001597, 43.4438
1746, 29.09167, 0.999632, -107.713, 5.89712, -36.8361, 4.93728, 158.913, 0.00299582, 107.878, 0.0024341, -157.896, 0.00160402, 43.5081
1746, 29.10000, 0.999565, -107.824, 5.90378, -36.8466, 4.94262, 158.904, 0.00300023, 107.746, 0.00244289, -157.81, 0.00161106, 43.5719
1747, 29.10833, 0.999496, -107.936, 5.91045, -36.8572, 4.94796, 158.894, 0.00300464, 107.615, 0.0024517, -157.725, 0.00161812, 43.6353
1747, 29.11667, 0.999425, -108.047, 5.91713, -36.8678, 4.95331, 158.885, 0.00300905, 107.483, 0.00246055, -157.641, 0.00162519, 43.6981
1748, 29.12500, 0.999352, -108.159, 5.92382, -36.8783, 4.95866, 158.875, 0.00301347, 107.352, 0.00246942, -157.557, 0.00163227, 43.7605
1748, 29.13333, 0.999277, -108.27, 5.93053, -36.8889, 4.96401, 158.865, 0.00301789, 107.22, 0.00247832, -157.473, 0.00163937, 43.8224
1749, 29.14167, 0.999199, -108.381, 5.93725, -36.8995, 4.96937, 158.856, 0.00302232, 107.089, 0.00248725, -157.39, 0.00164648, 43.8839
1749, 29.15000, 0.99912, -108.492, 5.94398, -36.9101, 4.97473, 158.846, 0.00302674, 106.957, 0.00249621, -157.307, 0.00165361, 43.9449
1750, 29.15833, 0.999038, -108.603, 5.95072, -36.9207, 4.98009, 158.837, 0.00303118, 106.826, 0.0025052, -157.225, 0.00166075, 44.0054
1750, 29.16667, 0.998955, -108.715, 5.95748, -36.9313, 4.98545, 158.827, 0.00303561, 106.694, 0.00251421, -157.143, 0.00166791, 44.0655
1751, 29.17500, 0.998869, -108.826, 5.96424, -36.942, 4.99082, 158.817, 0.00304005, 106.563, 0.00252326, -157.062, 0.00167508, 44.1251
1751, 29.18333, 0.998781, -108.937, 5.97102, -36.9526, 4.99619, 158.808, 0.0030445, 106.431, 0.00253233, -156.981, 0.00168227, 44.1843
1752, 29.19167, 0.998691, -109.048, 5.97782, -36.9633, 5.00157, 158.798, 0.00304895, 106.3, 0.00254143, -156.901, 0.00168947, 44.2431
1752, 29.20000, 0.998599, -109.159, 5.98462, -36.9739, 5.00694, 158.788, 0.0030534, 106.168, 0.00255056, -156.821, 0.00169668, 44.3014
1753, 29.20833, 0.998505, -109.27, 5.99144, -36.9846, 5.01232, 158.779, 0.00305785, 106.037, 0.00255972, -156.741, 0.00170391, 44.3593
1753, 29.21667, 0.998409, -109.38, 5.99827, -36.9953, 5.01771, 158.769, 0.00306232, 105.906, 0.00256891, -156.662, 0.00171116, 44.4168
1754, 29.22500, 0.998311, -109.491, 6.00511, -37.006, 5.0231, 158.759, 0.00306678, 105.774, 0.00257813, -156.584, 0.00171842, 44.4738
1754, 29.23333, 0.998211, -109.602, 6.01196, -37.0167, 5.02849, 158.749, 0.00307125, 105.643, 0.00258737, -156.506, 0.00172569, 44.5305
1755, 29.24167, 0.998109, -109.713, 6.01883, -37.0274, 5.03388, 158.74, 0.00307572, 105.512, 0.00259665, -156.428, 0.00173298, 44.5867
1755, 29.25000, 0.998005, -109.824, 6.02571, -37.0381, 5.03928, 158.73, 0.0030802, 105.38, 0.00260595, -156.351, 0.00174028, 44.6425
1756, 29.25833, 0.997899, -109.934, 6.03261, -37.0488, 5.04468, 158.72, 0.00308468, 105.249, 0.00261528, -156.274, 0.0017476, 44.6979
1756, 29.26667, 0.99779, -110.045, 6.03951, -37.0596, 5.05008, 158.71, 0.00308916, 105.118, 0.00262465, -156.198, 0.00175493, 44.7529
1757, 29.27500, 0.99768, -110.156, 6.04643, -37.0703, 5.05549, 158.7, 0.00309365, 104.987, 0.00263404, -156.122, 0.00176228, 44.8076
1757, 29.28333, 0.997568, -110.266, 6.05337, -37.0811, 5.0609, 158.691, 0.00309815, 104.856, 0.00264346, -156.047, 0.00176964, 44.8618
1758, 29.29167, 0.997454, -110.377, 6.06031, -37.0919, 5.06631, 158.681, 0.00310264, 104.724, 0.00265291, -155.972, 0.00177702, 44.9156
1758, 29.30000, 0.997338, -110.487, 6.06727, -37.1026, 5.07173, 158.671, 0.00310715, 104.593, 0.00266239, -155.897, 0.00178441, 44.9691
1759, 29.30833, 0.997219, -110.598, 6.07424, -37.1134, 5.07715, 158.661, 0.00311165, 104.462, 0.00267189, -155.823, 0.00179182, 45.0221
1759, 29.31667, 0.997099, -110.708, 6.08123, -37.1243, 5.08257, 158.651, 0.00311616, 104.331, 0.00268143, -155.75, 0.00179924, 45.0748
1760, 29.32500, 0.996977, -110.818, 6.08823, -37.1351, 5.088, 158.641, 0.00312068, 104.2, 0.002691, -155.677, 0.00180668, 45.1272
1760, 29.33333, 0.996853, -110.929, 6.09524, -37.1459, 5.09343, 158.631, 0.0031252, 104.069, 0.0027006, -155.604, 0.00181413, 45.1791
1761, 29.34167, 0.996727, -111.039, 6.10227, -37.1568, 5.09886, 158.622, 0.00312972, 103.938, 0.00271022, -155.531, 0.00182159, 45.2307
1761, 29.35000, 0.9966, -111.149, 6.1093, -37.1676, 5.1043, 158.612, 0.00313425, 103.807, 0.00271988, -155.46, 0.00182907, 45.2819
1762, 29.35833, 0.99647, -111.259, 6.11636, -37.1785, 5.10974, 158.602, 0.00313878, 103.676, 0.00272956, -155.388, 0.00183657, 45.3328
1762, 29.36667, 0.996338, -111.369, 6.12342, -37.1894, 5.11518, 158.592, 0.00314332, 103.545, 0.00273928, -155.317, 0.00184408, 45.3833
1763, 29.37500, 0.996204, -111.479, 6.1305, -37.2003, 5.12063, 158.582, 0.00314786, 103.414, 0.00274902, -155.246, 0.0018516, 45.4334
1763, 29.38333, 0.996069, -111.59, 6.1376, -37.2113, 5.12608, 158.572, 0.00315241, 103.283, 0.0027588, -155.176, 0.00185914, 45.4832
1764, 29.39167, 0.995932, -111.7, 6.1447, -37.2222, 5.13153, 158.562, 0.00315696, 103.152, 0.0027686, -155.106, 0.0018667, 45.5327
1764, 29.40000, 0.995792, -111.81, 6.15182, -37.2332, 5.13699, 158.552, 0.00316151, 103.021, 0.00277844, -155.037, 0.00187427, 45.5818
1765, 29.40833, 0.995651, -111.919, 6.15896, -37.2441, 5.14244, 158.542, 0.00316607, 102.89, 0.0027883, -154.968, 0.00188185, 45.6305
1765, 29.41667, 0.995508, -112.029, 6.16611, -37.2551, 5.14791, 158.532, 0.00317064, 102.759, 0.00279819, -154.9, 0.00188945, 45.679
1766, 29.42500, 0.995363, -112.139, 6.17327, -37.2661, 5.15337, 158.522, 0.00317521, 102.629, 0.00280812, -154.831, 0.00189706, 45.7271
1766, 29.43333, 0.995217, -112.249, 6.18044, -37.2771, 5.15884, 158.512, 0.00317978, 102.498, 0.00281807, -154.764, 0.00190469, 45.7748
1767, 29.44167, 0.995068, -112.359, 6.18763, -37.2882, 5.16432, 158.502, 0.00318436, 102.367, 0.00282806, -154.696, 0.00191234, 45.8223
1767, 29.45000, 0.994918, -112.468, 6.19484, -37.2992, 5.16979, 158.492, 0.00318895, 102.236, 0.00283807, -154.629, 0.00192, 45.8694
1768, 29.45833, 0.994765, -112.578, 6.20206, -37.3103, 5.17527, 158.482, 0.00319353, 102.106, 0.00284811, -154.563, 0.00192767, 45.9162
1768, 29.46667, 0.994611, -112.688, 6.20929, -37.3214, 5.18076, 158.472, 0.00319813, 101.975, 0.00285819, -154.497, 0.00193536, 45.9627
1769, 29.47500, 0.994456, -112.797, 6.21654, -37.3325, 5.18624, 158.462, 0.00320273, 101.844, 0.0028683, -154.431, 0.00194306, 46.0088
1769, 29.48333, 0.994298, -112.907, 6.2238, -37.3436, 5.19173, 158.452, 0.00320733, 101.714, 0.00287843, -154.366, 0.00195078, 46.0547
1770, 29.49167, 0.994138, -113.016, 6.23107, -37.3547, 5.19722, 158.442, 0.00321194, 101.583, 0.0028886, -154.301, 0.00195852, 46.1002
1770, 29.50000, 0.993977, -113.126, 6.23836, -37.3659, 5.20272, 158.432, 0.00321655, 101.453, 0.00289879, -154.236, 0.00196626, 46.1455
1771, 29.50833, 0.993814, -113.235, 6.24567, -37.377, 5.20822, 158.422, 0.00322117, 101.322, 0.00290902, -154.172, 0.00197403, 46.1904
1771, 29.51667, 0.993649, -113.344, 6.25299, -37.3882, 5.21372, 158.412, 0.00322579, 101.192, 0.00291928, -154.108, 0.00198181, 46.235
1772, 29.52500, 0.993483, -113.453, 6.26032, -37.3994, 5.21923, 158.402, 0.00323042, 101.061, 0.00292957, -154.045, 0.0019896, 46.2794
1772, 29.53333, 0.993315, -113.563, 6.26767, -37.4107, 5.22474, 158.392, 0.00323506, 100.931, 0.00293989, -153.982, 0.00199741, 46.3234
1773, 29.54167, 0.993145, -113.672, 6.27503, -37.4219, 5.23026, 158.382, 0.0032397, 100.8, 0.00295024, -153.92, 0.00200524, 46.3671
1773, 29.55000, 0.992973, -113.781, 6.28241, -37.4332, 5.23577, 158.372, 0.00324434, 100.67, 0.00296062, -153.857, 0.00201308, 46.4106
1774, 29.55833, 0.992799, -113.89, 6.2898, -37.4445, 5.24129, 158.362, 0.00324899, 100.54, 0.00297103, -153.796, 0.00202093, 46.4538
1774, 29.56667, 0.992624, -113.999, 6.2972, -37.4558, 5.24682, 158.352, 0.00325365, 100.409, 0.00298147, -153.734, 0.0020288, 46.4966
1775, 29.57500, 0.992447, -114.108, 6.30463, -37.4671, 5.25234, 158.342, 0.00325831, 100.279, 0.00299195, -153.673, 0.00203669, 46.5392
1775, 29.58333, 0.992269, -114.217, 6.31206, -37.4784, 5.25787, 158.332, 0.00326297, 100.149, 0.00300245, -153.612, 0.00204459, 46.5816
1776, 29.59167, 0.992088, -114.326, 6.31951, -37.4898, 5.26341, 158.322, 0.00326764, 100.018, 0.00301299, -153.552, 0.0020525, 46.6236
1776, 29.60000, 0.991906, -114.435, 6.32698, -37.5012, 5.26895, 158.311, 0.00327232, 99.8882, 0.00302356, -153.492, 0.00206043, 46.6654
1777, 29.60833, 0.991723, -114.544, 6.33446, -37.5126, 5.27449, 158.301, 0.003277, 99.758, 0.00303415, -153.433, 0.00206838, 46.7069
1777, 29.61667, 0.991537, -114.652, 6.34196, -37.524, 5.28003, 158.291, 0.00328169, 99.6278, 0.00304479, -153.373, 0.00207634, 46.7481
1778, 29.62500, 0.99135, -114.761, 6.34947, -37.5355, 5.28558, 158.281, 0.00328638, 99.4977, 0.00305545, -153.315, 0.00208432, 46.789
1778, 29.63333, 0.991162, -114.87, 6.357, -37.5469, 5.29113, 158.271, 0.00329108, 99.3677, 0.00306614, -153.256, 0.00209231, 46.8297
1779, 29.64167, 0.990971, -114.978, 6.36454, -37.5584, 5.29669, 158.261, 0.00329578, 99.2376, 0.00307686, -153.198, 0.00210032, 46.8702
1779, 29.65000, 0.99078, -115.087, 6.3721, -37.57, 5.30225, 158.251, 0.00330049, 99.1076, 0.00308762, -153.14, 0.00210834, 46.9103
1780, 29.65833, 0.990586, -115.195, 6.37967, -37.5815, 5.30781, 158.241, 0.00330521, 98.9776, 0.00309841, -153.083, 0.00211638, 46.9502
1780, 29.66667, 0.990391, -115.304, 6.38726, -37.5931, 5.31338, 158.231, 0.00330993, 98.8476, 0.00310923, -153.026, 0.00212443, 46.9899
1781, 29.67500, 0.990194, -115.412, 6.39486, -37.6046, 5.31895, 158.221, 0.00331465, 98.7177, 0.00312008, -152.969, 0.0021325, 47.0293
1781, 29.68333, 0.989996, -115.521, 6.40248, -37.6162, 5.32452, 158.21, 0.00331939, 98.5878, 0.00313096, -152.913, 0.00214058, 47.0685
1782, 29.69167, 0.989796, -115.629, 6.41012, -37.6279, 5.3301, 158.2, 0.00332413, 98.4579, 0.00314188, -152.857, 0.00214869, 47.1074
1782, 29.70000, 0.989594, -115.737, 6.41777, -37.6395, 5.33568, 158.19, 0.00332887, 98.3281, 0.00315282, -152.801, 0.0021568, 47.146
1783, 29.70833, 0.989391, -115.845, 6.42544, -37.6512, 5.34126, 158.18, 0.00333362, 98.1983, 0.0031638, -152.746, 0.00216493, 47.1844
1783, 29.71667, 0.989186, -115.954, 6.43312, -37.6629, 5.34685, 158.17, 0.00333838, 98.0686, 0.00317481, -152.691, 0.00217308, 47.2226
1784, 29.72500, 0.98898, -116.062, 6.44082, -37.6747, 5.35244, 158.16, 0.00334314, 97.9388, 0.00318586, -152.637, 0.00218124, 47.2605
1784, 29.73333, 0.988772, -116.17, 6.44853, -37.6864, 5.35803, 158.15, 0.00334791, 97.8092, 0.00319693, -152.583, 0.00218942, 47.2982
1785, 29.74167, 0.988563, -116.278, 6.45626, -37.6982, 5.36363, 158.14, 0.00335268, 97.6795, 0.00320804, -152.529, 0.00219761, 47.3357
1785, 29.75000, 0.988352, -116.386, 6.46401, -37.71, 5.36924, 158.13, 0.00335746, 97.5499, 0.00321918, -152.475, 0.00220582, 47.3729
1786, 29.75833, 0.98814, -116.494, 6.47177, -37.7218, 5.37484, 158.119, 0.00336225, 97.4203, 0.00323035, -152.422, 0.00221405, 47.4099
1786, 29.76667, 0.987926, -116.602, 6.47955, -37.7337, 5.38045, 158.109, 0.00336704, 97.2907, 0.00324156, -152.369, 0.00222229, 47.4467
1787, 29.77500, 0.987711, -116.709, 6.48734, -37.7456, 5.38606, 158.099, 0.00337184, 97.1612, 0.00325279, -152.317, 0.00223054, 47.4832
1787, 29.78333, 0.987494, -116.817, 6.49515, -37.7575, 5.39168, 158.089, 0.00337664, 97.0317, 0.00326406, -152.265, 0.00223881, 47.5195
1788, 29.79167, 0.987275, -116.925, 6.50298, -37.7694, 5.3973, 158.079, 0.00338146, 96.9022, 0.00327537, -152.213, 0.0022471, 47.5556
1788, 29.80000, 0.987056, -117.033, 6.51082, -37.7814, 5.40293, 158.069, 0.00338627, 96.7728, 0.0032867, -152.162, 0.00225541, 47.5914
1789, 29.80833, 0.986834, -117.14, 6.51868, -37.7934, 5.40855, 158.059, 0.0033911, 96.6434, 0.00329807, -152.111, 0.00226373, 47.6271
1789, 29.81667, 0.986612, -117.248, 6.52656, -37.8054, 5.41419, 158.049, 0.00339593, 96.514, 0.00330947, -152.06, 0.00227206, 47.6625
1790, 29.82500, 0.986387, -117.355, 6.53445, -37.8174, 5.41982, 158.038, 0.00340077, 96.3847, 0.00332091, -152.009, 0.00228041, 47.6977
1790, 29.83333, 0.986162, -117.463, 6.54236, -37.8295, 5.42546, 158.028, 0.00340561, 96.2554, 0.00333237, -151.959, 0.00228878, 47.7327
1791, 29.84167, 0.985935, -117.57, 6.55029, -37.8416, 5.4311, 158.018, 0.00341046, 96.1261, 0.00334388, -151.909, 0.00229716, 47.7675
1791, 29.85000, 0.985706, -117.678, 6.55823, -37.8537, 5.43675, 158.008, 0.00341532, 95.9969, 0.00335541, -151.86, 0.00230556, 47.8021
1792, 29.85833, 0.985476, -117.785, 6.56619, -37.8659, 5.4424, 157.998, 0.00342018, 95.8677, 0.00336698, -151.811, 0.00231398, 47.8364
1792, 29.86667, 0.985245, -117.892, 6.57416, -37.8781, 5.44806, 157.988, 0.00342505, 95.7386, 0.00337858, -151.762, 0.00232241, 47.8706
1793, 29.87500, 0.985012, -117.999, 6.58215, -37.8903, 5.45371, 157.978, 0.00342993, 95.6095, 0.00339021, -151.714, 0.00233085, 47.9045
1793, 29.88333, 0.984778, -118.107, 6.59016, -37.9025, 5.45938, 157.968, 0.00343481, 95.4804, 0.00340188, -151.665, 0.00233932, 47.9383
1794, 29.89167, 0.984543, -118.214, 6.59819, -37.9148, 5.46504, 157.958, 0.0034397, 95.3513, 0.00341358, -151.618, 0.0023478, 47.9718
1794, 29.90000, 0.984306, -118.321, 6.60623, -37.9271, 5.47071, 157.948, 0.0034446, 95.2223, 0.00342531, -151.57, 0.00235629, 48.0052
1795, 29.90833, 0.984068, -118.428, 6.61429, -37.9395, 5.47639, 157.937, 0.00344951, 95.0933, 0.00343708, -151.523, 0.0023648, 48.0383
1795, 29.91667, 0.983828, -118.535, 6.62237, -37.9518, 5.48207, 157.927, 0.00345442, 94.9644, 0.00344888, -151.476, 0.00237333, 48.0713
1796, 29.92500, 0.983587, -118.642, 6.63047, -37.9642, 5.48775, 157.917, 0.00345934, 94.8355, 0.00346072, -151.43, 0.00238187, 48.104
1796, 29.93333, 0.983345, -118.749, 6.63858, -37.9767, 5.49343, 157.907, 0.00346426, 94.7066, 0.00347259, -151.383, 0.00239043, 48.1366
1797, 29.94167, 0.983101, -118.856, 6.64671, -37.9891, 5.49912, 157.897, 0.00346919, 94.5778, 0.00348449, -151.337, 0.00239901, 48.169
1797, 29.95000, 0.982857, -118.962, 6.65486, -38.0016, 5.50482, 157.887, 0.00347413, 94.449, 0.00349643, -151.292, 0.0024076, 48.2011
1798, 29.95833, 0.98261, -119.069, 6.66302, -38.0142, 5.51051, 157.877, 0.00347908, 94.3202, 0.0035084, -151.247, 0.00241621, 48.2331
1798, 29.96667, 0.982363, -119.176, 6.6712, -38.0267, 5.51621, 157.867, 0.00348404, 94.1915, 0.00352041, -151.202, 0.00242484, 48.2649
1799, 29.97500, 0.982114, -119.282, 6.6794, -38.0393, 5.52192, 157.857, 0.003489, 94.0628, 0.00353245, -151.157, 0.00243348, 48.2966
1799, 29.98333, 0.981864, -119.389, 6.68762, -38.0519, 5.52763, 157.847, 0.00349397, 93.9341, 0.00354453, -151.112, 0.00244214, 48.328
1800, 29.99167, 0.981613, -119.496, 6.69585, -38.0646, 5.53334, 157.837, 0.00349894, 93.8055, 0.00355664, -151.068, 0.00245081, 48.3593
1800, 30.00000, 0.98136, -119.602, 6.7041, -38.0773, 5.53906, 157.827, 0.00350393, 93.6769, 0.00356878, -151.025, 0.0024595, 48.3903
1801, 30.00833, 0.981106, -119.708, 6.71237, -38.09, 5.54478, 157.817, 0.00350892, 93.5484, 0.00358096, -150.981, 0.00246821, 48.4212
1801, 30.01667, 0.980851, -119.815, 6.72066, -38.1028, 5.55051, 157.807, 0.00351392, 93.4198, 0.00359317, -150.938, 0.00247693, 48.4519
1802, 30.02500, 0.980595, -119.921, 6.72897, -38.1156, 5.55624, 157.797, 0.00351892, 93.2914, 0.00360542, -150.895, 0.00248567, 48.4825
1802, 30.03333, 0.980338, -120.027, 6.73729, -38.1284, 5.56197, 157.787, 0.00352394, 93.1629, 0.00361771, -150.853, 0.00249443, 48.5129
1803, 30.04167, 0.980079, -120.134, 6.74563, -38.1413, 5.56771, 157.777, 0.00352896, 93.0345, 0.00363003, -150.81, 0.0025032, 48.543
1803, 30.05000, 0.979819, -120.24, 6.75399, -38.1542, 5.57345, 157.767, 0.00353399, 92.9061, 0.00364238, -150.769, 0.00251199, 48.5731
1804, 30.05833, 0.979558, -120.346, 6.76237, -38.1671, 5.5792, 157.757, 0.00353903, 92.7778, 0.00365477, -150.727, 0.0025208, 48.6029
1804, 30.06667, 0.979295, -120.452, 6.77076, -38.1801, 5.58495, 157.747, 0.00354407, 92.6495, 0.00366719, -150.686, 0.00252962, 48.6326
1805, 30.07500, 0.979032, -120.558, 6.77918, -38.1931, 5.5907, 157.737, 0.00354912, 92.5212, 0.00367965, -150.645, 0.00253846, 48.6621
1805, 30.08333, 0.978767, -120.664, 6.78761, -38.2061, 5.59646, 157.727, 0.00355418, 92.393, 0.00369214, -150.604, 0.00254732, 48.6915
1806, 30.09167, 0.978501, -120.77, 6.79606, -38.2192, 5.60222, 157.717, 0.00355925, 92.2648, 0.00370468, -150.563, 0.0025562, 48.7207
1806, 30.10000, 0.978234, -120.876, 6.80453, -38.2323, 5.60799, 157.707, 0.00356433, 92.1367, 0.00371724, -150.523, 0.00256509, 48.7497
1807, 30.10833, 0.977966, -120.982, 6.81301, -38.2454, 5.61376, 157.697, 0.00356942, 92.0085, 0.00372984, -150.483, 0.00257399, 48.7785
1807, 30.11667, 0.977697, -121.088, 6.82152, -38.2586, 5.61954, 157.687, 0.00357451, 91.8804, 0.00374248, -150.444, 0.00258292, 48.8073
1808, 30.12500, 0.977426, -121.193, 6.83005, -38.2719, 5.62532, 157.677, 0.00357961, 91.7524, 0.00375515, -150.404, 0.00259186, 48.8358
1808, 30.13333, 0.977154, -121.299, 6.83859, -38.2851, 5.6311, 157.667, 0.00358472, 91.6244, 0.00376786, -150.365, 0.00260082, 48.8642
1809, 30.14167, 0.976882, -121.405, 6.84715, -38.2984, 5.63689, 157.657, 0.00358984, 91.4964, 0.00378061, -150.327, 0.0026098, 48.8924
1809, 30.15000, 0.976608, -121.51, 6.85573, -38.3118, 5.64268, 157.647, 0.00359496, 91.3685, 0.00379339, -150.288, 0.00261879, 48.9205
1810, 30.15833, 0.976333, -121.616, 6.86433, -38.3252, 5.64848, 157.637, 0.0036001, 91.2406, 0.0038062, -150.25, 0.0026278, 48.9484
1810, 30.16667, 0.976057, -121.721, 6.87295, -38.3386, 5.65428, 157.627, 0.00360524, 91.1127, 0.00381906, -150.212, 0.00263683, 48.9762
1811, 30.17500, 0.97578, -121.827, 6.88158, -38.352, 5.66009, 157.617, 0.00361039, 90.9848, 0.00383195, -150.175, 0.00264587, 49.0038
1811, 30.18333, 0.975502, -121.932, 6.89024, -38.3655, 5.6659, 157.607, 0.00361555, 90.857, 0.00384487, -150.137, 0.00265493, 49.0312
1812, 30.19167, 0.975223, -122.038, 6.89892, -38.3791, 5.67171, 157.598, 0.00362072, 90.7293, 0.00385784, -150.1, 0.00266401, 49.0586
1812, 30.20000, 0.974943, -122.143, 6.90761, -38.3926, 5.67753, 157.588, 0.0036259, 90.6016, 0.00387084, -150.063, 0.00267311, 49.0857
1813, 30.20833, 0.974661, -122.248, 6.91632, -38.4063, 5.68336, 157.578, 0.00363109, 90.4739, 0.00388387, -150.027, 0.00268222, 49.1127
1813, 30.21667, 0.974379, -122.354, 6.92506, -38.4199, 5.68918, 157.568, 0.00363628, 90.3462, 0.00389695, -149.991, 0.00269135, 49.1396
1814, 30.22500, 0.974096, -122.459, 6.93381, -38.4336, 5.69502, 157.558, 0.00364148, 90.2186, 0.00391006, -149.955, 0.0027005, 49.1664
1814, 30.23333, 0.973811, -122.564, 6.94258, -38.4474, 5.70085, 157.548, 0.0036467, 90.091, 0.0039232, -149.919, 0.00270966, 49.1929
1815, 30.24167, 0.973526, -122.669, 6.95137, -38.4611, 5.7067, 157.539, 0.00365192, 89.9634, 0.00393639, -149.884, 0.00271885, 49.2194
1815, 30.25000, 0.973239, -122.774, 6.96018, -38.475, 5.71254, 157.529, 0.00365715, 89.8359, 0.00394961, -149.849, 0.00272805, 49.2457
1816, 30.25833, 0.972952, -122.879, 6.96901, -38.4888, 5.71839, 157.519, 0.00366239, 89.7084, 0.00396287, -149.814, 0.00273727, 49.2719
1816, 30.26667, 0.972664, -122.984, 6.97786, -38.5027, 5.72425, 157.509, 0.00366764, 89.581, 0.00397616, -149.779, 0.0027465, 49.2979
1817, 30.27500, 0.972374, -123.089, 6.98673, -38.5167, 5.73011, 157.499, 0.0036729, 89.4536, 0.0039895, -149.745, 0.00275575, 49.3238
1817, 30.28333, 0.972084, -123.194, 6.99562, -38.5307, 5.73597, 157.49, 0.00367816, 89.3262, 0.00400287, -149.711, 0.00276503, 49.3495
1818, 30.29167, 0.971793, -123.299, 7.00453, -38.5447, 5.74184, 157.48, 0.00368344, 89.1989, 0.00401628, -149.677, 0.00277431, 49.3752
1818, 30.30000, 0.971501, -123.403, 7.01345, -38.5588, 5.74771, 157.47, 0.00368872, 89.0716, 0.00402972, -149.644, 0.00278362, 49.4006
1819, 30.30833, 0.971208, -123.508, 7.0224, -38.5729, 5.75359, 157.46, 0.00369402, 88.9443, 0.00404321, -149.611, 0.00279294, 49.426
1819, 30.31667, 0.970913, -123.613, 7.03137, -38.5871, 5.75947, 157.451, 0.00369932, 88.817, 0.00405673, -149.578, 0.00280229, 49.4512
1820, 30.32500, 0.970619, -123.717, 7.04036, -38.6013, 5.76536, 157.441, 0.00370464, 88.6898, 0.00407029, -149.545, 0.00281165, 49.4763
1820, 30.33333, 0.970323, -123.822, 7.04937, -38.6156, 5.77125, 157.431, 0.00370996, 88.5627, 0.00408389, -149.513, 0.00282102, 49.5013
1821, 30.34167, 0.970026, -123.927, 7.0584, -38.6299, 5.77715, 157.422, 0.0037153, 88.4355, 0.00409752, -149.48, 0.00283042, 49.5261
1821, 30.35000, 0.969728, -124.031, 7.06744, -38.6442, 5.78305, 157.412, 0.00372064, 88.3084, 0.0041112, -149.449, 0.00283983, 49.5508
1822, 30.35833, 0.969429, -124.136, 7.07651, -38.6586, 5.78896, 157.402, 0.00372599, 88.1814, 0.00412491, -149.417, 0.00284927, 49.5754
1822, 30.36667, 0.96913, -124.24, 7.0856, -38.6731, 5.79487, 157.393, 0.00373135, 88.0543, 0.00413866, -149.386, 0.00285872, 49.5998
1823, 30.37500, 0.96883, -124.344, 7.09471, -38.6875, 5.80079, 157.383, 0.00373673, 87.9274, 0.00415245, -149.354, 0.00286818, 49.6242
1823, 30.38333, 0.968529, -124.449, 7.10384, -38.7021, 5.80671, 157.373, 0.00374211, 87.8004, 0.00416628, -149.324, 0.00287767, 49.6484
1824, 30.39167, 0.968226, -124.553, 7.11299, -38.7167, 5.81264, 157.364, 0.0037475, 87.6734, 0.00418015, -149.293, 0.00288717, 49.6725
1824, 30.40000, 0.967923, -124.657, 7.12216, -38.7313, 5.81857, 157.354, 0.0037529, 87.5466, 0.00419406, -149.263, 0.0028967, 49.6964
1825, 30.40833, 0.96762, -124.762, 7.13136, -38.746, 5.8245, 157.345, 0.00375832, 87.4197, 0.004208, -149.233, 0.00290624, 49.7203
1825, 30.41667, 0.967315, -124.866, 7.14057, -38.7607, 5.83044, 157.335, 0.00376374, 87.2929, 0.00422199, -149.203, 0.0029158, 49.744
1826, 30.42500, 0.96701, -124.97, 7.1498, -38.7754, 5.83639, 157.326, 0.00376917, 87.1661, 0.00423601, -149.173, 0.00292537, 49.7676
1826, 30.43333, 0.966704, -125.074, 7.15906, -38.7903, 5.84234, 157.316, 0.00377461, 87.0393, 0.00425008, -149.144, 0.00293497, 49.7911
1827, 30.44167, 0.966396, -125.178, 7.16833, -38.8051, 5.8483, 157.306, 0.00378007, 86.9126, 0.00426418, -149.115, 0.00294458, 49.8144
1827, 30.45000, 0.966089, -125.282, 7.17763, -38.82, 5.85426, 157.297, 0.00378553, 86.7859, 0.00427832, -149.086, 0.00295422, 49.8377
1828, 30.45833, 0.96578, -125.386, 7.18695, -38.835, 5.86022, 157.287, 0.00379101, 86.6592, 0.0042925, -149.057, 0.00296387, 49.8608
1828, 30.46667, 0.965471, -125.49, 7.19629, -38.85, 5.86619, 157.278, 0.00379649, 86.5326, 0.00430673, -149.029, 0.00297354, 49.8839
1829, 30.47500, 0.96516, -125.594, 7.20565, -38.8651, 5.87217, 157.269, 0.00380199, 86.406, 0.00432099, -149.001, 0.00298322, 49.9068
1829, 30.48333, 0.96485, -125.698, 7.21503, -38.8802, 5.87815, 157.259, 0.00380749, 86.2794, 0.00433529, -148.973, 0.00299293, 49.9296
1830, 30.49167, 0.964538, -125.801, 7.22443, -38.8953, 5.88414, 157.25, 0.00381301, 86.1529, 0.00434963, -148.946, 0.00300266, 49.9523
1830, 30.50000, 0.964225, -125.905, 7.23385, -38.9106, 5.89013, 157.24, 0.00381854, 86.0264, 0.00436402, -148.918, 0.0030124, 49.9748
1831, 30.50833, 0.963912, -126.009, 7.2433, -38.9258, 5.89612, 157.231, 0.00382407, 85.8999, 0.00437844, -148.891, 0.00302217, 49.9973
1831, 30.51667, 0.963598, -126.112, 7.25277, -38.9411, 5.90213, 157.221, 0.00382962, 85.7735, 0.0043929, -148.865, 0.00303195, 50.0197
1832, 30.52500, 0.963284, -126.216, 7.26225, -38.9565, 5.90813, 157.212, 0.00383518, 85.647, 0.00440741, -148.838, 0.00304175, 50.0419
1832, 30.53333, 0.962968, -126.32, 7.27176, -38.9719, 5.91415, 157.203, 0.00384076, 85.5207, 0.00442195, -148.812, 0.00305157, 50.0641
1833, 30.54167, 0.962652, -126.423, 7.2813, -38.9874, 5.92016, 157.193, 0.00384634, 85.3943, 0.00443654, -148.786, 0.00306141, 50.0861
1833, 30.55000, 0.962335, -126.527, 7.29085, -39.0029, 5.92619, 157.184, 0.00385193, 85.268, 0.00445116, -148.76, 0.00307127, 50.108
1834, 30.55833, 0.962018, -126.63, 7.30043, -39.0185, 5.93221, 157.175, 0.00385754, 85.1417, 0.00446583, -148.734, 0.00308114, 50.1299
1834, 30.56667, 0.9617, -126.734, 7.31002, -39.0341, 5.93825, 157.165, 0.00386315, 85.0155, 0.00448054, -148.709, 0.00309104, 50.1516
1835, 30.57500, 0.961381, -126.837, 7.31964, -39.0498, 5.94429, 157.156, 0.00386878, 84.8892, 0.00449529, -148.684, 0.00310096, 50.1732
1835, 30.58333, 0.961062, -126.941, 7.32928, -39.0655, 5.95033, 157.147, 0.00387442, 84.763, 0.00451008, -148.659, 0.00311089, 50.1948
1836, 30.59167, 0.960741, -127.044, 7.33895, -39.0813, 5.95638, 157.138, 0.00388007, 84.6369, 0.00452491, -148.634, 0.00312084, 50.2162
1836, 30.60000, 0.960421, -127.147, 7.34863, -39.0971, 5.96244, 157.128, 0.00388573, 84.5107, 0.00453978, -148.61, 0.00313082, 50.2375
1837, 30.60833, 0.960099, -127.25, 7.35834, -39.113, 5.9685, 157.119, 0.0038914, 84.3846, 0.0045547, -148.586, 0.00314081, 50.2587
1837, 30.61667, 0.959777, -127.354, 7.36807, -39.129, 5.97456, 157.11, 0.00389709, 84.2586, 0.00456966, -148.562, 0.00315082, 50.2798
1838, 30.62500, 0.959454, -127.457, 7.37782, -39.145, 5.98063, 157.101, 0.00390279, 84.1325, 0.00458465, -148.538, 0.00316085, 50.3009
1838, 30.63333, 0.959131, -127.56, 7.3876, -39.161, 5.98671, 157.092, 0.0039085, 84.0065, 0.00459969, -148.514, 0.0031709, 50.3218
1839, 30.64167, 0.958807, -127.663, 7.3974, -39.1772, 5.99279, 157.083, 0.00391422, 83.8805, 0.00461478, -148.491, 0.00318098, 50.3426
1839, 30.65000, 0.958482, -127.766, 7.40722, -39.1933, 5.99888, 157.074, 0.00391995, 83.7545, 0.0046299, -148.468, 0.00319107, 50.3634
1840, 30.65833, 0.958157, -127.869, 7.41706, -39.2096, 6.00498, 157.064, 0.00392569, 83.6286, 0.00464507, -148.445, 0.00320118, 50.384
1840, 30.66667, 0.957832, -127.972, 7.42693, -39.2258, 6.01108, 157.055, 0.00393145, 83.5027, 0.00466028, -148.423, 0.00321131, 50.4046
1841, 30.67500, 0.957505, -128.075, 7.43682, -39.2422, 6.01718, 157.046, 0.00393722, 83.3768, 0.00467553, -148.401, 0.00322146, 50.425
1841, 30.68333, 0.957178, -128.178, 7.44673, -39.2586, 6.02329, 157.037, 0.003943, 83.251, 0.00469083, -148.379, 0.00323162, 50.4454
1842, 30.69167, 0.956851, -128.281, 7.45666, -39.275, 6.02941, 157.028, 0.0039488, 83.1252, 0.00470617, -148.357, 0.00324181, 50.4657
1842, 30.70000, 0.956523, -128.384, 7.46662, -39.2915, 6.03553, 157.019, 0.0039546, 82.9994, 0.00472155, -148.335, 0.00325202, 50.4858
1843, 30.70833, 0.956194, -128.487, 7.4766, -39.3081, 6.04166, 157.01, 0.00396042, 82.8736, 0.00473697, -148.314, 0.00326225, 50.5059
1843, 30.71667, 0.955865, -128.59, 7.4866, -39.3247, 6.0478, 157.001, 0.00396625, 82.7479, 0.00475244, -148.293, 0.0032725, 50.5259
1844, 30.72500, 0.955535, -128.693, 7.49663, -39.3414, 6.05394, 156.992, 0.0039721, 82.6221, 0.00476795, -148.272, 0.00328277, 50.5458
1844, 30.73333, 0.955205, -128.795, 7.50668, -39.3582, 6.06008, 156.984, 0.00397795, 82.4965, 0.00478351, -148.251, 0.00329306, 50.5657
1845, 30.74167, 0.954874, -128.898, 7.51676, -39.375, 6.06623, 156.975, 0.00398382, 82.3708, 0.00479911, -148.231, 0.00330337, 50.5854
1845, 30.75000, 0.954543, -129.001, 7.52685, -39.3918, 6.07239, 156.966, 0.0039897, 82.2452, 0.00481475, -148.21, 0.0033137, 50.6051
1846, 30.75833, 0.954211, -129.103, 7.53697, -39.4088, 6.07856, 156.957, 0.0039956, 82.1196, 0.00483043, -148.19, 0.00332405, 50.6246
1846, 30.76667, 0.953879, -129.206, 7.54712, -39.4257, 6.08473, 156.948, 0.00400151, 81.994, 0.00484616, -148.171, 0.00333442, 50.6441
1847, 30.77500, 0.953546, -129.309, 7.55729, -39.4428, 6.0909, 156.939, 0.00400743, 81.8684, 0.00486193, -148.151, 0.00334481, 50.6635
1847, 30.78333, 0.953213, -129.411, 7.56748, -39.4599, 6.09708, 156.93, 0.00401336, 81.7429, 0.00487775, -148.132, 0.00335522, 50.6828
1848, 30.79167, 0.952879, -129.514, 7.57769, -39.477, 6.10327, 156.922, 0.00401931, 81.6173, 0.00489361, -148.113, 0.00336566, 50.702
1848, 30.80000, 0.952545, -129.616, 7.58793, -39.4943, 6.10947, 156.913, 0.00402527, 81.4919, 0.00490952, -148.094, 0.00337611, 50.7212
1849, 30.80833, 0.95221, -129.719, 7.5982, -39.5116, 6.11567, 156.904, 0.00403124, 81.3664, 0.00492547, -148.075, 0.00338658, 50.7402
1849, 30.81667, 0.951875, -129.821, 7.60848, -39.5289, 6.12187, 156.896, 0.00403723, 81.241, 0.00494147, -148.057, 0.00339708, 50.7592
1850, 30.82500, 0.951539, -129.924, 7.6188, -39.5463, 6.12808, 156.887, 0.00404323, 81.1155, 0.00495751, -148.039, 0.00340759, 50.7781
1850, 30.83333, 0.951203, -130.026, 7.62913, -39.5638, 6.1343, 156.878, 0.00404924, 80.9902, 0.00497359, -148.021, 0.00341813, 50.7969
1851, 30.84167, 0.950867, -130.129, 7.63949, -39.5813, 6.14053, 156.87, 0.00405527, 80.8648, 0.00498973, -148.003, 0.00342868, 50.8157
1851, 30.85000, 0.95053, -130.231, 7.64988, -39.5989, 6.14676, 156.861, 0.00406131, 80.7394, 0.0050059, -147.985, 0.00343926, 50.8343
1852, 30.85833, 0.950193, -130.333, 7.66028, -39.6166, 6.153, 156.852, 0.00406737, 80.6141, 0.00502212, -147.968, 0.00344986, 50.8529
1852, 30.86667, 0.949855, -130.436, 7.67072, -39.6343, 6.15924, 156.844, 0.00407344, 80.4888, 0.00503839, -147.951, 0.00346048, 50.8714
1853, 30.87500, 0.949517, -130.538, 7.68118, -39.6521, 6.16549, 156.835, 0.00407952, 80.3635, 0.0050547, -147.934, 0.00347112, 50.8899
1853, 30.88333, 0.949178, -130.64, 7.69166, -39.67, 6.17175, 156.827, 0.00408562, 80.2383, 0.00507106, -147.917, 0.00348178, 50.9082
1854, 30.89167, 0.948839, -130.742, 7.70217, -39.6879, 6.17801, 156.818, 0.00409173, 80.113, 0.00508746, -147.901, 0.00349246, 50.9265
1854, 30.90000, 0.9485, -130.845, 7.7127, -39.7059, 6.18428, 156.81, 0.00409785, 79.9878, 0.00510391, -147.885, 0.00350317, 50.9447
1855, 30.90833, 0.94816, -130.947, 7.72325, -39.7239, 6.19056, 156.801, 0.00410399, 79.8626, 0.00512041, -147.868, 0.00351389, 50.9628
1855, 30.91667, 0.94782, -131.049, 7.73384, -39.742, 6.19684, 156.793, 0.00411015, 79.7374, 0.00513695, -147.853, 0.00352464, 50.9809
1856, 30.92500, 0.947479, -131.151, 7.74444, -39.7602, 6.20313, 156.784, 0.00411631, 79.6123, 0.00515354, -147.837, 0.00353541, 50.9989
1856, 30.93333, 0.947139, -131.253, 7.75507, -39.7785, 6.20943, 156.776, 0.0041225, 79.4871, 0.00517018, -147.822, 0.0035462, 51.0168
1857, 30.94167, 0.946797, -131.355, 7.76573, -39.7968, 6.21573, 156.768, 0.00412869, 79.362, 0.00518686, -147.807, 0.00355701, 51.0346
1857, 30.95000, 0.946456, -131.457, 7.77641, -39.8151, 6.22204, 156.759, 0.00413491, 79.2369, 0.00520359, -147.792, 0.00356784, 51.0524
1858, 30.95833, 0.946114, -131.56, 7.78712, -39.8336, 6.22835, 156.751, 0.00414113, 79.1118, 0.00522037, -147.777, 0.0035787, 51.0701
1858, 30.96667, 0.945772, -131.662, 7.79785, -39.8521, 6.23468, 156.743, 0.00414737, 78.9867, 0.00523719, -147.762, 0.00358957, 51.0877
1859, 30.97500, 0.945429, -131.764, 7.80861, -39.8707, 6.24101, 156.734, 0.00415363, 78.8617, 0.00525406, -147.748, 0.00360047, 51.1053
1859, 30.98333, 0.945086, -131.866, 7.8194, -39.8893, 6.24734, 156.726, 0.0041599, 78.7367, 0.00527098, -147.734, 0.00361139, 51.1227
1860, 30.99167, 0.944743, -131.968, 7.83021, -39.9081, 6.25369, 156.718, 0.00416619, 78.6116, 0.00528794, -147.72, 0.00362233, 51.1402
1860, 31.00000, 0.944399, -132.07, 7.84104, -39.9268, 6.26004, 156.71, 0.00417249, 78.4866, 0.00530496, -147.706, 0.0036333, 51.1575
1861, 31.00833, 0.944055, -132.172, 7.8519, -39.9457, 6.26639, 156.702, 0.0041788, 78.3617, 0.00532202, -147.693, 0.00364428, 51.1748
1861, 31.01667, 0.943711, -132.273, 7.86279, -39.9646, 6.27276, 156.693, 0.00418514, 78.2367, 0.00533913, -147.68, 0.00365529, 51.192
1862, 31.02500, 0.943367, -132.375, 7.8737, -39.9836, 6.27913, 156.685, 0.00419148, 78.1117, 0.00535629, -147.667, 0.00366632, 51.2091
1862, 31.03333, 0.943022, -132.477, 7.88464, -40.0027, 6.28551, 156.677, 0.00419785, 77.9868, 0.00537349, -147.654, 0.00367738, 51.2262
1863, 31.04167, 0.942677, -132.579, 7.89561, -40.0218, 6.29189, 156.669, 0.00420422, 77.8619, 0.00539075, -147.641, 0.00368845, 51.2432
1863, 31.05000, 0.942332, -132.681, 7.9066, -40.041, 6.29828, 156.661, 0.00421062, 77.737, 0.00540805, -147.629, 0.00369955, 51.2602
1864, 31.05833, 0.941986, -132.783, 7.91761, -40.0603, 6.30468, 156.653, 0.00421703, 77.6121, 0.0054254, -147.617, 0.00371067, 51.2771
1864, 31.06667, 0.94164, -132.885, 7.92866, -40.0797, 6.31109, 156.645, 0.00422345, 77.4872, 0.0054428, -147.604, 0.00372181, 51.2939
1865, 31.07500, 0.941294, -132.987, 7.93973, -40.0991, 6.3175, 156.637, 0.00422989, 77.3624, 0.00546025, -147.593, 0.00373298, 51.3107
1865, 31.08333, 0.940948, -133.089, 7.95083, -40.1186, 6.32392, 156.629, 0.00423635, 77.2375, 0.00547775, -147.581, 0.00374417, 51.3274
1866, 31.09167, 0.940602, -133.19, 7.96195, -40.1381, 6.33035, 156.621, 0.00424282, 77.1127, 0.0054953, -147.57, 0.00375538, 51.344
1866, 31.10000, 0.940255, -133.292, 7.9731, -40.1578, 6.33679, 156.614, 0.00424931, 76.9879, 0.00551289, -147.559, 0.00376661, 51.3606
1867, 31.10833, 0.939908, -133.394, 7.98428, -40.1775, 6.34323, 156.606, 0.00425582, 76.863, 0.00553054, -147.548, 0.00377787, 51.3771
1867, 31.11667, 0.93956, -133.496, 7.99548, -40.1973, 6.34968, 156.598, 0.00426234, 76.7382, 0.00554824, -147.537, 0.00378915, 51.3935
1868, 31.12500, 0.939213, -133.597, 8.00671, -40.2171, 6.35614, 156.59, 0.00426888, 76.6134, 0.00556598, -147.526, 0.00380045, 51.4099
1868, 31.13333, 0.938865, -133.699, 8.01797, -40.237, 6.3626, 156.582, 0.00427543, 76.4887, 0.00558378, -147.516, 0.00381177, 51.4263
1869, 31.14167, 0.938517, -133.801, 8.02925, -40.2571, 6.36907, 156.575, 0.004282, 76.3639, 0.00560163, -147.506, 0.00382312, 51.4425
1869, 31.15000, 0.938169, -133.903, 8.04056, -40.2771, 6.37555, 156.567, 0.00428859, 76.2391, 0.00561953, -147.496, 0.0038345, 51.4588
1870, 31.15833, 0.937821, -134.004, 8.0519, -40.2973, 6.38204, 156.559, 0.00429519, 76.1144, 0.00563747, -147.486, 0.00384589, 51.4749
1870, 31.16667, 0.937472, -134.106, 8.06327, -40.3175, 6.38854, 156.552, 0.00430181, 75.9897, 0.00565547, -147.477, 0.00385731, 51.491
1871, 31.17500, 0.937124, -134.208, 8.07466, -40.3378, 6.39504, 156.544, 0.00430845, 75.8649, 0.00567352, -147.467, 0.00386875, 51.5071
1871, 31.18333, 0.936775, -134.31, 8.08608, -40.3582, 6.40155, 156.536, 0.00431511, 75.7402, 0.00569162, -147.458, 0.00388022, 51.523
1872, 31.19167, 0.936426, -134.411, 8.09753, -40.3787, 6.40807, 156.529, 0.00432178, 75.6155, 0.00570978, -147.449, 0.00389171, 51.539
1872, 31.20000, 0.936077, -134.513, 8.10901, -40.3992, 6.41459, 156.521, 0.00432847, 75.4908, 0.00572798, -147.44, 0.00390322, 51.5548
1873, 31.20833, 0.935727, -134.615, 8.12051, -40.4198, 6.42113, 156.514, 0.00433517, 75.3661, 0.00574623, -147.432, 0.00391476, 51.5707
1873, 31.21667, 0.935378, -134.716, 8.13205, -40.4405, 6.42767, 156.506, 0.0043419, 75.2414, 0.00576454, -147.424, 0.00392632, 51.5864
1874, 31.22500, 0.935028, -134.818, 8.14361, -40.4613, 6.43422, 156.499, 0.00434864, 75.1167, 0.0057829, -147.415, 0.0039379, 51.6021
1874, 31.23333, 0.934678, -134.92, 8.15519, -40.4821, 6.44078, 156.491, 0.00435539, 74.992, 0.00580131, -147.407, 0.00394951, 51.6178
1875, 31.24167, 0.934328, -135.022, 8.16681, -40.503, 6.44734, 156.484, 0.00436217, 74.8673, 0.00581977, -147.4, 0.00396114, 51.6334
1875, 31.25000, 0.933978, -135.123, 8.17845, -40.524, 6.45391, 156.477, 0.00436897, 74.7427, 0.00583828, -147.392, 0.0039728, 51.6489
1876, 31.25833, 0.933628, -135.225, 8.19013, -40.5451, 6.4605, 156.469, 0.00437578, 74.618, 0.00585685, -147.385, 0.00398448, 51.6644
1876, 31.26667, 0.933278, -135.327, 8.20183, -40.5663, 6.46709, 156.462, 0.00438261, 74.4934, 0.00587547, -147.378, 0.00399618, 51.6799
1877, 31.27500, 0.932927, -135.428, 8.21356, -40.5875, 6.47368, 156.455, 0.00438945, 74.3687, 0.00589414, -147.371, 0.00400791, 51.6953
1877, 31.28333, 0.932577, -135.53, 8.22531, -40.6088, 6.48029, 156.448, 0.00439632, 74.244, 0.00591287, -147.364, 0.00401966, 51.7106
1878, 31.29167, 0.932226, -135.632, 8.2371, -40.6302, 6.4869, 156.44, 0.0044032, 74.1194, 0.00593165, -147.358, 0.00403144, 51.7259
1878, 31.30000, 0.931875, -135.733, 8.24891, -40.6517, 6.49353, 156.433, 0.0044101, 73.9948, 0.00595048, -147.351, 0.00404325, 51.7411
1879, 31.30833, 0.931524, -135.835, 8.26076, -40.6733, 6.50016, 156.426, 0.00441702, 73.8701, 0.00596936, -147.345, 0.00405507, 51.7563
1879, 31.31667, 0.931173, -135.937, 8.27263, -40.6949, 6.5068, 156.419, 0.00442396, 73.7455, 0.0059883, -147.339, 0.00406693, 51.7715
1880, 31.32500, 0.930822, -136.038, 8.28453, -40.7166, 6.51344, 156.412, 0.00443092, 73.6208, 0.0060073, -147.333, 0.0040788, 51.7866
1880, 31.33333, 0.930471, -136.14, 8.29646, -40.7384, 6.5201, 156.405, 0.0044379, 73.4962, 0.00602634, -147.328, 0.0040907, 51.8016
1881, 31.34167, 0.93012, -136.242, 8.30842, -40.7603, 6.52676, 156.398, 0.00444489, 73.3715, 0.00604544, -147.323, 0.00410263, 51.8166
1881, 31.35000, 0.929768, -136.344, 8.32041, -40.7823, 6.53344, 156.391, 0.0044519, 73.2469, 0.0060646, -147.317, 0.00411458, 51.8315
1882, 31.35833, 0.929417, -136.445, 8.33243, -40.8043, 6.54012, 156.384, 0.00445894, 73.1222, 0.00608381, -147.312, 0.00412656, 51.8464
1882, 31.36667, 0.929065, -136.547, 8.34448, -40.8265, 6.54681, 156.377, 0.00446599, 72.9976, 0.00610307, -147.308, 0.00413856, 51.8613
1883, 31.37500, 0.928714, -136.649, 8.35656, -40.8487, 6.55351, 156.37, 0.00447306, 72.8729, 0.00612239, -147.303, 0.00415059, 51.8761
1883, 31.38333, 0.928362, -136.751, 8.36866, -40.871, 6.56021, 156.363, 0.00448015, 72.7483, 0.00614176, -147.299, 0.00416264, 51.8909
1884, 31.39167, 0.928011, -136.852, 8.3808, -40.8934, 6.56693, 156.356, 0.00448726, 72.6236, 0.0061612, -147.295, 0.00417472, 51.9056
1884, 31.40000, 0.927659, -136.954, 8.39297, -40.9159, 6.57365, 156.35, 0.00449438, 72.499, 0.00618068, -147.291, 0.00418682, 51.9202
1885, 31.40833, 0.927307, -137.056, 8.40516, -40.9384, 6.58039, 156.343, 0.00450153, 72.3743, 0.00620022, -147.287, 0.00419895, 51.9349
1885, 31.41667, 0.926955, -137.158, 8.41739, -40.9611, 6.58713, 156.336, 0.0045087, 72.2497, 0.00621982, -147.283, 0.00421111, 51.9494
1886, 31.42500, 0.926604, -137.259, 8.42965, -40.9838, 6.59388, 156.329, 0.00451588, 72.125, 0.00623947, -147.28, 0.00422329, 51.964
1886, 31.43333, 0.926252, -137.361, 8.44193, -41.0066, 6.60064, 156.323, 0.00452309, 72.0003, 0.00625918, -147.277, 0.00423549, 51.9785
1887, 31.44167, 0.9259, -137.463, 8.45425, -41.0295, 6.60741, 156.316, 0.00453032, 71.8756, 0.00627894, -147.274, 0.00424773, 51.9929
1887, 31.45000, 0.925548, -137.565, 8.4666, -41.0525, 6.61419, 156.31, 0.00453756, 71.7509, 0.00629876, -147.271, 0.00425998, 52.0073
1888, 31.45833, 0.925196, -137.667, 8.47897, -41.0756, 6.62098, 156.303, 0.00454483, 71.6263, 0.00631864, -147.268, 0.00427227, 52.0217
1888, 31.46667, 0.924844, -137.769, 8.49138, -41.0988, 6.62778, 156.296, 0.00455212, 71.5015, 0.00633857, -147.266, 0.00428458, 52.036
1889, 31.47500, 0.924492, -137.87, 8.50382, -41.122, 6.63458, 156.29, 0.00455942, 71.3768, 0.00635856, -147.264, 0.00429692, 52.0503
1889, 31.48333, 0.92414, -137.972, 8.51629, -41.1454, 6.6414, 156.284, 0.00456675, 71.2521, 0.00637861, -147.261, 0.00430928, 52.0645
1890, 31.49167, 0.923788, -138.074, 8.52879, -41.1688, 6.64822, 156.277, 0.0045741, 71.1274, 0.00639872, -147.26, 0.00432167, 52.0787
1890, 31.50000, 0.923437, -138.176, 8.54132, -41.1923, 6.65506, 156.271, 0.00458147, 71.0027, 0.00641888, -147.258, 0.00433409, 52.0929
1891, 31.50833, 0.923085, -138.278, 8.55388, -41.216, 6.6619, 156.264, 0.00458886, 70.8779, 0.0064391, -147.257, 0.00434653, 52.107
1891, 31.51667, 0.922733, -138.38, 8.56647, -41.2397, 6.66876, 156.258, 0.00459627, 70.7532, 0.00645938, -147.255, 0.004359, 52.121
1892, 31.52500, 0.922381, -138.482, 8.5791, -41.2634, 6.67562, 156.252, 0.0046037, 70.6284, 0.00647972, -147.254, 0.0043715, 52.1351
1892, 31.53333, 0.922029, -138.584, 8.59175, -41.2873, 6.68249, 156.246, 0.00461115, 70.5036, 0.00650011, -147.253, 0.00438402, 52.1491
1893, 31.54167, 0.921677, -138.686, 8.60444, -41.3113, 6.68937, 156.239, 0.00461862, 70.3788, 0.00652057, -147.253, 0.00439657, 52.163
1893, 31.55000, 0.921325, -138.788, 8.61716, -41.3354, 6.69626, 156.233, 0.00462612, 70.254, 0.00654108, -147.252, 0.00440915, 52.1769
1894, 31.55833, 0.920974, -138.89, 8.62991, -41.3595, 6.70317, 156.227, 0.00463363, 70.1292, 0.00656165, -147.252, 0.00442175, 52.1908
1894, 31.56667, 0.920622, -138.992, 8.64269, -41.3838, 6.71008, 156.221, 0.00464117, 70.0044, 0.00658228, -147.252, 0.00443439, 52.2047
1895, 31.57500, 0.92027, -139.094, 8.6555, -41.4081, 6.717, 156.215, 0.00464873, 69.8795, 0.00660297, -147.252, 0.00444705, 52.2185
1895, 31.58333, 0.919919, -139.197, 8.66835, -41.4326, 6.72393, 156.209, 0.00465631, 69.7547, 0.00662372, -147.252, 0.00445973, 52.2322
1896, 31.59167, 0.919567, -139.299, 8.68123, -41.4571, 6.73087, 156.203, 0.00466391, 69.6298, 0.00664453, -147.252, 0.00447245, 52.246
1896, 31.60000, 0.919215, -139.401, 8.69414, -41.4817, 6.73782, 156.197, 0.00467153, 69.5049, 0.0066654, -147.253, 0.00448519, 52.2597
1897, 31.60833, 0.918864, -139.503, 8.70708, -41.5064, 6.74478, 156.191, 0.00467918, 69.38, 0.00668632, -147.254, 0.00449796, 52.2733
1897, 31.61667, 0.918512, -139.605, 8.72005, -41.5313, 6.75175, 156.185, 0.00468685, 69.2551, 0.00670731, -147.255, 0.00451076, 52.2869
1898, 31.62500, 0.918161, -139.708, 8.73306, -41.5562, 6.75873, 156.179, 0.00469454, 69.1302, 0.00672836, -147.256, 0.00452358, 52.3005
1898, 31.63333, 0.91781, -139.81, 8.74609, -41.5812, 6.76573, 156.174, 0.00470225, 69.0052, 0.00674947, -147.258, 0.00453644, 52.3141
1899, 31.64167, 0.917458, -139.912, 8.75917, -41.6063, 6.77273, 156.168, 0.00470999, 68.8802, 0.00677064, -147.259, 0.00454932, 52.3276
1899, 31.65000, 0.917107, -140.015, 8.77227, -41.6315, 6.77974, 156.162, 0.00471774, 68.7552, 0.00679188, -147.261, 0.00456223, 52.3411
1900, 31.65833, 0.916756, -140.117, 8.78541, -41.6567, 6.78676, 156.156, 0.00472552, 68.6302, 0.00681317, -147.263, 0.00457517, 52.3545
1900, 31.66667, 0.916405, -140.22, 8.79858, -41.6821, 6.7938, 156.151, 0.00473332, 68.5052, 0.00683452, -147.265, 0.00458814, 52.368
1901, 31.67500, 0.916054, -140.322, 8.81178, -41.7076, 6.80084, 156.145, 0.00474115, 68.3801, 0.00685594, -147.268, 0.00460113, 52.3813
1901, 31.68333, 0.915703, -140.425, 8.82501, -41.7332, 6.80789, 156.14, 0.004749, 68.255, 0.00687742, -147.27, 0.00461416, 52.3947
1902, 31.69167, 0.915353, -140.527, 8.83828, -41.7589, 6.81496, 156.134, 0.00475687, 68.1299, 0.00689896, -147.273, 0.00462721, 52.408
1902, 31.70000, 0.915002, -140.63, 8.85158, -41.7847, 6.82204, 156.128, 0.00476476, 68.0048, 0.00692056, -147.276, 0.00464029, 52.4213
1903, 31.70833, 0.914651, -140.732, 8.86492, -41.8106, 6.82912, 156.123, 0.00477268, 67.8797, 0.00694222, -147.279, 0.00465341, 52.4345
1903, 31.71667, 0.914301, -140.835, 8.87829, -41.8365, 6.83622, 156.118, 0.00478062, 67.7545, 0.00696395, -147.282, 0.00466655, 52.4478
1904, 31.72500, 0.913951, -140.938, 8.89169, -41.8626, 6.84333, 156.112, 0.00478859, 67.6293, 0.00698574, -147.286, 0.00467972, 52.4609
1904, 31.73333, 0.9136, -141.04, 8.90512, -41.8888, 6.85045, 156.107, 0.00479657, 67.5041, 0.00700759, -147.289, 0.00469291, 52.4741
1905, 31.74167, 0.91325, -141.143, 8.9186, -41.9151, 6.85758, 156.102, 0.00480459, 67.3788, 0.00702951, -147.293, 0.00470614, 52.4872
1905, 31.75000, 0.9129, -141.246, 8.9321, -41.9415, 6.86472, 156.096, 0.00481262, 67.2535, 0.00705149, -147.297, 0.0047194, 52.5003
1906, 31.75833, 0.91255, -141.349, 8.94564, -41.9679, 6.87187, 156.091, 0.00482068, 67.1282, 0.00707353, -147.302, 0.00473269, 52.5134
1906, 31.76667, 0.9122, -141.452, 8.95921, -41.9945, 6.87903, 156.086, 0.00482877, 67.0029, 0.00709564, -147.306, 0.00474601, 52.5264
1907, 31.77500, 0.911851, -141.555, 8.97281, -42.0212, 6.88621, 156.081, 0.00483687, 66.8775, 0.00711781, -147.311, 0.00475935, 52.5394
1907, 31.78333, 0.911501, -141.658, 8.98645, -42.048, 6.89339, 156.076, 0.00484501, 66.7522, 0.00714005, -147.315, 0.00477273, 52.5524
1908, 31.79167, 0.911151, -141.761, 9.00013, -42.0749, 6.90059, 156.071, 0.00485316, 66.6267, 0.00716235, -147.32, 0.00478614, 52.5654
1908, 31.80000, 0.910802, -141.864, 9.01384, -42.1019, 6.9078, 156.066, 0.00486135, 66.5013, 0.00718472, -147.326, 0.00479957, 52.5783
1909, 31.80833, 0.910453, -141.967, 9.02758, -42.129, 6.91502, 156.061, 0.00486955, 66.3758, 0.00720715, -147.331, 0.00481304, 52.5912
1909, 31.81667, 0.910104, -142.07, 9.04136, -42.1562, 6.92225, 156.056, 0.00487778, 66.2503, 0.00722964, -147.337, 0.00482654, 52.604
1910, 31.82500, 0.909755, -142.173, 9.05517, -42.1835, 6.92949, 156.051, 0.00488604, 66.1247, 0.00725221, -147.342, 0.00484007, 52.6169
1910, 31.83333, 0.909406, -142.276, 9.06902, -42.2109, 6.93675, 156.046, 0.00489432, 65.9992, 0.00727483, -147.348, 0.00485362, 52.6297
1911, 31.84167, 0.909057, -142.38, 9.08291, -42.2384, 6.94402, 156.041, 0.00490262, 65.8736, 0.00729753, -147.354, 0.00486721, 52.6425
1911, 31.85000, 0.908709, -142.483, 9.09682, -42.2661, 6.9513, 156.036, 0.00491096, 65.7479, 0.00732028, -147.361, 0.00488083, 52.6552
1912, 31.85833, 0.90836, -142.587, 9.11078, -42.2938, 6.95859, 156.032, 0.00491931, 65.6222, 0.00734311, -147.367, 0.00489449, 52.668
1912, 31.86667, 0.908012, -142.69, 9.12477, -42.3216, 6.96589, 156.027, 0.00492769, 65.4965, 0.007366, -147.374, 0.00490817, 52.6807
1913, 31.87500, 0.907664, -142.794, 9.13879, -42.3496, 6.9732, 156.022, 0.0049361, 65.3708, 0.00738896, -147.381, 0.00492188, 52.6933
1913, 31.88333, 0.907316, -142.897, 9.15285, -42.3776, 6.98053, 156.018, 0.00494453, 65.245, 0.00741198, -147.388, 0.00493563, 52.706
1914, 31.89167, 0.906968, -143.001, 9.16695, -42.4058, 6.98787, 156.013, 0.00495299, 65.1191, 0.00743508, -147.395, 0.0049494, 52.7186
1914, 31.90000, 0.90662, -143.104, 9.18108, -42.4341, 6.99522, 156.009, 0.00496148, 64.9933, 0.00745824, -147.403, 0.00496321, 52.7312
1915, 31.90833, 0.906273, -143.208, 9.19525, -42.4625, 7.00258, 156.004, 0.00496999, 64.8674, 0.00748146, -147.41, 0.00497705, 52.7438
1915, 31.91667, 0.905925, -143.312, 9.20945, -42.491, 7.00996, 156, 0.00497853, 64.7414, 0.00750476, -147.418, 0.00499092, 52.7563
1916, 31.92500, 0.905578, -143.416, 9.22369, -42.5196, 7.01735, 155.996, 0.00498709, 64.6154, 0.00752813, -147.426, 0.00500482, 52.7689
1916, 31.93333, 0.905231, -143.52, 9.23797, -42.5483, 7.02475, 155.991, 0.00499568, 64.4894, 0.00755156, -147.435, 0.00501876, 52.7814
1917, 31.94167, 0.904884, -143.624, 9.25228, -42.5771, 7.03216, 155.987, 0.0050043, 64.3633, 0.00757506, -147.443, 0.00503273, 52.7939
1917, 31.95000, 0.904537, -143.728, 9.26663, -42.606, 7.03959, 155.983, 0.00501294, 64.2372, 0.00759863, -147.452, 0.00504673, 52.8063
1918, 31.95833, 0.904191, -143.832, 9.28102, -42.6351, 7.04703, 155.978, 0.00502161, 64.1111, 0.00762227, -147.46, 0.00506076, 52.8187
1918, 31.96667, 0.903845, -143.936, 9.29544, -42.6642, 7.05448, 155.974, 0.00503031, 63.9849, 0.00764598, -147.469, 0.00507482, 52.8312
1919, 31.97500, 0.903498, -144.04, 9.3099, -42.6935, 7.06195, 155.97, 0.00503904, 63.8587, 0.00766975, -147.478, 0.00508892, 52.8435
1919, 31.98333, 0.903152, -144.145, 9.3244, -42.7229, 7.06942, 155.966, 0.00504779, 63.7324, 0.0076936, -147.488, 0.00510305, 52.8559
1920, 31.99167, 0.902806, -144.249, 9.33893, -42.7524, 7.07692, 155.962, 0.00505657, 63.606, 0.00771752, -147.497, 0.00511721, 52.8682
1920, 32.00000, 0.902461, -144.353, 9.3535, -42.782, 7.08442, 155.958, 0.00506538, 63.4797, 0.00774151, -147.507, 0.00513141, 52.8806
1921, 32.00833, 0.902115, -144.458, 9.36811, -42.8117, 7.09194, 155.954, 0.00507421, 63.3532, 0.00776556, -147.517, 0.00514563, 52.8929
1921, 32.01667, 0.90177, -144.563, 9.38276, -42.8416, 7.09947, 155.95, 0.00508307, 63.2267, 0.00778969, -147.527, 0.0051599, 52.9051
1922, 32.02500, 0.901424, -144.667, 9.39744, -42.8715, 7.10701, 155.946, 0.00509196, 63.1002, 0.00781389, -147.537, 0.00517419, 52.9174
1922, 32.03333, 0.901079, -144.772, 9.41216, -42.9016, 7.11457, 155.943, 0.00510088, 62.9737, 0.00783816, -147.548, 0.00518852, 52.9296
1923, 32.04167, 0.900734, -144.877, 9.42692, -42.9318, 7.12214, 155.939, 0.00510983, 62.847, 0.00786251, -147.559, 0.00520289, 52.9419
1923, 32.05000, 0.90039, -144.982, 9.44172, -42.9621, 7.12972, 155.935, 0.0051188, 62.7203, 0.00788692, -147.57, 0.00521728, 52.954
1924, 32.05833, 0.900045, -145.087, 9.45655, -42.9925, 7.13732, 155.932, 0.00512781, 62.5936, 0.0079114, -147.581, 0.00523171, 52.9662
1924, 32.06667, 0.899701, -145.192, 9.47142, -43.0231, 7.14493, 155.928, 0.00513684, 62.4668, 0.00793596, -147.592, 0.00524618, 52.9784
1925, 32.07500, 0.899357, -145.297, 9.48633, -43.0538, 7.15256, 155.924, 0.0051459, 62.34, 0.00796059, -147.603, 0.00526068, 52.9905
1925, 32.08333, 0.899013, -145.402, 9.50128, -43.0845, 7.1602, 155.921, 0.00515499, 62.2131, 0.0079853, -147.615, 0.00527521, 53.0026
1926, 32.09167, 0.898669, -145.507, 9.51627, -43.1154, 7.16785, 155.917, 0.00516411, 62.0862, 0.00801007, -147.627, 0.00528978, 53.0147
1926, 32.10000, 0.898326, -145.612, 9.5313, -43.1465, 7.17552, 155.914, 0.00517325, 61.9592, 0.00803492, -147.639, 0.00530438, 53.0268
1927, 32.10833, 0.897982, -145.718, 9.54636, -43.1776, 7.1832, 155.911, 0.00518243, 61.8321, 0.00805985, -147.651, 0.00531901, 53.0389
1927, 32.11667, 0.897639, -145.823, 9.56147, -43.2089, 7.1909, 155.907, 0.00519164, 61.705, 0.00808484, -147.663, 0.00533369, 53.0509
1928, 32.12500, 0.897296, -145.929, 9.57661, -43.2403, 7.19861, 155.904, 0.00520087, 61.5778, 0.00810991, -147.676, 0.00534839, 53.0629
1928, 32.13333, 0.896953, -146.035, 9.59179, -43.2718, 7.20633, 155.901, 0.00521014, 61.4506, 0.00813506, -147.689, 0.00536314, 53.0749
1929, 32.14167, 0.89661, -146.14, 9.60701, -43.3034, 7.21407, 155.897, 0.00521943, 61.3233, 0.00816028, -147.702, 0.00537791, 53.0869
1929, 32.15000, 0.896268, -146.246, 9.62227, -43.3351, 7.22183, 155.894, 0.00522876, 61.196, 0.00818557, -147.715, 0.00539273, 53.0989
1930, 32.15833, 0.895926, -146.352, 9.63757, -43.367, 7.22959, 155.891, 0.00523811, 61.0686, 0.00821094, -147.728, 0.00540757, 53.1108
1930, 32.16667, 0.895583, -146.458, 9.65291, -43.399, 7.23738, 155.888, 0.0052475, 60.9411, 0.00823638, -147.742, 0.00542246, 53.1228
1931, 32.17500, 0.895241, -146.564, 9.66829, -43.4311, 7.24518, 155.885, 0.00525691, 60.8136, 0.0082619, -147.756, 0.00543738, 53.1347
1931, 32.18333, 0.8949, -146.671, 9.68371, -43.4634, 7.25299, 155.882, 0.00526636, 60.686, 0.0082875, -147.769, 0.00545234, 53.1466
1932, 32.19167, 0.894558, -146.777, 9.69917, -43.4958, 7.26082, 155.879, 0.00527583, 60.5583, 0.00831317, -147.784, 0.00546733, 53.1585
1932, 32.20000, 0.894217, -146.883, 9.71467, -43.5283, 7.26866, 155.877, 0.00528534, 60.4306, 0.00833892, -147.798, 0.00548236, 53.1704
1933, 32.20833, 0.893876, -146.99, 9.7302, -43.5609, 7.27652, 155.874, 0.00529488, 60.3028, 0.00836474, -147.812, 0.00549742, 53.1822
1933, 32.21667, 0.893535, -147.096, 9.74579, -43.5937, 7.28439, 155.871, 0.00530445, 60.1749, 0.00839064, -147.827, 0.00551253, 53.1941
1934, 32.22500, 0.893194, -147.203, 9.7614, -43.6265, 7.29228, 155.868, 0.00531405, 60.047, 0.00841662, -147.842, 0.00552766, 53.2059
1934, 32.23333, 0.892853, -147.31, 9.77706, -43.6595, 7.30019, 155.866, 0.00532368, 59.919, 0.00844267, -147.857, 0.00554284, 53.2177
1935, 32.24167, 0.892513, -147.417, 9.79277, -43.6927, 7.30811, 155.863, 0.00533334, 59.7909, 0.0084688, -147.872, 0.00555805, 53.2295
1935, 32.25000, 0.892173, -147.523, 9.80851, -43.7259, 7.31605, 155.86, 0.00534304, 59.6628, 0.00849501, -147.888, 0.0055733, 53.2413
1936, 32.25833, 0.891833, -147.631, 9.82429, -43.7593, 7.324, 155.858, 0.00535277, 59.5346, 0.0085213, -147.904, 0.00558859, 53.253
1936, 32.26667, 0.891493, -147.738, 9.84011, -43.7929, 7.33197, 155.856, 0.00536253, 59.4063, 0.00854767, -147.919, 0.00560392, 53.2648
1937, 32.27500, 0.891153, -147.845, 9.85598, -43.8265, 7.33995, 155.853, 0.00537232, 59.2779, 0.00857411, -147.935, 0.00561928, 53.2765
1937, 32.28333, 0.890814, -147.952, 9.87188, -43.8603, 7.34795, 155.851, 0.00538214, 59.1495, 0.00860064, -147.952, 0.00563468, 53.2882
1938, 32.29167, 0.890474, -148.06, 9.88783, -43.8942, 7.35597, 155.848, 0.00539199, 59.021, 0.00862724, -147.968, 0.00565012, 53.2999
1938, 32.30000, 0.890135, -148.167, 9.90382, -43.9283, 7.364, 155.846, 0.00540188, 58.8924, 0.00865392, -147.985, 0.0056656, 53.3116
1939, 32.30833, 0.889796, -148.275, 9.91985, -43.9625, 7.37205, 155.844, 0.0054118, 58.7638, 0.00868068, -148.002, 0.00568111, 53.3233
1939, 32.31667, 0.889457, -148.383, 9.93593, -43.9968, 7.38011, 155.842, 0.00542175, 58.6351, 0.00870753, -148.019, 0.00569667, 53.335
1940, 32.32500, 0.889119, -148.491, 9.95204, -44.0313, 7.3882, 155.84, 0.00543174, 58.5062, 0.00873445, -148.036, 0.00571226, 53.3466
1940, 32.33333, 0.888781, -148.599, 9.9682, -44.0658, 7.39629, 155.838, 0.00544176, 58.3774, 0.00876145, -148.053, 0.00572789, 53.3583
1941, 32.34167, 0.888442, -148.707, 9.9844, -44.1006, 7.40441, 155.836, 0.00545181, 58.2484, 0.00878854, -148.071, 0.00574356, 53.3699
1941, 32.35000, 0.888104, -148.815, 10.0006, -44.1354, 7.41254, 155.834, 0.0054619, 58.1194, 0.0088157, -148.089, 0.00575927, 53.3815
1942, 32.35833, 0.887766, -148.924, 10.0169, -44.1704, 7.42069, 155.832, 0.00547202, 57.9902, 0.00884295, -148.107, 0.00577502, 53.3931
1942, 32.36667, 0.887429, -149.032, 10.0332, -44.2056, 7.42886, 155.83, 0.00548217, 57.861, 0.00887028, -148.125, 0.00579081, 53.4047
1943, 32.37500, 0.887091, -149.141, 10.0496, -44.2408, 7.43704, 155.828, 0.00549236, 57.7317, 0.00889769, -148.143, 0.00580664, 53.4163
1943, 32.38333, 0.886754, -149.249, 10.066, -44.2762, 7.44524, 155.827, 0.00550258, 57.6024, 0.00892518, -148.162, 0.00582251, 53.4279
1944, 32.39167, 0.886417, -149.358, 10.0825, -44.3118, 7.45346, 155.825, 0.00551283, 57.4729, 0.00895275, -148.181, 0.00583842, 53.4394
1944, 32.40000, 0.88608, -149.467, 10.099, -44.3475, 7.4617, 155.823, 0.00552312, 57.3434, 0.00898041, -148.2, 0.00585437, 53.451
1945, 32.40833, 0.885743, -149.576, 10.1155, -44.3833, 7.46995, 155.822, 0.00553345, 57.2137, 0.00900815, -148.219, 0.00587036, 53.4625
1945, 32.41667, 0.885406, -149.686, 10.1321, -44.4193, 7.47823, 155.82, 0.00554381, 57.084, 0.00903598, -148.238, 0.00588639, 53.474
1946, 32.42500, 0.88507, -149.795, 10.1487, -44.4554, 7.48651, 155.819, 0.0055542, 56.9542, 0.00906388, -148.258, 0.00590246, 53.4856
1946, 32.43333, 0.884734, -149.904, 10.1654, -44.4916, 7.49482, 155.817, 0.00556463, 56.8243, 0.00909187, -148.278, 0.00591857, 53.4971
1947, 32.44167, 0.884397, -150.014, 10.1821, -44.528, 7.50315, 155.816, 0.00557509, 56.6943, 0.00911995, -148.298, 0.00593473, 53.5086
1947, 32.45000, 0.884061, -150.124, 10.1989, -44.5645, 7.51149, 155.815, 0.00558559, 56.5642, 0.00914811, -148.318, 0.00595092, 53.52
1948, 32.45833, 0.883726, -150.234, 10.2157, -44.6012, 7.51985, 155.814, 0.00559612, 56.4341, 0.00917635, -148.338, 0.00596716, 53.5315
1948, 32.46667, 0.88339, -150.344, 10.2325, -44.6381, 7.52824, 155.812, 0.00560669, 56.3038, 0.00920468, -148.359, 0.00598344, 53.543
1949, 32.47500, 0.883054, -150.454, 10.2494, -44.675, 7.53663, 155.811, 0.0056173, 56.1734, 0.0092331, -148.38, 0.00599976, 53.5544
1949, 32.48333, 0.882719, -150.564, 10.2664, -44.7121, 7.54505, 155.81, 0.00562794, 56.043, 0.0092616, -148.401, 0.00601612, 53.5659
1950, 32.49167, 0.882384, -150.674, 10.2833, -44.7494, 7.55349, 155.809, 0.00563862, 55.9124, 0.00929019, -148.422, 0.00603252, 53.5773
1950, 32.50000, 0.882049, -150.785, 10.3004, -44.7868, 7.56195, 155.808, 0.00564933, 55.7818, 0.00931886, -148.443, 0.00604897, 53.5887
1951, 32.50833, 0.881714, -150.895, 10.3174, -44.8243, 7.57042, 155.807, 0.00566008, 55.6511, 0.00934762, -148.465, 0.00606546, 53.6002
1951, 32.51667, 0.881379, -151.006, 10.3345, -44.862, 7.57892, 155.806, 0.00567087, 55.5202, 0.00937646, -148.487, 0.00608199, 53.6116
1952, 32.52500, 0.881045, -151.117, 10.3517, -44.8999, 7.58743, 155.806, 0.00568169, 55.3893, 0.0094054, -148.509, 0.00609857, 53.623
1952, 32.53333, 0.88071, -151.228, 10.3689, -44.9379, 7.59596, 155.805, 0.00569255, 55.2582, 0.00943442, -148.531, 0.00611519, 53.6344
1953, 32.54167, 0.880376, -151.34, 10.3862, -44.976, 7.60451, 155.804, 0.00570345, 55.1271, 0.00946353, -148.553, 0.00613185, 53.6457
1953, 32.55000, 0.880042, -151.451, 10.4035, -45.0143, 7.61309, 155.803, 0.00571438, 54.9958, 0.00949272, -148.576, 0.00614855, 53.6571
1954, 32.55833, 0.879708, -151.562, 10.4208, -45.0527, 7.62168, 155.803, 0.00572535, 54.8645, 0.00952201, -148.599, 0.0061653, 53.6685
1954, 32.56667, 0.879374, -151.674, 10.4382, -45.0913, 7.63029, 155.802, 0.00573636, 54.733, 0.00955138, -148.622, 0.0061821, 53.6798
1955, 32.57500, 0.87904, -151.786, 10.4556, -45.1301, 7.63892, 155.802, 0.00574741, 54.6015, 0.00958084, -148.645, 0.00619894, 53.6912
1955, 32.58333, 0.878706, -151.898, 10.4731, -45.169, 7.64757, 155.802, 0.00575849, 54.4698, 0.00961039, -148.668, 0.00621582, 53.7025
1956, 32.59167, 0.878372, -152.01, 10.4906, -45.208, 7.65625, 155.801, 0.00576962, 54.338, 0.00964004, -148.692, 0.00623275, 53.7139
1956, 32.60000, 0.878039, -152.122, 10.5082, -45.2472, 7.66494, 155.801, 0.00578078, 54.2061, 0.00966977, -148.716, 0.00624972, 53.7252
1957, 32.60833, 0.877706, -152.235, 10.5258, -45.2866, 7.67365, 155.801, 0.00579197, 54.0741, 0.00969959, -148.74, 0.00626674, 53.7365
1957, 32.61667, 0.877373, -152.347, 10.5435, -45.3261, 7.68239, 155.8, 0.00580321, 53.942, 0.0097295, -148.764, 0.0062838, 53.7478
1958, 32.62500, 0.877039, -152.46, 10.5612, -45.3658, 7.69114, 155.8, 0.00581449, 53.8098, 0.0097595, -148.788, 0.00630091, 53.7591
1958, 32.63333, 0.876706, -152.573, 10.5789, -45.4056, 7.69992, 155.8, 0.0058258, 53.6775, 0.00978959, -148.813, 0.00631806, 53.7704
1959, 32.64167, 0.876374, -152.686, 10.5967, -45.4456, 7.70872, 155.8, 0.00583716, 53.545, 0.00981978, -148.838, 0.00633527, 53.7817
1959, 32.65000, 0.876041, -152.799, 10.6146, -45.4857, 7.71754, 155.8, 0.00584855, 53.4125, 0.00985006, -148.863, 0.00635251, 53.793
1960, 32.65833, 0.875708, -152.913, 10.6325, -45.526, 7.72638, 155.8, 0.00585999, 53.2798, 0.00988042, -148.888, 0.0063698, 53.8043
1960, 32.66667, 0.875375, -153.026, 10.6504, -45.5665, 7.73524, 155.801, 0.00587146, 53.147, 0.00991089, -148.914, 0.00638714, 53.8156
1961, 32.67500, 0.875043, -153.14, 10.6684, -45.6071, 7.74412, 155.801, 0.00588297, 53.0141, 0.00994144, -148.939, 0.00640453, 53.8268
1961, 32.68333, 0.874711, -153.254, 10.6865, -45.6479, 7.75303, 155.801, 0.00589452, 52.8811, 0.00997209, -148.965, 0.00642196, 53.8381
1962, 32.69167, 0.874378, -153.368, 10.7046, -45.6889, 7.76196, 155.801, 0.00590612, 52.748, 0.0100028, -148.992, 0.00643945, 53.8494
1962, 32.70000, 0.874046, -153.482, 10.7227, -45.7299, 7.77091, 155.802, 0.00591775, 52.6147, 0.0100337, -149.018, 0.00645697, 53.8606
1963, 32.70833, 0.873714, -153.596, 10.7409, -45.7712, 7.77988, 155.802, 0.00592942, 52.4813, 0.0100646, -149.044, 0.00647455, 53.8718
1963, 32.71667, 0.873382, -153.711, 10.7591, -45.8126, 7.78887, 155.803, 0.00594113, 52.3478, 0.0100956, -149.071, 0.00649218, 53.8831
1964, 32.72500, 0.873049, -153.826, 10.7774, -45.8542, 7.79789, 155.803, 0.00595289, 52.2142, 0.0101267, -149.098, 0.00650985, 53.8943
1964, 32.73333, 0.872717, -153.941, 10.7957, -45.896, 7.80693, 155.804, 0.00596468, 52.0804, 0.0101579, -149.125, 0.00652757, 53.9055
1965, 32.74167, 0.872386, -154.056, 10.8141, -45.9379, 7.816, 155.805, 0.00597652, 51.9465, 0.0101892, -149.153, 0.00654534, 53.9168
1965, 32.75000, 0.872054, -154.171, 10.8325, -45.98, 7.82508, 155.805, 0.0059884, 51.8125, 0.0102206, -149.18, 0.00656316, 53.928
1966, 32.75833, 0.871722, -154.286, 10.851, -46.0223, 7.83419, 155.806, 0.00600032, 51.6784, 0.0102521, -149.208, 0.00658102, 53.9392
1966, 32.76667, 0.87139, -154.402, 10.8695, -46.0647, 7.84332, 155.807, 0.00601228, 51.5441, 0.0102837, -149.236, 0.00659894, 53.9504
1967, 32.77500, 0.871058, -154.518, 10.8881, -46.1073, 7.85248, 155.808, 0.00602428, 51.4097, 0.0103154, -149.264, 0.00661691, 53.9616
1967, 32.78333, 0.870726, -154.634, 10.9067, -46.15, 7.86166, 155.809, 0.00603633, 51.2751, 0.0103472, -149.293, 0.00663493, 53.9728
1968, 32.79167, 0.870395, -154.75, 10.9254, -46.193, 7.87086, 155.81, 0.00604841, 51.1405, 0.0103791, -149.321, 0.00665299, 53.984
1968, 32.80000, 0.870063, -154.867, 10.9441, -46.2361, 7.88009, 155.811, 0.00606054, 51.0057, 0.0104111, -149.35, 0.00667111, 53.9952
1969, 32.80833, 0.869731, -154.983, 10.9629, -46.2793, 7.88934, 155.812, 0.00607271, 50.8707, 0.0104431, -149.379, 0.00668928, 54.0063
1969, 32.81667, 0.8694, -155.1, 10.9817, -46.3228, 7.89862, 155.814, 0.00608493, 50.7356, 0.0104753, -149.409, 0.0067075, 54.0175
1970, 32.82500, 0.869068, -155.217, 11.0006, -46.3664, 7.90792, 155.815, 0.00609719, 50.6004, 0.0105076, -149.438, 0.00672577, 54.0287
1970, 32.83333, 0.868737, -155.334, 11.0195, -46.4102, 7.91725, 155.816, 0.00610949, 50.4651, 0.01054, -149.468, 0.00674409, 54.0398
1971, 32.84167, 0.868405, -155.451, 11.0385, -46.4542, 7.9266, 155.818, 0.00612183, 50.3296, 0.0105724, -149.498, 0.00676246, 54.051
1971, 32.85000, 0.868073, -155.569, 11.0575, -46.4983, 7.93597, 155.819, 0.00613422, 50.194, 0.010605, -149.528, 0.00678089, 54.0622
1972, 32.85833, 0.867742, -155.687, 11.0766, -46.5426, 7.94537, 155.821, 0.00614665, 50.0582, 0.0106377, -149.559, 0.00679937, 54.0733
1972, 32.86667, 0.86741, -155.805, 11.0957, -46.5871, 7.9548, 155.822, 0.00615913, 49.9223, 0.0106705, -149.589, 0.0068179, 54.0845
1973, 32.87500, 0.867078, -155.923, 11.1149, -46.6318, 7.96425, 155.824, 0.00617165, 49.7862, 0.0107033, -149.62, 0.00683648, 54.0956
1973, 32.88333, 0.866746, -156.041, 11.1341, -46.6766, 7.97373, 155.826, 0.00618421, 49.65, 0.0107363, -149.651, 0.00685512, 54.1068
1974, 32.89167, 0.866415, -156.16, 11.1534, -46.7216, 7.98323, 155.828, 0.00619682, 49.5137, 0.0107694, -149.682, 0.00687381, 54.1179
1974, 32.90000, 0.866083, -156.279, 11.1727, -46.7668, 7.99276, 155.829, 0.00620947, 49.3772, 0.0108026, -149.714, 0.00689255, 54.129
1975, 32.90833, 0.865751, -156.398, 11.1921, -46.8122, 8.00232, 155.831, 0.00622217, 49.2405, 0.0108358, -149.746, 0.00691135, 54.1401
1975, 32.91667, 0.865419, -156.517, 11.2115, -46.8578, 8.0119, 155.833, 0.00623491, 49.1037, 0.0108692, -149.778, 0.0069302, 54.1513
1976, 32.92500, 0.865087, -156.636, 11.231, -46.9035, 8.02151, 155.835, 0.0062477, 48.9668, 0.0109027, -149.81, 0.0069491, 54.1624
1976, 32.93333, 0.864755, -156.756, 11.2505, -46.9494, 8.03115, 155.837, 0.00626053, 48.8297, 0.0109363, -149.842, 0.00696806, 54.1735
1977, 32.94167, 0.864423, -156.876, 11.2701, -46.9955, 8.04081, 155.84, 0.00627341, 48.6924, 0.01097, -149.875, 0.00698708, 54.1846
1977, 32.95000, 0.864091, -156.996, 11.2897, -47.0418, 8.0505, 155.842, 0.00628634, 48.555, 0.0110038, -149.908, 0.00700615, 54.1957
1978, 32.95833, 0.863758, -157.116, 11.3094, -47.0883, 8.06022, 155.844, 0.00629931, 48.4174, 0.0110377, -149.941, 0.00702527, 54.2068
1978, 32.96667, 0.863426, -157.237, 11.3291, -47.135, 8.06997, 155.846, 0.00631232, 48.2797, 0.0110717, -149.974, 0.00704446, 54.2179
1979, 32.97500, 0.863094, -157.358, 11.3489, -47.1818, 8.07974, 155.849, 0.00632539, 48.1418, 0.0111058, -150.008, 0.00706369, 54.229
1979, 32.98333, 0.862761, -157.479, 11.3688, -47.2289, 8.08954, 155.851, 0.00633849, 48.0038, 0.01114, -150.041, 0.00708299, 54.2401
1980, 32.99167, 0.862428, -157.6, 11.3887, -47.2761, 8.09937, 155.854, 0.00635165, 47.8656, 0.0111743, -150.075, 0.00710234, 54.2512
1980, 33.00000, 0.862095, -157.721, 11.4086, -47.3235, 8.10923, 155.856, 0.00636485, 47.7272, 0.0112087, -150.11, 0.00712175, 54.2623
1981, 33.00833, 0.861763, -157.843, 11.4286, -47.3711, 8.11911, 155.859, 0.0063781, 47.5887, 0.0112432, -150.144, 0.00714121, 54.2734
1981, 33.01667, 0.861429, -157.965, 11.4487, -47.4189, 8.12903, 155.862, 0.0063914, 47.45, 0.0112778, -150.179, 0.00716073, 54.2844
1982, 33.02500, 0.861096, -158.087, 11.4688, -47.4669, 8.13897, 155.865, 0.00640475, 47.3111, 0.0113126, -150.214, 0.00718031, 54.2955
1982, 33.03333, 0.860763, -158.209, 11.489, -47.5151, 8.14895, 155.867, 0.00641814, 47.1721, 0.0113474, -150.249, 0.00719995, 54.3066
1983, 33.04167, 0.860429, -158.332, 11.5092, -47.5634, 8.15895, 155.87, 0.00643158, 47.0329, 0.0113824, -150.284, 0.00721965, 54.3176
1983, 33.05000, 0.860096, -158.455, 11.5294, -47.612, 8.16898, 155.873, 0.00644507, 46.8936, 0.0114174, -150.32, 0.00723941, 54.3287
1984, 33.05833, 0.859762, -158.578, 11.5498, -47.6608, 8.17904, 155.876, 0.00645861, 46.754, 0.0114526, -150.356, 0.00725922, 54.3397
1984, 33.06667, 0.859428, -158.701, 11.5701, -47.7097, 8.18914, 155.879, 0.00647219, 46.6143, 0.0114879, -150.392, 0.0072791, 54.3508
1985, 33.07500, 0.859093, -158.825, 11.5906, -47.7589, 8.19926, 155.882, 0.00648583, 46.4744, 0.0115232, -150.428, 0.00729903, 54.3618
1985, 33.08333, 0.858759, -158.949, 11.6111, -47.8082, 8.20941, 155.886, 0.00649951, 46.3344, 0.0115587, -150.464, 0.00731903, 54.3729
1986, 33.09167, 0.858424, -159.073, 11.6316, -47.8578, 8.2196, 155.889, 0.00651324, 46.1941, 0.0115943, -150.501, 0.00733908, 54.3839
1986, 33.10000, 0.85809, -159.197, 11.6522, -47.9075, 8.22981, 155.892, 0.00652702, 46.0537, 0.01163, -150.538, 0.0073592, 54.395
1987, 33.10833, 0.857754, -159.322, 11.6728, -47.9574, 8.24006, 155.896, 0.00654085, 45.9132, 0.0116659, -150.576, 0.00737938, 54.406
1987, 33.11667, 0.857419, -159.447, 11.6935, -48.0076, 8.25034, 155.899, 0.00655473, 45.7724, 0.0117018, -150.613, 0.00739962, 54.417
1988, 33.12500, 0.857084, -159.572, 11.7143, -48.0579, 8.26064, 155.903, 0.00656866, 45.6314, 0.0117378, -150.651, 0.00741992, 54.428
1988, 33.13333, 0.856748, -159.697, 11.7351, -48.1085, 8.27099, 155.906, 0.00658264, 45.4903, 0.011774, -150.689, 0.00744028, 54.4391
1989, 33.14167, 0.856412, -159.823, 11.756, -48.1592, 8.28136, 155.91, 0.00659668, 45.349, 0.0118102, -150.727, 0.00746071, 54.4501
1989, 33.15000, 0.856075, -159.949, 11.7769, -48.2102, 8.29176, 155.914, 0.00661076, 45.2075, 0.0118466, -150.765, 0.00748119, 54.4611
1990, 33.15833, 0.855739, -160.075, 11.7979, -48.2613, 8.3022, 155.917, 0.00662489, 45.0658, 0.0118831, -150.804, 0.00750174, 54.4721
1990, 33.16667, 0.855402, -160.202, 11.8189, -48.3127, 8.31267, 155.921, 0.00663907, 44.9239, 0.0119197, -150.843, 0.00752236, 54.4831
1991, 33.17500, 0.855065, -160.328, 11.84, -48.3643, 8.32318, 155.925, 0.00665331, 44.7819, 0.0119564, -150.882, 0.00754304, 54.4941
1991, 33.18333, 0.854727, -160.455, 11.8611, -48.4161, 8.33371, 155.929, 0.00666759, 44.6396, 0.0119932, -150.922, 0.00756378, 54.5051
1992, 33.19167, 0.854389, -160.583, 11.8823, -48.4681, 8.34428, 155.933, 0.00668193, 44.4972, 0.0120302, -150.961, 0.00758459, 54.5161
1992, 33.20000, 0.854051, -160.71, 11.9036, -48.5203, 8.35489, 155.937, 0.00669632, 44.3545, 0.0120672, -151.001, 0.00760546, 54.527
1993, 33.20833, 0.853713, -160.838, 11.9249, -48.5727, 8.36553, 155.941, 0.00671076, 44.2117, 0.0121044, -151.041, 0.0076264, 54.538
1993, 33.21667, 0.853374, -160.966, 11.9463, -48.6253, 8.3762, 155.946, 0.00672525, 44.0687, 0.0121417, -151.082, 0.0076474, 54.549
1994, 33.22500, 0.853035, -161.094, 11.9677, -48.6781, 8.3869, 155.95, 0.0067398, 43.9254, 0.012179, -151.122, 0.00766847, 54.5599
1994, 33.23333, 0.852695, -161.223, 11.9892, -48.7312, 8.39765, 155.954, 0.00675439, 43.782, 0.0122166, -151.163, 0.00768961, 54.5709
1995, 33.24167, 0.852355, -161.352, 12.0107, -48.7844, 8.40842, 155.959, 0.00676904, 43.6384, 0.0122542, -151.204, 0.00771081, 54.5818
1995, 33.25000, 0.852015, -161.481, 12.0323, -48.8379, 8.41924, 155.963, 0.00678375, 43.4946, 0.0122919, -151.246, 0.00773208, 54.5928
1996, 33.25833, 0.851674, -161.611, 12.054, -48.8916, 8.43008, 155.968, 0.0067985, 43.3505, 0.0123298, -151.287, 0.00775342, 54.6037
1996, 33.26667, 0.851333, -161.741, 12.0757, -48.9455, 8.44097, 155.972, 0.00681331, 43.2063, 0.0123677, -151.329, 0.00777482, 54.6147
1997, 33.27500, 0.850992, -161.871, 12.0974, -48.9996, 8.45189, 155.977, 0.00682818, 43.0619, 0.0124058, -151.371, 0.00779629, 54.6256
1997, 33.28333, 0.85065, -162.001, 12.1192, -49.054, 8.46284, 155.982, 0.00684309, 42.9172, 0.012444, -151.414, 0.00781784, 54.6365
1998, 33.29167, 0.850308, -162.132, 12.1411, -49.1085, 8.47383, 155.986, 0.00685806, 42.7724, 0.0124824, -151.456, 0.00783945, 54.6474
1998, 33.30000, 0.849965, -162.263, 12.1631, -49.1633, 8.48486, 155.991, 0.00687309, 42.6273, 0.0125208, -151.499, 0.00786113, 54.6583
1999, 33.30833, 0.849622, -162.395, 12.185, -49.2183, 8.49593, 155.996, 0.00688817, 42.482, 0.0125594, -151.542, 0.00788288, 54.6692
1999, 33.31667, 0.849278, -162.526, 12.2071, -49.2736, 8.50703, 156.001, 0.0069033, 42.3365, 0.012598, -151.586, 0.0079047, 54.6801
2000, 33.32500, 0.848934, -162.658, 12.2292, -49.329, 8.51817, 156.006, 0.00691849, 42.1908, 0.0126368, -151.629, 0.00792659, 54.691
2000, 33.33333, 0.848589, -162.79, 12.2514, -49.3847, 8.52935, 156.011, 0.00693373, 42.0449, 0.0126757, -151.673, 0.00794855, 54.7019
2001, 33.34167, 0.848244, -162.923, 12.2736, -49.4406, 8.54057, 156.016, 0.00694904, 41.8988, 0.0127148, -151.717, 0.00797059, 54.7128
2001, 33.35000, 0.847898, -163.056, 12.2959, -49.4967, 8.55183, 156.022, 0.00696439, 41.7524, 0.0127539, -151.762, 0.00799269, 54.7236
2002, 33.35833, 0.847552, -163.189, 12.3182, -49.5531, 8.56312, 156.027, 0.0069798, 41.6058, 0.0127932, -151.806, 0.00801487, 54.7345
2002, 33.36667, 0.847205, -163.323, 12.3406, -49.6097, 8.57446, 156.032, 0.00699527, 41.459, 0.0128326, -151.851, 0.00803712, 54.7453
2003, 33.37500, 0.846857, -163.457, 12.3631, -49.6665, 8.58583, 156.038, 0.00701079, 41.312, 0.0128721, -151.897, 0.00805945, 54.7562
2003, 33.38333, 0.84651, -163.591, 12.3856, -49.7235, 8.59724, 156.043, 0.00702637, 41.1648, 0.0129117, -151.942, 0.00808184, 54.767
2003, 33.39167, 0.846161, -163.725, 12.4081, -49.7808, 8.6087, 156.049, 0.007042, 41.0173, 0.0129515, -151.988, 0.00810432, 54.7778
2004, 33.40000, 0.845812, -163.86, 12.4308, -49.8383, 8.62019, 156.054, 0.00705769, 40.8696, 0.0129914, -152.034, 0.00812686, 54.7886
2005, 33.40833, 0.845462, -163.995, 12.4535, -49.8961, 8.63172, 156.06, 0.00707344, 40.7217, 0.0130314, -152.08, 0.00814948, 54.7994
2005, 33.41667, 0.845112, -164.131, 12.4762, -49.954, 8.6433, 156.066, 0.00708925, 40.5735, 0.0130715, -152.127, 0.00817218, 54.8102
2006, 33.42500, 0.844761, -164.267, 12.499, -50.0122, 8.65491, 156.071, 0.00710511, 40.4251, 0.0131117, -152.173, 0.00819495, 54.821
2006, 33.43333, 0.844409, -164.403, 12.5219, -50.0707, 8.66657, 156.077, 0.00712103, 40.2765, 0.0131521, -152.22, 0.0082178, 54.8318
2007, 33.44167, 0.844057, -164.54, 12.5448, -50.1294, 8.67827, 156.083, 0.00713701, 40.1276, 0.0131926, -152.268, 0.00824073, 54.8426
2007, 33.45000, 0.843704, -164.676, 12.5678, -50.1883, 8.69001, 156.089, 0.00715304, 39.9785, 0.0132332, -152.315, 0.00826373, 54.8533
2008, 33.45833, 0.84335, -164.814, 12.5908, -50.2475, 8.7018, 156.095, 0.00716914, 39.8292, 0.013274, -152.363, 0.00828681, 54.864
2008, 33.46667, 0.842996, -164.951, 12.6139, -50.3069, 8.71362, 156.101, 0.00718529, 39.6796, 0.0133148, -152.411, 0.00830997, 54.8748
2009, 33.47500, 0.842641, -165.089, 12.6371, -50.3665, 8.72549, 156.107, 0.0072015, 39.5298, 0.0133558, -152.46, 0.0083332, 54.8855
2009, 33.48333, 0.842285, -165.228, 12.6603, -50.4264, 8.73741, 156.113, 0.00721777, 39.3798, 0.0133969, -152.508, 0.00835652, 54.8962
2010, 33.49167, 0.841928, -165.366, 12.6836, -50.4866, 8.74936, 156.12, 0.0072341, 39.2295, 0.0134382, -152.557, 0.00837991, 54.9069
2010, 33.50000, 0.841571, -165.505, 12.7069, -50.5469, 8.76137, 156.126, 0.00725049, 39.0789, 0.0134795, -152.606, 0.00840339, 54.9176
2011, 33.50833, 0.841213, -165.645, 12.7303, -50.6076, 8.77341, 156.132, 0.00726694, 38.9281, 0.013521, -152.656, 0.00842694, 54.9282
2011, 33.51667, 0.840854, -165.784, 12.7538, -50.6684, 8.7855, 156.139, 0.00728344, 38.7771, 0.0135626, -152.706, 0.00845058, 54.9389
2012, 33.52500, 0.840495, -165.924, 12.7773, -50.7296, 8.79764, 156.145, 0.00730001, 38.6258, 0.0136044, -152.756, 0.0084743, 54.9495
2012, 33.53333, 0.840134, -166.065, 12.8009, -50.7909, 8.80982, 156.152, 0.00731664, 38.4743, 0.0136463, -152.806, 0.0084981, 54.9602
2013, 33.54167, 0.839773, -166.206, 12.8245, -50.8526, 8.82205, 156.158, 0.00733332, 38.3224, 0.0136883, -152.857, 0.00852198, 54.9708
2013, 33.55000, 0.839411, -166.347, 12.8482, -50.9144, 8.83432, 156.165, 0.00735007, 38.1704, 0.0137304, -152.907, 0.00854594, 54.9814
2014, 33.55833, 0.839048, -166.489, 12.872, -50.9765, 8.84664, 156.171, 0.00736688, 38.0181, 0.0137726, -152.959, 0.00856999, 54.992
2014, 33.56667, 0.838684, -166.631, 12.8958, -51.0389, 8.85901, 156.178, 0.00738375, 37.8655, 0.013815, -153.01, 0.00859413, 55.0025
2015, 33.57500, 0.838319, -166.773, 12.9196, -51.1016, 8.87142, 156.185, 0.00740068, 37.7127, 0.0138575, -153.062, 0.00861834, 55.0131
2015, 33.58333, 0.837953, -166.916, 12.9436, -51.1644, 8.88388, 156.192, 0.00741767, 37.5596, 0.0139002, -153.114, 0.00864264, 55.0236
2016, 33.59167, 0.837587, -167.059, 12.9676, -51.2276, 8.89639, 156.199, 0.00743472, 37.4062, 0.0139429, -153.166, 0.00866703, 55.0342
2016, 33.60000, 0.837219, -167.202, 12.9916, -51.291, 8.90895, 156.206, 0.00745184, 37.2526, 0.0139858, -153.218, 0.0086915, 55.0447
2017, 33.60833, 0.83685, -167.346, 13.0158, -51.3547, 8.92156, 156.213, 0.00746901, 37.0987, 0.0140289, -153.271, 0.00871606, 55.0551
2017, 33.61667, 0.836481, -167.491, 13.0399, -51.4186, 8.93421, 156.22, 0.00748625, 36.9446, 0.014072, -153.324, 0.00874071, 55.0656
2018, 33.62500, 0.83611, -167.635, 13.0642, -51.4828, 8.94692, 156.227, 0.00750355, 36.7902, 0.0141153, -153.378, 0.00876544, 55.0761
2018, 33.63333, 0.835739, -167.78, 13.0885, -51.5472, 8.95967, 156.234, 0.00752092, 36.6355, 0.0141587, -153.432, 0.00879026, 55.0865
2019, 33.64167, 0.835366, -167.926, 13.1128, -51.6119, 8.97248, 156.241, 0.00753834, 36.4805, 0.0142023, -153.486, 0.00881518, 55.0969
2019, 33.65000, 0.834993, -168.072, 13.1373, -51.6769, 8.98533, 156.249, 0.00755583, 36.3253, 0.014246, -153.54, 0.00884017, 55.1073
2020, 33.65833, 0.834618, -168.218, 13.1617, -51.7421, 8.99824, 156.256, 0.00757338, 36.1697, 0.0142898, -153.594, 0.00886526, 55.1177
2020, 33.66667, 0.834242, -168.365, 13.1863, -51.8077, 9.0112, 156.263, 0.007591, 36.0139, 0.0143337, -153.649, 0.00889045, 55.128
2021, 33.67500, 0.833865, -168.512, 13.2109, -51.8734, 9.02421, 156.271, 0.00760868, 35.8579, 0.0143778, -153.704, 0.00891571, 55.1384
2021, 33.68333, 0.833487, -168.66, 13.2356, -51.9395, 9.03727, 156.278, 0.00762642, 35.7015, 0.014422, -153.76, 0.00894108, 55.1487
2022, 33.69167, 0.833108, -168.808, 13.2603, -52.0058, 9.05039, 156.286, 0.00764423, 35.5448, 0.0144663, -153.816, 0.00896653, 55.159
2022, 33.70000, 0.832728, -168.956, 13.2851, -52.0724, 9.06355, 156.293, 0.0076621, 35.3879, 0.0145108, -153.872, 0.00899208, 55.1692
2023, 33.70833, 0.832347, -169.105, 13.3099, -52.1392, 9.07678, 156.301, 0.00768003, 35.2307, 0.0145554, -153.928, 0.00901772, 55.1795
2023, 33.71667, 0.831964, -169.254, 13.3348, -52.2064, 9.09005, 156.309, 0.00769803, 35.0732, 0.0146002, -153.984, 0.00904345, 55.1897
2024, 33.72500, 0.83158, -169.404, 13.3598, -52.2738, 9.10338, 156.316, 0.0077161, 34.9154, 0.014645, -154.041, 0.00906928, 55.1999
2024, 33.73333, 0.831195, -169.554, 13.3848, -52.3415, 9.11676, 156.324, 0.00773422, 34.7573, 0.0146901, -154.099, 0.0090952, 55.2101
2025, 33.74167, 0.830809, -169.705, 13.4099, -52.4094, 9.1302, 156.332, 0.00775242, 34.599, 0.0147352, -154.156, 0.00912122, 55.2202
2025, 33.75000, 0.830421, -169.856, 13.4351, -52.4777, 9.1437, 156.34, 0.00777068, 34.4403, 0.0147805, -154.214, 0.00914733, 55.2303
2026, 33.75833, 0.830032, -170.007, 13.4603, -52.5462, 9.15725, 156.348, 0.007789, 34.2813, 0.0148259, -154.272, 0.00917355, 55.2404
2026, 33.76667, 0.829642, -170.159, 13.4856, -52.615, 9.17086, 156.356, 0.00780739, 34.122, 0.0148714, -154.331, 0.00919985, 55.2505
2027, 33.77500, 0.829251, -170.311, 13.5109, -52.6841, 9.18452, 156.364, 0.00782585, 33.9625, 0.0149171, -154.389, 0.00922626, 55.2605
2027, 33.78333, 0.828858, -170.464, 13.5363, -52.7534, 9.19824, 156.372, 0.00784437, 33.8026, 0.0149629, -154.448, 0.00925276, 55.2705
2028, 33.79167, 0.828464, -170.617, 13.5618, -52.8231, 9.21202, 156.38, 0.00786296, 33.6424, 0.0150089, -154.508, 0.00927937, 55.2805
2028, 33.80000, 0.828068, -170.771, 13.5873, -52.893, 9.22585, 156.388, 0.00788162, 33.482, 0.015055, -154.567, 0.00930607, 55.2905
2029, 33.80833, 0.827671, -170.925, 13.6129, -52.9632, 9.23975, 156.396, 0.00790034, 33.3212, 0.0151012, -154.627, 0.00933288, 55.3004
2029, 33.81667, 0.827273, -171.08, 13.6385, -53.0338, 9.2537, 156.404, 0.00791913, 33.1601, 0.0151476, -154.688, 0.00935978, 55.3103
2030, 33.82500, 0.826873, -171.235, 13.6642, -53.1046, 9.26772, 156.413, 0.00793798, 32.9987, 0.0151941, -154.748, 0.00938679, 55.3201
2030, 33.83333, 0.826471, -171.391, 13.69, -53.1756, 9.28179, 156.421, 0.00795691, 32.837, 0.0152407, -154.809, 0.0094139, 55.3299
2031, 33.84167, 0.826068, -171.547, 13.7158, -53.247, 9.29592, 156.429, 0.0079759, 32.6749, 0.0152875, -154.87, 0.00944111, 55.3397
2031, 33.85000, 0.825664, -171.703, 13.7417, -53.3187, 9.31012, 156.438, 0.00799495, 32.5126, 0.0153344, -154.932, 0.00946843, 55.3495
2032, 33.85833, 0.825258, -171.86, 13.7677, -53.3907, 9.32437, 156.446, 0.00801408, 32.3499, 0.0153814, -154.994, 0.00949585, 55.3592
2032, 33.86667, 0.824851, -172.018, 13.7937, -53.463, 9.33869, 156.454, 0.00803327, 32.1869, 0.0154286, -155.056, 0.00952338, 55.3689
2033, 33.87500, 0.824442, -172.176, 13.8198, -53.5355, 9.35307, 156.463, 0.00805254, 32.0236, 0.015476, -155.118, 0.00955101, 55.3785
2033, 33.88333, 0.824031, -172.334, 13.8459, -53.6084, 9.36752, 156.471, 0.00807186, 31.86, 0.0155234, -155.181, 0.00957874, 55.3882
2034, 33.89167, 0.823619, -172.493, 13.8721, -53.6815, 9.38202, 156.48, 0.00809127, 31.696, 0.015571, -155.244, 0.00960659, 55.3977
2034, 33.90000, 0.823205, -172.653, 13.8983, -53.755, 9.39659, 156.489, 0.00811073, 31.5317, 0.0156188, -155.308, 0.00963454, 55.4073
2035, 33.90833, 0.822789, -172.813, 13.9246, -53.8287, 9.41123, 156.497, 0.00813027, 31.3671, 0.0156666, -155.371, 0.0096626, 55.4168
2035, 33.91667, 0.822372, -172.973, 13.951, -53.9028, 9.42593, 156.506, 0.00814987, 31.2022, 0.0157147, -155.435, 0.00969077, 55.4262
2036, 33.92500, 0.821953, -173.134, 13.9775, -53.9772, 9.44069, 156.514, 0.00816955, 31.0369, 0.0157628, -155.5, 0.00971905, 55.4356
2036, 33.93333, 0.821532, -173.296, 14.004, -54.0519, 9.45552, 156.523, 0.00818929, 30.8713, 0.0158111, -155.564, 0.00974744, 55.445
2037, 33.94167, 0.82111, -173.458, 14.0305, -54.1268, 9.47042, 156.532, 0.0082091, 30.7054, 0.0158596, -155.63, 0.00977594, 55.4544
2037, 33.95000, 0.820685, -173.62, 14.0571, -54.2021, 9.48538, 156.541, 0.00822899, 30.5391, 0.0159081, -155.695, 0.00980456, 55.4637
2038, 33.95833, 0.820259, -173.784, 14.0838, -54.2777, 9.50041, 156.549, 0.00824894, 30.3725, 0.0159568, -155.761, 0.00983328, 55.4729
2038, 33.96667, 0.819831, -173.947, 14.1106, -54.3536, 9.51551, 156.558, 0.00826896, 30.2055, 0.0160057, -155.827, 0.00986212, 55.4821
2039, 33.97500, 0.819401, -174.111, 14.1374, -54.4298, 9.53067, 156.567, 0.00828905, 30.0382, 0.0160547, -155.893, 0.00989108, 55.4913
2039, 33.98333, 0.81897, -174.276, 14.1642, -54.5064, 9.54591, 156.576, 0.00830922, 29.8705, 0.0161038, -155.96, 0.00992014, 55.5004
2040, 33.99167, 0.818536, -174.441, 14.1911, -54.5832, 9.56121, 156.585, 0.00832945, 29.7025, 0.0161531, -156.027, 0.00994933, 55.5094
2040, 34.00000, 0.818101, -174.607, 14.2181, -54.6604, 9.57659, 156.594, 0.00834975, 29.5342, 0.0162025, -156.094, 0.00997863, 55.5184
2041, 34.00833, 0.817663, -174.773, 14.2452, -54.7379, 9.59203, 156.603, 0.00837013, 29.3655, 0.0162521, -156.162, 0.010008, 55.5274
2041, 34.01667, 0.817223, -174.94, 14.2723, -54.8157, 9.60755, 156.612, 0.00839058, 29.1964, 0.0163018, -156.23, 0.0100376, 55.5363
2042, 34.02500, 0.816782, -175.107, 14.2994, -54.8938, 9.62313, 156.621, 0.00841109, 29.027, 0.0163516, -156.298, 0.0100672, 55.5452
2042, 34.03333, 0.816338, -175.275, 14.3266, -54.9722, 9.63879, 156.63, 0.00843168, 28.8573, 0.0164016, -156.367, 0.010097, 55.554
2043, 34.04167, 0.815893, -175.443, 14.3539, -55.051, 9.65453, 156.639, 0.00845234, 28.6871, 0.0164517, -156.436, 0.0101269, 55.5627
2043, 34.05000, 0.815445, -175.612, 14.3813, -55.13, 9.67033, 156.648, 0.00847307, 28.5167, 0.016502, -156.505, 0.0101569, 55.5714
2044, 34.05833, 0.814995, -175.782, 14.4087, -55.2094, 9.68621, 156.657, 0.00849387, 28.3458, 0.0165524, -156.575, 0.0101871, 55.5801
2044, 34.06667, 0.814543, -175.952, 14.4361, -55.2892, 9.70216, 156.666, 0.00851475, 28.1746, 0.0166029, -156.645, 0.0102173, 55.5886
2045, 34.07500, 0.814089, -176.123, 14.4636, -55.3692, 9.71819, 156.675, 0.00853569, 28.003, 0.0166536, -156.715, 0.0102477, 55.5972
2045, 34.08333, 0.813633, -176.294, 14.4912, -55.4496, 9.73429, 156.684, 0.00855671, 27.8311, 0.0167045, -156.786, 0.0102782, 55.6056
2046, 34.09167, 0.813174, -176.466, 14.5189, -55.5303, 9.75047, 156.693, 0.00857781, 27.6588, 0.0167554, -156.857, 0.0103088, 55.614
2046, 34.10000, 0.812713, -176.638, 14.5466, -55.6114, 9.76673, 156.702, 0.00859897, 27.4861, 0.0168065, -156.929, 0.0103396, 55.6224
2047, 34.10833, 0.81225, -176.811, 14.5743, -55.6927, 9.78306, 156.711, 0.0086202, 27.313, 0.0168578, -157.001, 0.0103705, 55.6307
2047, 34.11667, 0.811785, -176.985, 14.6021, -55.7744, 9.79948, 156.72, 0.00864151, 27.1396, 0.0169092, -157.073, 0.0104015, 55.6389
2048, 34.12500, 0.811317, -177.159, 14.63, -55.8565, 9.81596, 156.729, 0.00866289, 26.9658, 0.0169607, -157.145, 0.0104326, 55.6471
2048, 34.13333, 0.810847, -177.334, 14.6579, -55.9389, 9.83253, 156.738, 0.00868434, 26.7916, 0.0170124, -157.218, 0.0104639, 55.6551
2049, 34.14167, 0.810374, -177.509, 14.6859, -56.0216, 9.84918, 156.747, 0.00870587, 26.617, 0.0170642, -157.291, 0.0104953, 55.6632
2049, 34.15000, 0.809899, -177.685, 14.7139, -56.1046, 9.86591, 156.757, 0.00872747, 26.4421, 0.0171162, -157.365, 0.0105268, 55.6711
2050, 34.15833, 0.809422, -177.862, 14.742, -56.188, 9.88272, 156.766, 0.00874914, 26.2667, 0.0171683, -157.439, 0.0105585, 55.679
2050, 34.16667, 0.808942, -178.039, 14.7702, -56.2717, 9.89961, 156.775, 0.00877089, 26.091, 0.0172205, -157.513, 0.0105903, 55.6868
2051, 34.17500, 0.80846, -178.217, 14.7984, -56.3558, 9.91658, 156.784, 0.00879271, 25.9149, 0.0172729, -157.587, 0.0106222, 55.6946
2051, 34.18333, 0.807975, -178.395, 14.8267, -56.4402, 9.93363, 156.793, 0.0088146, 25.7384, 0.0173255, -157.662, 0.0106543, 55.7022
2052, 34.19167, 0.807487, -178.575, 14.855, -56.525, 9.95077, 156.802, 0.00883657, 25.5615, 0.0173781, -157.738, 0.0106865, 55.7098
2052, 34.20000, 0.806997, -178.754, 14.8834, -56.6101, 9.968, 156.811, 0.00885861, 25.3842, 0.0174309, -157.813, 0.0107188, 55.7173
2053, 34.20833, 0.806504, -178.935, 14.9118, -56.6956, 9.9853, 156.82, 0.00888072, 25.2065, 0.0174839, -157.889, 0.0107513, 55.7248
2053, 34.21667, 0.806009, -179.115, 14.9403, -56.7814, 10.0027, 156.829, 0.00890291, 25.0284, 0.017537, -157.966, 0.0107839, 55.7321
2054, 34.22500, 0.805511, -179.297, 14.9689, -56.8675, 10.0202, 156.838, 0.00892517, 24.8499, 0.0175902, -158.043, 0.0108166, 55.7394
2054, 34.23333, 0.80501, -179.479, 14.9975, -56.954, 10.0377, 156.847, 0.00894751, 24.6711, 0.0176436, -158.12, 0.0108495, 55.7466
2055, 34.24167, 0.804507, -179.662, 15.0262, -57.0409, 10.0554, 156.856, 0.00896992, 24.4918, 0.0176971, -158.197, 0.0108826, 55.7537
2055, 34.25000, 0.804, -179.846, 15.0549, -57.1281, 10.0731, 156.865, 0.0089924, 24.3121, 0.0177508, -158.275, 0.0109157, 55.7608
2056, 34.25833, 0.803491, 179.97, 15.0837, -57.2157, 10.091, 156.874, 0.00901496, 24.132, 0.0178046, -158.353, 0.010949, 55.7677
2056, 34.26667, 0.802979, 179.785, 15.1125, -57.3036, 10.1089, 156.883, 0.0090376, 23.9514, 0.0178585, -158.432, 0.0109825, 55.7746
2057, 34.27500, 0.802464, 179.6, 15.1414, -57.3919, 10.1269, 156.892, 0.0090603, 23.7705, 0.0179126, -158.511, 0.0110161, 55.7813
2057, 34.28333, 0.801946, 179.414, 15.1703, -57.4805, 10.145, 156.901, 0.00908308, 23.5892, 0.0179669, -158.59, 0.0110498, 55.788
2058, 34.29167, 0.801426, 179.227, 15.1993, -57.5695, 10.1632, 156.91, 0.00910594, 23.4074, 0.0180212, -158.67, 0.0110837, 55.7946
2058, 34.30000, 0.800902, 179.039, 15.2283, -57.6589, 10.1814, 156.919, 0.00912887, 23.2252, 0.0180757, -158.75, 0.0111178, 55.8011
2059, 34.30833, 0.800375, 178.851, 15.2574, -57.7486, 10.1998, 156.928, 0.00915188, 23.0426, 0.0181304, -158.831, 0.0111519, 55.8075
2059, 34.31667, 0.799845, 178.662, 15.2866, -57.8387, 10.2183, 156.937, 0.00917496, 22.8596, 0.0181852, -158.911, 0.0111863, 55.8138
2060, 34.32500, 0.799312, 178.473, 15.3158, -57.9291, 10.2368, 156.945, 0.00919811, 22.6762, 0.0182401, -158.993, 0.0112208, 55.82
2060, 34.33333, 0.798777, 178.282, 15.345, -58.0199, 10.2555, 156.954, 0.00922134, 22.4923, 0.0182952, -159.074, 0.0112554, 55.8261
2061, 34.34167, 0.798237, 178.091, 15.3743, -58.1111, 10.2742, 156.963, 0.00924464, 22.308, 0.0183504, -159.156, 0.0112902, 55.8322
2061, 34.35000, 0.797695, 177.9, 15.4037, -58.2027, 10.2931, 156.971, 0.00926802, 22.1233, 0.0184057, -159.239, 0.0113251, 55.8381
2062, 34.35833, 0.79715, 177.707, 15.4331, -58.2946, 10.312, 156.98, 0.00929147, 21.9381, 0.0184612, -159.321, 0.0113602, 55.8439
2062, 34.36667, 0.796601, 177.514, 15.4626, -58.3869, 10.331, 156.989, 0.009315, 21.7525, 0.0185168, -159.405, 0.0113955, 55.8496
2063, 34.37500, 0.796049, 177.32, 15.4921, -58.4796, 10.3502, 156.997, 0.00933861, 21.5665, 0.0185726, -159.488, 0.0114309, 55.8552
2063, 34.38333, 0.795494, 177.126, 15.5216, -58.5726, 10.3694, 157.006, 0.00936228, 21.3801, 0.0186285, -159.572, 0.0114664, 55.8606
2064, 34.39167, 0.794935, 176.931, 15.5512, -58.666, 10.3887, 157.014, 0.00938604, 21.1931, 0.0186845, -159.656, 0.0115022, 55.866
2064, 34.40000, 0.794373, 176.735, 15.5809, -58.7598, 10.4082, 157.022, 0.00940986, 21.0058, 0.0187407, -159.741, 0.011538, 55.8713
2064, 34.40833, 0.793808, 176.538, 15.6106, -58.854, 10.4277, 157.031, 0.00943377, 20.818, 0.018797, -159.826, 0.0115741, 55.8764
2065, 34.41667, 0.793239, 176.341, 15.6404, -58.9485, 10.4473, 157.039, 0.00945774, 20.6298, 0.0188535, -159.911, 0.0116103, 55.8814
2066, 34.42500, 0.792666, 176.142, 15.6702, -59.0435, 10.4671, 157.047, 0.0094818, 20.4411, 0.0189101, -159.997, 0.0116466, 55.8864
2066, 34.43333, 0.79209, 175.944, 15.7, -59.1388, 10.4869, 157.055, 0.00950592, 20.252, 0.0189668, -160.083, 0.0116832, 55.8911
2067, 34.44167, 0.791511, 175.744, 15.7299, -59.2345, 10.5069, 157.063, 0.00953012, 20.0624, 0.0190237, -160.17, 0.0117199, 55.8958
2067, 34.45000, 0.790928, 175.543, 15.7598, -59.3305, 10.5269, 157.071, 0.0095544, 19.8724, 0.0190807, -160.257, 0.0117567, 55.9004
2068, 34.45833, 0.790341, 175.342, 15.7898, -59.427, 10.5471, 157.079, 0.00957875, 19.6819, 0.0191378, -160.344, 0.0117937, 55.9048
2068, 34.46667, 0.789751, 175.14, 15.8199, -59.5238, 10.5673, 157.087, 0.00960318, 19.4909, 0.0191951, -160.432, 0.0118309, 55.9091
2068, 34.47500, 0.789157, 174.938, 15.8499, -59.6211, 10.5877, 157.095, 0.00962768, 19.2995, 0.0192525, -160.52, 0.0118683, 55.9132
2069, 34.48333, 0.788559, 174.734, 15.8801, -59.7187, 10.6082, 157.103, 0.00965225, 19.1077, 0.01931, -160.609, 0.0119058, 55.9173
2070, 34.49167, 0.787958, 174.53, 15.9102, -59.8167, 10.6287, 157.111, 0.0096769, 18.9154, 0.0193677, -160.698, 0.0119435, 55.9212
2070, 34.50000, 0.787352, 174.325, 15.9404, -59.9151, 10.6494, 157.118, 0.00970162, 18.7226, 0.0194255, -160.787, 0.0119814, 55.925
2071, 34.50833, 0.786743, 174.119, 15.9707, -60.0139, 10.6702, 157.126, 0.00972642, 18.5293, 0.0194834, -160.877, 0.0120194, 55.9286
2071, 34.51667, 0.78613, 173.912, 16.001, -60.1131, 10.6911, 157.133, 0.00975129, 18.3356, 0.0195415, -160.967, 0.0120576, 55.9321
2072, 34.52500, 0.785513, 173.705, 16.0313, -60.2127, 10.7122, 157.14, 0.00977624, 18.1414, 0.0195997, -161.058, 0.012096, 55.9354
2072, 34.53333, 0.784892, 173.497, 16.0617, -60.3126, 10.7333, 157.148, 0.00980126, 17.9468, 0.019658, -161.149, 0.0121346, 55.9386
2072, 34.54167, 0.784267, 173.288, 16.0921, -60.413, 10.7545, 157.155, 0.00982635, 17.7516, 0.0197165, -161.24, 0.0121733, 55.9417
2073, 34.55000, 0.783638, 173.078, 16.1226, -60.5138, 10.7759, 157.162, 0.00985152, 17.556, 0.0197751, -161.332, 0.0122123, 55.9446
2074, 34.55833, 0.783005, 172.867, 16.1531, -60.615, 10.7974, 157.169, 0.00987676, 17.3599, 0.0198338, -161.424, 0.0122514, 55.9474
2074, 34.56667, 0.782368, 172.656, 16.1836, -60.7165, 10.819, 157.176, 0.00990208, 17.1633, 0.0198927, -161.517, 0.0122907, 55.95
2075, 34.57500, 0.781727, 172.443, 16.2142, -60.8185, 10.8407, 157.183, 0.00992747, 16.9663, 0.0199517, -161.61, 0.0123301, 55.9525
2075, 34.58333, 0.781081, 172.23, 16.2448, -60.9209, 10.8625, 157.189, 0.00995293, 16.7688, 0.0200108, -161.703, 0.0123698, 55.9548
2076, 34.59167, 0.780431, 172.016, 16.2755, -61.0237, 10.8844, 157.196, 0.00997847, 16.5708, 0.02007, -161.797, 0.0124096, 55.957
2076, 34.60000, 0.779778, 171.801, 16.3062, -61.1268, 10.9065, 157.202, 0.0100041, 16.3723, 0.0201294, -161.891, 0.0124496, 55.959
2076, 34.60833, 0.779119, 171.586, 16.3369, -61.2304, 10.9287, 157.209, 0.0100298, 16.1733, 0.0201889, -161.986, 0.0124898, 55.9608
2077, 34.61667, 0.778457, 171.369, 16.3677, -61.3344, 10.951, 157.215, 0.0100555, 15.9738, 0.0202485, -162.081, 0.0125302, 55.9625
2078, 34.62500, 0.77779, 171.152, 16.3985, -61.4388, 10.9734, 157.221, 0.0100813, 15.7738, 0.0203082, -162.176, 0.0125708, 55.964
2078, 34.63333, 0.777118, 170.934, 16.4293, -61.5436, 10.9959, 157.227, 0.0101072, 15.5734, 0.0203681, -162.272, 0.0126116, 55.9653
2079, 34.64167, 0.776443, 170.714, 16.4602, -61.6488, 11.0186, 157.233, 0.0101332, 15.3724, 0.0204281, -162.369, 0.0126525, 55.9665
2079, 34.65000, 0.775762, 170.494, 16.4911, -61.7544, 11.0413, 157.239, 0.0101593, 15.1709, 0.0204882, -162.465, 0.0126937, 55.9675
2080, 34.65833, 0.775077, 170.274, 16.522, -61.8605, 11.0643, 157.244, 0.0101854, 14.969, 0.0205484, -162.562, 0.012735, 55.9683
2080, 34.66667, 0.774388, 170.052, 16.553, -61.9669, 11.0873, 157.25, 0.0102116, 14.7665, 0.0206088, -162.66, 0.0127766, 55.9689
2080, 34.67500, 0.773694, 169.829, 16.584, -62.0738, 11.1104, 157.255, 0.0102378, 14.5636, 0.0206693, -162.758, 0.0128183, 55.9694
2081, 34.68333, 0.772995, 169.606, 16.615, -62.1811, 11.1337, 157.26, 0.0102641, 14.3601, 0.0207299, -162.856, 0.0128602, 55.9697
2082, 34.69167, 0.772292, 169.381, 16.6461, -62.2887, 11.1571, 157.265, 0.0102905, 14.1561, 0.0207906, -162.955, 0.0129024, 55.9698
2082, 34.70000, 0.771584, 169.156, 16.6772, -62.3969, 11.1807, 157.27, 0.010317, 13.9516, 0.0208514, -163.054, 0.0129447, 55.9697
2083, 34.70833, 0.770871, 168.93, 16.7083, -62.5054, 11.2043, 157.275, 0.0103436, 13.7467, 0.0209124, -163.154, 0.0129872, 55.9694
2083, 34.71667, 0.770153, 168.702, 16.7394, -62.6143, 11.2281, 157.28, 0.0103702, 13.5411, 0.0209735, -163.254, 0.01303, 55.969
2084, 34.72500, 0.769431, 168.474, 16.7706, -62.7237, 11.252, 157.284, 0.0103969, 13.3351, 0.0210346, -163.355, 0.0130729, 55.9683
2084, 34.73333, 0.768704, 168.245, 16.8018, -62.8335, 11.2761, 157.288, 0.0104236, 13.1286, 0.0210959, -163.456, 0.0131161, 55.9674
2084, 34.74167, 0.767971, 168.015, 16.833, -62.9437, 11.3003, 157.293, 0.0104504, 12.9216, 0.0211573, -163.557, 0.0131594, 55.9664
2085, 34.75000, 0.767234, 167.785, 16.8642, -63.0543, 11.3246, 157.297, 0.0104773, 12.714, 0.0212189, -163.659, 0.013203, 55.9651
2086, 34.75833, 0.766492, 167.553, 16.8955, -63.1653, 11.3491, 157.3, 0.0105043, 12.5059, 0.0212805, -163.761, 0.0132467, 55.9637
2086, 34.76667, 0.765745, 167.32, 16.9268, -63.2768, 11.3736, 157.304, 0.0105313, 12.2973, 0.0213423, -163.863, 0.0132907, 55.962
2087, 34.77500, 0.764992, 167.086, 16.9581, -63.3887, 11.3984, 157.308, 0.0105584, 12.0882, 0.0214041, -163.966, 0.0133349, 55.9601
2087, 34.78333, 0.764235, 166.851, 16.9894, -63.501, 11.4232, 157.311, 0.0105856, 11.8786, 0.0214661, -164.07, 0.0133793, 55.958
2088, 34.79167, 0.763472, 166.616, 17.0207, -63.6137, 11.4482, 157.314, 0.0106128, 11.6684, 0.0215281, -164.174, 0.0134239, 55.9557
2088, 34.80000, 0.762704, 166.379, 17.0521, -63.7269, 11.4734, 157.317, 0.0106401, 11.4577, 0.0215903, -164.278, 0.0134687, 55.9532
2088, 34.80833, 0.761931, 166.141, 17.0835, -63.8405, 11.4986, 157.32, 0.0106675, 11.2464, 0.0216526, -164.383, 0.0135138, 55.9505
2089, 34.81667, 0.761153, 165.903, 17.1149, -63.9545, 11.524, 157.322, 0.0106949, 11.0347, 0.021715, -164.488, 0.013559, 55.9475
2090, 34.82500, 0.760369, 165.663, 17.1463, -64.069, 11.5496, 157.325, 0.0107224, 10.8224, 0.0217775, -164.594, 0.0136045, 55.9443
2090, 34.83333, 0.75958, 165.423, 17.1777, -64.1838, 11.5753, 157.327, 0.01075, 10.6096, 0.0218401, -164.7, 0.0136502, 55.9409
2091, 34.84167, 0.758786, 165.181, 17.2092, -64.2992, 11.6011, 157.329, 0.0107776, 10.3962, 0.0219028, -164.806, 0.0136961, 55.9373
2091, 34.85000, 0.757986, 164.938, 17.2406, -64.4149, 11.6271, 157.331, 0.0108053, 10.1823, 0.0219656, -164.913, 0.0137422, 55.9334
2092, 34.85833, 0.757181, 164.695, 17.2721, -64.5311, 11.6532, 157.332, 0.0108331, 9.96786, 0.0220284, -165.02, 0.0137886, 55.9293
2092, 34.86667, 0.75637, 164.45, 17.3035, -64.6477, 11.6795, 157.334, 0.0108609, 9.75286, 0.0220914, -165.128, 0.0138352, 55.925
2092, 34.87500, 0.755554, 164.205, 17.335, -64.7647, 11.7059, 157.335, 0.0108888, 9.53735, 0.0221545, -165.236, 0.013882, 55.9204
2093, 34.88333, 0.754732, 163.958, 17.3665, -64.8822, 11.7324, 157.336, 0.0109168, 9.3213, 0.0222177, -165.345, 0.013929, 55.9156
2094, 34.89167, 0.753904, 163.71, 17.398, -65.0001, 11.7591, 157.337, 0.0109448, 9.10467, 0.022281, -165.454, 0.0139763, 55.9105
2094, 34.90000, 0.753071, 163.461, 17.4295, -65.1184, 11.786, 157.337, 0.0109729, 8.88753, 0.0223443, -165.564, 0.0140238, 55.9052
2095, 34.90833, 0.752232, 163.211, 17.4611, -65.2372, 11.8129, 157.338, 0.011001, 8.66984, 0.0224078, -165.673, 0.0140715, 55.8996
2095, 34.91667, 0.751387, 162.96, 17.4926, -65.3564, 11.8401, 157.338, 0.0110292, 8.45157, 0.0224713, -165.784, 0.0141194, 55.8938
2096, 34.92500, 0.750537, 162.709, 17.5241, -65.476, 11.8674, 157.337, 0.0110575, 8.23279, 0.022535, -165.895, 0.0141676, 55.8877
2096, 34.93333, 0.749681, 162.456, 17.5556, -65.5961, 11.8948, 157.337, 0.0110858, 8.01345, 0.0225987, -166.006, 0.014216, 55.8814
2096, 34.94167, 0.748819, 162.201, 17.5872, -65.7166, 11.9224, 157.336, 0.0111142, 7.79353, 0.0226625, -166.118, 0.0142647, 55.8748
2097, 34.95000, 0.747951, 161.946, 17.6187, -65.8375, 11.9502, 157.335, 0.0111426, 7.57309, 0.0227264, -166.23, 0.0143136, 55.8679
2098, 34.95833, 0.747077, 161.69, 17.6502, -65.9589, 11.9781, 157.334, 0.0111711, 7.35209, 0.0227903, -166.342, 0.0143627, 55.8608
2098, 34.96667, 0.746197, 161.432, 17.6817, -66.0807, 12.0061, 157.333, 0.0111997, 7.13051, 0.0228544, -166.455, 0.0144121, 55.8534
2099, 34.97500, 0.745311, 161.174, 17.7133, -66.203, 12.0343, 157.331, 0.0112283, 6.9084, 0.0229185, -166.568, 0.0144617, 55.8457
2099, 34.98333, 0.744419, 160.914, 17.7448, -66.3257, 12.0627, 157.329, 0.011257, 6.68573, 0.0229827, -166.682, 0.0145116, 55.8377
2100, 34.99167, 0.743521, 160.654, 17.7763, -66.4488, 12.0912, 157.327, 0.0112857, 6.46247, 0.023047, -166.797, 0.0145617, 55.8295
2100, 35.00000, 0.742617, 160.392, 17.8078, -66.5724, 12.1199, 157.325, 0.0113145, 6.23869, 0.0231114, -166.911, 0.014612, 55.821
2100, 35.00833, 0.741707, 160.129, 17.8393, -66.6964, 12.1487, 157.322, 0.0113434, 6.01434, 0.0231758, -167.026, 0.0146626, 55.8122
2101, 35.01667, 0.74079, 159.865, 17.8708, -66.8209, 12.1777, 157.319, 0.0113723, 5.7894, 0.0232403, -167.142, 0.0147135, 55.8031
2102, 35.02500, 0.739868, 159.6, 17.9023, -66.9457, 12.2068, 157.316, 0.0114012, 5.56392, 0.0233048, -167.258, 0.0147645, 55.7937
2102, 35.03333, 0.738939, 159.333, 17.9337, -67.0711, 12.2361, 157.312, 0.0114302, 5.33788, 0.0233695, -167.374, 0.0148159, 55.784
2103, 35.04167, 0.738004, 159.066, 17.9652, -67.1968, 12.2656, 157.308, 0.0114593, 5.11125, 0.0234342, -167.491, 0.0148675, 55.7741
2103, 35.05000, 0.737062, 158.797, 17.9966, -67.323, 12.2952, 157.304, 0.0114884, 4.88407, 0.0234989, -167.609, 0.0149193, 55.7638
2104, 35.05833, 0.736115, 158.527, 18.028, -67.4497, 12.325, 157.3, 0.0115176, 4.65633, 0.0235638, -167.726, 0.0149714, 55.7532
2104, 35.06667, 0.73516, 158.256, 18.0594, -67.5768, 12.355, 157.295, 0.0115468, 4.42799, 0.0236287, -167.845, 0.0150238, 55.7424
2104, 35.07500, 0.7342, 157.984, 18.0908, -67.7043, 12.3851, 157.29, 0.0115761, 4.19911, 0.0236936, -167.963, 0.0150764, 55.7312
2105, 35.08333, 0.733233, 157.71, 18.1222, -67.8322, 12.4154, 157.285, 0.0116054, 3.96967, 0.0237586, -168.082, 0.0151292, 55.7197
2106, 35.09167, 0.732259, 157.436, 18.1535, -67.9606, 12.4458, 157.279, 0.0116348, 3.73962, 0.0238237, -168.202, 0.0151824, 55.7079
2106, 35.10000, 0.731279, 157.16, 18.1849, -68.0895, 12.4764, 157.273, 0.0116642, 3.50902, 0.0238888, -168.322, 0.0152357, 55.6957
2107, 35.10833, 0.730293, 156.883, 18.2162, -68.2187, 12.5072, 157.267, 0.0116937, 3.27786, 0.0239539, -168.442, 0.0152894, 55.6833
2107, 35.11667, 0.7293, 156.604, 18.2474, -68.3485, 12.5382, 157.26, 0.0117232, 3.04609, 0.0240191, -168.563, 0.0153433, 55.6705
2108, 35.12500, 0.7283, 156.325, 18.2787, -68.4786, 12.5693, 157.253, 0.0117528, 2.81378, 0.0240844, -168.684, 0.0153975, 55.6574
2108, 35.13333, 0.727294, 156.044, 18.3099, -68.6092, 12.6006, 157.246, 0.0117824, 2.58089, 0.0241497, -168.806, 0.0154519, 55.644
2108, 35.14167, 0.726281, 155.762, 18.3411, -68.7402, 12.632, 157.238, 0.011812, 2.34739, 0.024215, -168.928, 0.0155066, 55.6303
2109, 35.15000, 0.725261, 155.479, 18.3722, -68.8717, 12.6636, 157.23, 0.0118417, 2.11335, 0.0242804, -169.05, 0.0155616, 55.6162
2110, 35.15833, 0.724235, 155.194, 18.4034, -69.0036, 12.6954, 157.222, 0.0118714, 1.87874, 0.0243458, -169.173, 0.0156168, 55.6017
2110, 35.16667, 0.723201, 154.909, 18.4345, -69.1359, 12.7274, 157.214, 0.0119012, 1.64351, 0.0244113, -169.297, 0.0156723, 55.587
2111, 35.17500, 0.722162, 154.622, 18.4655, -69.2687, 12.7595, 157.205, 0.0119311, 1.40774, 0.0244768, -169.42, 0.0157281, 55.5718
2111, 35.18333, 0.721115, 154.333, 18.4965, -69.4019, 12.7919, 157.195, 0.0119609, 1.17138, 0.0245423, -169.545, 0.0157842, 55.5564
2112, 35.19167, 0.720061, 154.044, 18.5275, -69.5356, 12.8243, 157.186, 0.0119908, 0.934424, 0.0246079, -169.669, 0.0158405, 55.5406
2112, 35.20000, 0.719001, 153.753, 18.5584, -69.6697, 12.857, 157.176, 0.0120208, 0.696912, 0.0246735, -169.794, 0.0158971, 55.5244
2112, 35.20833, 0.717934, 153.461, 18.5893, -69.8042, 12.8898, 157.165, 0.0120507, 0.45882, 0.0247391, -169.92, 0.015954, 55.5079
2113, 35.21667, 0.71686, 153.167, 18.6202, -69.9391, 12.9228, 157.154, 0.0120808, 0.220119, 0.0248047, -170.046, 0.0160111, 55.491
2114, 35.22500, 0.715779, 152.872, 18.651, -70.0745, 12.956, 157.143, 0.0121108, -0.0191337, 0.0248704, -170.172, 0.0160686, 55.4738
2114, 35.23333, 0.714691, 152.576, 18.6818, -70.2103, 12.9894, 157.132, 0.0121409, -0.258968, 0.0249361, -170.299, 0.0161263, 55.4562
2115, 35.24167, 0.713596, 152.279, 18.7125, -70.3466, 13.0229, 157.12, 0.012171, -0.499412, 0.0250018, -170.426, 0.0161843, 55.4382
2115, 35.25000, 0.712494, 151.98, 18.7431, -70.4833, 13.0566, 157.107, 0.0122012, -0.74041, 0.0250675, -170.554, 0.0162426, 55.4199
2116, 35.25833, 0.711385, 151.68, 18.7738, -70.6204, 13.0905, 157.095, 0.0122314, -0.981989, 0.0251332, -170.682, 0.0163011, 55.4012
2116, 35.26667, 0.710269, 151.378, 18.8043, -70.7579, 13.1246, 157.082, 0.0122616, -1.22418, 0.0251989, -170.81, 0.01636, 55.3821
2116, 35.27500, 0.709146, 151.075, 18.8348, -70.8959, 13.1588, 157.068, 0.0122919, -1.46692, 0.0252647, -170.939, 0.0164191, 55.3626
2117, 35.28333, 0.708016, 150.771, 18.8653, -71.0343, 13.1933, 157.054, 0.0123221, -1.71025, 0.0253304, -171.069, 0.0164786, 55.3428
2118, 35.29167, 0.706879, 150.465, 18.8957, -71.1731, 13.2279, 157.04, 0.0123525, -1.95419, 0.0253962, -171.198, 0.0165383, 55.3225
2118, 35.30000, 0.705735, 150.158, 18.926, -71.3123, 13.2627, 157.025, 0.0123828, -2.19868, 0.0254619, -171.328, 0.0165983, 55.3019
2119, 35.30833, 0.704584, 149.85, 18.9563, -71.452, 13.2977, 157.01, 0.0124132, -2.44375, 0.0255276, -171.459, 0.0166586, 55.2809
2119, 35.31667, 0.703426, 149.54, 18.9865, -71.5921, 13.3328, 156.995, 0.0124436, -2.68943, 0.0255934, -171.59, 0.0167192, 55.2595
2120, 35.32500, 0.70226, 149.229, 19.0166, -71.7326, 13.3681, 156.979, 0.012474, -2.93567, 0.0256591, -171.721, 0.01678, 55.2377
2120, 35.33333, 0.701088, 148.916, 19.0467, -71.8736, 13.4037, 156.962, 0.0125044, -3.18249, 0.0257248, -171.853, 0.0168412, 55.2155
2120, 35.34167, 0.699908, 148.602, 19.0767, -72.0149, 13.4394, 156.946, 0.0125349, -3.42992, 0.0257905, -171.985, 0.0169027, 55.1929
2121, 35.35000, 0.698722, 148.286, 19.1067, -72.1567, 13.4753, 156.928, 0.0125654, -3.67791, 0.0258562, -172.118, 0.0169644, 55.1699
2122, 35.35833, 0.697528, 147.969, 19.1365, -72.2989, 13.5113, 156.911, 0.0125959, -3.92647, 0.0259219, -172.251, 0.0170265, 55.1465
2122, 35.36667, 0.696326, 147.651, 19.1663, -72.4415, 13.5476, 156.892, 0.0126264, -4.17565, 0.0259876, -172.384, 0.0170889, 55.1227
2123, 35.37500, 0.695118, 147.331, 19.1961, -72.5845, 13.5841, 156.874, 0.0126569, -4.42537, 0.0260532, -172.518, 0.0171515, 55.0984
2123, 35.38333, 0.693903, 147.009, 19.2257, -72.728, 13.6207, 156.855, 0.0126875, -4.67568, 0.0261188, -172.652, 0.0172145, 55.0738
2124, 35.39167, 0.69268, 146.687, 19.2553, -72.8718, 13.6575, 156.835, 0.0127181, -4.9266, 0.0261844, -172.787, 0.0172777, 55.0487
2124, 35.40000, 0.69145, 146.362, 19.2848, -73.0161, 13.6945, 156.816, 0.0127487, -5.17807, 0.0262499, -172.922, 0.0173413, 55.0232
2124, 35.40833, 0.690213, 146.036, 19.3142, -73.1608, 13.7317, 156.795, 0.0127793, -5.43011, 0.0263154, -173.057, 0.0174052, 54.9973
2125, 35.41667, 0.688969, 145.709, 19.3435, -73.3058, 13.7691, 156.774, 0.0128099, -5.68277, 0.0263809, -173.193, 0.0174694, 54.971
2126, 35.42500, 0.687718, 145.38, 19.3727, -73.4513, 13.8067, 156.753, 0.0128405, -5.93597, 0.0264464, -173.329, 0.0175338, 54.9442
2126, 35.43333, 0.686459, 145.049, 19.4019, -73.5972, 13.8444, 156.731, 0.0128712, -6.18975, 0.0265117, -173.466, 0.0175986, 54.917
2127, 35.44167, 0.685194, 144.717, 19.4309, -73.7435, 13.8824, 156.709, 0.0129018, -6.44414, 0.0265771, -173.603, 0.0176637, 54.8894
2127, 35.45000, 0.683921, 144.384, 19.4599, -73.8902, 13.9205, 156.686, 0.0129325, -6.69907, 0.0266424, -173.74, 0.0177291, 54.8613
2128, 35.45833, 0.682641, 144.049, 19.4888, -74.0373, 13.9588, 156.663, 0.0129631, -6.95457, 0.0267076, -173.878, 0.0177948, 54.8328
2128, 35.46667, 0.681354, 143.712, 19.5176, -74.1848, 13.9973, 156.639, 0.0129938, -7.21069, 0.0267728, -174.016, 0.0178609, 54.8038
2128, 35.47500, 0.680059, 143.374, 19.5463, -74.3326, 14.036, 156.615, 0.0130245, -7.46734, 0.026838, -174.154, 0.0179272, 54.7744
2129, 35.48333, 0.678758, 143.034, 19.5748, -74.4809, 14.0749, 156.59, 0.0130551, -7.72457, 0.0269031, -174.293, 0.0179938, 54.7446
2130, 35.49167, 0.677449, 142.692, 19.6033, -74.6296, 14.114, 156.565, 0.0130858, -7.9824, 0.0269681, -174.432, 0.0180608, 54.7143
2130, 35.50000, 0.676134, 142.349, 19.6317, -74.7786, 14.1533, 156.54, 0.0131165, -8.24077, 0.027033, -174.572, 0.0181281, 54.6836
2131, 35.50833, 0.674811, 142.005, 19.66, -74.928, 14.1928, 156.513, 0.0131472, -8.49971, 0.0270979, -174.712, 0.0181957, 54.6524
2131, 35.51667, 0.673481, 141.658, 19.6882, -75.0779, 14.2324, 156.487, 0.0131778, -8.75924, 0.0271627, -174.852, 0.0182636, 54.6207
2132, 35.52500, 0.672144, 141.31, 19.7162, -75.2281, 14.2723, 156.46, 0.0132085, -9.01932, 0.0272274, -174.993, 0.0183318, 54.5886
2132, 35.53333, 0.670801, 140.961, 19.7442, -75.3786, 14.3123, 156.432, 0.0132392, -9.27996, 0.0272921, -175.134, 0.0184004, 54.556
2133, 35.54167, 0.66945, 140.609, 19.772, -75.5296, 14.3526, 156.404, 0.0132698, -9.5412, 0.0273567, -175.275, 0.0184692, 54.523
2133, 35.55000, 0.668092, 140.256, 19.7998, -75.6809, 14.393, 156.375, 0.0133005, -9.80296, 0.0274212, -175.417, 0.0185384, 54.4894
2134, 35.55833, 0.666727, 139.902, 19.8274, -75.8326, 14.4336, 156.346, 0.0133311, -10.0653, 0.0274856, -175.559, 0.0186079, 54.4555
2134, 35.56667, 0.665355, 139.545, 19.8549, -75.9847, 14.4744, 156.316, 0.0133618, -10.3282, 0.0275499, -175.702, 0.0186778, 54.421
2135, 35.57500, 0.663976, 139.187, 19.8823, -76.1371, 14.5154, 156.286, 0.0133924, -10.5917, 0.0276141, -175.845, 0.0187479, 54.3861
2135, 35.58333, 0.662591, 138.828, 19.9095, -76.2899, 14.5566, 156.255, 0.013423, -10.8557, 0.0276782, -175.988, 0.0188184, 54.3507
2136, 35.59167, 0.661199, 138.466, 19.9367, -76.4431, 14.598, 156.223, 0.0134536, -11.1203, 0.0277423, -176.131, 0.0188892, 54.3148
2136, 35.60000, 0.659799, 138.103, 19.9637, -76.5966, 14.6396, 156.191, 0.0134842, -11.3854, 0.0278062, -176.275, 0.0189603, 54.2785
2137, 35.60833, 0.658394, 137.738, 19.9906, -76.7505, 14.6814, 156.159, 0.0135147, -11.6511, 0.02787, -176.419, 0.0190318, 54.2416
2137, 35.61667, 0.656981, 137.371, 20.0173, -76.9047, 14.7234, 156.126, 0.0135453, -11.9173, 0.0279337, -176.564, 0.0191035, 54.2043
2138, 35.62500, 0.655561, 137.003, 20.0439, -77.0593, 14.7655, 156.092, 0.0135758, -12.1841, 0.0279973, -176.709, 0.0191756, 54.1665
2138, 35.63333, 0.654136, 136.633, 20.0704, -77.2142, 14.8079, 156.058, 0.0136063, -12.4514, 0.0280608, -176.854, 0.0192481, 54.1282
2139, 35.64167, 0.652703, 136.261, 20.0968, -77.3695, 14.8505, 156.024, 0.0136368, -12.7193, 0.0281242, -176.999, 0.0193208, 54.0894
2139, 35.65000, 0.651264, 135.887, 20.123, -77.5251, 14.8932, 155.988, 0.0136672, -12.9877, 0.0281875, -177.145, 0.0193939, 54.0501
2140, 35.65833, 0.649818, 135.511, 20.1491, -77.6811, 14.9361, 155.953, 0.0136976, -13.2567, 0.0282506, -177.291, 0.0194673, 54.0104
2140, 35.66667, 0.648366, 135.134, 20.175, -77.8374, 14.9793, 155.916, 0.013728, -13.5262, 0.0283136, -177.438, 0.0195411, 53.9701
2141, 35.67500, 0.646907, 134.755, 20.2008, -77.994, 15.0226, 155.879, 0.0137584, -13.7962, 0.0283764, -177.584, 0.0196152, 53.9293
2141, 35.68333, 0.645443, 134.373, 20.2265, -78.1509, 15.0661, 155.842, 0.0137888, -14.0668, 0.0284392, -177.731, 0.0196896, 53.8881
2142, 35.69167, 0.643971, 133.99, 20.252, -78.3082, 15.1098, 155.804, 0.0138191, -14.3379, 0.0285018, -177.879, 0.0197643, 53.8463
2142, 35.70000, 0.642494, 133.606, 20.2774, -78.4658, 15.1538, 155.765, 0.0138493, -14.6096, 0.0285642, -178.026, 0.0198394, 53.8041
2143, 35.70833, 0.64101, 133.219, 20.3026, -78.6237, 15.1979, 155.726, 0.0138796, -14.8817, 0.0286266, -178.174, 0.0199148, 53.7613
2143, 35.71667, 0.639521, 132.83, 20.3277, -78.7819, 15.2421, 155.686, 0.0139098, -15.1545, 0.0286887, -178.323, 0.0199906, 53.718
2144, 35.72500, 0.638025, 132.44, 20.3526, -78.9405, 15.2866, 155.646, 0.01394, -15.4277, 0.0287507, -178.471, 0.0200667, 53.6742
2144, 35.73333, 0.636523, 132.047, 20.3773, -79.0993, 15.3313, 155.605, 0.0139701, -15.7014, 0.0288126, -178.62, 0.0201431, 53.6299
2145, 35.74167, 0.635016, 131.653, 20.402, -79.2585, 15.3762, 155.564, 0.0140002, -15.9757, 0.0288743, -178.769, 0.0202198, 53.5851
2145, 35.75000, 0.633502, 131.257, 20.4264, -79.4179, 15.4212, 155.522, 0.0140303, -16.2505, 0.0289359, -178.918, 0.0202969, 53.5398
2146, 35.75833, 0.631983, 130.858, 20.4507, -79.5776, 15.4665, 155.479, 0.0140603, -16.5258, 0.0289973, -179.068, 0.0203744, 53.494
2146, 35.76667, 0.630458, 130.458, 20.4748, -79.7377, 15.512, 155.436, 0.0140902, -16.8016, 0.0290585, -179.218, 0.0204521, 53.4477
2147, 35.77500, 0.628928, 130.056, 20.4988, -79.898, 15.5576, 155.392, 0.0141201, -17.0779, 0.0291196, -179.368, 0.0205302, 53.4008
2147, 35.78333, 0.627392, 129.652, 20.5226, -80.0586, 15.6034, 155.348, 0.01415, -17.3547, 0.0291804, -179.518, 0.0206087, 53.3535
2148, 35.79167, 0.62585, 129.245, 20.5462, -80.2195, 15.6495, 155.303, 0.0141798, -17.6321, 0.0292412, -179.669, 0.0206875, 53.3056
2148, 35.80000, 0.624304, 128.837, 20.5696, -80.3807, 15.6957, 155.257, 0.0142096, -17.9099, 0.0293017, -179.82, 0.0207666, 53.2572
2149, 35.80833, 0.622752, 128.427, 20.5929, -80.5421, 15.7421, 155.211, 0.0142393, -18.1882, 0.029362, -179.971, 0.020846, 53.2082
2149, 35.81667, 0.621194, 128.015, 20.616, -80.7038, 15.7887, 155.164, 0.014269, -18.4671, 0.0294222, 179.877, 0.0209259, 53.1588
2150, 35.82500, 0.619632, 127.6, 20.639, -80.8658, 15.8355, 155.117, 0.0142986, -18.7464, 0.0294822, 179.726, 0.021006, 53.1088
2150, 35.83333, 0.618065, 127.184, 20.6617, -81.028, 15.8824, 155.068, 0.0143282, -19.0262, 0.029542, 179.574, 0.0210865, 53.0583
2151, 35.84167, 0.616493, 126.765, 20.6843, -81.1905, 15.9296, 155.02, 0.0143577, -19.3065, 0.0296016, 179.422, 0.0211673, 53.0073
2151, 35.85000, 0.614916, 126.345, 20.7067, -81.3533, 15.9769, 154.971, 0.0143871, -19.5873, 0.029661, 179.269, 0.0212485, 52.9558
2152, 35.85833, 0.613335, 125.922, 20.7289, -81.5163, 16.0245, 154.921, 0.0144165, -19.8686, 0.0297202, 179.117, 0.02133, 52.9037
2152, 35.86667, 0.611749, 125.497, 20.751, -81.6795, 16.0722, 154.87, 0.0144458, -20.1503, 0.0297792, 178.964, 0.0214118, 52.8511
2153, 35.87500, 0.610159, 125.07, 20.7728, -81.843, 16.1201, 154.819, 0.014475, -20.4325, 0.029838, 178.811, 0.021494, 52.798
2153, 35.88333, 0.608564, 124.641, 20.7945, -82.0067, 16.1683, 154.768, 0.0145042, -20.7152, 0.0298966, 178.658, 0.0215765, 52.7443
2154, 35.89167, 0.606965, 124.21, 20.816, -82.1706, 16.2166, 154.715, 0.0145334, -20.9984, 0.029955, 178.505, 0.0216594, 52.6901
2154, 35.90000, 0.605362, 123.776, 20.8373, -82.3348, 16.265, 154.663, 0.0145624, -21.282, 0.0300131, 178.351, 0.0217427, 52.6354
2155, 35.90833, 0.603756, 123.341, 20.8584, -82.4991, 16.3137, 154.609, 0.0145914, -21.5661, 0.0300711, 178.197, 0.0218262, 52.5802
2155, 35.91667, 0.602145, 122.903, 20.8793, -82.6637, 16.3626, 154.555, 0.0146203, -21.8506, 0.0301288, 178.043, 0.0219101, 52.5244
2156, 35.92500, 0.60053, 122.463, 20.9, -82.8286, 16.4116, 154.5, 0.0146491, -22.1356, 0.0301863, 177.889, 0.0219944, 52.4681
2156, 35.93333, 0.598913, 122.02, 20.9205, -82.9936, 16.4608, 154.445, 0.0146779, -22.421, 0.0302436, 177.735, 0.022079, 52.4113
2157, 35.94167, 0.597291, 121.576, 20.9408, -83.1588, 16.5102, 154.389, 0.0147066, -22.707, 0.0303006, 177.581, 0.0221639, 52.3539
2157, 35.95000, 0.595667, 121.129, 20.961, -83.3242, 16.5598, 154.332, 0.0147352, -22.9933, 0.0303575, 177.426, 0.0222492, 52.296
2158, 35.95833, 0.594039, 120.68, 20.9809, -83.4898, 16.6096, 154.275, 0.0147637, -23.28, 0.030414, 177.271, 0.0223349, 52.2376
2158, 35.96667, 0.592408, 120.229, 21.0006, -83.6556, 16.6596, 154.217, 0.0147922, -23.5673, 0.0304704, 177.116, 0.0224208, 52.1786
2159, 35.97500, 0.590775, 119.775, 21.0201, -83.8215, 16.7097, 154.159, 0.0148205, -23.8549, 0.0305265, 176.961, 0.0225072, 52.1191
2159, 35.98333, 0.589139, 119.319, 21.0394, -83.9876, 16.76, 154.1, 0.0148488, -24.143, 0.0305823, 176.806, 0.0225938, 52.0591
2160, 35.99167, 0.5875, 118.861, 21.0586, -84.154, 16.8105, 154.04, 0.014877, -24.4315, 0.030638, 176.651, 0.0226808, 51.9985
2160, 36.00000, 0.585859, 118.4, 21.0775, -84.3204, 16.8612, 153.98, 0.0149052, -24.7204, 0.0306933, 176.495, 0.0227682, 51.9374
2161, 36.00833, 0.584215, 117.937, 21.0961, -84.4871, 16.9121, 153.919, 0.0149332, -25.0097, 0.0307485, 176.34, 0.0228559, 51.8758
2161, 36.01667, 0.58257, 117.471, 21.1146, -84.6539, 16.9631, 153.857, 0.0149611, -25.2994, 0.0308033, 176.184, 0.022944, 51.8136
2162, 36.02500, 0.580923, 117.004, 21.1329, -84.8208, 17.0144, 153.795, 0.014989, -25.5896, 0.0308579, 176.028, 0.0230324, 51.7509
2162, 36.03333, 0.579274, 116.533, 21.151, -84.9879, 17.0658, 153.732, 0.0150167, -25.8801, 0.0309123, 175.872, 0.0231211, 51.6877
2163, 36.04167, 0.577623, 116.061, 21.1688, -85.1551, 17.1173, 153.669, 0.0150444, -26.1711, 0.0309664, 175.716, 0.0232102, 51.6239
2163, 36.05000, 0.575971, 115.586, 21.1865, -85.3224, 17.1691, 153.605, 0.015072, -26.4624, 0.0310202, 175.56, 0.0232996, 51.5597
2164, 36.05833, 0.574319, 115.108, 21.2039, -85.4899, 17.221, 153.54, 0.0150995, -26.7542, 0.0310738, 175.404, 0.0233894, 51.4948
2164, 36.06667, 0.572665, 114.628, 21.2211, -85.6575, 17.2731, 153.475, 0.0151269, -27.0463, 0.031127, 175.248, 0.0234795, 51.4295
2165, 36.07500, 0.57101, 114.146, 21.2381, -85.8252, 17.3254, 153.409, 0.0151541, -27.3388, 0.0311801, 175.091, 0.02357, 51.3636
2165, 36.08333, 0.569355, 113.661, 21.2548, -85.993, 17.3779, 153.342, 0.0151813, -27.6317, 0.0312328, 174.935, 0.0236608, 51.2972
2166, 36.09167, 0.567699, 113.173, 21.2714, -86.161, 17.4305, 153.275, 0.0152084, -27.925, 0.0312853, 174.778, 0.023752, 51.2302
2166, 36.10000, 0.566043, 112.683, 21.2877, -86.329, 17.4833, 153.207, 0.0152354, -28.2186, 0.0313375, 174.622, 0.0238435, 51.1627
2167, 36.10833, 0.564387, 112.191, 21.3038, -86.4971, 17.5363, 153.139, 0.0152623, -28.5126, 0.0313894, 174.465, 0.0239354, 51.0947
2167, 36.11667, 0.562731, 111.696, 21.3197, -86.6654, 17.5894, 153.07, 0.0152891, -28.807, 0.031441, 174.309, 0.0240276, 51.0262
2168, 36.12500, 0.561076, 111.198, 21.3353, -86.8336, 17.6428, 153, 0.0153157, -29.1017, 0.0314924, 174.152, 0.0241201, 50.9571
2168, 36.13333, 0.559421, 110.698, 21.3507, -87.002, 17.6962, 152.93, 0.0153423, -29.3968, 0.0315434, 173.995, 0.024213, 50.8875
2169, 36.14167, 0.557767, 110.195, 21.3659, -87.1705, 17.7499, 152.859, 0.0153688, -29.6922, 0.0315942, 173.838, 0.0243063, 50.8174
2169, 36.15000, 0.556115, 109.69, 21.3809, -87.339, 17.8037, 152.788, 0.0153951, -29.988, 0.0316447, 173.682, 0.0243999, 50.7467
2170, 36.15833, 0.554463, 109.182, 21.3957, -87.5075, 17.8577, 152.716, 0.0154214, -30.2841, 0.0316949, 173.525, 0.0244938, 50.6756
2170, 36.16667, 0.552813, 108.671, 21.4102, -87.6761, 17.9119, 152.643, 0.0154475, -30.5806, 0.0317448, 173.368, 0.0245881, 50.6039
2171, 36.17500, 0.551165, 108.158, 21.4245, -87.8448, 17.9662, 152.57, 0.0154735, -30.8773, 0.0317944, 173.211, 0.0246827, 50.5317
2171, 36.18333, 0.549519, 107.642, 21.4385, -88.0135, 18.0207, 152.496, 0.0154994, -31.1744, 0.0318437, 173.054, 0.0247777, 50.4589
2172, 36.19167, 0.547874, 107.123, 21.4524, -88.1823, 18.0754, 152.421, 0.0155252, -31.4719, 0.0318927, 172.897, 0.024873, 50.3857
2172, 36.20000, 0.546233, 106.602, 21.466, -88.351, 18.1302, 152.346, 0.0155508, -31.7696, 0.0319414, 172.741, 0.0249687, 50.3119
2173, 36.20833, 0.544594, 106.078, 21.4793, -88.5198, 18.1852, 152.27, 0.0155764, -32.0676, 0.0319898, 172.584, 0.0250647, 50.2376
2173, 36.21667, 0.542958, 105.551, 21.4925, -88.6886, 18.2403, 152.194, 0.0156018, -32.366, 0.0320379, 172.427, 0.0251611, 50.1628
2174, 36.22500, 0.541325, 105.022, 21.5054, -88.8574, 18.2957, 152.117, 0.0156271, -32.6647, 0.0320857, 172.27, 0.0252578, 50.0874
2174, 36.23333, 0.539696, 104.489, 21.5181, -89.0262, 18.3511, 152.039, 0.0156523, -32.9636, 0.0321332, 172.114, 0.0253548, 50.0116
2175, 36.24167, 0.53807, 103.954, 21.5305, -89.1951, 18.4068, 151.961, 0.0156774, -33.2629, 0.0321804, 171.957, 0.0254522, 49.9352
2175, 36.25000, 0.536449, 103.417, 21.5427, -89.3639, 18.4626, 151.882, 0.0157024, -33.5624, 0.0322273, 171.801, 0.0255499, 49.8583
2176, 36.25833, 0.534831, 102.876, 21.5547, -89.5327, 18.5185, 151.803, 0.0157272, -33.8622, 0.0322738, 171.644, 0.025648, 49.7809
2176, 36.26667, 0.533218, 102.333, 21.5664, -89.7015, 18.5746, 151.723, 0.0157519, -34.1624, 0.0323201, 171.488, 0.0257465, 49.703
2177, 36.27500, 0.53161, 101.787, 21.5779, -89.8702, 18.6309, 151.642, 0.0157765, -34.4627, 0.032366, 171.331, 0.0258452, 49.6246
2177, 36.28333, 0.530007, 101.238, 21.5892, -90.0389, 18.6873, 151.561, 0.0158009, -34.7634, 0.0324116, 171.175, 0.0259443, 49.5457
2178, 36.29167, 0.528409, 100.686, 21.6002, -90.2076, 18.7439, 151.479, 0.0158253, -35.0643, 0.0324569, 171.019, 0.0260438, 49.4663
2178, 36.30000, 0.526817, 100.132, 21.611, -90.3763, 18.8006, 151.397, 0.0158495, -35.3655, 0.0325019, 170.863, 0.0261436, 49.3864
2179, 36.30833, 0.525231, 99.5742, 21.6216, -90.5448, 18.8575, 151.314, 0.0158735, -35.6669, 0.0325465, 170.707, 0.0262438, 49.3059
2179, 36.31667, 0.523651, 99.0139, 21.6319, -90.7134, 18.9146, 151.23, 0.0158975, -35.9686, 0.0325909, 170.551, 0.0263443, 49.225
2180, 36.32500, 0.522077, 98.4508, 21.642, -90.8819, 18.9717, 151.146, 0.0159213, -36.2705, 0.0326349, 170.395, 0.0264451, 49.1436
2180, 36.33333, 0.52051, 97.8848, 21.6518, -91.0502, 19.0291, 151.061, 0.0159449, -36.5726, 0.0326786, 170.239, 0.0265463, 49.0616
2181, 36.34167, 0.51895, 97.3159, 21.6614, -91.2186, 19.0866, 150.976, 0.0159685, -36.8751, 0.032722, 170.084, 0.0266479, 48.9792
2181, 36.35000, 0.517398, 96.7442, 21.6708, -91.3868, 19.1442, 150.89, 0.0159919, -37.1777, 0.0327651, 169.928, 0.0267497, 48.8963
2182, 36.35833, 0.515853, 96.1696, 21.68, -91.5549, 19.202, 150.803, 0.0160152, -37.4805, 0.0328078, 169.773, 0.026852, 48.8129
2182, 36.36667, 0.514316, 95.592, 21.6889, -91.723, 19.26, 150.716, 0.0160383, -37.7836, 0.0328502, 169.618, 0.0269545, 48.729
2183, 36.37500, 0.512787, 95.0116, 21.6976, -91.891, 19.3181, 150.629, 0.0160613, -38.0869, 0.0328923, 169.463, 0.0270574, 48.6446
2183, 36.38333, 0.511267, 94.4282, 21.706, -92.0588, 19.3763, 150.54, 0.0160842, -38.3904, 0.0329341, 169.308, 0.0271607, 48.5597
2184, 36.39167, 0.509756, 93.8419, 21.7142, -92.2265, 19.4347, 150.452, 0.0161069, -38.6941, 0.0329755, 169.154, 0.0272643, 48.4743
2184, 36.40000, 0.508254, 93.2527, 21.7222, -92.3941, 19.4932, 150.362, 0.0161295, -38.998, 0.0330166, 168.999, 0.0273682, 48.3885
2185, 36.40833, 0.506762, 92.6606, 21.7299, -92.5616, 19.5519, 150.272, 0.016152, -39.3021, 0.0330574, 168.845, 0.0274725, 48.3022
2185, 36.41667, 0.505279, 92.0655, 21.7374, -92.729, 19.6107, 150.182, 0.0161743, -39.6064, 0.0330979, 168.691, 0.0275772, 48.2153
2186, 36.42500, 0.503807, 91.4675, 21.7447, -92.8962, 19.6697, 150.091, 0.0161965, -39.9109, 0.0331381, 168.537, 0.0276822, 48.1281
2186, 36.43333, 0.502345, 90.8666, 21.7517, -93.0633, 19.7288, 149.999, 0.0162186, -40.2155, 0.0331779, 168.383, 0.0277875, 48.0403
2187, 36.44167, 0.500894, 90.2627, 21.7585, -93.2302, 19.7881, 149.907, 0.0162405, -40.5204, 0.0332174, 168.23, 0.0278932, 47.952
2187, 36.45000, 0.499454, 89.656, 21.7651, -93.3969, 19.8475, 149.814, 0.0162623, -40.8254, 0.0332565, 168.076, 0.0279992, 47.8633
2188, 36.45833, 0.498025, 89.0463, 21.7714, -93.5635, 19.907, 149.721, 0.0162839, -41.1305, 0.0332954, 167.923, 0.0281055, 47.7742
2188, 36.46667, 0.496608, 88.4336, 21.7775, -93.73, 19.9667, 149.627, 0.0163054, -41.4359, 0.0333339, 167.77, 0.0282123, 47.6845
2189, 36.47500, 0.495204, 87.818, 21.7834, -93.8962, 20.0265, 149.532, 0.0163267, -41.7414, 0.0333721, 167.618, 0.0283193, 47.5944
2189, 36.48333, 0.493812, 87.1995, 21.789, -94.0623, 20.0864, 149.437, 0.0163479, -42.047, 0.03341, 167.465, 0.0284267, 47.5038
2189, 36.49167, 0.492433, 86.578, 21.7944, -94.2282, 20.1465, 149.342, 0.016369, -42.3529, 0.0334475, 167.313, 0.0285345, 47.4127
2190, 36.50000, 0.491067, 85.9537, 21.7996, -94.3938, 20.2068, 149.246, 0.0163899, -42.6588, 0.0334848, 167.161, 0.0286425, 47.3212
2191, 36.50833, 0.489715, 85.3264, 21.8046, -94.5593, 20.2671, 149.149, 0.0164107, -42.9649, 0.0335217, 167.01, 0.028751, 47.2293
2191, 36.51667, 0.488376, 84.6962, 21.8093, -94.7246, 20.3276, 149.052, 0.0164313, -43.2711, 0.0335583, 166.858, 0.0288598, 47.1368
2192, 36.52500, 0.487051, 84.0631, 21.8138, -94.8897, 20.3883, 148.954, 0.0164518, -43.5774, 0.0335946, 166.707, 0.0289689, 47.044
2192, 36.53333, 0.485742, 83.4271, 21.8181, -95.0545, 20.4491, 148.856, 0.0164722, -43.8839, 0.0336305, 166.557, 0.0290784, 46.9507
2193, 36.54167, 0.484447, 82.7882, 21.8222, -95.2191, 20.51, 148.757, 0.0164924, -44.1905, 0.0336661, 166.406, 0.0291882, 46.8569
2193, 36.55000, 0.483167, 82.1465, 21.826, -95.3835, 20.571, 148.658, 0.0165124, -44.4972, 0.0337014, 166.256, 0.0292984, 46.7626
2193, 36.55833, 0.481903, 81.5019, 21.8296, -95.5477, 20.6322, 148.558, 0.0165323, -44.804, 0.0337364, 166.106, 0.0294089, 46.668
2194, 36.56667, 0.480655, 80.8545, 21.833, -95.7116, 20.6935, 148.458, 0.0165521, -45.1109, 0.0337711, 165.956, 0.0295198, 46.5729
2195, 36.57500, 0.479423, 80.2042, 21.8362, -95.8753, 20.7549, 148.357, 0.0165717, -45.418, 0.0338055, 165.807, 0.029631, 46.4773
2195, 36.58333, 0.478208, 79.5511, 21.8392, -96.0387, 20.8165, 148.256, 0.0165912, -45.7251, 0.0338396, 165.658, 0.0297425, 46.3813
2196, 36.59167, 0.477009, 78.8952, 21.8419, -96.2018, 20.8782, 148.154, 0.0166106, -46.0323, 0.0338733, 165.509, 0.0298544, 46.2849
2196, 36.60000, 0.475829, 78.2365, 21.8444, -96.3647, 20.9401, 148.052, 0.0166298, -46.3396, 0.0339067, 165.361, 0.0299667, 46.188
2197, 36.60833, 0.474666, 77.5751, 21.8467, -96.5273, 21.002, 147.949, 0.0166488, -46.647, 0.0339399, 165.213, 0.0300793, 46.0907
2197, 36.61667, 0.47352, 76.9109, 21.8488, -96.6896, 21.0641, 147.845, 0.0166677, -46.9545, 0.0339727, 165.065, 0.0301923, 45.993
2197, 36.62500, 0.472394, 76.244, 21.8507, -96.8517, 21.1264, 147.741, 0.0166865, -47.262, 0.0340052, 164.918, 0.0303056, 45.8948
2198, 36.63333, 0.471286, 75.5744, 21.8524, -97.0134, 21.1887, 147.637, 0.0167051, -47.5696, 0.0340374, 164.771, 0.0304192, 45.7962
2199, 36.64167, 0.470197, 74.9021, 21.8539, -97.1749, 21.2512, 147.532, 0.0167236, -47.8773, 0.0340693, 164.624, 0.0305333, 45.6972
2199, 36.65000, 0.469128, 74.2272, 21.8551, -97.3361, 21.3138, 147.427, 0.0167419, -48.185, 0.0341009, 164.478, 0.0306476, 45.5978
2200, 36.65833, 0.468078, 73.5497, 21.8562, -97.4969, 21.3766, 147.321, 0.0167601, -48.4928, 0.0341322, 164.332, 0.0307623, 45.4979
2200, 36.66667, 0.467048, 72.8695, 21.857, -97.6575, 21.4395, 147.214, 0.0167782, -48.8007, 0.0341633, 164.187, 0.0308774, 45.3976
2201, 36.67500, 0.466039, 72.1868, 21.8577, -97.8177, 21.5025, 147.108, 0.0167961, -49.1086, 0.034194, 164.042, 0.0309928, 45.2969
2201, 36.68333, 0.465051, 71.5016, 21.8581, -97.9776, 21.5656, 147, 0.0168138, -49.4166, 0.0342244, 163.897, 0.0311086, 45.1958
2201, 36.69167, 0.464084, 70.8138, 21.8584, -98.1372, 21.6288, 146.892, 0.0168315, -49.7246, 0.0342546, 163.752, 0.0312248, 45.0943
2202, 36.70000, 0.463139, 70.1236, 21.8584, -98.2965, 21.6922, 146.784, 0.0168489, -50.0326, 0.0342844, 163.609, 0.0313412, 44.9924
2203, 36.70833, 0.462215, 69.431, 21.8583, -98.4554, 21.7557, 146.675, 0.0168663, -50.3407, 0.034314, 163.465, 0.0314581, 44.89
2203, 36.71667, 0.461313, 68.7359, 21.8579, -98.614, 21.8194, 146.566, 0.0168835, -50.6488, 0.0343433, 163.322, 0.0315753, 44.7873
2204, 36.72500, 0.460434, 68.0386, 21.8574, -98.7722, 21.8831, 146.456, 0.0169005, -50.9569, 0.0343723, 163.179, 0.0316929, 44.6842
2204, 36.73333, 0.459578, 67.3389, 21.8567, -98.93, 21.947, 146.346, 0.0169174, -51.265, 0.034401, 163.037, 0.0318108, 44.5806
2205, 36.74167, 0.458744, 66.6369, 21.8558, -99.0876, 22.011, 146.236, 0.0169342, -51.5732, 0.0344294, 162.895, 0.0319291, 44.4766
2205, 36.75000, 0.457935, 65.9327, 21.8547, -99.2447, 22.0752, 146.124, 0.0169508, -51.8814, 0.0344576, 162.754, 0.0320477, 44.3723
2205, 36.75833, 0.457149, 65.2264, 21.8534, -99.4015, 22.1394, 146.013, 0.0169673, -52.1896, 0.0344855, 162.613, 0.0321667, 44.2676
2206, 36.76667, 0.456387, 64.5178, 21.8519, -99.5579, 22.2038, 145.901, 0.0169837, -52.4978, 0.0345132, 162.472, 0.0322861, 44.1624
2207, 36.77500, 0.455649, 63.8072, 21.8503, -99.7139, 22.2683, 145.788, 0.0169999, -52.806, 0.0345405, 162.332, 0.0324058, 44.0569
2207, 36.78333, 0.454936, 63.0946, 21.8484, -99.8696, 22.333, 145.675, 0.017016, -53.1142, 0.0345677, 162.192, 0.0325259, 43.951
2208, 36.79167, 0.454248, 62.3799, 21.8464, -100.025, 22.3978, 145.562, 0.0170319, -53.4224, 0.0345945, 162.053, 0.0326463, 43.8447
2208, 36.80000, 0.453586, 61.6634, 21.8443, -100.18, 22.4626, 145.448, 0.0170477, -53.7306, 0.0346211, 161.914, 0.0327672, 43.738
2209, 36.80833, 0.452949, 60.9449, 21.8419, -100.334, 22.5277, 145.334, 0.0170634, -54.0388, 0.0346475, 161.776, 0.0328883, 43.6309
2209, 36.81667, 0.452337, 60.2246, 21.8394, -100.488, 22.5928, 145.219, 0.0170789, -54.347, 0.0346736, 161.638, 0.0330099, 43.5234
2209, 36.82500, 0.451752, 59.5025, 21.8367, -100.642, 22.6581, 145.104, 0.0170943, -54.6552, 0.0346994, 161.501, 0.0331318, 43.4156
2210, 36.83333, 0.451193, 58.7787, 21.8338, -100.795, 22.7235, 144.988, 0.0171095, -54.9633, 0.034725, 161.364, 0.0332541, 43.3073
2211, 36.84167, 0.450661, 58.0532, 21.8308, -100.948, 22.789, 144.872, 0.0171247, -55.2714, 0.0347504, 161.228, 0.0333768, 43.1987
2211, 36.85000, 0.450156, 57.3262, 21.8276, -101.1, 22.8546, 144.756, 0.0171397, -55.5795, 0.0347755, 161.092, 0.0334998, 43.0897
2212, 36.85833, 0.449678, 56.5976, 21.8243, -101.252, 22.9204, 144.639, 0.0171545, -55.8876, 0.0348004, 160.956, 0.0336232, 42.9804
2212, 36.86667, 0.449227, 55.8675, 21.8208, -101.404, 22.9863, 144.521, 0.0171692, -56.1957, 0.0348251, 160.822, 0.033747, 42.8706
2213, 36.87500, 0.448804, 55.136, 21.8171, -101.555, 23.0523, 144.403, 0.0171838, -56.5037, 0.0348496, 160.687, 0.0338712, 42.7605
2213, 36.88333, 0.448409, 54.4032, 21.8133, -101.706, 23.1184, 144.285, 0.0171983, -56.8116, 0.0348738, 160.553, 0.0339957, 42.6501
2213, 36.89167, 0.448042, 53.669, 21.8094, -101.856, 23.1847, 144.167, 0.0172126, -57.1196, 0.0348978, 160.42, 0.0341207, 42.5392
2214, 36.90000, 0.447704, 52.9337, 21.8053, -102.006, 23.2511, 144.048, 0.0172268, -57.4275, 0.0349216, 160.287, 0.034246, 42.428
2215, 36.90833, 0.447394, 52.1972, 21.801, -102.155, 23.3176, 143.928, 0.0172409, -57.7353, 0.0349452, 160.155, 0.0343717, 42.3164
2215, 36.91667, 0.447113, 51.4596, 21.7966, -102.304, 23.3843, 143.808, 0.0172549, -58.0431, 0.0349685, 160.023, 0.0344977, 42.2045
2216, 36.92500, 0.44686, 50.721, 21.7921, -102.453, 23.4511, 143.688, 0.0172687, -58.3509, 0.0349917, 159.892, 0.0346242, 42.0922
2216, 36.93333, 0.446637, 49.9815, 21.7874, -102.601, 23.518, 143.567, 0.0172824, -58.6586, 0.0350147, 159.761, 0.034751, 41.9795
2217, 36.94167, 0.446443, 49.241, 21.7826, -102.748, 23.585, 143.446, 0.017296, -58.9662, 0.0350375, 159.631, 0.0348783, 41.8665
2217, 36.95000, 0.446279, 48.4999, 21.7777, -102.895, 23.6522, 143.324, 0.0173094, -59.2738, 0.0350601, 159.501, 0.0350059, 41.7531
2217, 36.95833, 0.446145, 47.758, 21.7726, -103.042, 23.7195, 143.202, 0.0173228, -59.5813, 0.0350825, 159.372, 0.0351339, 41.6394
2218, 36.96667, 0.44604, 47.0154, 21.7674, -103.188, 23.7869, 143.08, 0.017336, -59.8888, 0.0351047, 159.244, 0.0352623, 41.5252
2219, 36.97500, 0.445965, 46.2723, 21.7621, -103.334, 23.8544, 142.957, 0.0173491, -60.1962, 0.0351267, 159.116, 0.0353911, 41.4108
2219, 36.98333, 0.445921, 45.5286, 21.7567, -103.479, 23.9221, 142.834, 0.017362, -60.5036, 0.0351486, 158.988, 0.0355203, 41.296
2220, 36.99167, 0.445907, 44.7845, 21.7511, -103.624, 23.9899, 142.711, 0.0173749, -60.8109, 0.0351703, 158.861, 0.0356499, 41.1808
2220, 37.00000, 0.445923, 44.0401, 21.7454, -103.768, 24.0579, 142.587, 0.0173876, -61.1181, 0.0351918, 158.735, 0.0357799, 41.0653
2221, 37.00833, 0.445969, 43.2955, 21.7396, -103.912, 24.1259, 142.462, 0.0174002, -61.4252, 0.0352132, 158.609, 0.0359103, 40.9494
2221, 37.01667, 0.446047, 42.5505, 21.7337, -104.055, 24.1941, 142.337, 0.0174128, -61.7323, 0.0352344, 158.484, 0.0360411, 40.8332
2221, 37.02500, 0.446155, 41.8055, 21.7277, -104.198, 24.2625, 142.212, 0.0174251, -62.0393, 0.0352555, 158.359, 0.0361723, 40.7166
2222, 37.03333, 0.446294, 41.0605, 21.7216, -104.34, 24.3309, 142.087, 0.0174374, -62.3462, 0.0352764, 158.235, 0.0363039, 40.5997
2223, 37.04167, 0.446464, 40.3154, 21.7154, -104.482, 24.3995, 141.961, 0.0174496, -62.6531, 0.0352972, 158.112, 0.0364359, 40.4824
2223, 37.05000, 0.446665, 39.5705, 21.709, -104.623, 24.4683, 141.834, 0.0174616, -62.9598, 0.0353178, 157.989, 0.0365683, 40.3648
2224, 37.05833, 0.446897, 38.8258, 21.7026, -104.764, 24.5371, 141.708, 0.0174736, -63.2665, 0.0353383, 157.866, 0.0367012, 40.2469
2224, 37.06667, 0.44716, 38.0812, 21.6961, -104.904, 24.6061, 141.581, 0.0174854, -63.5731, 0.0353587, 157.745, 0.0368344, 40.1285
2225, 37.07500, 0.447454, 37.3371, 21.6895, -105.044, 24.6753, 141.453, 0.0174971, -63.8796, 0.0353789, 157.623, 0.0369681, 40.0099
2225, 37.08333, 0.44778, 36.5934, 21.6828, -105.183, 24.7445, 141.325, 0.0175088, -64.1861, 0.0353991, 157.503, 0.0371022, 39.8909
2225, 37.09167, 0.448137, 35.8501, 21.676, -105.322, 24.814, 141.197, 0.0175203, -64.4924, 0.0354191, 157.383, 0.0372367, 39.7715
2226, 37.10000, 0.448525, 35.1075, 21.6691, -105.46, 24.8835, 141.068, 0.0175317, -64.7987, 0.035439, 157.263, 0.0373717, 39.6518
2227, 37.10833, 0.448945, 34.3655, 21.6622, -105.598, 24.9532, 140.939, 0.017543, -65.1049, 0.0354588, 157.145, 0.037507, 39.5318
2227, 37.11667, 0.449396, 33.6241, 21.6551, -105.735, 25.023, 140.81, 0.0175542, -65.411, 0.0354785, 157.026, 0.0376428, 39.4114
2228, 37.12500, 0.449878, 32.8836, 21.648, -105.872, 25.093, 140.68, 0.0175653, -65.717, 0.0354981, 156.909, 0.0377791, 39.2907
2228, 37.13333, 0.450391, 32.1439, 21.6408, -106.008, 25.1631, 140.55, 0.0175763, -66.0229, 0.0355176, 156.792, 0.0379157, 39.1697
2229, 37.14167, 0.450936, 31.4051, 21.6336, -106.144, 25.2334, 140.419, 0.0175872, -66.3288, 0.0355371, 156.675, 0.0380528, 39.0482
2229, 37.15000, 0.451512, 30.6673, 21.6263, -106.279, 25.3038, 140.288, 0.017598, -66.6345, 0.0355564, 156.559, 0.0381904, 38.9265
2229, 37.15833, 0.45212, 29.9307, 21.6189, -106.414, 25.3743, 140.157, 0.0176088, -66.9402, 0.0355757, 156.444, 0.0383283, 38.8044
2230, 37.16667, 0.452758, 29.1951, 21.6115, -106.548, 25.445, 140.025, 0.0176194, -67.2458, 0.0355949, 156.329, 0.0384668, 38.682
2231, 37.17500, 0.453428, 28.4608, 21.604, -106.681, 25.5158, 139.893, 0.0176299, -67.5512, 0.0356141, 156.215, 0.0386056, 38.5592
2231, 37.18333, 0.454129, 27.7278, 21.5964, -106.814, 25.5868, 139.761, 0.0176403, -67.8566, 0.0356332, 156.102, 0.0387449, 38.4361
2232, 37.19167, 0.454861, 26.996, 21.5888, -106.947, 25.6579, 139.628, 0.0176507, -68.1619, 0.0356522, 155.989, 0.0388847, 38.3126
2232, 37.20000, 0.455624, 26.2657, 21.5811, -107.079, 25.7292, 139.495, 0.0176609, -68.4671, 0.0356712, 155.877, 0.0390249, 38.1888
2233, 37.20833, 0.456418, 25.5369, 21.5734, -107.21, 25.8006, 139.361, 0.0176711, -68.7722, 0.0356901, 155.765, 0.0391656, 38.0647
2233, 37.21667, 0.457243, 24.8095, 21.5657, -107.341, 25.8722, 139.228, 0.0176812, -69.0773, 0.0357091, 155.654, 0.0393067, 37.9402
2233, 37.22500, 0.458098, 24.0839, 21.5579, -107.472, 25.9439, 139.093, 0.0176912, -69.3822, 0.0357279, 155.544, 0.0394483, 37.8154
2234, 37.23333, 0.458984, 23.3599, 21.5501, -107.602, 26.0158, 138.959, 0.0177011, -69.687, 0.0357468, 155.434, 0.0395904, 37.6902
2235, 37.24167, 0.459901, 22.6375, 21.5422, -107.731, 26.0878, 138.824, 0.0177109, -69.9918, 0.0357656, 155.324, 0.0397329, 37.5647
2235, 37.25000, 0.460848, 21.917, 21.5343, -107.86, 26.16, 138.688, 0.0177207, -70.2965, 0.0357844, 155.216, 0.0398759, 37.4388
2236, 37.25833, 0.461825, 21.1983, 21.5264, -107.988, 26.2323, 138.552, 0.0177304, -70.6011, 0.0358033, 155.108, 0.0400193, 37.3126
2236, 37.26667, 0.462833, 20.4814, 21.5184, -108.116, 26.3048, 138.416, 0.0177399, -70.9056, 0.0358221, 155, 0.0401633, 37.1861
2237, 37.27500, 0.463871, 19.7666, 21.5105, -108.243, 26.3775, 138.28, 0.0177495, -71.21, 0.0358409, 154.894, 0.0403077, 37.0592
2237, 37.28333, 0.464938, 19.0537, 21.5025, -108.37, 26.4503, 138.143, 0.0177589, -71.5143, 0.0358597, 154.787, 0.0404526, 36.9319
2237, 37.29167, 0.466036, 18.3428, 21.4945, -108.496, 26.5232, 138.006, 0.0177683, -71.8185, 0.0358785, 154.682, 0.040598, 36.8043
2238, 37.30000, 0.467163, 17.6341, 21.4865, -108.622, 26.5964, 137.868, 0.0177775, -72.1226, 0.0358973, 154.577, 0.0407438, 36.6764
2239, 37.30833, 0.46832, 16.9275, 21.4784, -108.747, 26.6696, 137.73, 0.0177868, -72.4267, 0.0359162, 154.472, 0.0408902, 36.5481
2239, 37.31667, 0.469506, 16.223, 21.4704, -108.872, 26.7431, 137.592, 0.0177959, -72.7307, 0.0359351, 154.369, 0.041037, 36.4195
2240, 37.32500, 0.470721, 15.5208, 21.4623, -108.996, 26.8167, 137.453, 0.017805, -73.0345, 0.0359541, 154.265, 0.0411844, 36.2905
2240, 37.33333, 0.471965, 14.8209, 21.4543, -109.119, 26.8905, 137.314, 0.017814, -73.3383, 0.035973, 154.163, 0.0413322, 36.1611
2241, 37.34167, 0.473238, 14.1232, 21.4462, -109.242, 26.9645, 137.174, 0.0178229, -73.6421, 0.035992, 154.061, 0.0414805, 36.0314
2241, 37.35000, 0.47454, 13.428, 21.4382, -109.365, 27.0386, 137.034, 0.0178318, -73.9457, 0.0360111, 153.959, 0.0416294, 35.9014
2241, 37.35833, 0.47587, 12.7352, 21.4302, -109.487, 27.1129, 136.894, 0.0178406, -74.2493, 0.0360302, 153.859, 0.0417787, 35.771
2242, 37.36667, 0.477229, 12.0447, 21.4221, -109.608, 27.1873, 136.753, 0.0178494, -74.5528, 0.0360494, 153.759, 0.0419286, 35.6402
2243, 37.37500, 0.478616, 11.3567, 21.4141, -109.729, 27.262, 136.612, 0.0178581, -74.8562, 0.0360687, 153.659, 0.042079, 35.5091
2243, 37.38333, 0.480031, 10.6713, 21.4061, -109.85, 27.3368, 136.471, 0.0178667, -75.1596, 0.036088, 153.56, 0.0422299, 35.3776
2244, 37.39167, 0.481474, 9.98827, 21.3981, -109.97, 27.4118, 136.329, 0.0178752, -75.4629, 0.0361075, 153.461, 0.0423813, 35.2458
2244, 37.40000, 0.482944, 9.30791, 21.3902, -110.089, 27.4869, 136.187, 0.0178838, -75.7661, 0.036127, 153.364, 0.0425332, 35.1136
2245, 37.40833, 0.484442, 8.63013, 21.3823, -110.208, 27.5622, 136.044, 0.0178922, -76.0692, 0.0361466, 153.266, 0.0426857, 34.981
2245, 37.41667, 0.485967, 7.95488, 21.3743, -110.326, 27.6378, 135.902, 0.0179006, -76.3723, 0.0361663, 153.17, 0.0428387, 34.8481
2245, 37.42500, 0.487519, 7.28235, 21.3665, -110.444, 27.7134, 135.758, 0.0179089, -76.6753, 0.0361861, 153.074, 0.0429922, 34.7148
2246, 37.43333, 0.489097, 6.61249, 21.3586, -110.562, 27.7893, 135.615, 0.0179172, -76.9782, 0.036206, 152.978, 0.0431463, 34.5811
2247, 37.44167, 0.490703, 5.94523, 21.3508, -110.678, 27.8654, 135.471, 0.0179255, -77.2811, 0.036226, 152.883, 0.0433009, 34.447
2247, 37.45000, 0.492335, 5.28075, 21.343, -110.795, 27.9416, 135.326, 0.0179337, -77.5839, 0.0362462, 152.789, 0.043456, 34.3126
2248, 37.45833, 0.493993, 4.619, 21.3353, -110.911, 28.018, 135.181, 0.0179418, -77.8867, 0.0362665, 152.695, 0.0436117, 34.1778
2248, 37.46667, 0.495677, 3.95992, 21.3276, -111.026, 28.0947, 135.036, 0.0179499, -78.1894, 0.0362869, 152.602, 0.043768, 34.0427
2249, 37.47500, 0.497387, 3.30367, 21.32, -111.141, 28.1714, 134.89, 0.017958, -78.4921, 0.0363074, 152.509, 0.0439248, 33.9071
2249, 37.48333, 0.499122, 2.65019, 21.3124, -111.255, 28.2484, 134.744, 0.017966, -78.7947, 0.0363281, 152.417, 0.0440821, 33.7712
2249, 37.49167, 0.500883, 1.99943, 21.3049, -111.369, 28.3256, 134.598, 0.0179739, -79.0973, 0.036349, 152.326, 0.0442401, 33.6349
2250, 37.50000, 0.502669, 1.35154, 21.2974, -111.483, 28.403, 134.451, 0.0179818, -79.3998, 0.03637, 152.235, 0.0443986, 33.4982
2251, 37.50833, 0.504479, 0.706464, 21.29, -111.595, 28.4805, 134.304, 0.0179897, -79.7023, 0.0363912, 152.144, 0.0445576, 33.3611
2251, 37.51667, 0.506315, 0.0641295, 21.2826, -111.708, 28.5583, 134.156, 0.0179976, -80.0048, 0.0364125, 152.055, 0.0447172, 33.2237
2252, 37.52500, 0.508175, -0.575301, 21.2753, -111.82, 28.6363, 134.008, 0.0180054, -80.3072, 0.036434, 151.965, 0.0448774, 33.0858
2252, 37.53333, 0.51006, -1.2119, 21.2681, -111.931, 28.7144, 133.86, 0.0180131, -80.6096, 0.0364557, 151.876, 0.0450382, 32.9475
2253, 37.54167, 0.511968, -1.84573, 21.2609, -112.042, 28.7928, 133.711, 0.0180209, -80.912, 0.0364776, 151.788, 0.0451996, 32.8089
2253, 37.55000, 0.513901, -2.47664, 21.2538, -112.153, 28.8713, 133.562, 0.0180286, -81.2143, 0.0364997, 151.701, 0.0453615, 32.6698
2253, 37.55833, 0.515857, -3.1047, 21.2468, -112.263, 28.9501, 133.412, 0.0180362, -81.5166, 0.036522, 151.613, 0.045524, 32.5304
2254, 37.56667, 0.517836, -3.72999, 21.2399, -112.372, 29.029, 133.262, 0.0180438, -81.819, 0.0365445, 151.527, 0.0456872, 32.3905
2255, 37.57500, 0.519839, -4.35236, 21.233, -112.482, 29.1082, 133.112, 0.0180514, -82.1212, 0.0365672, 151.441, 0.0458509, 32.2503
2255, 37.58333, 0.521865, -4.97187, 21.2263, -112.59, 29.1876, 132.961, 0.018059, -82.4235, 0.0365901, 151.355, 0.0460152, 32.1096
2256, 37.59167, 0.523914, -5.58862, 21.2196, -112.698, 29.2672, 132.809, 0.0180665, -82.7258, 0.0366132, 151.27, 0.0461801, 31.9685
2256, 37.60000, 0.525985, -6.20244, 21.213, -112.806, 29.3469, 132.658, 0.0180741, -83.028, 0.0366366, 151.185, 0.0463456, 31.827
2257, 37.60833, 0.528078, -6.81342, 21.2065, -112.914, 29.4269, 132.506, 0.0180815, -83.3303, 0.0366602, 151.101, 0.0465118, 31.6851
2257, 37.61667, 0.530194, -7.42163, 21.2001, -113.021, 29.5071, 132.353, 0.018089, -83.6326, 0.0366841, 151.018, 0.0466785, 31.5427
2258, 37.62500, 0.532332, -8.02694, 21.1938, -113.127, 29.5876, 132.2, 0.0180964, -83.9348, 0.0367082, 150.934, 0.0468459, 31.4
2258, 37.63333, 0.534491, -8.62943, 21.1875, -113.233, 29.6682, 132.047, 0.0181039, -84.2371, 0.0367325, 150.852, 0.0470139, 31.2568
2259, 37.64167, 0.536673, -9.22917, 21.1814, -113.339, 29.7491, 131.893, 0.0181112, -84.5394, 0.0367571, 150.77, 0.0471825, 31.1131
2259, 37.65000, 0.538875, -9.82603, 21.1754, -113.444, 29.8301, 131.738, 0.0181186, -84.8417, 0.036782, 150.688, 0.0473518, 30.9691
2260, 37.65833, 0.541099, -10.4201, 21.1695, -113.549, 29.9114, 131.584, 0.018126, -85.144, 0.0368071, 150.607, 0.0475216, 30.8246
2260, 37.66667, 0.543343, -11.0114, 21.1637, -113.653, 29.9929, 131.428, 0.0181333, -85.4464, 0.0368325, 150.526, 0.0476922, 30.6796
2261, 37.67500, 0.545608, -11.5999, 21.1581, -113.757, 30.0747, 131.273, 0.0181406, -85.7487, 0.0368582, 150.446, 0.0478633, 30.5342
2261, 37.68333, 0.547894, -12.1856, 21.1525, -113.861, 30.1566, 131.117, 0.0181479, -86.0511, 0.0368842, 150.366, 0.0480351, 30.3884
2262, 37.69167, 0.550201, -12.7687, 21.147, -113.964, 30.2388, 130.96, 0.0181552, -86.3536, 0.0369105, 150.287, 0.0482076, 30.2421
2262, 37.70000, 0.552527, -13.3489, 21.1417, -114.067, 30.3212, 130.803, 0.0181625, -86.6561, 0.0369371, 150.208, 0.0483806, 30.0954
2263, 37.70833, 0.554873, -13.9264, 21.1365, -114.169, 30.4038, 130.646, 0.0181697, -86.9586, 0.036964, 150.129, 0.0485544, 29.9482
2263, 37.71667, 0.557239, -14.5012, 21.1314, -114.271, 30.4867, 130.488, 0.018177, -87.2613, 0.0369912, 150.051, 0.0487288, 29.8005
2264, 37.72500, 0.559625, -15.0733, 21.1265, -114.373, 30.5698, 130.329, 0.0181842, -87.5639, 0.0370187, 149.973, 0.0489039, 29.6524
2264, 37.73333, 0.56203, -15.6427, 21.1217, -114.474, 30.6531, 130.171, 0.0181914, -87.8666, 0.0370465, 149.896, 0.0490796, 29.5038
2265, 37.74167, 0.564454, -16.2095, 21.117, -114.575, 30.7367, 130.011, 0.0181986, -88.1694, 0.0370747, 149.819, 0.049256, 29.3547
2265, 37.75000, 0.566897, -16.7736, 21.1124, -114.676, 30.8205, 129.851, 0.0182058, -88.4723, 0.0371032, 149.743, 0.0494331, 29.2052
2266, 37.75833, 0.569359, -17.3351, 21.108, -114.776, 30.9045, 129.691, 0.018213, -88.7752, 0.0371321, 149.667, 0.0496108, 29.0552
2266, 37.76667, 0.57184, -17.894, 21.1037, -114.876, 30.9888, 129.53, 0.0182202, -89.0782, 0.0371613, 149.591, 0.0497893, 28.9046
2267, 37.77500, 0.574339, -18.4502, 21.0996, -114.975, 31.0733, 129.369, 0.0182274, -89.3813, 0.0371908, 149.516, 0.0499684, 28.7536
2267, 37.78333, 0.576856, -19.0039, 21.0956, -115.074, 31.158, 129.207, 0.0182346, -89.6844, 0.0372207, 149.441, 0.0501482, 28.6022
2268, 37.79167, 0.579392, -19.555, 21.0918, -115.173, 31.243, 129.045, 0.0182418, -89.9877, 0.037251, 149.366, 0.0503287, 28.4502
2268, 37.80000, 0.581945, -20.1036, 21.0881, -115.272, 31.3282, 128.882, 0.0182489, -90.2911, 0.0372816, 149.292, 0.0505099, 28.2977
2269, 37.80833, 0.584516, -20.6497, 21.0845, -115.37, 31.4137, 128.719, 0.0182561, -90.5946, 0.0373126, 149.218, 0.0506917, 28.1447
2269, 37.81667, 0.587105, -21.1933, 21.0811, -115.468, 31.4994, 128.555, 0.0182633, -90.8982, 0.037344, 149.145, 0.0508743, 27.9911
2270, 37.82500, 0.589711, -21.7344, 21.0779, -115.566, 31.5854, 128.391, 0.0182704, -91.2019, 0.0373758, 149.071, 0.0510576, 27.8371
2270, 37.83333, 0.592334, -22.273, 21.0748, -115.663, 31.6716, 128.226, 0.0182776, -91.5057, 0.037408, 148.998, 0.0512416, 27.6826
2271, 37.84167, 0.594974, -22.8093, 21.0719, -115.76, 31.758, 128.061, 0.0182848, -91.8097, 0.0374406, 148.926, 0.0514263, 27.5275
2271, 37.85000, 0.597632, -23.343, 21.0691, -115.857, 31.8447, 127.895, 0.0182919, -92.1137, 0.0374736, 148.854, 0.0516117, 27.3719
2272, 37.85833, 0.600305, -23.8744, 21.0665, -115.954, 31.9317, 127.729, 0.0182991, -92.4179, 0.0375069, 148.782, 0.0517979, 27.2158
2272, 37.86667, 0.602996, -24.4035, 21.0641, -116.05, 32.0189, 127.562, 0.0183063, -92.7223, 0.0375407, 148.71, 0.0519847, 27.0591
2273, 37.87500, 0.605703, -24.9302, 21.0618, -116.146, 32.1063, 127.394, 0.0183135, -93.0268, 0.037575, 148.638, 0.0521723, 26.9019
2273, 37.88333, 0.608426, -25.4546, 21.0597, -116.242, 32.194, 127.226, 0.0183206, -93.3315, 0.0376096, 148.567, 0.0523606, 26.7441
2274, 37.89167, 0.611166, -25.9767, 21.0578, -116.337, 32.282, 127.058, 0.0183278, -93.6363, 0.0376447, 148.496, 0.0525497, 26.5858
2274, 37.90000, 0.613921, -26.4966, 21.0561, -116.433, 32.3702, 126.889, 0.018335, -93.9413, 0.0376802, 148.426, 0.0527394, 26.4269
2275, 37.90833, 0.616692, -27.0141, 21.0545, -116.528, 32.4587, 126.719, 0.0183422, -94.2465, 0.0377161, 148.355, 0.0529299, 26.2675
2275, 37.91667, 0.619479, -27.5295, 21.0531, -116.623, 32.5474, 126.549, 0.0183494, -94.5518, 0.0377525, 148.285, 0.0531212, 26.1075
2276, 37.92500, 0.622281, -28.0426, 21.0519, -116.718, 32.6364, 126.378, 0.0183566, -94.8574, 0.0377894, 148.215, 0.0533132, 25.9469
2276, 37.93333, 0.625098, -28.5536, 21.0509, -116.812, 32.7257, 126.207, 0.0183638, -95.1631, 0.0378267, 148.146, 0.0535059, 25.7857
2277, 37.94167, 0.627931, -29.0625, 21.05, -116.906, 32.8152, 126.035, 0.0183711, -95.469, 0.0378645, 148.076, 0.0536994, 25.624
2277, 37.95000, 0.630778, -29.5692, 21.0494, -117, 32.9049, 125.862, 0.0183783, -95.7751, 0.0379027, 148.007, 0.0538937, 25.4617
2278, 37.95833, 0.633641, -30.0737, 21.0489, -117.094, 32.995, 125.689, 0.0183855, -96.0814, 0.0379414, 147.938, 0.0540887, 25.2988
2278, 37.96667, 0.636519, -30.5763, 21.0486, -117.188, 33.0853, 125.516, 0.0183928, -96.388, 0.0379806, 147.869, 0.0542844, 25.1352
2279, 37.97500, 0.639411, -31.0768, 21.0485, -117.282, 33.1758, 125.341, 0.0184, -96.6948, 0.0380203, 147.8, 0.054481, 24.9711
2279, 37.98333, 0.642317, -31.5752, 21.0486, -117.375, 33.2666, 125.167, 0.0184073, -97.0017, 0.0380605, 147.731, 0.0546782, 24.8064
2280, 37.99167, 0.645238, -32.0717, 21.0489, -117.469, 33.3577, 124.991, 0.0184146, -97.309, 0.0381011, 147.663, 0.0548763, 24.641
2280, 38.00000, 0.648173, -32.5661, 21.0494, -117.562, 33.4491, 124.815, 0.0184219, -97.6164, 0.0381423, 147.594, 0.0550751, 24.4751
2281, 38.00833, 0.651122, -33.0586, 21.0501, -117.655, 33.5407, 124.638, 0.0184292, -97.9241, 0.0381839, 147.526, 0.0552747, 24.3085
2281, 38.01667, 0.654086, -33.5493, 21.051, -117.748, 33.6326, 124.461, 0.0184365, -98.2321, 0.0382261, 147.458, 0.0554751, 24.1413
2282, 38.02500, 0.657062, -34.0379, 21.0521, -117.841, 33.7247, 124.283, 0.0184438, -98.5404, 0.0382688, 147.39, 0.0556762, 23.9734
2282, 38.03333, 0.660053, -34.5247, 21.0534, -117.934, 33.8171, 124.105, 0.0184512, -98.8489, 0.038312, 147.322, 0.0558781, 23.8049
2283, 38.04167, 0.663057, -35.0098, 21.0549, -118.026, 33.9098, 123.925, 0.0184585, -99.1577, 0.0383557, 147.254, 0.0560808, 23.6358
2283, 38.05000, 0.666075, -35.4929, 21.0566, -118.119, 34.0027, 123.745, 0.0184659, -99.4667, 0.0384, 147.186, 0.0562843, 23.466
2284, 38.05833, 0.669106, -35.9742, 21.0585, -118.212, 34.0959, 123.565, 0.0184732, -99.776, 0.0384447, 147.118, 0.0564886, 23.2955
2284, 38.06667, 0.67215, -36.4538, 21.0606, -118.304, 34.1894, 123.384, 0.0184806, -100.086, 0.03849, 147.05, 0.0566936, 23.1244
2285, 38.07500, 0.675207, -36.9317, 21.0629, -118.397, 34.2832, 123.202, 0.018488, -100.396, 0.0385359, 146.983, 0.0568995, 22.9526
2285, 38.08333, 0.678277, -37.4077, 21.0655, -118.489, 34.3772, 123.02, 0.0184954, -100.706, 0.0385823, 146.915, 0.0571061, 22.7801
2286, 38.09167, 0.68136, -37.8822, 21.0682, -118.582, 34.4715, 122.836, 0.0185029, -101.016, 0.0386293, 146.847, 0.0573135, 22.6069
2286, 38.10000, 0.684455, -38.3549, 21.0712, -118.674, 34.566, 122.653, 0.0185103, -101.327, 0.0386768, 146.78, 0.0575218, 22.4331
2287, 38.10833, 0.687563, -38.826, 21.0744, -118.767, 34.6608, 122.468, 0.0185177, -101.639, 0.0387248, 146.712, 0.0577308, 22.2586
2287, 38.11667, 0.690684, -39.2955, 21.0778, -118.859, 34.7559, 122.283, 0.0185252, -101.95, 0.0387735, 146.644, 0.0579406, 22.0833
2288, 38.12500, 0.693817, -39.7634, 21.0814, -118.951, 34.8513, 122.097, 0.0185327, -102.262, 0.0388227, 146.576, 0.0581512, 21.9073
2288, 38.13333, 0.696961, -40.2297, 21.0852, -119.044, 34.9469, 121.91, 0.0185401, -102.574, 0.0388724, 146.508, 0.0583626, 21.7307
2289, 38.14167, 0.700119, -40.6945, 21.0893, -119.136, 35.0428, 121.723, 0.0185476, -102.887, 0.0389228, 146.441, 0.0585749, 21.5533
2289, 38.15000, 0.703288, -41.1578, 21.0936, -119.229, 35.1389, 121.535, 0.0185551, -103.2, 0.0389737, 146.373, 0.0587879, 21.3752
2290, 38.15833, 0.706468, -41.6195, 21.0981, -119.322, 35.2354, 121.346, 0.0185626, -103.513, 0.0390252, 146.305, 0.0590017, 21.1963
2290, 38.16667, 0.709661, -42.0799, 21.1028, -119.414, 35.3321, 121.157, 0.0185702, -103.827, 0.0390773, 146.236, 0.0592164, 21.0167
2291, 38.17500, 0.712865, -42.5387, 21.1077, -119.507, 35.429, 120.967, 0.0185777, -104.141, 0.03913, 146.168, 0.0594318, 20.8364
2291, 38.18333, 0.71608, -42.9961, 21.1129, -119.6, 35.5262, 120.776, 0.0185853, -104.456, 0.0391833, 146.1, 0.059648, 20.6553
2292, 38.19167, 0.719308, -43.4522, 21.1183, -119.693, 35.6237, 120.584, 0.0185928, -104.771, 0.0392371, 146.031, 0.0598651, 20.4734
2292, 38.20000, 0.722546, -43.9069, 21.1239, -119.786, 35.7215, 120.391, 0.0186004, -105.086, 0.0392916, 145.962, 0.060083, 20.2908
2293, 38.20833, 0.725795, -44.3602, 21.1298, -119.879, 35.8195, 120.198, 0.0186079, -105.402, 0.0393467, 145.894, 0.0603016, 20.1075
2293, 38.21667, 0.729055, -44.8122, 21.1359, -119.973, 35.9178, 120.004, 0.0186155, -105.718, 0.0394024, 145.824, 0.0605211, 19.9233
2294, 38.22500, 0.732326, -45.2629, 21.1422, -120.066, 36.0163, 119.81, 0.0186231, -106.034, 0.0394587, 145.755, 0.0607414, 19.7383
2294, 38.23333, 0.735608, -45.7124, 21.1487, -120.16, 36.1151, 119.614, 0.0186307, -106.352, 0.0395156, 145.686, 0.0609625, 19.5526
2295, 38.24167, 0.738901, -46.1606, 21.1555, -120.253, 36.2141, 119.418, 0.0186383, -106.669, 0.0395731, 145.616, 0.0611844, 19.3661
2295, 38.25000, 0.742204, -46.6076, 21.1625, -120.347, 36.3134, 119.221, 0.0186459, -106.987, 0.0396313, 145.546, 0.0614071, 19.1787
2296, 38.25833, 0.745517, -47.0533, 21.1697, -120.442, 36.413, 119.023, 0.0186535, -107.305, 0.0396901, 145.476, 0.0616306, 18.9906
2296, 38.26667, 0.748841, -47.498, 21.1772, -120.536, 36.5128, 118.824, 0.0186612, -107.624, 0.0397495, 145.406, 0.061855, 18.8016
2297, 38.27500, 0.752174, -47.9414, 21.1848, -120.631, 36.6129, 118.625, 0.0186688, -107.944, 0.0398095, 145.335, 0.0620801, 18.6118
2297, 38.28333, 0.755518, -48.3838, 21.1928, -120.726, 36.7132, 118.424, 0.0186764, -108.264, 0.0398702, 145.264, 0.062306, 18.4212
2298, 38.29167, 0.758872, -48.8251, 21.2009, -120.821, 36.8138, 118.223, 0.018684, -108.584, 0.0399315, 145.193, 0.0625328, 18.2297
2298, 38.30000, 0.762235, -49.2652, 21.2093, -120.916, 36.9146, 118.021, 0.0186917, -108.905, 0.0399935, 145.121, 0.0627603, 18.0374
2299, 38.30833, 0.765608, -49.7043, 21.2179, -121.012, 37.0157, 117.818, 0.0186993, -109.226, 0.0400561, 145.049, 0.0629886, 17.8442
2299, 38.31667, 0.768991, -50.1424, 21.2268, -121.108, 37.117, 117.615, 0.0187069, -109.548, 0.0401193, 144.977, 0.0632178, 17.6502
2300, 38.32500, 0.772383, -50.5795, 21.2359, -121.204, 37.2186, 117.41, 0.0187145, -109.871, 0.0401832, 144.904, 0.0634477, 17.4553
2300, 38.33333, 0.775784, -51.0155, 21.2452, -121.3, 37.3204, 117.205, 0.0187222, -110.194, 0.0402477, 144.831, 0.0636784, 17.2595
2301, 38.34167, 0.779195, -51.4507, 21.2548, -121.397, 37.4224, 116.999, 0.0187298, -110.517, 0.0403129, 144.758, 0.0639099, 17.0629
2301, 38.35000, 0.782614, -51.8849, 21.2646, -121.494, 37.5247, 116.792, 0.0187374, -110.841, 0.0403787, 144.684, 0.0641422, 16.8653
2302, 38.35833, 0.786042, -52.3181, 21.2746, -121.592, 37.6272, 116.584, 0.018745, -111.166, 0.0404451, 144.61, 0.0643753, 16.6669
2302, 38.36667, 0.789479, -52.7506, 21.2849, -121.689, 37.7299, 116.375, 0.0187526, -111.491, 0.0405123, 144.535, 0.0646092, 16.4676
2303, 38.37500, 0.792925, -53.1821, 21.2954, -121.788, 37.8328, 116.165, 0.0187602, -111.817, 0.0405801, 144.46, 0.0648439, 16.2673
2303, 38.38333, 0.796378, -53.6127, 21.3061, -121.886, 37.936, 115.954, 0.0187678, -112.144, 0.0406485, 144.385, 0.0650793, 16.0662
2304, 38.39167, 0.799841, -54.0426, 21.317, -121.985, 38.0394, 115.743, 0.0187754, -112.471, 0.0407176, 144.309, 0.0653155, 15.8641
2304, 38.40000, 0.803311, -54.4716, 21.3282, -122.084, 38.1431, 115.53, 0.0187829, -112.798, 0.0407874, 144.232, 0.0655525, 15.6611
2305, 38.40833, 0.80679, -54.8999, 21.3396, -122.184, 38.2469, 115.317, 0.0187905, -113.126, 0.0408578, 144.155, 0.0657902, 15.4571
2305, 38.41667, 0.810276, -55.3274, 21.3513, -122.284, 38.3509, 115.103, 0.018798, -113.455, 0.0409288, 144.078, 0.0660288, 15.2522
2306, 38.42500, 0.81377, -55.7542, 21.3632, -122.385, 38.4552, 114.888, 0.0188055, -113.785, 0.0410006, 144, 0.066268, 15.0464
2306, 38.43333, 0.817272, -56.1802, 21.3753, -122.486, 38.5596, 114.671, 0.018813, -114.115, 0.041073, 143.921, 0.066508, 14.8396
2307, 38.44167, 0.820781, -56.6056, 21.3876, -122.587, 38.6643, 114.454, 0.0188205, -114.446, 0.0411461, 143.842, 0.0667488, 14.6318
2307, 38.45000, 0.824297, -57.0303, 21.4002, -122.689, 38.7692, 114.236, 0.0188279, -114.777, 0.0412198, 143.762, 0.0669903, 14.4231
2308, 38.45833, 0.827821, -57.4543, 21.413, -122.792, 38.8742, 114.017, 0.0188353, -115.109, 0.0412942, 143.682, 0.0672325, 14.2134
2308, 38.46667, 0.831352, -57.8777, 21.426, -122.895, 38.9795, 113.797, 0.0188427, -115.442, 0.0413692, 143.601, 0.0674755, 14.0026
2309, 38.47500, 0.834889, -58.3005, 21.4393, -122.998, 39.0849, 113.576, 0.0188501, -115.775, 0.0414449, 143.52, 0.0677192, 13.7909
2309, 38.48333, 0.838432, -58.7227, 21.4527, -123.103, 39.1905, 113.354, 0.0188574, -116.109, 0.0415213, 143.437, 0.0679636, 13.5783
2310, 38.49167, 0.841983, -59.1444, 21.4664, -123.207, 39.2963, 113.131, 0.0188647, -116.444, 0.0415984, 143.355, 0.0682088, 13.3645
2310, 38.50000, 0.845539, -59.5655, 21.4803, -123.312, 39.4022, 112.907, 0.018872, -116.78, 0.0416761, 143.271, 0.0684546, 13.1498
2311, 38.50833, 0.849102, -59.986, 21.4945, -123.418, 39.5083, 112.682, 0.0188792, -117.116, 0.0417544, 143.187, 0.0687011, 12.9341
2311, 38.51667, 0.852671, -60.4061, 21.5088, -123.524, 39.6146, 112.456, 0.0188864, -117.453, 0.0418334, 143.102, 0.0689484, 12.7173
2312, 38.52500, 0.856245, -60.8257, 21.5234, -123.631, 39.721, 112.229, 0.0188936, -117.79, 0.0419131, 143.017, 0.0691963, 12.4995
2312, 38.53333, 0.859825, -61.2448, 21.5382, -123.738, 39.8276, 112.001, 0.0189007, -118.129, 0.0419934, 142.931, 0.0694448, 12.2807
2313, 38.54167, 0.863411, -61.6635, 21.5532, -123.847, 39.9343, 111.772, 0.0189078, -118.468, 0.0420744, 142.844, 0.0696941, 12.0607
2313, 38.55000, 0.867001, -62.0817, 21.5684, -123.955, 40.0412, 111.542, 0.0189148, -118.808, 0.0421561, 142.756, 0.069944, 11.8398
2314, 38.55833, 0.870597, -62.4995, 21.5839, -124.065, 40.1482, 111.311, 0.0189218, -119.148, 0.0422384, 142.667, 0.0701945, 11.6178
2314, 38.56667, 0.874197, -62.917, 21.5995, -124.175, 40.2553, 111.079, 0.0189287, -119.49, 0.0423213, 142.578, 0.0704457, 11.3947
2314, 38.57500, 0.877802, -63.3341, 21.6153, -124.285, 40.3626, 110.846, 0.0189355, -119.832, 0.0424049, 142.488, 0.0706975, 11.1705
2315, 38.58333, 0.881411, -63.7508, 21.6314, -124.397, 40.4699, 110.611, 0.0189423, -120.175, 0.0424891, 142.397, 0.07095, 10.9453
2316, 38.59167, 0.885025, -64.1673, 21.6477, -124.509, 40.5774, 110.376, 0.0189491, -120.519, 0.042574, 142.306, 0.071203, 10.7189
2316, 38.60000, 0.888643, -64.5833, 21.6641, -124.621, 40.6849, 110.139, 0.0189558, -120.863, 0.0426595, 142.213, 0.0714566, 10.4915
2317, 38.60833, 0.892264, -64.9991, 21.6808, -124.735, 40.7926, 109.902, 0.0189624, -121.209, 0.0427457, 142.12, 0.0717109, 10.263
2317, 38.61667, 0.895889, -65.4147, 21.6976, -124.849, 40.9003, 109.663, 0.0189689, -121.555, 0.0428325, 142.026, 0.0719657, 10.0333
2318, 38.62500, 0.899517, -65.8299, 21.7147, -124.964, 41.0081, 109.424, 0.0189754, -121.902, 0.0429199, 141.931, 0.072221, 9.80252
2318, 38.63333, 0.903148, -66.2449, 21.7319, -125.08, 41.116, 109.183, 0.0189818, -122.249, 0.0430079, 141.835, 0.0724769, 9.57064
2318, 38.64167, 0.906783, -66.6598, 21.7493, -125.196, 41.224, 108.941, 0.0189881, -122.598, 0.0430966, 141.738, 0.0727334, 9.33759
2319, 38.65000, 0.910419, -67.0744, 21.7669, -125.313, 41.332, 108.698, 0.0189944, -122.948, 0.0431859, 141.64, 0.0729903, 9.10345
2320, 38.65833, 0.914058, -67.4888, 21.7847, -125.431, 41.4401, 108.454, 0.0190005, -123.298, 0.0432758, 141.541, 0.0732478, 8.86815
2320, 38.66667, 0.9177, -67.9031, 21.8027, -125.55, 41.5482, 108.208, 0.0190066, -123.649, 0.0433663, 141.442, 0.0735058, 8.63168
2321, 38.67500, 0.921343, -68.3172, 21.8209, -125.67, 41.6563, 107.962, 0.0190126, -124.001, 0.0434574, 141.341, 0.0737642, 8.39409
2321, 38.68333, 0.924987, -68.7311, 21.8392, -125.79, 41.7644, 107.714, 0.0190185, -124.354, 0.0435491, 141.24, 0.0740232, 8.15533
2322, 38.69167, 0.928634, -69.145, 21.8577, -125.912, 41.8726, 107.466, 0.0190242, -124.708, 0.0436414, 141.137, 0.0742826, 7.91538
2322, 38.70000, 0.932281, -69.5587, 21.8764, -126.034, 41.9808, 107.216, 0.0190299, -125.063, 0.0437342, 141.033, 0.0745424, 7.67428
2322, 38.70833, 0.935928, -69.9724, 21.8952, -126.157, 42.0889, 106.965, 0.0190355, -125.418, 0.0438277, 140.929, 0.0748026, 7.43201
2323, 38.71667, 0.939577, -70.386, 21.9142, -126.281, 42.1971, 106.712, 0.019041, -125.775, 0.0439217, 140.823, 0.0750632, 7.18852
2324, 38.72500, 0.943226, -70.7995, 21.9333, -126.406, 42.3052, 106.459, 0.0190463, -126.132, 0.0440163, 140.717, 0.0753242, 6.94387
2324, 38.73333, 0.946874, -71.213, 21.9526, -126.531, 42.4133, 106.204, 0.0190516, -126.491, 0.0441115, 140.609, 0.0755856, 6.69802
2325, 38.74167, 0.950523, -71.6266, 21.9721, -126.658, 42.5213, 105.949, 0.0190567, -126.85, 0.0442072, 140.5, 0.0758474, 6.45094
2325, 38.75000, 0.954171, -72.04, 21.9917, -126.786, 42.6293, 105.692, 0.0190617, -127.21, 0.0443035, 140.39, 0.0761094, 6.20269
2326, 38.75833, 0.957818, -72.4535, 22.0114, -126.914, 42.7372, 105.434, 0.0190666, -127.571, 0.0444003, 140.279, 0.0763718, 5.95322
2326, 38.76667, 0.961464, -72.867, 22.0313, -127.044, 42.845, 105.174, 0.0190713, -127.933, 0.0444977, 140.167, 0.0766345, 5.70251
2326, 38.77500, 0.965108, -73.2806, 22.0513, -127.174, 42.9528, 104.914, 0.019076, -128.296, 0.0445955, 140.054, 0.0768974, 5.45061
2327, 38.78333, 0.96875, -73.6942, 22.0714, -127.305, 43.0604, 104.652, 0.0190804, -128.66, 0.0446939, 139.94, 0.0771606, 5.19747
2328, 38.79167, 0.97239, -74.1079, 22.0917, -127.438, 43.168, 104.389, 0.0190848, -129.025, 0.0447928, 139.825, 0.0774241, 4.94308
2328, 38.80000, 0.976028, -74.5216, 22.1121, -127.571, 43.2754, 104.125, 0.0190889, -129.391, 0.0448922, 139.708, 0.0776877, 4.68748
2329, 38.80833, 0.979662, -74.9355, 22.1326, -127.705, 43.3826, 103.86, 0.019093, -129.758, 0.0449921, 139.59, 0.0779515, 4.43064
2329, 38.81667, 0.983294, -75.3495, 22.1532, -127.841, 43.4898, 103.593, 0.0190968, -130.126, 0.0450925, 139.471, 0.0782156, 4.17252
2330, 38.82500, 0.986922, -75.7635, 22.1739, -127.977, 43.5967, 103.325, 0.0191005, -130.494, 0.0451933, 139.351, 0.0784797, 3.91318
2330, 38.83333, 0.990546, -76.1777, 22.1947, -128.115, 43.7035, 103.056, 0.0191041, -130.864, 0.0452946, 139.23, 0.078744, 3.65259
2330, 38.84167, 0.994166, -76.5921, 22.2157, -128.253, 43.8101, 102.786, 0.0191075, -131.235, 0.0453964, 139.108, 0.0790084, 3.39071
2331, 38.85000, 0.997781, -77.0066, 22.2367, -128.392, 43.9165, 102.514, 0.0191107, -131.607, 0.0454986, 138.984, 0.0792728, 3.1276
2332, 38.85833, 1.00139, -77.4213, 22.2578, -128.533, 44.0227, 102.242, 0.0191137, -131.98, 0.0456012, 138.859, 0.0795373, 2.86322
2332, 38.86667, 1.005, -77.8363, 22.2789, -128.675, 44.1287, 101.967, 0.0191165, -132.353, 0.0457043, 138.733, 0.0798018, 2.59755
2333, 38.87500, 1.0086, -78.2513, 22.3002, -128.817, 44.2344, 101.692, 0.0191192, -132.728, 0.0458077, 138.605, 0.0800663, 2.33063
2333, 38.88333, 1.01219, -78.6666, 22.3215, -128.961, 44.3399, 101.416, 0.0191217, -133.104, 0.0459116, 138.477, 0.0803308, 2.06244
2334, 38.89167, 1.01577, -79.0821, 22.3429, -129.106, 44.4451, 101.138, 0.0191239, -133.481, 0.0460158, 138.347, 0.0805952, 1.79293
2334, 38.90000, 1.01935, -79.4979, 22.3643, -129.252, 44.55, 100.859, 0.019126, -133.859, 0.0461204, 138.216, 0.0808596, 1.52218
2334, 38.90833, 1.02293, -79.9138, 22.3858, -129.399, 44.6546, 100.578, 0.0191278, -134.237, 0.0462254, 138.083, 0.0811238, 1.25015
2335, 38.91667, 1.02649, -80.3301, 22.4073, -129.548, 44.7589, 100.297, 0.0191295, -134.617, 0.0463307, 137.949, 0.0813879, 0.976792
2336, 38.92500, 1.03005, -80.7466, 22.4289, -129.697, 44.8629, 100.014, 0.0191309, -134.998, 0.0464364, 137.814, 0.0816518, 0.702182
2336, 38.93333, 1.03359, -81.1634, 22.4505, -129.847, 44.9665, 99.7299, 0.0191321, -135.38, 0.0465423, 137.678, 0.0819155, 0.426282
2337, 38.94167, 1.03713, -81.5805, 22.4721, -129.999, 45.0698, 99.4444, 0.019133, -135.763, 0.0466486, 137.54, 0.082179, 0.149056
2337, 38.95000, 1.04066, -81.9978, 22.4938, -130.152, 45.1727, 99.1578, 0.0191338, -136.147, 0.0467552, 137.401, 0.0824423, -0.129431
2338, 38.95833, 1.04418, -82.4154, 22.5154, -130.306, 45.2752, 98.8698, 0.0191343, -136.532, 0.046862, 137.261, 0.0827052, -0.409212
2338, 38.96667, 1.04769, -82.8334, 22.5371, -130.461, 45.3773, 98.5806, 0.0191345, -136.918, 0.0469691, 137.119, 0.0829678, -0.690324
2338, 38.97500, 1.05119, -83.2517, 22.5588, -130.617, 45.4789, 98.2901, 0.0191345, -137.306, 0.0470765, 136.976, 0.0832301, -0.972699
2339, 38.98333, 1.05467, -83.6703, 22.5804, -130.775, 45.5801, 97.9983, 0.0191343, -137.694, 0.0471841, 136.832, 0.083492, -1.25637
2340, 38.99167, 1.05815, -84.0892, 22.6021, -130.934, 45.6809, 97.7052, 0.0191338, -138.083, 0.0472919, 136.686, 0.0837535, -1.54138
2340, 39.00000, 1.06161, -84.5085, 22.6237, -131.094, 45.7811, 97.4109, 0.019133, -138.473, 0.0473999, 136.539, 0.0840144, -1.82765
2341, 39.00833, 1.06506, -84.9281, 22.6453, -131.255, 45.8809, 97.1153, 0.0191319, -138.865, 0.0475081, 136.39, 0.0842749, -2.11522
2341, 39.01667, 1.0685, -85.3481, 22.6669, -131.417, 45.9802, 96.8184, 0.0191306, -139.257, 0.0476165, 136.24, 0.084535, -2.40412
2342, 39.02500, 1.07192, -85.7684, 22.6884, -131.581, 46.0789, 96.5202, 0.019129, -139.651, 0.047725, 136.089, 0.0847944, -2.69428
2342, 39.03333, 1.07533, -86.1891, 22.7098, -131.745, 46.1771, 96.2208, 0.0191271, -140.045, 0.0478336, 135.936, 0.0850532, -2.98575
2342, 39.04167, 1.07872, -86.6103, 22.7312, -131.911, 46.2747, 95.92, 0.0191249, -140.441, 0.0479424, 135.782, 0.0853114, -3.27854
2343, 39.05000, 1.0821, -87.0317, 22.7526, -132.079, 46.3717, 95.618, 0.0191224, -140.837, 0.0480513, 135.626, 0.085569, -3.57259
2344, 39.05833, 1.08546, -87.4535, 22.7738, -132.247, 46.4681, 95.3148, 0.0191196, -141.235, 0.0481602, 135.469, 0.0858258, -3.86794
2344, 39.06667, 1.08881, -87.8758, 22.795, -132.417, 46.5639, 95.0102, 0.0191165, -141.634, 0.0482692, 135.311, 0.0860819, -4.16461
2345, 39.07500, 1.09214, -88.2984, 22.8161, -132.588, 46.659, 94.7044, 0.0191131, -142.034, 0.0483783, 135.151, 0.0863372, -4.46253
2345, 39.08333, 1.09545, -88.7214, 22.8371, -132.76, 46.7535, 94.3974, 0.0191093, -142.434, 0.0484873, 134.99, 0.0865916, -4.76175
2346, 39.09167, 1.09874, -89.1449, 22.858, -132.933, 46.8473, 94.089, 0.0191052, -142.836, 0.0485964, 134.827, 0.0868453, -5.06228
2346, 39.10000, 1.10202, -89.5687, 22.8788, -133.108, 46.9404, 93.7794, 0.0191008, -143.239, 0.0487055, 134.663, 0.087098, -5.36405
2346, 39.10833, 1.10528, -89.9929, 22.8994, -133.284, 47.0327, 93.4686, 0.0190961, -143.643, 0.0488145, 134.498, 0.0873498, -5.66711
2347, 39.11667, 1.10852, -90.4176, 22.9199, -133.461, 47.1244, 93.1564, 0.019091, -144.048, 0.0489235, 134.331, 0.0876006, -5.97147
2348, 39.12500, 1.11173, -90.8427, 22.9403, -133.639, 47.2152, 92.8431, 0.0190855, -144.454, 0.0490324, 134.163, 0.0878504, -6.27706
2348, 39.13333, 1.11493, -91.2681, 22.9605, -133.819, 47.3053, 92.5285, 0.0190797, -144.861, 0.0491412, 133.993, 0.0880991, -6.58393
2349, 39.14167, 1.11811, -91.6941, 22.9806, -134, 47.3946, 92.2126, 0.0190735, -145.27, 0.0492499, 133.822, 0.0883467, -6.89208
2349, 39.15000, 1.12126, -92.1204, 23.0005, -134.182, 47.483, 91.8955, 0.019067, -145.679, 0.0493584, 133.649, 0.0885932, -7.20146
2350, 39.15833, 1.12439, -92.5471, 23.0202, -134.365, 47.5706, 91.5772, 0.0190601, -146.089, 0.0494668, 133.475, 0.0888384, -7.51209
2350, 39.16667, 1.1275, -92.9743, 23.0398, -134.55, 47.6573, 91.2577, 0.0190528, -146.5, 0.049575, 133.3, 0.0890825, -7.824
2350, 39.17500, 1.13059, -93.4018, 23.0591, -134.736, 47.7432, 90.9369, 0.0190451, -146.912, 0.049683, 133.123, 0.0893253, -8.13711
2351, 39.18333, 1.13365, -93.8298, 23.0783, -134.923, 47.8281, 90.615, 0.0190371, -147.325, 0.0497908, 132.945, 0.0895667, -8.45145
2352, 39.19167, 1.13668, -94.2582, 23.0972, -135.111, 47.9121, 90.2918, 0.0190286, -147.74, 0.0498983, 132.765, 0.0898068, -8.76705
2352, 39.20000, 1.13969, -94.687, 23.1159, -135.301, 47.9951, 89.9674, 0.0190197, -148.155, 0.0500056, 132.584, 0.0900455, -9.08384
2353, 39.20833, 1.14268, -95.1162, 23.1344, -135.492, 48.0772, 89.6419, 0.0190104, -148.571, 0.0501125, 132.401, 0.0902827, -9.40184
2353, 39.21667, 1.14564, -95.5459, 23.1527, -135.684, 48.1583, 89.3151, 0.0190007, -148.988, 0.0502192, 132.217, 0.0905185, -9.72108
2354, 39.22500, 1.14857, -95.9759, 23.1707, -135.877, 48.2383, 88.9872, 0.0189906, -149.406, 0.0503255, 132.032, 0.0907526, -10.0415
2354, 39.23333, 1.15148, -96.4063, 23.1884, -136.072, 48.3174, 88.6581, 0.0189801, -149.825, 0.0504315, 131.845, 0.0909852, -10.3631
2354, 39.24167, 1.15435, -96.8372, 23.2059, -136.268, 48.3953, 88.3279, 0.0189691, -150.245, 0.050537, 131.657, 0.0912162, -10.6859
2355, 39.25000, 1.1572, -97.2684, 23.2231, -136.465, 48.4722, 87.9965, 0.0189577, -150.666, 0.0506422, 131.467, 0.0914455, -11.0098
2356, 39.25833, 1.16002, -97.7001, 23.24, -136.663, 48.548, 87.664, 0.0189459, -151.088, 0.0507469, 131.276, 0.0916731, -11.3349
2356, 39.26667, 1.16281, -98.1321, 23.2566, -136.862, 48.6227, 87.3303, 0.0189336, -151.511, 0.0508512, 131.084, 0.0918989, -11.6611
2357, 39.27500, 1.16557, -98.5645, 23.273, -137.063, 48.6962, 86.9955, 0.0189208, -151.935, 0.0509549, 130.89, 0.0921229, -11.9885
2357, 39.28333, 1.16829, -98.9973, 23.289, -137.265, 48.7685, 86.6597, 0.0189076, -152.36, 0.0510582, 130.695, 0.092345, -12.317
2358, 39.29167, 1.17099, -99.4305, 23.3047, -137.468, 48.8397, 86.3226, 0.018894, -152.785, 0.051161, 130.499, 0.0925652, -12.6467
2358, 39.30000, 1.17365, -99.864, 23.32, -137.672, 48.9097, 85.9846, 0.0188798, -153.212, 0.0512631, 130.301, 0.0927835, -12.9774
2358, 39.30833, 1.17628, -100.298, 23.335, -137.878, 48.9784, 85.6455, 0.0188652, -153.639, 0.0513648, 130.101, 0.0929998, -13.3092
2359, 39.31667, 1.17888, -100.732, 23.3497, -138.084, 49.0459, 85.3052, 0.0188501, -154.068, 0.0514658, 129.901, 0.093214, -13.6422
2360, 39.32500, 1.18144, -101.167, 23.364, -138.292, 49.1121, 84.964, 0.0188346, -154.497, 0.0515661, 129.699, 0.0934261, -13.9761
2360, 39.33333, 1.18397, -101.602, 23.3779, -138.501, 49.177, 84.6217, 0.0188185, -154.927, 0.0516659, 129.496, 0.0936361, -14.3112
2361, 39.34167, 1.18646, -102.037, 23.3915, -138.711, 49.2406, 84.2784, 0.018802, -155.358, 0.0517649, 129.291, 0.0938439, -14.6473
2361, 39.35000, 1.18892, -102.472, 23.4047, -138.922, 49.3029, 83.9341, 0.0187849, -155.789, 0.0518632, 129.085, 0.0940495, -14.9844
2362, 39.35833, 1.19134, -102.908, 23.4174, -139.135, 49.3638, 83.5888, 0.0187674, -156.222, 0.0519609, 128.878, 0.0942528, -15.3225
2362, 39.36667, 1.19372, -103.345, 23.4298, -139.348, 49.4233, 83.2424, 0.0187493, -156.655, 0.0520577, 128.67, 0.0944538, -15.6617
2362, 39.37500, 1.19607, -103.781, 23.4418, -139.563, 49.4815, 82.8952, 0.0187308, -157.089, 0.0521538, 128.46, 0.0946524, -16.0018
2363, 39.38333, 1.19838, -104.218, 23.4533, -139.779, 49.5382, 82.547, 0.0187117, -157.524, 0.0522491, 128.249, 0.0948486, -16.3428
2364, 39.39167, 1.20065, -104.655, 23.4644, -139.995, 49.5935, 82.1978, 0.0186921, -157.959, 0.0523435, 128.037, 0.0950424, -16.6849
2364, 39.40000, 1.20288, -105.092, 23.4751, -140.213, 49.6474, 81.8477, 0.018672, -158.396, 0.0524371, 127.823, 0.0952336, -17.0278
2365, 39.40833, 1.20507, -105.53, 23.4853, -140.432, 49.6997, 81.4968, 0.0186514, -158.832, 0.0525299, 127.609, 0.0954223, -17.3717
2365, 39.41667, 1.20722, -105.967, 23.495, -140.652, 49.7506, 81.1449, 0.0186303, -159.27, 0.0526217, 127.393, 0.0956085, -17.7166
2366, 39.42500, 1.20933, -106.405, 23.5043, -140.873, 49.8, 80.7922, 0.0186086, -159.709, 0.0527126, 127.176, 0.0957919, -18.0622
2366, 39.43333, 1.21139, -106.843, 23.5131, -141.095, 49.8478, 80.4386, 0.0185864, -160.148, 0.0528025, 126.957, 0.0959727, -18.4088
2366, 39.44167, 1.21342, -107.282, 23.5215, -141.318, 49.8941, 80.0842, 0.0185636, -160.587, 0.0528915, 126.738, 0.0961508, -18.7562
2367, 39.45000, 1.2154, -107.72, 23.5293, -141.542, 49.9389, 79.729, 0.0185403, -161.028, 0.0529795, 126.517, 0.0963262, -19.1045
2368, 39.45833, 1.21734, -108.159, 23.5367, -141.767, 49.982, 79.373, 0.0185165, -161.469, 0.0530664, 126.296, 0.0964987, -19.4535
2368, 39.46667, 1.21924, -108.598, 23.5435, -141.993, 50.0236, 79.0162, 0.0184921, -161.91, 0.0531523, 126.073, 0.0966684, -19.8034
2369, 39.47500, 1.22109, -109.037, 23.5498, -142.22, 50.0635, 78.6586, 0.0184672, -162.352, 0.0532372, 125.849, 0.0968351, -20.1541
2369, 39.48333, 1.2229, -109.476, 23.5556, -142.448, 50.1018, 78.3003, 0.0184417, -162.795, 0.0533209, 125.624, 0.096999, -20.5054
2370, 39.49167, 1.22467, -109.915, 23.5609, -142.677, 50.1384, 77.9413, 0.0184157, -163.238, 0.0534036, 125.398, 0.0971599, -20.8576
2370, 39.50000, 1.22639, -110.354, 23.5656, -142.906, 50.1734, 77.5816, 0.0183891, -163.682, 0.0534851, 125.17, 0.0973178, -21.2105
2370, 39.50833, 1.22806, -110.794, 23.5698, -143.137, 50.2067, 77.2212, 0.0183619, -164.127, 0.0535654, 124.942, 0.0974726, -21.564
2371, 39.51667, 1.22969, -111.233, 23.5734, -143.368, 50.2384, 76.8601, 0.0183342, -164.571, 0.0536446, 124.713, 0.0976244, -21.9183
2372, 39.52500, 1.23127, -111.673, 23.5765, -143.601, 50.2683, 76.4984, 0.018306, -165.017, 0.0537225, 124.483, 0.0977731, -22.2731
2372, 39.53333, 1.2328, -112.112, 23.579, -143.834, 50.2964, 76.1362, 0.0182772, -165.462, 0.0537992, 124.252, 0.0979185, -22.6287
2373, 39.54167, 1.23428, -112.551, 23.581, -144.068, 50.3229, 75.7732, 0.0182478, -165.909, 0.0538747, 124.019, 0.0980609, -22.9848
2373, 39.55000, 1.23572, -112.991, 23.5823, -144.302, 50.3476, 75.4098, 0.0182178, -166.355, 0.0539489, 123.786, 0.0981999, -23.3415
2374, 39.55833, 1.23711, -113.43, 23.5831, -144.538, 50.3705, 75.0458, 0.0181873, -166.802, 0.0540219, 123.552, 0.0983358, -23.6988
2374, 39.56667, 1.23845, -113.87, 23.5833, -144.774, 50.3917, 74.6812, 0.0181563, -167.249, 0.0540935, 123.317, 0.0984683, -24.0567
2374, 39.57500, 1.23974, -114.309, 23.5829, -145.011, 50.4111, 74.3161, 0.0181246, -167.697, 0.0541638, 123.082, 0.0985975, -24.4151
2375, 39.58333, 1.24099, -114.748, 23.5818, -145.249, 50.4286, 73.9506, 0.0180924, -168.145, 0.0542327, 122.845, 0.0987234, -24.7739
2376, 39.59167, 1.24218, -115.187, 23.5802, -145.487, 50.4444, 73.5846, 0.0180597, -168.593, 0.0543003, 122.607, 0.0988458, -25.1333
2376, 39.60000, 1.24332, -115.626, 23.578, -145.726, 50.4584, 73.2182, 0.0180264, -169.042, 0.0543665, 122.369, 0.0989649, -25.4931
2377, 39.60833, 1.24441, -116.065, 23.5751, -145.966, 50.4705, 72.8514, 0.0179925, -169.49, 0.0544313, 122.13, 0.0990805, -25.8533
2377, 39.61667, 1.24546, -116.503, 23.5716, -146.206, 50.4808, 72.4841, 0.017958, -169.939, 0.0544946, 121.89, 0.0991926, -26.2139
2378, 39.62500, 1.24645, -116.942, 23.5675, -146.447, 50.4892, 72.1166, 0.017923, -170.389, 0.0545566, 121.65, 0.0993013, -26.5749
2378, 39.63333, 1.24739, -117.38, 23.5628, -146.689, 50.4958, 71.7487, 0.0178875, -170.838, 0.054617, 121.408, 0.0994064, -26.9363
2378, 39.64167, 1.24828, -117.818, 23.5574, -146.931, 50.5006, 71.3804, 0.0178513, -171.287, 0.054676, 121.166, 0.099508, -27.298
2379, 39.65000, 1.24911, -118.256, 23.5514, -147.173, 50.5034, 71.0119, 0.0178147, -171.737, 0.0547336, 120.924, 0.099606, -27.66
2380, 39.65833, 1.2499, -118.693, 23.5448, -147.416, 50.5044, 70.6431, 0.0177774, -172.187, 0.0547896, 120.68, 0.0997004, -28.0223
2380, 39.66667, 1.25063, -119.13, 23.5375, -147.66, 50.5036, 70.2741, 0.0177396, -172.637, 0.0548441, 120.436, 0.0997912, -28.3849
2381, 39.67500, 1.25132, -119.567, 23.5295, -147.904, 50.5008, 69.9048, 0.0177013, -173.087, 0.054897, 120.192, 0.0998784, -28.7477
2381, 39.68333, 1.25194, -120.003, 23.5209, -148.149, 50.4962, 69.5354, 0.0176624, -173.536, 0.0549484, 119.946, 0.099962, -29.1106
2382, 39.69167, 1.25252, -120.439, 23.5116, -148.394, 50.4897, 69.1658, 0.017623, -173.986, 0.0549983, 119.701, 0.100042, -29.4738
2382, 39.70000, 1.25305, -120.875, 23.5017, -148.639, 50.4812, 68.7961, 0.017583, -174.436, 0.0550466, 119.454, 0.100118, -29.8371
2383, 39.70833, 1.25352, -121.31, 23.4911, -148.885, 50.4709, 68.4263, 0.0175425, -174.886, 0.0550933, 119.208, 0.100191, -30.2006
2383, 39.71667, 1.25394, -121.745, 23.4799, -149.131, 50.4587, 68.0563, 0.0175014, -175.336, 0.0551384, 118.96, 0.100259, -30.5642
2384, 39.72500, 1.2543, -122.179, 23.468, -149.378, 50.4446, 67.6863, 0.0174599, -175.786, 0.0551819, 118.713, 0.100324, -30.9278
2384, 39.73333, 1.25461, -122.613, 23.4554, -149.624, 50.4286, 67.3163, 0.0174177, -176.235, 0.0552238, 118.464, 0.100386, -31.2915
2385, 39.74167, 1.25487, -123.047, 23.4422, -149.872, 50.4107, 66.9463, 0.0173751, -176.685, 0.0552641, 118.216, 0.100443, -31.6552
2385, 39.75000, 1.25508, -123.479, 23.4283, -150.119, 50.3909, 66.5763, 0.0173319, -177.134, 0.0553027, 117.967, 0.100497, -32.0189
2386, 39.75833, 1.25523, -123.912, 23.4137, -150.366, 50.3693, 66.2064, 0.0172883, -177.583, 0.0553397, 117.718, 0.100547, -32.3826
2386, 39.76667, 1.25534, -124.343, 23.3985, -150.614, 50.3457, 65.8364, 0.0172441, -178.032, 0.0553751, 117.468, 0.100593, -32.7463
2387, 39.77500, 1.25538, -124.775, 23.3826, -150.862, 50.3202, 65.4667, 0.0171994, -178.481, 0.0554088, 117.218, 0.100636, -33.1098
2387, 39.78333, 1.25538, -125.205, 23.366, -151.11, 50.2929, 65.097, 0.0171542, -178.929, 0.0554408, 116.968, 0.100675, -33.4733
2388, 39.79167, 1.25532, -125.635, 23.3488, -151.359, 50.2637, 64.7274, 0.0171084, -179.377, 0.0554712, 116.717, 0.10071, -33.8366
2388, 39.80000, 1.25521, -126.064, 23.3309, -151.607, 50.2326, 64.3581, 0.0170622, -179.825, 0.0554998, 116.466, 0.100741, -34.1998
2389, 39.80833, 1.25505, -126.492, 23.3123, -151.856, 50.1996, 63.989, 0.0170156, 179.727, 0.0555269, 116.215, 0.100768, -34.5628
2389, 39.81667, 1.25483, -126.92, 23.2931, -152.104, 50.1648, 63.62, 0.0169684, 179.28, 0.0555522, 115.964, 0.100792, -34.9256
2390, 39.82500, 1.25456, -127.347, 23.2732, -152.353, 50.1281, 63.2514, 0.0169207, 178.834, 0.0555758, 115.713, 0.100812, -35.2881
2390, 39.83333, 1.25424, -127.773, 23.2526, -152.602, 50.0895, 62.883, 0.0168726, 178.387, 0.0555978, 115.462, 0.100828, -35.6504
2391, 39.84167, 1.25387, -128.199, 23.2314, -152.85, 50.0492, 62.5149, 0.016824, 177.942, 0.055618, 115.21, 0.10084, -36.0124
2391, 39.85000, 1.25344, -128.624, 23.2095, -153.099, 50.0069, 62.1471, 0.016775, 177.496, 0.0556366, 114.958, 0.100849, -36.3741
2392, 39.85833, 1.25297, -129.047, 23.187, -153.348, 49.9629, 61.7797, 0.0167255, 177.051, 0.0556535, 114.707, 0.100854, -36.7354
2392, 39.86667, 1.25244, -129.47, 23.1638, -153.596, 49.917, 61.4127, 0.0166755, 176.607, 0.0556686, 114.455, 0.100855, -37.0964
2393, 39.87500, 1.25186, -129.893, 23.1399, -153.845, 49.8694, 61.0461, 0.0166251, 176.163, 0.0556821, 114.203, 0.100852, -37.457
2393, 39.88333, 1.25123, -130.314, 23.1155, -154.093, 49.8199, 60.6799, 0.0165743, 175.72, 0.0556939, 113.952, 0.100846, -37.8172
2394, 39.89167, 1.25054, -130.734, 23.0903, -154.341, 49.7687, 60.3141, 0.0165231, 175.278, 0.055704, 113.7, 0.100836, -38.177
2394, 39.90000, 1.24981, -131.153, 23.0646, -154.589, 49.7157, 59.9489, 0.0164714, 174.836, 0.0557125, 113.448, 0.100822, -38.5363
2395, 39.90833, 1.24903, -131.572, 23.0382, -154.837, 49.6609, 59.5842, 0.0164193, 174.394, 0.0557192, 113.197, 0.100805, -38.8951
2395, 39.91667, 1.24819, -131.989, 23.0112, -155.085, 49.6044, 59.2199, 0.0163668, 173.953, 0.0557242, 112.945, 0.100784, -39.2534
2396, 39.92500, 1.24731, -132.406, 22.9835, -155.332, 49.5462, 58.8562, 0.016314, 173.513, 0.0557276, 112.694, 0.100759, -39.6111
2396, 39.93333, 1.24638, -132.821, 22.9552, -155.579, 49.4862, 58.4932, 0.0162607, 173.074, 0.0557293, 112.443, 0.100731, -39.9683
2397, 39.94167, 1.2454, -133.235, 22.9263, -155.826, 49.4245, 58.1306, 0.016207, 172.636, 0.0557293, 112.192, 0.100699, -40.325
2397, 39.95000, 1.24437, -133.648, 22.8968, -156.073, 49.3612, 57.7688, 0.016153, 172.198, 0.0557277, 111.941, 0.100663, -40.681
2398, 39.95833, 1.24329, -134.061, 22.8667, -156.319, 49.2962, 57.4076, 0.0160986, 171.761, 0.0557244, 111.691, 0.100624, -41.0364
2398, 39.96667, 1.24216, -134.472, 22.836, -156.565, 49.2295, 57.047, 0.0160438, 171.324, 0.0557195, 111.44, 0.100581, -41.3911
2399, 39.97500, 1.24099, -134.882, 22.8047, -156.81, 49.1612, 56.6872, 0.0159887, 170.889, 0.0557129, 111.19, 0.100535, -41.7451
2399, 39.98333, 1.23977, -135.29, 22.7728, -157.056, 49.0912, 56.328, 0.0159333, 170.454, 0.0557047, 110.941, 0.100486, -42.0985
2400, 39.99167, 1.2385, -135.698, 22.7403, -157.3, 49.0197, 55.9696, 0.0158775, 170.021, 0.0556949, 110.691, 0.100433, -42.4512
2400, 40.00000, 1.23719, -136.104, 22.7072, -157.545, 48.9465, 55.612, 0.0158214, 169.588, 0.0556834, 110.442, 0.100376, -42.803
2401, 40.00833, 1.23583, -136.509, 22.6736, -157.788, 48.8718, 55.2551, 0.015765, 169.156, 0.0556704, 110.194, 0.100316, -43.1541
2401, 40.01667, 1.23442, -136.913, 22.6394, -158.032, 48.7956, 54.899, 0.0157082, 168.725, 0.0556557, 109.946, 0.100253, -43.5045
2402, 40.02500, 1.23297, -137.316, 22.6046, -158.275, 48.7178, 54.5438, 0.0156512, 168.295, 0.0556395, 109.698, 0.100186, -43.854
2402, 40.03333, 1.23148, -137.717, 22.5693, -158.517, 48.6385, 54.1895, 0.0155938, 167.866, 0.0556217, 109.45, 0.100116, -44.2027
2403, 40.04167, 1.22994, -138.117, 22.5334, -158.759, 48.5577, 53.8359, 0.0155362, 167.438, 0.0556023, 109.203, 0.100043, -44.5506
2403, 40.05000, 1.22836, -138.516, 22.497, -159, 48.4754, 53.4833, 0.0154783, 167.011, 0.0555814, 108.957, 0.0999662, -44.8976
2404, 40.05833, 1.22673, -138.914, 22.46, -159.241, 48.3917, 53.1316, 0.0154202, 166.585, 0.055559, 108.711, 0.0998864, -45.2437
2404, 40.06667, 1.22507, -139.31, 22.4226, -159.481, 48.3066, 52.7807, 0.0153617, 166.16, 0.055535, 108.465, 0.0998035, -45.5889
2405, 40.07500, 1.22336, -139.705, 22.3846, -159.721, 48.22, 52.4309, 0.0153031, 165.736, 0.0555095, 108.22, 0.0997174, -45.9332
2405, 40.08333, 1.22161, -140.098, 22.3461, -159.959, 48.132, 52.082, 0.0152441, 165.313, 0.0554825, 107.976, 0.0996281, -46.2765
2406, 40.09167, 1.21982, -140.49, 22.3071, -160.198, 48.0427, 51.734, 0.015185, 164.891, 0.055454, 107.732, 0.0995358, -46.6189
2406, 40.10000, 1.21799, -140.881, 22.2676, -160.435, 47.952, 51.3871, 0.0151256, 164.471, 0.055424, 107.489, 0.0994404, -46.9602
2407, 40.10833, 1.21611, -141.27, 22.2276, -160.672, 47.86, 51.0412, 0.015066, 164.051, 0.0553926, 107.246, 0.099342, -47.3006
2407, 40.11667, 1.2142, -141.658, 22.1872, -160.908, 47.7667, 50.6964, 0.0150062, 163.633, 0.0553598, 107.004, 0.0992407, -47.64
2408, 40.12500, 1.21226, -142.044, 22.1462, -161.144, 47.6721, 50.3525, 0.0149462, 163.216, 0.0553255, 106.763, 0.0991364, -47.9783
2408, 40.13333, 1.21027, -142.429, 22.1048, -161.379, 47.5763, 50.0098, 0.014886, 162.8, 0.0552898, 106.522, 0.0990292, -48.3155
2409, 40.14167, 1.20824, -142.812, 22.063, -161.613, 47.4792, 49.6681, 0.0148257, 162.385, 0.0552527, 106.282, 0.0989191, -48.6518
2409, 40.15000, 1.20618, -143.194, 22.0207, -161.846, 47.3809, 49.3276, 0.0147651, 161.971, 0.0552143, 106.043, 0.0988062, -48.9869
2410, 40.15833, 1.20409, -143.574, 21.978, -162.079, 47.2814, 48.9881, 0.0147044, 161.559, 0.0551745, 105.804, 0.0986905, -49.3209
2410, 40.16667, 1.20195, -143.953, 21.9348, -162.31, 47.1807, 48.6498, 0.0146436, 161.148, 0.0551333, 105.566, 0.0985721, -49.6538
2411, 40.17500, 1.19978, -144.33, 21.8912, -162.541, 47.0789, 48.3127, 0.0145826, 160.738, 0.0550908, 105.329, 0.098451, -49.9856
2411, 40.18333, 1.19758, -144.706, 21.8472, -162.771, 46.976, 47.9767, 0.0145214, 160.329, 0.055047, 105.093, 0.0983273, -50.3162
2412, 40.19167, 1.19535, -145.08, 21.8028, -163.001, 46.8719, 47.6418, 0.0144601, 159.922, 0.0550019, 104.857, 0.0982009, -50.6457
2412, 40.20000, 1.19308, -145.453, 21.758, -163.229, 46.7668, 47.3082, 0.0143987, 159.516, 0.0549555, 104.622, 0.0980719, -50.974
2413, 40.20833, 1.19077, -145.823, 21.7128, -163.456, 46.6607, 46.9757, 0.0143372, 159.112, 0.0549079, 104.388, 0.0979405, -51.3011
2413, 40.21667, 1.18844, -146.193, 21.6672, -163.683, 46.5535, 46.6445, 0.0142756, 158.708, 0.054859, 104.155, 0.0978065, -51.627
2414, 40.22500, 1.18607, -146.561, 21.6213, -163.909, 46.4453, 46.3145, 0.0142139, 158.306, 0.0548089, 103.922, 0.09767, -51.9517
2414, 40.23333, 1.18368, -146.927, 21.575, -164.134, 46.3361, 45.9858, 0.0141521, 157.906, 0.0547577, 103.691, 0.0975312, -52.2752
2415, 40.24167, 1.18125, -147.291, 21.5283, -164.358, 46.2259, 45.6582, 0.0140902, 157.506, 0.0547052, 103.46, 0.09739, -52.5974
2415, 40.25000, 1.17879, -147.654, 21.4813, -164.581, 46.1148, 45.332, 0.0140283, 157.108, 0.0546515, 103.23, 0.0972465, -52.9184
2416, 40.25833, 1.17631, -148.015, 21.434, -164.803, 46.0028, 45.0071, 0.0139663, 156.712, 0.0545967, 103.001, 0.0971007, -53.2381
2416, 40.26667, 1.17379, -148.375, 21.3863, -165.024, 45.8899, 44.6834, 0.0139042, 156.317, 0.0545408, 102.773, 0.0969526, -53.5566
2417, 40.27500, 1.17125, -148.733, 21.3384, -165.244, 45.7762, 44.361, 0.0138421, 155.923, 0.0544838, 102.546, 0.0968024, -53.8738
2417, 40.28333, 1.16868, -149.089, 21.2901, -165.464, 45.6616, 44.0399, 0.0137799, 155.531, 0.0544257, 102.319, 0.0966501, -54.1897
2418, 40.29167, 1.16609, -149.444, 21.2415, -165.682, 45.5461, 43.7201, 0.0137177, 155.14, 0.0543665, 102.094, 0.0964956, -54.5043
2418, 40.30000, 1.16347, -149.796, 21.1926, -165.899, 45.4299, 43.4017, 0.0136555, 154.75, 0.0543063, 101.869, 0.096339, -54.8176
2419, 40.30833, 1.16082, -150.148, 21.1434, -166.116, 45.3129, 43.0846, 0.0135932, 154.362, 0.054245, 101.646, 0.0961805, -55.1296
2419, 40.31667, 1.15815, -150.497, 21.094, -166.331, 45.1951, 42.7688, 0.013531, 153.976, 0.0541827, 101.423, 0.0960199, -55.4402
2420, 40.32500, 1.15546, -150.845, 21.0443, -166.545, 45.0767, 42.4544, 0.0134687, 153.591, 0.0541194, 101.201, 0.0958575, -55.7495
2420, 40.33333, 1.15274, -151.191, 20.9943, -166.759, 44.9575, 42.1414, 0.0134064, 153.207, 0.0540552, 100.981, 0.0956931, -56.0575
2421, 40.34167, 1.14999, -151.535, 20.944, -166.971, 44.8376, 41.8297, 0.0133442, 152.825, 0.05399, 100.761, 0.0955269, -56.3642
2421, 40.35000, 1.14723, -151.878, 20.8936, -167.182, 44.717, 41.5193, 0.013282, 152.444, 0.0539239, 100.542, 0.0953589, -56.6694
2422, 40.35833, 1.14445, -152.218, 20.8429, -167.393, 44.5959, 41.2104, 0.0132198, 152.065, 0.0538568, 100.325, 0.0951892, -56.9733
2422, 40.36667, 1.14164, -152.558, 20.7919, -167.602, 44.4741, 40.9028, 0.0131576, 151.687, 0.0537888, 100.108, 0.0950177, -57.2759
2423, 40.37500, 1.13881, -152.895, 20.7408, -167.81, 44.3517, 40.5967, 0.0130954, 151.311, 0.05372, 99.8921, 0.0948445, -57.577
2423, 40.38333, 1.13597, -153.23, 20.6894, -168.017, 44.2287, 40.2919, 0.0130333, 150.936, 0.0536503, 99.6774, 0.0946697, -57.8768
2424, 40.39167, 1.1331, -153.564, 20.6379, -168.223, 44.1051, 39.9885, 0.0129713, 150.563, 0.0535798, 99.4636, 0.0944933, -58.1752
2424, 40.40000, 1.13021, -153.896, 20.5861, -168.428, 43.9811, 39.6866, 0.0129093, 150.191, 0.0535084, 99.2509, 0.0943154, -58.4722
2425, 40.40833, 1.12731, -154.227, 20.5342, -168.632, 43.8565, 39.3861, 0.0128474, 149.821, 0.0534363, 99.0393, 0.0941359, -58.7678
2425, 40.41667, 1.12439, -154.555, 20.4821, -168.835, 43.7314, 39.0869, 0.0127855, 149.452, 0.0533633, 98.8287, 0.093955, -59.062
2426, 40.42500, 1.12145, -154.882, 20.4298, -169.037, 43.6059, 38.7892, 0.0127238, 149.085, 0.0532896, 98.6191, 0.0937726, -59.3548
2426, 40.43333, 1.1185, -155.207, 20.3773, -169.237, 43.4799, 38.493, 0.0126621, 148.719, 0.0532152, 98.4105, 0.0935889, -59.6461
2427, 40.44167, 1.11553, -155.53, 20.3247, -169.437, 43.3535, 38.1981, 0.0126005, 148.355, 0.05314, 98.203, 0.0934038, -59.9361
2427, 40.45000, 1.11254, -155.852, 20.272, -169.635, 43.2266, 37.9047, 0.0125389, 147.992, 0.0530641, 97.9966, 0.0932174, -60.2247
2428, 40.45833, 1.10954, -156.171, 20.2191, -169.833, 43.0994, 37.6127, 0.0124775, 147.631, 0.0529875, 97.7912, 0.0930297, -60.5118
2428, 40.46667, 1.10653, -156.489, 20.1661, -170.029, 42.9718, 37.3221, 0.0124162, 147.271, 0.0529102, 97.5869, 0.0928408, -60.7975
2429, 40.47500, 1.1035, -156.806, 20.1129, -170.224, 42.8439, 37.0331, 0.012355, 146.913, 0.0528323, 97.3836, 0.0926507, -61.0818
2429, 40.48333, 1.10046, -157.12, 20.0597, -170.418, 42.7156, 36.7454, 0.0122939, 146.557, 0.0527538, 97.1815, 0.0924595, -61.3647
2430, 40.49167, 1.0974, -157.433, 20.0063, -170.611, 42.587, 36.4592, 0.0122329, 146.202, 0.0526746, 96.9803, 0.0922671, -61.6461
2430, 40.50000, 1.09433, -157.743, 19.9528, -170.803, 42.4581, 36.1744, 0.0121721, 145.848, 0.0525949, 96.7803, 0.0920737, -61.9261
2431, 40.50833, 1.09126, -158.052, 19.8992, -170.994, 42.329, 35.8911, 0.0121114, 145.496, 0.0525145, 96.5813, 0.0918793, -62.2047
2431, 40.51667, 1.08817, -158.36, 19.8455, -171.184, 42.1995, 35.6092, 0.0120508, 145.146, 0.0524336, 96.3834, 0.0916838, -62.4819
2432, 40.52500, 1.08507, -158.665, 19.7918, -171.372, 42.0699, 35.3287, 0.0119904, 144.797, 0.0523521, 96.1866, 0.0914873, -62.7576
2432, 40.53333, 1.08196, -158.969, 19.738, -171.56, 41.94, 35.0498, 0.0119301, 144.45, 0.0522701, 95.9909, 0.09129, -63.0318
2433, 40.54167, 1.07883, -159.271, 19.6841, -171.746, 41.8099, 34.7722, 0.0118699, 144.104, 0.0521876, 95.7963, 0.0910917, -63.3047
2433, 40.55000, 1.07571, -159.571, 19.6301, -171.931, 41.6796, 34.4961, 0.0118099, 143.759, 0.0521046, 95.6027, 0.0908926, -63.5761
2434, 40.55833, 1.07257, -159.869, 19.5761, -172.115, 41.5491, 34.2215, 0.0117501, 143.417, 0.0520211, 95.4103, 0.0906926, -63.846
2434, 40.56667, 1.06942, -160.166, 19.522, -172.298, 41.4185, 33.9483, 0.0116904, 143.076, 0.0519371, 95.2189, 0.0904919, -64.1146
2435, 40.57500, 1.06626, -160.461, 19.4679, -172.48, 41.2877, 33.6765, 0.0116309, 142.736, 0.0518527, 95.0286, 0.0902904, -64.3817
2435, 40.58333, 1.0631, -160.754, 19.4137, -172.661, 41.1568, 33.4063, 0.0115715, 142.398, 0.0517679, 94.8394, 0.0900882, -64.6474
2436, 40.59167, 1.05993, -161.045, 19.3595, -172.841, 41.0258, 33.1374, 0.0115123, 142.061, 0.0516826, 94.6512, 0.0898852, -64.9116
2436, 40.60000, 1.05676, -161.335, 19.3053, -173.019, 40.8948, 32.87, 0.0114534, 141.726, 0.0515969, 94.4642, 0.0896817, -65.1745
2437, 40.60833, 1.05358, -161.623, 19.2511, -173.197, 40.7636, 32.604, 0.0113945, 141.393, 0.0515109, 94.2782, 0.0894775, -65.4358
2437, 40.61667, 1.05039, -161.909, 19.1968, -173.373, 40.6324, 32.3395, 0.0113359, 141.061, 0.0514244, 94.0934, 0.0892727, -65.6958
2438, 40.62500, 1.0472, -162.193, 19.1426, -173.548, 40.5011, 32.0764, 0.0112775, 140.73, 0.0513376, 93.9096, 0.0890673, -65.9544
2438, 40.63333, 1.044, -162.475, 19.0883, -173.722, 40.3698, 31.8148, 0.0112192, 140.401, 0.0512505, 93.7269, 0.0888615, -66.2115
2439, 40.64167, 1.0408, -162.756, 19.034, -173.895, 40.2384, 31.5545, 0.0111611, 140.074, 0.051163, 93.5453, 0.088655, -66.4672
2439, 40.65000, 1.03759, -163.035, 18.9798, -174.067, 40.1071, 31.2957, 0.0111033, 139.748, 0.0510752, 93.3647, 0.0884482, -66.7215
2439, 40.65833, 1.03438, -163.313, 18.9255, -174.238, 39.9758, 31.0384, 0.0110456, 139.423, 0.0509872, 93.1853, 0.0882409, -66.9743
2440, 40.66667, 1.03117, -163.588, 18.8713, -174.408, 39.8445, 30.7824, 0.0109881, 139.1, 0.0508988, 93.0069, 0.0880331, -67.2258
2441, 40.67500, 1.02795, -163.862, 18.817, -174.576, 39.7132, 30.5279, 0.0109309, 138.779, 0.0508102, 92.8296, 0.087825, -67.4759
2441, 40.68333, 1.02473, -164.134, 18.7629, -174.744, 39.582, 30.2748, 0.0108738, 138.459, 0.0507213, 92.6534, 0.0876166, -67.7245
2442, 40.69167, 1.02151, -164.404, 18.7087, -174.91, 39.4508, 30.0231, 0.010817, 138.14, 0.0506321, 92.4782, 0.0874078, -67.9718
2442, 40.70000, 1.01829, -164.673, 18.6546, -175.075, 39.3197, 29.7729, 0.0107604, 137.823, 0.0505427, 92.3041, 0.0871987, -68.2176
2443, 40.70833, 1.01506, -164.94, 18.6005, -175.24, 39.1887, 29.524, 0.010704, 137.508, 0.0504532, 92.1311, 0.0869893, -68.462
2443, 40.71667, 1.01184, -165.205, 18.5464, -175.403, 39.0578, 29.2766, 0.0106478, 137.194, 0.0503633, 91.9592, 0.0867796, -68.7051
2443, 40.72500, 1.00861, -165.469, 18.4925, -175.565, 38.9269, 29.0305, 0.0105918, 136.881, 0.0502734, 91.7883, 0.0865698, -68.9468
2444, 40.73333, 1.00538, -165.731, 18.4385, -175.726, 38.7963, 28.7859, 0.0105361, 136.57, 0.0501832, 91.6185, 0.0863597, -69.1871
2445, 40.74167, 1.00216, -165.991, 18.3846, -175.886, 38.6657, 28.5426, 0.0104805, 136.261, 0.0500928, 91.4497, 0.0861494, -69.426
2445, 40.75000, 0.99893, -166.249, 18.3308, -176.045, 38.5352, 28.3007, 0.0104252, 135.953, 0.0500023, 91.282, 0.0859391, -69.6636
2446, 40.75833, 0.995703, -166.506, 18.2771, -176.202, 38.405, 28.0603, 0.0103702, 135.646, 0.0499117, 91.1153, 0.0857285, -69.8997
2446, 40.76667, 0.992477, -166.761, 18.2234, -176.359, 38.2748, 27.8211, 0.0103153, 135.341, 0.0498209, 90.9497, 0.0855179, -70.1345
2447, 40.77500, 0.989253, -167.015, 18.1698, -176.515, 38.1449, 27.5834, 0.0102607, 135.037, 0.0497299, 90.7851, 0.0853072, -70.368
2447, 40.78333, 0.98603, -167.266, 18.1162, -176.669, 38.0151, 27.347, 0.0102063, 134.735, 0.0496389, 90.6216, 0.0850964, -70.6001
2447, 40.79167, 0.982808, -167.516, 18.0628, -176.823, 37.8855, 27.112, 0.0101522, 134.434, 0.0495478, 90.4591, 0.0848856, -70.8308
2448, 40.80000, 0.979588, -167.765, 18.0094, -176.975, 37.7562, 26.8784, 0.0100983, 134.134, 0.0494565, 90.2976, 0.0846747, -71.0602
2449, 40.80833, 0.976371, -168.012, 17.9561, -177.127, 37.627, 26.6461, 0.0100446, 133.836, 0.0493652, 90.1372, 0.0844639, -71.2883
2449, 40.81667, 0.973155, -168.257, 17.9029, -177.277, 37.498, 26.4152, 0.0099912, 133.54, 0.0492739, 89.9778, 0.0842531, -71.515
2450, 40.82500, 0.969943, -168.5, 17.8498, -177.427, 37.3693, 26.1856, 0.00993802, 133.245, 0.0491824, 89.8194, 0.0840423, -71.7404
2450, 40.83333, 0.966734, -168.742, 17.7968, -177.575, 37.2408, 25.9573, 0.00988508, 132.951, 0.0490909, 89.662, 0.0838316, -71.9645
2451, 40.84167, 0.963528, -168.983, 17.7439, -177.722, 37.1125, 25.7304, 0.00983237, 132.658, 0.0489994, 89.5056, 0.0836209, -72.1872
2451, 40.85000, 0.960325, -169.221, 17.6911, -177.869, 36.9845, 25.5048, 0.00977992, 132.367, 0.0489078, 89.3503, 0.0834104, -72.4087
2451, 40.85833, 0.957126, -169.458, 17.6384, -178.014, 36.8568, 25.2805, 0.00972771, 132.078, 0.0488162, 89.1959, 0.0832, -72.6288
2452, 40.86667, 0.95393, -169.694, 17.5858, -178.158, 36.7293, 25.0575, 0.00967574, 131.79, 0.0487246, 89.0426, 0.0829897, -72.8476
2453, 40.87500, 0.95074, -169.928, 17.5333, -178.302, 36.6021, 24.8359, 0.00962403, 131.503, 0.048633, 88.8902, 0.0827796, -73.0651
2453, 40.88333, 0.947553, -170.16, 17.481, -178.444, 36.4752, 24.6155, 0.00957256, 131.217, 0.0485414, 88.7388, 0.0825697, -73.2814
2454, 40.89167, 0.944371, -170.391, 17.4287, -178.585, 36.3485, 24.3965, 0.00952133, 130.933, 0.0484498, 88.5884, 0.0823599, -73.4964
2454, 40.90000, 0.941194, -170.62, 17.3766, -178.726, 36.2222, 24.1787, 0.00947036, 130.65, 0.0483582, 88.439, 0.0821503, -73.71
2455, 40.90833, 0.938021, -170.847, 17.3246, -178.865, 36.0961, 23.9623, 0.00941964, 130.369, 0.0482667, 88.2906, 0.081941, -73.9224
2455, 40.91667, 0.934854, -171.073, 17.2727, -179.003, 35.9704, 23.747, 0.00936916, 130.089, 0.0481752, 88.1432, 0.0817319, -74.1336
2455, 40.92500, 0.931692, -171.297, 17.221, -179.141, 35.8449, 23.5331, 0.00931894, 129.81, 0.0480837, 87.9967, 0.081523, -74.3435
2456, 40.93333, 0.928536, -171.52, 17.1694, -179.277, 35.7198, 23.3205, 0.00926898, 129.533, 0.0479923, 87.8511, 0.0813145, -74.5521
2457, 40.94167, 0.925386, -171.742, 17.1179, -179.413, 35.595, 23.1091, 0.00921925, 129.257, 0.0479009, 87.7066, 0.0811061, -74.7595
2457, 40.95000, 0.922242, -171.961, 17.0665, -179.547, 35.4706, 22.8989, 0.00916979, 128.982, 0.0478097, 87.5629, 0.0808982, -74.9656
2458, 40.95833, 0.919103, -172.18, 17.0153, -179.681, 35.3464, 22.6901, 0.00912058, 128.709, 0.0477185, 87.4203, 0.0806905, -75.1705
2458, 40.96667, 0.915971, -172.396, 16.9642, -179.813, 35.2226, 22.4824, 0.00907161, 128.437, 0.0476273, 87.2785, 0.0804831, -75.3742
2459, 40.97500, 0.912845, -172.612, 16.9132, -179.945, 35.0992, 22.276, 0.0090229, 128.166, 0.0475363, 87.1377, 0.080276, -75.5767
2459, 40.98333, 0.909727, -172.825, 16.8624, 179.924, 34.9761, 22.0708, 0.00897445, 127.896, 0.0474453, 86.9978, 0.0800694, -75.7779
2459, 40.99167, 0.906614, -173.038, 16.8118, 179.795, 34.8534, 21.8668, 0.00892624, 127.628, 0.0473545, 86.8589, 0.079863, -75.978
2460, 41.00000, 0.903509, -173.248, 16.7612, 179.666, 34.731, 21.6641, 0.00887829, 127.361, 0.0472637, 86.7208, 0.0796571, -76.1768
2461, 41.00833, 0.900411, -173.458, 16.7109, 179.538, 34.609, 21.4625, 0.00883059, 127.095, 0.0471731, 86.5837, 0.0794515, -76.3744
2461, 41.01667, 0.897319, -173.665, 16.6606, 179.411, 34.4873, 21.2622, 0.00878314, 126.831, 0.0470826, 86.4475, 0.0792463, -76.5709
2462, 41.02500, 0.894236, -173.872, 16.6106, 179.285, 34.366, 21.0631, 0.00873595, 126.567, 0.0469922, 86.3122, 0.0790415, -76.7661
2462, 41.03333, 0.891159, -174.076, 16.5606, 179.159, 34.2452, 20.8651, 0.00868902, 126.305, 0.0469019, 86.1778, 0.0788372, -76.9602
2463, 41.04167, 0.88809, -174.28, 16.5109, 179.035, 34.1246, 20.6683, 0.00864233, 126.045, 0.0468118, 86.0443, 0.0786332, -77.1531
2463, 41.05000, 0.88503, -174.482, 16.4612, 178.912, 34.0045, 20.4727, 0.0085959, 125.785, 0.0467218, 85.9117, 0.0784297, -77.3449
2463, 41.05833, 0.881976, -174.682, 16.4118, 178.789, 33.8848, 20.2783, 0.00854971, 125.527, 0.046632, 85.7799, 0.0782267, -77.5355
2464, 41.06667, 0.878931, -174.881, 16.3625, 178.667, 33.7654, 20.085, 0.00850378, 125.27, 0.0465423, 85.649, 0.0780241, -77.725
2465, 41.07500, 0.875894, -175.079, 16.3133, 178.547, 33.6464, 19.8929, 0.0084581, 125.014, 0.0464527, 85.519, 0.077822, -77.9133
2465, 41.08333, 0.872865, -175.275, 16.2643, 178.427, 33.5279, 19.702, 0.00841268, 124.759, 0.0463634, 85.3899, 0.0776204, -78.1004
2466, 41.09167, 0.869844, -175.47, 16.2155, 178.308, 33.4097, 19.5121, 0.0083675, 124.506, 0.0462742, 85.2616, 0.0774192, -78.2865
2466, 41.10000, 0.866832, -175.663, 16.1668, 178.189, 33.2919, 19.3234, 0.00832257, 124.254, 0.0461851, 85.1342, 0.0772185, -78.4714
2467, 41.10833, 0.863828, -175.855, 16.1183, 178.072, 33.1746, 19.1359, 0.0082779, 124.003, 0.0460963, 85.0076, 0.0770184, -78.6552
2467, 41.11667, 0.860833, -176.046, 16.0699, 177.955, 33.0576, 18.9494, 0.00823347, 123.753, 0.0460076, 84.8819, 0.0768187, -78.8379
2467, 41.12500, 0.857846, -176.235, 16.0217, 177.84, 32.9411, 18.7641, 0.00818929, 123.504, 0.0459191, 84.757, 0.0766196, -79.0195
2468, 41.13333, 0.854869, -176.423, 15.9737, 177.725, 32.8249, 18.5799, 0.00814537, 123.256, 0.0458308, 84.6329, 0.076421, -79.2
2469, 41.14167, 0.8519, -176.609, 15.9258, 177.611, 32.7092, 18.3968, 0.00810168, 123.01, 0.0457427, 84.5097, 0.0762229, -79.3794
2469, 41.15000, 0.84894, -176.794, 15.8782, 177.498, 32.5939, 18.2148, 0.00805825, 122.765, 0.0456547, 84.3873, 0.0760253, -79.5578
2470, 41.15833, 0.845989, -176.978, 15.8306, 177.385, 32.4791, 18.0339, 0.00801506, 122.521, 0.045567, 84.2657, 0.0758283, -79.735
2470, 41.16667, 0.843046, -177.161, 15.7833, 177.274, 32.3646, 17.854, 0.00797212, 122.278, 0.0454795, 84.1449, 0.0756319, -79.9112
2471, 41.17500, 0.840114, -177.342, 15.7361, 177.163, 32.2506, 17.6752, 0.00792943, 122.036, 0.0453922, 84.0249, 0.075436, -80.0864
2471, 41.18333, 0.83719, -177.521, 15.689, 177.053, 32.1369, 17.4975, 0.00788698, 121.795, 0.0453051, 83.9057, 0.0752407, -80.2604
2471, 41.19167, 0.834276, -177.7, 15.6422, 176.944, 32.0237, 17.3209, 0.00784477, 121.555, 0.0452182, 83.7873, 0.0750459, -80.4335
2472, 41.20000, 0.831371, -177.877, 15.5955, 176.835, 31.911, 17.1453, 0.0078028, 121.317, 0.0451315, 83.6697, 0.0748517, -80.6054
2473, 41.20833, 0.828476, -178.053, 15.549, 176.728, 31.7987, 16.9707, 0.00776108, 121.079, 0.045045, 83.5529, 0.0746581, -80.7764
2473, 41.21667, 0.825589, -178.227, 15.5026, 176.621, 31.6868, 16.7972, 0.0077196, 120.843, 0.0449588, 83.4368, 0.0744651, -80.9463
2474, 41.22500, 0.822713, -178.4, 15.4564, 176.515, 31.5753, 16.6248, 0.00767836, 120.607, 0.0448728, 83.3216, 0.0742727, -81.1152
2474, 41.23333, 0.819846, -178.572, 15.4104, 176.409, 31.4643, 16.4533, 0.00763737, 120.373, 0.044787, 83.207, 0.0740809, -81.2831
2475, 41.24167, 0.816988, -178.743, 15.3646, 176.305, 31.3536, 16.2829, 0.00759661, 120.14, 0.0447014, 83.0933, 0.0738896, -81.45
2475, 41.25000, 0.814141, -178.912, 15.3189, 176.201, 31.2435, 16.1135, 0.00755609, 119.908, 0.0446161, 82.9803, 0.073699, -81.6159
2475, 41.25833, 0.811303, -179.08, 15.2734, 176.098, 31.1337, 15.9451, 0.00751581, 119.677, 0.044531, 82.868, 0.073509, -81.7807
2476, 41.26667, 0.808475, -179.247, 15.2281, 175.995, 31.0244, 15.7777, 0.00747576, 119.447, 0.0444462, 82.7565, 0.0733196, -81.9446
2477, 41.27500, 0.805656, -179.413, 15.183, 175.894, 30.9156, 15.6113, 0.00743595, 119.218, 0.0443616, 82.6458, 0.0731308, -82.1076
2477, 41.28333, 0.802848, -179.577, 15.138, 175.793, 30.8071, 15.4458, 0.00739637, 118.99, 0.0442772, 82.5357, 0.0729426, -82.2695
2478, 41.29167, 0.800049, -179.74, 15.0932, 175.693, 30.6991, 15.2814, 0.00735703, 118.763, 0.0441931, 82.4264, 0.0727551, -82.4305
2478, 41.30000, 0.797261, -179.902, 15.0486, 175.593, 30.5916, 15.1179, 0.00731792, 118.537, 0.0441092, 82.3178, 0.0725682, -82.5905
2479, 41.30833, 0.794482, 179.937, 15.0041, 175.495, 30.4845, 14.9554, 0.00727905, 118.312, 0.0440256, 82.21, 0.0723819, -82.7495
2479, 41.31667, 0.791713, 179.778, 14.9598, 175.397, 30.3778, 14.7939, 0.0072404, 118.088, 0.0439422, 82.1028, 0.0721962, -82.9076
2479, 41.32500, 0.788954, 179.62, 14.9157, 175.299, 30.2715, 14.6333, 0.00720198, 117.866, 0.0438591, 81.9963, 0.0720112, -83.0648
2480, 41.33333, 0.786206, 179.463, 14.8718, 175.203, 30.1657, 14.4737, 0.0071638, 117.644, 0.0437762, 81.8906, 0.0718268, -83.221
2481, 41.34167, 0.783467, 179.307, 14.828, 175.107, 30.0604, 14.315, 0.00712584, 117.423, 0.0436936, 81.7855, 0.0716431, -83.3763
2481, 41.35000, 0.780738, 179.152, 14.7844, 175.012, 29.9554, 14.1572, 0.00708811, 117.203, 0.0436112, 81.6812, 0.07146, -83.5306
2482, 41.35833, 0.77802, 178.999, 14.741, 174.917, 29.851, 14.0004, 0.0070506, 116.984, 0.0435291, 81.5775, 0.0712776, -83.6841
2482, 41.36667, 0.775311, 178.846, 14.6977, 174.823, 29.7469, 13.8445, 0.00701332, 116.766, 0.0434472, 81.4745, 0.0710957, -83.8366
2483, 41.37500, 0.772613, 178.695, 14.6547, 174.73, 29.6433, 13.6895, 0.00697627, 116.549, 0.0433657, 81.3722, 0.0709146, -83.9883
2483, 41.38333, 0.769925, 178.545, 14.6118, 174.638, 29.5401, 13.5355, 0.00693944, 116.333, 0.0432843, 81.2705, 0.0707341, -84.139
2483, 41.39167, 0.767247, 178.397, 14.569, 174.546, 29.4374, 13.3823, 0.00690282, 116.117, 0.0432033, 81.1695, 0.0705542, -84.2888
2484, 41.40000, 0.764579, 178.249, 14.5265, 174.454, 29.3351, 13.23, 0.00686643, 115.903, 0.0431225, 81.0692, 0.070375, -84.4378
2485, 41.40833, 0.761921, 178.103, 14.4841, 174.364, 29.2332, 13.0787, 0.00683026, 115.69, 0.043042, 80.9695, 0.0701965, -84.5859
2485, 41.41667, 0.759274, 177.957, 14.4419, 174.274, 29.1318, 12.9282, 0.00679431, 115.478, 0.0429617, 80.8705, 0.0700186, -84.7331
2486, 41.42500, 0.756637, 177.813, 14.3998, 174.185, 29.0308, 12.7786, 0.00675858, 115.266, 0.0428817, 80.7721, 0.0698414, -84.8794
2486, 41.43333, 0.75401, 177.67, 14.3579, 174.096, 28.9303, 12.6298, 0.00672306, 115.056, 0.042802, 80.6744, 0.0696648, -85.0249
2487, 41.44167, 0.751393, 177.528, 14.3162, 174.008, 28.8301, 12.4819, 0.00668775, 114.846, 0.0427225, 80.5773, 0.0694889, -85.1695
2487, 41.45000, 0.748786, 177.387, 14.2747, 173.921, 28.7305, 12.3349, 0.00665267, 114.637, 0.0426433, 80.4808, 0.0693137, -85.3132
2487, 41.45833, 0.74619, 177.248, 14.2334, 173.834, 28.6312, 12.1888, 0.00661779, 114.429, 0.0425644, 80.3849, 0.0691391, -85.4561
2488, 41.46667, 0.743603, 177.109, 14.1922, 173.748, 28.5324, 12.0435, 0.00658313, 114.222, 0.0424858, 80.2897, 0.0689652, -85.5982
2489, 41.47500, 0.741027, 176.971, 14.1511, 173.662, 28.434, 11.899, 0.00654868, 114.016, 0.0424074, 80.1951, 0.0687919, -85.7395
2489, 41.48333, 0.738462, 176.835, 14.1103, 173.577, 28.336, 11.7554, 0.00651444, 113.811, 0.0423293, 80.1011, 0.0686193, -85.8799
2490, 41.49167, 0.735906, 176.7, 14.0696, 173.493, 28.2385, 11.6126, 0.0064804, 113.606, 0.0422515, 80.0077, 0.0684474, -86.0195
2490, 41.50000, 0.733361, 176.565, 14.0291, 173.409, 28.1414, 11.4707, 0.00644658, 113.403, 0.042174, 79.9149, 0.0682762, -86.1583
2491, 41.50833, 0.730825, 176.432, 13.9888, 173.326, 28.0448, 11.3295, 0.00641296, 113.2, 0.0420967, 79.8227, 0.0681056, -86.2963
2491, 41.51667, 0.7283, 176.3, 13.9486, 173.243, 27.9485, 11.1892, 0.00637954, 112.998, 0.0420197, 79.731, 0.0679356, -86.4334
2491, 41.52500, 0.725785, 176.169, 13.9086, 173.161, 27.8527, 11.0497, 0.00634634, 112.798, 0.041943, 79.64, 0.0677664, -86.5698
2492, 41.53333, 0.723281, 176.039, 13.8687, 173.08, 27.7573, 10.911, 0.00631333, 112.597, 0.0418665, 79.5496, 0.0675978, -86.7054
2493, 41.54167, 0.720786, 175.91, 13.8291, 172.999, 27.6624, 10.7731, 0.00628052, 112.398, 0.0417904, 79.4597, 0.0674298, -86.8402
2493, 41.55000, 0.718302, 175.782, 13.7895, 172.919, 27.5678, 10.636, 0.00624792, 112.2, 0.0417145, 79.3704, 0.0672625, -86.9742
2494, 41.55833, 0.715827, 175.655, 13.7502, 172.839, 27.4737, 10.4996, 0.00621552, 112.002, 0.0416389, 79.2817, 0.0670959, -87.1074
2494, 41.56667, 0.713363, 175.529, 13.711, 172.76, 27.38, 10.3641, 0.00618331, 111.805, 0.0415635, 79.1935, 0.06693, -87.2399
2495, 41.57500, 0.710909, 175.404, 13.672, 172.681, 27.2868, 10.2293, 0.0061513, 111.609, 0.0414885, 79.1059, 0.0667647, -87.3716
2495, 41.58333, 0.708465, 175.28, 13.6332, 172.603, 27.1939, 10.0953, 0.00611949, 111.414, 0.0414137, 79.0189, 0.0666001, -87.5025
2495, 41.59167, 0.706031, 175.158, 13.5945, 172.526, 27.1015, 9.96207, 0.00608787, 111.219, 0.0413392, 78.9324, 0.0664361, -87.6328
2496, 41.60000, 0.703607, 175.036, 13.556, 172.449, 27.0095, 9.82959, 0.00605645, 111.025, 0.041265, 78.8464, 0.0662728, -87.7622
2497, 41.60833, 0.701193, 174.915, 13.5176, 172.372, 26.9179, 9.69787, 0.00602522, 110.833, 0.041191, 78.761, 0.0661102, -87.8909
2497, 41.61667, 0.698789, 174.795, 13.4794, 172.296, 26.8267, 9.56689, 0.00599418, 110.64, 0.0411173, 78.6761, 0.0659482, -88.0189
2498, 41.62500, 0.696396, 174.676, 13.4414, 172.221, 26.7359, 9.43666, 0.00596334, 110.449, 0.0410439, 78.5918, 0.0657868, -88.1461
2498, 41.63333, 0.694012, 174.558, 13.4035, 172.146, 26.6455, 9.30717, 0.00593268, 110.258, 0.0409708, 78.508, 0.0656262, -88.2726
2499, 41.64167, 0.691638, 174.442, 13.3658, 172.072, 26.5556, 9.1784, 0.00590221, 110.069, 0.040898, 78.4247, 0.0654662, -88.3984
2499, 41.65000, 0.689274, 174.326, 13.3282, 171.998, 26.466, 9.05037, 0.00587193, 109.879, 0.0408254, 78.3419, 0.0653068, -88.5234
2499, 41.65833, 0.68692, 174.211, 13.2908, 171.924, 26.3769, 8.92307, 0.00584183, 109.691, 0.0407531, 78.2597, 0.0651481, -88.6478
2500, 41.66667, 0.684576, 174.097, 13.2536, 171.851, 26.2882, 8.79647, 0.00581192, 109.503, 0.0406811, 78.1779, 0.0649901, -88.7714
2501, 41.67500, 0.682242, 173.984, 13.2165, 171.779, 26.1998, 8.67059, 0.00578219, 109.317, 0.0406094, 78.0967, 0.0648327, -88.8944
2501, 41.68333, 0.679917, 173.872, 13.1796, 171.707, 26.1119, 8.54543, 0.00575264, 109.13, 0.0405379, 78.016, 0.0646759, -89.0166
2502, 41.69167, 0.677603, 173.761, 13.1429, 171.636, 26.0244, 8.42095, 0.00572328, 108.945, 0.0404667, 77.9357, 0.0645198, -89.1382
2502, 41.70000, 0.675298, 173.65, 13.1063, 171.565, 25.9373, 8.29718, 0.0056941, 108.76, 0.0403958, 77.856, 0.0643644, -89.259
2503, 41.70833, 0.673003, 173.541, 13.0698, 171.495, 25.8506, 8.1741, 0.00566509, 108.576, 0.0403251, 77.7768, 0.0642096, -89.3792
2503, 41.71667, 0.670717, 173.433, 13.0335, 171.425, 25.7642, 8.0517, 0.00563627, 108.393, 0.0402548, 77.698, 0.0640554, -89.4987
2503, 41.72500, 0.668442, 173.326, 12.9974, 171.355, 25.6783, 7.93, 0.00560762, 108.21, 0.0401847, 77.6198, 0.0639019, -89.6176
2504, 41.73333, 0.666176, 173.219, 12.9614, 171.286, 25.5928, 7.80897, 0.00557915, 108.028, 0.0401149, 77.542, 0.063749, -89.7357
2505, 41.74167, 0.66392, 173.114, 12.9256, 171.218, 25.5076, 7.68861, 0.00555085, 107.847, 0.0400453, 77.4646, 0.0635968, -89.8533
2505, 41.75000, 0.661673, 173.009, 12.8899, 171.15, 25.4229, 7.56892, 0.00552272, 107.667, 0.0399761, 77.3878, 0.0634452, -89.9701
2506, 41.75833, 0.659436, 172.905, 12.8544, 171.082, 25.3385, 7.4499, 0.00549477, 107.487, 0.0399071, 77.3114, 0.0632942, -90.0863
2506, 41.76667, 0.657209, 172.803, 12.819, 171.015, 25.2545, 7.33153, 0.00546699, 107.308, 0.0398383, 77.2355, 0.0631439, -90.2019
2507, 41.77500, 0.654991, 172.701, 12.7838, 170.949, 25.171, 7.21382, 0.00543938, 107.129, 0.0397699, 77.1601, 0.0629942, -90.3168
2507, 41.78333, 0.652783, 172.6, 12.7487, 170.882, 25.0878, 7.09676, 0.00541194, 106.951, 0.0397017, 77.0851, 0.0628452, -90.431
2508, 41.79167, 0.650584, 172.499, 12.7138, 170.817, 25.0049, 6.98033, 0.00538467, 106.774, 0.0396338, 77.0106, 0.0626967, -90.5447
2508, 41.80000, 0.648395, 172.4, 12.679, 170.751, 24.9225, 6.86456, 0.00535757, 106.598, 0.0395661, 76.9365, 0.062549, -90.6577
2509, 41.80833, 0.646215, 172.302, 12.6444, 170.686, 24.8404, 6.74943, 0.00533063, 106.422, 0.0394987, 76.8628, 0.0624018, -90.7701
2509, 41.81667, 0.644044, 172.204, 12.6099, 170.622, 24.7588, 6.63491, 0.00530386, 106.247, 0.0394316, 76.7896, 0.0622552, -90.8818
2510, 41.82500, 0.641883, 172.108, 12.5756, 170.558, 24.6775, 6.52103, 0.00527725, 106.072, 0.0393648, 76.7169, 0.0621093, -90.993
2510, 41.83333, 0.639731, 172.012, 12.5414, 170.494, 24.5965, 6.40777, 0.0052508, 105.898, 0.0392982, 76.6446, 0.061964, -91.1035
2511, 41.84167, 0.637589, 171.917, 12.5074, 170.431, 24.516, 6.29512, 0.00522452, 105.725, 0.0392319, 76.5727, 0.0618193, -91.2134
2511, 41.85000, 0.635456, 171.823, 12.4735, 170.369, 24.4358, 6.1831, 0.00519839, 105.552, 0.0391658, 76.5012, 0.0616753, -91.3227
2512, 41.85833, 0.633332, 171.73, 12.4398, 170.306, 24.356, 6.07168, 0.00517243, 105.38, 0.0391001, 76.4302, 0.0615318, -91.4315
2512, 41.86667, 0.631217, 171.638, 12.4061, 170.244, 24.2765, 5.96086, 0.00514663, 105.209, 0.0390345, 76.3595, 0.061389, -91.5396
2513, 41.87500, 0.629111, 171.546, 12.3727, 170.183, 24.1975, 5.85065, 0.00512098, 105.038, 0.0389693, 76.2893, 0.0612467, -91.6471
2513, 41.88333, 0.627015, 171.456, 12.3394, 170.122, 24.1187, 5.74104, 0.00509549, 104.868, 0.0389043, 76.2196, 0.0611051, -91.7541
2514, 41.89167, 0.624927, 171.366, 12.3062, 170.061, 24.0404, 5.63201, 0.00507015, 104.698, 0.0388395, 76.1502, 0.0609641, -91.8605
2514, 41.90000, 0.622849, 171.277, 12.2732, 170.001, 23.9624, 5.52358, 0.00504498, 104.529, 0.0387751, 76.0812, 0.0608237, -91.9662
2515, 41.90833, 0.62078, 171.189, 12.2403, 169.941, 23.8848, 5.41573, 0.00501995, 104.36, 0.0387109, 76.0126, 0.0606839, -92.0714
2515, 41.91667, 0.61872, 171.101, 12.2075, 169.881, 23.8075, 5.30845, 0.00499508, 104.193, 0.0386469, 75.9445, 0.0605447, -92.1761
2516, 41.92500, 0.616669, 171.015, 12.1749, 169.822, 23.7306, 5.20176, 0.00497035, 104.025, 0.0385832, 75.8767, 0.0604061, -92.2802
2516, 41.93333, 0.614627, 170.929, 12.1424, 169.764, 23.6541, 5.09564, 0.00494578, 103.859, 0.0385198, 75.8094, 0.0602681, -92.3837
2517, 41.94167, 0.612593, 170.844, 12.1101, 169.705, 23.5778, 4.99007, 0.00492136, 103.693, 0.0384566, 75.7424, 0.0601306, -92.4867
2517, 41.95000, 0.610569, 170.76, 12.0779, 169.647, 23.502, 4.88509, 0.00489709, 103.527, 0.0383937, 75.6758, 0.0599938, -92.5891
2518, 41.95833, 0.608553, 170.677, 12.0459, 169.59, 23.4265, 4.78066, 0.00487296, 103.362, 0.038331, 75.6096, 0.0598576, -92.6909
2518, 41.96667, 0.606546, 170.594, 12.0139, 169.532, 23.3513, 4.67677, 0.00484898, 103.198, 0.0382686, 75.5438, 0.0597219, -92.7923
2519, 41.97500, 0.604548, 170.513, 11.9821, 169.476, 23.2765, 4.57345, 0.00482515, 103.034, 0.0382064, 75.4783, 0.0595869, -92.893
2519, 41.98333, 0.602559, 170.432, 11.9505, 169.419, 23.2021, 4.47068, 0.00480147, 102.871, 0.0381445, 75.4133, 0.0594524, -92.9933
2520, 41.99167, 0.600578, 170.352, 11.919, 169.363, 23.128, 4.36844, 0.00477792, 102.708, 0.0380829, 75.3486, 0.0593185, -93.093
2520, 42.00000, 0.598606, 170.272, 11.8876, 169.307, 23.0542, 4.26675, 0.00475452, 102.546, 0.0380215, 75.2843, 0.0591851, -93.1921
2521, 42.00833, 0.596643, 170.194, 11.8563, 169.252, 22.9808, 4.1656, 0.00473126, 102.384, 0.0379603, 75.2203, 0.0590524, -93.2908
2521, 42.01667, 0.594688, 170.116, 11.8252, 169.197, 22.9077, 4.06497, 0.00470814, 102.223, 0.0378994, 75.1567, 0.0589202, -93.3889
2522, 42.02500, 0.592742, 170.039, 11.7942, 169.142, 22.8349, 3.96488, 0.00468516, 102.062, 0.0378387, 75.0935, 0.0587886, -93.4865
2522, 42.03333, 0.590805, 169.963, 11.7633, 169.088, 22.7625, 3.86532, 0.00466232, 101.902, 0.0377783, 75.0306, 0.0586575, -93.5836
2523, 42.04167, 0.588875, 169.888, 11.7326, 169.034, 22.6904, 3.76626, 0.00463962, 101.743, 0.0377182, 74.9681, 0.0585271, -93.6802
2523, 42.05000, 0.586955, 169.813, 11.702, 168.98, 22.6186, 3.66774, 0.00461705, 101.584, 0.0376582, 74.9059, 0.0583972, -93.7763
2524, 42.05833, 0.585043, 169.739, 11.6715, 168.927, 22.5472, 3.56973, 0.00459462, 101.425, 0.0375986, 74.8441, 0.0582678, -93.8718
2524, 42.06667, 0.583139, 169.666, 11.6412, 168.874, 22.4761, 3.47222, 0.00457233, 101.267, 0.0375391, 74.7827, 0.058139, -93.9669
2525, 42.07500, 0.581243, 169.593, 11.611, 168.821, 22.4053, 3.37523, 0.00455017, 101.11, 0.0374799, 74.7215, 0.0580108, -94.0615
2525, 42.08333, 0.579356, 169.522, 11.5809, 168.769, 22.3349, 3.27874, 0.00452815, 100.953, 0.037421, 74.6608, 0.0578831, -94.1555
2526, 42.09167, 0.577477, 169.451, 11.5509, 168.717, 22.2647, 3.18275, 0.00450625, 100.796, 0.0373623, 74.6003, 0.057756, -94.2491
2526, 42.10000, 0.575607, 169.381, 11.5211, 168.665, 22.1949, 3.08726, 0.00448449, 100.64, 0.0373038, 74.5402, 0.0576294, -94.3422
2527, 42.10833, 0.573745, 169.311, 11.4914, 168.614, 22.1255, 2.99226, 0.00446286, 100.485, 0.0372456, 74.4804, 0.0575034, -94.4348
2527, 42.11667, 0.57189, 169.243, 11.4618, 168.563, 22.0563, 2.89774, 0.00444136, 100.33, 0.0371876, 74.421, 0.0573779, -94.5269
2528, 42.12500, 0.570044, 169.175, 11.4323, 168.513, 21.9874, 2.80373, 0.00441999, 100.175, 0.0371299, 74.3619, 0.0572529, -94.6186
2528, 42.13333, 0.568206, 169.107, 11.403, 168.462, 21.9189, 2.71019, 0.00439874, 100.021, 0.0370724, 74.3031, 0.0571285, -94.7098
2529, 42.14167, 0.566376, 169.041, 11.3737, 168.412, 21.8507, 2.61712, 0.00437763, 99.8676, 0.0370151, 74.2446, 0.0570046, -94.8005
2529, 42.15000, 0.564555, 168.975, 11.3446, 168.362, 21.7828, 2.52455, 0.00435664, 99.7145, 0.036958, 74.1865, 0.0568813, -94.8907
2530, 42.15833, 0.562741, 168.91, 11.3157, 168.313, 21.7152, 2.43244, 0.00433577, 99.5619, 0.0369012, 74.1286, 0.0567585, -94.9805
2530, 42.16667, 0.560935, 168.846, 11.2868, 168.264, 21.6479, 2.34079, 0.00431503, 99.4097, 0.0368446, 74.0711, 0.0566363, -95.0698
2531, 42.17500, 0.559137, 168.782, 11.2581, 168.215, 21.5809, 2.24963, 0.00429442, 99.258, 0.0367883, 74.0139, 0.0565145, -95.1587
2531, 42.18333, 0.557347, 168.719, 11.2294, 168.167, 21.5142, 2.15892, 0.00427392, 99.1068, 0.0367322, 73.957, 0.0563933, -95.2471
2532, 42.19167, 0.555565, 168.657, 11.2009, 168.118, 21.4478, 2.06867, 0.00425355, 98.956, 0.0366763, 73.9004, 0.0562726, -95.3351
2532, 42.20000, 0.553791, 168.595, 11.1725, 168.071, 21.3818, 1.97888, 0.0042333, 98.8057, 0.0366206, 73.8442, 0.0561524, -95.4226
2533, 42.20833, 0.552024, 168.534, 11.1443, 168.023, 21.316, 1.88955, 0.00421317, 98.6558, 0.0365652, 73.7882, 0.0560328, -95.5096
2533, 42.21667, 0.550265, 168.474, 11.1161, 167.976, 21.2505, 1.80066, 0.00419316, 98.5064, 0.03651, 73.7325, 0.0559137, -95.5963
2534, 42.22500, 0.548514, 168.415, 11.0881, 167.929, 21.1853, 1.71223, 0.00417327, 98.3574, 0.036455, 73.6771, 0.055795, -95.6825
2534, 42.23333, 0.546771, 168.356, 11.0602, 167.882, 21.1204, 1.62424, 0.0041535, 98.2088, 0.0364003, 73.6221, 0.0556769, -95.7682
2535, 42.24167, 0.545035, 168.298, 11.0324, 167.835, 21.0559, 1.53668, 0.00413384, 98.0607, 0.0363457, 73.5673, 0.0555593, -95.8535
2535, 42.25000, 0.543308, 168.241, 11.0047, 167.789, 20.9916, 1.44958, 0.0041143, 97.913, 0.0362914, 73.5128, 0.0554422, -95.9384
2536, 42.25833, 0.541587, 168.184, 10.9771, 167.743, 20.9276, 1.3629, 0.00409488, 97.7657, 0.0362373, 73.4585, 0.0553256, -96.0229
2536, 42.26667, 0.539874, 168.128, 10.9496, 167.698, 20.8638, 1.27666, 0.00407557, 97.6189, 0.0361835, 73.4046, 0.0552096, -96.1069
2537, 42.27500, 0.538169, 168.072, 10.9223, 167.652, 20.8004, 1.19085, 0.00405638, 97.4724, 0.0361298, 73.351, 0.055094, -96.1905
2537, 42.28333, 0.536471, 168.018, 10.895, 167.607, 20.7373, 1.10547, 0.0040373, 97.3264, 0.0360764, 73.2976, 0.0549789, -96.2737
2538, 42.29167, 0.534781, 167.964, 10.8679, 167.563, 20.6744, 1.0205, 0.00401832, 97.1808, 0.0360232, 73.2445, 0.0548643, -96.3565
2538, 42.30000, 0.533098, 167.911, 10.8409, 167.518, 20.6118, 0.93597, 0.00399947, 97.0356, 0.0359702, 73.1917, 0.0547502, -96.4389
2539, 42.30833, 0.531422, 167.858, 10.814, 167.474, 20.5496, 0.851854, 0.00398072, 96.8909, 0.0359174, 73.1392, 0.0546366, -96.5209
2539, 42.31667, 0.529754, 167.806, 10.7872, 167.43, 20.4875, 0.768145, 0.00396209, 96.7465, 0.0358648, 73.087, 0.0545234, -96.6024
2540, 42.32500, 0.528093, 167.755, 10.7605, 167.386, 20.4258, 0.684858, 0.00394356, 96.6025, 0.0358125, 73.035, 0.0544108, -96.6836
2540, 42.33333, 0.526439, 167.704, 10.7339, 167.343, 20.3644, 0.601982, 0.00392514, 96.4589, 0.0357604, 72.9833, 0.0542987, -96.7643
2541, 42.34167, 0.524793, 167.654, 10.7074, 167.3, 20.3032, 0.519503, 0.00390683, 96.3157, 0.0357084, 72.9318, 0.054187, -96.8447
2541, 42.35000, 0.523154, 167.604, 10.681, 167.257, 20.2423, 0.437439, 0.00388863, 96.1729, 0.0356567, 72.8806, 0.0540758, -96.9247
2542, 42.35833, 0.521522, 167.556, 10.6548, 167.214, 20.1816, 0.355777, 0.00387053, 96.0305, 0.0356052, 72.8297, 0.0539651, -97.0042
2542, 42.36667, 0.519897, 167.508, 10.6286, 167.172, 20.1213, 0.274505, 0.00385254, 95.8885, 0.0355539, 72.7791, 0.0538548, -97.0834
2543, 42.37500, 0.51828, 167.46, 10.6026, 167.129, 20.0612, 0.193639, 0.00383466, 95.7468, 0.0355029, 72.7287, 0.053745, -97.1622
2543, 42.38333, 0.516669, 167.413, 10.5766, 167.087, 20.0014, 0.113167, 0.00381688, 95.6056, 0.035452, 72.6785, 0.0536357, -97.2406
2544, 42.39167, 0.515065, 167.367, 10.5508, 167.046, 19.9418, 0.0330774, 0.0037992, 95.4647, 0.0354013, 72.6286, 0.0535269, -97.3186
2544, 42.40000, 0.513469, 167.322, 10.525, 167.004, 19.8825, -0.046614, 0.00378163, 95.3241, 0.0353509, 72.579, 0.0534185, -97.3963
2545, 42.40833, 0.51188, 167.277, 10.4994, 166.963, 19.8235, -0.125919, 0.00376415, 95.184, 0.0353006, 72.5296, 0.0533106, -97.4735
2545, 42.41667, 0.510297, 167.233, 10.4738, 166.922, 19.7647, -0.20485, 0.00374678, 95.0442, 0.0352505, 72.4804, 0.0532031, -97.5505
2546, 42.42500, 0.508722, 167.189, 10.4484, 166.882, 19.7062, -0.28339, 0.00372951, 94.9048, 0.0352007, 72.4316, 0.0530962, -97.627
2546, 42.43333, 0.507153, 167.146, 10.4231, 166.841, 19.648, -0.361552, 0.00371234, 94.7657, 0.035151, 72.3829, 0.0529896, -97.7031
2547, 42.44167, 0.505591, 167.104, 10.3978, 166.801, 19.59, -0.439347, 0.00369527, 94.627, 0.0351016, 72.3345, 0.0528835, -97.7789
2547, 42.45000, 0.504036, 167.062, 10.3727, 166.761, 19.5322, -0.516759, 0.0036783, 94.4886, 0.0350523, 72.2863, 0.0527779, -97.8543
2548, 42.45833, 0.502488, 167.021, 10.3477, 166.721, 19.4748, -0.593799, 0.00366143, 94.3506, 0.0350033, 72.2384, 0.0526727, -97.9294
2548, 42.46667, 0.500947, 166.981, 10.3227, 166.682, 19.4175, -0.67048, 0.00364465, 94.2129, 0.0349544, 72.1907, 0.052568, -98.0041
2549, 42.47500, 0.499412, 166.941, 10.2979, 166.642, 19.3606, -0.746786, 0.00362797, 94.0756, 0.0349058, 72.1433, 0.0524637, -98.0784
2549, 42.48333, 0.497884, 166.901, 10.2732, 166.603, 19.3038, -0.822728, 0.00361139, 93.9387, 0.0348573, 72.096, 0.0523598, -98.1524
2550, 42.49167, 0.496363, 166.863, 10.2485, 166.564, 19.2474, -0.898317, 0.0035949, 93.802, 0.034809, 72.0491, 0.0522564, -98.2261
2550, 42.50000, 0.494849, 166.825, 10.224, 166.526, 19.1911, -0.973537, 0.00357851, 93.6657, 0.034761, 72.0023, 0.0521535, -98.2994
2551, 42.50833, 0.493341, 166.787, 10.1995, 166.487, 19.1352, -1.0484, 0.00356221, 93.5298, 0.0347131, 71.9558, 0.0520509, -98.3723
2551, 42.51667, 0.491839, 166.751, 10.1752, 166.449, 19.0794, -1.12292, 0.00354601, 93.3941, 0.0346654, 71.9095, 0.0519488, -98.4449
2552, 42.52500, 0.490345, 166.714, 10.1509, 166.411, 19.024, -1.19708, 0.00352989, 93.2588, 0.0346179, 71.8634, 0.0518471, -98.5171
2552, 42.53333, 0.488856, 166.679, 10.1267, 166.373, 18.9687, -1.27088, 0.00351388, 93.1238, 0.0345706, 71.8175, 0.0517459, -98.5891
2553, 42.54167, 0.487375, 166.644, 10.1027, 166.336, 18.9137, -1.34435, 0.00349795, 92.9892, 0.0345235, 71.7719, 0.0516451, -98.6606
2553, 42.55000, 0.485899, 166.609, 10.0787, 166.299, 18.8589, -1.41747, 0.00348211, 92.8548, 0.0344766, 71.7265, 0.0515447, -98.7319
2554, 42.55833, 0.484431, 166.576, 10.0548, 166.261, 18.8044, -1.49024, 0.00346636, 92.7208, 0.0344298, 71.6813, 0.0514447, -98.8028
2554, 42.56667, 0.482968, 166.542, 10.031, 166.225, 18.7501, -1.56268, 0.00345071, 92.5871, 0.0343833, 71.6363, 0.0513452, -98.8733
2555, 42.57500, 0.481512, 166.51, 10.0073, 166.188, 18.6961, -1.63477, 0.00343514, 92.4537, 0.0343369, 71.5915, 0.0512461, -98.9436
2555, 42.58333, 0.480063, 166.478, 9.9837, 166.151, 18.6423, -1.70652, 0.00341966, 92.3206, 0.0342907, 71.547, 0.0511473, -99.0135
2556, 42.59167, 0.478619, 166.446, 9.96018, 166.115, 18.5887, -1.77795, 0.00340427, 92.1878, 0.0342447, 71.5026, 0.051049, -99.0831
2556, 42.60000, 0.477182, 166.416, 9.93676, 166.079, 18.5353, -1.84904, 0.00338897, 92.0553, 0.0341989, 71.4585, 0.0509512, -99.1523
2557, 42.60833, 0.475751, 166.385, 9.91342, 166.043, 18.4822, -1.9198, 0.00337375, 91.9231, 0.0341533, 71.4146, 0.0508537, -99.2213
2557, 42.61667, 0.474327, 166.356, 9.89017, 166.007, 18.4293, -1.99024, 0.00335862, 91.7912, 0.0341078, 71.3709, 0.0507566, -99.2899
2558, 42.62500, 0.472909, 166.327, 9.86701, 165.972, 18.3767, -2.06034, 0.00334357, 91.6597, 0.0340626, 71.3274, 0.05066, -99.3582
2558, 42.63333, 0.471497, 166.298, 9.84394, 165.937, 18.3242, -2.13012, 0.00332861, 91.5284, 0.0340175, 71.284, 0.0505637, -99.4262
2559, 42.64167, 0.47009, 166.27, 9.82096, 165.902, 18.272, -2.19959, 0.00331374, 91.3974, 0.0339726, 71.2409, 0.0504678, -99.4939
2559, 42.65000, 0.468691, 166.243, 9.79807, 165.867, 18.22, -2.26873, 0.00329895, 91.2666, 0.0339279, 71.198, 0.0503724, -99.5612
2560, 42.65833, 0.467297, 166.216, 9.77526, 165.832, 18.1683, -2.33755, 0.00328424, 91.1362, 0.0338833, 71.1553, 0.0502773, -99.6283
2560, 42.66667, 0.465909, 166.19, 9.75254, 165.798, 18.1167, -2.40606, 0.00326961, 91.0061, 0.0338389, 71.1128, 0.0501827, -99.6951
2561, 42.67500, 0.464528, 166.164, 9.7299, 165.763, 18.0654, -2.47425, 0.00325507, 90.8762, 0.0337947, 71.0705, 0.0500884, -99.7615
2561, 42.68333, 0.463152, 166.139, 9.70736, 165.729, 18.0143, -2.54213, 0.00324061, 90.7466, 0.0337507, 71.0284, 0.0499945, -99.8277
2562, 42.69167, 0.461783, 166.115, 9.68489, 165.695, 17.9634, -2.60971, 0.00322623, 90.6173, 0.0337068, 70.9865, 0.049901, -99.8935
2562, 42.70000, 0.460419, 166.091, 9.66251, 165.661, 17.9128, -2.67698, 0.00321193, 90.4883, 0.0336632, 70.9447, 0.0498079, -99.959
2563, 42.70833, 0.459061, 166.067, 9.64022, 165.628, 17.8623, -2.74393, 0.00319771, 90.3595, 0.0336197, 70.9032, 0.0497152, -100.024
2563, 42.71667, 0.45771, 166.044, 9.618, 165.595, 17.8121, -2.81059, 0.00318357, 90.231, 0.0335763, 70.8618, 0.0496229, -100.089
2564, 42.72500, 0.456364, 166.022, 9.59588, 165.561, 17.7621, -2.87694, 0.00316951, 90.1027, 0.0335331, 70.8207, 0.0495309, -100.154
2564, 42.73333, 0.455024, 166, 9.57383, 165.528, 17.7123, -2.943, 0.00315553, 89.9748, 0.0334902, 70.7797, 0.0494394, -100.218
2564, 42.74167, 0.453689, 165.979, 9.55187, 165.496, 17.6627, -3.00876, 0.00314162, 89.847, 0.0334473, 70.7389, 0.0493482, -100.282
2565, 42.75000, 0.452361, 165.959, 9.52999, 165.463, 17.6133, -3.07421, 0.00312779, 89.7196, 0.0334047, 70.6983, 0.0492573, -100.346
2566, 42.75833, 0.451039, 165.939, 9.50819, 165.43, 17.5641, -3.13937, 0.00311404, 89.5924, 0.0333622, 70.6578, 0.0491669, -100.41
2566, 42.76667, 0.449722, 165.919, 9.48647, 165.398, 17.5152, -3.20425, 0.00310037, 89.4655, 0.0333198, 70.6176, 0.0490768, -100.473
2567, 42.77500, 0.448411, 165.9, 9.46483, 165.366, 17.4664, -3.26883, 0.00308677, 89.3388, 0.0332777, 70.5775, 0.0489871, -100.536
2567, 42.78333, 0.447105, 165.882, 9.44327, 165.334, 17.4178, -3.33312, 0.00307325, 89.2123, 0.0332357, 70.5376, 0.0488978, -100.598
2568, 42.79167, 0.445806, 165.864, 9.42179, 165.302, 17.3695, -3.39713, 0.0030598, 89.0861, 0.0331938, 70.4979, 0.0488088, -100.661
2568, 42.80000, 0.444512, 165.847, 9.40039, 165.271, 17.3213, -3.46085, 0.00304643, 88.9602, 0.0331522, 70.4584, 0.0487202, -100.723
2568, 42.80833, 0.443223, 165.83, 9.37907, 165.239, 17.2734, -3.52428, 0.00303313, 88.8345, 0.0331107, 70.419, 0.048632, -100.785
2569, 42.81667, 0.44194, 165.814, 9.35783, 165.208, 17.2256, -3.58744, 0.0030199, 88.709, 0.0330693, 70.3798, 0.0485441, -100.846
2570, 42.82500, 0.440663, 165.798, 9.33667, 165.177, 17.1781, -3.65031, 0.00300675, 88.5838, 0.0330281, 70.3408, 0.0484566, -100.908
2570, 42.83333, 0.439391, 165.783, 9.31558, 165.146, 17.1307, -3.7129, 0.00299367, 88.4588, 0.0329871, 70.3019, 0.0483694, -100.969
2571, 42.84167, 0.438125, 165.769, 9.29457, 165.115, 17.0836, -3.77523, 0.00298066, 88.334, 0.0329462, 70.2632, 0.0482826, -101.029
2571, 42.85000, 0.436865, 165.755, 9.27364, 165.085, 17.0366, -3.83727, 0.00296772, 88.2095, 0.0329055, 70.2247, 0.0481962, -101.09
2572, 42.85833, 0.43561, 165.741, 9.25278, 165.054, 16.9899, -3.89903, 0.00295486, 88.0852, 0.032865, 70.1864, 0.0481101, -101.15
2572, 42.86667, 0.43436, 165.728, 9.232, 165.024, 16.9433, -3.96054, 0.00294206, 87.9611, 0.0328246, 70.1482, 0.0480243, -101.21
2572, 42.87500, 0.433116, 165.716, 9.21129, 164.994, 16.8969, -4.02176, 0.00292934, 87.8373, 0.0327844, 70.1101, 0.0479389, -101.27
2573, 42.88333, 0.431877, 165.704, 9.19066, 164.964, 16.8508, -4.08272, 0.00291668, 87.7137, 0.0327443, 70.0723, 0.0478539, -101.329
2574, 42.89167, 0.430643, 165.693, 9.1701, 164.934, 16.8048, -4.14342, 0.00290409, 87.5902, 0.0327043, 70.0346, 0.0477692, -101.388
2574, 42.90000, 0.429415, 165.682, 9.14962, 164.904, 16.759, -4.20384, 0.00289157, 87.4671, 0.0326646, 69.9971, 0.0476848, -101.447
2575, 42.90833, 0.428193, 165.671, 9.12922, 164.875, 16.7134, -4.264, 0.00287912, 87.3441, 0.0326249, 69.9597, 0.0476008, -101.506
2575, 42.91667, 0.426975, 165.662, 9.10888, 164.845, 16.6679, -4.32391, 0.00286674, 87.2213, 0.0325855, 69.9225, 0.0475171, -101.564
2576, 42.92500, 0.425763, 165.652, 9.08862, 164.816, 16.6227, -4.38355, 0.00285443, 87.0988, 0.0325461, 69.8854, 0.0474337, -101.623
2576, 42.93333, 0.424556, 165.644, 9.06843, 164.787, 16.5777, -4.44293, 0.00284218, 86.9765, 0.032507, 69.8485, 0.0473507, -101.68
2576, 42.94167, 0.423355, 165.635, 9.04831, 164.758, 16.5328, -4.50206, 0.00283, 86.8543, 0.032468, 69.8117, 0.047268, -101.738
2577, 42.95000, 0.422158, 165.628, 9.02827, 164.73, 16.4881, -4.56093, 0.00281788, 86.7324, 0.0324291, 69.7751, 0.0471857, -101.795
2578, 42.95833, 0.420967, 165.621, 9.00829, 164.701, 16.4436, -4.61954, 0.00280583, 86.6107, 0.0323904, 69.7387, 0.0471037, -101.853
2578, 42.96667, 0.419781, 165.614, 8.98839, 164.673, 16.3993, -4.67791, 0.00279385, 86.4892, 0.0323518, 69.7024, 0.047022, -101.91
2579, 42.97500, 0.4186, 165.608, 8.96856, 164.644, 16.3552, -4.73602, 0.00278193, 86.3679, 0.0323134, 69.6663, 0.0469406, -101.966
2579, 42.98333, 0.417425, 165.602, 8.9488, 164.616, 16.3112, -4.79388, 0.00277007, 86.2468, 0.0322751, 69.6303, 0.0468596, -102.023
2580, 42.99167, 0.416254, 165.597, 8.9291, 164.588, 16.2674, -4.8515, 0.00275828, 86.1258, 0.0322369, 69.5944, 0.0467789, -102.079
2580, 43.00000, 0.415089, 165.593, 8.90948, 164.56, 16.2238, -4.90886, 0.00274655, 86.0051, 0.032199, 69.5587, 0.0466985, -102.135
2580, 43.00833, 0.413929, 165.589, 8.88993, 164.533, 16.1804, -4.96598, 0.00273489, 85.8846, 0.0321611, 69.5232, 0.0466184, -102.191
2581, 43.01667, 0.412773, 165.585, 8.87044, 164.505, 16.1371, -5.02287, 0.00272329, 85.7642, 0.0321234, 69.4878, 0.0465386, -102.246
2582, 43.02500, 0.411623, 165.582, 8.85102, 164.478, 16.0941, -5.0795, 0.00271175, 85.6441, 0.0320858, 69.4525, 0.0464592, -102.301
2582, 43.03333, 0.410478, 165.579, 8.83168, 164.45, 16.0512, -5.13589, 0.00270027, 85.5241, 0.0320484, 69.4174, 0.0463801, -102.356
2583, 43.04167, 0.409337, 165.577, 8.81239, 164.423, 16.0085, -5.19206, 0.00268885, 85.4043, 0.0320111, 69.3824, 0.0463013, -102.411
2583, 43.05000, 0.408202, 165.576, 8.79318, 164.396, 15.9659, -5.24797, 0.0026775, 85.2847, 0.031974, 69.3476, 0.0462228, -102.466
2584, 43.05833, 0.407072, 165.575, 8.77403, 164.369, 15.9235, -5.30365, 0.0026662, 85.1653, 0.031937, 69.3129, 0.0461446, -102.52
2584, 43.06667, 0.405947, 165.574, 8.75495, 164.343, 15.8813, -5.3591, 0.00265497, 85.046, 0.0319002, 69.2783, 0.0460667, -102.574
2584, 43.07500, 0.404826, 165.574, 8.73594, 164.316, 15.8393, -5.41431, 0.00264379, 84.927, 0.0318634, 69.2439, 0.0459892, -102.628
2585, 43.08333, 0.403711, 165.575, 8.71699, 164.29, 15.7974, -5.46929, 0.00263268, 84.8081, 0.0318269, 69.2096, 0.0459119, -102.682
2586, 43.09167, 0.4026, 165.576, 8.6981, 164.263, 15.7557, -5.52404, 0.00262162, 84.6894, 0.0317904, 69.1755, 0.045835, -102.735
2586, 43.10000, 0.401494, 165.577, 8.67929, 164.237, 15.7141, -5.57856, 0.00261062, 84.5708, 0.0317541, 69.1415, 0.0457583, -102.788
2587, 43.10833, 0.400393, 165.579, 8.66053, 164.211, 15.6728, -5.63285, 0.00259968, 84.4524, 0.0317179, 69.1076, 0.045682, -102.841
2587, 43.11667, 0.399297, 165.582, 8.64184, 164.185, 15.6316, -5.68692, 0.0025888, 84.3342, 0.0316819, 69.0739, 0.0456059, -102.894
2588, 43.12500, 0.398206, 165.585, 8.62322, 164.159, 15.5905, -5.74075, 0.00257798, 84.2161, 0.031646, 69.0403, 0.0455302, -102.947
2588, 43.13333, 0.397119, 165.588, 8.60466, 164.134, 15.5496, -5.79436, 0.00256721, 84.0983, 0.0316102, 69.0068, 0.0454547, -102.999
2588, 43.14167, 0.396037, 165.592, 8.58616, 164.108, 15.5089, -5.84776, 0.0025565, 83.9805, 0.0315746, 68.9734, 0.0453796, -103.051
2589, 43.15000, 0.39496, 165.597, 8.56773, 164.083, 15.4683, -5.90092, 0.00254585, 83.863, 0.0315391, 68.9402, 0.0453047, -103.103
2590, 43.15833, 0.393888, 165.602, 8.54936, 164.057, 15.4279, -5.95387, 0.00253526, 83.7455, 0.0315037, 68.9071, 0.0452301, -103.155
2590, 43.16667, 0.39282, 165.607, 8.53104, 164.032, 15.3877, -6.0066, 0.00252471, 83.6283, 0.0314685, 68.8742, 0.0451558, -103.206
2591, 43.17500, 0.391757, 165.613, 8.5128, 164.007, 15.3476, -6.05911, 0.00251423, 83.5112, 0.0314333, 68.8413, 0.0450818, -103.257
2591, 43.18333, 0.390699, 165.62, 8.49461, 163.982, 15.3077, -6.1114, 0.0025038, 83.3942, 0.0313984, 68.8086, 0.0450081, -103.309
2592, 43.19167, 0.389645, 165.627, 8.47649, 163.958, 15.2679, -6.16348, 0.00249342, 83.2774, 0.0313635, 68.776, 0.0449347, -103.359
2592, 43.20000, 0.388596, 165.634, 8.45842, 163.933, 15.2283, -6.21534, 0.0024831, 83.1608, 0.0313288, 68.7436, 0.0448616, -103.41
2592, 43.20833, 0.387551, 165.642, 8.44042, 163.908, 15.1888, -6.26699, 0.00247284, 83.0443, 0.0312942, 68.7112, 0.0447887, -103.461
2593, 43.21667, 0.386511, 165.65, 8.42248, 163.884, 15.1495, -6.31844, 0.00246262, 82.9279, 0.0312597, 68.679, 0.0447162, -103.511
2594, 43.22500, 0.385476, 165.659, 8.4046, 163.86, 15.1104, -6.36966, 0.00245246, 82.8117, 0.0312254, 68.6469, 0.0446439, -103.561
2594, 43.23333, 0.384445, 165.668, 8.38678, 163.835, 15.0714, -6.42068, 0.00244236, 82.6956, 0.0311912, 68.615, 0.0445719, -103.611
2595, 43.24167, 0.383419, 165.678, 8.36901, 163.811, 15.0325, -6.47149, 0.0024323, 82.5797, 0.0311571, 68.5831, 0.0445001, -103.66
2595, 43.25000, 0.382398, 165.689, 8.35131, 163.787, 14.9939, -6.52209, 0.0024223, 82.4639, 0.0311231, 68.5514, 0.0444287, -103.71
2596, 43.25833, 0.38138, 165.699, 8.33366, 163.764, 14.9553, -6.57249, 0.00241235, 82.3482, 0.0310893, 68.5198, 0.0443575, -103.759
2596, 43.26667, 0.380368, 165.711, 8.31608, 163.74, 14.9169, -6.62268, 0.00240245, 82.2327, 0.0310555, 68.4883, 0.0442866, -103.808
2596, 43.27500, 0.379359, 165.722, 8.29855, 163.716, 14.8787, -6.67267, 0.00239261, 82.1173, 0.0310219, 68.4569, 0.044216, -103.857
2597, 43.28333, 0.378356, 165.735, 8.28108, 163.693, 14.8406, -6.72246, 0.00238281, 82.002, 0.0309885, 68.4257, 0.0441456, -103.906
2598, 43.29167, 0.377356, 165.747, 8.26366, 163.67, 14.8026, -6.77204, 0.00237306, 81.8869, 0.0309551, 68.3945, 0.0440755, -103.954
2598, 43.30000, 0.376361, 165.761, 8.24631, 163.646, 14.7648, -6.82143, 0.00236337, 81.7719, 0.0309219, 68.3635, 0.0440057, -104.002
2599, 43.30833, 0.375371, 165.774, 8.22901, 163.623, 14.7272, -6.87061, 0.00235373, 81.657, 0.0308888, 68.3326, 0.0439362, -104.05
2599, 43.31667, 0.374385, 165.788, 8.21177, 163.6, 14.6896, -6.9196, 0.00234413, 81.5422, 0.0308558, 68.3018, 0.0438669, -104.098
2600, 43.32500, 0.373403, 165.803, 8.19458, 163.577, 14.6523, -6.96839, 0.00233459, 81.4276, 0.0308229, 68.2711, 0.0437978, -104.146
2600, 43.33333, 0.372426, 165.818, 8.17746, 163.554, 14.615, -7.01698, 0.00232509, 81.3131, 0.0307902, 68.2405, 0.0437291, -104.193
2600, 43.34167, 0.371453, 165.834, 8.16038, 163.532, 14.5779, -7.06539, 0.00231564, 81.1987, 0.0307575, 68.21, 0.0436606, -104.241
2601, 43.35000, 0.370484, 165.85, 8.14336, 163.509, 14.541, -7.11359, 0.00230625, 81.0844, 0.030725, 68.1797, 0.0435923, -104.288
2602, 43.35833, 0.36952, 165.866, 8.1264, 163.487, 14.5042, -7.1616, 0.0022969, 80.9702, 0.0306926, 68.1494, 0.0435244, -104.335
2602, 43.36667, 0.368559, 165.883, 8.10949, 163.464, 14.4675, -7.20943, 0.00228759, 80.8562, 0.0306603, 68.1193, 0.0434566, -104.382
2603, 43.37500, 0.367604, 165.9, 8.09264, 163.442, 14.431, -7.25706, 0.00227834, 80.7422, 0.0306282, 68.0893, 0.0433892, -104.428
2603, 43.38333, 0.366652, 165.918, 8.07584, 163.42, 14.3946, -7.3045, 0.00226913, 80.6284, 0.0305961, 68.0593, 0.043322, -104.475
2604, 43.39167, 0.365705, 165.937, 8.0591, 163.398, 14.3584, -7.35176, 0.00225997, 80.5147, 0.0305642, 68.0295, 0.043255, -104.521
2604, 43.40000, 0.364762, 165.955, 8.04241, 163.376, 14.3223, -7.39882, 0.00225086, 80.4011, 0.0305324, 67.9998, 0.0431883, -104.567
2604, 43.40833, 0.363823, 165.975, 8.02577, 163.354, 14.2863, -7.4457, 0.00224179, 80.2876, 0.0305007, 67.9702, 0.0431218, -104.613
2605, 43.41667, 0.362888, 165.994, 8.00919, 163.332, 14.2504, -7.4924, 0.00223277, 80.1742, 0.0304691, 67.9407, 0.0430556, -104.659
2606, 43.42500, 0.361957, 166.015, 7.99266, 163.311, 14.2147, -7.53891, 0.0022238, 80.0609, 0.0304376, 67.9113, 0.0429897, -104.704
2606, 43.43333, 0.361031, 166.035, 7.97618, 163.289, 14.1792, -7.58524, 0.00221487, 79.9477, 0.0304062, 67.882, 0.042924, -104.749
2607, 43.44167, 0.360109, 166.056, 7.95975, 163.268, 14.1437, -7.63139, 0.00220598, 79.8346, 0.030375, 67.8528, 0.0428585, -104.795
2607, 43.45000, 0.359191, 166.078, 7.94338, 163.247, 14.1084, -7.67735, 0.00219715, 79.7216, 0.0303438, 67.8237, 0.0427933, -104.84
2608, 43.45833, 0.358277, 166.1, 7.92706, 163.225, 14.0733, -7.72313, 0.00218835, 79.6087, 0.0303128, 67.7947, 0.0427283, -104.884
2608, 43.46667, 0.357367, 166.123, 7.91079, 163.204, 14.0382, -7.76874, 0.0021796, 79.4959, 0.0302819, 67.7658, 0.0426636, -104.929
2608, 43.47500, 0.356461, 166.145, 7.89457, 163.183, 14.0033, -7.81416, 0.0021709, 79.3832, 0.030251, 67.737, 0.0425991, -104.974
2609, 43.48333, 0.35556, 166.169, 7.8784, 163.162, 13.9685, -7.85941, 0.00216224, 79.2706, 0.0302203, 67.7084, 0.0425348, -105.018
2610, 43.49167, 0.354662, 166.193, 7.86228, 163.141, 13.9339, -7.90449, 0.00215362, 79.1581, 0.0301897, 67.6798, 0.0424708, -105.062
2610, 43.50000, 0.353769, 166.217, 7.84622, 163.121, 13.8994, -7.94938, 0.00214505, 79.0456, 0.0301592, 67.6513, 0.0424071, -105.106
2611, 43.50833, 0.352879, 166.242, 7.8302, 163.1, 13.865, -7.9941, 0.00213652, 78.9333, 0.0301289, 67.6229, 0.0423435, -105.15
2611, 43.51667, 0.351994, 166.267, 7.81424, 163.08, 13.8307, -8.03866, 0.00212803, 78.821, 0.0300986, 67.5946, 0.0422802, -105.194
2612, 43.52500, 0.351112, 166.293, 7.79832, 163.059, 13.7966, -8.08303, 0.00211958, 78.7088, 0.0300684, 67.5664, 0.0422172, -105.237
2612, 43.53333, 0.350235, 166.319, 7.78246, 163.039, 13.7625, -8.12724, 0.00211118, 78.5967, 0.0300383, 67.5382, 0.0421543, -105.28
2612, 43.54167, 0.349361, 166.345, 7.76664, 163.019, 13.7287, -8.17127, 0.00210282, 78.4847, 0.0300084, 67.5102, 0.0420917, -105.323
2613, 43.55000, 0.348492, 166.372, 7.75087, 162.998, 13.6949, -8.21514, 0.0020945, 78.3728, 0.0299785, 67.4823, 0.0420294, -105.366
2614, 43.55833, 0.347626, 166.4, 7.73515, 162.978, 13.6613, -8.25883, 0.00208622, 78.2609, 0.0299488, 67.4545, 0.0419672, -105.409
2614, 43.56667, 0.346765, 166.428, 7.71948, 162.958, 13.6277, -8.30236, 0.00207799, 78.1491, 0.0299191, 67.4267, 0.0419053, -105.452
2615, 43.57500, 0.345907, 166.456, 7.70386, 162.939, 13.5943, -8.34572, 0.00206979, 78.0374, 0.0298896, 67.3991, 0.0418436, -105.494
2615, 43.58333, 0.345054, 166.485, 7.68829, 162.919, 13.5611, -8.38891, 0.00206164, 77.9258, 0.0298601, 67.3715, 0.0417822, -105.537
2616, 43.59167, 0.344204, 166.514, 7.67276, 162.899, 13.5279, -8.43194, 0.00205353, 77.8142, 0.0298308, 67.3441, 0.0417209, -105.579
2616, 43.60000, 0.343358, 166.544, 7.65728, 162.88, 13.4949, -8.4748, 0.00204546, 77.7027, 0.0298016, 67.3167, 0.0416599, -105.621
2616, 43.60833, 0.342516, 166.574, 7.64185, 162.86, 13.462, -8.5175, 0.00203742, 77.5913, 0.0297724, 67.2894, 0.0415991, -105.663
2617, 43.61667, 0.341678, 166.604, 7.62647, 162.841, 13.4292, -8.56004, 0.00202943, 77.4799, 0.0297434, 67.2622, 0.0415386, -105.705
2618, 43.62500, 0.340843, 166.635, 7.61113, 162.821, 13.3965, -8.60241, 0.00202148, 77.3686, 0.0297145, 67.2351, 0.0414782, -105.746
2618, 43.63333, 0.340013, 166.667, 7.59584, 162.802, 13.364, -8.64463, 0.00201357, 77.2574, 0.0296856, 67.2081, 0.0414181, -105.788
2619, 43.64167, 0.339186, 166.698, 7.5806, 162.783, 13.3315, -8.68668, 0.00200569, 77.1462, 0.0296569, 67.1812, 0.0413582, -105.829
2619, 43.65000, 0.338364, 166.731, 7.5654, 162.764, 13.2992, -8.72858, 0.00199786, 77.0351, 0.0296283, 67.1543, 0.0412985, -105.87
2620, 43.65833, 0.337545, 166.763, 7.55025, 162.745, 13.267, -8.77031, 0.00199006, 76.9241, 0.0295997, 67.1276, 0.0412391, -105.911
2620, 43.66667, 0.336729, 166.797, 7.53514, 162.726, 13.2349, -8.81189, 0.0019823, 76.8131, 0.0295713, 67.1009, 0.0411798, -105.952
2620, 43.67500, 0.335918, 166.83, 7.52008, 162.707, 13.203, -8.85331, 0.00197458, 76.7022, 0.0295429, 67.0743, 0.0411208, -105.993
2621, 43.68333, 0.33511, 166.864, 7.50506, 162.689, 13.1711, -8.89457, 0.0019669, 76.5913, 0.0295147, 67.0478, 0.041062, -106.033
2622, 43.69167, 0.334307, 166.899, 7.49009, 162.67, 13.1394, -8.93568, 0.00195926, 76.4805, 0.0294865, 67.0214, 0.0410034, -106.073
2622, 43.70000, 0.333506, 166.933, 7.47517, 162.652, 13.1078, -8.97664, 0.00195165, 76.3697, 0.0294585, 66.9951, 0.040945, -106.114
2623, 43.70833, 0.33271, 166.969, 7.46029, 162.633, 13.0763, -9.01744, 0.00194408, 76.259, 0.0294305, 66.9688, 0.0408868, -106.154
2623, 43.71667, 0.331917, 167.004, 7.44545, 162.615, 13.0449, -9.05809, 0.00193655, 76.1484, 0.0294027, 66.9427, 0.0408288, -106.194
2624, 43.72500, 0.331129, 167.041, 7.43066, 162.597, 13.0136, -9.09858, 0.00192906, 76.0378, 0.0293749, 66.9166, 0.040771, -106.234
2624, 43.73333, 0.330343, 167.077, 7.41591, 162.578, 12.9824, -9.13892, 0.0019216, 75.9272, 0.0293472, 66.8906, 0.0407135, -106.273
2624, 43.74167, 0.329562, 167.114, 7.40121, 162.56, 12.9513, -9.17912, 0.00191418, 75.8167, 0.0293197, 66.8647, 0.0406561, -106.313
2625, 43.75000, 0.328784, 167.152, 7.38655, 162.542, 12.9204, -9.21916, 0.00190679, 75.7062, 0.0292922, 66.8388, 0.040599, -106.352
2626, 43.75833, 0.32801, 167.189, 7.37193, 162.524, 12.8895, -9.25905, 0.00189944, 75.5958, 0.0292648, 66.8131, 0.040542, -106.391
2626, 43.76667, 0.327239, 167.228, 7.35735, 162.506, 12.8588, -9.2988, 0.00189213, 75.4854, 0.0292375, 66.7874, 0.0404853, -106.43
2627, 43.77500, 0.326472, 167.266, 7.34282, 162.489, 12.8282, -9.3384, 0.00188485, 75.375, 0.0292103, 66.7618, 0.0404287, -106.469
2627, 43.78333, 0.325709, 167.306, 7.32833, 162.471, 12.7976, -9.37785, 0.00187761, 75.2647, 0.0291832, 66.7363, 0.0403724, -106.508
2628, 43.79167, 0.32495, 167.345, 7.31389, 162.453, 12.7672, -9.41716, 0.0018704, 75.1544, 0.0291561, 66.7108, 0.0403163, -106.547
2628, 43.80000, 0.324194, 167.385, 7.29948, 162.436, 12.7369, -9.45632, 0.00186323, 75.0442, 0.0291292, 66.6854, 0.0402603, -106.585
2628, 43.80833, 0.323441, 167.425, 7.28512, 162.418, 12.7067, -9.49533, 0.00185609, 74.934, 0.0291024, 66.6601, 0.0402046, -106.624
2629, 43.81667, 0.322692, 167.466, 7.2708, 162.401, 12.6766, -9.5342, 0.00184899, 74.8238, 0.0290756, 66.6349, 0.040149, -106.662
2630, 43.82500, 0.321947, 167.507, 7.25652, 162.384, 12.6466, -9.57293, 0.00184192, 74.7137, 0.0290489, 66.6098, 0.0400937, -106.7
2630, 43.83333, 0.321206, 167.549, 7.24228, 162.367, 12.6168, -9.61151, 0.00183489, 74.6036, 0.0290224, 66.5847, 0.0400386, -106.738
2631, 43.84167, 0.320468, 167.591, 7.22809, 162.349, 12.587, -9.64996, 0.00182789, 74.4935, 0.0289959, 66.5597, 0.0399836, -106.776
2631, 43.85000, 0.319733, 167.633, 7.21393, 162.332, 12.5573, -9.68826, 0.00182092, 74.3834, 0.0289695, 66.5348, 0.0399288, -106.814
2632, 43.85833, 0.319002, 167.676, 7.19982, 162.315, 12.5277, -9.72642, 0.00181399, 74.2734, 0.0289432, 66.51, 0.0398743, -106.851
2632, 43.86667, 0.318275, 167.719, 7.18574, 162.299, 12.4983, -9.76445, 0.00180709, 74.1634, 0.028917, 66.4852, 0.0398199, -106.889
2633, 43.87500, 0.317551, 167.763, 7.17171, 162.282, 12.4689, -9.80233, 0.00180023, 74.0535, 0.0288908, 66.4605, 0.0397657, -106.926
2633, 43.88333, 0.31683, 167.807, 7.15772, 162.265, 12.4396, -9.84008, 0.00179339, 73.9435, 0.0288648, 66.4359, 0.0397117, -106.963
2634, 43.89167, 0.316114, 167.852, 7.14376, 162.248, 12.4105, -9.87769, 0.00178659, 73.8336, 0.0288388, 66.4114, 0.0396579, -107
2634, 43.90000, 0.3154, 167.896, 7.12985, 162.232, 12.3814, -9.91516, 0.00177983, 73.7236, 0.0288129, 66.3869, 0.0396043, -107.037
2635, 43.90833, 0.31469, 167.942, 7.11598, 162.215, 12.3524, -9.95249, 0.00177309, 73.6138, 0.0287872, 66.3625, 0.0395509, -107.074
2635, 43.91667, 0.313984, 167.987, 7.10214, 162.199, 12.3236, -9.98969, 0.00176639, 73.5039, 0.0287615, 66.3382, 0.0394976, -107.111
2636, 43.92500, 0.313281, 168.033, 7.08835, 162.182, 12.2948, -10.0268, 0.00175972, 73.394, 0.0287358, 66.3139, 0.0394446, -107.147
2636, 43.93333, 0.312581, 168.08, 7.07459, 162.166, 12.2661, -10.0637, 0.00175308, 73.2842, 0.0287103, 66.2897, 0.0393917, -107.184
2637, 43.94167, 0.311885, 168.127, 7.06088, 162.15, 12.2376, -10.1005, 0.00174647, 73.1743, 0.0286849, 66.2656, 0.039339, -107.22
2637, 43.95000, 0.311193, 168.174, 7.0472, 162.134, 12.2091, -10.1371, 0.0017399, 73.0645, 0.0286595, 66.2416, 0.0392866, -107.256
2638, 43.95833, 0.310504, 168.222, 7.03356, 162.118, 12.1807, -10.1737, 0.00173336, 72.9547, 0.0286342, 66.2176, 0.0392342, -107.292
2638, 43.96667, 0.309818, 168.27, 7.01996, 162.102, 12.1525, -10.2101, 0.00172684, 72.8449, 0.028609, 66.1937, 0.0391821, -107.328
2639, 43.97500, 0.309135, 168.318, 7.0064, 162.086, 12.1243, -10.2463, 0.00172036, 72.7351, 0.0285839, 66.1698, 0.0391301, -107.364
2639, 43.98333, 0.308457, 168.367, 6.99287, 162.07, 12.0962, -10.2825, 0.00171391, 72.6253, 0.0285589, 66.1461, 0.0390784, -107.4
2640, 43.99167, 0.307781, 168.416, 6.97938, 162.054, 12.0682, -10.3185, 0.00170749, 72.5155, 0.0285339, 66.1224, 0.0390268, -107.435
2640, 44.00000, 0.307109, 168.466, 6.96594, 162.038, 12.0403, -10.3544, 0.0017011, 72.4057, 0.028509, 66.0987, 0.0389754, -107.471
2641, 44.00833, 0.30644, 168.516, 6.95252, 162.023, 12.0125, -10.3901, 0.00169474, 72.2959, 0.0284842, 66.0752, 0.0389241, -107.506
2641, 44.01667, 0.305774, 168.566, 6.93915, 162.007, 11.9848, -10.4257, 0.00168841, 72.1861, 0.0284595, 66.0517, 0.0388731, -107.541
2642, 44.02500, 0.305112, 168.617, 6.92581, 161.992, 11.9572, -10.4612, 0.00168212, 72.0764, 0.0284349, 66.0282, 0.0388222, -107.576
2642, 44.03333, 0.304454, 168.668, 6.91251, 161.976, 11.9297, -10.4966, 0.00167585, 71.9666, 0.0284103, 66.0048, 0.0387715, -107.611
2643, 44.04167, 0.303798, 168.72, 6.89925, 161.961, 11.9022, -10.5319, 0.00166961, 71.8568, 0.0283859, 65.9815, 0.0387209, -107.646
2643, 44.05000, 0.303146, 168.772, 6.88602, 161.946, 11.8749, -10.567, 0.0016634, 71.747, 0.0283615, 65.9583, 0.0386706, -107.681
2644, 44.05833, 0.302497, 168.824, 6.87283, 161.93, 11.8477, -10.602, 0.00165722, 71.6372, 0.0283372, 65.9351, 0.0386204, -107.715
2644, 44.06667, 0.301852, 168.877, 6.85967, 161.915, 11.8205, -10.6368, 0.00165106, 71.5274, 0.0283129, 65.912, 0.0385704, -107.75
2645, 44.07500, 0.30121, 168.93, 6.84655, 161.9, 11.7935, -10.6716, 0.00164494, 71.4176, 0.0282888, 65.8889, 0.0385205, -107.784
2645, 44.08333, 0.300571, 168.983, 6.83347, 161.885, 11.7665, -10.7062, 0.00163885, 71.3078, 0.0282647, 65.8659, 0.0384708, -107.818
2646, 44.09167, 0.299935, 169.037, 6.82042, 161.87, 11.7396, -10.7407, 0.00163278, 71.1979, 0.0282407, 65.843, 0.0384213, -107.852
2646, 44.10000, 0.299303, 169.091, 6.80741, 161.855, 11.7128, -10.7751, 0.00162675, 71.0881, 0.0282168, 65.8202, 0.038372, -107.886
2647, 44.10833, 0.298674, 169.146, 6.79444, 161.84, 11.6861, -10.8093, 0.00162074, 70.9782, 0.0281929, 65.7973, 0.0383228, -107.92
2647, 44.11667, 0.298048, 169.201, 6.7815, 161.826, 11.6595, -10.8435, 0.00161476, 70.8684, 0.0281691, 65.7746, 0.0382738, -107.954
2648, 44.12500, 0.297426, 169.256, 6.76859, 161.811, 11.633, -10.8775, 0.00160881, 70.7585, 0.0281454, 65.7519, 0.038225, -107.988
2648, 44.13333, 0.296807, 169.312, 6.75572, 161.796, 11.6065, -10.9114, 0.00160288, 70.6486, 0.0281218, 65.7293, 0.0381763, -108.021
2649, 44.14167, 0.296191, 169.368, 6.74288, 161.782, 11.5802, -10.9452, 0.00159699, 70.5386, 0.0280983, 65.7068, 0.0381278, -108.055
2649, 44.15000, 0.295578, 169.424, 6.73008, 161.767, 11.5539, -10.9788, 0.00159112, 70.4287, 0.0280748, 65.6843, 0.0380795, -108.088
2650, 44.15833, 0.294968, 169.481, 6.71732, 161.753, 11.5278, -11.0124, 0.00158528, 70.3187, 0.0280514, 65.6618, 0.0380313, -108.122
2650, 44.16667, 0.294362, 169.538, 6.70458, 161.739, 11.5017, -11.0458, 0.00157946, 70.2087, 0.0280281, 65.6394, 0.0379833, -108.155
2651, 44.17500, 0.293759, 169.596, 6.69188, 161.724, 11.4757, -11.0791, 0.00157367, 70.0987, 0.0280049, 65.6171, 0.0379354, -108.188
2651, 44.18333, 0.293159, 169.654, 6.67922, 161.71, 11.4497, -11.1123, 0.00156791, 69.9887, 0.0279817, 65.5949, 0.0378877, -108.221
2652, 44.19167, 0.292562, 169.712, 6.66659, 161.696, 11.4239, -11.1454, 0.00156218, 69.8786, 0.0279586, 65.5727, 0.0378402, -108.253
2652, 44.20000, 0.291968, 169.77, 6.65399, 161.682, 11.3982, -11.1783, 0.00155647, 69.7685, 0.0279356, 65.5505, 0.0377928, -108.286
2653, 44.20833, 0.291378, 169.829, 6.64143, 161.668, 11.3725, -11.2112, 0.00155079, 69.6584, 0.0279126, 65.5284, 0.0377456, -108.319
2653, 44.21667, 0.290791, 169.889, 6.62889, 161.654, 11.3469, -11.2439, 0.00154514, 69.5483, 0.0278897, 65.5064, 0.0376985, -108.351
2654, 44.22500, 0.290207, 169.948, 6.6164, 161.64, 11.3214, -11.2765, 0.00153951, 69.4381, 0.0278669, 65.4845, 0.0376516, -108.384
2654, 44.23333, 0.289626, 170.008, 6.60393, 161.626, 11.296, -11.309, 0.00153391, 69.3279, 0.0278442, 65.4625, 0.0376049, -108.416
2655, 44.24167, 0.289048, 170.069, 6.5915, 161.612, 11.2707, -11.3414, 0.00152833, 69.2176, 0.0278215, 65.4407, 0.0375583, -108.448
2655, 44.25000, 0.288473, 170.129, 6.5791, 161.598, 11.2454, -11.3737, 0.00152278, 69.1073, 0.0277989, 65.4189, 0.0375119, -108.48
2656, 44.25833, 0.287902, 170.19, 6.56674, 161.585, 11.2202, -11.4059, 0.00151726, 68.997, 0.0277764, 65.3971, 0.0374656, -108.512
2656, 44.26667, 0.287333, 170.252, 6.5544, 161.571, 11.1951, -11.4379, 0.00151176, 68.8867, 0.0277539, 65.3755, 0.0374195, -108.544
2657, 44.27500, 0.286768, 170.314, 6.5421, 161.558, 11.1701, -11.4699, 0.00150629, 68.7763, 0.0277316, 65.3538, 0.0373735, -108.576
2657, 44.28333, 0.286206, 170.376, 6.52983, 161.544, 11.1452, -11.5017, 0.00150084, 68.6658, 0.0277092, 65.3323, 0.0373277, -108.607
2658, 44.29167, 0.285646, 170.438, 6.51759, 161.531, 11.1204, -11.5334, 0.00149542, 68.5553, 0.027687, 65.3107, 0.037282, -108.639
2658, 44.30000, 0.285091, 170.501, 6.50539, 161.517, 11.0956, -11.565, 0.00149002, 68.4448, 0.0276648, 65.2893, 0.0372365, -108.67
2659, 44.30833, 0.284538, 170.564, 6.49321, 161.504, 11.0709, -11.5965, 0.00148465, 68.3343, 0.0276427, 65.2678, 0.0371912, -108.702
2659, 44.31667, 0.283988, 170.627, 6.48107, 161.491, 11.0463, -11.6279, 0.0014793, 68.2236, 0.0276207, 65.2465, 0.037146, -108.733
2660, 44.32500, 0.283441, 170.691, 6.46896, 161.478, 11.0218, -11.6592, 0.00147397, 68.113, 0.0275987, 65.2252, 0.0371009, -108.764
2660, 44.33333, 0.282897, 170.755, 6.45688, 161.465, 10.9973, -11.6904, 0.00146867, 68.0023, 0.0275768, 65.2039, 0.037056, -108.795
2661, 44.34167, 0.282356, 170.819, 6.44483, 161.452, 10.9729, -11.7215, 0.0014634, 67.8915, 0.027555, 65.1827, 0.0370112, -108.826
2661, 44.35000, 0.281819, 170.884, 6.43281, 161.439, 10.9486, -11.7525, 0.00145815, 67.7807, 0.0275332, 65.1616, 0.0369666, -108.857
2662, 44.35833, 0.281284, 170.949, 6.42083, 161.426, 10.9244, -11.7833, 0.00145292, 67.6699, 0.0275115, 65.1405, 0.0369221, -108.888
2662, 44.36667, 0.280753, 171.015, 6.40887, 161.413, 10.9003, -11.8141, 0.00144772, 67.559, 0.0274899, 65.1195, 0.0368778, -108.918
2663, 44.37500, 0.280224, 171.08, 6.39694, 161.4, 10.8762, -11.8448, 0.00144254, 67.448, 0.0274683, 65.0985, 0.0368336, -108.949
2663, 44.38333, 0.279699, 171.146, 6.38505, 161.387, 10.8522, -11.8753, 0.00143738, 67.337, 0.0274468, 65.0775, 0.0367896, -108.979
2664, 44.39167, 0.279176, 171.213, 6.37318, 161.374, 10.8283, -11.9058, 0.00143225, 67.2259, 0.0274254, 65.0566, 0.0367457, -109.01
2664, 44.40000, 0.278657, 171.279, 6.36135, 161.362, 10.8045, -11.9361, 0.00142714, 67.1148, 0.027404, 65.0358, 0.036702, -109.04
2665, 44.40833, 0.27814, 171.346, 6.34954, 161.349, 10.7807, -11.9664, 0.00142205, 67.0036, 0.0273827, 65.015, 0.0366584, -109.07
2665, 44.41667, 0.277626, 171.414, 6.33777, 161.337, 10.757, -11.9965, 0.00141699, 66.8923, 0.0273615, 64.9943, 0.0366149, -109.1
2666, 44.42500, 0.277116, 171.481, 6.32602, 161.324, 10.7334, -12.0266, 0.00141195, 66.781, 0.0273403, 64.9736, 0.0365716, -109.13
2666, 44.43333, 0.276608, 171.549, 6.31431, 161.312, 10.7099, -12.0565, 0.00140694, 66.6697, 0.0273192, 64.953, 0.0365284, -109.16
2667, 44.44167, 0.276104, 171.617, 6.30262, 161.299, 10.6864, -12.0863, 0.00140194, 66.5582, 0.0272981, 64.9324, 0.0364854, -109.19
2667, 44.45000, 0.275602, 171.686, 6.29096, 161.287, 10.663, -12.1161, 0.00139697, 66.4467, 0.0272772, 64.9118, 0.0364425, -109.22
2668, 44.45833, 0.275103, 171.755, 6.27934, 161.275, 10.6397, -12.1457, 0.00139202, 66.3352, 0.0272563, 64.8913, 0.0363997, -109.249
2668, 44.46667, 0.274608, 171.824, 6.26774, 161.263, 10.6164, -12.1752, 0.0013871, 66.2235, 0.0272354, 64.8709, 0.0363571, -109.279
2669, 44.47500, 0.274115, 171.893, 6.25617, 161.251, 10.5933, -12.2047, 0.00138219, 66.1118, 0.0272146, 64.8505, 0.0363146, -109.308
2669, 44.48333, 0.273625, 171.963, 6.24463, 161.239, 10.5702, -12.234, 0.00137731, 66.0001, 0.0271939, 64.8302, 0.0362723, -109.338
2670, 44.49167, 0.273138, 172.033, 6.23312, 161.227, 10.5471, -12.2633, 0.00137245, 65.8882, 0.0271732, 64.8099, 0.0362301, -109.367
2670, 44.50000, 0.272654, 172.103, 6.22163, 161.215, 10.5242, -12.2924, 0.00136761, 65.7763, 0.0271526, 64.7896, 0.036188, -109.396
2671, 44.50833, 0.272173, 172.174, 6.21018, 161.203, 10.5013, -12.3214, 0.0013628, 65.6643, 0.0271321, 64.7694, 0.0361461, -109.425
2671, 44.51667, 0.271695, 172.245, 6.19875, 161.191, 10.4785, -12.3504, 0.001358, 65.5523, 0.0271116, 64.7493, 0.0361043, -109.454
2672, 44.52500, 0.271219, 172.316, 6.18735, 161.179, 10.4557, -12.3792, 0.00135323, 65.4401, 0.0270912, 64.7292, 0.0360626, -109.483
2672, 44.53333, 0.270747, 172.388, 6.17598, 161.167, 10.433, -12.408, 0.00134848, 65.3279, 0.0270708, 64.7091, 0.0360211, -109.512
2673, 44.54167, 0.270277, 172.459, 6.16464, 161.156, 10.4104, -12.4367, 0.00134375, 65.2156, 0.0270505, 64.6891, 0.0359797, -109.541
2673, 44.55000, 0.269811, 172.531, 6.15333, 161.144, 10.3879, -12.4652, 0.00133904, 65.1032, 0.0270303, 64.6692, 0.0359384, -109.569
2674, 44.55833, 0.269347, 172.604, 6.14204, 161.132, 10.3654, -12.4937, 0.00133436, 64.9908, 0.0270101, 64.6492, 0.0358973, -109.598
2674, 44.56667, 0.268886, 172.676, 6.13078, 161.121, 10.343, -12.5221, 0.00132969, 64.8782, 0.02699, 64.6294, 0.0358563, -109.626
2675, 44.57500, 0.268428, 172.749, 6.11955, 161.109, 10.3207, -12.5504, 0.00132504, 64.7656, 0.02697, 64.6096, 0.0358154, -109.655
2675, 44.58333, 0.267973, 172.822, 6.10835, 161.098, 10.2984, -12.5785, 0.00132042, 64.6529, 0.02695, 64.5898, 0.0357747, -109.683
2676, 44.59167, 0.26752, 172.896, 6.09717, 161.087, 10.2762, -12.6066, 0.00131582, 64.5401, 0.02693, 64.57, 0.035734, -109.711
2676, 44.60000, 0.267071, 172.969, 6.08602, 161.075, 10.2541, -12.6346, 0.00131123, 64.4273, 0.0269102, 64.5503, 0.0356936, -109.739
2677, 44.60833, 0.266624, 173.043, 6.0749, 161.064, 10.232, -12.6625, 0.00130667, 64.3143, 0.0268904, 64.5307, 0.0356532, -109.767
2677, 44.61667, 0.26618, 173.118, 6.0638, 161.053, 10.21, -12.6904, 0.00130213, 64.2013, 0.0268706, 64.5111, 0.035613, -109.795
2678, 44.62500, 0.265739, 173.192, 6.05273, 161.042, 10.1881, -12.7181, 0.00129761, 64.0881, 0.0268509, 64.4915, 0.0355729, -109.823
2678, 44.63333, 0.265301, 173.267, 6.04169, 161.03, 10.1662, -12.7457, 0.00129311, 63.9749, 0.0268313, 64.472, 0.0355329, -109.851
2679, 44.64167, 0.264865, 173.342, 6.03067, 161.019, 10.1444, -12.7732, 0.00128862, 63.8616, 0.0268117, 64.4525, 0.0354931, -109.879
2679, 44.65000, 0.264432, 173.417, 6.01968, 161.008, 10.1227, -12.8007, 0.00128416, 63.7481, 0.0267922, 64.4331, 0.0354534, -109.906
2680, 44.65833, 0.264003, 173.493, 6.00872, 160.997, 10.101, -12.8281, 0.00127972, 63.6346, 0.0267727, 64.4137, 0.0354138, -109.934
2680, 44.66667, 0.263575, 173.568, 5.99778, 160.987, 10.0794, -12.8553, 0.0012753, 63.521, 0.0267533, 64.3944, 0.0353743, -109.961
2681, 44.67500, 0.263151, 173.644, 5.98687, 160.976, 10.0579, -12.8825, 0.0012709, 63.4073, 0.0267339, 64.3751, 0.035335, -109.989
2681, 44.68333, 0.26273, 173.721, 5.97599, 160.965, 10.0364, -12.9096, 0.00126651, 63.2935, 0.0267147, 64.3558, 0.0352958, -110.016
2682, 44.69167, 0.262311, 173.797, 5.96512, 160.954, 10.015, -12.9366, 0.00126215, 63.1796, 0.0266954, 64.3366, 0.0352567, -110.043
2682, 44.70000, 0.261895, 173.874, 5.95429, 160.943, 9.99367, -12.9635, 0.00125781, 63.0656, 0.0266762, 64.3175, 0.0352177, -110.07
2683, 44.70833, 0.261482, 173.951, 5.94348, 160.933, 9.97239, -12.9903, 0.00125348, 62.9515, 0.0266571, 64.2983, 0.0351788, -110.097
2683, 44.71667, 0.261071, 174.028, 5.9327, 160.922, 9.95118, -13.0171, 0.00124918, 62.8373, 0.026638, 64.2792, 0.0351401, -110.124
2684, 44.72500, 0.260663, 174.106, 5.92194, 160.912, 9.93002, -13.0437, 0.00124489, 62.723, 0.026619, 64.2602, 0.0351015, -110.151
2684, 44.73333, 0.260258, 174.183, 5.91121, 160.901, 9.90893, -13.0703, 0.00124063, 62.6086, 0.0266001, 64.2412, 0.035063, -110.178
2685, 44.74167, 0.259856, 174.261, 5.90051, 160.891, 9.88791, -13.0968, 0.00123638, 62.494, 0.0265812, 64.2222, 0.0350247, -110.205
2685, 44.75000, 0.259456, 174.339, 5.88983, 160.88, 9.86694, -13.1232, 0.00123215, 62.3794, 0.0265623, 64.2033, 0.0349864, -110.231
2686, 44.75833, 0.259059, 174.418, 5.87917, 160.87, 9.84604, -13.1495, 0.00122794, 62.2647, 0.0265435, 64.1844, 0.0349483, -110.258
2686, 44.76667, 0.258665, 174.496, 5.86854, 160.86, 9.8252, -13.1757, 0.00122374, 62.1498, 0.0265248, 64.1656, 0.0349103, -110.284
2687, 44.77500, 0.258274, 174.575, 5.85793, 160.849, 9.80442, -13.2018, 0.00121957, 62.0348, 0.0265061, 64.1468, 0.0348724, -110.311
2687, 44.78333, 0.257885, 174.654, 5.84735, 160.839, 9.7837, -13.2279, 0.00121542, 61.9198, 0.0264875, 64.128, 0.0348346, -110.337
2688, 44.79167, 0.257499, 174.733, 5.83679, 160.829, 9.76304, -13.2538, 0.00121128, 61.8046, 0.0264689, 64.1093, 0.034797, -110.363
2688, 44.80000, 0.257115, 174.813, 5.82626, 160.819, 9.74244, -13.2797, 0.00120716, 61.6893, 0.0264504, 64.0906, 0.0347595, -110.39
2689, 44.80833, 0.256734, 174.893, 5.81575, 160.809, 9.72191, -13.3055, 0.00120306, 61.5738, 0.0264319, 64.072, 0.034722, -110.416
2689, 44.81667, 0.256356, 174.972, 5.80527, 160.799, 9.70143, -13.3312, 0.00119898, 61.4583, 0.0264135, 64.0534, 0.0346847, -110.442
2689, 44.82500, 0.255981, 175.053, 5.79481, 160.789, 9.68101, -13.3569, 0.00119491, 61.3427, 0.0263951, 64.0348, 0.0346475, -110.468
2690, 44.83333, 0.255608, 175.133, 5.78437, 160.779, 9.66066, -13.3824, 0.00119087, 61.2269, 0.0263768, 64.0163, 0.0346105, -110.494
2691, 44.84167, 0.255238, 175.213, 5.77396, 160.769, 9.64036, -13.4079, 0.00118684, 61.111, 0.0263586, 63.9978, 0.0345735, -110.52
2691, 44.85000, 0.25487, 175.294, 5.76357, 160.76, 9.62012, -13.4333, 0.00118283, 60.995, 0.0263403, 63.9794, 0.0345367, -110.545
2692, 44.85833, 0.254505, 175.375, 5.75321, 160.75, 9.59994, -13.4586, 0.00117883, 60.8788, 0.0263222, 63.961, 0.0345, -110.571
2692, 44.86667, 0.254143, 175.456, 5.74287, 160.74, 9.57982, -13.4838, 0.00117486, 60.7626, 0.0263041, 63.9426, 0.0344633, -110.597
2693, 44.87500, 0.253783, 175.537, 5.73255, 160.73, 9.55976, -13.5089, 0.0011709, 60.6462, 0.026286, 63.9243, 0.0344268, -110.622
2693, 44.88333, 0.253426, 175.619, 5.72226, 160.721, 9.53975, -13.534, 0.00116696, 60.5297, 0.026268, 63.906, 0.0343904, -110.648
2693, 44.89167, 0.253072, 175.7, 5.71198, 160.711, 9.5198, -13.5589, 0.00116304, 60.413, 0.0262501, 63.8877, 0.0343542, -110.673
2694, 44.90000, 0.25272, 175.782, 5.70174, 160.702, 9.49991, -13.5838, 0.00115913, 60.2962, 0.0262322, 63.8695, 0.034318, -110.698
2695, 44.90833, 0.25237, 175.864, 5.69151, 160.692, 9.48008, -13.6087, 0.00115524, 60.1793, 0.0262144, 63.8513, 0.0342819, -110.723
2695, 44.91667, 0.252024, 175.946, 5.68131, 160.683, 9.46031, -13.6334, 0.00115137, 60.0623, 0.0261966, 63.8332, 0.034246, -110.749
2696, 44.92500, 0.251679, 176.029, 5.67113, 160.674, 9.44059, -13.6581, 0.00114751, 59.9451, 0.0261788, 63.8151, 0.0342102, -110.774
2696, 44.93333, 0.251338, 176.111, 5.66098, 160.664, 9.42093, -13.6826, 0.00114367, 59.8279, 0.0261611, 63.797, 0.0341744, -110.799
2697, 44.94167, 0.250999, 176.194, 5.65085, 160.655, 9.40132, -13.7071, 0.00113985, 59.7104, 0.0261435, 63.7789, 0.0341388, -110.824
2697, 44.95000, 0.250662, 176.277, 5.64074, 160.646, 9.38177, -13.7316, 0.00113605, 59.5928, 0.0261259, 63.7609, 0.0341033, -110.849
2697, 44.95833, 0.250328, 176.36, 5.63065, 160.637, 9.36228, -13.7559, 0.00113226, 59.4752, 0.0261083, 63.743, 0.0340679, -110.873
2698, 44.96667, 0.249997, 176.443, 5.62059, 160.627, 9.34284, -13.7802, 0.00112849, 59.3573, 0.0260908, 63.7251, 0.0340326, -110.898
2699, 44.97500, 0.249668, 176.526, 5.61055, 160.618, 9.32346, -13.8044, 0.00112473, 59.2393, 0.0260734, 63.7072, 0.0339974, -110.923
2699, 44.98333, 0.249342, 176.61, 5.60053, 160.609, 9.30413, -13.8285, 0.00112099, 59.1212, 0.026056, 63.6893, 0.0339623, -110.947
2700, 44.99167, 0.249018, 176.694, 5.59053, 160.6, 9.28485, -13.8525, 0.00111727, 59.0029, 0.0260386, 63.6715, 0.0339274, -110.972
2700, 45.00000, 0.248697, 176.777, 5.58055, 160.591, 9.26564, -13.8765, 0.00111356, 58.8845, 0.0260213, 63.6537, 0.0338925, -110.996
2701, 45.00833, 0.248378, 176.861, 5.5706, 160.582, 9.24648, -13.9004, 0.00110987, 58.766, 0.0260041, 63.636, 0.0338577, -111.021
2701, 45.01667, 0.248062, 176.946, 5.56067, 160.574, 9.22736, -13.9242, 0.0011062, 58.6473, 0.0259869, 63.6183, 0.0338231, -111.045
2701, 45.02500, 0.247748, 177.03, 5.55076, 160.565, 9.20831, -13.9479, 0.00110254, 58.5285, 0.0259697, 63.6006, 0.0337885, -111.069
2702, 45.03333, 0.247436, 177.114, 5.54087, 160.556, 9.18931, -13.9715, 0.0010989, 58.4095, 0.0259526, 63.5829, 0.0337541, -111.094
2703, 45.04167, 0.247128, 177.199, 5.53101, 160.547, 9.17036, -13.9951, 0.00109527, 58.2903, 0.0259356, 63.5653, 0.0337197, -111.118
2703, 45.05000, 0.246821, 177.283, 5.52116, 160.539, 9.15146, -14.0186, 0.00109166, 58.1711, 0.0259185, 63.5478, 0.0336855, -111.142
2704, 45.05833, 0.246517, 177.368, 5.51134, 160.53, 9.13262, -14.0421, 0.00108806, 58.0517, 0.0259016, 63.5302, 0.0336514, -111.166
2704, 45.06667, 0.246216, 177.453, 5.50154, 160.521, 9.11383, -14.0654, 0.00108448, 57.9321, 0.0258847, 63.5127, 0.0336173, -111.19
2705, 45.07500, 0.245917, 177.538, 5.49176, 160.513, 9.0951, -14.0887, 0.00108092, 57.8123, 0.0258678, 63.4952, 0.0335834, -111.214
2705, 45.08333, 0.24562, 177.623, 5.482, 160.504, 9.07641, -14.1119, 0.00107737, 57.6925, 0.025851, 63.4778, 0.0335496, -111.238
2705, 45.09167, 0.245326, 177.709, 5.47226, 160.496, 9.05778, -14.1351, 0.00107384, 57.5724, 0.0258342, 63.4604, 0.0335159, -111.261
2706, 45.10000, 0.245034, 177.794, 5.46255, 160.487, 9.0392, -14.1581, 0.00107032, 57.4522, 0.0258175, 63.443, 0.0334822, -111.285
2707, 45.10833, 0.244745, 177.88, 5.45285, 160.479, 9.02067, -14.1811, 0.00106681, 57.3319, 0.0258008, 63.4257, 0.0334487, -111.309
2707, 45.11667, 0.244458, 177.965, 5.44318, 160.471, 9.00219, -14.204, 0.00106333, 57.2113, 0.0257841, 63.4084, 0.0334153, -111.332
2708, 45.12500, 0.244173, 178.051, 5.43352, 160.463, 8.98377, -14.2269, 0.00105985, 57.0907, 0.0257675, 63.3911, 0.033382, -111.356
2708, 45.13333, 0.243891, 178.137, 5.42389, 160.454, 8.96539, -14.2497, 0.0010564, 56.9699, 0.025751, 63.3739, 0.0333487, -111.379
2709, 45.14167, 0.243611, 178.223, 5.41428, 160.446, 8.94707, -14.2724, 0.00105295, 56.8489, 0.0257345, 63.3567, 0.0333156, -111.402
2709, 45.15000, 0.243334, 178.309, 5.40469, 160.438, 8.9288, -14.295, 0.00104953, 56.7277, 0.025718, 63.3395, 0.0332826, -111.426
2709, 45.15833, 0.243059, 178.395, 5.39512, 160.43, 8.91057, -14.3176, 0.00104611, 56.6064, 0.0257016, 63.3224, 0.0332496, -111.449
2710, 45.16667, 0.242786, 178.481, 5.38556, 160.422, 8.8924, -14.3401, 0.00104272, 56.4849, 0.0256852, 63.3053, 0.0332168, -111.472
2711, 45.17500, 0.242516, 178.568, 5.37603, 160.414, 8.87428, -14.3625, 0.00103933, 56.3633, 0.0256689, 63.2882, 0.0331841, -111.495
2711, 45.18333, 0.242248, 178.654, 5.36652, 160.406, 8.8562, -14.3848, 0.00103596, 56.2415, 0.0256526, 63.2711, 0.0331514, -111.518
2712, 45.19167, 0.241983, 178.741, 5.35703, 160.398, 8.83818, -14.4071, 0.00103261, 56.1195, 0.0256364, 63.2541, 0.0331189, -111.541
2712, 45.20000, 0.241719, 178.827, 5.34756, 160.39, 8.82021, -14.4293, 0.00102927, 55.9973, 0.0256202, 63.2372, 0.0330865, -111.564
2713, 45.20833, 0.241458, 178.914, 5.33812, 160.382, 8.80228, -14.4515, 0.00102594, 55.875, 0.0256041, 63.2202, 0.0330541, -111.587
2713, 45.21667, 0.2412, 179.001, 5.32868, 160.375, 8.78441, -14.4735, 0.00102263, 55.7525, 0.025588, 63.2033, 0.0330219, -111.61
2713, 45.22500, 0.240943, 179.088, 5.31927, 160.367, 8.76658, -14.4955, 0.00101933, 55.6299, 0.0255719, 63.1864, 0.0329897, -111.633
2714, 45.23333, 0.240689, 179.174, 5.30989, 160.359, 8.7488, -14.5175, 0.00101605, 55.507, 0.0255559, 63.1696, 0.0329576, -111.655
2715, 45.24167, 0.240438, 179.261, 5.30051, 160.352, 8.73107, -14.5393, 0.00101278, 55.384, 0.0255399, 63.1527, 0.0329257, -111.678
2715, 45.25000, 0.240188, 179.348, 5.29116, 160.344, 8.71339, -14.5611, 0.00100953, 55.2609, 0.025524, 63.1359, 0.0328938, -111.701
2716, 45.25833, 0.239941, 179.436, 5.28183, 160.336, 8.69576, -14.5829, 0.00100629, 55.1375, 0.0255081, 63.1192, 0.032862, -111.723
2716, 45.26667, 0.239696, 179.523, 5.27252, 160.329, 8.67817, -14.6045, 0.00100306, 55.014, 0.0254923, 63.1025, 0.0328303, -111.746
2717, 45.27500, 0.239454, 179.61, 5.26323, 160.321, 8.66063, -14.6261, 0.000999849, 54.8902, 0.0254765, 63.0858, 0.0327987, -111.768
2717, 45.28333, 0.239213, 179.697, 5.25396, 160.314, 8.64314, -14.6476, 0.000996651, 54.7664, 0.0254607, 63.0691, 0.0327672, -111.79
2717, 45.29167, 0.238975, 179.785, 5.2447, 160.307, 8.62569, -14.6691, 0.000993465, 54.6423, 0.025445, 63.0525, 0.0327358, -111.813
2718, 45.30000, 0.238739, 179.872, 5.23547, 160.299, 8.6083, -14.6905, 0.000990294, 54.518, 0.0254293, 63.0359, 0.0327045, -111.835
2719, 45.30833, 0.238506, 179.959, 5.22625, 160.292, 8.59095, -14.7118, 0.000987136, 54.3936, 0.0254137, 63.0193, 0.0326733, -111.857
2719, 45.31667, 0.238274, -179.953, 5.21705, 160.285, 8.57364, -14.7331, 0.000983992, 54.269, 0.0253981, 63.0027, 0.0326422, -111.879
2720, 45.32500, 0.238045, -179.866, 5.20788, 160.277, 8.55638, -14.7543, 0.000980861, 54.1442, 0.0253825, 62.9862, 0.0326111, -111.901
2720, 45.33333, 0.237818, -179.778, 5.19872, 160.27, 8.53917, -14.7754, 0.000977744, 54.0192, 0.025367, 62.9697, 0.0325802, -111.923
2721, 45.34167, 0.237593, -179.69, 5.18958, 160.263, 8.52201, -14.7965, 0.00097464, 53.894, 0.0253516, 62.9533, 0.0325493, -111.945
2721, 45.35000, 0.237371, -179.603, 5.18046, 160.256, 8.50489, -14.8175, 0.000971549, 53.7687, 0.0253361, 62.9368, 0.0325185, -111.967
2721, 45.35833, 0.23715, -179.515, 5.17135, 160.249, 8.48781, -14.8384, 0.000968472, 53.6431, 0.0253208, 62.9204, 0.0324879, -111.989
2722, 45.36667, 0.236932, -179.427, 5.16227, 160.242, 8.47078, -14.8593, 0.000965408, 53.5174, 0.0253054, 62.9041, 0.0324573, -112.01
2723, 45.37500, 0.236716, -179.34, 5.1532, 160.235, 8.4538, -14.8801, 0.000962357, 53.3914, 0.0252901, 62.8877, 0.0324268, -112.032
2723, 45.38333, 0.236502, -179.252, 5.14416, 160.228, 8.43686, -14.9008, 0.000959319, 53.2653, 0.0252749, 62.8714, 0.0323963, -112.054
2724, 45.39167, 0.23629, -179.164, 5.13513, 160.221, 8.41997, -14.9215, 0.000956294, 53.139, 0.0252596, 62.8551, 0.032366, -112.075
2724, 45.40000, 0.23608, -179.076, 5.12612, 160.214, 8.40312, -14.9421, 0.000953282, 53.0125, 0.0252445, 62.8389, 0.0323358, -112.097
2725, 45.40833, 0.235873, -178.989, 5.11713, 160.208, 8.38632, -14.9627, 0.000950283, 52.8858, 0.0252293, 62.8227, 0.0323056, -112.118
2725, 45.41667, 0.235667, -178.901, 5.10815, 160.201, 8.36956, -14.9831, 0.000947297, 52.7589, 0.0252142, 62.8065, 0.0322756, -112.14
2725, 45.42500, 0.235464, -178.813, 5.0992, 160.194, 8.35284, -15.0036, 0.000944324, 52.6318, 0.0251992, 62.7903, 0.0322456, -112.161
2726, 45.43333, 0.235263, -178.725, 5.09026, 160.188, 8.33617, -15.0239, 0.000941363, 52.5045, 0.0251841, 62.7742, 0.0322157, -112.183
2727, 45.44167, 0.235064, -178.637, 5.08134, 160.181, 8.31954, -15.0442, 0.000938415, 52.377, 0.0251692, 62.7581, 0.0321859, -112.204
2727, 45.45000, 0.234867, -178.55, 5.07244, 160.174, 8.30296, -15.0645, 0.00093548, 52.2493, 0.0251542, 62.742, 0.0321562, -112.225
2728, 45.45833, 0.234672, -178.462, 5.06355, 160.168, 8.28642, -15.0846, 0.000932557, 52.1214, 0.0251393, 62.7259, 0.0321265, -112.246
2728, 45.46667, 0.234479, -178.374, 5.05468, 160.161, 8.26992, -15.1047, 0.000929647, 51.9933, 0.0251244, 62.7099, 0.032097, -112.267
2729, 45.47500, 0.234289, -178.286, 5.04584, 160.155, 8.25346, -15.1248, 0.000926749, 51.865, 0.0251096, 62.6939, 0.0320675, -112.288
2729, 45.48333, 0.2341, -178.198, 5.037, 160.148, 8.23705, -15.1448, 0.000923864, 51.7365, 0.0250948, 62.6779, 0.0320382, -112.309
2729, 45.49167, 0.233913, -178.111, 5.02819, 160.142, 8.22068, -15.1647, 0.000920991, 51.6078, 0.0250801, 62.662, 0.0320089, -112.33
2730, 45.50000, 0.233729, -178.023, 5.01939, 160.136, 8.20436, -15.1846, 0.00091813, 51.4789, 0.0250654, 62.6461, 0.0319797, -112.351
2731, 45.50833, 0.233546, -177.935, 5.01062, 160.129, 8.18807, -15.2044, 0.000915282, 51.3498, 0.0250507, 62.6302, 0.0319505, -112.372
2731, 45.51667, 0.233365, -177.848, 5.00185, 160.123, 8.17183, -15.2241, 0.000912445, 51.2205, 0.0250361, 62.6143, 0.0319215, -112.393
2732, 45.52500, 0.233187, -177.76, 4.99311, 160.117, 8.15563, -15.2438, 0.000909621, 51.0909, 0.0250215, 62.5985, 0.0318925, -112.414
2732, 45.53333, 0.23301, -177.672, 4.98438, 160.111, 8.13948, -15.2634, 0.000906809, 50.9612, 0.0250069, 62.5827, 0.0318637, -112.434
2733, 45.54167, 0.232836, -177.585, 4.97567, 160.105, 8.12336, -15.283, 0.000904009, 50.8312, 0.0249924, 62.5669, 0.0318349, -112.455
2733, 45.55000, 0.232663, -177.497, 4.96698, 160.099, 8.10729, -15.3025, 0.000901221, 50.7011, 0.0249779, 62.5512, 0.0318062, -112.476
2733, 45.55833, 0.232493, -177.41, 4.9583, 160.093, 8.09125, -15.3219, 0.000898445, 50.5707, 0.0249635, 62.5354, 0.0317775, -112.496
2734, 45.56667, 0.232324, -177.322, 4.94964, 160.087, 8.07526, -15.3413, 0.000895681, 50.4401, 0.0249491, 62.5197, 0.031749, -112.517
2735, 45.57500, 0.232157, -177.235, 4.941, 160.081, 8.05931, -15.3606, 0.000892928, 50.3093, 0.0249347, 62.5041, 0.0317205, -112.537
2735, 45.58333, 0.231993, -177.147, 4.93238, 160.075, 8.0434, -15.3799, 0.000890188, 50.1783, 0.0249204, 62.4884, 0.0316921, -112.558
2736, 45.59167, 0.23183, -177.06, 4.92377, 160.069, 8.02753, -15.3991, 0.000887459, 50.0471, 0.0249061, 62.4728, 0.0316638, -112.578
2736, 45.60000, 0.231669, -176.972, 4.91518, 160.063, 8.0117, -15.4182, 0.000884742, 49.9156, 0.0248918, 62.4572, 0.0316356, -112.598
2737, 45.60833, 0.23151, -176.885, 4.9066, 160.057, 7.99592, -15.4373, 0.000882036, 49.784, 0.0248776, 62.4417, 0.0316074, -112.619
2737, 45.61667, 0.231353, -176.798, 4.89804, 160.052, 7.98017, -15.4563, 0.000879342, 49.6521, 0.0248634, 62.4261, 0.0315794, -112.639
2737, 45.62500, 0.231198, -176.711, 4.8895, 160.046, 7.96446, -15.4753, 0.000876659, 49.52, 0.0248493, 62.4106, 0.0315514, -112.659
2738, 45.63333, 0.231045, -176.624, 4.88097, 160.04, 7.94879, -15.4942, 0.000873989, 49.3876, 0.0248352, 62.3951, 0.0315235, -112.679
2739, 45.64167, 0.230894, -176.537, 4.87246, 160.035, 7.93317, -15.5131, 0.000871329, 49.2551, 0.0248211, 62.3797, 0.0314957, -112.699
2739, 45.65000, 0.230744, -176.45, 4.86397, 160.029, 7.91758, -15.5319, 0.000868681, 49.1223, 0.0248071, 62.3642, 0.0314679, -112.719
2740, 45.65833, 0.230597, -176.363, 4.85549, 160.023, 7.90203, -15.5506, 0.000866044, 48.9893, 0.0247931, 62.3488, 0.0314402, -112.739
2740, 45.66667, 0.230451, -176.276, 4.84703, 160.018, 7.88652, -15.5693, 0.000863418, 48.8561, 0.0247791, 62.3334, 0.0314126, -112.759
2741, 45.67500, 0.230307, -176.189, 4.83859, 160.013, 7.87105, -15.5879, 0.000860804, 48.7227, 0.0247652, 62.3181, 0.0313851, -112.779
2741, 45.68333, 0.230165, -176.103, 4.83016, 160.007, 7.85562, -15.6065, 0.000858201, 48.589, 0.0247513, 62.3027, 0.0313577, -112.799
2741, 45.69167, 0.230025, -176.016, 4.82175, 160.002, 7.84023, -15.625, 0.000855609, 48.4551, 0.0247374, 62.2874, 0.0313303, -112.819
2742, 45.70000, 0.229886, -175.93, 4.81335, 159.996, 7.82487, -15.6435, 0.000853028, 48.321, 0.0247236, 62.2722, 0.0313031, -112.838
2743, 45.70833, 0.22975, -175.843, 4.80497, 159.991, 7.80956, -15.6619, 0.000850458, 48.1866, 0.0247098, 62.2569, 0.0312758, -112.858
2743, 45.71667, 0.229615, -175.757, 4.79661, 159.986, 7.79428, -15.6802, 0.000847899, 48.052, 0.024696, 62.2417, 0.0312487, -112.878
2744, 45.72500, 0.229482, -175.671, 4.78826, 159.981, 7.77904, -15.6985, 0.000845351, 47.9172, 0.0246823, 62.2265, 0.0312217, -112.897
2744, 45.73333, 0.229351, -175.584, 4.77992, 159.975, 7.76384, -15.7167, 0.000842814, 47.7822, 0.0246686, 62.2113, 0.0311947, -112.917
2745, 45.74167, 0.229222, -175.498, 4.77161, 159.97, 7.74868, -15.7349, 0.000840288, 47.6469, 0.024655, 62.1961, 0.0311678, -112.936
2745, 45.75000, 0.229094, -175.412, 4.7633, 159.965, 7.73356, -15.753, 0.000837773, 47.5114, 0.0246414, 62.181, 0.031141, -112.956
2745, 45.75833, 0.228968, -175.326, 4.75502, 159.96, 7.71847, -15.7711, 0.000835268, 47.3757, 0.0246278, 62.1659, 0.0311142, -112.975
2746, 45.76667, 0.228844, -175.241, 4.74675, 159.955, 7.70342, -15.7891, 0.000832774, 47.2397, 0.0246142, 62.1508, 0.0310875, -112.994
2747, 45.77500, 0.228722, -175.155, 4.73849, 159.95, 7.68841, -15.8071, 0.000830291, 47.1035, 0.0246007, 62.1358, 0.0310609, -113.014
2747, 45.78333, 0.228601, -175.069, 4.73025, 159.945, 7.67344, -15.825, 0.000827819, 46.9671, 0.0245872, 62.1207, 0.0310344, -113.033
2748, 45.79167, 0.228482, -174.984, 4.72202, 159.94, 7.6585, -15.8428, 0.000825357, 46.8304, 0.0245738, 62.1057, 0.0310079, -113.052
2748, 45.80000, 0.228365, -174.899, 4.71381, 159.936, 7.6436, -15.8606, 0.000822906, 46.6935, 0.0245604, 62.0907, 0.0309815, -113.072
2749, 45.80833, 0.228249, -174.813, 4.70562, 159.931, 7.62873, -15.8784, 0.000820465, 46.5563, 0.024547, 62.0758, 0.0309552, -113.091
2749, 45.81667, 0.228135, -174.728, 4.69744, 159.926, 7.61391, -15.896, 0.000818035, 46.4189, 0.0245336, 62.0608, 0.030929, -113.11
2749, 45.82500, 0.228023, -174.643, 4.68928, 159.921, 7.59912, -15.9137, 0.000815615, 46.2813, 0.0245203, 62.0459, 0.0309028, -113.129
2750, 45.83333, 0.227913, -174.558, 4.68113, 159.917, 7.58436, -15.9313, 0.000813206, 46.1434, 0.0245071, 62.0311, 0.0308768, -113.148
2751, 45.84167, 0.227804, -174.474, 4.67299, 159.912, 7.56964, -15.9488, 0.000810806, 46.0053, 0.0244938, 62.0162, 0.0308507, -113.167
2751, 45.85000, 0.227697, -174.389, 4.66487, 159.907, 7.55496, -15.9663, 0.000808418, 45.8669, 0.0244806, 62.0014, 0.0308248, -113.186
2752, 45.85833, 0.227591, -174.304, 4.65677, 159.903, 7.54032, -15.9837, 0.000806039, 45.7283, 0.0244674, 61.9865, 0.0307989, -113.205
2752, 45.86667, 0.227487, -174.22, 4.64868, 159.898, 7.52571, -16.001, 0.000803671, 45.5895, 0.0244543, 61.9717, 0.0307731, -113.223
2753, 45.87500, 0.227385, -174.136, 4.6406, 159.894, 7.51113, -16.0184, 0.000801313, 45.4504, 0.0244412, 61.957, 0.0307474, -113.242
2753, 45.88333, 0.227284, -174.052, 4.63254, 159.889, 7.49659, -16.0356, 0.000798965, 45.3111, 0.0244281, 61.9422, 0.0307217, -113.261
2753, 45.89167, 0.227185, -173.968, 4.6245, 159.885, 7.48209, -16.0528, 0.000796627, 45.1715, 0.024415, 61.9275, 0.0306961, -113.28
2754, 45.90000, 0.227088, -173.884, 4.61647, 159.881, 7.46762, -16.07, 0.000794299, 45.0317, 0.024402, 61.9128, 0.0306706, -113.298
2755, 45.90833, 0.226992, -173.8, 4.60845, 159.876, 7.45319, -16.0871, 0.000791981, 44.8916, 0.024389, 61.8982, 0.0306452, -113.317
2755, 45.91667, 0.226897, -173.716, 4.60045, 159.872, 7.43879, -16.1042, 0.000789673, 44.7513, 0.0243761, 61.8835, 0.0306198, -113.336
2756, 45.92500, 0.226805, -173.633, 4.59246, 159.868, 7.42443, -16.1212, 0.000787375, 44.6107, 0.0243632, 61.8689, 0.0305945, -113.354
2756, 45.93333, 0.226713, -173.55, 4.58449, 159.864, 7.4101, -16.1381, 0.000785088, 44.4699, 0.0243503, 61.8543, 0.0305692, -113.373
2757, 45.94167, 0.226624, -173.466, 4.57653, 159.86, 7.3958, -16.155, 0.000782809, 44.3288, 0.0243374, 61.8397, 0.0305441, -113.391
2757, 45.95000, 0.226536, -173.383, 4.56859, 159.855, 7.38155, -16.1719, 0.000780541, 44.1875, 0.0243246, 61.8251, 0.030519, -113.41
2758, 45.95833, 0.226449, -173.301, 4.56066, 159.851, 7.36732, -16.1887, 0.000778283, 44.0459, 0.0243118, 61.8106, 0.0304939, -113.428
2758, 45.96667, 0.226364, -173.218, 4.55274, 159.847, 7.35313, -16.2054, 0.000776034, 43.9041, 0.024299, 61.7961, 0.030469, -113.446
2759, 45.97500, 0.22628, -173.135, 4.54484, 159.843, 7.33897, -16.2221, 0.000773795, 43.762, 0.0242863, 61.7816, 0.0304441, -113.465
2759, 45.98333, 0.226198, -173.053, 4.53695, 159.839, 7.32485, -16.2388, 0.000771566, 43.6197, 0.0242736, 61.7672, 0.0304192, -113.483
2760, 45.99167, 0.226117, -172.971, 4.52908, 159.836, 7.31076, -16.2554, 0.000769346, 43.4771, 0.0242609, 61.7527, 0.0303945, -113.501
2760, 46.00000, 0.226038, -172.889, 4.52122, 159.832, 7.2967, -16.2719, 0.000767136, 43.3343, 0.0242483, 61.7383, 0.0303698, -113.519
2761, 46.00833, 0.225961, -172.807, 4.51337, 159.828, 7.28268, -16.2884, 0.000764936, 43.1912, 0.0242357, 61.7239, 0.0303452, -113.538
2761, 46.01667, 0.225884, -172.725, 4.50554, 159.824, 7.26869, -16.3048, 0.000762744, 43.0478, 0.0242231, 61.7095, 0.0303206, -113.556
2762, 46.02500, 0.225809, -172.643, 4.49772, 159.82, 7.25474, -16.3212, 0.000760563, 42.9042, 0.0242106, 61.6952, 0.0302961, -113.574
2762, 46.03333, 0.225736, -172.562, 4.48992, 159.817, 7.24082, -16.3376, 0.000758391, 42.7604, 0.0241981, 61.6809, 0.0302717, -113.592
2763, 46.04167, 0.225664, -172.481, 4.48213, 159.813, 7.22693, -16.3539, 0.000756228, 42.6162, 0.0241856, 61.6666, 0.0302473, -113.61
2763, 46.05000, 0.225594, -172.4, 4.47435, 159.809, 7.21307, -16.3701, 0.000754075, 42.4719, 0.0241731, 61.6523, 0.030223, -113.628
2764, 46.05833, 0.225524, -172.319, 4.46659, 159.806, 7.19925, -16.3863, 0.000751931, 42.3272, 0.0241607, 61.638, 0.0301988, -113.646
2764, 46.06667, 0.225457, -172.238, 4.45884, 159.802, 7.18546, -16.4025, 0.000749796, 42.1823, 0.0241483, 61.6238, 0.0301746, -113.664
2765, 46.07500, 0.22539, -172.157, 4.4511, 159.799, 7.1717, -16.4186, 0.000747671, 42.0372, 0.024136, 61.6096, 0.0301505, -113.681
2765, 46.08333, 0.225325, -172.077, 4.44338, 159.795, 7.15798, -16.4346, 0.000745555, 41.8918, 0.0241236, 61.5954, 0.0301265, -113.699
2766, 46.09167, 0.225262, -171.997, 4.43567, 159.792, 7.14428, -16.4506, 0.000743448, 41.7461, 0.0241113, 61.5812, 0.0301025, -113.717
2766, 46.10000, 0.225199, -171.917, 4.42797, 159.789, 7.13062, -16.4666, 0.00074135, 41.6001, 0.0240991, 61.5671, 0.0300786, -113.735
2767, 46.10833, 0.225138, -171.837, 4.42029, 159.785, 7.11699, -16.4825, 0.000739262, 41.4539, 0.0240868, 61.5529, 0.0300548, -113.752
2767, 46.11667, 0.225079, -171.757, 4.41262, 159.782, 7.1034, -16.4984, 0.000737182, 41.3075, 0.0240746, 61.5388, 0.030031, -113.77
2768, 46.12500, 0.22502, -171.678, 4.40496, 159.779, 7.08983, -16.5142, 0.000735112, 41.1607, 0.0240624, 61.5247, 0.0300073, -113.788
2768, 46.13333, 0.224963, -171.598, 4.39732, 159.775, 7.0763, -16.5299, 0.000733051, 41.0138, 0.0240503, 61.5107, 0.0299837, -113.805
2769, 46.14167, 0.224908, -171.519, 4.38969, 159.772, 7.0628, -16.5457, 0.000730998, 40.8665, 0.0240382, 61.4967, 0.0299601, -113.823
2769, 46.15000, 0.224853, -171.44, 4.38208, 159.769, 7.04933, -16.5613, 0.000728955, 40.719, 0.0240261, 61.4826, 0.0299366, -113.84
2770, 46.15833, 0.2248, -171.362, 4.37447, 159.766, 7.03589, -16.577, 0.00072692, 40.5712, 0.024014, 61.4686, 0.0299131, -113.858
2770, 46.16667, 0.224748, -171.283, 4.36688, 159.763, 7.02248, -16.5925, 0.000724895, 40.4231, 0.024002, 61.4547, 0.0298897, -113.875
2771, 46.17500, 0.224698, -171.205, 4.35931, 159.76, 7.0091, -16.6081, 0.000722878, 40.2748, 0.02399, 61.4407, 0.0298664, -113.893
2771, 46.18333, 0.224648, -171.127, 4.35174, 159.757, 6.99576, -16.6235, 0.00072087, 40.1262, 0.023978, 61.4268, 0.0298432, -113.91
2772, 46.19167, 0.2246, -171.049, 4.34419, 159.754, 6.98244, -16.639, 0.000718871, 39.9774, 0.023966, 61.4129, 0.0298199, -113.927
2772, 46.20000, 0.224553, -170.971, 4.33665, 159.751, 6.96916, -16.6544, 0.000716881, 39.8283, 0.0239541, 61.399, 0.0297968, -113.945
2773, 46.20833, 0.224508, -170.893, 4.32912, 159.748, 6.95591, -16.6697, 0.000714899, 39.6789, 0.0239422, 61.3851, 0.0297737, -113.962
2773, 46.21667, 0.224463, -170.816, 4.32161, 159.746, 6.94268, -16.685, 0.000712926, 39.5292, 0.0239304, 61.3713, 0.0297507, -113.979
2774, 46.22500, 0.22442, -170.739, 4.31411, 159.743, 6.92949, -16.7003, 0.000710962, 39.3793, 0.0239185, 61.3575, 0.0297278, -113.996
2774, 46.23333, 0.224378, -170.662, 4.30662, 159.74, 6.91633, -16.7155, 0.000709007, 39.2291, 0.0239067, 61.3437, 0.0297049, -114.014
2775, 46.24167, 0.224337, -170.585, 4.29915, 159.738, 6.9032, -16.7306, 0.00070706, 39.0786, 0.0238949, 61.3299, 0.029682, -114.031
2775, 46.25000, 0.224297, -170.509, 4.29169, 159.735, 6.8901, -16.7457, 0.000705121, 38.9279, 0.0238832, 61.3161, 0.0296593, -114.048
2776, 46.25833, 0.224259, -170.432, 4.28424, 159.732, 6.87703, -16.7608, 0.000703192, 38.7769, 0.0238715, 61.3024, 0.0296365, -114.065
2776, 46.26667, 0.224221, -170.356, 4.2768, 159.73, 6.86398, -16.7758, 0.00070127, 38.6256, 0.0238598, 61.2887, 0.0296139, -114.082
2777, 46.27500, 0.224185, -170.28, 4.26937, 159.727, 6.85097, -16.7908, 0.000699358, 38.4741, 0.0238481, 61.275, 0.0295913, -114.099
2777, 46.28333, 0.22415, -170.204, 4.26196, 159.725, 6.83799, -16.8057, 0.000697453, 38.3223, 0.0238365, 61.2613, 0.0295688, -114.116
2778, 46.29167, 0.224116, -170.129, 4.25456, 159.722, 6.82504, -16.8206, 0.000695557, 38.1702, 0.0238249, 61.2476, 0.0295463, -114.133
2778, 46.30000, 0.224083, -170.054, 4.24717, 159.72, 6.81212, -16.8354, 0.00069367, 38.0178, 0.0238133, 61.234, 0.0295239, -114.15
2779, 46.30833, 0.224051, -169.979, 4.2398, 159.718, 6.79922, -16.8502, 0.000691791, 37.8652, 0.0238017, 61.2204, 0.0295015, -114.166
2779, 46.31667, 0.22402, -169.904, 4.23243, 159.715, 6.78636, -16.865, 0.00068992, 37.7123, 0.0237902, 61.2068, 0.0294792, -114.183
2780, 46.32500, 0.223991, -169.829, 4.22508, 159.713, 6.77352, -16.8797, 0.000688057, 37.5591, 0.0237787, 61.1932, 0.029457, -114.2
2780, 46.33333, 0.223962, -169.755, 4.21774, 159.711, 6.76072, -16.8943, 0.000686203, 37.4057, 0.0237672, 61.1797, 0.0294348, -114.217
2781, 46.34167, 0.223934, -169.68, 4.21041, 159.709, 6.74794, -16.909, 0.000684357, 37.252, 0.0237558, 61.1662, 0.0294127, -114.234
2781, 46.35000, 0.223908, -169.606, 4.2031, 159.707, 6.73519, -16.9235, 0.000682519, 37.098, 0.0237444, 61.1527, 0.0293907, -114.25
2782, 46.35833, 0.223882, -169.533, 4.1958, 159.705, 6.72247, -16.9381, 0.00068069, 36.9437, 0.023733, 61.1392, 0.0293687, -114.267
2782, 46.36667, 0.223858, -169.459, 4.18851, 159.702, 6.70978, -16.9525, 0.000678868, 36.7892, 0.0237216, 61.1257, 0.0293467, -114.284
2783, 46.37500, 0.223835, -169.386, 4.18123, 159.7, 6.69712, -16.967, 0.000677055, 36.6343, 0.0237103, 61.1123, 0.0293248, -114.3
2783, 46.38333, 0.223812, -169.313, 4.17396, 159.699, 6.68448, -16.9814, 0.00067525, 36.4793, 0.023699, 61.0988, 0.029303, -114.317
2784, 46.39167, 0.223791, -169.24, 4.1667, 159.697, 6.67188, -16.9957, 0.000673453, 36.3239, 0.0236877, 61.0854, 0.0292812, -114.333
2784, 46.40000, 0.22377, -169.167, 4.15946, 159.695, 6.6593, -17.01, 0.000671664, 36.1683, 0.0236764, 61.072, 0.0292595, -114.35
2785, 46.40833, 0.223751, -169.095, 4.15223, 159.693, 6.64675, -17.0243, 0.000669883, 36.0124, 0.0236652, 61.0587, 0.0292379, -114.366
2785, 46.41667, 0.223732, -169.022, 4.14501, 159.691, 6.63423, -17.0385, 0.000668109, 35.8561, 0.023654, 61.0453, 0.0292163, -114.383
2786, 46.42500, 0.223715, -168.95, 4.1378, 159.689, 6.62173, -17.0527, 0.000666344, 35.6997, 0.0236428, 61.032, 0.0291947, -114.399
2786, 46.43333, 0.223698, -168.879, 4.1306, 159.688, 6.60927, -17.0668, 0.000664587, 35.543, 0.0236316, 61.0187, 0.0291732, -114.415
2787, 46.44167, 0.223682, -168.807, 4.12342, 159.686, 6.59683, -17.0809, 0.000662838, 35.3859, 0.0236205, 61.0054, 0.0291518, -114.432
2787, 46.45000, 0.223668, -168.736, 4.11625, 159.684, 6.58442, -17.095, 0.000661097, 35.2286, 0.0236094, 60.9922, 0.0291304, -114.448
2788, 46.45833, 0.223654, -168.665, 4.10908, 159.683, 6.57203, -17.109, 0.000659363, 35.0711, 0.0235983, 60.9789, 0.0291091, -114.464
2788, 46.46667, 0.223641, -168.594, 4.10193, 159.681, 6.55968, -17.123, 0.000657637, 34.9132, 0.0235873, 60.9657, 0.0290878, -114.481
2789, 46.47500, 0.223629, -168.523, 4.09479, 159.68, 6.54735, -17.1369, 0.00065592, 34.7551, 0.0235763, 60.9525, 0.0290666, -114.497
2789, 46.48333, 0.223618, -168.453, 4.08767, 159.678, 6.53505, -17.1508, 0.00065421, 34.5967, 0.0235653, 60.9393, 0.0290455, -114.513
2790, 46.49167, 0.223607, -168.382, 4.08055, 159.677, 6.52277, -17.1646, 0.000652507, 34.4381, 0.0235543, 60.9262, 0.0290244, -114.529
2790, 46.50000, 0.223598, -168.312, 4.07345, 159.675, 6.51053, -17.1784, 0.000650813, 34.2791, 0.0235434, 60.913, 0.0290034, -114.545
2791, 46.50833, 0.223589, -168.243, 4.06635, 159.674, 6.49831, -17.1922, 0.000649126, 34.1199, 0.0235325, 60.8999, 0.0289824, -114.562
2791, 46.51667, 0.223582, -168.173, 4.05927, 159.673, 6.48611, -17.2059, 0.000647446, 33.9604, 0.0235216, 60.8868, 0.0289614, -114.578
2792, 46.52500, 0.223575, -168.104, 4.0522, 159.672, 6.47395, -17.2195, 0.000645775, 33.8006, 0.0235107, 60.8737, 0.0289406, -114.594
2792, 46.53333, 0.223569, -168.035, 4.04514, 159.67, 6.46181, -17.2332, 0.000644111, 33.6406, 0.0234999, 60.8607, 0.0289197, -114.61
2793, 46.54167, 0.223564, -167.966, 4.03809, 159.669, 6.44969, -17.2468, 0.000642454, 33.4803, 0.023489, 60.8476, 0.028899, -114.626
2793, 46.55000, 0.223559, -167.898, 4.03105, 159.668, 6.4376, -17.2603, 0.000640806, 33.3197, 0.0234782, 60.8346, 0.0288782, -114.642
2794, 46.55833, 0.223555, -167.829, 4.02403, 159.667, 6.42554, -17.2738, 0.000639164, 33.1588, 0.0234675, 60.8216, 0.0288576, -114.658
2794, 46.56667, 0.223553, -167.761, 4.01701, 159.666, 6.41351, -17.2873, 0.000637531, 32.9977, 0.0234567, 60.8086, 0.028837, -114.673
2795, 46.57500, 0.22355, -167.693, 4.01001, 159.665, 6.4015, -17.3007, 0.000635904, 32.8362, 0.023446, 60.7956, 0.0288164, -114.689
2795, 46.58333, 0.223549, -167.626, 4.00301, 159.664, 6.38952, -17.3141, 0.000634286, 32.6745, 0.0234353, 60.7827, 0.0287959, -114.705
2796, 46.59167, 0.223549, -167.558, 3.99603, 159.663, 6.37756, -17.3274, 0.000632674, 32.5126, 0.0234247, 60.7698, 0.0287755, -114.721
2796, 46.60000, 0.223549, -167.491, 3.98906, 159.662, 6.36563, -17.3407, 0.00063107, 32.3503, 0.023414, 60.7569, 0.0287551, -114.737
2797, 46.60833, 0.22355, -167.424, 3.9821, 159.662, 6.35372, -17.354, 0.000629474, 32.1878, 0.0234034, 60.744, 0.0287347, -114.753
2797, 46.61667, 0.223551, -167.357, 3.97515, 159.661, 6.34184, -17.3672, 0.000627884, 32.025, 0.0233928, 60.7311, 0.0287144, -114.768
2798, 46.62500, 0.223554, -167.291, 3.96821, 159.66, 6.32999, -17.3804, 0.000626303, 31.8619, 0.0233823, 60.7183, 0.0286942, -114.784
2798, 46.63333, 0.223557, -167.225, 3.96128, 159.659, 6.31816, -17.3935, 0.000624728, 31.6986, 0.0233717, 60.7055, 0.028674, -114.8
2799, 46.64167, 0.223561, -167.159, 3.95436, 159.659, 6.30636, -17.4066, 0.000623161, 31.5349, 0.0233612, 60.6926, 0.0286539, -114.815
2799, 46.65000, 0.223565, -167.093, 3.94746, 159.658, 6.29458, -17.4197, 0.000621601, 31.371, 0.0233507, 60.6799, 0.0286338, -114.831
2800, 46.65833, 0.22357, -167.027, 3.94056, 159.658, 6.28283, -17.4327, 0.000620048, 31.2069, 0.0233402, 60.6671, 0.0286138, -114.847
2800, 46.66667, 0.223576, -166.962, 3.93368, 159.657, 6.2711, -17.4456, 0.000618503, 31.0424, 0.0233298, 60.6543, 0.0285938, -114.862
2801, 46.67500, 0.223582, -166.897, 3.9268, 159.657, 6.2594, -17.4586, 0.000616965, 30.8777, 0.0233194, 60.6416, 0.0285738, -114.878
2801, 46.68333, 0.22359, -166.832, 3.91994, 159.656, 6.24772, -17.4715, 0.000615434, 30.7127, 0.023309, 60.6289, 0.028554, -114.893
2802, 46.69167, 0.223597, -166.768, 3.91308, 159.656, 6.23607, -17.4843, 0.00061391, 30.5475, 0.0232986, 60.6162, 0.0285341, -114.909
2802, 46.70000, 0.223606, -166.703, 3.90624, 159.656, 6.22444, -17.4972, 0.000612393, 30.3819, 0.0232882, 60.6035, 0.0285144, -114.924
2803, 46.70833, 0.223615, -166.639, 3.89941, 159.655, 6.21284, -17.5099, 0.000610883, 30.2161, 0.0232779, 60.5909, 0.0284946, -114.94
2803, 46.71667, 0.223624, -166.575, 3.89258, 159.655, 6.20126, -17.5227, 0.000609381, 30.05, 0.0232676, 60.5783, 0.028475, -114.955
2804, 46.72500, 0.223635, -166.512, 3.88577, 159.655, 6.18971, -17.5354, 0.000607885, 29.8837, 0.0232573, 60.5657, 0.0284553, -114.97
2804, 46.73333, 0.223645, -166.448, 3.87897, 159.655, 6.17818, -17.548, 0.000606397, 29.7171, 0.0232471, 60.5531, 0.0284358, -114.986
2805, 46.74167, 0.223657, -166.385, 3.87218, 159.655, 6.16667, -17.5607, 0.000604915, 29.5502, 0.0232369, 60.5405, 0.0284162, -115.001
2805, 46.75000, 0.223669, -166.322, 3.8654, 159.654, 6.15519, -17.5732, 0.000603441, 29.383, 0.0232267, 60.5279, 0.0283967, -115.016
2806, 46.75833, 0.223681, -166.26, 3.85862, 159.654, 6.14374, -17.5858, 0.000601973, 29.2156, 0.0232165, 60.5154, 0.0283773, -115.032
2806, 46.76667, 0.223694, -166.197, 3.85186, 159.654, 6.1323, -17.5983, 0.000600513, 29.0479, 0.0232063, 60.5029, 0.0283579, -115.047
2807, 46.77500, 0.223708, -166.135, 3.84511, 159.655, 6.1209, -17.6108, 0.000599059, 28.8799, 0.0231962, 60.4904, 0.0283386, -115.062
2807, 46.78333, 0.223722, -166.073, 3.83837, 159.655, 6.10951, -17.6232, 0.000597612, 28.7117, 0.0231861, 60.4779, 0.0283193, -115.077
2808, 46.79167, 0.223737, -166.011, 3.83164, 159.655, 6.09815, -17.6356, 0.000596172, 28.5432, 0.023176, 60.4654, 0.0283001, -115.093
2808, 46.80000, 0.223752, -165.95, 3.82492, 159.655, 6.08681, -17.6479, 0.00059474, 28.3744, 0.0231659, 60.453, 0.0282809, -115.108
2809, 46.80833, 0.223768, -165.888, 3.81821, 159.655, 6.0755, -17.6602, 0.000593313, 28.2054, 0.0231559, 60.4406, 0.0282618, -115.123
2809, 46.81667, 0.223784, -165.827, 3.81151, 159.656, 6.06421, -17.6725, 0.000591894, 28.036, 0.0231459, 60.4282, 0.0282427, -115.138
2810, 46.82500, 0.223801, -165.766, 3.80482, 159.656, 6.05294, -17.6847, 0.000590482, 27.8665, 0.0231359, 60.4158, 0.0282237, -115.153
2810, 46.83333, 0.223818, -165.706, 3.79814, 159.656, 6.0417, -17.6969, 0.000589076, 27.6966, 0.0231259, 60.4034, 0.0282047, -115.168
2811, 46.84167, 0.223836, -165.645, 3.79147, 159.657, 6.03048, -17.7091, 0.000587677, 27.5265, 0.0231159, 60.3911, 0.0281857, -115.183
2811, 46.85000, 0.223854, -165.585, 3.78481, 159.657, 6.01929, -17.7212, 0.000586285, 27.3562, 0.023106, 60.3787, 0.0281668, -115.198
2812, 46.85833, 0.223873, -165.525, 3.77816, 159.658, 6.00811, -17.7333, 0.000584899, 27.1855, 0.0230961, 60.3664, 0.028148, -115.213
2812, 46.86667, 0.223892, -165.466, 3.77151, 159.658, 5.99696, -17.7454, 0.00058352, 27.0146, 0.0230862, 60.3541, 0.0281292, -115.228
2813, 46.87500, 0.223911, -165.406, 3.76488, 159.659, 5.98584, -17.7574, 0.000582148, 26.8435, 0.0230764, 60.3419, 0.0281104, -115.243
2813, 46.88333, 0.223931, -165.347, 3.75826, 159.66, 5.97473, -17.7693, 0.000580783, 26.6721, 0.0230665, 60.3296, 0.0280917, -115.258
2814, 46.89167, 0.223952, -165.288, 3.75165, 159.66, 5.96365, -17.7813, 0.000579424, 26.5004, 0.0230567, 60.3174, 0.0280731, -115.273
2814, 46.90000, 0.223972, -165.229, 3.74505, 159.661, 5.95259, -17.7932, 0.000578072, 26.3284, 0.0230469, 60.3052, 0.0280545, -115.288
2814, 46.90833, 0.223994, -165.171, 3.73846, 159.662, 5.94156, -17.805, 0.000576726, 26.1562, 0.0230372, 60.293, 0.0280359, -115.303
2815, 46.91667, 0.224015, -165.113, 3.73187, 159.663, 5.93055, -17.8168, 0.000575387, 25.9838, 0.0230274, 60.2808, 0.0280174, -115.318
2816, 46.92500, 0.224037, -165.055, 3.7253, 159.664, 5.91956, -17.8286, 0.000574054, 25.8111, 0.0230177, 60.2686, 0.0279989, -115.332
2816, 46.93333, 0.22406, -164.997, 3.71874, 159.665, 5.90859, -17.8404, 0.000572728, 25.6381, 0.023008, 60.2565, 0.0279805, -115.347
2817, 46.94167, 0.224082, -164.939, 3.71218, 159.666, 5.89764, -17.8521, 0.000571409, 25.4648, 0.0229983, 60.2443, 0.0279621, -115.362
2817, 46.95000, 0.224105, -164.882, 3.70564, 159.667, 5.88672, -17.8638, 0.000570096, 25.2913, 0.0229887, 60.2322, 0.0279438, -115.377
2818, 46.95833, 0.224129, -164.825, 3.6991, 159.668, 5.87582, -17.8754, 0.000568789, 25.1176, 0.022979, 60.2202, 0.0279255, -115.391
2818, 46.96667, 0.224153, -164.768, 3.69257, 159.669, 5.86494, -17.887, 0.000567489, 24.9436, 0.0229694, 60.2081, 0.0279072, -115.406
2818, 46.97500, 0.224177, -164.711, 3.68606, 159.67, 5.85408, -17.8986, 0.000566196, 24.7693, 0.0229598, 60.196, 0.027889, -115.421
2819, 46.98333, 0.224201, -164.654, 3.67955, 159.671, 5.84325, -17.9101, 0.000564908, 24.5948, 0.0229502, 60.184, 0.0278709, -115.435
2820, 46.99167, 0.224226, -164.598, 3.67305, 159.672, 5.83244, -17.9216, 0.000563627, 24.4201, 0.0229407, 60.172, 0.0278528, -115.45
2820, 47.00000, 0.224251, -164.542, 3.66657, 159.674, 5.82165, -17.933, 0.000562353, 24.2451, 0.0229312, 60.16, 0.0278347, -115.465
2821, 47.00833, 0.224276, -164.486, 3.66009, 159.675, 5.81088, -17.9445, 0.000561085, 24.0698, 0.0229217, 60.148, 0.0278167, -115.479
2821, 47.01667, 0.224302, -164.431, 3.65362, 159.677, 5.80013, -17.9558, 0.000559823, 23.8943, 0.0229122, 60.1361, 0.0277987, -115.494
2822, 47.02500, 0.224328, -164.375, 3.64716, 159.678, 5.78941, -17.9672, 0.000558567, 23.7185, 0.0229027, 60.1241, 0.0277808, -115.508
2822, 47.03333, 0.224354, -164.32, 3.6407, 159.679, 5.7787, -17.9785, 0.000557318, 23.5425, 0.0228933, 60.1122, 0.0277629, -115.523
2822, 47.04167, 0.224381, -164.265, 3.63426, 159.681, 5.76802, -17.9898, 0.000556075, 23.3662, 0.0228839, 60.1003, 0.0277451, -115.537
2823, 47.05000, 0.224408, -164.211, 3.62783, 159.683, 5.75736, -18.001, 0.000554839, 23.1898, 0.0228745, 60.0884, 0.0277273, -115.552
2824, 47.05833, 0.224435, -164.156, 3.6214, 159.684, 5.74672, -18.0122, 0.000553608, 23.013, 0.0228651, 60.0765, 0.0277095, -115.566
2824, 47.06667, 0.224462, -164.102, 3.61499, 159.686, 5.7361, -18.0234, 0.000552384, 22.836, 0.0228558, 60.0647, 0.0276918, -115.581
2825, 47.07500, 0.22449, -164.048, 3.60858, 159.688, 5.7255, -18.0345, 0.000551166, 22.6588, 0.0228464, 60.0529, 0.0276742, -115.595
2825, 47.08333, 0.224517, -163.994, 3.60219, 159.69, 5.71493, -18.0456, 0.000549954, 22.4813, 0.0228371, 60.041, 0.0276565, -115.609
2826, 47.09167, 0.224545, -163.94, 3.5958, 159.691, 5.70437, -18.0567, 0.000548748, 22.3036, 0.0228278, 60.0292, 0.027639, -115.624
2826, 47.10000, 0.224574, -163.887, 3.58942, 159.693, 5.69384, -18.0677, 0.000547549, 22.1256, 0.0228186, 60.0175, 0.0276214, -115.638
2826, 47.10833, 0.224602, -163.834, 3.58305, 159.695, 5.68333, -18.0787, 0.000546355, 21.9474, 0.0228093, 60.0057, 0.0276039, -115.652
2827, 47.11667, 0.224631, -163.781, 3.57669, 159.697, 5.67283, -18.0896, 0.000545168, 21.769, 0.0228001, 59.994, 0.0275865, -115.667
2828, 47.12500, 0.224659, -163.728, 3.57034, 159.699, 5.66236, -18.1005, 0.000543987, 21.5903, 0.0227909, 59.9822, 0.0275691, -115.681
2828, 47.13333, 0.224688, -163.675, 3.56399, 159.701, 5.65191, -18.1114, 0.000542811, 21.4114, 0.0227817, 59.9705, 0.0275517, -115.695
2829, 47.14167, 0.224718, -163.623, 3.55766, 159.703, 5.64148, -18.1223, 0.000541642, 21.2323, 0.0227726, 59.9588, 0.0275344, -115.71
2829, 47.15000, 0.224747, -163.571, 3.55133, 159.706, 5.63107, -18.1331, 0.000540479, 21.0529, 0.0227634, 59.9472, 0.0275171, -115.724
2830, 47.15833, 0.224777, -163.519, 3.54502, 159.708, 5.62068, -18.1439, 0.000539322, 20.8733, 0.0227543, 59.9355, 0.0274999, -115.738
2830, 47.16667, 0.224806, -163.467, 3.53871, 159.71, 5.61031, -18.1546, 0.000538171, 20.6935, 0.0227452, 59.9239, 0.0274827, -115.752
2830, 47.17500, 0.224836, -163.415, 3.53241, 159.713, 5.59997, -18.1653, 0.000537026, 20.5134, 0.0227361, 59.9123, 0.0274655, -115.766
2831, 47.18333, 0.224866, -163.364, 3.52612, 159.715, 5.58964, -18.176, 0.000535886, 20.3331, 0.0227271, 59.9007, 0.0274484, -115.78
2832, 47.19167, 0.224896, -163.313, 3.51983, 159.717, 5.57933, -18.1866, 0.000534753, 20.1526, 0.022718, 59.8891, 0.0274313, -115.795
2832, 47.20000, 0.224926, -163.262, 3.51356, 159.72, 5.56904, -18.1972, 0.000533626, 19.9718, 0.022709, 59.8775, 0.0274143, -115.809
2833, 47.20833, 0.224957, -163.211, 3.5073, 159.722, 5.55877, -18.2078, 0.000532504, 19.7909, 0.0227, 59.866, 0.0273973, -115.823
2833, 47.21667, 0.224987, -163.161, 3.50104, 159.725, 5.54853, -18.2183, 0.000531389, 19.6097, 0.0226911, 59.8545, 0.0273804, -115.837
2834, 47.22500, 0.225018, -163.11, 3.49479, 159.728, 5.5383, -18.2288, 0.000530279, 19.4283, 0.0226821, 59.843, 0.0273635, -115.851
2834, 47.23333, 0.225048, -163.06, 3.48855, 159.73, 5.52809, -18.2393, 0.000529175, 19.2466, 0.0226732, 59.8315, 0.0273466, -115.865
2834, 47.24167, 0.225079, -163.01, 3.48232, 159.733, 5.5179, -18.2497, 0.000528077, 19.0648, 0.0226643, 59.82, 0.0273298, -115.879
2835, 47.25000, 0.22511, -162.961, 3.4761, 159.736, 5.50774, -18.2601, 0.000526985, 18.8827, 0.0226554, 59.8085, 0.027313, -115.893
2836, 47.25833, 0.225141, -162.911, 3.46989, 159.739, 5.49759, -18.2705, 0.000525899, 18.7004, 0.0226465, 59.7971, 0.0272963, -115.907
2836, 47.26667, 0.225172, -162.862, 3.46368, 159.742, 5.48746, -18.2808, 0.000524818, 18.5179, 0.0226377, 59.7857, 0.0272796, -115.921
2837, 47.27500, 0.225203, -162.813, 3.45748, 159.744, 5.47735, -18.2911, 0.000523743, 18.3352, 0.0226288, 59.7743, 0.0272629, -115.935
2837, 47.28333, 0.225234, -162.764, 3.4513, 159.747, 5.46726, -18.3014, 0.000522674, 18.1523, 0.02262, 59.7629, 0.0272463, -115.949
2838, 47.29167, 0.225265, -162.715, 3.44512, 159.751, 5.45719, -18.3116, 0.00052161, 17.9691, 0.0226112, 59.7515, 0.0272297, -115.963
2838, 47.30000, 0.225297, -162.666, 3.43894, 159.754, 5.44714, -18.3218, 0.000520553, 17.7857, 0.0226025, 59.7402, 0.0272132, -115.977
2838, 47.30833, 0.225328, -162.618, 3.43278, 159.757, 5.43711, -18.3319, 0.000519501, 17.6022, 0.0225937, 59.7288, 0.0271967, -115.99
2839, 47.31667, 0.225359, -162.57, 3.42662, 159.76, 5.42709, -18.3421, 0.000518454, 17.4184, 0.022585, 59.7175, 0.0271802, -116.004
2840, 47.32500, 0.22539, -162.521, 3.42048, 159.763, 5.4171, -18.3522, 0.000517414, 17.2344, 0.0225763, 59.7062, 0.0271638, -116.018
2840, 47.33333, 0.225422, -162.474, 3.41434, 159.767, 5.40713, -18.3622, 0.000516379, 17.0503, 0.0225676, 59.6949, 0.0271474, -116.032
2841, 47.34167, 0.225453, -162.426, 3.40821, 159.77, 5.39717, -18.3722, 0.000515349, 16.8659, 0.0225589, 59.6837, 0.0271311, -116.046
2841, 47.35000, 0.225485, -162.378, 3.40209, 159.773, 5.38724, -18.3822, 0.000514325, 16.6813, 0.0225503, 59.6724, 0.0271148, -116.059
2842, 47.35833, 0.225516, -162.331, 3.39597, 159.777, 5.37732, -18.3922, 0.000513307, 16.4965, 0.0225416, 59.6612, 0.0270985, -116.073
2842, 47.36667, 0.225547, -162.284, 3.38986, 159.78, 5.36742, -18.4021, 0.000512294, 16.3115, 0.022533, 59.65, 0.0270823, -116.087
2842, 47.37500, 0.225579, -162.237, 3.38377, 159.784, 5.35754, -18.412, 0.000511287, 16.1264, 0.0225244, 59.6388, 0.0270661, -116.101
2843, 47.38333, 0.22561, -162.19, 3.37768, 159.787, 5.34768, -18.4219, 0.000510286, 15.941, 0.0225159, 59.6276, 0.0270499, -116.114
2844, 47.39167, 0.225641, -162.144, 3.37159, 159.791, 5.33784, -18.4317, 0.000509289, 15.7554, 0.0225073, 59.6164, 0.0270338, -116.128
2844, 47.40000, 0.225672, -162.097, 3.36552, 159.795, 5.32801, -18.4415, 0.000508299, 15.5697, 0.0224988, 59.6053, 0.0270178, -116.142
2845, 47.40833, 0.225704, -162.051, 3.35945, 159.799, 5.31821, -18.4512, 0.000507314, 15.3837, 0.0224903, 59.5942, 0.0270017, -116.155
2845, 47.41667, 0.225735, -162.005, 3.3534, 159.802, 5.30842, -18.461, 0.000506334, 15.1976, 0.0224818, 59.5831, 0.0269857, -116.169
2846, 47.42500, 0.225766, -161.959, 3.34735, 159.806, 5.29865, -18.4706, 0.00050536, 15.0113, 0.0224733, 59.572, 0.0269698, -116.183
2846, 47.43333, 0.225797, -161.913, 3.3413, 159.81, 5.2889, -18.4803, 0.000504391, 14.8248, 0.0224649, 59.5609, 0.0269539, -116.196
2846, 47.44167, 0.225828, -161.868, 3.33527, 159.814, 5.27917, -18.4899, 0.000503428, 14.6381, 0.0224564, 59.5498, 0.026938, -116.21
2847, 47.45000, 0.225859, -161.822, 3.32924, 159.818, 5.26946, -18.4995, 0.00050247, 14.4512, 0.022448, 59.5388, 0.0269221, -116.223
2848, 47.45833, 0.22589, -161.777, 3.32322, 159.822, 5.25977, -18.5091, 0.000501517, 14.2642, 0.0224396, 59.5278, 0.0269063, -116.237
2848, 47.46667, 0.225921, -161.732, 3.31721, 159.827, 5.25009, -18.5186, 0.00050057, 14.077, 0.0224313, 59.5168, 0.0268906, -116.25
2849, 47.47500, 0.225952, -161.687, 3.31121, 159.831, 5.24043, -18.5281, 0.000499628, 13.8896, 0.0224229, 59.5058, 0.0268748, -116.264
2849, 47.48333, 0.225982, -161.642, 3.30521, 159.835, 5.23079, -18.5375, 0.000498692, 13.702, 0.0224146, 59.4948, 0.0268591, -116.277
2850, 47.49167, 0.226013, -161.598, 3.29923, 159.839, 5.22116, -18.547, 0.000497761, 13.5143, 0.0224063, 59.4839, 0.0268435, -116.291
2850, 47.50000, 0.226043, -161.553, 3.29325, 159.844, 5.21156, -18.5564, 0.000496835, 13.3263, 0.022398, 59.4729, 0.0268279, -116.304
2850, 47.50833, 0.226074, -161.509, 3.28728, 159.848, 5.20197, -18.5657, 0.000495914, 13.1383, 0.0223897, 59.462, 0.0268123, -116.318
2851, 47.51667, 0.226104, -161.465, 3.28131, 159.853, 5.1924, -18.5751, 0.000494999, 12.95, 0.0223814, 59.4511, 0.0267967, -116.331
2852, 47.52500, 0.226134, -161.421, 3.27535, 159.857, 5.18285, -18.5844, 0.000494089, 12.7616, 0.0223732, 59.4402, 0.0267812, -116.345
2852, 47.53333, 0.226164, -161.377, 3.2694, 159.862, 5.17332, -18.5936, 0.000493184, 12.573, 0.022365, 59.4293, 0.0267658, -116.358
2853, 47.54167, 0.226194, -161.333, 3.26346, 159.867, 5.1638, -18.6029, 0.000492284, 12.3843, 0.0223568, 59.4185, 0.0267503, -116.372
2853, 47.55000, 0.226224, -161.29, 3.25753, 159.871, 5.1543, -18.6121, 0.00049139, 12.1954, 0.0223486, 59.4076, 0.0267349, -116.385
2854, 47.55833, 0.226253, -161.247, 3.2516, 159.876, 5.14482, -18.6212, 0.0004905, 12.0063, 0.0223404, 59.3968, 0.0267195, -116.398
2854, 47.56667, 0.226283, -161.203, 3.24568, 159.881, 5.13536, -18.6304, 0.000489616, 11.8171, 0.0223323, 59.386, 0.0267042, -116.412
2854, 47.57500, 0.226312, -161.16, 3.23977, 159.886, 5.12591, -18.6395, 0.000488737, 11.6277, 0.0223242, 59.3752, 0.0266889, -116.425
2855, 47.58333, 0.226341, -161.117, 3.23387, 159.891, 5.11648, -18.6485, 0.000487864, 11.4382, 0.0223161, 59.3645, 0.0266737, -116.438
2856, 47.59167, 0.22637, -161.075, 3.22797, 159.896, 5.10707, -18.6576, 0.000486995, 11.2486, 0.022308, 59.3537, 0.0266584, -116.452
2856, 47.60000, 0.226399, -161.032, 3.22208, 159.901, 5.09767, -18.6666, 0.000486131, 11.0587, 0.0222999, 59.343, 0.0266433, -116.465
2857, 47.60833, 0.226428, -160.989, 3.2162, 159.906, 5.08829, -18.6755, 0.000485273, 10.8688, 0.0222919, 59.3323, 0.0266281, -116.478
2857, 47.61667, 0.226456, -160.947, 3.21033, 159.911, 5.07893, -18.6845, 0.000484419, 10.6787, 0.0222838, 59.3216, 0.026613, -116.491
2858, 47.62500, 0.226485, -160.905, 3.20446, 159.916, 5.06959, -18.6934, 0.000483571, 10.4884, 0.0222758, 59.3109, 0.0265979, -116.505
2858, 47.63333, 0.226513, -160.863, 3.1986, 159.922, 5.06026, -18.7023, 0.000482728, 10.2981, 0.0222678, 59.3002, 0.0265829, -116.518
2858, 47.64167, 0.226541, -160.821, 3.19275, 159.927, 5.05095, -18.7111, 0.000481889, 10.1075, 0.0222599, 59.2895, 0.0265679, -116.531
2859, 47.65000, 0.226569, -160.779, 3.18691, 159.932, 5.04166, -18.7199, 0.000481056, 9.91686, 0.0222519, 59.2789, 0.0265529, -116.544
2860, 47.65833, 0.226597, -160.737, 3.18107, 159.938, 5.03238, -18.7287, 0.000480228, 9.72608, 0.022244, 59.2683, 0.0265379, -116.557
2860, 47.66667, 0.226624, -160.696, 3.17524, 159.943, 5.02312, -18.7375, 0.000479404, 9.53514, 0.0222361, 59.2577, 0.026523, -116.571
2861, 47.67500, 0.226651, -160.654, 3.16942, 159.949, 5.01388, -18.7462, 0.000478586, 9.34409, 0.0222282, 59.2471, 0.0265082, -116.584
2861, 47.68333, 0.226678, -160.613, 3.1636, 159.955, 5.00466, -18.7549, 0.000477772, 9.15291, 0.0222203, 59.2365, 0.0264933, -116.597
2862, 47.69167, 0.226705, -160.572, 3.15779, 159.96, 4.99545, -18.7635, 0.000476964, 8.96159, 0.0222124, 59.226, 0.0264785, -116.61
2862, 47.70000, 0.226732, -160.531, 3.15199, 159.966, 4.98625, -18.7721, 0.00047616, 8.77016, 0.0222046, 59.2154, 0.0264637, -116.623
2862, 47.70833, 0.226758, -160.49, 3.1462, 159.972, 4.97708, -18.7807, 0.000475361, 8.57862, 0.0221967, 59.2049, 0.026449, -116.636
2863, 47.71667, 0.226784, -160.449, 3.14041, 159.978, 4.96792, -18.7893, 0.000474567, 8.38693, 0.0221889, 59.1944, 0.0264343, -116.649
2864, 47.72500, 0.22681, -160.408, 3.13463, 159.984, 4.95877, -18.7978, 0.000473778, 8.19515, 0.0221811, 59.1839, 0.0264196, -116.662
2864, 47.73333, 0.226836, -160.368, 3.12886, 159.99, 4.94965, -18.8063, 0.000472994, 8.00325, 0.0221734, 59.1734, 0.026405, -116.675
2865, 47.74167, 0.226862, -160.327, 3.12309, 159.996, 4.94053, -18.8148, 0.000472215, 7.81122, 0.0221656, 59.163, 0.0263904, -116.688
2865, 47.75000, 0.226887, -160.287, 3.11734, 160.002, 4.93144, -18.8232, 0.00047144, 7.6191, 0.0221579, 59.1525, 0.0263758, -116.701
2866, 47.75833, 0.226912, -160.247, 3.11158, 160.008, 4.92236, -18.8316, 0.000470671, 7.42687, 0.0221502, 59.1421, 0.0263613, -116.714
2866, 47.76667, 0.226937, -160.207, 3.10584, 160.014, 4.9133, -18.84, 0.000469906, 7.23451, 0.0221425, 59.1317, 0.0263468, -116.727
2866, 47.77500, 0.226961, -160.167, 3.1001, 160.021, 4.90425, -18.8483, 0.000469145, 7.04207, 0.0221348, 59.1213, 0.0263323, -116.74
2867, 47.78333, 0.226986, -160.127, 3.09437, 160.027, 4.89522, -18.8566, 0.00046839, 6.84953, 0.0221271, 59.1109, 0.0263179, -116.753
2868, 47.79167, 0.22701, -160.087, 3.08865, 160.033, 4.88621, -18.8649, 0.000467639, 6.65687, 0.0221195, 59.1006, 0.0263035, -116.766
2868, 47.80000, 0.227033, -160.047, 3.08293, 160.04, 4.87721, -18.8732, 0.000466893, 6.46413, 0.0221119, 59.0902, 0.0262891, -116.779
2869, 47.80833, 0.227057, -160.008, 3.07722, 160.046, 4.86823, -18.8814, 0.000466152, 6.2713, 0.0221043, 59.0799, 0.0262748, -116.792
2869, 47.81667, 0.22708, -159.968, 3.07152, 160.053, 4.85926, -18.8896, 0.000465415, 6.07835, 0.0220967, 59.0696, 0.0262605, -116.805
2870, 47.82500, 0.227103, -159.929, 3.06582, 160.06, 4.85031, -18.8977, 0.000464683, 5.88533, 0.0220891, 59.0593, 0.0262462, -116.818
2870, 47.83333, 0.227126, -159.889, 3.06014, 160.067, 4.84137, -18.9058, 0.000463956, 5.69223, 0.0220816, 59.049, 0.026232, -116.831
2870, 47.84167, 0.227148, -159.85, 3.05445, 160.073, 4.83245, -18.9139, 0.000463233, 5.49901, 0.022074, 59.0387, 0.0262178, -116.844
2871, 47.85000, 0.227171, -159.811, 3.04878, 160.08, 4.82355, -18.922, 0.000462515, 5.30574, 0.0220665, 59.0285, 0.0262036, -116.857
2872, 47.85833, 0.227193, -159.772, 3.04311, 160.087, 4.81466, -18.93, 0.000461802, 5.11238, 0.022059, 59.0183, 0.0261895, -116.869
2872, 47.86667, 0.227214, -159.733, 3.03745, 160.094, 4.80579, -18.938, 0.000461093, 4.91892, 0.0220515, 59.008, 0.0261753, -116.882
2873, 47.87500, 0.227235, -159.694, 3.03179, 160.101, 4.79693, -18.946, 0.000460388, 4.72541, 0.0220441, 58.9978, 0.0261613, -116.895
2873, 47.88333, 0.227257, -159.656, 3.02615, 160.108, 4.78809, -18.9539, 0.000459689, 4.53182, 0.0220366, 58.9877, 0.0261472, -116.908
2874, 47.89167, 0.227277, -159.617, 3.0205, 160.116, 4.77926, -18.9618, 0.000458993, 4.33814, 0.0220292, 58.9775, 0.0261332, -116.921
2874, 47.90000, 0.227298, -159.578, 3.01487, 160.123, 4.77045, -18.9697, 0.000458303, 4.14441, 0.0220218, 58.9673, 0.0261192, -116.933
2874, 47.90833, 0.227318, -159.54, 3.00924, 160.13, 4.76165, -18.9775, 0.000457617, 3.95061, 0.0220144, 58.9572, 0.0261053, -116.946
2875, 47.91667, 0.227338, -159.501, 3.00362, 160.138, 4.75287, -18.9853, 0.000456935, 3.75672, 0.022007, 58.9471, 0.0260913, -116.959
2876, 47.92500, 0.227357, -159.463, 2.99801, 160.145, 4.74411, -18.9931, 0.000456258, 3.5628, 0.0219997, 58.937, 0.0260775, -116.972
2876, 47.93333, 0.227377, -159.425, 2.9924, 160.152, 4.73535, -19.0008, 0.000455585, 3.36881, 0.0219923, 58.9269, 0.0260636, -116.984
2877, 47.94167, 0.227396, -159.387, 2.9868, 160.16, 4.72662, -19.0086, 0.000454916, 3.17474, 0.021985, 58.9168, 0.0260498, -116.997
2877, 47.95000, 0.227414, -159.349, 2.9812, 160.168, 4.7179, -19.0163, 0.000454253, 2.98064, 0.0219777, 58.9067, 0.026036, -117.01
2878, 47.95833, 0.227433, -159.311, 2.97561, 160.175, 4.70919, -19.0239, 0.000453593, 2.78648, 0.0219704, 58.8967, 0.0260222, -117.023
2878, 47.96667, 0.227451, -159.273, 2.97003, 160.183, 4.7005, -19.0315, 0.000452938, 2.59225, 0.0219632, 58.8867, 0.0260085, -117.035
2878, 47.97500, 0.227469, -159.235, 2.96446, 160.191, 4.69183, -19.0391, 0.000452287, 2.39799, 0.0219559, 58.8766, 0.0259948, -117.048
2879, 47.98333, 0.227486, -159.197, 2.95889, 160.199, 4.68317, -19.0467, 0.000451641, 2.20369, 0.0219487, 58.8666, 0.0259811, -117.061
2880, 47.99167, 0.227503, -159.159, 2.95333, 160.207, 4.67452, -19.0542, 0.000450999, 2.00932, 0.0219415, 58.8567, 0.0259675, -117.073
2880, 48.00000, 0.22752, -159.122, 2.94777, 160.215, 4.66589, -19.0617, 0.000450361, 1.81493, 0.0219343, 58.8467, 0.0259538, -117.086
2881, 48.00833, 0.227536, -159.084, 2.94222, 160.223, 4.65727, -19.0692, 0.000449728, 1.6205, 0.0219271, 58.8367, 0.0259403, -117.098
2881, 48.01667, 0.227552, -159.047, 2.93668, 160.231, 4.64867, -19.0766, 0.000449099, 1.42601, 0.0219199, 58.8268, 0.0259267, -117.111
2882, 48.02500, 0.227568, -159.009, 2.93114, 160.24, 4.64008, -19.084, 0.000448474, 1.23151, 0.0219128, 58.8169, 0.0259132, -117.124
2882, 48.03333, 0.227584, -158.972, 2.92561, 160.248, 4.63151, -19.0914, 0.000447853, 1.03697, 0.0219056, 58.807, 0.0258997, -117.136
2883, 48.04167, 0.227599, -158.934, 2.92009, 160.256, 4.62295, -19.0988, 0.000447237, 0.842387, 0.0218985, 58.7971, 0.0258862, -117.149
2883, 48.05000, 0.227614, -158.897, 2.91457, 160.265, 4.61441, -19.1061, 0.000446625, 0.647795, 0.0218914, 58.7872, 0.0258728, -117.161
2884, 48.05833, 0.227628, -158.86, 2.90906, 160.273, 4.60588, -19.1134, 0.000446017, 0.453179, 0.0218844, 58.7773, 0.0258594, -117.174
2884, 48.06667, 0.227642, -158.823, 2.90355, 160.282, 4.59736, -19.1206, 0.000445414, 0.258516, 0.0218773, 58.7675, 0.025846, -117.186
2885, 48.07500, 0.227656, -158.786, 2.89806, 160.291, 4.58886, -19.1278, 0.000444814, 0.0638568, 0.0218703, 58.7577, 0.0258327, -117.199
2885, 48.08333, 0.22767, -158.749, 2.89256, 160.299, 4.58037, -19.135, 0.000444219, -0.130821, 0.0218632, 58.7478, 0.0258194, -117.212
2886, 48.09167, 0.227683, -158.711, 2.88708, 160.308, 4.5719, -19.1422, 0.000443628, -0.325537, 0.0218562, 58.738, 0.0258061, -117.224
2886, 48.10000, 0.227696, -158.675, 2.8816, 160.317, 4.56344, -19.1493, 0.000443041, -0.520244, 0.0218492, 58.7283, 0.0257928, -117.237
2887, 48.10833, 0.227708, -158.638, 2.87613, 160.326, 4.555, -19.1564, 0.000442458, -0.714961, 0.0218423, 58.7185, 0.0257796, -117.249
2887, 48.11667, 0.22772, -158.601, 2.87066, 160.335, 4.54657, -19.1635, 0.000441879, -0.90971, 0.0218353, 58.7087, 0.0257664, -117.261
2888, 48.12500, 0.227732, -158.564, 2.8652, 160.344, 4.53815, -19.1706, 0.000441305, -1.10444, 0.0218284, 58.699, 0.0257533, -117.274
2888, 48.13333, 0.227743, -158.527, 2.85974, 160.353, 4.52975, -19.1776, 0.000440734, -1.29918, 0.0218215, 58.6893, 0.0257401, -117.286
2889, 48.14167, 0.227754, -158.49, 2.8543, 160.363, 4.52136, -19.1845, 0.000440168, -1.49393, 0.0218146, 58.6795, 0.025727, -117.299
2889, 48.15000, 0.227765, -158.454, 2.84885, 160.372, 4.51299, -19.1915, 0.000439605, -1.68867, 0.0218077, 58.6698, 0.0257139, -117.311
2890, 48.15833, 0.227775, -158.417, 2.84342, 160.381, 4.50463, -19.1984, 0.000439047, -1.8834, 0.0218008, 58.6602, 0.0257009, -117.324
2890, 48.16667, 0.227785, -158.38, 2.83799, 160.391, 4.49628, -19.2053, 0.000438493, -2.07815, 0.0217939, 58.6505, 0.0256878, -117.336
2891, 48.17500, 0.227795, -158.344, 2.83256, 160.4, 4.48795, -19.2122, 0.000437942, -2.27286, 0.0217871, 58.6408, 0.0256748, -117.348
2891, 48.18333, 0.227804, -158.307, 2.82715, 160.41, 4.47963, -19.219, 0.000437396, -2.46757, 0.0217803, 58.6312, 0.0256619, -117.361
2892, 48.19167, 0.227813, -158.27, 2.82173, 160.42, 4.47133, -19.2258, 0.000436853, -2.66228, 0.0217735, 58.6216, 0.0256489, -117.373
2892, 48.20000, 0.227822, -158.234, 2.81633, 160.429, 4.46304, -19.2325, 0.000436315, -2.85696, 0.0217667, 58.612, 0.025636, -117.386
2893, 48.20833, 0.22783, -158.197, 2.81093, 160.439, 4.45476, -19.2393, 0.00043578, -3.05162, 0.0217599, 58.6024, 0.0256232, -117.398
2893, 48.21667, 0.227838, -158.161, 2.80554, 160.449, 4.4465, -19.246, 0.00043525, -3.24628, 0.0217532, 58.5928, 0.0256103, -117.41
2894, 48.22500, 0.227846, -158.124, 2.80015, 160.459, 4.43825, -19.2527, 0.000434723, -3.44089, 0.0217464, 58.5832, 0.0255975, -117.423
2894, 48.23333, 0.227853, -158.088, 2.79477, 160.469, 4.43001, -19.2593, 0.0004342, -3.63548, 0.0217397, 58.5737, 0.0255847, -117.435
2895, 48.24167, 0.227859, -158.052, 2.78939, 160.479, 4.42179, -19.2659, 0.000433681, -3.83006, 0.021733, 58.5641, 0.0255719, -117.447
2895, 48.25000, 0.227866, -158.015, 2.78402, 160.489, 4.41358, -19.2725, 0.000433166, -4.02459, 0.0217263, 58.5546, 0.0255592, -117.459
2896, 48.25833, 0.227872, -157.979, 2.77866, 160.5, 4.40538, -19.2791, 0.000432655, -4.21909, 0.0217197, 58.5451, 0.0255464, -117.472
2896, 48.26667, 0.227878, -157.942, 2.7733, 160.51, 4.3972, -19.2856, 0.000432147, -4.41357, 0.021713, 58.5356, 0.0255338, -117.484
2897, 48.27500, 0.227883, -157.906, 2.76795, 160.521, 4.38903, -19.2921, 0.000431643, -4.60799, 0.0217064, 58.5261, 0.0255211, -117.496
2897, 48.28333, 0.227888, -157.87, 2.7626, 160.531, 4.38087, -19.2985, 0.000431144, -4.80238, 0.0216998, 58.5166, 0.0255085, -117.509
2898, 48.29167, 0.227893, -157.833, 2.75726, 160.542, 4.37273, -19.305, 0.000430647, -4.99674, 0.0216932, 58.5072, 0.0254958, -117.521
2898, 48.30000, 0.227897, -157.797, 2.75193, 160.552, 4.3646, -19.3114, 0.000430155, -5.19104, 0.0216866, 58.4978, 0.0254833, -117.533
2899, 48.30833, 0.227901, -157.761, 2.7466, 160.563, 4.35648, -19.3177, 0.000429667, -5.38529, 0.02168, 58.4883, 0.0254707, -117.545
2899, 48.31667, 0.227905, -157.724, 2.74128, 160.574, 4.34838, -19.3241, 0.000429182, -5.57951, 0.0216735, 58.4789, 0.0254582, -117.557
2900, 48.32500, 0.227908, -157.688, 2.73596, 160.585, 4.34029, -19.3304, 0.0004287, -5.77366, 0.0216669, 58.4695, 0.0254457, -117.57
2900, 48.33333, 0.227911, -157.652, 2.73065, 160.596, 4.33221, -19.3367, 0.000428223, -5.96775, 0.0216604, 58.4601, 0.0254332, -117.582
2901, 48.34167, 0.227913, -157.615, 2.72534, 160.607, 4.32415, -19.3429, 0.000427749, -6.16181, 0.0216539, 58.4508, 0.0254208, -117.594
2901, 48.35000, 0.227915, -157.579, 2.72004, 160.618, 4.31609, -19.3491, 0.000427279, -6.35579, 0.0216474, 58.4414, 0.0254084, -117.606
2902, 48.35833, 0.227917, -157.543, 2.71475, 160.629, 4.30806, -19.3553, 0.000426813, -6.5497, 0.021641, 58.4321, 0.025396, -117.618
2902, 48.36667, 0.227919, -157.507, 2.70946, 160.641, 4.30003, -19.3615, 0.00042635, -6.74358, 0.0216345, 58.4227, 0.0253836, -117.63
2903, 48.37500, 0.22792, -157.47, 2.70418, 160.652, 4.29202, -19.3676, 0.000425891, -6.93736, 0.0216281, 58.4134, 0.0253713, -117.643
2903, 48.38333, 0.22792, -157.434, 2.6989, 160.663, 4.28402, -19.3737, 0.000425435, -7.13108, 0.0216216, 58.4041, 0.0253589, -117.655
2904, 48.39167, 0.227921, -157.398, 2.69363, 160.675, 4.27603, -19.3797, 0.000424983, -7.32475, 0.0216152, 58.3948, 0.0253467, -117.667
2904, 48.40000, 0.227921, -157.361, 2.68837, 160.687, 4.26805, -19.3858, 0.000424535, -7.51832, 0.0216089, 58.3856, 0.0253344, -117.679
2905, 48.40833, 0.22792, -157.325, 2.68311, 160.698, 4.26009, -19.3918, 0.00042409, -7.71182, 0.0216025, 58.3763, 0.0253222, -117.691
2905, 48.41667, 0.22792, -157.288, 2.67785, 160.71, 4.25214, -19.3978, 0.000423648, -7.90526, 0.0215961, 58.3671, 0.02531, -117.703
2906, 48.42500, 0.227918, -157.252, 2.6726, 160.722, 4.24421, -19.4037, 0.00042321, -8.0986, 0.0215898, 58.3578, 0.0252978, -117.715
2906, 48.43333, 0.227917, -157.216, 2.66736, 160.734, 4.23628, -19.4096, 0.000422776, -8.29186, 0.0215835, 58.3486, 0.0252856, -117.727
2907, 48.44167, 0.227915, -157.179, 2.66212, 160.746, 4.22837, -19.4155, 0.000422345, -8.48505, 0.0215772, 58.3394, 0.0252735, -117.739
2907, 48.45000, 0.227913, -157.143, 2.65689, 160.758, 4.22047, -19.4213, 0.000421918, -8.67814, 0.0215709, 58.3302, 0.0252614, -117.751
2908, 48.45833, 0.227911, -157.106, 2.65167, 160.77, 4.21258, -19.4272, 0.000421494, -8.87113, 0.0215646, 58.321, 0.0252493, -117.763
2908, 48.46667, 0.227908, -157.07, 2.64644, 160.783, 4.20471, -19.433, 0.000421074, -9.06406, 0.0215583, 58.3119, 0.0252372, -117.775
2909, 48.47500, 0.227905, -157.033, 2.64123, 160.795, 4.19685, -19.4387, 0.000420657, -9.25687, 0.0215521, 58.3027, 0.0252252, -117.787
2909, 48.48333, 0.227901, -156.997, 2.63602, 160.808, 4.189, -19.4444, 0.000420243, -9.44958, 0.0215459, 58.2936, 0.0252132, -117.799
2910, 48.49167, 0.227897, -156.96, 2.63082, 160.82, 4.18116, -19.4501, 0.000419833, -9.64222, 0.0215397, 58.2844, 0.0252012, -117.811
2910, 48.50000, 0.227893, -156.924, 2.62562, 160.833, 4.17334, -19.4558, 0.000419426, -9.83473, 0.0215335, 58.2753, 0.0251893, -117.823
2911, 48.50833, 0.227888, -156.887, 2.62042, 160.846, 4.16552, -19.4614, 0.000419022, -10.0271, 0.0215273, 58.2662, 0.0251774, -117.835
2911, 48.51667, 0.227883, -156.85, 2.61524, 160.858, 4.15772, -19.467, 0.000418622, -10.2195, 0.0215211, 58.2571, 0.0251655, -117.847
2912, 48.52500, 0.227878, -156.814, 2.61005, 160.871, 4.14993, -19.4726, 0.000418225, -10.4117, 0.021515, 58.2481, 0.0251536, -117.859
2912, 48.53333, 0.227872, -156.777, 2.60488, 160.884, 4.14216, -19.4782, 0.000417832, -10.6038, 0.0215089, 58.239, 0.0251417, -117.871
2913, 48.54167, 0.227866, -156.74, 2.59971, 160.897, 4.13439, -19.4837, 0.000417442, -10.7957, 0.0215028, 58.23, 0.0251299, -117.883
2913, 48.55000, 0.22786, -156.703, 2.59454, 160.911, 4.12664, -19.4892, 0.000417055, -10.9876, 0.0214967, 58.2209, 0.0251181, -117.895
2914, 48.55833, 0.227853, -156.667, 2.58938, 160.924, 4.1189, -19.4946, 0.000416671, -11.1794, 0.0214906, 58.2119, 0.0251063, -117.907
2914, 48.56667, 0.227846, -156.63, 2.58422, 160.937, 4.11117, -19.5, 0.000416291, -11.371, 0.0214845, 58.2029, 0.0250946, -117.919
2915, 48.57500, 0.227839, -156.593, 2.57908, 160.951, 4.10345, -19.5054, 0.000415914, -11.5625, 0.0214785, 58.1939, 0.0250828, -117.931
2915, 48.58333, 0.227831, -156.556, 2.57393, 160.964, 4.09575, -19.5108, 0.00041554, -11.7539, 0.0214725, 58.1849, 0.0250711, -117.943
2916, 48.59167, 0.227823, -156.519, 2.56879, 160.978, 4.08806, -19.5161, 0.000415169, -11.9452, 0.0214664, 58.176, 0.0250594, -117.955
2916, 48.60000, 0.227815, -156.482, 2.56366, 160.992, 4.08038, -19.5214, 0.000414802, -12.1363, 0.0214604, 58.167, 0.0250478, -117.967
2917, 48.60833, 0.227806, -156.445, 2.55853, 161.005, 4.07271, -19.5267, 0.000414437, -12.3273, 0.0214545, 58.1581, 0.0250362, -117.978
2917, 48.61667, 0.227797, -156.408, 2.55341, 161.019, 4.06505, -19.5319, 0.000414076, -12.5182, 0.0214485, 58.1491, 0.0250245, -117.99
2918, 48.62500, 0.227788, -156.37, 2.54829, 161.033, 4.05741, -19.5371, 0.000413718, -12.7089, 0.0214425, 58.1402, 0.025013, -118.002
2918, 48.63333, 0.227778, -156.333, 2.54318, 161.047, 4.04977, -19.5423, 0.000413363, -12.8995, 0.0214366, 58.1313, 0.0250014, -118.014
2919, 48.64167, 0.227768, -156.296, 2.53807, 161.061, 4.04215, -19.5474, 0.000413012, -13.09, 0.0214307, 58.1224, 0.0249899, -118.026
2919, 48.65000, 0.227758, -156.258, 2.53297, 161.076, 4.03454, -19.5525, 0.000412663, -13.2803, 0.0214248, 58.1135, 0.0249784, -118.038
2920, 48.65833, 0.227747, -156.221, 2.52787, 161.09, 4.02694, -19.5576, 0.000412318, -13.4705, 0.0214189, 58.1046, 0.0249669, -118.049
2920, 48.66667, 0.227737, -156.184, 2.52278, 161.105, 4.01935, -19.5627, 0.000411975, -13.6605, 0.021413, 58.0958, 0.0249554, -118.061
2921, 48.67500, 0.227725, -156.146, 2.51769, 161.119, 4.01178, -19.5677, 0.000411636, -13.8504, 0.0214072, 58.0869, 0.024944, -118.073
2921, 48.68333, 0.227714, -156.108, 2.51261, 161.134, 4.00421, -19.5727, 0.000411299, -14.0402, 0.0214013, 58.0781, 0.0249325, -118.085
2922, 48.69167, 0.227702, -156.071, 2.50753, 161.149, 3.99666, -19.5776, 0.000410966, -14.2298, 0.0213955, 58.0693, 0.0249212, -118.097
2922, 48.70000, 0.22769, -156.033, 2.50246, 161.163, 3.98912, -19.5826, 0.000410635, -14.4192, 0.0213897, 58.0605, 0.0249098, -118.108
2923, 48.70833, 0.227677, -155.995, 2.4974, 161.178, 3.98159, -19.5875, 0.000410308, -14.6085, 0.0213839, 58.0517, 0.0248984, -118.12
2923, 48.71667, 0.227664, -155.957, 2.49233, 161.193, 3.97407, -19.5923, 0.000409984, -14.7976, 0.0213781, 58.0429, 0.0248871, -118.132
2924, 48.72500, 0.227651, -155.92, 2.48728, 161.209, 3.96656, -19.5971, 0.000409662, -14.9866, 0.0213723, 58.0341, 0.0248758, -118.144
2924, 48.73333, 0.227638, -155.882, 2.48223, 161.224, 3.95907, -19.6019, 0.000409344, -15.1754, 0.0213666, 58.0254, 0.0248645, -118.155
2925, 48.74167, 0.227624, -155.843, 2.47718, 161.239, 3.95158, -19.6067, 0.000409028, -15.364, 0.0213609, 58.0166, 0.0248533, -118.167
2925, 48.75000, 0.22761, -155.805, 2.47214, 161.255, 3.94411, -19.6115, 0.000408715, -15.5525, 0.0213551, 58.0079, 0.024842, -118.179
2926, 48.75833, 0.227596, -155.767, 2.46711, 161.27, 3.93665, -19.6162, 0.000408406, -15.7408, 0.0213494, 57.9991, 0.0248308, -118.191
2926, 48.76667, 0.227581, -155.729, 2.46208, 161.286, 3.92919, -19.6208, 0.000408099, -15.929, 0.0213438, 57.9904, 0.0248197, -118.202
2927, 48.77500, 0.227566, -155.69, 2.45705, 161.301, 3.92175, -19.6255, 0.000407795, -16.117, 0.0213381, 57.9817, 0.0248085, -118.214
2927, 48.78333, 0.227551, -155.652, 2.45203, 161.317, 3.91432, -19.6301, 0.000407494, -16.3048, 0.0213324, 57.973, 0.0247974, -118.226
2928, 48.79167, 0.227536, -155.614, 2.44702, 161.333, 3.90691, -19.6347, 0.000407195, -16.4924, 0.0213268, 57.9644, 0.0247862, -118.237
2928, 48.80000, 0.22752, -155.575, 2.44201, 161.349, 3.8995, -19.6392, 0.0004069, -16.6798, 0.0213212, 57.9557, 0.0247751, -118.249
2929, 48.80833, 0.227504, -155.536, 2.437, 161.365, 3.8921, -19.6437, 0.000406607, -16.8671, 0.0213156, 57.947, 0.0247641, -118.261
2929, 48.81667, 0.227488, -155.497, 2.432, 161.382, 3.88472, -19.6482, 0.000406317, -17.0542, 0.02131, 57.9384, 0.024753, -118.272
2930, 48.82500, 0.227471, -155.459, 2.42701, 161.398, 3.87734, -19.6527, 0.00040603, -17.2411, 0.0213044, 57.9298, 0.024742, -118.284
2930, 48.83333, 0.227454, -155.42, 2.42201, 161.414, 3.86998, -19.6571, 0.000405746, -17.4279, 0.0212988, 57.9211, 0.024731, -118.295
2931, 48.84167, 0.227437, -155.381, 2.41703, 161.431, 3.86263, -19.6615, 0.000405464, -17.6144, 0.0212933, 57.9125, 0.02472, -118.307
2931, 48.85000, 0.22742, -155.342, 2.41205, 161.448, 3.85529, -19.6659, 0.000405185, -17.8008, 0.0212877, 57.9039, 0.0247091, -118.319
2932, 48.85833, 0.227402, -155.302, 2.40707, 161.464, 3.84796, -19.6702, 0.000404909, -17.9869, 0.0212822, 57.8954, 0.0246981, -118.33
2932, 48.86667, 0.227384, -155.263, 2.4021, 161.481, 3.84064, -19.6745, 0.000404636, -18.1729, 0.0212767, 57.8868, 0.0246872, -118.342
2933, 48.87500, 0.227366, -155.224, 2.39714, 161.498, 3.83333, -19.6788, 0.000404365, -18.3587, 0.0212712, 57.8782, 0.0246763, -118.354
2933, 48.88333, 0.227348, -155.184, 2.39218, 161.515, 3.82603, -19.683, 0.000404097, -18.5443, 0.0212658, 57.8697, 0.0246654, -118.365
2934, 48.89167, 0.227329, -155.145, 2.38722, 161.533, 3.81874, -19.6872, 0.000403832, -18.7297, 0.0212603, 57.8611, 0.0246546, -118.377
2934, 48.90000, 0.22731, -155.105, 2.38227, 161.55, 3.81146, -19.6914, 0.000403569, -18.9149, 0.0212549, 57.8526, 0.0246438, -118.388
2935, 48.90833, 0.227291, -155.065, 2.37732, 161.567, 3.8042, -19.6955, 0.000403309, -19.0999, 0.0212495, 57.8441, 0.024633, -118.4
2935, 48.91667, 0.227271, -155.025, 2.37238, 161.585, 3.79694, -19.6996, 0.000403051, -19.2847, 0.021244, 57.8356, 0.0246222, -118.411
2936, 48.92500, 0.227252, -154.985, 2.36744, 161.602, 3.7897, -19.7037, 0.000402796, -19.4693, 0.0212387, 57.8271, 0.0246114, -118.423
2936, 48.93333, 0.227232, -154.945, 2.36251, 161.62, 3.78246, -19.7077, 0.000402544, -19.6537, 0.0212333, 57.8186, 0.0246007, -118.434
2937, 48.94167, 0.227212, -154.905, 2.35758, 161.638, 3.77524, -19.7117, 0.000402294, -19.8378, 0.0212279, 57.8101, 0.0245899, -118.446
2937, 48.95000, 0.227191, -154.865, 2.35266, 161.656, 3.76802, -19.7157, 0.000402047, -20.0218, 0.0212226, 57.8016, 0.0245793, -118.457
2938, 48.95833, 0.227171, -154.825, 2.34775, 161.674, 3.76082, -19.7197, 0.000401802, -20.2056, 0.0212172, 57.7932, 0.0245686, -118.469
2938, 48.96667, 0.22715, -154.784, 2.34283, 161.692, 3.75363, -19.7236, 0.00040156, -20.3891, 0.0212119, 57.7847, 0.0245579, -118.48
2939, 48.97500, 0.227129, -154.743, 2.33792, 161.71, 3.74644, -19.7275, 0.000401321, -20.5725, 0.0212066, 57.7763, 0.0245473, -118.492
2939, 48.98333, 0.227108, -154.703, 2.33302, 161.729, 3.73927, -19.7313, 0.000401083, -20.7556, 0.0212013, 57.7679, 0.0245367, -118.503
2940, 48.99167, 0.227087, -154.662, 2.32812, 161.747, 3.73211, -19.7351, 0.000400849, -20.9385, 0.021196, 57.7595, 0.0245261, -118.515
2940, 49.00000, 0.227065, -154.621, 2.32323, 161.766, 3.72496, -19.7389, 0.000400617, -21.1212, 0.0211908, 57.7511, 0.0245155, -118.526
2941, 49.00833, 0.227043, -154.58, 2.31834, 161.785, 3.71782, -19.7427, 0.000400387, -21.3037, 0.0211855, 57.7427, 0.024505, -118.538
2941, 49.01667, 0.227021, -154.539, 2.31346, 161.804, 3.71068, -19.7464, 0.00040016, -21.4859, 0.0211803, 57.7343, 0.0244944, -118.549
2942, 49.02500, 0.226999, -154.498, 2.30858, 161.823, 3.70356, -19.7501, 0.000399935, -21.668, 0.0211751, 57.7259, 0.0244839, -118.561
2942, 49.03333, 0.226976, -154.456, 2.3037, 161.842, 3.69645, -19.7537, 0.000399712, -21.8498, 0.0211699, 57.7176, 0.0244734, -118.572
2943, 49.04167, 0.226954, -154.415, 2.29883, 161.861, 3.68935, -19.7573, 0.000399492, -22.0313, 0.0211647, 57.7092, 0.024463, -118.583
2943, 49.05000, 0.226931, -154.373, 2.29396, 161.88, 3.68226, -19.7609, 0.000399274, -22.2127, 0.0211596, 57.7009, 0.0244525, -118.595
2944, 49.05833, 0.226908, -154.331, 2.2891, 161.9, 3.67518, -19.7645, 0.000399059, -22.3938, 0.0211544, 57.6926, 0.0244421, -118.606
2944, 49.06667, 0.226885, -154.29, 2.28425, 161.919, 3.66811, -19.768, 0.000398846, -22.5747, 0.0211493, 57.6842, 0.0244317, -118.618
2945, 49.07500, 0.226861, -154.248, 2.2794, 161.939, 3.66105, -19.7715, 0.000398635, -22.7554, 0.0211441, 57.6759, 0.0244213, -118.629
2945, 49.08333, 0.226838, -154.206, 2.27455, 161.959, 3.654, -19.775, 0.000398427, -22.9358, 0.021139, 57.6676, 0.024411, -118.64
2946, 49.09167, 0.226814, -154.163, 2.26971, 161.979, 3.64696, -19.7784, 0.000398221, -23.116, 0.0211339, 57.6593, 0.0244006, -118.652
2946, 49.10000, 0.22679, -154.121, 2.26487, 161.999, 3.63993, -19.7818, 0.000398017, -23.296, 0.0211289, 57.6511, 0.0243903, -118.663
2947, 49.10833, 0.226766, -154.079, 2.26003, 162.019, 3.63291, -19.7851, 0.000397816, -23.4757, 0.0211238, 57.6428, 0.02438, -118.675
2947, 49.11667, 0.226742, -154.036, 2.25521, 162.039, 3.6259, -19.7885, 0.000397617, -23.6552, 0.0211187, 57.6345, 0.0243697, -118.686
2948, 49.12500, 0.226718, -153.993, 2.25038, 162.06, 3.6189, -19.7918, 0.00039742, -23.8344, 0.0211137, 57.6263, 0.0243595, -118.697
2948, 49.13333, 0.226694, -153.95, 2.24556, 162.08, 3.61191, -19.795, 0.000397225, -24.0134, 0.0211087, 57.6181, 0.0243492, -118.709
2949, 49.14167, 0.226669, -153.907, 2.24075, 162.101, 3.60492, -19.7983, 0.000397033, -24.1922, 0.0211037, 57.6098, 0.024339, -118.72
2949, 49.15000, 0.226644, -153.864, 2.23594, 162.122, 3.59795, -19.8014, 0.000396843, -24.3707, 0.0210987, 57.6016, 0.0243288, -118.731
2950, 49.15833, 0.226619, -153.821, 2.23113, 162.143, 3.59099, -19.8046, 0.000396655, -24.549, 0.0210937, 57.5934, 0.0243186, -118.742
2950, 49.16667, 0.226594, -153.778, 2.22633, 162.164, 3.58404, -19.8077, 0.000396469, -24.727, 0.0210888, 57.5852, 0.0243085, -118.754
2951, 49.17500, 0.226569, -153.734, 2.22153, 162.185, 3.5771, -19.8108, 0.000396285, -24.9048, 0.0210838, 57.577, 0.0242983, -118.765
2951, 49.18333, 0.226544, -153.691, 2.21674, 162.207, 3.57016, -19.8139, 0.000396103, -25.0824, 0.0210789, 57.5688, 0.0242882, -118.776
2952, 49.19167, 0.226519, -153.647, 2.21195, 162.228, 3.56324, -19.8169, 0.000395924, -25.2597, 0.021074, 57.5607, 0.0242781, -118.788
2952, 49.20000, 0.226493, -153.603, 2.20717, 162.25, 3.55633, -19.8199, 0.000395747, -25.4367, 0.0210691, 57.5525, 0.024268, -118.799
2953, 49.20833, 0.226467, -153.559, 2.20239, 162.271, 3.54942, -19.8229, 0.000395572, -25.6135, 0.0210642, 57.5444, 0.024258, -118.81
2953, 49.21667, 0.226442, -153.515, 2.19761, 162.293, 3.54253, -19.8258, 0.000395398, -25.79, 0.0210593, 57.5362, 0.0242479, -118.821
2954, 49.22500, 0.226416, -153.47, 2.19284, 162.315, 3.53564, -19.8287, 0.000395228, -25.9663, 0.0210544, 57.5281, 0.0242379, -118.833
2954, 49.23333, 0.22639, -153.426, 2.18808, 162.337, 3.52877, -19.8315, 0.000395059, -26.1423, 0.0210496, 57.52, 0.0242279, -118.844
2955, 49.24167, 0.226364, -153.381, 2.18332, 162.359, 3.5219, -19.8344, 0.000394892, -26.3181, 0.0210448, 57.5118, 0.0242179, -118.855
2955, 49.25000, 0.226338, -153.336, 2.17856, 162.382, 3.51505, -19.8372, 0.000394727, -26.4936, 0.0210399, 57.5037, 0.024208, -118.866
2956, 49.25833, 0.226312, -153.292, 2.17381, 162.404, 3.5082, -19.8399, 0.000394564, -26.6688, 0.0210351, 57.4956, 0.024198, -118.878
2956, 49.26667, 0.226286, -153.246, 2.16906, 162.427, 3.50136, -19.8426, 0.000394403, -26.8438, 0.0210304, 57.4876, 0.0241881, -118.889
2957, 49.27500, 0.226259, -153.201, 2.16431, 162.45, 3.49453, -19.8453, 0.000394245, -27.0185, 0.0210256, 57.4795, 0.0241782, -118.9
2957, 49.28333, 0.226233, -153.156, 2.15957, 162.473, 3.48772, -19.848, 0.000394088, -27.193, 0.0210208, 57.4714, 0.0241683, -118.911
2958, 49.29167, 0.226206, -153.11, 2.15484, 162.496, 3.4809, -19.8506, 0.000393933, -27.3672, 0.0210161, 57.4634, 0.0241585, -118.922
2958, 49.30000, 0.22618, -153.065, 2.15011, 162.519, 3.4741, -19.8532, 0.00039378, -27.5411, 0.0210114, 57.4553, 0.0241486, -118.933
2959, 49.30833, 0.226153, -153.019, 2.14538, 162.542, 3.46731, -19.8558, 0.00039363, -27.7148, 0.0210066, 57.4473, 0.0241388, -118.945
2959, 49.31667, 0.226127, -152.973, 2.14066, 162.566, 3.46053, -19.8583, 0.000393481, -27.8882, 0.0210019, 57.4392, 0.024129, -118.956
2960, 49.32500, 0.2261, -152.927, 2.13594, 162.59, 3.45376, -19.8608, 0.000393334, -28.0613, 0.0209973, 57.4312, 0.0241192, -118.967
2960, 49.33333, 0.226073, -152.881, 2.13123, 162.613, 3.447, -19.8632, 0.000393189, -28.2342, 0.0209926, 57.4232, 0.0241094, -118.978
2961, 49.34167, 0.226046, -152.834, 2.12652, 162.637, 3.44024, -19.8656, 0.000393045, -28.4068, 0.0209879, 57.4152, 0.0240997, -118.989
2961, 49.35000, 0.22602, -152.788, 2.12182, 162.661, 3.4335, -19.868, 0.000392904, -28.5791, 0.0209833, 57.4072, 0.02409, -119
2962, 49.35833, 0.225993, -152.741, 2.11712, 162.685, 3.42676, -19.8703, 0.000392765, -28.7512, 0.0209787, 57.3992, 0.0240802, -119.011
2962, 49.36667, 0.225966, -152.694, 2.11242, 162.71, 3.42003, -19.8727, 0.000392627, -28.923, 0.020974, 57.3912, 0.0240706, -119.023
2963, 49.37500, 0.225939, -152.647, 2.10773, 162.734, 3.41332, -19.8749, 0.000392491, -29.0945, 0.0209694, 57.3832, 0.0240609, -119.034
2963, 49.38333, 0.225912, -152.6, 2.10304, 162.759, 3.40661, -19.8772, 0.000392358, -29.2657, 0.0209649, 57.3753, 0.0240512, -119.045
2964, 49.39167, 0.225885, -152.553, 2.09836, 162.784, 3.39991, -19.8794, 0.000392225, -29.4367, 0.0209603, 57.3673, 0.0240416, -119.056
2964, 49.40000, 0.225858, -152.505, 2.09368, 162.809, 3.39322, -19.8815, 0.000392095, -29.6073, 0.0209557, 57.3594, 0.024032, -119.067
2965, 49.40833, 0.225831, -152.458, 2.089, 162.834, 3.38654, -19.8837, 0.000391967, -29.7777, 0.0209512, 57.3514, 0.0240224, -119.078
2965, 49.41667, 0.225805, -152.41, 2.08433, 162.859, 3.37986, -19.8858, 0.00039184, -29.9479, 0.0209467, 57.3435, 0.0240128, -119.089
2966, 49.42500, 0.225778, -152.362, 2.07967, 162.884, 3.3732, -19.8878, 0.000391715, -30.1177, 0.0209421, 57.3356, 0.0240032, -119.1
2966, 49.43333, 0.225751, -152.314, 2.07501, 162.91, 3.36654, -19.8899, 0.000391592, -30.2873, 0.0209376, 57.3277, 0.0239937, -119.111
2967, 49.44167, 0.225724, -152.265, 2.07035, 162.936, 3.3599, -19.8919, 0.000391471, -30.4566, 0.0209332, 57.3198, 0.0239842, -119.122
2967, 49.45000, 0.225697, -152.217, 2.06569, 162.962, 3.35326, -19.8938, 0.000391351, -30.6256, 0.0209287, 57.3119, 0.0239746, -119.133
2968, 49.45833, 0.22567, -152.168, 2.06105, 162.988, 3.34663, -19.8957, 0.000391233, -30.7943, 0.0209242, 57.304, 0.0239652, -119.144
2968, 49.46667, 0.225644, -152.12, 2.0564, 163.014, 3.34001, -19.8976, 0.000391117, -30.9628, 0.0209198, 57.2961, 0.0239557, -119.155
2969, 49.47500, 0.225617, -152.071, 2.05176, 163.04, 3.3334, -19.8995, 0.000391002, -31.131, 0.0209153, 57.2882, 0.0239462, -119.166
2969, 49.48333, 0.22559, -152.022, 2.04712, 163.066, 3.3268, -19.9013, 0.000390889, -31.2988, 0.0209109, 57.2803, 0.0239368, -119.177
2970, 49.49167, 0.225564, -151.972, 2.04249, 163.093, 3.3202, -19.9031, 0.000390778, -31.4665, 0.0209065, 57.2725, 0.0239274, -119.188
2970, 49.50000, 0.225537, -151.923, 2.03786, 163.12, 3.31362, -19.9048, 0.000390669, -31.6338, 0.0209021, 57.2646, 0.023918, -119.199
2971, 49.50833, 0.22551, -151.873, 2.03324, 163.147, 3.30704, -19.9065, 0.000390561, -31.8008, 0.0208978, 57.2568, 0.0239086, -119.21
2971, 49.51667, 0.225484, -151.823, 2.02862, 163.174, 3.30048, -19.9082, 0.000390455, -31.9675, 0.0208934, 57.249, 0.0238992, -119.221
2972, 49.52500, 0.225458, -151.773, 2.024, 163.201, 3.29392, -19.9098, 0.00039035, -32.134, 0.0208891, 57.2411, 0.0238899, -119.232
2972, 49.53333, 0.225431, -151.723, 2.01939, 163.229, 3.28737, -19.9114, 0.000390247, -32.3002, 0.0208847, 57.2333, 0.0238806, -119.243
2973, 49.54167, 0.225405, -151.673, 2.01478, 163.256, 3.28082, -19.913, 0.000390146, -32.4661, 0.0208804, 57.2255, 0.0238713, -119.254
2973, 49.55000, 0.225379, -151.623, 2.01018, 163.284, 3.27429, -19.9145, 0.000390046, -32.6316, 0.0208761, 57.2177, 0.023862, -119.265
2974, 49.55833, 0.225353, -151.572, 2.00558, 163.312, 3.26777, -19.916, 0.000389947, -32.7969, 0.0208718, 57.2099, 0.0238527, -119.276
2974, 49.56667, 0.225327, -151.521, 2.00099, 163.34, 3.26125, -19.9175, 0.000389851, -32.962, 0.0208675, 57.2021, 0.0238434, -119.287
2975, 49.57500, 0.225301, -151.47, 1.99639, 163.368, 3.25474, -19.9189, 0.000389756, -33.1267, 0.0208633, 57.1943, 0.0238342, -119.298
2975, 49.58333, 0.225275, -151.419, 1.99181, 163.397, 3.24824, -19.9203, 0.000389662, -33.2911, 0.020859, 57.1866, 0.023825, -119.309
2976, 49.59167, 0.22525, -151.368, 1.98722, 163.425, 3.24175, -19.9216, 0.00038957, -33.4552, 0.0208548, 57.1788, 0.0238158, -119.32
2976, 49.60000, 0.225224, -151.316, 1.98265, 163.454, 3.23527, -19.9229, 0.000389479, -33.6191, 0.0208506, 57.171, 0.0238066, -119.331
2977, 49.60833, 0.225199, -151.264, 1.97807, 163.483, 3.2288, -19.9242, 0.00038939, -33.7826, 0.0208464, 57.1633, 0.0237974, -119.341
2977, 49.61667, 0.225174, -151.213, 1.9735, 163.512, 3.22233, -19.9254, 0.000389303, -33.9459, 0.0208422, 57.1555, 0.0237883, -119.352
2978, 49.62500, 0.225148, -151.161, 1.96893, 163.542, 3.21587, -19.9266, 0.000389217, -34.1088, 0.020838, 57.1478, 0.0237791, -119.363
2978, 49.63333, 0.225123, -151.108, 1.96437, 163.571, 3.20942, -19.9277, 0.000389132, -34.2715, 0.0208338, 57.1401, 0.02377, -119.374
2979, 49.64167, 0.225099, -151.056, 1.95981, 163.601, 3.20298, -19.9289, 0.000389049, -34.4339, 0.0208297, 57.1323, 0.0237609, -119.385
2979, 49.65000, 0.225074, -151.003, 1.95526, 163.631, 3.19655, -19.9299, 0.000388967, -34.596, 0.0208255, 57.1246, 0.0237519, -119.396
2980, 49.65833, 0.225049, -150.951, 1.95071, 163.661, 3.19013, -19.931, 0.000388887, -34.7577, 0.0208214, 57.1169, 0.0237428, -119.407
2980, 49.66667, 0.225025, -150.898, 1.94616, 163.691, 3.18371, -19.932, 0.000388808, -34.9192, 0.0208173, 57.1092, 0.0237337, -119.418
2981, 49.67500, 0.225001, -150.845, 1.94162, 163.721, 3.1773, -19.933, 0.000388731, -35.0804, 0.0208132, 57.1015, 0.0237247, -119.428
2981, 49.68333, 0.224977, -150.791, 1.93708, 163.752, 3.1709, -19.9339, 0.000388655, -35.2413, 0.0208091, 57.0938, 0.0237157, -119.439
2982, 49.69167, 0.224953, -150.738, 1.93255, 163.782, 3.16451, -19.9348, 0.00038858, -35.4019, 0.020805, 57.0861, 0.0237067, -119.45
2982, 49.70000, 0.224929, -150.684, 1.92802, 163.813, 3.15813, -19.9356, 0.000388507, -35.5622, 0.020801, 57.0784, 0.0236977, -119.461
2983, 49.70833, 0.224906, -150.63, 1.92349, 163.844, 3.15175, -19.9365, 0.000388435, -35.7222, 0.0207969, 57.0708, 0.0236888, -119.472
2983, 49.71667, 0.224882, -150.576, 1.91897, 163.876, 3.14539, -19.9372, 0.000388364, -35.8819, 0.0207929, 57.0631, 0.0236798, -119.482
2984, 49.72500, 0.224859, -150.522, 1.91445, 163.907, 3.13903, -19.938, 0.000388295, -36.0413, 0.0207889, 57.0555, 0.0236709, -119.493
2984, 49.73333, 0.224836, -150.468, 1.90994, 163.939, 3.13268, -19.9387, 0.000388227, -36.2004, 0.0207849, 57.0478, 0.023662, -119.504
2985, 49.74167, 0.224814, -150.413, 1.90543, 163.971, 3.12633, -19.9393, 0.000388161, -36.3592, 0.0207809, 57.0402, 0.0236531, -119.515
2985, 49.75000, 0.224791, -150.358, 1.90092, 164.003, 3.12, -19.94, 0.000388095, -36.5177, 0.0207769, 57.0325, 0.0236442, -119.525
2986, 49.75833, 0.224769, -150.304, 1.89642, 164.035, 3.11367, -19.9405, 0.000388031, -36.6759, 0.0207729, 57.0249, 0.0236354, -119.536
2986, 49.76667, 0.224747, -150.248, 1.89192, 164.067, 3.10735, -19.9411, 0.000387969, -36.8338, 0.020769, 57.0173, 0.0236265, -119.547
2987, 49.77500, 0.224725, -150.193, 1.88743, 164.1, 3.10104, -19.9416, 0.000387907, -36.9914, 0.0207651, 57.0097, 0.0236177, -119.558
2987, 49.78333, 0.224704, -150.138, 1.88294, 164.133, 3.09474, -19.9421, 0.000387847, -37.1487, 0.0207611, 57.002, 0.0236089, -119.568
2988, 49.79167, 0.224682, -150.082, 1.87846, 164.166, 3.08845, -19.9425, 0.000387788, -37.3057, 0.0207572, 56.9944, 0.0236001, -119.579
2988, 49.80000, 0.224661, -150.026, 1.87397, 164.199, 3.08216, -19.9429, 0.000387731, -37.4624, 0.0207533, 56.9868, 0.0235913, -119.59
2989, 49.80833, 0.22464, -149.97, 1.8695, 164.232, 3.07588, -19.9432, 0.000387675, -37.6188, 0.0207495, 56.9792, 0.0235826, -119.601
2989, 49.81667, 0.22462, -149.914, 1.86502, 164.266, 3.06961, -19.9435, 0.000387619, -37.7749, 0.0207456, 56.9717, 0.0235738, -119.611
2990, 49.82500, 0.2246, -149.857, 1.86055, 164.3, 3.06334, -19.9438, 0.000387566, -37.9307, 0.0207417, 56.9641, 0.0235651, -119.622
2990, 49.83333, 0.22458, -149.801, 1.85609, 164.334, 3.05709, -19.944, 0.000387513, -38.0862, 0.0207379, 56.9565, 0.0235564, -119.633
2991, 49.84167, 0.22456, -149.744, 1.85162, 164.368, 3.05084, -19.9442, 0.000387461, -38.2414, 0.0207341, 56.9489, 0.0235477, -119.643
2991, 49.85000, 0.224541, -149.687, 1.84717, 164.403, 3.0446, -19.9444, 0.000387411, -38.3963, 0.0207302, 56.9414, 0.023539, -119.654
2992, 49.85833, 0.224521, -149.63, 1.84271, 164.437, 3.03837, -19.9445, 0.000387362, -38.5508, 0.0207264, 56.9338, 0.0235304, -119.665
2992, 49.86667, 0.224502, -149.573, 1.83826, 164.472, 3.03214, -19.9446, 0.000387314, -38.7051, 0.0207226, 56.9263, 0.0235217, -119.675
2993, 49.87500, 0.224484, -149.515, 1.83381, 164.507, 3.02592, -19.9446, 0.000387267, -38.8591, 0.0207189, 56.9187, 0.0235131, -119.686
2993, 49.88333, 0.224466, -149.457, 1.82937, 164.542, 3.01972, -19.9446, 0.000387221, -39.0127, 0.0207151, 56.9112, 0.0235045, -119.697
2994, 49.89167, 0.224448, -149.4, 1.82493, 164.578, 3.01351, -19.9445, 0.000387177, -39.1661, 0.0207114, 56.9037, 0.0234959, -119.707
2994, 49.90000, 0.22443, -149.341, 1.8205, 164.614, 3.00732, -19.9444, 0.000387134, -39.3192, 0.0207076, 56.8961, 0.0234873, -119.718
2995, 49.90833, 0.224413, -149.283, 1.81607, 164.649, 3.00113, -19.9443, 0.000387091, -39.4719, 0.0207039, 56.8886, 0.0234787, -119.729
2995, 49.91667, 0.224396, -149.225, 1.81164, 164.686, 2.99495, -19.9441, 0.00038705, -39.6244, 0.0207002, 56.8811, 0.0234702, -119.739
2996, 49.92500, 0.224379, -149.166, 1.80722, 164.722, 2.98878, -19.9439, 0.00038701, -39.7765, 0.0206965, 56.8736, 0.0234617, -119.75
2996, 49.93333, 0.224363, -149.107, 1.8028, 164.759, 2.98262, -19.9437, 0.000386971, -39.9284, 0.0206928, 56.8661, 0.0234531, -119.76
2997, 49.94167, 0.224347, -149.048, 1.79839, 164.795, 2.97646, -19.9434, 0.000386933, -40.0799, 0.0206891, 56.8586, 0.0234446, -119.771
2997, 49.95000, 0.224331, -148.989, 1.79397, 164.832, 2.97031, -19.943, 0.000386896, -40.2311, 0.0206855, 56.8511, 0.0234362, -119.782
2998, 49.95833, 0.224316, -148.93, 1.78957, 164.87, 2.96417, -19.9427, 0.00038686, -40.3821, 0.0206818, 56.8436, 0.0234277, -119.792
2998, 49.96667, 0.224301, -148.87, 1.78516, 164.907, 2.95804, -19.9422, 0.000386826, -40.5327, 0.0206782, 56.8361, 0.0234192, -119.803
2999, 49.97500, 0.224287, -148.81, 1.78076, 164.945, 2.95191, -19.9418, 0.000386792, -40.683, 0.0206746, 56.8286, 0.0234108, -119.813
2999, 49.98333, 0.224273, -148.75, 1.77637, 164.983, 2.94579, -19.9413, 0.000386759, -40.833, 0.020671, 56.8212, 0.0234024, -119.824
3000, 49.99167, 0.224259, -148.69, 1.77198, 165.021, 2.93968, -19.9407, 0.000386728, -40.9828, 0.0206674, 56.8137, 0.023394, -119.834
3000, 50.00000, 0.224246, -148.63, 1.76759, 165.059, 2.93358, -19.9401, 0.000386697, -41.1322, 0.0206638, 56.8062, 0.0233856, -119.845
3001, 50.00833, 0.224233, -148.569, 1.76321, 165.098, 2.92748, -19.9395, 0.000386667, -41.2813, 0.0206602, 56.7988, 0.0233772, -119.856
3001, 50.01667, 0.22422, -148.508, 1.75883, 165.136, 2.92139, -19.9388, 0.000386639, -41.4301, 0.0206567, 56.7913, 0.0233689, -119.866
3002, 50.02500, 0.224208, -148.447, 1.75445, 165.176, 2.91531, -19.9381, 0.000386611, -41.5785, 0.0206531, 56.7839, 0.0233605, -119.877
3002, 50.03333, 0.224196, -148.386, 1.75008, 165.215, 2.90923, -19.9374, 0.000386584, -41.7267, 0.0206496, 56.7764, 0.0233522, -119.887
3003, 50.04167, 0.224185, -148.325, 1.74571, 165.254, 2.90316, -19.9366, 0.000386559, -41.8746, 0.0206461, 56.769, 0.0233439, -119.898
3003, 50.05000, 0.224174, -148.264, 1.74135, 165.294, 2.8971, -19.9357, 0.000386534, -42.0222, 0.0206426, 56.7616, 0.0233356, -119.908
3004, 50.05833, 0.224163, -148.202, 1.73699, 165.334, 2.89105, -19.9348, 0.00038651, -42.1695, 0.0206391, 56.7541, 0.0233273, -119.919
3004, 50.06667, 0.224153, -148.14, 1.73263, 165.375, 2.88501, -19.9339, 0.000386487, -42.3165, 0.0206356, 56.7467, 0.0233191, -119.929
3005, 50.07500, 0.224144, -148.078, 1.72828, 165.415, 2.87897, -19.9329, 0.000386465, -42.4631, 0.0206322, 56.7393, 0.0233108, -119.94
3005, 50.08333, 0.224135, -148.016, 1.72393, 165.456, 2.87294, -19.9319, 0.000386444, -42.6095, 0.0206287, 56.7319, 0.0233026, -119.95
3006, 50.09167, 0.224126, -147.953, 1.71958, 165.497, 2.86691, -19.9309, 0.000386424, -42.7555, 0.0206253, 56.7245, 0.0232944, -119.961
3006, 50.10000, 0.224118, -147.891, 1.71524, 165.538, 2.86089, -19.9298, 0.000386405, -42.9013, 0.0206219, 56.7171, 0.0232862, -119.971
3007, 50.10833, 0.22411, -147.828, 1.71091, 165.58, 2.85489, -19.9286, 0.000386386, -43.0467, 0.0206185, 56.7097, 0.023278, -119.981
3007, 50.11667, 0.224103, -147.765, 1.70657, 165.621, 2.84888, -19.9274, 0.000386369, -43.1919, 0.0206151, 56.7023, 0.0232698, -119.992
3008, 50.12500, 0.224096, -147.702, 1.70224, 165.663, 2.84289, -19.9262, 0.000386352, -43.3367, 0.0206117, 56.6949, 0.0232617, -120.002
3008, 50.13333, 0.224089, -147.638, 1.69792, 165.706, 2.8369, -19.9249, 0.000386337, -43.4813, 0.0206083, 56.6875, 0.0232535, -120.013
3009, 50.14167, 0.224083, -147.575, 1.6936, 165.748, 2.83092, -19.9236, 0.000386322, -43.6255, 0.0206049, 56.6801, 0.0232454, -120.023
3009, 50.15000, 0.224078, -147.511, 1.68928, 165.791, 2.82494, -19.9222, 0.000386308, -43.7694, 0.0206016, 56.6727, 0.0232373, -120.034
3010, 50.15833, 0.224073, -147.447, 1.68497, 165.834, 2.81898, -19.9208, 0.000386295, -43.9131, 0.0205983, 56.6654, 0.0232292, -120.044
3010, 50.16667, 0.224069, -147.383, 1.68066, 165.877, 2.81301, -19.9193, 0.000386282, -44.0564, 0.0205949, 56.658, 0.0232211, -120.054
3011, 50.17500, 0.224065, -147.319, 1.67635, 165.921, 2.80706, -19.9178, 0.000386271, -44.1994, 0.0205916, 56.6507, 0.0232131, -120.065
3011, 50.18333, 0.224062, -147.254, 1.67205, 165.965, 2.80112, -19.9163, 0.00038626, -44.3421, 0.0205883, 56.6433, 0.023205, -120.075
3012, 50.19167, 0.224059, -147.19, 1.66775, 166.009, 2.79518, -19.9147, 0.00038625, -44.4845, 0.020585, 56.6359, 0.023197, -120.086
3012, 50.20000, 0.224056, -147.125, 1.66345, 166.053, 2.78924, -19.9131, 0.000386241, -44.6267, 0.0205818, 56.6286, 0.023189, -120.096
3013, 50.20833, 0.224055, -147.06, 1.65916, 166.098, 2.78332, -19.9114, 0.000386233, -44.7685, 0.0205785, 56.6212, 0.0231809, -120.106
3013, 50.21667, 0.224053, -146.994, 1.65488, 166.143, 2.7774, -19.9096, 0.000386225, -44.91, 0.0205753, 56.6139, 0.023173, -120.117
3014, 50.22500, 0.224053, -146.929, 1.6506, 166.188, 2.77149, -19.9079, 0.000386219, -45.0512, 0.020572, 56.6066, 0.023165, -120.127
3014, 50.23333, 0.224053, -146.863, 1.64632, 166.234, 2.76558, -19.906, 0.000386213, -45.1921, 0.0205688, 56.5992, 0.023157, -120.137
3015, 50.24167, 0.224053, -146.798, 1.64204, 166.279, 2.75968, -19.9042, 0.000386207, -45.3327, 0.0205656, 56.5919, 0.0231491, -120.148
3015, 50.25000, 0.224054, -146.732, 1.63777, 166.326, 2.75379, -19.9023, 0.000386203, -45.473, 0.0205624, 56.5846, 0.0231412, -120.158
3016, 50.25833, 0.224056, -146.665, 1.6335, 166.372, 2.74791, -19.9003, 0.000386199, -45.613, 0.0205592, 56.5773, 0.0231332, -120.168
3016, 50.26667, 0.224058, -146.599, 1.62924, 166.419, 2.74203, -19.8983, 0.000386196, -45.7527, 0.020556, 56.5699, 0.0231253, -120.179
3017, 50.27500, 0.22406, -146.533, 1.62498, 166.465, 2.73616, -19.8962, 0.000386194, -45.8921, 0.0205529, 56.5626, 0.0231175, -120.189
3017, 50.28333, 0.224064, -146.466, 1.62073, 166.513, 2.7303, -19.8941, 0.000386192, -46.0312, 0.0205497, 56.5553, 0.0231096, -120.199
3018, 50.29167, 0.224068, -146.399, 1.61647, 166.56, 2.72444, -19.892, 0.000386192, -46.17, 0.0205466, 56.548, 0.0231017, -120.21
3018, 50.30000, 0.224072, -146.332, 1.61223, 166.608, 2.71859, -19.8898, 0.000386191, -46.3085, 0.0205435, 56.5407, 0.0230939, -120.22
3019, 50.30833, 0.224077, -146.265, 1.60798, 166.656, 2.71274, -19.8875, 0.000386192, -46.4467, 0.0205404, 56.5334, 0.0230861, -120.23
3019, 50.31667, 0.224083, -146.197, 1.60374, 166.705, 2.70691, -19.8853, 0.000386193, -46.5847, 0.0205373, 56.5261, 0.0230782, -120.24
3020, 50.32500, 0.224089, -146.13, 1.59951, 166.753, 2.70108, -19.8829, 0.000386195, -46.7223, 0.0205342, 56.5188, 0.0230705, -120.251
3020, 50.33333, 0.224096, -146.062, 1.59528, 166.802, 2.69525, -19.8805, 0.000386198, -46.8596, 0.0205311, 56.5116, 0.0230627, -120.261
3021, 50.34167, 0.224104, -145.994, 1.59105, 166.852, 2.68944, -19.8781, 0.000386201, -46.9966, 0.0205281, 56.5043, 0.0230549, -120.271
3021, 50.35000, 0.224112, -145.926, 1.58682, 166.901, 2.68363, -19.8756, 0.000386205, -47.1333, 0.020525, 56.497, 0.0230471, -120.281
3022, 50.35833, 0.224121, -145.857, 1.5826, 166.951, 2.67782, -19.8731, 0.00038621, -47.2697, 0.020522, 56.4897, 0.0230394, -120.292
3022, 50.36667, 0.22413, -145.789, 1.57839, 167.001, 2.67202, -19.8705, 0.000386215, -47.4058, 0.0205189, 56.4824, 0.0230317, -120.302
3023, 50.37500, 0.22414, -145.72, 1.57417, 167.052, 2.66623, -19.8679, 0.000386221, -47.5416, 0.0205159, 56.4752, 0.023024, -120.312
3023, 50.38333, 0.224151, -145.651, 1.56997, 167.103, 2.66045, -19.8652, 0.000386227, -47.6772, 0.0205129, 56.4679, 0.0230163, -120.322
3024, 50.39167, 0.224163, -145.582, 1.56576, 167.154, 2.65467, -19.8625, 0.000386234, -47.8124, 0.02051, 56.4607, 0.0230086, -120.333
3024, 50.40000, 0.224175, -145.513, 1.56156, 167.206, 2.6489, -19.8597, 0.000386242, -47.9473, 0.020507, 56.4534, 0.0230009, -120.343
3025, 50.40833, 0.224187, -145.443, 1.55737, 167.257, 2.64314, -19.8569, 0.00038625, -48.082, 0.020504, 56.4461, 0.0229933, -120.353
3025, 50.41667, 0.224201, -145.374, 1.55317, 167.31, 2.63738, -19.854, 0.000386259, -48.2163, 0.0205011, 56.4389, 0.0229856, -120.363
3026, 50.42500, 0.224215, -145.304, 1.54898, 167.362, 2.63163, -19.851, 0.000386269, -48.3503, 0.0204981, 56.4316, 0.022978, -120.373
3026, 50.43333, 0.22423, -145.234, 1.5448, 167.415, 2.62588, -19.8481, 0.000386279, -48.4841, 0.0204952, 56.4244, 0.0229704, -120.384
3027, 50.44167, 0.224246, -145.164, 1.54062, 167.468, 2.62014, -19.845, 0.00038629, -48.6176, 0.0204923, 56.4172, 0.0229628, -120.394
3027, 50.45000, 0.224262, -145.094, 1.53644, 167.522, 2.61441, -19.842, 0.000386301, -48.7507, 0.0204894, 56.4099, 0.0229552, -120.404
3028, 50.45833, 0.224279, -145.023, 1.53227, 167.575, 2.60868, -19.8388, 0.000386313, -48.8836, 0.0204865, 56.4027, 0.0229477, -120.414
3028, 50.46667, 0.224296, -144.953, 1.5281, 167.63, 2.60296, -19.8357, 0.000386325, -49.0162, 0.0204836, 56.3954, 0.0229401, -120.424
3029, 50.47500, 0.224315, -144.882, 1.52394, 167.684, 2.59725, -19.8324, 0.000386338, -49.1485, 0.0204808, 56.3882, 0.0229326, -120.434
3029, 50.48333, 0.224334, -144.811, 1.51978, 167.739, 2.59154, -19.8291, 0.000386352, -49.2804, 0.0204779, 56.381, 0.022925, -120.444
3030, 50.49167, 0.224354, -144.74, 1.51562, 167.794, 2.58584, -19.8258, 0.000386366, -49.4122, 0.0204751, 56.3738, 0.0229175, -120.455
3030, 50.50000, 0.224374, -144.669, 1.51147, 167.85, 2.58015, -19.8224, 0.00038638, -49.5436, 0.0204722, 56.3666, 0.02291, -120.465
3031, 50.50833, 0.224396, -144.597, 1.50732, 167.906, 2.57446, -19.819, 0.000386395, -49.6747, 0.0204694, 56.3593, 0.0229026, -120.475
3031, 50.51667, 0.224418, -144.526, 1.50317, 167.962, 2.56878, -19.8155, 0.000386411, -49.8055, 0.0204666, 56.3521, 0.0228951, -120.485
3032, 50.52500, 0.224441, -144.454, 1.49903, 168.019, 2.5631, -19.812, 0.000386427, -49.936, 0.0204638, 56.3449, 0.0228876, -120.495
3032, 50.53333, 0.224464, -144.382, 1.49489, 168.076, 2.55743, -19.8084, 0.000386444, -50.0663, 0.020461, 56.3377, 0.0228802, -120.505
3033, 50.54167, 0.224488, -144.31, 1.49076, 168.133, 2.55177, -19.8047, 0.000386461, -50.1962, 0.0204583, 56.3305, 0.0228728, -120.515
3033, 50.55000, 0.224514, -144.237, 1.48663, 168.191, 2.54612, -19.801, 0.000386479, -50.3259, 0.0204555, 56.3233, 0.0228654, -120.525
3034, 50.55833, 0.224539, -144.165, 1.48251, 168.249, 2.54047, -19.7973, 0.000386497, -50.4553, 0.0204528, 56.3161, 0.022858, -120.535
3034, 50.56667, 0.224566, -144.092, 1.47839, 168.307, 2.53482, -19.7935, 0.000386515, -50.5844, 0.02045, 56.3089, 0.0228506, -120.545
3035, 50.57500, 0.224594, -144.019, 1.47427, 168.366, 2.52918, -19.7896, 0.000386534, -50.7132, 0.0204473, 56.3017, 0.0228432, -120.556
3035, 50.58333, 0.224622, -143.947, 1.47016, 168.425, 2.52355, -19.7857, 0.000386554, -50.8417, 0.0204446, 56.2945, 0.0228358, -120.566
3036, 50.59167, 0.224651, -143.873, 1.46605, 168.485, 2.51792, -19.7817, 0.000386574, -50.9699, 0.0204419, 56.2873, 0.0228285, -120.576
3036, 50.60000, 0.224681, -143.8, 1.46195, 168.545, 2.51231, -19.7777, 0.000386594, -51.0979, 0.0204392, 56.2801, 0.0228212, -120.586
3037, 50.60833, 0.224711, -143.727, 1.45785, 168.605, 2.50669, -19.7736, 0.000386615, -51.2255, 0.0204366, 56.2729, 0.0228138, -120.596
3037, 50.61667, 0.224743, -143.653, 1.45375, 168.666, 2.50108, -19.7695, 0.000386637, -51.3529, 0.0204339, 56.2658, 0.0228065, -120.606
3038, 50.62500, 0.224775, -143.579, 1.44966, 168.727, 2.49548, -19.7653, 0.000386658, -51.48, 0.0204313, 56.2586, 0.0227993, -120.616
3038, 50.63333, 0.224808, -143.505, 1.44557, 168.789, 2.48989, -19.7611, 0.000386681, -51.6068, 0.0204286, 56.2514, 0.022792, -120.626
3039, 50.64167, 0.224842, -143.431, 1.44149, 168.851, 2.4843, -19.7568, 0.000386703, -51.7333, 0.020426, 56.2442, 0.0227847, -120.636
3039, 50.65000, 0.224877, -143.357, 1.43741, 168.913, 2.47872, -19.7524, 0.000386726, -51.8596, 0.0204234, 56.2371, 0.0227775, -120.646
3040, 50.65833, 0.224913, -143.283, 1.43333, 168.976, 2.47314, -19.748, 0.00038675, -51.9855, 0.0204208, 56.2299, 0.0227702, -120.656
3040, 50.66667, 0.224949, -143.208, 1.42926, 169.039, 2.46757, -19.7435, 0.000386774, -52.1112, 0.0204182, 56.2227, 0.022763, -120.666
3041, 50.67500, 0.224987, -143.134, 1.4252, 169.102, 2.462, -19.739, 0.000386798, -52.2366, 0.0204156, 56.2156, 0.0227558, -120.676
3041, 50.68333, 0.225025, -143.059, 1.42113, 169.166, 2.45644, -19.7344, 0.000386822, -52.3617, 0.020413, 56.2084, 0.0227486, -120.686
3042, 50.69167, 0.225064, -142.984, 1.41708, 169.231, 2.45089, -19.7298, 0.000386848, -52.4865, 0.0204105, 56.2012, 0.0227414, -120.696
3042, 50.70000, 0.225104, -142.909, 1.41302, 169.296, 2.44534, -19.7251, 0.000386873, -52.611, 0.020408, 56.1941, 0.0227343, -120.706
3043, 50.70833, 0.225145, -142.833, 1.40897, 169.361, 2.4398, -19.7204, 0.000386899, -52.7353, 0.0204054, 56.1869, 0.0227271, -120.716
3043, 50.71667, 0.225186, -142.758, 1.40493, 169.426, 2.43427, -19.7156, 0.000386925, -52.8593, 0.0204029, 56.1798, 0.02272, -120.725
3044, 50.72500, 0.225229, -142.682, 1.40088, 169.493, 2.42874, -19.7107, 0.000386951, -52.983, 0.0204004, 56.1726, 0.0227128, -120.735
3044, 50.73333, 0.225272, -142.607, 1.39685, 169.559, 2.42321, -19.7058, 0.000386978, -53.1064, 0.0203979, 56.1655, 0.0227057, -120.745
3045, 50.74167, 0.225317, -142.531, 1.39281, 169.626, 2.4177, -19.7008, 0.000387006, -53.2295, 0.0203954, 56.1583, 0.0226986, -120.755
3045, 50.75000, 0.225362, -142.455, 1.38879, 169.693, 2.41218, -19.6958, 0.000387033, -53.3524, 0.0203929, 56.1512, 0.0226915, -120.765
3046, 50.75833, 0.225408, -142.379, 1.38476, 169.761, 2.40668, -19.6907, 0.000387061, -53.475, 0.0203905, 56.144, 0.0226845, -120.775
3046, 50.76667, 0.225455, -142.302, 1.38074, 169.83, 2.40118, -19.6855, 0.00038709, -53.5973, 0.020388, 56.1369, 0.0226774, -120.785
3047, 50.77500, 0.225503, -142.226, 1.37673, 169.898, 2.39568, -19.6803, 0.000387118, -53.7194, 0.0203856, 56.1297, 0.0226704, -120.795
3047, 50.78333, 0.225552, -142.149, 1.37271, 169.968, 2.3902, -19.675, 0.000387147, -53.8411, 0.0203832, 56.1226, 0.0226633, -120.805
3048, 50.79167, 0.225602, -142.073, 1.36871, 170.037, 2.38471, -19.6697, 0.000387176, -53.9626, 0.0203808, 56.1155, 0.0226563, -120.815
3048, 50.80000, 0.225653, -141.996, 1.3647, 170.107, 2.37924, -19.6643, 0.000387206, -54.0838, 0.0203783, 56.1083, 0.0226493, -120.825
3049, 50.80833, 0.225705, -141.919, 1.36071, 170.178, 2.37376, -19.6588, 0.000387236, -54.2047, 0.020376, 56.1012, 0.0226423, -120.834
3049, 50.81667, 0.225757, -141.842, 1.35671, 170.249, 2.3683, -19.6533, 0.000387266, -54.3254, 0.0203736, 56.0941, 0.0226353, -120.844
3050, 50.82500, 0.225811, -141.765, 1.35272, 170.32, 2.36284, -19.6478, 0.000387297, -54.4458, 0.0203712, 56.0869, 0.0226284, -120.854
3050, 50.83333, 0.225866, -141.687, 1.34874, 170.392, 2.35739, -19.6421, 0.000387327, -54.5659, 0.0203689, 56.0798, 0.0226214, -120.864
3051, 50.84167, 0.225921, -141.61, 1.34476, 170.465, 2.35194, -19.6364, 0.000387359, -54.6858, 0.0203665, 56.0727, 0.0226145, -120.874
3051, 50.85000, 0.225978, -141.532, 1.34078, 170.538, 2.34649, -19.6307, 0.00038739, -54.8053, 0.0203642, 56.0656, 0.0226075, -120.884
3052, 50.85833, 0.226035, -141.454, 1.33681, 170.611, 2.34106, -19.6249, 0.000387422, -54.9246, 0.0203619, 56.0584, 0.0226006, -120.893
3052, 50.86667, 0.226094, -141.376, 1.33284, 170.685, 2.33563, -19.619, 0.000387454, -55.0437, 0.0203595, 56.0513, 0.0225937, -120.903
3053, 50.87500, 0.226153, -141.298, 1.32888, 170.76, 2.3302, -19.613, 0.000387486, -55.1624, 0.0203572, 56.0442, 0.0225868, -120.913
3053, 50.88333, 0.226213, -141.22, 1.32492, 170.835, 2.32478, -19.607, 0.000387518, -55.2809, 0.020355, 56.0371, 0.0225799, -120.923
3054, 50.89167, 0.226275, -141.142, 1.32097, 170.91, 2.31937, -19.6009, 0.000387551, -55.3992, 0.0203527, 56.0299, 0.0225731, -120.933
3054, 50.90000, 0.226337, -141.063, 1.31702, 170.986, 2.31396, -19.5948, 0.000387584, -55.5171, 0.0203504, 56.0228, 0.0225662, -120.943
3055, 50.90833, 0.226401, -140.985, 1.31307, 171.062, 2.30855, -19.5886, 0.000387617, -55.6348, 0.0203482, 56.0157, 0.0225594, -120.952
3055, 50.91667, 0.226465, -140.906, 1.30913, 171.139, 2.30316, -19.5824, 0.000387651, -55.7522, 0.0203459, 56.0086, 0.0225526, -120.962
3056, 50.92500, 0.22653, -140.828, 1.3052, 171.217, 2.29776, -19.576, 0.000387685, -55.8694, 0.0203437, 56.0015, 0.0225458, -120.972
3056, 50.93333, 0.226597, -140.749, 1.30127, 171.295, 2.29238, -19.5696, 0.000387719, -55.9863, 0.0203415, 55.9944, 0.022539, -120.982
3057, 50.94167, 0.226664, -140.67, 1.29734, 171.373, 2.287, -19.5632, 0.000387753, -56.1029, 0.0203393, 55.9873, 0.0225322, -120.991
3057, 50.95000, 0.226733, -140.59, 1.29342, 171.452, 2.28162, -19.5567, 0.000387787, -56.2192, 0.0203371, 55.9802, 0.0225254, -121.001
3058, 50.95833, 0.226802, -140.511, 1.2895, 171.532, 2.27625, -19.5501, 0.000387822, -56.3353, 0.0203349, 55.9731, 0.0225186, -121.011
3058, 50.96667, 0.226873, -140.432, 1.28559, 171.612, 2.27089, -19.5434, 0.000387857, -56.4512, 0.0203327, 55.966, 0.0225119, -121.021
3059, 50.97500, 0.226944, -140.352, 1.28168, 171.693, 2.26553, -19.5367, 0.000387892, -56.5667, 0.0203305, 55.9589, 0.0225052, -121.03
3059, 50.98333, 0.227017, -140.273, 1.27778, 171.774, 2.26017, -19.5299, 0.000387927, -56.682, 0.0203284, 55.9518, 0.0224984, -121.04
3060, 50.99167, 0.227091, -140.193, 1.27388, 171.856, 2.25482, -19.5231, 0.000387963, -56.7971, 0.0203262, 55.9447, 0.0224917, -121.05
3060, 51.00000, 0.227166, -140.113, 1.26999, 171.938, 2.24948, -19.5162, 0.000387998, -56.9119, 0.0203241, 55.9375, 0.022485, -121.06
3061, 51.00833, 0.227241, -140.033, 1.2661, 172.021, 2.24415, -19.5092, 0.000388034, -57.0264, 0.020322, 55.9305, 0.0224783, -121.069
3061, 51.01667, 0.227318, -139.953, 1.26222, 172.105, 2.23881, -19.5021, 0.00038807, -57.1406, 0.0203199, 55.9234, 0.0224717, -121.079
3062, 51.02500, 0.227396, -139.873, 1.25834, 172.189, 2.23349, -19.495, 0.000388107, -57.2546, 0.0203178, 55.9163, 0.022465, -121.089
3062, 51.03333, 0.227475, -139.793, 1.25447, 172.273, 2.22817, -19.4878, 0.000388143, -57.3684, 0.0203157, 55.9092, 0.0224584, -121.098
3063, 51.04167, 0.227555, -139.713, 1.2506, 172.358, 2.22285, -19.4806, 0.00038818, -57.4819, 0.0203136, 55.9021, 0.0224517, -121.108
3063, 51.05000, 0.227636, -139.632, 1.24674, 172.444, 2.21754, -19.4732, 0.000388216, -57.5951, 0.0203116, 55.895, 0.0224451, -121.118
3064, 51.05833, 0.227719, -139.552, 1.24288, 172.53, 2.21223, -19.4658, 0.000388253, -57.708, 0.0203095, 55.8879, 0.0224385, -121.127
3064, 51.06667, 0.227802, -139.471, 1.23902, 172.617, 2.20693, -19.4584, 0.000388291, -57.8207, 0.0203075, 55.8808, 0.0224319, -121.137
3065, 51.07500, 0.227886, -139.39, 1.23517, 172.705, 2.20164, -19.4508, 0.000388328, -57.9332, 0.0203055, 55.8737, 0.0224253, -121.147
3065, 51.08333, 0.227972, -139.31, 1.23133, 172.793, 2.19635, -19.4432, 0.000388365, -58.0454, 0.0203034, 55.8666, 0.0224188, -121.156
3066, 51.09167, 0.228059, -139.229, 1.22749, 172.882, 2.19107, -19.4356, 0.000388403, -58.1573, 0.0203014, 55.8595, 0.0224122, -121.166
3066, 51.10000, 0.228146, -139.148, 1.22366, 172.971, 2.18579, -19.4278, 0.000388441, -58.269, 0.0202994, 55.8524, 0.0224057, -121.176
3067, 51.10833, 0.228235, -139.067, 1.21983, 173.061, 2.18052, -19.42, 0.000388479, -58.3804, 0.0202975, 55.8453, 0.0223991, -121.185
3067, 51.11667, 0.228325, -138.985, 1.21601, 173.152, 2.17525, -19.4121, 0.000388517, -58.4916, 0.0202955, 55.8382, 0.0223926, -121.195
3068, 51.12500, 0.228416, -138.904, 1.21219, 173.243, 2.16998, -19.4041, 0.000388555, -58.6025, 0.0202935, 55.8312, 0.0223861, -121.205
3068, 51.13333, 0.228508, -138.823, 1.20838, 173.335, 2.16473, -19.3961, 0.000388593, -58.7132, 0.0202916, 55.8241, 0.0223796, -121.214
3069, 51.14167, 0.228602, -138.741, 1.20457, 173.428, 2.15947, -19.388, 0.000388632, -58.8236, 0.0202896, 55.817, 0.0223731, -121.224
3069, 51.15000, 0.228696, -138.66, 1.20077, 173.521, 2.15423, -19.3798, 0.00038867, -58.9338, 0.0202877, 55.8099, 0.0223666, -121.233
3070, 51.15833, 0.228792, -138.578, 1.19697, 173.615, 2.14898, -19.3716, 0.000388709, -59.0437, 0.0202858, 55.8028, 0.0223602, -121.243
3070, 51.16667, 0.228889, -138.496, 1.19318, 173.709, 2.14375, -19.3632, 0.000388748, -59.1534, 0.0202839, 55.7957, 0.0223537, -121.253
3071, 51.17500, 0.228987, -138.414, 1.18939, 173.804, 2.13852, -19.3548, 0.000388786, -59.2628, 0.020282, 55.7887, 0.0223473, -121.262
3071, 51.18333, 0.229086, -138.333, 1.18561, 173.9, 2.13329, -19.3464, 0.000388825, -59.3719, 0.0202801, 55.7816, 0.0223409, -121.272
3072, 51.19167, 0.229186, -138.251, 1.18183, 173.997, 2.12807, -19.3378, 0.000388864, -59.4809, 0.0202782, 55.7745, 0.0223345, -121.281
3072, 51.20000, 0.229287, -138.169, 1.17806, 174.094, 2.12285, -19.3292, 0.000388904, -59.5895, 0.0202764, 55.7674, 0.0223281, -121.291
3073, 51.20833, 0.22939, -138.087, 1.1743, 174.192, 2.11764, -19.3205, 0.000388943, -59.698, 0.0202745, 55.7603, 0.0223217, -121.3
3073, 51.21667, 0.229494, -138.004, 1.17054, 174.29, 2.11243, -19.3117, 0.000388982, -59.8061, 0.0202727, 55.7533, 0.0223153, -121.31
3074, 51.22500, 0.229599, -137.922, 1.16678, 174.39, 2.10723, -19.3029, 0.000389022, -59.9141, 0.0202708, 55.7462, 0.022309, -121.32
3074, 51.23333, 0.229705, -137.84, 1.16303, 174.489, 2.10204, -19.2939, 0.000389061, -60.0218, 0.020269, 55.7391, 0.0223026, -121.329
3075, 51.24167, 0.229812, -137.757, 1.15929, 174.59, 2.09685, -19.2849, 0.000389101, -60.1292, 0.0202672, 55.732, 0.0222963, -121.339
3075, 51.25000, 0.229921, -137.675, 1.15555, 174.691, 2.09166, -19.2758, 0.000389141, -60.2364, 0.0202654, 55.7249, 0.0222899, -121.348
3076, 51.25833, 0.23003, -137.592, 1.15182, 174.794, 2.08648, -19.2667, 0.000389181, -60.3433, 0.0202636, 55.7179, 0.0222836, -121.358
3076, 51.26667, 0.230141, -137.51, 1.1481, 174.896, 2.0813, -19.2574, 0.00038922, -60.4501, 0.0202619, 55.7108, 0.0222773, -121.367
3077, 51.27500, 0.230253, -137.427, 1.14438, 175, 2.07613, -19.2481, 0.00038926, -60.5565, 0.0202601, 55.7037, 0.0222711, -121.377
3077, 51.28333, 0.230366, -137.344, 1.14066, 175.104, 2.07097, -19.2387, 0.0003893, -60.6627, 0.0202583, 55.6966, 0.0222648, -121.386
3078, 51.29167, 0.230481, -137.262, 1.13695, 175.209, 2.06581, -19.2292, 0.00038934, -60.7687, 0.0202566, 55.6895, 0.0222585, -121.396
3078, 51.30000, 0.230597, -137.179, 1.13325, 175.315, 2.06065, -19.2197, 0.00038938, -60.8745, 0.0202549, 55.6825, 0.0222523, -121.405
3079, 51.30833, 0.230714, -137.096, 1.12955, 175.421, 2.0555, -19.21, 0.000389421, -60.98, 0.0202531, 55.6754, 0.022246, -121.415
3079, 51.31667, 0.230832, -137.013, 1.12586, 175.529, 2.05035, -19.2003, 0.000389461, -61.0852, 0.0202514, 55.6683, 0.0222398, -121.424
3080, 51.32500, 0.230951, -136.93, 1.12218, 175.637, 2.04521, -19.1905, 0.000389501, -61.1903, 0.0202497, 55.6612, 0.0222336, -121.434
3080, 51.33333, 0.231072, -136.847, 1.1185, 175.746, 2.04008, -19.1806, 0.000389541, -61.295, 0.020248, 55.6542, 0.0222274, -121.443
3081, 51.34167, 0.231194, -136.764, 1.11482, 175.855, 2.03494, -19.1706, 0.000389582, -61.3996, 0.0202464, 55.6471, 0.0222212, -121.453
3081, 51.35000, 0.231317, -136.68, 1.11116, 175.966, 2.02982, -19.1606, 0.000389622, -61.5039, 0.0202447, 55.64, 0.022215, -121.462
3082, 51.35833, 0.231441, -136.597, 1.1075, 176.077, 2.0247, -19.1504, 0.000389662, -61.608, 0.020243, 55.6329, 0.0222088, -121.471
3082, 51.36667, 0.231566, -136.514, 1.10384, 176.189, 2.01958, -19.1402, 0.000389703, -61.7118, 0.0202414, 55.6259, 0.0222027, -121.481
3083, 51.37500, 0.231693, -136.431, 1.10019, 176.302, 2.01447, -19.1299, 0.000389743, -61.8154, 0.0202398, 55.6188, 0.0221965, -121.49
3083, 51.38333, 0.231821, -136.347, 1.09655, 176.415, 2.00936, -19.1195, 0.000389784, -61.9188, 0.0202381, 55.6117, 0.0221904, -121.5
3084, 51.39167, 0.231951, -136.264, 1.09291, 176.53, 2.00426, -19.109, 0.000389824, -62.0219, 0.0202365, 55.6046, 0.0221843, -121.509
3084, 51.40000, 0.232081, -136.18, 1.08928, 176.645, 1.99916, -19.0985, 0.000389864, -62.1248, 0.0202349, 55.5976, 0.0221782, -121.519
3085, 51.40833, 0.232213, -136.097, 1.08566, 176.761, 1.99407, -19.0878, 0.000389905, -62.2275, 0.0202333, 55.5905, 0.0221721, -121.528
3085, 51.41667, 0.232346, -136.013, 1.08204, 176.878, 1.98898, -19.0771, 0.000389945, -62.3299, 0.0202317, 55.5834, 0.022166, -121.537
3086, 51.42500, 0.23248, -135.93, 1.07843, 176.996, 1.9839, -19.0663, 0.000389986, -62.4321, 0.0202302, 55.5763, 0.0221599, -121.547
3086, 51.43333, 0.232616, -135.846, 1.07483, 177.115, 1.97882, -19.0554, 0.000390026, -62.5341, 0.0202286, 55.5692, 0.0221539, -121.556
3087, 51.44167, 0.232753, -135.763, 1.07123, 177.234, 1.97375, -19.0444, 0.000390067, -62.6359, 0.0202271, 55.5622, 0.0221478, -121.566
3087, 51.45000, 0.232891, -135.679, 1.06764, 177.354, 1.96868, -19.0333, 0.000390107, -62.7374, 0.0202255, 55.5551, 0.0221418, -121.575
3088, 51.45833, 0.23303, -135.595, 1.06406, 177.476, 1.96362, -19.0221, 0.000390148, -62.8386, 0.020224, 55.548, 0.0221358, -121.584
3088, 51.46667, 0.233171, -135.512, 1.06048, 177.598, 1.95856, -19.0108, 0.000390188, -62.9397, 0.0202225, 55.5409, 0.0221297, -121.594
3089, 51.47500, 0.233313, -135.428, 1.05691, 177.721, 1.9535, -18.9995, 0.000390229, -63.0405, 0.020221, 55.5339, 0.0221237, -121.603
3089, 51.48333, 0.233457, -135.344, 1.05334, 177.845, 1.94845, -18.988, 0.000390269, -63.1411, 0.0202195, 55.5268, 0.0221178, -121.612
3090, 51.49167, 0.233601, -135.26, 1.04979, 177.97, 1.94341, -18.9765, 0.00039031, -63.2415, 0.020218, 55.5197, 0.0221118, -121.622
3090, 51.50000, 0.233747, -135.176, 1.04624, 178.096, 1.93837, -18.9649, 0.00039035, -63.3416, 0.0202165, 55.5126, 0.0221058, -121.631
3091, 51.50833, 0.233894, -135.093, 1.04269, 178.222, 1.93333, -18.9531, 0.00039039, -63.4415, 0.0202151, 55.5055, 0.0220999, -121.64
3091, 51.51667, 0.234043, -135.009, 1.03916, 178.35, 1.9283, -18.9413, 0.000390431, -63.5412, 0.0202136, 55.4985, 0.0220939, -121.65
3092, 51.52500, 0.234193, -134.925, 1.03563, 178.478, 1.92328, -18.9294, 0.000390471, -63.6407, 0.0202122, 55.4914, 0.022088, -121.659
3092, 51.53333, 0.234344, -134.841, 1.03211, 178.608, 1.91826, -18.9174, 0.000390511, -63.74, 0.0202107, 55.4843, 0.0220821, -121.668
3093, 51.54167, 0.234497, -134.757, 1.02859, 178.738, 1.91324, -18.9053, 0.000390552, -63.839, 0.0202093, 55.4772, 0.0220762, -121.678
3093, 51.55000, 0.23465, -134.673, 1.02508, 178.87, 1.90823, -18.8931, 0.000390592, -63.9378, 0.0202079, 55.4701, 0.0220703, -121.687
3094, 51.55833, 0.234805, -134.589, 1.02158, 179.002, 1.90322, -18.8808, 0.000390632, -64.0363, 0.0202065, 55.4631, 0.0220644, -121.696
3094, 51.56667, 0.234962, -134.505, 1.01809, 179.136, 1.89822, -18.8684, 0.000390672, -64.1347, 0.0202051, 55.456, 0.0220585, -121.706
3095, 51.57500, 0.23512, -134.421, 1.0146, 179.27, 1.89322, -18.856, 0.000390712, -64.2328, 0.0202037, 55.4489, 0.0220526, -121.715
3095, 51.58333, 0.235279, -134.337, 1.01113, 179.406, 1.88822, -18.8434, 0.000390752, -64.3307, 0.0202024, 55.4418, 0.0220468, -121.724
3096, 51.59167, 0.235439, -134.253, 1.00766, 179.542, 1.88323, -18.8307, 0.000390792, -64.4284, 0.020201, 55.4347, 0.0220409, -121.734
3096, 51.60000, 0.235601, -134.169, 1.00419, 179.679, 1.87825, -18.8179, 0.000390832, -64.5259, 0.0201996, 55.4276, 0.0220351, -121.743
3097, 51.60833, 0.235764, -134.085, 1.00074, 179.818, 1.87327, -18.8051, 0.000390872, -64.6232, 0.0201983, 55.4206, 0.0220293, -121.752
3097, 51.61667, 0.235929, -134.001, 0.99729, 179.957, 1.86829, -18.7921, 0.000390911, -64.7202, 0.020197, 55.4135, 0.0220235, -121.761
3098, 51.62500, 0.236095, -133.917, 0.99385, -179.902, 1.86332, -18.779, 0.000390951, -64.817, 0.0201957, 55.4064, 0.0220177, -121.771
3098, 51.63333, 0.236262, -133.833, 0.990419, -179.761, 1.85836, -18.7658, 0.000390991, -64.9136, 0.0201944, 55.3993, 0.0220119, -121.78
3099, 51.64167, 0.23643, -133.749, 0.986994, -179.618, 1.85339, -18.7525, 0.00039103, -65.01, 0.0201931, 55.3922, 0.0220062, -121.789
3099, 51.65000, 0.2366, -133.665, 0.983578, -179.475, 1.84844, -18.7392, 0.00039107, -65.1062, 0.0201918, 55.3851, 0.0220004, -121.798
3100, 51.65833, 0.236772, -133.581, 0.980171, -179.33, 1.84348, -18.7257, 0.000391109, -65.2021, 0.0201905, 55.378, 0.0219946, -121.808
3100, 51.66667, 0.236944, -133.497, 0.97677, -179.184, 1.83853, -18.7121, 0.000391148, -65.2978, 0.0201892, 55.3709, 0.0219889, -121.817
3101, 51.67500, 0.237118, -133.413, 0.973379, -179.037, 1.83359, -18.6984, 0.000391187, -65.3934, 0.020188, 55.3638, 0.0219832, -121.826
3101, 51.68333, 0.237294, -133.329, 0.969996, -178.889, 1.82865, -18.6846, 0.000391227, -65.4887, 0.0201867, 55.3568, 0.0219775, -121.835
3102, 51.69167, 0.23747, -133.245, 0.96662, -178.74, 1.82372, -18.6707, 0.000391266, -65.5838, 0.0201855, 55.3497, 0.0219718, -121.844
3102, 51.70000, 0.237648, -133.161, 0.963254, -178.59, 1.81878, -18.6567, 0.000391305, -65.6786, 0.0201843, 55.3426, 0.0219661, -121.854
3103, 51.70833, 0.237828, -133.078, 0.959896, -178.438, 1.81386, -18.6426, 0.000391343, -65.7733, 0.0201831, 55.3355, 0.0219604, -121.863
3103, 51.71667, 0.238009, -132.994, 0.956546, -178.286, 1.80894, -18.6284, 0.000391382, -65.8678, 0.0201819, 55.3284, 0.0219547, -121.872
3104, 51.72500, 0.238191, -132.91, 0.953205, -178.132, 1.80402, -18.614, 0.000391421, -65.962, 0.0201807, 55.3213, 0.0219491, -121.881
3104, 51.73333, 0.238375, -132.826, 0.949873, -177.977, 1.79911, -18.5996, 0.000391459, -66.0561, 0.0201795, 55.3142, 0.0219434, -121.89
3105, 51.74167, 0.23856, -132.742, 0.946549, -177.822, 1.7942, -18.585, 0.000391498, -66.1499, 0.0201783, 55.3071, 0.0219378, -121.9
3105, 51.75000, 0.238746, -132.658, 0.943234, -177.664, 1.78929, -18.5704, 0.000391536, -66.2435, 0.0201772, 55.3, 0.0219322, -121.909
3106, 51.75833, 0.238934, -132.574, 0.939929, -177.506, 1.78439, -18.5556, 0.000391574, -66.3369, 0.020176, 55.2929, 0.0219266, -121.918
3106, 51.76667, 0.239123, -132.491, 0.936632, -177.347, 1.7795, -18.5407, 0.000391612, -66.4301, 0.0201749, 55.2858, 0.021921, -121.927
3107, 51.77500, 0.239314, -132.407, 0.933344, -177.186, 1.7746, -18.5257, 0.00039165, -66.5231, 0.0201737, 55.2787, 0.0219154, -121.936
3107, 51.78333, 0.239506, -132.323, 0.930066, -177.024, 1.76972, -18.5106, 0.000391688, -66.6159, 0.0201726, 55.2716, 0.0219098, -121.945
3108, 51.79167, 0.239699, -132.24, 0.926797, -176.861, 1.76483, -18.4954, 0.000391726, -66.7085, 0.0201715, 55.2645, 0.0219042, -121.954
3108, 51.80000, 0.239894, -132.156, 0.923537, -176.696, 1.75996, -18.48, 0.000391764, -66.8009, 0.0201704, 55.2574, 0.0218987, -121.964
3109, 51.80833, 0.24009, -132.072, 0.920287, -176.531, 1.75508, -18.4646, 0.000391801, -66.893, 0.0201693, 55.2503, 0.0218931, -121.973
3109, 51.81667, 0.240288, -131.989, 0.917046, -176.364, 1.75021, -18.449, 0.000391839, -66.985, 0.0201682, 55.2432, 0.0218876, -121.982
3110, 51.82500, 0.240487, -131.905, 0.913814, -176.196, 1.74535, -18.4333, 0.000391876, -67.0768, 0.0201672, 55.2361, 0.0218821, -121.991
3110, 51.83333, 0.240688, -131.822, 0.910593, -176.026, 1.74049, -18.4175, 0.000391913, -67.1683, 0.0201661, 55.2289, 0.0218766, -122
3111, 51.84167, 0.24089, -131.738, 0.907381, -175.856, 1.73563, -18.4016, 0.00039195, -67.2597, 0.0201651, 55.2218, 0.0218711, -122.009
3111, 51.85000, 0.241093, -131.655, 0.904179, -175.684, 1.73078, -18.3856, 0.000391987, -67.3509, 0.020164, 55.2147, 0.0218656, -122.018
3112, 51.85833, 0.241298, -131.571, 0.900988, -175.51, 1.72593, -18.3694, 0.000392024, -67.4418, 0.020163, 55.2076, 0.0218601, -122.027
3112, 51.86667, 0.241504, -131.488, 0.897806, -175.336, 1.72108, -18.3531, 0.00039206, -67.5326, 0.020162, 55.2005, 0.0218546, -122.036
3113, 51.87500, 0.241711, -131.405, 0.894634, -175.16, 1.71624, -18.3367, 0.000392097, -67.6231, 0.020161, 55.1934, 0.0218492, -122.046
3113, 51.88333, 0.24192, -131.321, 0.891473, -174.983, 1.71141, -18.3202, 0.000392133, -67.7135, 0.02016, 55.1863, 0.0218437, -122.055
3114, 51.89167, 0.242131, -131.238, 0.888322, -174.804, 1.70657, -18.3035, 0.000392169, -67.8036, 0.020159, 55.1791, 0.0218383, -122.064
3114, 51.90000, 0.242343, -131.155, 0.885181, -174.624, 1.70175, -18.2868, 0.000392205, -67.8936, 0.020158, 55.172, 0.0218329, -122.073
3115, 51.90833, 0.242556, -131.072, 0.882051, -174.443, 1.69692, -18.2699, 0.000392241, -67.9833, 0.020157, 55.1649, 0.0218275, -122.082
3115, 51.91667, 0.242771, -130.989, 0.878932, -174.26, 1.6921, -18.2528, 0.000392277, -68.0729, 0.0201561, 55.1578, 0.0218221, -122.091
3116, 51.92500, 0.242987, -130.906, 0.875823, -174.076, 1.68729, -18.2357, 0.000392312, -68.1622, 0.0201551, 55.1507, 0.0218167, -122.1
3116, 51.93333, 0.243205, -130.823, 0.872726, -173.891, 1.68248, -18.2184, 0.000392348, -68.2514, 0.0201542, 55.1435, 0.0218113, -122.109
3117, 51.94167, 0.243424, -130.74, 0.869639, -173.704, 1.67767, -18.201, 0.000392383, -68.3404, 0.0201533, 55.1364, 0.0218059, -122.118
3117, 51.95000, 0.243645, -130.657, 0.866563, -173.516, 1.67287, -18.1834, 0.000392418, -68.4291, 0.0201523, 55.1293, 0.0218006, -122.127
3118, 51.95833, 0.243867, -130.575, 0.863499, -173.326, 1.66807, -18.1658, 0.000392453, -68.5177, 0.0201514, 55.1222, 0.0217952, -122.136
3118, 51.96667, 0.24409, -130.492, 0.860445, -173.135, 1.66328, -18.148, 0.000392488, -68.6061, 0.0201505, 55.115, 0.0217899, -122.145
3119, 51.97500, 0.244315, -130.409, 0.857403, -172.943, 1.65849, -18.13, 0.000392522, -68.6943, 0.0201497, 55.1079, 0.0217846, -122.154
3119, 51.98333, 0.244541, -130.327, 0.854373, -172.749, 1.6537, -18.112, 0.000392557, -68.7823, 0.0201488, 55.1008, 0.0217793, -122.163
3120, 51.99167, 0.244769, -130.244, 0.851354, -172.553, 1.64892, -18.0938, 0.000392591, -68.8701, 0.0201479, 55.0936, 0.021774, -122.172
3120, 52.00000, 0.244999, -130.162, 0.848347, -172.356, 1.64414, -18.0754, 0.000392625, -68.9577, 0.0201471, 55.0865, 0.0217687, -122.181
3121, 52.00833, 0.245229, -130.079, 0.845352, -172.158, 1.63937, -18.057, 0.000392659, -69.0451, 0.0201462, 55.0793, 0.0217634, -122.19
3121, 52.01667, 0.245462, -129.997, 0.842369, -171.958, 1.6346, -18.0384, 0.000392693, -69.1323, 0.0201454, 55.0722, 0.0217581, -122.199
3122, 52.02500, 0.245695, -129.915, 0.839398, -171.756, 1.62983, -18.0196, 0.000392726, -69.2194, 0.0201446, 55.0651, 0.0217529, -122.208
3122, 52.03333, 0.24593, -129.832, 0.836439, -171.554, 1.62507, -18.0007, 0.000392759, -69.3062, 0.0201437, 55.0579, 0.0217476, -122.217
3123, 52.04167, 0.246167, -129.75, 0.833493, -171.349, 1.62031, -17.9817, 0.000392793, -69.3929, 0.0201429, 55.0508, 0.0217424, -122.226
3123, 52.05000, 0.246405, -129.668, 0.830559, -171.143, 1.61556, -17.9625, 0.000392826, -69.4793, 0.0201421, 55.0436, 0.0217371, -122.235
3124, 52.05833, 0.246645, -129.586, 0.827637, -170.936, 1.61081, -17.9432, 0.000392858, -69.5656, 0.0201414, 55.0365, 0.0217319, -122.244
3124, 52.06667, 0.246886, -129.505, 0.824728, -170.727, 1.60606, -17.9238, 0.000392891, -69.6517, 0.0201406, 55.0293, 0.0217267, -122.253
3125, 52.07500, 0.247128, -129.423, 0.821832, -170.516, 1.60132, -17.9042, 0.000392923, -69.7376, 0.0201398, 55.0222, 0.0217215, -122.262
3125, 52.08333, 0.247372, -129.341, 0.818949, -170.304, 1.59658, -17.8844, 0.000392956, -69.8233, 0.0201391, 55.015, 0.0217164, -122.271
3126, 52.09167, 0.247618, -129.259, 0.816079, -170.09, 1.59185, -17.8645, 0.000392988, -69.9088, 0.0201383, 55.0079, 0.0217112, -122.28
3126, 52.10000, 0.247865, -129.178, 0.813222, -169.875, 1.58712, -17.8445, 0.000393019, -69.9942, 0.0201376, 55.0007, 0.021706, -122.289
3127, 52.10833, 0.248113, -129.096, 0.810379, -169.658, 1.5824, -17.8243, 0.000393051, -70.0793, 0.0201368, 54.9936, 0.0217009, -122.298
3127, 52.11667, 0.248363, -129.015, 0.807549, -169.439, 1.57767, -17.804, 0.000393082, -70.1643, 0.0201361, 54.9864, 0.0216957, -122.307
3128, 52.12500, 0.248614, -128.934, 0.804732, -169.219, 1.57296, -17.7835, 0.000393114, -70.2491, 0.0201354, 54.9792, 0.0216906, -122.316
3128, 52.13333, 0.248867, -128.853, 0.80193, -168.997, 1.56824, -17.7629, 0.000393145, -70.3337, 0.0201347, 54.9721, 0.0216855, -122.325
3129, 52.14167, 0.249122, -128.771, 0.799141, -168.773, 1.56353, -17.7421, 0.000393175, -70.4181, 0.020134, 54.9649, 0.0216804, -122.333
3129, 52.15000, 0.249378, -128.69, 0.796366, -168.548, 1.55883, -17.7211, 0.000393206, -70.5024, 0.0201334, 54.9578, 0.0216753, -122.342
3130, 52.15833, 0.249635, -128.609, 0.793605, -168.321, 1.55413, -17.7, 0.000393236, -70.5864, 0.0201327, 54.9506, 0.0216702, -122.351
3130, 52.16667, 0.249894, -128.529, 0.790859, -168.093, 1.54943, -17.6788, 0.000393266, -70.6703, 0.0201321, 54.9434, 0.0216651, -122.36
3131, 52.17500, 0.250154, -128.448, 0.788127, -167.863, 1.54473, -17.6574, 0.000393296, -70.754, 0.0201314, 54.9362, 0.02166, -122.369
3131, 52.18333, 0.250416, -128.367, 0.785409, -167.631, 1.54004, -17.6358, 0.000393326, -70.8375, 0.0201308, 54.9291, 0.021655, -122.378
3132, 52.19167, 0.250679, -128.287, 0.782706, -167.397, 1.53536, -17.6141, 0.000393356, -70.9208, 0.0201301, 54.9219, 0.0216499, -122.387
3132, 52.20000, 0.250944, -128.206, 0.780019, -167.162, 1.53067, -17.5922, 0.000393385, -71.004, 0.0201295, 54.9147, 0.0216449, -122.396
3133, 52.20833, 0.251211, -128.126, 0.777346, -166.925, 1.526, -17.5701, 0.000393414, -71.087, 0.0201289, 54.9075, 0.0216399, -122.405
3133, 52.21667, 0.251478, -128.046, 0.774688, -166.687, 1.52132, -17.5479, 0.000393443, -71.1698, 0.0201283, 54.9004, 0.0216349, -122.413
3134, 52.22500, 0.251748, -127.965, 0.772045, -166.446, 1.51665, -17.5255, 0.000393471, -71.2524, 0.0201277, 54.8932, 0.0216299, -122.422
3134, 52.23333, 0.252019, -127.885, 0.769419, -166.204, 1.51198, -17.503, 0.0003935, -71.3348, 0.0201272, 54.886, 0.0216249, -122.431
3135, 52.24167, 0.252291, -127.805, 0.766807, -165.96, 1.50732, -17.4803, 0.000393528, -71.4171, 0.0201266, 54.8788, 0.0216199, -122.44
3135, 52.25000, 0.252565, -127.726, 0.764212, -165.714, 1.50266, -17.4574, 0.000393556, -71.4991, 0.020126, 54.8716, 0.0216149, -122.449
3136, 52.25833, 0.25284, -127.646, 0.761632, -165.467, 1.498, -17.4343, 0.000393584, -71.5811, 0.0201255, 54.8644, 0.02161, -122.458
3136, 52.26667, 0.253117, -127.566, 0.759068, -165.218, 1.49335, -17.4111, 0.000393611, -71.6628, 0.020125, 54.8572, 0.021605, -122.467
3137, 52.27500, 0.253396, -127.487, 0.756521, -164.967, 1.48871, -17.3877, 0.000393638, -71.7443, 0.0201244, 54.85, 0.0216001, -122.475
3137, 52.28333, 0.253675, -127.407, 0.75399, -164.714, 1.48406, -17.3642, 0.000393665, -71.8257, 0.0201239, 54.8428, 0.0215952, -122.484
3138, 52.29167, 0.253957, -127.328, 0.751475, -164.46, 1.47942, -17.3404, 0.000393692, -71.9069, 0.0201234, 54.8356, 0.0215902, -122.493
3138, 52.30000, 0.25424, -127.249, 0.748978, -164.203, 1.47478, -17.3165, 0.000393719, -71.988, 0.0201229, 54.8284, 0.0215853, -122.502
3139, 52.30833, 0.254524, -127.17, 0.746497, -163.945, 1.47015, -17.2924, 0.000393745, -72.0688, 0.0201224, 54.8212, 0.0215804, -122.511
3139, 52.31667, 0.25481, -127.091, 0.744033, -163.685, 1.46552, -17.2681, 0.000393771, -72.1495, 0.0201219, 54.814, 0.0215756, -122.519
3140, 52.32500, 0.255098, -127.012, 0.741587, -163.424, 1.4609, -17.2436, 0.000393797, -72.23, 0.0201215, 54.8068, 0.0215707, -122.528
3140, 52.33333, 0.255387, -126.933, 0.739157, -163.16, 1.45628, -17.219, 0.000393822, -72.3104, 0.020121, 54.7996, 0.0215658, -122.537
3141, 52.34167, 0.255677, -126.855, 0.736745, -162.895, 1.45166, -17.1942, 0.000393847, -72.3906, 0.0201206, 54.7924, 0.021561, -122.546
3141, 52.35000, 0.255969, -126.776, 0.734352, -162.627, 1.44704, -17.1691, 0.000393872, -72.4706, 0.0201201, 54.7852, 0.0215561, -122.555
3142, 52.35833, 0.256263, -126.698, 0.731975, -162.358, 1.44244, -17.1439, 0.000393897, -72.5504, 0.0201197, 54.778, 0.0215513, -122.563
3142, 52.36667, 0.256558, -126.62, 0.729617, -162.087, 1.43783, -17.1185, 0.000393922, -72.6301, 0.0201193, 54.7707, 0.0215465, -122.572
3143, 52.37500, 0.256855, -126.542, 0.727278, -161.815, 1.43323, -17.093, 0.000393946, -72.7096, 0.0201189, 54.7635, 0.0215416, -122.581
3143, 52.38333, 0.257153, -126.464, 0.724956, -161.54, 1.42863, -17.0672, 0.00039397, -72.7889, 0.0201185, 54.7563, 0.0215368, -122.59
3144, 52.39167, 0.257453, -126.386, 0.722653, -161.264, 1.42403, -17.0412, 0.000393994, -72.868, 0.0201181, 54.7491, 0.021532, -122.599
3144, 52.40000, 0.257754, -126.308, 0.720369, -160.985, 1.41944, -17.0151, 0.000394017, -72.947, 0.0201177, 54.7418, 0.0215273, -122.607
3145, 52.40833, 0.258056, -126.23, 0.718104, -160.705, 1.41485, -16.9887, 0.00039404, -73.0259, 0.0201173, 54.7346, 0.0215225, -122.616
3145, 52.41667, 0.258361, -126.153, 0.715858, -160.423, 1.41027, -16.9621, 0.000394063, -73.1045, 0.020117, 54.7274, 0.0215177, -122.625
3146, 52.42500, 0.258667, -126.076, 0.713631, -160.139, 1.40569, -16.9354, 0.000394086, -73.183, 0.0201166, 54.7201, 0.021513, -122.634
3146, 52.43333, 0.258974, -125.998, 0.711423, -159.853, 1.40111, -16.9084, 0.000394109, -73.2613, 0.0201163, 54.7129, 0.0215082, -122.642
3147, 52.44167, 0.259283, -125.921, 0.709235, -159.566, 1.39654, -16.8813, 0.000394131, -73.3395, 0.020116, 54.7057, 0.0215035, -122.651
3147, 52.45000, 0.259593, -125.844, 0.707068, -159.276, 1.39197, -16.8539, 0.000394153, -73.4175, 0.0201156, 54.6984, 0.0214988, -122.66
3148, 52.45833, 0.259905, -125.767, 0.70492, -158.985, 1.3874, -16.8263, 0.000394174, -73.4953, 0.0201153, 54.6912, 0.0214941, -122.669
3148, 52.46667, 0.260219, -125.691, 0.702792, -158.692, 1.38284, -16.7986, 0.000394196, -73.573, 0.020115, 54.6839, 0.0214894, -122.677
3149, 52.47500, 0.260534, -125.614, 0.700684, -158.397, 1.37828, -16.7706, 0.000394217, -73.6505, 0.0201147, 54.6767, 0.0214847, -122.686
3149, 52.48333, 0.26085, -125.538, 0.698598, -158.1, 1.37373, -16.7424, 0.000394237, -73.7278, 0.0201145, 54.6694, 0.02148, -122.695
3150, 52.49167, 0.261168, -125.462, 0.696531, -157.801, 1.36918, -16.7139, 0.000394258, -73.805, 0.0201142, 54.6622, 0.0214753, -122.703
3150, 52.50000, 0.261488, -125.385, 0.694486, -157.5, 1.36463, -16.6853, 0.000394278, -73.882, 0.0201139, 54.6549, 0.0214707, -122.712
3151, 52.50833, 0.261809, -125.309, 0.692462, -157.197, 1.36009, -16.6565, 0.000394298, -73.9589, 0.0201137, 54.6476, 0.021466, -122.721
3151, 52.51667, 0.262132, -125.234, 0.690459, -156.893, 1.35555, -16.6274, 0.000394318, -74.0356, 0.0201134, 54.6404, 0.0214614, -122.729
3152, 52.52500, 0.262456, -125.158, 0.688478, -156.587, 1.35101, -16.5981, 0.000394337, -74.1121, 0.0201132, 54.6331, 0.0214568, -122.738
3152, 52.53333, 0.262782, -125.082, 0.686518, -156.279, 1.34648, -16.5686, 0.000394356, -74.1884, 0.020113, 54.6258, 0.0214521, -122.747
3153, 52.54167, 0.263109, -125.007, 0.68458, -155.969, 1.34195, -16.5388, 0.000394375, -74.2647, 0.0201128, 54.6186, 0.0214475, -122.756
3153, 52.55000, 0.263438, -124.932, 0.682664, -155.657, 1.33742, -16.5089, 0.000394394, -74.3407, 0.0201125, 54.6113, 0.0214429, -122.764
3154, 52.55833, 0.263768, -124.856, 0.680771, -155.343, 1.3329, -16.4787, 0.000394412, -74.4166, 0.0201124, 54.604, 0.0214383, -122.773
3154, 52.56667, 0.2641, -124.781, 0.678899, -155.027, 1.32838, -16.4482, 0.00039443, -74.4923, 0.0201122, 54.5967, 0.0214338, -122.782
3155, 52.57500, 0.264433, -124.707, 0.677051, -154.71, 1.32387, -16.4176, 0.000394448, -74.5679, 0.020112, 54.5895, 0.0214292, -122.79
3155, 52.58333, 0.264768, -124.632, 0.675225, -154.391, 1.31935, -16.3867, 0.000394465, -74.6433, 0.0201118, 54.5822, 0.0214246, -122.799
3156, 52.59167, 0.265105, -124.557, 0.673422, -154.07, 1.31485, -16.3556, 0.000394482, -74.7186, 0.0201117, 54.5749, 0.0214201, -122.808
3156, 52.60000, 0.265443, -124.483, 0.671642, -153.747, 1.31034, -16.3242, 0.000394499, -74.7937, 0.0201115, 54.5676, 0.0214156, -122.816
3157, 52.60833, 0.265783, -124.409, 0.669886, -153.423, 1.30584, -16.2926, 0.000394515, -74.8686, 0.0201114, 54.5603, 0.021411, -122.825
3157, 52.61667, 0.266124, -124.335, 0.668153, -153.096, 1.30134, -16.2607, 0.000394532, -74.9434, 0.0201113, 54.553, 0.0214065, -122.833
3158, 52.62500, 0.266467, -124.261, 0.666443, -152.768, 1.29685, -16.2286, 0.000394548, -75.0181, 0.0201112, 54.5457, 0.021402, -122.842
3158, 52.63333, 0.266811, -124.187, 0.664758, -152.438, 1.29236, -16.1962, 0.000394563, -75.0926, 0.020111, 54.5384, 0.0213975, -122.851
3159, 52.64167, 0.267157, -124.113, 0.663097, -152.106, 1.28787, -16.1636, 0.000394578, -75.1669, 0.0201109, 54.5311, 0.021393, -122.859
3159, 52.65000, 0.267504, -124.04, 0.66146, -151.773, 1.28339, -16.1308, 0.000394593, -75.2411, 0.0201109, 54.5238, 0.0213886, -122.868
3160, 52.65833, 0.267853, -123.966, 0.659847, -151.438, 1.27891, -16.0977, 0.000394608, -75.3151, 0.0201108, 54.5165, 0.0213841, -122.877
3160, 52.66667, 0.268204, -123.893, 0.65826, -151.101, 1.27444, -16.0643, 0.000394622, -75.389, 0.0201107, 54.5092, 0.0213796, -122.885
3161, 52.67500, 0.268556, -123.82, 0.656696, -150.762, 1.26996, -16.0307, 0.000394637, -75.4627, 0.0201107, 54.5019, 0.0213752, -122.894
3161, 52.68333, 0.268909, -123.747, 0.655159, -150.422, 1.2655, -15.9968, 0.00039465, -75.5362, 0.0201106, 54.4946, 0.0213707, -122.902
3162, 52.69167, 0.269265, -123.675, 0.653646, -150.08, 1.26103, -15.9626, 0.000394664, -75.6096, 0.0201106, 54.4873, 0.0213663, -122.911
3162, 52.70000, 0.269621, -123.602, 0.652158, -149.736, 1.25657, -15.9282, 0.000394677, -75.6829, 0.0201105, 54.4799, 0.0213619, -122.92
3163, 52.70833, 0.269979, -123.53, 0.650696, -149.391, 1.25211, -15.8935, 0.00039469, -75.756, 0.0201105, 54.4726, 0.0213575, -122.928
3163, 52.71667, 0.270339, -123.457, 0.64926, -149.044, 1.24765, -15.8585, 0.000394702, -75.829, 0.0201105, 54.4653, 0.0213531, -122.937
3164, 52.72500, 0.270701, -123.385, 0.647849, -148.695, 1.2432, -15.8233, 0.000394714, -75.9018, 0.0201105, 54.458, 0.0213487, -122.945
3164, 52.73333, 0.271063, -123.313, 0.646465, -148.345, 1.23876, -15.7877, 0.000394726, -75.9744, 0.0201105, 54.4506, 0.0213443, -122.954
3165, 52.74167, 0.271428, -123.242, 0.645107, -147.993, 1.23431, -15.7519, 0.000394738, -76.047, 0.0201105, 54.4433, 0.02134, -122.963
3165, 52.75000, 0.271794, -123.17, 0.643775, -147.64, 1.22987, -15.7159, 0.000394749, -76.1193, 0.0201106, 54.4359, 0.0213356, -122.971
3166, 52.75833, 0.272162, -123.099, 0.64247, -147.285, 1.22543, -15.6795, 0.00039476, -76.1915, 0.0201106, 54.4286, 0.0213313, -122.98
3166, 52.76667, 0.272531, -123.028, 0.641192, -146.928, 1.221, -15.6428, 0.000394771, -76.2636, 0.0201106, 54.4213, 0.0213269, -122.988
3167, 52.77500, 0.272901, -122.956, 0.639941, -146.57, 1.21657, -15.6059, 0.000394781, -76.3355, 0.0201107, 54.4139, 0.0213226, -122.997
3167, 52.78333, 0.273274, -122.886, 0.638717, -146.211, 1.21214, -15.5686, 0.000394791, -76.4073, 0.0201108, 54.4066, 0.0213183, -123.005
3168, 52.79167, 0.273647, -122.815, 0.637519, -145.85, 1.20772, -15.5311, 0.0003948, -76.4789, 0.0201108, 54.3992, 0.021314, -123.014
3168, 52.80000, 0.274023, -122.744, 0.63635, -145.488, 1.2033, -15.4932, 0.00039481, -76.5504, 0.0201109, 54.3918, 0.0213097, -123.022
3169, 52.80833, 0.2744, -122.674, 0.635208, -145.124, 1.19888, -15.4551, 0.000394819, -76.6217, 0.020111, 54.3845, 0.0213054, -123.031
3169, 52.81667, 0.274778, -122.604, 0.634093, -144.759, 1.19447, -15.4166, 0.000394827, -76.6929, 0.0201111, 54.3771, 0.0213011, -123.04
3170, 52.82500, 0.275158, -122.534, 0.633007, -144.393, 1.19006, -15.3779, 0.000394836, -76.7639, 0.0201112, 54.3698, 0.0212969, -123.048
3170, 52.83333, 0.27554, -122.464, 0.631949, -144.025, 1.18566, -15.3388, 0.000394844, -76.8348, 0.0201114, 54.3624, 0.0212926, -123.057
3171, 52.84167, 0.275923, -122.394, 0.630919, -143.656, 1.18125, -15.2994, 0.000394851, -76.9056, 0.0201115, 54.355, 0.0212884, -123.065
3171, 52.85000, 0.276307, -122.324, 0.629917, -143.285, 1.17685, -15.2597, 0.000394859, -76.9762, 0.0201117, 54.3476, 0.0212841, -123.074
3172, 52.85833, 0.276694, -122.255, 0.628943, -142.914, 1.17246, -15.2197, 0.000394865, -77.0467, 0.0201118, 54.3403, 0.0212799, -123.082
3172, 52.86667, 0.277081, -122.186, 0.627998, -142.541, 1.16807, -15.1793, 0.000394872, -77.117, 0.020112, 54.3329, 0.0212757, -123.091
3173, 52.87500, 0.277471, -122.117, 0.627083, -142.167, 1.16368, -15.1386, 0.000394878, -77.1872, 0.0201121, 54.3255, 0.0212715, -123.099
3173, 52.88333, 0.277862, -122.048, 0.626195, -141.791, 1.15929, -15.0976, 0.000394884, -77.2572, 0.0201123, 54.3181, 0.0212673, -123.108
3174, 52.89167, 0.278254, -121.979, 0.625337, -141.415, 1.15491, -15.0563, 0.00039489, -77.3271, 0.0201125, 54.3107, 0.0212631, -123.116
3174, 52.90000, 0.278648, -121.911, 0.624508, -141.038, 1.15053, -15.0146, 0.000394895, -77.3969, 0.0201127, 54.3033, 0.0212589, -123.125
3175, 52.90833, 0.279044, -121.843, 0.623709, -140.659, 1.14616, -14.9726, 0.0003949, -77.4665, 0.0201129, 54.2959, 0.0212547, -123.133
3175, 52.91667, 0.279441, -121.774, 0.622939, -140.28, 1.14179, -14.9302, 0.000394905, -77.5359, 0.0201131, 54.2885, 0.0212506, -123.142
3176, 52.92500, 0.27984, -121.706, 0.622198, -139.899, 1.13742, -14.8875, 0.000394909, -77.6053, 0.0201134, 54.2811, 0.0212464, -123.15
3176, 52.93333, 0.28024, -121.639, 0.621487, -139.517, 1.13305, -14.8444, 0.000394913, -77.6745, 0.0201136, 54.2737, 0.0212423, -123.159
3177, 52.94167, 0.280642, -121.571, 0.620806, -139.135, 1.12869, -14.801, 0.000394916, -77.7435, 0.0201139, 54.2663, 0.0212381, -123.167
3177, 52.95000, 0.281045, -121.504, 0.620154, -138.751, 1.12433, -14.7572, 0.00039492, -77.8124, 0.0201141, 54.2589, 0.021234, -123.176
3178, 52.95833, 0.28145, -121.436, 0.619533, -138.367, 1.11998, -14.713, 0.000394922, -77.8812, 0.0201144, 54.2515, 0.0212299, -123.184
3178, 52.96667, 0.281857, -121.369, 0.618942, -137.982, 1.11563, -14.6685, 0.000394925, -77.9498, 0.0201147, 54.244, 0.0212258, -123.193
3179, 52.97500, 0.282265, -121.302, 0.61838, -137.596, 1.11128, -14.6236, 0.000394927, -78.0183, 0.020115, 54.2366, 0.0212217, -123.201
3179, 52.98333, 0.282674, -121.236, 0.61785, -137.209, 1.10694, -14.5784, 0.000394929, -78.0867, 0.0201153, 54.2292, 0.0212176, -123.209
3180, 52.99167, 0.283086, -121.169, 0.617349, -136.822, 1.1026, -14.5327, 0.00039493, -78.1549, 0.0201156, 54.2218, 0.0212136, -123.218
3180, 53.00000, 0.283498, -121.103, 0.616879, -136.434, 1.09826, -14.4867, 0.000394931, -78.223, 0.0201159, 54.2143, 0.0212095, -123.226
3181, 53.00833, 0.283913, -121.037, 0.61644, -136.045, 1.09393, -14.4403, 0.000394932, -78.291, 0.0201162, 54.2069, 0.0212055, -123.235
3181, 53.01667, 0.284328, -120.971, 0.616031, -135.656, 1.0896, -14.3935, 0.000394932, -78.3588, 0.0201165, 54.1994, 0.0212014, -123.243
3182, 53.02500, 0.284746, -120.905, 0.615653, -135.266, 1.08527, -14.3463, 0.000394932, -78.4265, 0.0201169, 54.192, 0.0211974, -123.252
3182, 53.03333, 0.285165, -120.839, 0.615305, -134.875, 1.08095, -14.2987, 0.000394932, -78.494, 0.0201172, 54.1846, 0.0211934, -123.26
3183, 53.04167, 0.285585, -120.774, 0.614989, -134.484, 1.07663, -14.2507, 0.000394931, -78.5614, 0.0201176, 54.1771, 0.0211893, -123.269
3183, 53.05000, 0.286008, -120.709, 0.614703, -134.093, 1.07231, -14.2023, 0.00039493, -78.6287, 0.020118, 54.1696, 0.0211853, -123.277
3184, 53.05833, 0.286431, -120.644, 0.614448, -133.701, 1.068, -14.1535, 0.000394929, -78.6958, 0.0201184, 54.1622, 0.0211814, -123.285
3184, 53.06667, 0.286857, -120.579, 0.614224, -133.309, 1.06369, -14.1042, 0.000394927, -78.7629, 0.0201188, 54.1547, 0.0211774, -123.294
3185, 53.07500, 0.287283, -120.514, 0.614032, -132.916, 1.05938, -14.0545, 0.000394925, -78.8297, 0.0201192, 54.1473, 0.0211734, -123.302
3185, 53.08333, 0.287712, -120.449, 0.61387, -132.523, 1.05508, -14.0045, 0.000394922, -78.8965, 0.0201196, 54.1398, 0.0211694, -123.311
3186, 53.09167, 0.288142, -120.385, 0.61374, -132.13, 1.05078, -13.9539, 0.000394919, -78.9631, 0.02012, 54.1323, 0.0211655, -123.319
3186, 53.10000, 0.288573, -120.321, 0.613641, -131.737, 1.04648, -13.903, 0.000394916, -79.0296, 0.0201204, 54.1248, 0.0211615, -123.327
3187, 53.10833, 0.289006, -120.257, 0.613573, -131.343, 1.04219, -13.8516, 0.000394912, -79.0959, 0.0201209, 54.1174, 0.0211576, -123.336
3187, 53.11667, 0.289441, -120.193, 0.613536, -130.949, 1.0379, -13.7997, 0.000394908, -79.1621, 0.0201213, 54.1099, 0.0211537, -123.344
3188, 53.12500, 0.289877, -120.13, 0.61353, -130.556, 1.03362, -13.7474, 0.000394904, -79.2282, 0.0201218, 54.1024, 0.0211497, -123.353
3188, 53.13333, 0.290315, -120.066, 0.613556, -130.162, 1.02933, -13.6947, 0.000394899, -79.2942, 0.0201222, 54.0949, 0.0211458, -123.361
3189, 53.14167, 0.290754, -120.003, 0.613613, -129.768, 1.02506, -13.6415, 0.000394894, -79.36, 0.0201227, 54.0874, 0.0211419, -123.369
3189, 53.15000, 0.291195, -119.94, 0.613702, -129.374, 1.02078, -13.5878, 0.000394888, -79.4257, 0.0201232, 54.0799, 0.0211381, -123.378
3190, 53.15833, 0.291637, -119.878, 0.613821, -128.98, 1.01651, -13.5336, 0.000394882, -79.4912, 0.0201237, 54.0724, 0.0211342, -123.386
3190, 53.16667, 0.292081, -119.815, 0.613972, -128.587, 1.01224, -13.479, 0.000394876, -79.5567, 0.0201242, 54.0649, 0.0211303, -123.395
3191, 53.17500, 0.292527, -119.752, 0.614155, -128.193, 1.00798, -13.4239, 0.000394869, -79.622, 0.0201247, 54.0574, 0.0211264, -123.403
3191, 53.18333, 0.292974, -119.69, 0.614368, -127.8, 1.00372, -13.3683, 0.000394862, -79.6871, 0.0201253, 54.0499, 0.0211226, -123.411
3192, 53.19167, 0.293422, -119.628, 0.614613, -127.407, 0.999458, -13.3122, 0.000394855, -79.7522, 0.0201258, 54.0424, 0.0211188, -123.42
3192, 53.20000, 0.293873, -119.566, 0.614889, -127.014, 0.995204, -13.2556, 0.000394847, -79.8171, 0.0201263, 54.0349, 0.0211149, -123.428
3193, 53.20833, 0.294324, -119.505, 0.615197, -126.621, 0.990953, -13.1985, 0.000394839, -79.8819, 0.0201269, 54.0273, 0.0211111, -123.436
3193, 53.21667, 0.294778, -119.443, 0.615535, -126.229, 0.986706, -13.1409, 0.00039483, -79.9466, 0.0201275, 54.0198, 0.0211073, -123.445
3194, 53.22500, 0.295233, -119.382, 0.615905, -125.837, 0.982462, -13.0827, 0.000394821, -80.0111, 0.020128, 54.0123, 0.0211035, -123.453
3194, 53.23333, 0.295689, -119.321, 0.616306, -125.446, 0.978222, -13.0241, 0.000394812, -80.0755, 0.0201286, 54.0047, 0.0210997, -123.461
3195, 53.24167, 0.296147, -119.26, 0.616738, -125.055, 0.973985, -12.9649, 0.000394802, -80.1398, 0.0201292, 53.9972, 0.0210959, -123.47
3195, 53.25000, 0.296607, -119.199, 0.617201, -124.665, 0.969752, -12.9052, 0.000394792, -80.2039, 0.0201298, 53.9897, 0.0210921, -123.478
3196, 53.25833, 0.297068, -119.139, 0.617696, -124.275, 0.965523, -12.8449, 0.000394781, -80.268, 0.0201304, 53.9821, 0.0210884, -123.486
3196, 53.26667, 0.297531, -119.079, 0.618221, -123.886, 0.961296, -12.7841, 0.00039477, -80.3319, 0.020131, 53.9746, 0.0210846, -123.495
3197, 53.27500, 0.297995, -119.018, 0.618777, -123.497, 0.957074, -12.7227, 0.000394759, -80.3957, 0.0201317, 53.967, 0.0210809, -123.503
3197, 53.28333, 0.298461, -118.959, 0.619364, -123.109, 0.952855, -12.6608, 0.000394747, -80.4593, 0.0201323, 53.9595, 0.0210771, -123.511
3198, 53.29167, 0.298928, -118.899, 0.619981, -122.722, 0.948639, -12.5983, 0.000394735, -80.5229, 0.020133, 53.9519, 0.0210734, -123.52
3198, 53.30000, 0.299397, -118.839, 0.62063, -122.335, 0.944427, -12.5352, 0.000394723, -80.5863, 0.0201336, 53.9443, 0.0210697, -123.528
3199, 53.30833, 0.299868, -118.78, 0.621309, -121.949, 0.940219, -12.4715, 0.00039471, -80.6496, 0.0201343, 53.9368, 0.021066, -123.536
3199, 53.31667, 0.30034, -118.721, 0.622018, -121.564, 0.936014, -12.4072, 0.000394696, -80.7127, 0.020135, 53.9292, 0.0210623, -123.545
3200, 53.32500, 0.300813, -118.662, 0.622758, -121.18, 0.931813, -12.3424, 0.000394683, -80.7758, 0.0201357, 53.9216, 0.0210586, -123.553
3200, 53.33333, 0.301289, -118.603, 0.623529, -120.797, 0.927615, -12.2769, 0.000394668, -80.8387, 0.0201364, 53.914, 0.0210549, -123.561
3201, 53.34167, 0.301766, -118.545, 0.62433, -120.415, 0.923421, -12.2108, 0.000394654, -80.9015, 0.0201371, 53.9065, 0.0210513, -123.57
3201, 53.35000, 0.302244, -118.486, 0.62516, -120.034, 0.91923, -12.1442, 0.000394639, -80.9641, 0.0201378, 53.8989, 0.0210476, -123.578
3202, 53.35833, 0.302724, -118.428, 0.626021, -119.653, 0.915044, -12.0768, 0.000394624, -81.0267, 0.0201385, 53.8913, 0.021044, -123.586
3202, 53.36667, 0.303205, -118.37, 0.626913, -119.274, 0.91086, -12.0089, 0.000394608, -81.0891, 0.0201392, 53.8837, 0.0210403, -123.595
3203, 53.37500, 0.303688, -118.312, 0.627833, -118.896, 0.906681, -11.9403, 0.000394592, -81.1514, 0.02014, 53.8761, 0.0210367, -123.603
3203, 53.38333, 0.304173, -118.255, 0.628784, -118.518, 0.902505, -11.871, 0.000394575, -81.2136, 0.0201408, 53.8685, 0.0210331, -123.611
3204, 53.39167, 0.304659, -118.198, 0.629765, -118.142, 0.898332, -11.8011, 0.000394558, -81.2757, 0.0201415, 53.8609, 0.0210294, -123.619
3204, 53.40000, 0.305147, -118.14, 0.630775, -117.767, 0.894163, -11.7305, 0.000394541, -81.3376, 0.0201423, 53.8533, 0.0210258, -123.628
3205, 53.40833, 0.305636, -118.083, 0.631814, -117.394, 0.889999, -11.6592, 0.000394523, -81.3995, 0.0201431, 53.8456, 0.0210222, -123.636
3205, 53.41667, 0.306127, -118.027, 0.632883, -117.021, 0.885837, -11.5872, 0.000394505, -81.4612, 0.0201439, 53.838, 0.0210187, -123.644
3206, 53.42500, 0.306619, -117.97, 0.633981, -116.65, 0.881679, -11.5146, 0.000394486, -81.5228, 0.0201447, 53.8304, 0.0210151, -123.652
3206, 53.43333, 0.307113, -117.914, 0.635108, -116.28, 0.877526, -11.4412, 0.000394467, -81.5842, 0.0201455, 53.8228, 0.0210115, -123.661
3207, 53.44167, 0.307609, -117.857, 0.636265, -115.911, 0.873375, -11.3672, 0.000394448, -81.6456, 0.0201463, 53.8151, 0.021008, -123.669
3207, 53.45000, 0.308106, -117.802, 0.63745, -115.543, 0.869229, -11.2924, 0.000394428, -81.7068, 0.0201471, 53.8075, 0.0210044, -123.677
3208, 53.45833, 0.308604, -117.746, 0.638663, -115.177, 0.865086, -11.2168, 0.000394408, -81.7679, 0.020148, 53.7999, 0.0210009, -123.686
3208, 53.46667, 0.309105, -117.69, 0.639905, -114.813, 0.860947, -11.1406, 0.000394387, -81.8289, 0.0201488, 53.7922, 0.0209974, -123.694
3209, 53.47500, 0.309606, -117.635, 0.641176, -114.449, 0.856812, -11.0635, 0.000394366, -81.8898, 0.0201497, 53.7846, 0.0209938, -123.702
3209, 53.48333, 0.31011, -117.58, 0.642475, -114.087, 0.852681, -10.9857, 0.000394344, -81.9506, 0.0201506, 53.7769, 0.0209903, -123.71
3210, 53.49167, 0.310614, -117.525, 0.643802, -113.727, 0.848553, -10.9072, 0.000394323, -82.0112, 0.0201514, 53.7692, 0.0209868, -123.718
3210, 53.50000, 0.311121, -117.47, 0.645157, -113.368, 0.844429, -10.8278, 0.0003943, -82.0718, 0.0201523, 53.7616, 0.0209833, -123.727
3211, 53.50833, 0.311629, -117.415, 0.64654, -113.01, 0.840309, -10.7477, 0.000394277, -82.1322, 0.0201532, 53.7539, 0.0209798, -123.735
3211, 53.51667, 0.312138, -117.361, 0.647951, -112.654, 0.836193, -10.6667, 0.000394254, -82.1925, 0.0201541, 53.7463, 0.0209764, -123.743
3212, 53.52500, 0.31265, -117.307, 0.649389, -112.3, 0.832081, -10.585, 0.000394231, -82.2527, 0.0201551, 53.7386, 0.0209729, -123.751
3212, 53.53333, 0.313162, -117.253, 0.650854, -111.947, 0.827972, -10.5024, 0.000394206, -82.3127, 0.020156, 53.7309, 0.0209695, -123.76
3213, 53.54167, 0.313677, -117.199, 0.652347, -111.596, 0.823868, -10.4189, 0.000394182, -82.3727, 0.0201569, 53.7232, 0.020966, -123.768
3213, 53.55000, 0.314192, -117.145, 0.653867, -111.246, 0.819767, -10.3346, 0.000394157, -82.4325, 0.0201579, 53.7155, 0.0209626, -123.776
3214, 53.55833, 0.31471, -117.092, 0.655413, -110.898, 0.815671, -10.2495, 0.000394132, -82.4923, 0.0201588, 53.7078, 0.0209592, -123.784
3214, 53.56667, 0.315229, -117.039, 0.656987, -110.551, 0.811578, -10.1635, 0.000394106, -82.5519, 0.0201598, 53.7001, 0.0209557, -123.793
3215, 53.57500, 0.315749, -116.986, 0.658587, -110.206, 0.807489, -10.0766, 0.00039408, -82.6114, 0.0201608, 53.6924, 0.0209523, -123.801
3215, 53.58333, 0.316271, -116.933, 0.660213, -109.863, 0.803405, -9.98878, 0.000394053, -82.6708, 0.0201617, 53.6847, 0.0209489, -123.809
3216, 53.59167, 0.316795, -116.88, 0.661866, -109.522, 0.799324, -9.90005, 0.000394026, -82.73, 0.0201627, 53.677, 0.0209455, -123.817
3216, 53.60000, 0.31732, -116.828, 0.663545, -109.182, 0.795247, -9.81042, 0.000393998, -82.7892, 0.0201637, 53.6693, 0.0209422, -123.825
3217, 53.60833, 0.317847, -116.776, 0.665249, -108.844, 0.791175, -9.71984, 0.000393971, -82.8482, 0.0201648, 53.6616, 0.0209388, -123.834
3217, 53.61667, 0.318375, -116.724, 0.66698, -108.508, 0.787106, -9.62831, 0.000393942, -82.9072, 0.0201658, 53.6539, 0.0209354, -123.842
3218, 53.62500, 0.318905, -116.672, 0.668736, -108.173, 0.783042, -9.53582, 0.000393913, -82.966, 0.0201668, 53.6461, 0.0209321, -123.85
3218, 53.63333, 0.319436, -116.62, 0.670517, -107.84, 0.778982, -9.44235, 0.000393884, -83.0247, 0.0201679, 53.6384, 0.0209287, -123.858
3219, 53.64167, 0.319969, -116.569, 0.672324, -107.509, 0.774925, -9.34788, 0.000393854, -83.0833, 0.0201689, 53.6307, 0.0209254, -123.866
3219, 53.65000, 0.320504, -116.518, 0.674156, -107.18, 0.770874, -9.25241, 0.000393824, -83.1418, 0.02017, 53.6229, 0.0209221, -123.875
3220, 53.65833, 0.32104, -116.467, 0.676012, -106.852, 0.766826, -9.15592, 0.000393794, -83.2002, 0.020171, 53.6152, 0.0209188, -123.883
3220, 53.66667, 0.321577, -116.416, 0.677894, -106.526, 0.762782, -9.05838, 0.000393763, -83.2584, 0.0201721, 53.6074, 0.0209155, -123.891
3221, 53.67500, 0.322117, -116.365, 0.6798, -106.202, 0.758743, -8.9598, 0.000393731, -83.3166, 0.0201732, 53.5997, 0.0209122, -123.899
3221, 53.68333, 0.322657, -116.315, 0.68173, -105.88, 0.754709, -8.86016, 0.000393699, -83.3746, 0.0201743, 53.5919, 0.0209089, -123.907
3222, 53.69167, 0.3232, -116.265, 0.683684, -105.56, 0.750678, -8.75941, 0.000393667, -83.4326, 0.0201754, 53.5842, 0.0209056, -123.915
3222, 53.70000, 0.323744, -116.215, 0.685663, -105.241, 0.746652, -8.65759, 0.000393634, -83.4904, 0.0201765, 53.5764, 0.0209023, -123.924
3223, 53.70833, 0.324289, -116.165, 0.687665, -104.925, 0.74263, -8.55464, 0.000393601, -83.5481, 0.0201777, 53.5686, 0.0208991, -123.932
3223, 53.71667, 0.324836, -116.115, 0.689691, -104.61, 0.738612, -8.45055, 0.000393567, -83.6057, 0.0201788, 53.5609, 0.0208958, -123.94
3224, 53.72500, 0.325385, -116.066, 0.69174, -104.297, 0.734599, -8.34533, 0.000393533, -83.6632, 0.02018, 53.5531, 0.0208926, -123.948
3224, 53.73333, 0.325935, -116.017, 0.693813, -103.986, 0.730591, -8.23893, 0.000393498, -83.7206, 0.0201811, 53.5453, 0.0208893, -123.956
3225, 53.74167, 0.326486, -115.968, 0.695909, -103.677, 0.726587, -8.13134, 0.000393463, -83.7779, 0.0201823, 53.5375, 0.0208861, -123.964
3225, 53.75000, 0.32704, -115.919, 0.698028, -103.369, 0.722587, -8.02256, 0.000393428, -83.8351, 0.0201835, 53.5297, 0.0208829, -123.973
3226, 53.75833, 0.327594, -115.87, 0.70017, -103.064, 0.718593, -7.91256, 0.000393392, -83.8921, 0.0201846, 53.5219, 0.0208797, -123.981
3226, 53.76667, 0.328151, -115.822, 0.702334, -102.76, 0.714602, -7.8013, 0.000393355, -83.9491, 0.0201858, 53.5141, 0.0208765, -123.989
3227, 53.77500, 0.328709, -115.774, 0.704521, -102.458, 0.710617, -7.6888, 0.000393319, -84.0059, 0.020187, 53.5063, 0.0208733, -123.997
3227, 53.78333, 0.329268, -115.726, 0.706729, -102.159, 0.706636, -7.57502, 0.000393281, -84.0627, 0.0201883, 53.4985, 0.0208701, -124.005
3228, 53.79167, 0.329829, -115.678, 0.708961, -101.861, 0.702659, -7.45993, 0.000393243, -84.1193, 0.0201895, 53.4907, 0.020867, -124.013
3228, 53.80000, 0.330392, -115.63, 0.711213, -101.564, 0.698688, -7.34353, 0.000393205, -84.1759, 0.0201907, 53.4828, 0.0208638, -124.021
3229, 53.80833, 0.330956, -115.583, 0.713488, -101.27, 0.694722, -7.22579, 0.000393166, -84.2323, 0.020192, 53.475, 0.0208607, -124.03
3229, 53.81667, 0.331522, -115.535, 0.715784, -100.978, 0.69076, -7.10668, 0.000393127, -84.2886, 0.0201932, 53.4672, 0.0208575, -124.038
3230, 53.82500, 0.332089, -115.488, 0.718102, -100.687, 0.686803, -6.98619, 0.000393088, -84.3448, 0.0201945, 53.4593, 0.0208544, -124.046
3230, 53.83333, 0.332658, -115.442, 0.72044, -100.399, 0.682851, -6.86431, 0.000393048, -84.4009, 0.0201957, 53.4515, 0.0208513, -124.054
3231, 53.84167, 0.333229, -115.395, 0.7228, -100.112, 0.678904, -6.74098, 0.000393007, -84.4569, 0.020197, 53.4437, 0.0208482, -124.062
3231, 53.85000, 0.3338, -115.349, 0.725181, -99.8272, 0.674962, -6.61621, 0.000392966, -84.5128, 0.0201983, 53.4358, 0.0208451, -124.07
3232, 53.85833, 0.334374, -115.302, 0.727582, -99.5443, 0.671026, -6.48998, 0.000392925, -84.5686, 0.0201996, 53.4279, 0.020842, -124.078
3232, 53.86667, 0.334949, -115.256, 0.730004, -99.2632, 0.667094, -6.36223, 0.000392883, -84.6243, 0.0202009, 53.4201, 0.0208389, -124.086
3233, 53.87500, 0.335526, -115.21, 0.732446, -98.984, 0.663167, -6.23297, 0.00039284, -84.6799, 0.0202023, 53.4122, 0.0208358, -124.095
3233, 53.88333, 0.336104, -115.165, 0.734909, -98.7067, 0.659246, -6.10217, 0.000392797, -84.7354, 0.0202036, 53.4044, 0.0208327, -124.103
3234, 53.89167, 0.336684, -115.119, 0.737391, -98.4313, 0.65533, -5.96978, 0.000392754, -84.7907, 0.0202049, 53.3965, 0.0208297, -124.111
3234, 53.90000, 0.337265, -115.074, 0.739894, -98.1577, 0.651419, -5.83581, 0.00039271, -84.846, 0.0202063, 53.3886, 0.0208266, -124.119
3235, 53.90833, 0.337848, -115.029, 0.742416, -97.886, 0.647514, -5.70021, 0.000392666, -84.9012, 0.0202076, 53.3807, 0.0208236, -124.127
3235, 53.91667, 0.338433, -114.984, 0.744957, -97.6161, 0.643614, -5.56294, 0.000392621, -84.9563, 0.020209, 53.3728, 0.0208205, -124.135
3236, 53.92500, 0.339019, -114.94, 0.747518, -97.3481, 0.63972, -5.42402, 0.000392576, -85.0112, 0.0202104, 53.3649, 0.0208175, -124.143
3236, 53.93333, 0.339606, -114.895, 0.750098, -97.082, 0.635832, -5.28338, 0.00039253, -85.0661, 0.0202118, 53.357, 0.0208145, -124.151
3237, 53.94167, 0.340195, -114.851, 0.752697, -96.8177, 0.631948, -5.141, 0.000392484, -85.1208, 0.0202132, 53.3491, 0.0208115, -124.159
3237, 53.95000, 0.340786, -114.807, 0.755315, -96.5552, 0.628071, -4.99687, 0.000392437, -85.1755, 0.0202146, 53.3412, 0.0208085, -124.168
3238, 53.95833, 0.341378, -114.763, 0.757952, -96.2946, 0.6242, -4.85094, 0.00039239, -85.23, 0.020216, 53.3333, 0.0208055, -124.176
3238, 53.96667, 0.341972, -114.719, 0.760607, -96.0358, 0.620334, -4.70317, 0.000392342, -85.2845, 0.0202174, 53.3254, 0.0208025, -124.184
3239, 53.97500, 0.342568, -114.676, 0.76328, -95.7788, 0.616474, -4.55356, 0.000392294, -85.3389, 0.0202189, 53.3174, 0.0207996, -124.192
3239, 53.98333, 0.343165, -114.632, 0.765972, -95.5237, 0.61262, -4.40206, 0.000392245, -85.3931, 0.0202203, 53.3095, 0.0207966, -124.2
3240, 53.99167, 0.343763, -114.589, 0.768682, -95.2703, 0.608772, -4.24862, 0.000392196, -85.4473, 0.0202218, 53.3016, 0.0207937, -124.208
3240, 54.00000, 0.344363, -114.547, 0.77141, -95.0188, 0.604931, -4.09325, 0.000392147, -85.5013, 0.0202232, 53.2936, 0.0207907, -124.216
3241, 54.00833, 0.344965, -114.504, 0.774155, -94.769, 0.601095, -3.93588, 0.000392097, -85.5552, 0.0202247, 53.2857, 0.0207878, -124.224
3241, 54.01667, 0.345568, -114.461, 0.776919, -94.5211, 0.597266, -3.77648, 0.000392046, -85.6091, 0.0202262, 53.2777, 0.0207849, -124.232
3242, 54.02500, 0.346173, -114.419, 0.779699, -94.2749, 0.593443, -3.61504, 0.000391995, -85.6628, 0.0202277, 53.2698, 0.020782, -124.24
3242, 54.03333, 0.346779, -114.377, 0.782497, -94.0305, 0.589627, -3.4515, 0.000391944, -85.7165, 0.0202292, 53.2618, 0.0207791, -124.248
3243, 54.04167, 0.347387, -114.335, 0.785312, -93.7879, 0.585817, -3.28581, 0.000391892, -85.77, 0.0202307, 53.2539, 0.0207762, -124.256
3243, 54.05000, 0.347997, -114.293, 0.788144, -93.5471, 0.582014, -3.11797, 0.000391839, -85.8235, 0.0202322, 53.2459, 0.0207733, -124.264
3244, 54.05833, 0.348608, -114.252, 0.790993, -93.308, 0.578218, -2.94793, 0.000391786, -85.8768, 0.0202338, 53.2379, 0.0207704, -124.273
3244, 54.06667, 0.34922, -114.21, 0.793859, -93.0706, 0.574427, -2.77561, 0.000391733, -85.9301, 0.0202353, 53.2299, 0.0207675, -124.281
3245, 54.07500, 0.349835, -114.169, 0.796742, -92.835, 0.570645, -2.60103, 0.000391679, -85.9832, 0.0202369, 53.2219, 0.0207647, -124.289
3245, 54.08333, 0.35045, -114.128, 0.79964, -92.6011, 0.566869, -2.42413, 0.000391624, -86.0363, 0.0202384, 53.214, 0.0207618, -124.297
3246, 54.09167, 0.351068, -114.088, 0.802555, -92.3689, 0.5631, -2.24483, 0.000391569, -86.0892, 0.02024, 53.206, 0.020759, -124.305
3246, 54.10000, 0.351687, -114.047, 0.805487, -92.1384, 0.559339, -2.06313, 0.000391514, -86.1421, 0.0202416, 53.198, 0.0207561, -124.313
3247, 54.10833, 0.352307, -114.007, 0.808434, -91.9097, 0.555585, -1.87898, 0.000391458, -86.1948, 0.0202432, 53.1899, 0.0207533, -124.321
3247, 54.11667, 0.352929, -113.967, 0.811397, -91.6826, 0.551837, -1.69231, 0.000391401, -86.2475, 0.0202448, 53.1819, 0.0207505, -124.329
3248, 54.12500, 0.353553, -113.927, 0.814376, -91.4572, 0.548098, -1.50311, 0.000391344, -86.3, 0.0202464, 53.1739, 0.0207477, -124.337
3248, 54.13333, 0.354178, -113.887, 0.81737, -91.2335, 0.544367, -1.31131, 0.000391287, -86.3525, 0.020248, 53.1659, 0.0207449, -124.345
3249, 54.14167, 0.354805, -113.847, 0.82038, -91.0115, 0.540642, -1.11685, 0.000391229, -86.4049, 0.0202496, 53.1579, 0.0207421, -124.353
3249, 54.15000, 0.355433, -113.808, 0.823405, -90.7911, 0.536926, -0.919715, 0.00039117, -86.4571, 0.0202513, 53.1498, 0.0207393, -124.361
3250, 54.15833, 0.356063, -113.769, 0.826446, -90.5724, 0.533219, -0.719841, 0.000391111, -86.5093, 0.0202529, 53.1418, 0.0207366, -124.369
3250, 54.16667, 0.356694, -113.73, 0.829501, -90.3552, 0.529518, -0.51715, 0.000391052, -86.5614, 0.0202546, 53.1337, 0.0207338, -124.377
3251, 54.17500, 0.357327, -113.691, 0.832572, -90.1398, 0.525827, -0.311638, 0.000390992, -86.6134, 0.0202563, 53.1257, 0.0207311, -124.385
3251, 54.18333, 0.357962, -113.652, 0.835657, -89.9259, 0.522143, -0.103228, 0.000390931, -86.6652, 0.0202579, 53.1176, 0.0207283, -124.393
3252, 54.19167, 0.358598, -113.614, 0.838757, -89.7137, 0.518468, 0.108162, 0.00039087, -86.717, 0.0202596, 53.1096, 0.0207256, -124.401
3252, 54.20000, 0.359235, -113.575, 0.841872, -89.503, 0.514802, 0.322535, 0.000390809, -86.7687, 0.0202613, 53.1015, 0.0207229, -124.409
3253, 54.20833, 0.359875, -113.537, 0.845001, -89.294, 0.511145, 0.539975, 0.000390747, -86.8203, 0.020263, 53.0934, 0.0207201, -124.417
3253, 54.21667, 0.360515, -113.5, 0.848144, -89.0865, 0.507496, 0.760565, 0.000390684, -86.8718, 0.0202648, 53.0854, 0.0207174, -124.425
3254, 54.22500, 0.361158, -113.462, 0.851302, -88.8806, 0.503857, 0.984313, 0.000390621, -86.9232, 0.0202665, 53.0773, 0.0207147, -124.433
3254, 54.23333, 0.361802, -113.424, 0.854473, -88.6762, 0.500227, 1.21131, 0.000390558, -86.9745, 0.0202682, 53.0692, 0.020712, -124.441
3255, 54.24167, 0.362447, -113.387, 0.857659, -88.4734, 0.496606, 1.44163, 0.000390494, -87.0257, 0.02027, 53.0611, 0.0207094, -124.449
3255, 54.25000, 0.363094, -113.35, 0.860858, -88.2722, 0.492996, 1.6753, 0.000390429, -87.0769, 0.0202717, 53.053, 0.0207067, -124.457
3256, 54.25833, 0.363743, -113.313, 0.864072, -88.0725, 0.489395, 1.91241, 0.000390364, -87.1279, 0.0202735, 53.0449, 0.020704, -124.465
3256, 54.26667, 0.364393, -113.276, 0.867299, -87.8742, 0.485803, 2.15304, 0.000390298, -87.1788, 0.0202753, 53.0368, 0.0207014, -124.474
3257, 54.27500, 0.365045, -113.24, 0.870539, -87.6775, 0.482222, 2.39722, 0.000390232, -87.2296, 0.0202771, 53.0287, 0.0206987, -124.482
3257, 54.28333, 0.365699, -113.203, 0.873793, -87.4823, 0.478651, 2.64504, 0.000390166, -87.2804, 0.0202789, 53.0205, 0.0206961, -124.49
3258, 54.29167, 0.366354, -113.167, 0.87706, -87.2886, 0.475091, 2.89659, 0.000390098, -87.331, 0.0202807, 53.0124, 0.0206935, -124.498
3258, 54.30000, 0.36701, -113.131, 0.88034, -87.0964, 0.471541, 3.1519, 0.000390031, -87.3816, 0.0202825, 53.0043, 0.0206909, -124.506
3259, 54.30833, 0.367668, -113.096, 0.883633, -86.9056, 0.468002, 3.41106, 0.000389962, -87.432, 0.0202843, 52.9961, 0.0206882, -124.514
3259, 54.31667, 0.368328, -113.06, 0.88694, -86.7163, 0.464475, 3.67418, 0.000389894, -87.4824, 0.0202862, 52.988, 0.0206856, -124.522
3260, 54.32500, 0.368989, -113.025, 0.890259, -86.5284, 0.460958, 3.94129, 0.000389824, -87.5327, 0.020288, 52.9798, 0.0206831, -124.53
3260, 54.33333, 0.369652, -112.989, 0.89359, -86.342, 0.457454, 4.21247, 0.000389755, -87.5828, 0.0202899, 52.9717, 0.0206805, -124.538
3261, 54.34167, 0.370316, -112.954, 0.896935, -86.157, 0.45396, 4.48786, 0.000389684, -87.6329, 0.0202917, 52.9635, 0.0206779, -124.546
3261, 54.35000, 0.370982, -112.919, 0.900292, -85.9734, 0.45048, 4.76746, 0.000389613, -87.6829, 0.0202936, 52.9554, 0.0206753, -124.554
3262, 54.35833, 0.37165, -112.885, 0.903662, -85.7912, 0.447011, 5.0514, 0.000389542, -87.7328, 0.0202955, 52.9472, 0.0206728, -124.562
3262, 54.36667, 0.372319, -112.85, 0.907044, -85.6104, 0.443554, 5.33978, 0.00038947, -87.7826, 0.0202974, 52.939, 0.0206702, -124.57
3263, 54.37500, 0.37299, -112.816, 0.910438, -85.431, 0.440111, 5.63264, 0.000389398, -87.8323, 0.0202993, 52.9308, 0.0206677, -124.578
3263, 54.38333, 0.373662, -112.782, 0.913844, -85.253, 0.436681, 5.93009, 0.000389325, -87.8819, 0.0203012, 52.9226, 0.0206652, -124.586
3264, 54.39167, 0.374336, -112.748, 0.917263, -85.0763, 0.433263, 6.23226, 0.000389251, -87.9315, 0.0203031, 52.9144, 0.0206626, -124.594
3264, 54.40000, 0.375011, -112.714, 0.920693, -84.901, 0.429859, 6.53916, 0.000389177, -87.9809, 0.0203051, 52.9062, 0.0206601, -124.602
3265, 54.40833, 0.375688, -112.681, 0.924135, -84.7271, 0.42647, 6.85094, 0.000389102, -88.0303, 0.020307, 52.898, 0.0206576, -124.609
3265, 54.41667, 0.376367, -112.647, 0.927589, -84.5544, 0.423093, 7.16773, 0.000389027, -88.0795, 0.020309, 52.8898, 0.0206551, -124.617
3266, 54.42500, 0.377047, -112.614, 0.931055, -84.3831, 0.419732, 7.48953, 0.000388952, -88.1287, 0.020311, 52.8816, 0.0206527, -124.625
3266, 54.43333, 0.377729, -112.581, 0.934532, -84.2132, 0.416386, 7.8165, 0.000388875, -88.1777, 0.0203129, 52.8734, 0.0206502, -124.633
3267, 54.44167, 0.378412, -112.548, 0.938021, -84.0445, 0.413054, 8.14878, 0.000388799, -88.2267, 0.0203149, 52.8651, 0.0206477, -124.641
3267, 54.45000, 0.379097, -112.516, 0.941521, -83.8771, 0.409738, 8.48639, 0.000388721, -88.2756, 0.0203169, 52.8569, 0.0206453, -124.649
3268, 54.45833, 0.379784, -112.483, 0.945032, -83.711, 0.406437, 8.82946, 0.000388644, -88.3244, 0.0203189, 52.8487, 0.0206428, -124.657
3268, 54.46667, 0.380472, -112.451, 0.948555, -83.5462, 0.403152, 9.17816, 0.000388565, -88.3731, 0.0203209, 52.8404, 0.0206404, -124.665
3269, 54.47500, 0.381161, -112.419, 0.952089, -83.3827, 0.399884, 9.53251, 0.000388486, -88.4217, 0.020323, 52.8321, 0.0206379, -124.673
3269, 54.48333, 0.381853, -112.387, 0.955634, -83.2204, 0.396633, 9.89265, 0.000388407, -88.4703, 0.020325, 52.8239, 0.0206355, -124.681
3270, 54.49167, 0.382545, -112.355, 0.95919, -83.0593, 0.393399, 10.2587, 0.000388327, -88.5187, 0.020327, 52.8156, 0.0206331, -124.689
3270, 54.50000, 0.38324, -112.324, 0.962757, -82.8995, 0.390182, 10.6308, 0.000388246, -88.567, 0.0203291, 52.8073, 0.0206307, -124.697
3271, 54.50833, 0.383936, -112.292, 0.966334, -82.7409, 0.386983, 11.009, 0.000388165, -88.6153, 0.0203312, 52.7991, 0.0206283, -124.705
3271, 54.51667, 0.384633, -112.261, 0.969923, -82.5835, 0.383803, 11.3936, 0.000388084, -88.6635, 0.0203332, 52.7908, 0.0206259, -124.713
3272, 54.52500, 0.385333, -112.23, 0.973522, -82.4274, 0.380641, 11.7844, 0.000388001, -88.7115, 0.0203353, 52.7825, 0.0206235, -124.721
3272, 54.53333, 0.386033, -112.2, 0.977132, -82.2724, 0.377499, 12.1818, 0.000387919, -88.7595, 0.0203374, 52.7742, 0.0206212, -124.729
3273, 54.54167, 0.386736, -112.169, 0.980752, -82.1187, 0.374376, 12.5858, 0.000387835, -88.8074, 0.0203395, 52.7659, 0.0206188, -124.737
3273, 54.55000, 0.38744, -112.138, 0.984383, -81.9661, 0.371273, 12.9965, 0.000387751, -88.8552, 0.0203416, 52.7576, 0.0206165, -124.745
3274, 54.55833, 0.388145, -112.108, 0.988024, -81.8147, 0.368191, 13.4141, 0.000387667, -88.9029, 0.0203438, 52.7493, 0.0206141, -124.753
3274, 54.56667, 0.388852, -112.078, 0.991676, -81.6644, 0.365129, 13.8387, 0.000387582, -88.9506, 0.0203459, 52.7409, 0.0206118, -124.761
3275, 54.57500, 0.389561, -112.048, 0.995337, -81.5153, 0.362089, 14.2704, 0.000387496, -88.9981, 0.0203481, 52.7326, 0.0206095, -124.769
3275, 54.58333, 0.390271, -112.018, 0.999009, -81.3673, 0.359072, 14.7093, 0.00038741, -89.0456, 0.0203502, 52.7243, 0.0206072, -124.777
3276, 54.59167, 0.390983, -111.989, 1.00269, -81.2205, 0.356076, 15.1556, 0.000387324, -89.0929, 0.0203524, 52.7159, 0.0206048, -124.785
3276, 54.60000, 0.391696, -111.96, 1.00638, -81.0748, 0.353104, 15.6094, 0.000387236, -89.1402, 0.0203546, 52.7076, 0.0206025, -124.793
3277, 54.60833, 0.392411, -111.93, 1.01008, -80.9302, 0.350155, 16.0709, 0.000387149, -89.1874, 0.0203567, 52.6992, 0.0206003, -124.801
3277, 54.61667, 0.393128, -111.901, 1.0138, -80.7867, 0.347231, 16.5401, 0.00038706, -89.2345, 0.0203589, 52.6909, 0.020598, -124.809
3278, 54.62500, 0.393846, -111.872, 1.01752, -80.6443, 0.344331, 17.0172, 0.000386971, -89.2815, 0.0203611, 52.6825, 0.0205957, -124.817
3278, 54.63333, 0.394566, -111.844, 1.02125, -80.5031, 0.341457, 17.5024, 0.000386882, -89.3284, 0.0203634, 52.6741, 0.0205934, -124.825
3279, 54.64167, 0.395288, -111.815, 1.02499, -80.3628, 0.338608, 17.9957, 0.000386792, -89.3752, 0.0203656, 52.6658, 0.0205912, -124.833
3279, 54.65000, 0.396011, -111.787, 1.02874, -80.2237, 0.335786, 18.4973, 0.000386701, -89.422, 0.0203678, 52.6574, 0.0205889, -124.84
3280, 54.65833, 0.396735, -111.759, 1.0325, -80.0856, 0.332992, 19.0072, 0.00038661, -89.4686, 0.0203701, 52.649, 0.0205867, -124.848
3280, 54.66667, 0.397461, -111.731, 1.03627, -79.9486, 0.330225, 19.5258, 0.000386518, -89.5152, 0.0203723, 52.6406, 0.0205845, -124.856
3281, 54.67500, 0.398189, -111.703, 1.04005, -79.8126, 0.327487, 20.053, 0.000386426, -89.5617, 0.0203746, 52.6322, 0.0205823, -124.864
3281, 54.68333, 0.398918, -111.676, 1.04384, -79.6776, 0.324777, 20.589, 0.000386333, -89.6081, 0.0203769, 52.6238, 0.0205801, -124.872
3282, 54.69167, 0.39965, -111.648, 1.04764, -79.5437, 0.322098, 21.1339, 0.00038624, -89.6544, 0.0203792, 52.6154, 0.0205779, -124.88
3282, 54.70000, 0.400382, -111.621, 1.05144, -79.4108, 0.319449, 21.6878, 0.000386145, -89.7006, 0.0203815, 52.6069, 0.0205757, -124.888
3283, 54.70833, 0.401116, -111.594, 1.05526, -79.2789, 0.316832, 22.2509, 0.000386051, -89.7467, 0.0203838, 52.5985, 0.0205735, -124.896
3283, 54.71667, 0.401852, -111.567, 1.05908, -79.148, 0.314247, 22.8233, 0.000385956, -89.7928, 0.0203861, 52.5901, 0.0205713, -124.904
3284, 54.72500, 0.402589, -111.54, 1.06292, -79.0182, 0.311694, 23.4051, 0.00038586, -89.8387, 0.0203884, 52.5816, 0.0205691, -124.912
3284, 54.73333, 0.403328, -111.514, 1.06676, -78.8893, 0.309175, 23.9963, 0.000385764, -89.8846, 0.0203908, 52.5732, 0.020567, -124.92
3285, 54.74167, 0.404069, -111.487, 1.07061, -78.7613, 0.306691, 24.5971, 0.000385667, -89.9304, 0.0203931, 52.5647, 0.0205648, -124.928
3285, 54.75000, 0.404811, -111.461, 1.07447, -78.6344, 0.304242, 25.2076, 0.000385569, -89.9761, 0.0203955, 52.5563, 0.0205627, -124.936
3286, 54.75833, 0.405555, -111.435, 1.07834, -78.5084, 0.301828, 25.8279, 0.000385471, -90.0217, 0.0203978, 52.5478, 0.0205606, -124.944
3286, 54.76667, 0.4063, -111.409, 1.08222, -78.3834, 0.299452, 26.458, 0.000385372, -90.0672, 0.0204002, 52.5393, 0.0205585, -124.952
3287, 54.77500, 0.407047, -111.383, 1.08611, -78.2593, 0.297113, 27.0981, 0.000385273, -90.1127, 0.0204026, 52.5308, 0.0205563, -124.96
3287, 54.78333, 0.407796, -111.358, 1.09001, -78.1361, 0.294813, 27.7481, 0.000385173, -90.158, 0.020405, 52.5224, 0.0205542, -124.967
3288, 54.79167, 0.408546, -111.332, 1.09391, -78.0139, 0.292552, 28.4083, 0.000385073, -90.2033, 0.0204074, 52.5139, 0.0205521, -124.975
3288, 54.80000, 0.409298, -111.307, 1.09783, -77.8926, 0.290331, 29.0786, 0.000384972, -90.2485, 0.0204098, 52.5054, 0.0205501, -124.983
3289, 54.80833, 0.410051, -111.282, 1.10175, -77.7723, 0.288152, 29.759, 0.00038487, -90.2936, 0.0204123, 52.4969, 0.020548, -124.991
3289, 54.81667, 0.410806, -111.257, 1.10568, -77.6528, 0.286015, 30.4497, 0.000384768, -90.3386, 0.0204147, 52.4883, 0.0205459, -124.999
3290, 54.82500, 0.411563, -111.233, 1.10962, -77.5342, 0.283921, 31.1505, 0.000384665, -90.3835, 0.0204172, 52.4798, 0.0205439, -125.007
3290, 54.83333, 0.412321, -111.208, 1.11357, -77.4166, 0.28187, 31.8615, 0.000384561, -90.4283, 0.0204196, 52.4713, 0.0205418, -125.015
3291, 54.84167, 0.413081, -111.184, 1.11752, -77.2998, 0.279865, 32.5829, 0.000384457, -90.4731, 0.0204221, 52.4628, 0.0205398, -125.023
3291, 54.85000, 0.413843, -111.16, 1.12149, -77.1839, 0.277905, 33.3144, 0.000384353, -90.5177, 0.0204246, 52.4542, 0.0205377, -125.031
3292, 54.85833, 0.414606, -111.136, 1.12546, -77.0689, 0.275992, 34.0561, 0.000384248, -90.5623, 0.0204271, 52.4457, 0.0205357, -125.039
3292, 54.86667, 0.415371, -111.112, 1.12944, -76.9547, 0.274127, 34.808, 0.000384142, -90.6068, 0.0204296, 52.4371, 0.0205337, -125.047
3293, 54.87500, 0.416137, -111.088, 1.13343, -76.8414, 0.27231, 35.5699, 0.000384035, -90.6512, 0.0204321, 52.4285, 0.0205317, -125.055
3293, 54.88333, 0.416905, -111.065, 1.13742, -76.729, 0.270543, 36.3419, 0.000383928, -90.6955, 0.0204346, 52.42, 0.0205297, -125.063
3294, 54.89167, 0.417674, -111.041, 1.14143, -76.6173, 0.268826, 37.1238, 0.000383821, -90.7398, 0.0204371, 52.4114, 0.0205277, -125.07
3294, 54.90000, 0.418445, -111.018, 1.14544, -76.5066, 0.267161, 37.9155, 0.000383713, -90.7839, 0.0204397, 52.4028, 0.0205257, -125.078
3295, 54.90833, 0.419218, -110.995, 1.14946, -76.3966, 0.265548, 38.7168, 0.000383604, -90.828, 0.0204422, 52.3942, 0.0205237, -125.086
3295, 54.91667, 0.419993, -110.973, 1.15349, -76.2875, 0.263989, 39.5278, 0.000383494, -90.872, 0.0204448, 52.3856, 0.0205218, -125.094
3296, 54.92500, 0.420769, -110.95, 1.15753, -76.1792, 0.262483, 40.3481, 0.000383384, -90.9159, 0.0204474, 52.377, 0.0205198, -125.102
3296, 54.93333, 0.421546, -110.927, 1.16157, -76.0717, 0.261033, 41.1776, 0.000383274, -90.9597, 0.02045, 52.3684, 0.0205179, -125.11
3297, 54.94167, 0.422326, -110.905, 1.16563, -75.965, 0.259639, 42.0161, 0.000383162, -91.0034, 0.0204526, 52.3598, 0.0205159, -125.118
3297, 54.95000, 0.423106, -110.883, 1.16969, -75.8592, 0.258301, 42.8634, 0.000383051, -91.0471, 0.0204552, 52.3512, 0.020514, -125.126
3298, 54.95833, 0.423889, -110.861, 1.17376, -75.7541, 0.257022, 43.7192, 0.000382938, -91.0906, 0.0204578, 52.3426, 0.0205121, -125.134
3298, 54.96667, 0.424673, -110.839, 1.17783, -75.6497, 0.255801, 44.5833, 0.000382825, -91.1341, 0.0204604, 52.3339, 0.0205102, -125.142
3299, 54.97500, 0.425459, -110.817, 1.18192, -75.5462, 0.254639, 45.4554, 0.000382711, -91.1775, 0.0204631, 52.3253, 0.0205083, -125.15
3299, 54.98333, 0.426246, -110.796, 1.18601, -75.4434, 0.253537, 46.3351, 0.000382597, -91.2208, 0.0204657, 52.3166, 0.0205064, -125.157
3300, 54.99167, 0.427035, -110.775, 1.19011, -75.3414, 0.252497, 47.2223, 0.000382482, -91.264, 0.0204684, 52.308, 0.0205045, -125.165
3300, 55.00000, 0.427826, -110.753, 1.19421, -75.2402, 0.251518, 48.1165, 0.000382367, -91.3071, 0.020471, 52.2993, 0.0205026, -125.173
3301, 55.00833, 0.428618, -110.732, 1.19833, -75.1397, 0.250601, 49.0173, 0.00038225, -91.3502, 0.0204737, 52.2906, 0.0205008, -125.181
3301, 55.01667, 0.429412, -110.712, 1.20245, -75.04, 0.249747, 49.9245, 0.000382134, -91.3932, 0.0204764, 52.2819, 0.0204989, -125.189
3302, 55.02500, 0.430208, -110.691, 1.20658, -74.941, 0.248957, 50.8375, 0.000382016, -91.436, 0.0204791, 52.2733, 0.0204971, -125.197
3302, 55.03333, 0.431005, -110.67, 1.21072, -74.8427, 0.248231, 51.7559, 0.000381898, -91.4788, 0.0204818, 52.2646, 0.0204952, -125.205
3303, 55.04167, 0.431804, -110.65, 1.21486, -74.7452, 0.247569, 52.6795, 0.00038178, -91.5215, 0.0204845, 52.2559, 0.0204934, -125.213
3303, 55.05000, 0.432604, -110.63, 1.21901, -74.6483, 0.246973, 53.6076, 0.00038166, -91.5642, 0.0204873, 52.2472, 0.0204916, -125.221
3304, 55.05833, 0.433406, -110.61, 1.22317, -74.5522, 0.246443, 54.5399, 0.00038154, -91.6067, 0.02049, 52.2384, 0.0204898, -125.229
3304, 55.06667, 0.43421, -110.59, 1.22734, -74.4568, 0.245978, 55.4759, 0.00038142, -91.6492, 0.0204928, 52.2297, 0.020488, -125.237
3305, 55.07500, 0.435015, -110.57, 1.23151, -74.3622, 0.24558, 56.415, 0.000381299, -91.6915, 0.0204955, 52.221, 0.0204862, -125.244
3305, 55.08333, 0.435822, -110.551, 1.23569, -74.2682, 0.245249, 57.3568, 0.000381177, -91.7338, 0.0204983, 52.2122, 0.0204844, -125.252
3306, 55.09167, 0.436631, -110.531, 1.23988, -74.1749, 0.244985, 58.3009, 0.000381054, -91.776, 0.0205011, 52.2035, 0.0204826, -125.26
3306, 55.10000, 0.437441, -110.512, 1.24408, -74.0823, 0.244787, 59.2466, 0.000380931, -91.8182, 0.0205039, 52.1948, 0.0204808, -125.268
3307, 55.10833, 0.438253, -110.493, 1.24828, -73.9904, 0.244657, 60.1934, 0.000380808, -91.8602, 0.0205067, 52.186, 0.0204791, -125.276
3307, 55.11667, 0.439066, -110.474, 1.25249, -73.8991, 0.244595, 61.141, 0.000380683, -91.9022, 0.0205095, 52.1772, 0.0204773, -125.284
3308, 55.12500, 0.439882, -110.455, 1.2567, -73.8086, 0.244599, 62.0885, 0.000380558, -91.944, 0.0205123, 52.1684, 0.0204756, -125.292
3308, 55.13333, 0.440698, -110.437, 1.26093, -73.7187, 0.244671, 63.0357, 0.000380433, -91.9858, 0.0205152, 52.1597, 0.0204739, -125.3
3309, 55.14167, 0.441517, -110.418, 1.26516, -73.6294, 0.244811, 63.9821, 0.000380307, -92.0275, 0.020518, 52.1509, 0.0204721, -125.308
3309, 55.15000, 0.442337, -110.4, 1.2694, -73.5408, 0.245017, 64.9269, 0.00038018, -92.0692, 0.0205209, 52.1421, 0.0204704, -125.316
3310, 55.15833, 0.443159, -110.382, 1.27364, -73.4529, 0.24529, 65.8698, 0.000380052, -92.1107, 0.0205237, 52.1333, 0.0204687, -125.323
3310, 55.16667, 0.443982, -110.364, 1.2779, -73.3656, 0.24563, 66.8104, 0.000379924, -92.1521, 0.0205266, 52.1245, 0.020467, -125.331
3311, 55.17500, 0.444807, -110.346, 1.28215, -73.2789, 0.246037, 67.7478, 0.000379795, -92.1935, 0.0205295, 52.1157, 0.0204653, -125.339
3311, 55.18333, 0.445634, -110.328, 1.28642, -73.1929, 0.246509, 68.6819, 0.000379666, -92.2348, 0.0205324, 52.1068, 0.0204636, -125.347
3312, 55.19167, 0.446462, -110.311, 1.29069, -73.1075, 0.247047, 69.6121, 0.000379536, -92.276, 0.0205353, 52.098, 0.020462, -125.355
3312, 55.20000, 0.447292, -110.294, 1.29497, -73.0228, 0.24765, 70.5378, 0.000379405, -92.3171, 0.0205383, 52.0891, 0.0204603, -125.363
3313, 55.20833, 0.448124, -110.276, 1.29926, -72.9386, 0.248318, 71.4587, 0.000379274, -92.3582, 0.0205412, 52.0803, 0.0204587, -125.371
3313, 55.21667, 0.448958, -110.259, 1.30355, -72.8551, 0.249051, 72.3745, 0.000379141, -92.3991, 0.0205441, 52.0714, 0.020457, -125.379
3314, 55.22500, 0.449792, -110.242, 1.30785, -72.7722, 0.249846, 73.2844, 0.000379009, -92.44, 0.0205471, 52.0626, 0.0204554, -125.387
3314, 55.23333, 0.450629, -110.226, 1.31216, -72.6899, 0.250705, 74.1882, 0.000378875, -92.4808, 0.0205501, 52.0537, 0.0204537, -125.395
3315, 55.24167, 0.451467, -110.209, 1.31648, -72.6082, 0.251626, 75.0856, 0.000378741, -92.5215, 0.020553, 52.0448, 0.0204521, -125.402
3315, 55.25000, 0.452307, -110.193, 1.3208, -72.5271, 0.252609, 75.9761, 0.000378607, -92.5621, 0.020556, 52.0359, 0.0204505, -125.41
3316, 55.25833, 0.453149, -110.177, 1.32512, -72.4465, 0.253652, 76.8594, 0.000378471, -92.6026, 0.020559, 52.0271, 0.0204489, -125.418
3316, 55.26667, 0.453992, -110.16, 1.32946, -72.3666, 0.254756, 77.7352, 0.000378335, -92.6431, 0.020562, 52.0181, 0.0204473, -125.426
3317, 55.27500, 0.454837, -110.144, 1.3338, -72.2872, 0.255919, 78.6031, 0.000378199, -92.6834, 0.020565, 52.0092, 0.0204457, -125.434
3317, 55.28333, 0.455684, -110.129, 1.33815, -72.2085, 0.25714, 79.4629, 0.000378062, -92.7237, 0.0205681, 52.0003, 0.0204442, -125.442
3318, 55.29167, 0.456532, -110.113, 1.3425, -72.1302, 0.258419, 80.3144, 0.000377924, -92.7639, 0.0205711, 51.9914, 0.0204426, -125.45
3318, 55.30000, 0.457382, -110.098, 1.34686, -72.0526, 0.259755, 81.1571, 0.000377785, -92.804, 0.0205742, 51.9825, 0.020441, -125.458
3319, 55.30833, 0.458234, -110.082, 1.35123, -71.9755, 0.261147, 81.9909, 0.000377646, -92.844, 0.0205772, 51.9735, 0.0204395, -125.466
3319, 55.31667, 0.459087, -110.067, 1.3556, -71.899, 0.262594, 82.8157, 0.000377506, -92.884, 0.0205803, 51.9646, 0.020438, -125.474
3320, 55.32500, 0.459942, -110.052, 1.35999, -71.8231, 0.264095, 83.6311, 0.000377365, -92.9239, 0.0205834, 51.9556, 0.0204364, -125.481
3320, 55.33333, 0.460799, -110.037, 1.36437, -71.7477, 0.265649, 84.4371, 0.000377224, -92.9636, 0.0205865, 51.9467, 0.0204349, -125.489
3321, 55.34167, 0.461657, -110.022, 1.36877, -71.6728, 0.267255, 85.2335, 0.000377082, -93.0033, 0.0205896, 51.9377, 0.0204334, -125.497
3321, 55.35000, 0.462517, -110.008, 1.37317, -71.5985, 0.268913, 86.0201, 0.000376939, -93.0429, 0.0205927, 51.9287, 0.0204319, -125.505
3322, 55.35833, 0.463379, -109.993, 1.37757, -71.5247, 0.270621, 86.7969, 0.000376796, -93.0825, 0.0205958, 51.9197, 0.0204304, -125.513
3322, 55.36667, 0.464242, -109.979, 1.38199, -71.4515, 0.272378, 87.5638, 0.000376652, -93.1219, 0.020599, 51.9107, 0.0204289, -125.521
3323, 55.37500, 0.465107, -109.965, 1.38641, -71.3787, 0.274184, 88.3205, 0.000376507, -93.1613, 0.0206021, 51.9017, 0.0204274, -125.529
3323, 55.38333, 0.465974, -109.951, 1.39084, -71.3066, 0.276037, 89.0672, 0.000376362, -93.2005, 0.0206053, 51.8927, 0.020426, -125.537
3324, 55.39167, 0.466842, -109.937, 1.39527, -71.2349, 0.277937, 89.8038, 0.000376216, -93.2397, 0.0206085, 51.8837, 0.0204245, -125.545
3324, 55.40000, 0.467712, -109.923, 1.39971, -71.1637, 0.279882, 90.5301, 0.000376069, -93.2788, 0.0206116, 51.8747, 0.0204231, -125.553
3325, 55.40833, 0.468584, -109.91, 1.40415, -71.0931, 0.281872, 91.2462, 0.000375922, -93.3179, 0.0206148, 51.8656, 0.0204216, -125.56
3325, 55.41667, 0.469458, -109.896, 1.40861, -71.023, 0.283906, 91.9522, 0.000375774, -93.3568, 0.020618, 51.8566, 0.0204202, -125.568
3326, 55.42500, 0.470333, -109.883, 1.41307, -70.9534, 0.285983, 92.6479, 0.000375625, -93.3957, 0.0206213, 51.8475, 0.0204188, -125.576
3326, 55.43333, 0.471209, -109.87, 1.41753, -70.8842, 0.288101, 93.3334, 0.000375476, -93.4344, 0.0206245, 51.8385, 0.0204173, -125.584
3327, 55.44167, 0.472088, -109.857, 1.422, -70.8156, 0.29026, 94.0088, 0.000375326, -93.4731, 0.0206277, 51.8294, 0.0204159, -125.592
3327, 55.45000, 0.472968, -109.844, 1.42648, -70.7475, 0.292459, 94.674, 0.000375175, -93.5117, 0.020631, 51.8203, 0.0204145, -125.6
3328, 55.45833, 0.47385, -109.832, 1.43096, -70.6799, 0.294698, 95.3291, 0.000375024, -93.5503, 0.0206342, 51.8112, 0.0204131, -125.608
3328, 55.46667, 0.474734, -109.819, 1.43546, -70.6127, 0.296974, 95.9743, 0.000374871, -93.5887, 0.0206375, 51.8021, 0.0204118, -125.616
3329, 55.47500, 0.475619, -109.807, 1.43995, -70.546, 0.299288, 96.6094, 0.000374719, -93.627, 0.0206408, 51.793, 0.0204104, -125.624
3329, 55.48333, 0.476506, -109.794, 1.44446, -70.4799, 0.301638, 97.2347, 0.000374565, -93.6653, 0.0206441, 51.7839, 0.020409, -125.632
3330, 55.49167, 0.477395, -109.782, 1.44897, -70.4141, 0.304024, 97.8503, 0.000374411, -93.7035, 0.0206474, 51.7748, 0.0204077, -125.639
3330, 55.50000, 0.478285, -109.77, 1.45348, -70.3489, 0.306445, 98.4561, 0.000374256, -93.7416, 0.0206507, 51.7657, 0.0204063, -125.647
3331, 55.50833, 0.479177, -109.759, 1.458, -70.2841, 0.3089, 99.0522, 0.0003741, -93.7796, 0.020654, 51.7566, 0.020405, -125.655
3331, 55.51667, 0.480071, -109.747, 1.46253, -70.2198, 0.311388, 99.639, 0.000373944, -93.8175, 0.0206574, 51.7474, 0.0204037, -125.663
3332, 55.52500, 0.480966, -109.736, 1.46707, -70.156, 0.313908, 100.216, 0.000373787, -93.8554, 0.0206607, 51.7383, 0.0204023, -125.671
3332, 55.53333, 0.481863, -109.724, 1.47161, -70.0926, 0.31646, 100.784, 0.000373629, -93.8931, 0.0206641, 51.7291, 0.020401, -125.679
3333, 55.54167, 0.482762, -109.713, 1.47615, -70.0297, 0.319043, 101.343, 0.000373471, -93.9308, 0.0206674, 51.7199, 0.0203997, -125.687
3333, 55.55000, 0.483663, -109.702, 1.48071, -69.9672, 0.321656, 101.893, 0.000373312, -93.9684, 0.0206708, 51.7108, 0.0203984, -125.695
3334, 55.55833, 0.484565, -109.691, 1.48527, -69.9052, 0.324299, 102.433, 0.000373152, -94.0059, 0.0206742, 51.7016, 0.0203972, -125.703
3334, 55.56667, 0.485469, -109.68, 1.48983, -69.8436, 0.32697, 102.965, 0.000372991, -94.0433, 0.0206776, 51.6924, 0.0203959, -125.711
3335, 55.57500, 0.486375, -109.669, 1.49441, -69.7825, 0.329669, 103.489, 0.00037283, -94.0807, 0.020681, 51.6832, 0.0203946, -125.719
3335, 55.58333, 0.487282, -109.659, 1.49898, -69.7218, 0.332395, 104.003, 0.000372668, -94.1179, 0.0206845, 51.674, 0.0203934, -125.726
3336, 55.59167, 0.488192, -109.649, 1.50357, -69.6615, 0.335149, 104.509, 0.000372505, -94.1551, 0.0206879, 51.6647, 0.0203921, -125.734
3336, 55.60000, 0.489103, -109.638, 1.50816, -69.6017, 0.337928, 105.007, 0.000372342, -94.1922, 0.0206913, 51.6555, 0.0203909, -125.742
3337, 55.60833, 0.490015, -109.628, 1.51275, -69.5423, 0.340732, 105.497, 0.000372178, -94.2292, 0.0206948, 51.6463, 0.0203897, -125.75
3337, 55.61667, 0.490929, -109.618, 1.51736, -69.4833, 0.343562, 105.979, 0.000372013, -94.2661, 0.0206983, 51.637, 0.0203884, -125.758
3338, 55.62500, 0.491845, -109.609, 1.52197, -69.4248, 0.346416, 106.452, 0.000371848, -94.3029, 0.0207018, 51.6278, 0.0203872, -125.766
3338, 55.63333, 0.492763, -109.599, 1.52658, -69.3666, 0.349293, 106.918, 0.000371682, -94.3396, 0.0207053, 51.6185, 0.020386, -125.774
3339, 55.64167, 0.493683, -109.589, 1.5312, -69.3089, 0.352193, 107.376, 0.000371515, -94.3763, 0.0207088, 51.6093, 0.0203848, -125.782
3339, 55.65000, 0.494604, -109.58, 1.53583, -69.2516, 0.355116, 107.827, 0.000371347, -94.4129, 0.0207123, 51.6, 0.0203836, -125.79
3340, 55.65833, 0.495527, -109.571, 1.54046, -69.1947, 0.35806, 108.27, 0.000371179, -94.4493, 0.0207158, 51.5907, 0.0203825, -125.798
3340, 55.66667, 0.496452, -109.562, 1.5451, -69.1382, 0.361026, 108.706, 0.000371009, -94.4857, 0.0207193, 51.5814, 0.0203813, -125.806
3341, 55.67500, 0.497378, -109.553, 1.54975, -69.0822, 0.364013, 109.135, 0.00037084, -94.5221, 0.0207229, 51.5721, 0.0203801, -125.813
3341, 55.68333, 0.498306, -109.544, 1.5544, -69.0265, 0.36702, 109.557, 0.000370669, -94.5583, 0.0207265, 51.5628, 0.020379, -125.821
3342, 55.69167, 0.499236, -109.535, 1.55906, -68.9712, 0.370048, 109.972, 0.000370498, -94.5944, 0.02073, 51.5535, 0.0203779, -125.829
3342, 55.70000, 0.500168, -109.527, 1.56372, -68.9163, 0.373094, 110.38, 0.000370326, -94.6305, 0.0207336, 51.5441, 0.0203767, -125.837
3343, 55.70833, 0.501101, -109.518, 1.56839, -68.8618, 0.37616, 110.781, 0.000370153, -94.6664, 0.0207372, 51.5348, 0.0203756, -125.845
3343, 55.71667, 0.502036, -109.51, 1.57307, -68.8077, 0.379244, 111.176, 0.00036998, -94.7023, 0.0207408, 51.5254, 0.0203745, -125.853
3344, 55.72500, 0.502973, -109.502, 1.57775, -68.754, 0.382346, 111.564, 0.000369805, -94.7381, 0.0207444, 51.5161, 0.0203734, -125.861
3344, 55.73333, 0.503911, -109.494, 1.58244, -68.7007, 0.385466, 111.947, 0.000369631, -94.7738, 0.0207481, 51.5067, 0.0203723, -125.869
3345, 55.74167, 0.504852, -109.486, 1.58714, -68.6478, 0.388603, 112.323, 0.000369455, -94.8094, 0.0207517, 51.4973, 0.0203712, -125.877
3345, 55.75000, 0.505794, -109.478, 1.59184, -68.5952, 0.391757, 112.693, 0.000369278, -94.845, 0.0207554, 51.488, 0.0203701, -125.885
3346, 55.75833, 0.506738, -109.47, 1.59654, -68.543, 0.394927, 113.057, 0.000369101, -94.8804, 0.020759, 51.4786, 0.0203691, -125.893
3346, 55.76667, 0.507683, -109.463, 1.60125, -68.4912, 0.398114, 113.415, 0.000368923, -94.9158, 0.0207627, 51.4692, 0.020368, -125.901
3347, 55.77500, 0.50863, -109.456, 1.60597, -68.4398, 0.401316, 113.767, 0.000368745, -94.951, 0.0207664, 51.4597, 0.0203669, -125.908
3347, 55.78333, 0.509579, -109.448, 1.6107, -68.3887, 0.404533, 114.114, 0.000368566, -94.9862, 0.0207701, 51.4503, 0.0203659, -125.916
3348, 55.79167, 0.51053, -109.441, 1.61543, -68.338, 0.407766, 114.456, 0.000368385, -95.0213, 0.0207738, 51.4409, 0.0203649, -125.924
3348, 55.80000, 0.511483, -109.434, 1.62016, -68.2876, 0.411013, 114.791, 0.000368205, -95.0563, 0.0207775, 51.4315, 0.0203638, -125.932
3349, 55.80833, 0.512437, -109.428, 1.62491, -68.2377, 0.414274, 115.122, 0.000368023, -95.0913, 0.0207813, 51.422, 0.0203628, -125.94
3349, 55.81667, 0.513393, -109.421, 1.62966, -68.188, 0.41755, 115.448, 0.000367841, -95.1261, 0.020785, 51.4126, 0.0203618, -125.948
3350, 55.82500, 0.514351, -109.414, 1.63441, -68.1388, 0.420839, 115.768, 0.000367658, -95.1608, 0.0207888, 51.4031, 0.0203608, -125.956
3350, 55.83333, 0.515311, -109.408, 1.63917, -68.0899, 0.424141, 116.083, 0.000367474, -95.1955, 0.0207925, 51.3936, 0.0203598, -125.964
3351, 55.84167, 0.516272, -109.402, 1.64394, -68.0413, 0.427457, 116.394, 0.000367289, -95.2301, 0.0207963, 51.3841, 0.0203589, -125.972
3351, 55.85000, 0.517235, -109.396, 1.64871, -67.9931, 0.430785, 116.7, 0.000367104, -95.2645, 0.0208001, 51.3746, 0.0203579, -125.98
3352, 55.85833, 0.5182, -109.39, 1.65349, -67.9452, 0.434126, 117.001, 0.000366918, -95.2989, 0.0208039, 51.3651, 0.0203569, -125.988
3352, 55.86667, 0.519167, -109.384, 1.65828, -67.8977, 0.437479, 117.297, 0.000366731, -95.3332, 0.0208077, 51.3556, 0.020356, -125.996
3353, 55.87500, 0.520135, -109.378, 1.66307, -67.8505, 0.440844, 117.589, 0.000366543, -95.3675, 0.0208116, 51.3461, 0.020355, -126.004
3353, 55.88333, 0.521105, -109.372, 1.66786, -67.8037, 0.444221, 117.876, 0.000366355, -95.4016, 0.0208154, 51.3366, 0.0203541, -126.012
3354, 55.89167, 0.522078, -109.367, 1.67267, -67.7572, 0.44761, 118.159, 0.000366166, -95.4356, 0.0208192, 51.327, 0.0203532, -126.019
3354, 55.90000, 0.523051, -109.362, 1.67747, -67.711, 0.451009, 118.438, 0.000365976, -95.4696, 0.0208231, 51.3175, 0.0203522, -126.027
3355, 55.90833, 0.524027, -109.356, 1.68229, -67.6652, 0.45442, 118.713, 0.000365785, -95.5034, 0.020827, 51.3079, 0.0203513, -126.035
3355, 55.91667, 0.525004, -109.351, 1.68711, -67.6197, 0.457841, 118.983, 0.000365594, -95.5372, 0.0208309, 51.2984, 0.0203504, -126.043
3356, 55.92500, 0.525983, -109.346, 1.69194, -67.5745, 0.461273, 119.25, 0.000365402, -95.5709, 0.0208348, 51.2888, 0.0203496, -126.051
3356, 55.93333, 0.526964, -109.341, 1.69677, -67.5297, 0.464715, 119.512, 0.000365209, -95.6045, 0.0208387, 51.2792, 0.0203487, -126.059
3357, 55.94167, 0.527947, -109.337, 1.70161, -67.4851, 0.468168, 119.771, 0.000365015, -95.638, 0.0208426, 51.2696, 0.0203478, -126.067
3357, 55.95000, 0.528931, -109.332, 1.70645, -67.4409, 0.47163, 120.026, 0.000364821, -95.6714, 0.0208465, 51.26, 0.0203469, -126.075
3358, 55.95833, 0.529917, -109.328, 1.7113, -67.3971, 0.475102, 120.277, 0.000364626, -95.7047, 0.0208505, 51.2504, 0.0203461, -126.083
3358, 55.96667, 0.530906, -109.323, 1.71616, -67.3535, 0.478584, 120.524, 0.00036443, -95.7379, 0.0208544, 51.2407, 0.0203452, -126.091
3359, 55.97500, 0.531895, -109.319, 1.72102, -67.3102, 0.482074, 120.768, 0.000364233, -95.771, 0.0208584, 51.2311, 0.0203444, -126.099
3359, 55.98333, 0.532887, -109.315, 1.72589, -67.2673, 0.485574, 121.008, 0.000364035, -95.8041, 0.0208624, 51.2215, 0.0203436, -126.107
3360, 55.99167, 0.53388, -109.311, 1.73077, -67.2247, 0.489084, 121.245, 0.000363837, -95.837, 0.0208664, 51.2118, 0.0203428, -126.115
3360, 56.00000, 0.534876, -109.307, 1.73565, -67.1824, 0.492601, 121.479, 0.000363638, -95.8699, 0.0208704, 51.2021, 0.020342, -126.123
3361, 56.00833, 0.535873, -109.304, 1.74053, -67.1403, 0.496128, 121.709, 0.000363438, -95.9027, 0.0208744, 51.1925, 0.0203412, -126.131
3361, 56.01667, 0.536871, -109.3, 1.74543, -67.0986, 0.499663, 121.936, 0.000363237, -95.9353, 0.0208784, 51.1828, 0.0203404, -126.139
3362, 56.02500, 0.537872, -109.297, 1.75033, -67.0572, 0.503206, 122.16, 0.000363036, -95.9679, 0.0208825, 51.1731, 0.0203396, -126.147
3362, 56.03333, 0.538875, -109.293, 1.75523, -67.0161, 0.506757, 122.38, 0.000362834, -96.0004, 0.0208865, 51.1634, 0.0203388, -126.155
3363, 56.04167, 0.539879, -109.29, 1.76014, -66.9753, 0.510317, 122.598, 0.000362631, -96.0328, 0.0208906, 51.1537, 0.020338, -126.163
3363, 56.05000, 0.540885, -109.287, 1.76506, -66.9348, 0.513884, 122.813, 0.000362427, -96.0651, 0.0208947, 51.144, 0.0203373, -126.171
3364, 56.05833, 0.541893, -109.284, 1.76998, -66.8946, 0.517459, 123.024, 0.000362222, -96.0974, 0.0208987, 51.1342, 0.0203365, -126.178
3364, 56.06667, 0.542902, -109.281, 1.77491, -66.8547, 0.521042, 123.233, 0.000362017, -96.1295, 0.0209028, 51.1245, 0.0203358, -126.186
3365, 56.07500, 0.543914, -109.279, 1.77984, -66.815, 0.524632, 123.439, 0.000361811, -96.1615, 0.020907, 51.1147, 0.0203351, -126.194
3365, 56.08333, 0.544927, -109.276, 1.78479, -66.7757, 0.528229, 123.642, 0.000361604, -96.1935, 0.0209111, 51.105, 0.0203344, -126.202
3366, 56.09167, 0.545942, -109.274, 1.78973, -66.7367, 0.531834, 123.842, 0.000361396, -96.2253, 0.0209152, 51.0952, 0.0203337, -126.21
3366, 56.10000, 0.546959, -109.271, 1.79468, -66.6979, 0.535445, 124.04, 0.000361187, -96.257, 0.0209194, 51.0854, 0.020333, -126.218
3367, 56.10833, 0.547978, -109.269, 1.79964, -66.6594, 0.539063, 124.235, 0.000360978, -96.2887, 0.0209235, 51.0756, 0.0203323, -126.226
3367, 56.11667, 0.548999, -109.267, 1.80461, -66.6212, 0.542689, 124.427, 0.000360768, -96.3203, 0.0209277, 51.0658, 0.0203316, -126.234
3368, 56.12500, 0.550021, -109.265, 1.80958, -66.5833, 0.546321, 124.617, 0.000360557, -96.3517, 0.0209319, 51.056, 0.0203309, -126.242
3368, 56.13333, 0.551045, -109.263, 1.81456, -66.5457, 0.54996, 124.804, 0.000360345, -96.3831, 0.0209361, 51.0462, 0.0203302, -126.25
3369, 56.14167, 0.552071, -109.262, 1.81954, -66.5083, 0.553605, 124.989, 0.000360133, -96.4144, 0.0209403, 51.0364, 0.0203296, -126.258
3369, 56.15000, 0.553099, -109.26, 1.82453, -66.4712, 0.557256, 125.171, 0.000359919, -96.4456, 0.0209445, 51.0265, 0.020329, -126.266
3370, 56.15833, 0.554129, -109.259, 1.82952, -66.4344, 0.560914, 125.351, 0.000359705, -96.4767, 0.0209487, 51.0167, 0.0203283, -126.274
3370, 56.16667, 0.555161, -109.257, 1.83452, -66.3978, 0.564578, 125.529, 0.00035949, -96.5077, 0.020953, 51.0068, 0.0203277, -126.282
3371, 56.17500, 0.556194, -109.256, 1.83953, -66.3616, 0.568248, 125.704, 0.000359274, -96.5385, 0.0209572, 50.9969, 0.0203271, -126.29
3371, 56.18333, 0.557229, -109.255, 1.84454, -66.3256, 0.571924, 125.877, 0.000359058, -96.5693, 0.0209615, 50.987, 0.0203265, -126.298
3372, 56.19167, 0.558266, -109.254, 1.84956, -66.2898, 0.575607, 126.048, 0.00035884, -96.6001, 0.0209658, 50.9771, 0.0203259, -126.306
3372, 56.20000, 0.559305, -109.253, 1.85459, -66.2543, 0.579294, 126.217, 0.000358622, -96.6307, 0.0209701, 50.9672, 0.0203253, -126.314
3373, 56.20833, 0.560346, -109.253, 1.85962, -66.2191, 0.582988, 126.384, 0.000358403, -96.6612, 0.0209744, 50.9573, 0.0203247, -126.322
3373, 56.21667, 0.561389, -109.252, 1.86466, -66.1842, 0.586687, 126.548, 0.000358183, -96.6916, 0.0209787, 50.9474, 0.0203241, -126.33
3374, 56.22500, 0.562433, -109.251, 1.8697, -66.1495, 0.590392, 126.711, 0.000357963, -96.7219, 0.0209831, 50.9375, 0.0203236, -126.338
3374, 56.23333, 0.56348, -109.251, 1.87475, -66.1151, 0.594102, 126.871, 0.000357741, -96.7521, 0.0209874, 50.9275, 0.020323, -126.346
3375, 56.24167, 0.564528, -109.251, 1.8798, -66.0809, 0.597818, 127.03, 0.000357519, -96.7822, 0.0209918, 50.9176, 0.0203225, -126.354
3375, 56.25000, 0.565578, -109.251, 1.88487, -66.047, 0.601538, 127.186, 0.000357296, -96.8122, 0.0209961, 50.9076, 0.0203219, -126.362
3376, 56.25833, 0.56663, -109.251, 1.88993, -66.0133, 0.605264, 127.341, 0.000357072, -96.8422, 0.0210005, 50.8976, 0.0203214, -126.37
3376, 56.26667, 0.567684, -109.251, 1.89501, -65.9799, 0.608996, 127.494, 0.000356847, -96.872, 0.0210049, 50.8876, 0.0203209, -126.378
3377, 56.27500, 0.568739, -109.251, 1.90009, -65.9467, 0.612732, 127.645, 0.000356621, -96.9017, 0.0210093, 50.8776, 0.0203204, -126.386
3377, 56.28333, 0.569797, -109.251, 1.90517, -65.9138, 0.616473, 127.794, 0.000356395, -96.9313, 0.0210137, 50.8676, 0.0203199, -126.394
3378, 56.29167, 0.570856, -109.252, 1.91026, -65.8811, 0.62022, 127.941, 0.000356168, -96.9609, 0.0210182, 50.8576, 0.0203194, -126.402
3378, 56.30000, 0.571918, -109.252, 1.91536, -65.8487, 0.623971, 128.086, 0.00035594, -96.9903, 0.0210226, 50.8476, 0.0203189, -126.41
3379, 56.30833, 0.572981, -109.253, 1.92047, -65.8165, 0.627727, 128.23, 0.000355711, -97.0196, 0.0210271, 50.8375, 0.0203184, -126.418
3379, 56.31667, 0.574046, -109.254, 1.92558, -65.7846, 0.631489, 128.372, 0.000355481, -97.0489, 0.0210315, 50.8275, 0.020318, -126.426
3380, 56.32500, 0.575113, -109.255, 1.93069, -65.7529, 0.635254, 128.513, 0.000355251, -97.078, 0.021036, 50.8174, 0.0203175, -126.434
3380, 56.33333, 0.576181, -109.256, 1.93582, -65.7214, 0.639024, 128.651, 0.000355019, -97.107, 0.0210405, 50.8074, 0.0203171, -126.442
3381, 56.34167, 0.577252, -109.257, 1.94094, -65.6902, 0.642799, 128.789, 0.000354787, -97.1359, 0.021045, 50.7973, 0.0203166, -126.45
3381, 56.35000, 0.578325, -109.258, 1.94608, -65.6592, 0.646579, 128.924, 0.000354554, -97.1647, 0.0210495, 50.7872, 0.0203162, -126.458
3382, 56.35833, 0.579399, -109.26, 1.95122, -65.6285, 0.650363, 129.058, 0.00035432, -97.1935, 0.0210541, 50.7771, 0.0203158, -126.466
3382, 56.36667, 0.580475, -109.261, 1.95637, -65.598, 0.654151, 129.191, 0.000354085, -97.2221, 0.0210586, 50.767, 0.0203154, -126.474
3383, 56.37500, 0.581554, -109.263, 1.96152, -65.5677, 0.657944, 129.321, 0.00035385, -97.2506, 0.0210632, 50.7568, 0.020315, -126.482
3383, 56.38333, 0.582634, -109.265, 1.96668, -65.5376, 0.661741, 129.451, 0.000353613, -97.279, 0.0210677, 50.7467, 0.0203146, -126.49
3384, 56.39167, 0.583716, -109.266, 1.97185, -65.5078, 0.665542, 129.579, 0.000353376, -97.3073, 0.0210723, 50.7365, 0.0203142, -126.498
3384, 56.40000, 0.5848, -109.268, 1.97702, -65.4782, 0.669348, 129.705, 0.000353138, -97.3355, 0.0210769, 50.7264, 0.0203139, -126.506
3385, 56.40833, 0.585885, -109.27, 1.98219, -65.4489, 0.673158, 129.83, 0.000352899, -97.3636, 0.0210815, 50.7162, 0.0203135, -126.514
3385, 56.41667, 0.586973, -109.273, 1.98738, -65.4197, 0.676972, 129.954, 0.000352659, -97.3916, 0.0210861, 50.706, 0.0203131, -126.523
3386, 56.42500, 0.588063, -109.275, 1.99257, -65.3908, 0.68079, 130.076, 0.000352418, -97.4195, 0.0210908, 50.6958, 0.0203128, -126.531
3386, 56.43333, 0.589154, -109.277, 1.99776, -65.3621, 0.684612, 130.197, 0.000352177, -97.4473, 0.0210954, 50.6856, 0.0203125, -126.539
3387, 56.44167, 0.590248, -109.28, 2.00297, -65.3337, 0.688438, 130.317, 0.000351934, -97.475, 0.0211001, 50.6754, 0.0203121, -126.547
3387, 56.45000, 0.591343, -109.282, 2.00818, -65.3054, 0.692268, 130.435, 0.000351691, -97.5025, 0.0211047, 50.6652, 0.0203118, -126.555
3388, 56.45833, 0.59244, -109.285, 2.01339, -65.2774, 0.696102, 130.552, 0.000351447, -97.53, 0.0211094, 50.655, 0.0203115, -126.563
3388, 56.46667, 0.593539, -109.288, 2.01861, -65.2496, 0.699941, 130.668, 0.000351202, -97.5574, 0.0211141, 50.6447, 0.0203112, -126.571
3389, 56.47500, 0.59464, -109.291, 2.02384, -65.222, 0.703782, 130.783, 0.000350956, -97.5846, 0.0211188, 50.6345, 0.0203109, -126.579
3389, 56.48333, 0.595743, -109.294, 2.02907, -65.1946, 0.707628, 130.896, 0.000350709, -97.6118, 0.0211236, 50.6242, 0.0203107, -126.587
3390, 56.49167, 0.596848, -109.297, 2.03431, -65.1675, 0.711478, 131.008, 0.000350462, -97.6388, 0.0211283, 50.6139, 0.0203104, -126.595
3390, 56.50000, 0.597955, -109.301, 2.03956, -65.1405, 0.715331, 131.119, 0.000350214, -97.6657, 0.021133, 50.6036, 0.0203101, -126.603
3391, 56.50833, 0.599064, -109.304, 2.04481, -65.1138, 0.719188, 131.228, 0.000349964, -97.6926, 0.0211378, 50.5933, 0.0203099, -126.611
3391, 56.51667, 0.600174, -109.308, 2.05007, -65.0873, 0.723049, 131.337, 0.000349714, -97.7193, 0.0211426, 50.583, 0.0203097, -126.619
3392, 56.52500, 0.601287, -109.311, 2.05534, -65.061, 0.726913, 131.444, 0.000349463, -97.7459, 0.0211474, 50.5727, 0.0203094, -126.627
3392, 56.53333, 0.602402, -109.315, 2.06061, -65.0349, 0.730781, 131.551, 0.000349211, -97.7724, 0.0211522, 50.5623, 0.0203092, -126.635
3393, 56.54167, 0.603518, -109.319, 2.06589, -65.009, 0.734653, 131.656, 0.000348958, -97.7988, 0.021157, 50.552, 0.020309, -126.643
3393, 56.55000, 0.604636, -109.323, 2.07117, -64.9833, 0.738528, 131.76, 0.000348705, -97.825, 0.0211618, 50.5416, 0.0203088, -126.652
3394, 56.55833, 0.605757, -109.327, 2.07646, -64.9578, 0.742406, 131.863, 0.00034845, -97.8512, 0.0211667, 50.5312, 0.0203086, -126.66
3394, 56.56667, 0.606879, -109.331, 2.08176, -64.9325, 0.746289, 131.965, 0.000348195, -97.8773, 0.0211715, 50.5209, 0.0203084, -126.668
3395, 56.57500, 0.608003, -109.335, 2.08706, -64.9075, 0.750174, 132.066, 0.000347939, -97.9032, 0.0211764, 50.5105, 0.0203082, -126.676
3395, 56.58333, 0.60913, -109.34, 2.09237, -64.8826, 0.754063, 132.165, 0.000347682, -97.929, 0.0211813, 50.5001, 0.0203081, -126.684
3396, 56.59167, 0.610258, -109.344, 2.09768, -64.8579, 0.757956, 132.264, 0.000347424, -97.9547, 0.0211861, 50.4896, 0.0203079, -126.692
3396, 56.60000, 0.611388, -109.349, 2.10301, -64.8334, 0.761852, 132.362, 0.000347165, -97.9803, 0.0211911, 50.4792, 0.0203078, -126.7
3397, 56.60833, 0.61252, -109.354, 2.10833, -64.8092, 0.765752, 132.459, 0.000346905, -98.0058, 0.021196, 50.4688, 0.0203076, -126.708
3397, 56.61667, 0.613654, -109.358, 2.11367, -64.7851, 0.769655, 132.555, 0.000346644, -98.0312, 0.0212009, 50.4583, 0.0203075, -126.716
3398, 56.62500, 0.61479, -109.363, 2.11901, -64.7612, 0.773561, 132.65, 0.000346383, -98.0565, 0.0212058, 50.4478, 0.0203074, -126.724
3398, 56.63333, 0.615928, -109.368, 2.12436, -64.7375, 0.77747, 132.744, 0.00034612, -98.0816, 0.0212108, 50.4374, 0.0203073, -126.732
3399, 56.64167, 0.617068, -109.374, 2.12971, -64.714, 0.781383, 132.837, 0.000345857, -98.1067, 0.0212158, 50.4269, 0.0203072, -126.741
3399, 56.65000, 0.61821, -109.379, 2.13507, -64.6907, 0.785299, 132.929, 0.000345593, -98.1316, 0.0212208, 50.4164, 0.0203071, -126.749
3400, 56.65833, 0.619354, -109.384, 2.14044, -64.6676, 0.789219, 133.02, 0.000345328, -98.1564, 0.0212258, 50.4059, 0.020307, -126.757
3400, 56.66667, 0.6205, -109.39, 2.14581, -64.6447, 0.793142, 133.111, 0.000345062, -98.1811, 0.0212308, 50.3953, 0.0203069, -126.765
3401, 56.67500, 0.621647, -109.395, 2.15119, -64.6219, 0.797067, 133.2, 0.000344795, -98.2056, 0.0212358, 50.3848, 0.0203069, -126.773
3401, 56.68333, 0.622797, -109.401, 2.15658, -64.5994, 0.800996, 133.289, 0.000344527, -98.2301, 0.0212408, 50.3742, 0.0203068, -126.781
3402, 56.69167, 0.623949, -109.407, 2.16197, -64.577, 0.804929, 133.376, 0.000344258, -98.2544, 0.0212459, 50.3637, 0.0203068, -126.789
3402, 56.70000, 0.625103, -109.413, 2.16737, -64.5549, 0.808864, 133.463, 0.000343989, -98.2786, 0.021251, 50.3531, 0.0203068, -126.797
3403, 56.70833, 0.626258, -109.419, 2.17277, -64.5329, 0.812803, 133.55, 0.000343718, -98.3027, 0.021256, 50.3425, 0.0203067, -126.806
3403, 56.71667, 0.627416, -109.425, 2.17818, -64.5111, 0.816745, 133.635, 0.000343447, -98.3267, 0.0212611, 50.3319, 0.0203067, -126.814
3404, 56.72500, 0.628576, -109.431, 2.1836, -64.4895, 0.820689, 133.719, 0.000343174, -98.3506, 0.0212662, 50.3213, 0.0203067, -126.822
3404, 56.73333, 0.629738, -109.437, 2.18903, -64.4681, 0.824637, 133.803, 0.000342901, -98.3743, 0.0212714, 50.3107, 0.0203067, -126.83
3405, 56.74167, 0.630901, -109.444, 2.19446, -64.4468, 0.828589, 133.886, 0.000342627, -98.3979, 0.0212765, 50.3001, 0.0203067, -126.838
3405, 56.75000, 0.632067, -109.45, 2.1999, -64.4258, 0.832543, 133.968, 0.000342352, -98.4214, 0.0212816, 50.2894, 0.0203068, -126.846
3406, 56.75833, 0.633235, -109.457, 2.20534, -64.4049, 0.8365, 134.049, 0.000342076, -98.4448, 0.0212868, 50.2787, 0.0203068, -126.854
3406, 56.76667, 0.634405, -109.463, 2.21079, -64.3842, 0.840461, 134.13, 0.000341799, -98.4681, 0.021292, 50.2681, 0.0203068, -126.863
3407, 56.77500, 0.635576, -109.47, 2.21625, -64.3636, 0.844424, 134.21, 0.000341522, -98.4912, 0.0212972, 50.2574, 0.0203069, -126.871
3407, 56.78333, 0.63675, -109.477, 2.22171, -64.3433, 0.84839, 134.289, 0.000341243, -98.5142, 0.0213024, 50.2467, 0.020307, -126.879
3408, 56.79167, 0.637926, -109.484, 2.22718, -64.3231, 0.85236, 134.367, 0.000340963, -98.5371, 0.0213076, 50.236, 0.020307, -126.887
3408, 56.80000, 0.639104, -109.491, 2.23266, -64.3031, 0.856332, 134.445, 0.000340683, -98.5598, 0.0213128, 50.2253, 0.0203071, -126.895
3409, 56.80833, 0.640283, -109.499, 2.23815, -64.2833, 0.860307, 134.522, 0.000340402, -98.5825, 0.0213181, 50.2145, 0.0203072, -126.903
3409, 56.81667, 0.641465, -109.506, 2.24364, -64.2636, 0.864286, 134.598, 0.000340119, -98.605, 0.0213233, 50.2038, 0.0203073, -126.912
3410, 56.82500, 0.642649, -109.513, 2.24913, -64.2442, 0.868268, 134.674, 0.000339836, -98.6274, 0.0213286, 50.193, 0.0203074, -126.92
3410, 56.83333, 0.643835, -109.521, 2.25464, -64.2249, 0.872252, 134.749, 0.000339552, -98.6496, 0.0213339, 50.1823, 0.0203075, -126.928
3411, 56.84167, 0.645023, -109.529, 2.26015, -64.2057, 0.876239, 134.823, 0.000339267, -98.6718, 0.0213392, 50.1715, 0.0203077, -126.936
3411, 56.85000, 0.646213, -109.536, 2.26566, -64.1868, 0.88023, 134.897, 0.000338981, -98.6937, 0.0213445, 50.1607, 0.0203078, -126.944
3412, 56.85833, 0.647405, -109.544, 2.27119, -64.168, 0.884223, 134.97, 0.000338694, -98.7156, 0.0213498, 50.1499, 0.020308, -126.953
3412, 56.86667, 0.648599, -109.552, 2.27672, -64.1493, 0.888219, 135.042, 0.000338406, -98.7374, 0.0213551, 50.139, 0.0203081, -126.961
3413, 56.87500, 0.649795, -109.56, 2.28225, -64.1309, 0.892218, 135.114, 0.000338117, -98.759, 0.0213605, 50.1282, 0.0203083, -126.969
3413, 56.88333, 0.650993, -109.568, 2.2878, -64.1126, 0.89622, 135.185, 0.000337828, -98.7805, 0.0213659, 50.1174, 0.0203085, -126.977
3414, 56.89167, 0.652193, -109.576, 2.29335, -64.0945, 0.900226, 135.255, 0.000337537, -98.8018, 0.0213712, 50.1065, 0.0203087, -126.985
3414, 56.90000, 0.653395, -109.585, 2.29891, -64.0765, 0.904233, 135.325, 0.000337245, -98.823, 0.0213766, 50.0956, 0.0203089, -126.994
3415, 56.90833, 0.654599, -109.593, 2.30447, -64.0587, 0.908244, 135.395, 0.000336953, -98.8441, 0.021382, 50.0847, 0.0203091, -127.002
3415, 56.91667, 0.655806, -109.602, 2.31004, -64.0411, 0.912258, 135.463, 0.000336659, -98.8651, 0.0213875, 50.0738, 0.0203093, -127.01
3416, 56.92500, 0.657014, -109.61, 2.31562, -64.0236, 0.916274, 135.531, 0.000336365, -98.8859, 0.0213929, 50.0629, 0.0203095, -127.018
3416, 56.93333, 0.658224, -109.619, 2.3212, -64.0063, 0.920294, 135.599, 0.00033607, -98.9066, 0.0213983, 50.052, 0.0203097, -127.026
3417, 56.94167, 0.659437, -109.628, 2.32679, -63.9891, 0.924316, 135.666, 0.000335773, -98.9272, 0.0214038, 50.0411, 0.02031, -127.035
3417, 56.95000, 0.660651, -109.637, 2.33239, -63.9722, 0.928341, 135.732, 0.000335476, -98.9476, 0.0214093, 50.0301, 0.0203103, -127.043
3418, 56.95833, 0.661868, -109.646, 2.338, -63.9553, 0.932369, 135.798, 0.000335178, -98.9679, 0.0214148, 50.0192, 0.0203105, -127.051
3418, 56.96667, 0.663087, -109.655, 2.34361, -63.9387, 0.936401, 135.863, 0.000334879, -98.988, 0.0214203, 50.0082, 0.0203108, -127.059
3419, 56.97500, 0.664307, -109.664, 2.34923, -63.9221, 0.940434, 135.928, 0.000334579, -99.008, 0.0214258, 49.9972, 0.0203111, -127.068
3419, 56.98333, 0.66553, -109.674, 2.35485, -63.9058, 0.944471, 135.992, 0.000334278, -99.0279, 0.0214313, 49.9862, 0.0203114, -127.076
3420, 56.99167, 0.666755, -109.683, 2.36048, -63.8896, 0.948511, 136.056, 0.000333976, -99.0476, 0.0214369, 49.9752, 0.0203117, -127.084
3420, 57.00000, 0.667982, -109.693, 2.36612, -63.8736, 0.952553, 136.119, 0.000333673, -99.0672, 0.0214425, 49.9641, 0.020312, -127.092
3421, 57.00833, 0.669211, -109.702, 2.37177, -63.8577, 0.956598, 136.181, 0.00033337, -99.0867, 0.021448, 49.9531, 0.0203123, -127.101
3421, 57.01667, 0.670442, -109.712, 2.37742, -63.8419, 0.960646, 136.243, 0.000333065, -99.106, 0.0214536, 49.942, 0.0203127, -127.109
3422, 57.02500, 0.671676, -109.722, 2.38308, -63.8263, 0.964697, 136.305, 0.000332759, -99.1252, 0.0214592, 49.931, 0.020313, -127.117
3422, 57.03333, 0.672911, -109.732, 2.38875, -63.8109, 0.968751, 136.366, 0.000332452, -99.1442, 0.0214649, 49.9199, 0.0203134, -127.125
3423, 57.04167, 0.674148, -109.742, 2.39442, -63.7956, 0.972808, 136.427, 0.000332145, -99.1631, 0.0214705, 49.9088, 0.0203137, -127.134
3423, 57.05000, 0.675388, -109.752, 2.4001, -63.7805, 0.976867, 136.487, 0.000331836, -99.1819, 0.0214761, 49.8977, 0.0203141, -127.142
3424, 57.05833, 0.67663, -109.762, 2.40579, -63.7655, 0.980929, 136.546, 0.000331527, -99.2005, 0.0214818, 49.8866, 0.0203145, -127.15
3424, 57.06667, 0.677873, -109.772, 2.41148, -63.7507, 0.984994, 136.605, 0.000331216, -99.2189, 0.0214875, 49.8754, 0.0203149, -127.158
3425, 57.07500, 0.679119, -109.783, 2.41718, -63.736, 0.989062, 136.664, 0.000330905, -99.2373, 0.0214932, 49.8643, 0.0203153, -127.167
3425, 57.08333, 0.680367, -109.793, 2.42289, -63.7215, 0.993133, 136.722, 0.000330592, -99.2554, 0.0214989, 49.8531, 0.0203157, -127.175
3426, 57.09167, 0.681617, -109.804, 2.42861, -63.7071, 0.997207, 136.78, 0.000330279, -99.2735, 0.0215046, 49.8419, 0.0203161, -127.183
3426, 57.10000, 0.68287, -109.814, 2.43433, -63.6929, 1.00128, 136.837, 0.000329965, -99.2913, 0.0215103, 49.8307, 0.0203165, -127.192
3427, 57.10833, 0.684124, -109.825, 2.44006, -63.6788, 1.00536, 136.894, 0.000329649, -99.3091, 0.0215161, 49.8195, 0.020317, -127.2
3427, 57.11667, 0.68538, -109.836, 2.4458, -63.6649, 1.00944, 136.951, 0.000329333, -99.3266, 0.0215219, 49.8083, 0.0203174, -127.208
3428, 57.12500, 0.686639, -109.847, 2.45154, -63.6511, 1.01353, 137.007, 0.000329016, -99.3441, 0.0215276, 49.7971, 0.0203179, -127.216
3428, 57.13333, 0.6879, -109.858, 2.45729, -63.6374, 1.01762, 137.062, 0.000328698, -99.3613, 0.0215334, 49.7858, 0.0203184, -127.225
3429, 57.14167, 0.689163, -109.869, 2.46305, -63.6239, 1.02171, 137.117, 0.000328379, -99.3785, 0.0215392, 49.7746, 0.0203189, -127.233
3429, 57.15000, 0.690428, -109.88, 2.46881, -63.6106, 1.0258, 137.172, 0.000328058, -99.3954, 0.0215451, 49.7633, 0.0203193, -127.241
3430, 57.15833, 0.691695, -109.892, 2.47459, -63.5974, 1.0299, 137.226, 0.000327737, -99.4123, 0.0215509, 49.752, 0.0203199, -127.25
3430, 57.16667, 0.692964, -109.903, 2.48037, -63.5843, 1.034, 137.28, 0.000327415, -99.4289, 0.0215568, 49.7407, 0.0203204, -127.258
3431, 57.17500, 0.694236, -109.914, 2.48615, -63.5713, 1.0381, 137.333, 0.000327092, -99.4455, 0.0215626, 49.7294, 0.0203209, -127.266
3431, 57.18333, 0.695509, -109.926, 2.49195, -63.5585, 1.0422, 137.386, 0.000326768, -99.4618, 0.0215685, 49.7181, 0.0203214, -127.275
3432, 57.19167, 0.696785, -109.938, 2.49775, -63.5459, 1.04631, 137.439, 0.000326443, -99.478, 0.0215744, 49.7067, 0.020322, -127.283
3432, 57.20000, 0.698063, -109.949, 2.50355, -63.5334, 1.05042, 137.491, 0.000326117, -99.4941, 0.0215803, 49.6954, 0.0203225, -127.291
3433, 57.20833, 0.699343, -109.961, 2.50937, -63.521, 1.05453, 137.543, 0.00032579, -99.5099, 0.0215863, 49.684, 0.0203231, -127.3
3433, 57.21667, 0.700625, -109.973, 2.51519, -63.5087, 1.05865, 137.595, 0.000325462, -99.5257, 0.0215922, 49.6726, 0.0203236, -127.308
3434, 57.22500, 0.701909, -109.985, 2.52102, -63.4966, 1.06277, 137.646, 0.000325134, -99.5412, 0.0215982, 49.6612, 0.0203242, -127.316
3434, 57.23333, 0.703196, -109.997, 2.52686, -63.4847, 1.06689, 137.696, 0.000324804, -99.5566, 0.0216041, 49.6498, 0.0203248, -127.325
3435, 57.24167, 0.704485, -110.01, 2.5327, -63.4728, 1.07102, 137.747, 0.000324473, -99.5719, 0.0216101, 49.6384, 0.0203254, -127.333
3435, 57.25000, 0.705776, -110.022, 2.53855, -63.4612, 1.07514, 137.797, 0.000324141, -99.587, 0.0216161, 49.6269, 0.020326, -127.342
3436, 57.25833, 0.707069, -110.034, 2.54441, -63.4496, 1.07927, 137.846, 0.000323808, -99.6019, 0.0216221, 49.6155, 0.0203267, -127.35
3436, 57.26667, 0.708364, -110.047, 2.55028, -63.4382, 1.08341, 137.895, 0.000323474, -99.6167, 0.0216282, 49.604, 0.0203273, -127.358
3437, 57.27500, 0.709662, -110.059, 2.55615, -63.4269, 1.08754, 137.944, 0.000323139, -99.6312, 0.0216342, 49.5925, 0.0203279, -127.367
3437, 57.28333, 0.710961, -110.072, 2.56203, -63.4157, 1.09168, 137.993, 0.000322804, -99.6457, 0.0216403, 49.581, 0.0203286, -127.375
3438, 57.29167, 0.712263, -110.085, 2.56792, -63.4047, 1.09582, 138.041, 0.000322467, -99.6599, 0.0216464, 49.5695, 0.0203293, -127.383
3438, 57.30000, 0.713567, -110.098, 2.57382, -63.3938, 1.09997, 138.089, 0.000322129, -99.674, 0.0216524, 49.5579, 0.0203299, -127.392
3439, 57.30833, 0.714873, -110.111, 2.57972, -63.383, 1.10412, 138.136, 0.00032179, -99.688, 0.0216586, 49.5464, 0.0203306, -127.4
3439, 57.31667, 0.716182, -110.124, 2.58563, -63.3724, 1.10827, 138.183, 0.00032145, -99.7017, 0.0216647, 49.5348, 0.0203313, -127.409
3440, 57.32500, 0.717493, -110.137, 2.59155, -63.3619, 1.11242, 138.23, 0.00032111, -99.7153, 0.0216708, 49.5233, 0.020332, -127.417
3440, 57.33333, 0.718805, -110.15, 2.59748, -63.3515, 1.11658, 138.277, 0.000320768, -99.7287, 0.021677, 49.5117, 0.0203327, -127.425
3441, 57.34167, 0.720121, -110.163, 2.60341, -63.3413, 1.12074, 138.323, 0.000320425, -99.7419, 0.0216831, 49.5001, 0.0203335, -127.434
3441, 57.35000, 0.721438, -110.177, 2.60935, -63.3312, 1.1249, 138.368, 0.000320081, -99.755, 0.0216893, 49.4884, 0.0203342, -127.442
3442, 57.35833, 0.722757, -110.19, 2.6153, -63.3212, 1.12906, 138.414, 0.000319737, -99.7679, 0.0216955, 49.4768, 0.0203349, -127.451
3442, 57.36667, 0.724079, -110.204, 2.62125, -63.3114, 1.13323, 138.459, 0.000319391, -99.7806, 0.0217017, 49.4652, 0.0203357, -127.459
3443, 57.37500, 0.725403, -110.217, 2.62722, -63.3016, 1.1374, 138.504, 0.000319044, -99.7931, 0.021708, 49.4535, 0.0203365, -127.468
3443, 57.38333, 0.726729, -110.231, 2.63319, -63.292, 1.14158, 138.549, 0.000318696, -99.8055, 0.0217142, 49.4418, 0.0203372, -127.476
3444, 57.39167, 0.728058, -110.245, 2.63916, -63.2826, 1.14575, 138.593, 0.000318348, -99.8177, 0.0217205, 49.4301, 0.020338, -127.485
3444, 57.40000, 0.729388, -110.259, 2.64515, -63.2732, 1.14993, 138.637, 0.000317998, -99.8297, 0.0217267, 49.4184, 0.0203388, -127.493
3445, 57.40833, 0.730721, -110.273, 2.65114, -63.264, 1.15412, 138.68, 0.000317647, -99.8415, 0.021733, 49.4067, 0.0203396, -127.501
3445, 57.41667, 0.732057, -110.287, 2.65715, -63.2549, 1.1583, 138.724, 0.000317295, -99.8531, 0.0217393, 49.395, 0.0203404, -127.51
3446, 57.42500, 0.733394, -110.301, 2.66315, -63.2459, 1.16249, 138.767, 0.000316943, -99.8646, 0.0217457, 49.3832, 0.0203413, -127.518
3446, 57.43333, 0.734734, -110.315, 2.66917, -63.2371, 1.16668, 138.809, 0.000316589, -99.8759, 0.021752, 49.3714, 0.0203421, -127.527
3447, 57.44167, 0.736076, -110.33, 2.67519, -63.2283, 1.17088, 138.852, 0.000316234, -99.887, 0.0217584, 49.3596, 0.0203429, -127.535
3447, 57.45000, 0.73742, -110.344, 2.68123, -63.2197, 1.17507, 138.894, 0.000315878, -99.8979, 0.0217647, 49.3478, 0.0203438, -127.544
3448, 57.45833, 0.738766, -110.359, 2.68726, -63.2112, 1.17927, 138.936, 0.000315521, -99.9086, 0.0217711, 49.336, 0.0203447, -127.552
3448, 57.46667, 0.740115, -110.373, 2.69331, -63.2029, 1.18348, 138.977, 0.000315164, -99.9191, 0.0217775, 49.3242, 0.0203456, -127.561
3449, 57.47500, 0.741466, -110.388, 2.69937, -63.1946, 1.18768, 139.019, 0.000314805, -99.9294, 0.0217839, 49.3123, 0.0203464, -127.569
3449, 57.48333, 0.742819, -110.403, 2.70543, -63.1865, 1.19189, 139.06, 0.000314445, -99.9396, 0.0217904, 49.3005, 0.0203473, -127.578
3450, 57.49167, 0.744175, -110.417, 2.7115, -63.1785, 1.19611, 139.101, 0.000314084, -99.9495, 0.0217968, 49.2886, 0.0203483, -127.586
3450, 57.50000, 0.745533, -110.432, 2.71758, -63.1706, 1.20032, 139.141, 0.000313722, -99.9593, 0.0218033, 49.2767, 0.0203492, -127.595
3451, 57.50833, 0.746893, -110.447, 2.72366, -63.1629, 1.20454, 139.181, 0.000313359, -99.9689, 0.0218098, 49.2648, 0.0203501, -127.603
3451, 57.51667, 0.748255, -110.462, 2.72976, -63.1552, 1.20876, 139.221, 0.000312995, -99.9782, 0.0218163, 49.2529, 0.020351, -127.612
3452, 57.52500, 0.74962, -110.478, 2.73586, -63.1477, 1.21299, 139.261, 0.00031263, -99.9874, 0.0218228, 49.2409, 0.020352, -127.62
3452, 57.53333, 0.750987, -110.493, 2.74197, -63.1403, 1.21721, 139.3, 0.000312265, -99.9964, 0.0218293, 49.229, 0.020353, -127.629
3453, 57.54167, 0.752356, -110.508, 2.74809, -63.133, 1.22144, 139.34, 0.000311898, -100.005, 0.0218358, 49.217, 0.0203539, -127.637
3453, 57.55000, 0.753728, -110.524, 2.75421, -63.1259, 1.22568, 139.379, 0.00031153, -100.014, 0.0218424, 49.205, 0.0203549, -127.646
3454, 57.55833, 0.755102, -110.539, 2.76034, -63.1188, 1.22992, 139.417, 0.000311161, -100.022, 0.021849, 49.193, 0.0203559, -127.654
3454, 57.56667, 0.756478, -110.555, 2.76649, -63.1119, 1.23416, 139.456, 0.000310791, -100.03, 0.0218556, 49.181, 0.0203569, -127.663
3455, 57.57500, 0.757857, -110.57, 2.77264, -63.105, 1.2384, 139.494, 0.00031042, -100.038, 0.0218622, 49.169, 0.0203579, -127.672
3455, 57.58333, 0.759238, -110.586, 2.77879, -63.0983, 1.24264, 139.532, 0.000310048, -100.046, 0.0218688, 49.1569, 0.020359, -127.68
3456, 57.59167, 0.760621, -110.602, 2.78496, -63.0917, 1.24689, 139.569, 0.000309674, -100.054, 0.0218755, 49.1448, 0.02036, -127.689
3456, 57.60000, 0.762006, -110.618, 2.79113, -63.0853, 1.25115, 139.607, 0.0003093, -100.061, 0.0218821, 49.1328, 0.020361, -127.697
3457, 57.60833, 0.763394, -110.634, 2.79731, -63.0789, 1.2554, 139.644, 0.000308925, -100.068, 0.0218888, 49.1207, 0.0203621, -127.706
3457, 57.61667, 0.764784, -110.65, 2.8035, -63.0727, 1.25966, 139.681, 0.000308549, -100.075, 0.0218955, 49.1085, 0.0203632, -127.714
3458, 57.62500, 0.766177, -110.666, 2.8097, -63.0665, 1.26392, 139.718, 0.000308172, -100.082, 0.0219022, 49.0964, 0.0203642, -127.723
3458, 57.63333, 0.767572, -110.682, 2.8159, -63.0605, 1.26819, 139.754, 0.000307794, -100.088, 0.0219089, 49.0843, 0.0203653, -127.732
3459, 57.64167, 0.768969, -110.699, 2.82212, -63.0546, 1.27245, 139.791, 0.000307414, -100.094, 0.0219156, 49.0721, 0.0203664, -127.74
3459, 57.65000, 0.770369, -110.715, 2.82834, -63.0488, 1.27672, 139.827, 0.000307034, -100.101, 0.0219224, 49.0599, 0.0203675, -127.749
3460, 57.65833, 0.771771, -110.732, 2.83457, -63.0431, 1.281, 139.863, 0.000306653, -100.106, 0.0219292, 49.0477, 0.0203687, -127.757
3460, 57.66667, 0.773175, -110.748, 2.84081, -63.0375, 1.28528, 139.898, 0.000306271, -100.112, 0.0219359, 49.0355, 0.0203698, -127.766
3461, 57.67500, 0.774582, -110.765, 2.84705, -63.0321, 1.28956, 139.934, 0.000305887, -100.117, 0.0219428, 49.0233, 0.0203709, -127.775
3461, 57.68333, 0.775991, -110.782, 2.85331, -63.0267, 1.29384, 139.969, 0.000305503, -100.123, 0.0219496, 49.011, 0.0203721, -127.783
3462, 57.69167, 0.777402, -110.798, 2.85957, -63.0215, 1.29813, 140.004, 0.000305118, -100.128, 0.0219564, 48.9988, 0.0203732, -127.792
3462, 57.70000, 0.778816, -110.815, 2.86584, -63.0163, 1.30242, 140.038, 0.000304731, -100.132, 0.0219633, 48.9865, 0.0203744, -127.801
3463, 57.70833, 0.780232, -110.832, 2.87212, -63.0113, 1.30671, 140.073, 0.000304344, -100.137, 0.0219701, 48.9742, 0.0203756, -127.809
3463, 57.71667, 0.781651, -110.849, 2.87841, -63.0064, 1.31101, 140.107, 0.000303955, -100.141, 0.021977, 48.9619, 0.0203768, -127.818
3464, 57.72500, 0.783071, -110.866, 2.8847, -63.0016, 1.31531, 140.141, 0.000303566, -100.145, 0.0219839, 48.9495, 0.020378, -127.827
3464, 57.73333, 0.784495, -110.884, 2.89101, -62.9969, 1.31961, 140.175, 0.000303175, -100.149, 0.0219908, 48.9372, 0.0203792, -127.835
3465, 57.74167, 0.785921, -110.901, 2.89732, -62.9923, 1.32392, 140.209, 0.000302783, -100.153, 0.0219978, 48.9248, 0.0203805, -127.844
3465, 57.75000, 0.787349, -110.918, 2.90364, -62.9878, 1.32823, 140.242, 0.000302391, -100.156, 0.0220047, 48.9124, 0.0203817, -127.853
3466, 57.75833, 0.788779, -110.936, 2.90997, -62.9834, 1.33254, 140.276, 0.000301997, -100.159, 0.0220117, 48.9, 0.0203829, -127.861
3466, 57.76667, 0.790212, -110.953, 2.91631, -62.9791, 1.33686, 140.309, 0.000301603, -100.162, 0.0220187, 48.8876, 0.0203842, -127.87
3467, 57.77500, 0.791647, -110.971, 2.92265, -62.975, 1.34118, 140.342, 0.000301207, -100.165, 0.0220257, 48.8752, 0.0203855, -127.879
3467, 57.78333, 0.793085, -110.988, 2.92901, -62.9709, 1.3455, 140.374, 0.00030081, -100.167, 0.0220327, 48.8628, 0.0203868, -127.887
3468, 57.79167, 0.794526, -111.006, 2.93537, -62.967, 1.34983, 140.407, 0.000300412, -100.169, 0.0220398, 48.8503, 0.0203881, -127.896
3468, 57.80000, 0.795968, -111.024, 2.94174, -62.9631, 1.35416, 140.439, 0.000300013, -100.171, 0.0220468, 48.8378, 0.0203894, -127.905
3469, 57.80833, 0.797413, -111.042, 2.94812, -62.9594, 1.35849, 140.471, 0.000299614, -100.173, 0.0220539, 48.8253, 0.0203907, -127.913
3469, 57.81667, 0.798861, -111.06, 2.95451, -62.9557, 1.36283, 140.503, 0.000299213, -100.174, 0.022061, 48.8128, 0.020392, -127.922
3470, 57.82500, 0.800311, -111.078, 2.9609, -62.9522, 1.36716, 140.535, 0.000298811, -100.176, 0.0220681, 48.8002, 0.0203933, -127.931
3470, 57.83333, 0.801763, -111.096, 2.96731, -62.9488, 1.37151, 140.567, 0.000298408, -100.177, 0.0220752, 48.7877, 0.0203947, -127.94
3471, 57.84167, 0.803218, -111.114, 2.97372, -62.9454, 1.37585, 140.598, 0.000298004, -100.177, 0.0220823, 48.7751, 0.020396, -127.948
3471, 57.85000, 0.804675, -111.133, 2.98015, -62.9422, 1.3802, 140.629, 0.000297599, -100.178, 0.0220895, 48.7625, 0.0203974, -127.957
3472, 57.85833, 0.806135, -111.151, 2.98658, -62.9391, 1.38456, 140.66, 0.000297193, -100.178, 0.0220967, 48.7499, 0.0203988, -127.966
3472, 57.86667, 0.807597, -111.169, 2.99302, -62.9361, 1.38891, 140.691, 0.000296785, -100.178, 0.0221039, 48.7373, 0.0204002, -127.975
3473, 57.87500, 0.809062, -111.188, 2.99947, -62.9331, 1.39327, 140.722, 0.000296377, -100.177, 0.0221111, 48.7247, 0.0204016, -127.983
3473, 57.88333, 0.810529, -111.206, 3.00592, -62.9303, 1.39764, 140.752, 0.000295968, -100.177, 0.0221183, 48.712, 0.020403, -127.992
3474, 57.89167, 0.811999, -111.225, 3.01239, -62.9276, 1.40201, 140.783, 0.000295558, -100.176, 0.0221255, 48.6993, 0.0204044, -128.001
3474, 57.90000, 0.813471, -111.244, 3.01886, -62.925, 1.40638, 140.813, 0.000295146, -100.175, 0.0221328, 48.6866, 0.0204059, -128.01
3475, 57.90833, 0.814945, -111.263, 3.02535, -62.9225, 1.41075, 140.843, 0.000294734, -100.173, 0.0221401, 48.6739, 0.0204073, -128.018
3475, 57.91667, 0.816422, -111.281, 3.03184, -62.9201, 1.41513, 140.872, 0.000294321, -100.172, 0.0221474, 48.6612, 0.0204088, -128.027
3476, 57.92500, 0.817902, -111.3, 3.03834, -62.9178, 1.41951, 140.902, 0.000293906, -100.17, 0.0221547, 48.6484, 0.0204102, -128.036
3476, 57.93333, 0.819384, -111.319, 3.04485, -62.9155, 1.42389, 140.931, 0.000293491, -100.168, 0.022162, 48.6357, 0.0204117, -128.045
3477, 57.94167, 0.820869, -111.339, 3.05137, -62.9134, 1.42828, 140.961, 0.000293074, -100.165, 0.0221694, 48.6229, 0.0204132, -128.054
3477, 57.95000, 0.822356, -111.358, 3.0579, -62.9114, 1.43267, 140.99, 0.000292657, -100.162, 0.0221767, 48.6101, 0.0204147, -128.063
3478, 57.95833, 0.823845, -111.377, 3.06443, -62.9095, 1.43707, 141.019, 0.000292238, -100.159, 0.0221841, 48.5973, 0.0204162, -128.071
3478, 57.96667, 0.825338, -111.396, 3.07098, -62.9077, 1.44147, 141.048, 0.000291819, -100.156, 0.0221915, 48.5844, 0.0204177, -128.08
3479, 57.97500, 0.826832, -111.416, 3.07753, -62.906, 1.44587, 141.076, 0.000291398, -100.153, 0.0221989, 48.5716, 0.0204193, -128.089
3479, 57.98333, 0.828329, -111.435, 3.0841, -62.9043, 1.45027, 141.105, 0.000290977, -100.149, 0.0222064, 48.5587, 0.0204208, -128.098
3480, 57.99167, 0.829829, -111.455, 3.09067, -62.9028, 1.45468, 141.133, 0.000290554, -100.145, 0.0222138, 48.5458, 0.0204224, -128.107
3480, 58.00000, 0.831331, -111.474, 3.09725, -62.9014, 1.4591, 141.161, 0.00029013, -100.14, 0.0222213, 48.5329, 0.020424, -128.116
3481, 58.00833, 0.832836, -111.494, 3.10384, -62.9001, 1.46351, 141.189, 0.000289705, -100.135, 0.0222288, 48.52, 0.0204255, -128.124
3481, 58.01667, 0.834343, -111.514, 3.11044, -62.8988, 1.46793, 141.217, 0.00028928, -100.13, 0.0222363, 48.507, 0.0204271, -128.133
3482, 58.02500, 0.835853, -111.534, 3.11705, -62.8977, 1.47236, 141.245, 0.000288853, -100.125, 0.0222438, 48.4941, 0.0204287, -128.142
3482, 58.03333, 0.837366, -111.554, 3.12367, -62.8966, 1.47679, 141.272, 0.000288425, -100.119, 0.0222514, 48.4811, 0.0204304, -128.151
3483, 58.04167, 0.838881, -111.574, 3.13029, -62.8957, 1.48122, 141.3, 0.000287996, -100.114, 0.0222589, 48.4681, 0.020432, -128.16
3483, 58.05000, 0.840398, -111.594, 3.13693, -62.8948, 1.48565, 141.327, 0.000287566, -100.107, 0.0222665, 48.4551, 0.0204336, -128.169
3484, 58.05833, 0.841918, -111.614, 3.14357, -62.8941, 1.49009, 141.354, 0.000287135, -100.101, 0.0222741, 48.442, 0.0204353, -128.178
3484, 58.06667, 0.843441, -111.634, 3.15023, -62.8934, 1.49453, 141.381, 0.000286703, -100.094, 0.0222817, 48.429, 0.0204369, -128.187
3485, 58.07500, 0.844967, -111.654, 3.15689, -62.8929, 1.49898, 141.408, 0.00028627, -100.087, 0.0222893, 48.4159, 0.0204386, -128.196
3485, 58.08333, 0.846494, -111.674, 3.16356, -62.8924, 1.50343, 141.435, 0.000285836, -100.08, 0.022297, 48.4028, 0.0204403, -128.205
3486, 58.09167, 0.848025, -111.695, 3.17025, -62.892, 1.50788, 141.461, 0.000285401, -100.072, 0.0223047, 48.3897, 0.020442, -128.214
3486, 58.10000, 0.849558, -111.715, 3.17694, -62.8917, 1.51234, 141.487, 0.000284964, -100.064, 0.0223124, 48.3765, 0.0204437, -128.222
3487, 58.10833, 0.851094, -111.736, 3.18364, -62.8916, 1.5168, 141.514, 0.000284527, -100.055, 0.0223201, 48.3634, 0.0204454, -128.231
3487, 58.11667, 0.852632, -111.757, 3.19035, -62.8915, 1.52127, 141.54, 0.000284089, -100.047, 0.0223278, 48.3502, 0.0204471, -128.24
3488, 58.12500, 0.854173, -111.777, 3.19707, -62.8915, 1.52574, 141.566, 0.00028365, -100.038, 0.0223355, 48.337, 0.0204489, -128.249
3488, 58.13333, 0.855716, -111.798, 3.20379, -62.8916, 1.53021, 141.592, 0.00028321, -100.028, 0.0223433, 48.3238, 0.0204506, -128.258
3489, 58.14167, 0.857263, -111.819, 3.21053, -62.8917, 1.53469, 141.617, 0.000282768, -100.019, 0.0223511, 48.3106, 0.0204524, -128.267
3489, 58.15000, 0.858811, -111.84, 3.21728, -62.892, 1.53917, 141.643, 0.000282326, -100.009, 0.0223589, 48.2973, 0.0204542, -128.276
3490, 58.15833, 0.860363, -111.861, 3.22404, -62.8924, 1.54365, 141.668, 0.000281883, -99.9984, 0.0223667, 48.284, 0.0204559, -128.285
3490, 58.16667, 0.861917, -111.882, 3.2308, -62.8928, 1.54814, 141.693, 0.000281438, -99.9877, 0.0223745, 48.2708, 0.0204577, -128.294
3491, 58.17500, 0.863473, -111.903, 3.23758, -62.8934, 1.55263, 141.719, 0.000280993, -99.9767, 0.0223824, 48.2574, 0.0204596, -128.303
3491, 58.18333, 0.865033, -111.924, 3.24436, -62.894, 1.55713, 141.744, 0.000280546, -99.9654, 0.0223902, 48.2441, 0.0204614, -128.312
3492, 58.19167, 0.866595, -111.945, 3.25116, -62.8948, 1.56163, 141.769, 0.000280099, -99.9537, 0.0223981, 48.2308, 0.0204632, -128.321
3492, 58.20000, 0.868159, -111.967, 3.25796, -62.8956, 1.56613, 141.793, 0.00027965, -99.9417, 0.022406, 48.2174, 0.0204651, -128.33
3493, 58.20833, 0.869727, -111.988, 3.26478, -62.8965, 1.57064, 141.818, 0.000279201, -99.9294, 0.022414, 48.204, 0.0204669, -128.339
3493, 58.21667, 0.871297, -112.009, 3.2716, -62.8975, 1.57515, 141.842, 0.00027875, -99.9167, 0.0224219, 48.1906, 0.0204688, -128.348
3494, 58.22500, 0.872869, -112.031, 3.27843, -62.8986, 1.57967, 141.867, 0.000278299, -99.9036, 0.0224299, 48.1772, 0.0204707, -128.357
3494, 58.23333, 0.874445, -112.052, 3.28528, -62.8998, 1.58419, 141.891, 0.000277846, -99.8902, 0.0224379, 48.1637, 0.0204726, -128.367
3495, 58.24167, 0.876023, -112.074, 3.29213, -62.9011, 1.58871, 141.915, 0.000277392, -99.8764, 0.0224459, 48.1503, 0.0204745, -128.376
3495, 58.25000, 0.877604, -112.096, 3.29899, -62.9025, 1.59324, 141.939, 0.000276938, -99.8623, 0.0224539, 48.1368, 0.0204764, -128.385
3496, 58.25833, 0.879187, -112.118, 3.30586, -62.9039, 1.59777, 141.963, 0.000276482, -99.8478, 0.0224619, 48.1233, 0.0204783, -128.394
3496, 58.26667, 0.880773, -112.139, 3.31275, -62.9055, 1.6023, 141.987, 0.000276026, -99.833, 0.02247, 48.1097, 0.0204802, -128.403
3497, 58.27500, 0.882362, -112.161, 3.31964, -62.9071, 1.60684, 142.01, 0.000275568, -99.8178, 0.0224781, 48.0962, 0.0204822, -128.412
3497, 58.28333, 0.883954, -112.183, 3.32654, -62.9088, 1.61139, 142.034, 0.000275109, -99.8022, 0.0224862, 48.0826, 0.0204842, -128.421
3498, 58.29167, 0.885548, -112.205, 3.33345, -62.9106, 1.61594, 142.057, 0.00027465, -99.7862, 0.0224943, 48.069, 0.0204861, -128.43
3498, 58.30000, 0.887145, -112.228, 3.34037, -62.9125, 1.62049, 142.081, 0.000274189, -99.7699, 0.0225024, 48.0554, 0.0204881, -128.439
3499, 58.30833, 0.888745, -112.25, 3.3473, -62.9145, 1.62504, 142.104, 0.000273727, -99.7532, 0.0225106, 48.0418, 0.0204901, -128.448
3499, 58.31667, 0.890347, -112.272, 3.35424, -62.9166, 1.62961, 142.127, 0.000273265, -99.7361, 0.0225188, 48.0282, 0.0204921, -128.458
3500, 58.32500, 0.891952, -112.294, 3.3612, -62.9188, 1.63417, 142.15, 0.000272801, -99.7186, 0.022527, 48.0145, 0.0204941, -128.467
3500, 58.33333, 0.89356, -112.317, 3.36816, -62.921, 1.63874, 142.173, 0.000272336, -99.7007, 0.0225352, 48.0008, 0.0204962, -128.476
3501, 58.34167, 0.895171, -112.339, 3.37513, -62.9233, 1.64331, 142.195, 0.00027187, -99.6824, 0.0225434, 47.9871, 0.0204982, -128.485
3501, 58.35000, 0.896785, -112.362, 3.38211, -62.9258, 1.64789, 142.218, 0.000271404, -99.6638, 0.0225517, 47.9734, 0.0205003, -128.494
3502, 58.35833, 0.898401, -112.384, 3.3891, -62.9283, 1.65247, 142.24, 0.000270936, -99.6447, 0.0225599, 47.9596, 0.0205024, -128.503
3502, 58.36667, 0.90002, -112.407, 3.3961, -62.9309, 1.65706, 142.263, 0.000270467, -99.6253, 0.0225682, 47.9458, 0.0205044, -128.513
3503, 58.37500, 0.901642, -112.43, 3.40311, -62.9336, 1.66164, 142.285, 0.000269998, -99.6054, 0.0225765, 47.932, 0.0205065, -128.522
3503, 58.38333, 0.903266, -112.452, 3.41013, -62.9363, 1.66624, 142.307, 0.000269527, -99.5851, 0.0225849, 47.9182, 0.0205086, -128.531
3504, 58.39167, 0.904894, -112.475, 3.41717, -62.9392, 1.67084, 142.329, 0.000269055, -99.5645, 0.0225932, 47.9044, 0.0205108, -128.54
3504, 58.40000, 0.906524, -112.498, 3.42421, -62.9421, 1.67544, 142.351, 0.000268583, -99.5434, 0.0226016, 47.8905, 0.0205129, -128.549
3505, 58.40833, 0.908157, -112.521, 3.43126, -62.9451, 1.68005, 142.373, 0.000268109, -99.5219, 0.02261, 47.8767, 0.020515, -128.559
3505, 58.41667, 0.909793, -112.544, 3.43832, -62.9483, 1.68466, 142.395, 0.000267634, -99.4999, 0.0226184, 47.8628, 0.0205172, -128.568
3506, 58.42500, 0.911431, -112.567, 3.44539, -62.9515, 1.68927, 142.416, 0.000267159, -99.4776, 0.0226268, 47.8488, 0.0205193, -128.577
3506, 58.43333, 0.913073, -112.59, 3.45248, -62.9547, 1.69389, 142.438, 0.000266682, -99.4548, 0.0226353, 47.8349, 0.0205215, -128.586
3507, 58.44167, 0.914717, -112.614, 3.45957, -62.9581, 1.69852, 142.459, 0.000266205, -99.4315, 0.0226437, 47.8209, 0.0205237, -128.596
3507, 58.45000, 0.916364, -112.637, 3.46667, -62.9616, 1.70315, 142.48, 0.000265726, -99.4079, 0.0226522, 47.8069, 0.0205259, -128.605
3508, 58.45833, 0.918014, -112.66, 3.47379, -62.9651, 1.70778, 142.502, 0.000265247, -99.3838, 0.0226607, 47.7929, 0.0205281, -128.614
3508, 58.46667, 0.919667, -112.684, 3.48091, -62.9687, 1.71242, 142.523, 0.000264766, -99.3593, 0.0226693, 47.7789, 0.0205304, -128.623
3509, 58.47500, 0.921322, -112.707, 3.48805, -62.9724, 1.71706, 142.544, 0.000264285, -99.3343, 0.0226778, 47.7649, 0.0205326, -128.633
3509, 58.48333, 0.922981, -112.731, 3.49519, -62.9762, 1.72171, 142.565, 0.000263802, -99.3089, 0.0226864, 47.7508, 0.0205349, -128.642
3510, 58.49167, 0.924642, -112.754, 3.50235, -62.9801, 1.72636, 142.585, 0.000263319, -99.283, 0.022695, 47.7367, 0.0205371, -128.651
3510, 58.50000, 0.926307, -112.778, 3.50952, -62.984, 1.73101, 142.606, 0.000262834, -99.2567, 0.0227036, 47.7226, 0.0205394, -128.661
3511, 58.50833, 0.927974, -112.802, 3.51669, -62.9881, 1.73567, 142.627, 0.000262349, -99.2299, 0.0227122, 47.7084, 0.0205417, -128.67
3511, 58.51667, 0.929644, -112.826, 3.52388, -62.9922, 1.74034, 142.647, 0.000261863, -99.2026, 0.0227208, 47.6943, 0.020544, -128.679
3512, 58.52500, 0.931317, -112.85, 3.53108, -62.9964, 1.74501, 142.668, 0.000261376, -99.1749, 0.0227295, 47.6801, 0.0205463, -128.689
3512, 58.53333, 0.932992, -112.873, 3.53829, -63.0007, 1.74968, 142.688, 0.000260888, -99.1467, 0.0227382, 47.6659, 0.0205486, -128.698
3513, 58.54167, 0.934671, -112.897, 3.54551, -63.005, 1.75436, 142.708, 0.000260398, -99.118, 0.0227469, 47.6517, 0.020551, -128.707
3513, 58.55000, 0.936353, -112.922, 3.55274, -63.0095, 1.75904, 142.728, 0.000259908, -99.0888, 0.0227557, 47.6374, 0.0205533, -128.717
3514, 58.55833, 0.938037, -112.946, 3.55998, -63.014, 1.76373, 142.748, 0.000259417, -99.0592, 0.0227644, 47.6232, 0.0205557, -128.726
3514, 58.56667, 0.939725, -112.97, 3.56723, -63.0186, 1.76842, 142.768, 0.000258925, -99.0291, 0.0227732, 47.6089, 0.0205581, -128.736
3515, 58.57500, 0.941415, -112.994, 3.57449, -63.0233, 1.77312, 142.788, 0.000258433, -98.9984, 0.022782, 47.5946, 0.0205605, -128.745
3515, 58.58333, 0.943108, -113.018, 3.58176, -63.0281, 1.77782, 142.808, 0.000257939, -98.9673, 0.0227908, 47.5802, 0.0205629, -128.754
3516, 58.59167, 0.944805, -113.043, 3.58905, -63.033, 1.78253, 142.827, 0.000257444, -98.9357, 0.0227996, 47.5659, 0.0205653, -128.764
3516, 58.60000, 0.946504, -113.067, 3.59634, -63.0379, 1.78724, 142.847, 0.000256949, -98.9036, 0.0228085, 47.5515, 0.0205677, -128.773
3517, 58.60833, 0.948206, -113.092, 3.60365, -63.0429, 1.79195, 142.866, 0.000256452, -98.8709, 0.0228173, 47.5371, 0.0205701, -128.783
3517, 58.61667, 0.949911, -113.116, 3.61097, -63.048, 1.79667, 142.886, 0.000255955, -98.8378, 0.0228262, 47.5227, 0.0205726, -128.792
3518, 58.62500, 0.951619, -113.141, 3.6183, -63.0532, 1.8014, 142.905, 0.000255456, -98.8041, 0.0228352, 47.5082, 0.0205751, -128.802
3518, 58.63333, 0.95333, -113.165, 3.62563, -63.0585, 1.80613, 142.924, 0.000254957, -98.77, 0.0228441, 47.4937, 0.0205775, -128.811
3519, 58.64167, 0.955045, -113.19, 3.63298, -63.0638, 1.81086, 142.943, 0.000254457, -98.7352, 0.0228531, 47.4792, 0.02058, -128.821
3519, 58.65000, 0.956762, -113.215, 3.64035, -63.0693, 1.8156, 142.962, 0.000253956, -98.7, 0.022862, 47.4647, 0.0205825, -128.83
3520, 58.65833, 0.958482, -113.24, 3.64772, -63.0748, 1.82034, 142.981, 0.000253454, -98.6642, 0.022871, 47.4502, 0.020585, -128.839
3520, 58.66667, 0.960205, -113.265, 3.6551, -63.0804, 1.82509, 143, 0.000252951, -98.6279, 0.0228801, 47.4356, 0.0205876, -128.849
3521, 58.67500, 0.961931, -113.29, 3.6625, -63.086, 1.82985, 143.019, 0.000252447, -98.591, 0.0228891, 47.421, 0.0205901, -128.858
3521, 58.68333, 0.96366, -113.315, 3.6699, -63.0918, 1.83461, 143.037, 0.000251942, -98.5536, 0.0228982, 47.4064, 0.0205927, -128.868
3522, 58.69167, 0.965392, -113.34, 3.67732, -63.0976, 1.83937, 143.056, 0.000251437, -98.5156, 0.0229073, 47.3918, 0.0205952, -128.878
3522, 58.70000, 0.967127, -113.365, 3.68475, -63.1035, 1.84414, 143.074, 0.000250931, -98.4771, 0.0229164, 47.3771, 0.0205978, -128.887
3523, 58.70833, 0.968866, -113.39, 3.69218, -63.1095, 1.84891, 143.093, 0.000250423, -98.438, 0.0229255, 47.3625, 0.0206004, -128.897
3523, 58.71667, 0.970607, -113.415, 3.69964, -63.1156, 1.85369, 143.111, 0.000249915, -98.3984, 0.0229346, 47.3478, 0.020603, -128.906
3524, 58.72500, 0.972351, -113.441, 3.7071, -63.1217, 1.85847, 143.129, 0.000249406, -98.3581, 0.0229438, 47.333, 0.0206056, -128.916
3524, 58.73333, 0.974099, -113.466, 3.71457, -63.1279, 1.86326, 143.147, 0.000248896, -98.3173, 0.022953, 47.3183, 0.0206083, -128.925
3525, 58.74167, 0.975849, -113.491, 3.72206, -63.1343, 1.86805, 143.165, 0.000248386, -98.2759, 0.0229622, 47.3035, 0.0206109, -128.935
3525, 58.75000, 0.977603, -113.517, 3.72955, -63.1406, 1.87285, 143.183, 0.000247874, -98.2339, 0.0229715, 47.2887, 0.0206136, -128.945
3526, 58.75833, 0.979359, -113.543, 3.73706, -63.1471, 1.87766, 143.201, 0.000247362, -98.1913, 0.0229807, 47.2739, 0.0206162, -128.954
3526, 58.76667, 0.981119, -113.568, 3.74458, -63.1536, 1.88246, 143.219, 0.000246849, -98.1481, 0.02299, 47.259, 0.0206189, -128.964
3527, 58.77500, 0.982882, -113.594, 3.75211, -63.1603, 1.88728, 143.237, 0.000246335, -98.1043, 0.0229993, 47.2442, 0.0206216, -128.973
3527, 58.78333, 0.984648, -113.62, 3.75965, -63.167, 1.8921, 143.254, 0.00024582, -98.06, 0.0230086, 47.2293, 0.0206243, -128.983
3528, 58.79167, 0.986417, -113.645, 3.76721, -63.1737, 1.89692, 143.272, 0.000245304, -98.0149, 0.023018, 47.2143, 0.0206271, -128.993
3528, 58.80000, 0.988189, -113.671, 3.77477, -63.1806, 1.90175, 143.29, 0.000244787, -97.9693, 0.0230273, 47.1994, 0.0206298, -129.002
3529, 58.80833, 0.989964, -113.697, 3.78235, -63.1875, 1.90658, 143.307, 0.00024427, -97.923, 0.0230367, 47.1844, 0.0206325, -129.012
3529, 58.81667, 0.991743, -113.723, 3.78994, -63.1945, 1.91142, 143.324, 0.000243752, -97.8761, 0.0230461, 47.1694, 0.0206353, -129.022
3530, 58.82500, 0.993525, -113.749, 3.79754, -63.2016, 1.91627, 143.342, 0.000243233, -97.8286, 0.0230556, 47.1544, 0.0206381, -129.031
3530, 58.83333, 0.995309, -113.775, 3.80515, -63.2088, 1.92112, 143.359, 0.000242714, -97.7804, 0.023065, 47.1394, 0.0206409, -129.041
3531, 58.84167, 0.997097, -113.801, 3.81277, -63.216, 1.92597, 143.376, 0.000242193, -97.7316, 0.0230745, 47.1243, 0.0206437, -129.051
3531, 58.85000, 0.998888, -113.827, 3.82041, -63.2233, 1.93083, 143.393, 0.000241672, -97.6821, 0.023084, 47.1092, 0.0206465, -129.06
3532, 58.85833, 1.00068, -113.854, 3.82806, -63.2307, 1.9357, 143.41, 0.00024115, -97.632, 0.0230935, 47.0941, 0.0206493, -129.07
3532, 58.86667, 1.00248, -113.88, 3.83572, -63.2382, 1.94057, 143.427, 0.000240627, -97.5811, 0.0231031, 47.079, 0.0206522, -129.08
3533, 58.87500, 1.00428, -113.906, 3.84339, -63.2458, 1.94544, 143.443, 0.000240103, -97.5296, 0.0231126, 47.0638, 0.020655, -129.09
3533, 58.88333, 1.00608, -113.933, 3.85107, -63.2534, 1.95033, 143.46, 0.000239579, -97.4775, 0.0231222, 47.0486, 0.0206579, -129.099
3534, 58.89167, 1.00789, -113.959, 3.85877, -63.2611, 1.95521, 143.477, 0.000239054, -97.4246, 0.0231318, 47.0334, 0.0206608, -129.109
3534, 58.90000, 1.0097, -113.986, 3.86648, -63.2689, 1.96011, 143.493, 0.000238528, -97.3711, 0.0231415, 47.0182, 0.0206637, -129.119
3535, 58.90833, 1.01152, -114.012, 3.8742, -63.2767, 1.965, 143.51, 0.000238002, -97.3168, 0.0231511, 47.0029, 0.0206666, -129.129
3535, 58.91667, 1.01333, -114.039, 3.88193, -63.2847, 1.96991, 143.526, 0.000237475, -97.2619, 0.0231608, 46.9876, 0.0206695, -129.139
3536, 58.92500, 1.01515, -114.066, 3.88967, -63.2927, 1.97481, 143.543, 0.000236947, -97.2062, 0.0231705, 46.9723, 0.0206724, -129.148
3536, 58.93333, 1.01698, -114.093, 3.89743, -63.3008, 1.97973, 143.559, 0.000236418, -97.1499, 0.0231802, 46.957, 0.0206754, -129.158
3537, 58.94167, 1.0188, -114.119, 3.9052, -63.3089, 1.98465, 143.575, 0.000235889, -97.0928, 0.02319, 46.9416, 0.0206784, -129.168
3537, 58.95000, 1.02063, -114.146, 3.91298, -63.3172, 1.98957, 143.591, 0.000235359, -97.0349, 0.0231998, 46.9262, 0.0206813, -129.178
3538, 58.95833, 1.02247, -114.173, 3.92077, -63.3255, 1.9945, 143.607, 0.000234828, -96.9763, 0.0232095, 46.9108, 0.0206843, -129.188
3538, 58.96667, 1.0243, -114.2, 3.92857, -63.3339, 1.99944, 143.623, 0.000234296, -96.917, 0.0232194, 46.8954, 0.0206873, -129.198
3539, 58.97500, 1.02614, -114.227, 3.93639, -63.3423, 2.00438, 143.639, 0.000233764, -96.857, 0.0232292, 46.8799, 0.0206903, -129.207
3539, 58.98333, 1.02798, -114.254, 3.94422, -63.3509, 2.00933, 143.655, 0.000233232, -96.7962, 0.0232391, 46.8644, 0.0206934, -129.217
3540, 58.99167, 1.02983, -114.281, 3.95206, -63.3595, 2.01428, 143.671, 0.000232698, -96.7346, 0.0232489, 46.8489, 0.0206964, -129.227
3540, 59.00000, 1.03168, -114.309, 3.95992, -63.3682, 2.01924, 143.687, 0.000232164, -96.6722, 0.0232589, 46.8333, 0.0206995, -129.237
3541, 59.00833, 1.03353, -114.336, 3.96779, -63.377, 2.0242, 143.702, 0.00023163, -96.6091, 0.0232688, 46.8178, 0.0207026, -129.247
3541, 59.01667, 1.03539, -114.363, 3.97567, -63.3858, 2.02917, 143.718, 0.000231094, -96.5451, 0.0232787, 46.8022, 0.0207056, -129.257
3542, 59.02500, 1.03725, -114.39, 3.98356, -63.3947, 2.03415, 143.733, 0.000230558, -96.4804, 0.0232887, 46.7865, 0.0207087, -129.267
3542, 59.03333, 1.03911, -114.418, 3.99146, -63.4037, 2.03913, 143.749, 0.000230022, -96.4149, 0.0232987, 46.7709, 0.0207119, -129.277
3543, 59.04167, 1.04098, -114.445, 3.99938, -63.4128, 2.04412, 143.764, 0.000229485, -96.3485, 0.0233087, 46.7552, 0.020715, -129.287
3543, 59.05000, 1.04285, -114.473, 4.00731, -63.4219, 2.04911, 143.78, 0.000228947, -96.2814, 0.0233188, 46.7395, 0.0207181, -129.297
3544, 59.05833, 1.04472, -114.5, 4.01525, -63.4312, 2.05411, 143.795, 0.000228409, -96.2134, 0.0233289, 46.7238, 0.0207213, -129.307
3544, 59.06667, 1.0466, -114.528, 4.02321, -63.4405, 2.05911, 143.81, 0.00022787, -96.1446, 0.023339, 46.708, 0.0207245, -129.317
3545, 59.07500, 1.04848, -114.556, 4.03118, -63.4498, 2.06412, 143.825, 0.000227331, -96.075, 0.0233491, 46.6922, 0.0207276, -129.327
3545, 59.08333, 1.05036, -114.584, 4.03916, -63.4593, 2.06914, 143.84, 0.000226791, -96.0045, 0.0233592, 46.6764, 0.0207308, -129.337
3546, 59.09167, 1.05225, -114.611, 4.04715, -63.4688, 2.07416, 143.855, 0.00022625, -95.9332, 0.0233694, 46.6606, 0.0207341, -129.347
3546, 59.10000, 1.05414, -114.639, 4.05516, -63.4784, 2.07919, 143.87, 0.000225709, -95.8609, 0.0233796, 46.6447, 0.0207373, -129.357
3547, 59.10833, 1.05603, -114.667, 4.06318, -63.4881, 2.08422, 143.885, 0.000225168, -95.7879, 0.0233898, 46.6288, 0.0207405, -129.367
3547, 59.11667, 1.05793, -114.695, 4.07121, -63.4978, 2.08926, 143.9, 0.000224626, -95.7139, 0.0234, 46.6129, 0.0207438, -129.377
3548, 59.12500, 1.05983, -114.723, 4.07926, -63.5076, 2.0943, 143.914, 0.000224083, -95.6391, 0.0234103, 46.597, 0.020747, -129.387
3548, 59.13333, 1.06173, -114.751, 4.08732, -63.5175, 2.09935, 143.929, 0.00022354, -95.5633, 0.0234206, 46.581, 0.0207503, -129.397
3549, 59.14167, 1.06364, -114.779, 4.09539, -63.5275, 2.10441, 143.944, 0.000222997, -95.4866, 0.0234309, 46.565, 0.0207536, -129.407
3549, 59.15000, 1.06555, -114.807, 4.10347, -63.5375, 2.10948, 143.958, 0.000222453, -95.4091, 0.0234412, 46.549, 0.0207569, -129.417
3550, 59.15833, 1.06747, -114.836, 4.11157, -63.5476, 2.11455, 143.973, 0.000221909, -95.3306, 0.0234516, 46.5329, 0.0207603, -129.428
3550, 59.16667, 1.06938, -114.864, 4.11968, -63.5578, 2.11962, 143.987, 0.000221364, -95.2512, 0.023462, 46.5168, 0.0207636, -129.438
3551, 59.17500, 1.07131, -114.892, 4.12781, -63.5681, 2.1247, 144.001, 0.000220819, -95.1708, 0.0234724, 46.5007, 0.020767, -129.448
3551, 59.18333, 1.07323, -114.921, 4.13594, -63.5784, 2.12979, 144.016, 0.000220273, -95.0895, 0.0234828, 46.4846, 0.0207703, -129.458
3552, 59.19167, 1.07516, -114.949, 4.1441, -63.5888, 2.13488, 144.03, 0.000219727, -95.0073, 0.0234933, 46.4684, 0.0207737, -129.468
3552, 59.20000, 1.07709, -114.977, 4.15226, -63.5993, 2.13998, 144.044, 0.00021918, -94.924, 0.0235037, 46.4522, 0.0207771, -129.478
3553, 59.20833, 1.07903, -115.006, 4.16044, -63.6099, 2.14509, 144.058, 0.000218634, -94.8398, 0.0235142, 46.436, 0.0207805, -129.489
3553, 59.21667, 1.08097, -115.035, 4.16863, -63.6205, 2.1502, 144.072, 0.000218087, -94.7546, 0.0235248, 46.4197, 0.020784, -129.499
3554, 59.22500, 1.08291, -115.063, 4.17683, -63.6312, 2.15532, 144.086, 0.000217539, -94.6684, 0.0235353, 46.4034, 0.0207874, -129.509
3554, 59.23333, 1.08485, -115.092, 4.18505, -63.642, 2.16045, 144.1, 0.000216991, -94.5812, 0.0235459, 46.3871, 0.0207909, -129.519
3555, 59.24167, 1.08681, -115.121, 4.19328, -63.6528, 2.16558, 144.114, 0.000216443, -94.493, 0.0235565, 46.3708, 0.0207943, -129.53
3555, 59.25000, 1.08876, -115.149, 4.20153, -63.6638, 2.17072, 144.128, 0.000215895, -94.4038, 0.0235671, 46.3544, 0.0207978, -129.54
3556, 59.25833, 1.09072, -115.178, 4.20979, -63.6748, 2.17586, 144.141, 0.000215346, -94.3135, 0.0235778, 46.338, 0.0208013, -129.55
3556, 59.26667, 1.09268, -115.207, 4.21806, -63.6858, 2.18101, 144.155, 0.000214797, -94.2222, 0.0235885, 46.3216, 0.0208048, -129.56
3557, 59.27500, 1.09464, -115.236, 4.22635, -63.697, 2.18617, 144.169, 0.000214248, -94.1299, 0.0235992, 46.3052, 0.0208084, -129.571
3557, 59.28333, 1.09661, -115.265, 4.23465, -63.7082, 2.19133, 144.182, 0.000213699, -94.0365, 0.0236099, 46.2887, 0.0208119, -129.581
3558, 59.29167, 1.09858, -115.294, 4.24296, -63.7195, 2.1965, 144.196, 0.000213149, -93.9419, 0.0236207, 46.2722, 0.0208155, -129.591
3558, 59.30000, 1.10056, -115.323, 4.25129, -63.7308, 2.20167, 144.209, 0.000212599, -93.8464, 0.0236314, 46.2556, 0.020819, -129.602
3559, 59.30833, 1.10253, -115.352, 4.25963, -63.7423, 2.20686, 144.223, 0.000212049, -93.7497, 0.0236423, 46.2391, 0.0208226, -129.612
3559, 59.31667, 1.10452, -115.382, 4.26799, -63.7538, 2.21205, 144.236, 0.000211499, -93.6519, 0.0236531, 46.2225, 0.0208262, -129.622
3560, 59.32500, 1.1065, -115.411, 4.27636, -63.7654, 2.21724, 144.249, 0.000210948, -93.553, 0.0236639, 46.2059, 0.0208299, -129.633
3560, 59.33333, 1.10849, -115.44, 4.28474, -63.777, 2.22244, 144.262, 0.000210398, -93.453, 0.0236748, 46.1892, 0.0208335, -129.643
3561, 59.34167, 1.11049, -115.469, 4.29314, -63.7888, 2.22765, 144.276, 0.000209847, -93.3518, 0.0236857, 46.1725, 0.0208371, -129.654
3561, 59.35000, 1.11249, -115.499, 4.30155, -63.8006, 2.23287, 144.289, 0.000209297, -93.2495, 0.0236967, 46.1558, 0.0208408, -129.664
3562, 59.35833, 1.11449, -115.528, 4.30997, -63.8124, 2.23809, 144.302, 0.000208746, -93.146, 0.0237076, 46.1391, 0.0208445, -129.674
3562, 59.36667, 1.11649, -115.558, 4.31841, -63.8244, 2.24332, 144.315, 0.000208195, -93.0414, 0.0237186, 46.1223, 0.0208482, -129.685
3563, 59.37500, 1.1185, -115.587, 4.32687, -63.8364, 2.24855, 144.328, 0.000207644, -92.9356, 0.0237296, 46.1055, 0.0208519, -129.695
3563, 59.38333, 1.12051, -115.617, 4.33533, -63.8485, 2.25379, 144.341, 0.000207093, -92.8286, 0.0237406, 46.0886, 0.0208556, -129.706
3564, 59.39167, 1.12253, -115.647, 4.34382, -63.8607, 2.25904, 144.353, 0.000206542, -92.7203, 0.0237517, 46.0718, 0.0208593, -129.716
3564, 59.40000, 1.12455, -115.676, 4.35231, -63.8729, 2.2643, 144.366, 0.000205991, -92.6109, 0.0237628, 46.0549, 0.0208631, -129.727
3565, 59.40833, 1.12657, -115.706, 4.36082, -63.8852, 2.26956, 144.379, 0.00020544, -92.5003, 0.0237739, 46.038, 0.0208669, -129.737
3565, 59.41667, 1.1286, -115.736, 4.36935, -63.8976, 2.27483, 144.391, 0.000204889, -92.3883, 0.0237851, 46.021, 0.0208707, -129.748
3566, 59.42500, 1.13063, -115.766, 4.37789, -63.91, 2.2801, 144.404, 0.000204338, -92.2752, 0.0237962, 46.004, 0.0208745, -129.758
3566, 59.43333, 1.13267, -115.796, 4.38644, -63.9226, 2.28539, 144.417, 0.000203788, -92.1608, 0.0238074, 45.987, 0.0208783, -129.769
3567, 59.44167, 1.13471, -115.826, 4.39501, -63.9352, 2.29068, 144.429, 0.000203237, -92.0451, 0.0238186, 45.97, 0.0208821, -129.779
3567, 59.45000, 1.13675, -115.856, 4.4036, -63.9478, 2.29597, 144.442, 0.000202687, -91.9281, 0.0238299, 45.9529, 0.0208859, -129.79
3568, 59.45833, 1.1388, -115.886, 4.41219, -63.9606, 2.30128, 144.454, 0.000202136, -91.8098, 0.0238412, 45.9358, 0.0208898, -129.801
3568, 59.46667, 1.14085, -115.916, 4.42081, -63.9734, 2.30659, 144.466, 0.000201586, -91.6902, 0.0238524, 45.9186, 0.0208937, -129.811
3569, 59.47500, 1.1429, -115.946, 4.42944, -63.9863, 2.3119, 144.479, 0.000201036, -91.5693, 0.0238638, 45.9015, 0.0208976, -129.822
3569, 59.48333, 1.14496, -115.976, 4.43808, -63.9993, 2.31723, 144.491, 0.000200487, -91.447, 0.0238751, 45.8843, 0.0209015, -129.832
3570, 59.49167, 1.14703, -116.006, 4.44674, -64.0123, 2.32256, 144.503, 0.000199937, -91.3234, 0.0238865, 45.8671, 0.0209054, -129.843
3570, 59.50000, 1.14909, -116.037, 4.45541, -64.0254, 2.3279, 144.515, 0.000199388, -91.1984, 0.0238979, 45.8498, 0.0209093, -129.854
3571, 59.50833, 1.15116, -116.067, 4.46409, -64.0386, 2.33324, 144.527, 0.000198839, -91.0721, 0.0239093, 45.8325, 0.0209133, -129.864
3571, 59.51667, 1.15324, -116.097, 4.4728, -64.0518, 2.3386, 144.539, 0.000198291, -90.9444, 0.0239208, 45.8152, 0.0209173, -129.875
3572, 59.52500, 1.15532, -116.128, 4.48151, -64.0651, 2.34396, 144.551, 0.000197742, -90.8152, 0.0239323, 45.7978, 0.0209213, -129.886
3572, 59.53333, 1.1574, -116.158, 4.49024, -64.0785, 2.34932, 144.563, 0.000197195, -90.6847, 0.0239438, 45.7804, 0.0209253, -129.896
3573, 59.54167, 1.15948, -116.189, 4.49899, -64.092, 2.3547, 144.575, 0.000196647, -90.5527, 0.0239553, 45.763, 0.0209293, -129.907
3573, 59.55000, 1.16157, -116.22, 4.50775, -64.1055, 2.36008, 144.587, 0.0001961, -90.4192, 0.0239669, 45.7455, 0.0209333, -129.918
3574, 59.55833, 1.16367, -116.25, 4.51653, -64.1192, 2.36547, 144.598, 0.000195554, -90.2844, 0.0239785, 45.7281, 0.0209374, -129.929
3574, 59.56667, 1.16577, -116.281, 4.52532, -64.1328, 2.37086, 144.61, 0.000195007, -90.148, 0.0239901, 45.7105, 0.0209414, -129.939
3575, 59.57500, 1.16787, -116.312, 4.53413, -64.1466, 2.37627, 144.622, 0.000194462, -90.0101, 0.0240018, 45.693, 0.0209455, -129.95
3575, 59.58333, 1.16998, -116.342, 4.54295, -64.1604, 2.38168, 144.633, 0.000193917, -89.8708, 0.0240135, 45.6754, 0.0209496, -129.961
3576, 59.59167, 1.17209, -116.373, 4.55179, -64.1743, 2.38709, 144.645, 0.000193372, -89.7299, 0.0240252, 45.6578, 0.0209537, -129.972
3576, 59.60000, 1.1742, -116.404, 4.56064, -64.1883, 2.39252, 144.656, 0.000192829, -89.5876, 0.0240369, 45.6402, 0.0209578, -129.983
3577, 59.60833, 1.17632, -116.435, 4.56951, -64.2023, 2.39795, 144.668, 0.000192285, -89.4437, 0.0240487, 45.6225, 0.020962, -129.994
3577, 59.61667, 1.17844, -116.466, 4.5784, -64.2165, 2.40339, 144.679, 0.000191743, -89.2982, 0.0240604, 45.6048, 0.0209662, -130.004
3578, 59.62500, 1.18057, -116.497, 4.5873, -64.2306, 2.40884, 144.691, 0.000191201, -89.1511, 0.0240723, 45.587, 0.0209703, -130.015
3578, 59.63333, 1.1827, -116.528, 4.59621, -64.2449, 2.41429, 144.702, 0.00019066, -89.0025, 0.0240841, 45.5692, 0.0209745, -130.026
3579, 59.64167, 1.18484, -116.559, 4.60514, -64.2592, 2.41976, 144.713, 0.000190119, -88.8523, 0.024096, 45.5514, 0.0209787, -130.037
3579, 59.65000, 1.18698, -116.59, 4.61409, -64.2736, 2.42523, 144.724, 0.000189579, -88.7004, 0.0241079, 45.5336, 0.020983, -130.048
3580, 59.65833, 1.18912, -116.622, 4.62305, -64.2881, 2.43071, 144.736, 0.000189041, -88.547, 0.0241198, 45.5157, 0.0209872, -130.059
3580, 59.66667, 1.19127, -116.653, 4.63203, -64.3027, 2.43619, 144.747, 0.000188502, -88.3918, 0.0241318, 45.4978, 0.0209915, -130.07
3581, 59.67500, 1.19342, -116.684, 4.64103, -64.3173, 2.44168, 144.758, 0.000187965, -88.2351, 0.0241437, 45.4799, 0.0209957, -130.081
3581, 59.68333, 1.19558, -116.716, 4.65004, -64.332, 2.44719, 144.769, 0.000187429, -88.0766, 0.0241558, 45.4619, 0.021, -130.092
3582, 59.69167, 1.19774, -116.747, 4.65906, -64.3467, 2.45269, 144.78, 0.000186894, -87.9165, 0.0241678, 45.4439, 0.0210043, -130.103
3582, 59.70000, 1.1999, -116.778, 4.6681, -64.3616, 2.45821, 144.791, 0.00018636, -87.7547, 0.0241799, 45.4258, 0.0210087, -130.114
3583, 59.70833, 1.20207, -116.81, 4.67716, -64.3765, 2.46374, 144.801, 0.000185826, -87.5911, 0.024192, 45.4078, 0.021013, -130.125
3583, 59.71667, 1.20424, -116.842, 4.68624, -64.3915, 2.46927, 144.812, 0.000185294, -87.4258, 0.0242041, 45.3896, 0.0210174, -130.136
3584, 59.72500, 1.20642, -116.873, 4.69533, -64.4065, 2.47481, 144.823, 0.000184763, -87.2588, 0.0242163, 45.3715, 0.0210217, -130.147
3584, 59.73333, 1.2086, -116.905, 4.70443, -64.4216, 2.48035, 144.834, 0.000184233, -87.09, 0.0242284, 45.3533, 0.0210261, -130.158
3585, 59.74167, 1.21079, -116.936, 4.71356, -64.4368, 2.48591, 144.844, 0.000183704, -86.9194, 0.0242407, 45.3351, 0.0210305, -130.169
3585, 59.75000, 1.21298, -116.968, 4.72269, -64.4521, 2.49147, 144.855, 0.000183176, -86.747, 0.0242529, 45.3168, 0.021035, -130.18
3586, 59.75833, 1.21517, -117, 4.73185, -64.4675, 2.49705, 144.866, 0.00018265, -86.5729, 0.0242652, 45.2986, 0.0210394, -130.191
3586, 59.76667, 1.21737, -117.032, 4.74102, -64.4829, 2.50263, 144.876, 0.000182125, -86.3968, 0.0242775, 45.2802, 0.0210439, -130.202
3587, 59.77500, 1.21958, -117.064, 4.75021, -64.4984, 2.50821, 144.887, 0.000181601, -86.219, 0.0242898, 45.2619, 0.0210483, -130.214
3587, 59.78333, 1.22178, -117.096, 4.75941, -64.5139, 2.51381, 144.897, 0.000181078, -86.0393, 0.0243022, 45.2435, 0.0210528, -130.225
3588, 59.79167, 1.224, -117.128, 4.76863, -64.5295, 2.51941, 144.907, 0.000180557, -85.8577, 0.0243145, 45.2251, 0.0210573, -130.236
3588, 59.80000, 1.22621, -117.16, 4.77787, -64.5452, 2.52502, 144.918, 0.000180038, -85.6742, 0.024327, 45.2066, 0.0210619, -130.247
3589, 59.80833, 1.22843, -117.192, 4.78712, -64.561, 2.53064, 144.928, 0.00017952, -85.4888, 0.0243394, 45.1881, 0.0210664, -130.258
3589, 59.81667, 1.23066, -117.224, 4.7964, -64.5769, 2.53627, 144.938, 0.000179003, -85.3015, 0.0243519, 45.1696, 0.021071, -130.27
3590, 59.82500, 1.23289, -117.256, 4.80568, -64.5928, 2.54191, 144.948, 0.000178488, -85.1123, 0.0243644, 45.151, 0.0210755, -130.281
3590, 59.83333, 1.23512, -117.288, 4.81499, -64.6088, 2.54755, 144.959, 0.000177975, -84.9211, 0.0243769, 45.1324, 0.0210801, -130.292
3591, 59.84167, 1.23736, -117.321, 4.82431, -64.6248, 2.55321, 144.969, 0.000177463, -84.7279, 0.0243895, 45.1138, 0.0210847, -130.303
3591, 59.85000, 1.2396, -117.353, 4.83365, -64.641, 2.55887, 144.979, 0.000176953, -84.5328, 0.0244021, 45.0951, 0.0210894, -130.315
3592, 59.85833, 1.24185, -117.385, 4.843, -64.6572, 2.56454, 144.989, 0.000176445, -84.3356, 0.0244147, 45.0764, 0.021094, -130.326
3592, 59.86667, 1.2441, -117.418, 4.85237, -64.6735, 2.57021, 144.999, 0.000175938, -84.1365, 0.0244274, 45.0577, 0.0210987, -130.337
3593, 59.87500, 1.24636, -117.45, 4.86176, -64.6898, 2.5759, 145.009, 0.000175434, -83.9353, 0.0244401, 45.0389, 0.0211033, -130.349
3593, 59.88333, 1.24862, -117.483, 4.87117, -64.7062, 2.58159, 145.019, 0.000174931, -83.732, 0.0244528, 45.0201, 0.021108, -130.36
3594, 59.89167, 1.25089, -117.515, 4.88059, -64.7227, 2.5873, 145.028, 0.00017443, -83.5267, 0.0244655, 45.0012, 0.0211128, -130.371
3594, 59.90000, 1.25316, -117.548, 4.89003, -64.7393, 2.59301, 145.038, 0.000173932, -83.3194, 0.0244783, 44.9823, 0.0211175, -130.383
3595, 59.90833, 1.25543, -117.58, 4.89949, -64.756, 2.59873, 145.048, 0.000173435, -83.1099, 0.0244911, 44.9634, 0.0211222, -130.394
3595, 59.91667, 1.25771, -117.613, 4.90896, -64.7727, 2.60446, 145.058, 0.00017294, -82.8983, 0.024504, 44.9445, 0.021127, -130.406
3596, 59.92500, 1.26, -117.646, 4.91845, -64.7895, 2.6102, 145.067, 0.000172448, -82.6846, 0.0245168, 44.9254, 0.0211318, -130.417
3596, 59.93333, 1.26228, -117.678, 4.92796, -64.8063, 2.61594, 145.077, 0.000171958, -82.4687, 0.0245297, 44.9064, 0.0211366, -130.429
3597, 59.94167, 1.26458, -117.711, 4.93749, -64.8232, 2.6217, 145.086, 0.00017147, -82.2507, 0.0245427, 44.8873, 0.0211414, -130.44
3597, 59.95000, 1.26688, -117.744, 4.94703, -64.8402, 2.62746, 145.096, 0.000170984, -82.0306, 0.0245556, 44.8682, 0.0211462, -130.452
3598, 59.95833, 1.26918, -117.777, 4.9566, -64.8573, 2.63323, 145.105, 0.000170501, -81.8082, 0.0245686, 44.8491, 0.0211511, -130.463
3598, 59.96667, 1.27149, -117.81, 4.96618, -64.8745, 2.63901, 145.115, 0.00017002, -81.5836, 0.0245816, 44.8299, 0.021156, -130.475
3599, 59.97500, 1.2738, -117.843, 4.97577, -64.8917, 2.6448, 145.124, 0.000169542, -81.3569, 0.0245947, 44.8107, 0.0211609, -130.486
3599, 59.98333, 1.27612, -117.876, 4.98539, -64.909, 2.6506, 145.133, 0.000169066, -81.1279, 0.0246078, 44.7914, 0.0211658, -130.498
3600, 59.99167, 1.27844, -117.909, 4.99502, -64.9264, 2.65641, 145.143, 0.000168593, -80.8966, 0.0246209, 44.7721, 0.0211707, -130.509
3600, 60.00000, 1.28076, -117.942, 5.00467, -64.9438, 2.66222, 145.152, 0.000168123, -80.6631, 0.024634, 44.7528, 0.0211756, -130.521
3601, 60.00833, 1.28309, -117.976, 5.01434, -64.9613, 2.66805, 145.161, 0.000167655, -80.4273, 0.0246472, 44.7334, 0.0211806, -130.533
3601, 60.01667, 1.28543, -118.009, 5.02403, -64.9789, 2.67388, 145.17, 0.00016719, -80.1893, 0.0246604, 44.714, 0.0211856, -130.544
3602, 60.02500, 1.28777, -118.042, 5.03373, -64.9966, 2.67973, 145.179, 0.000166728, -79.9489, 0.0246737, 44.6945, 0.0211906, -130.556
3602, 60.03333, 1.29012, -118.075, 5.04345, -65.0143, 2.68558, 145.189, 0.000166268, -79.7063, 0.0246869, 44.675, 0.0211956, -130.568
3603, 60.04167, 1.29247, -118.109, 5.05319, -65.0321, 2.69144, 145.198, 0.000165812, -79.4612, 0.0247002, 44.6555, 0.0212006, -130.579
3603, 60.05000, 1.29482, -118.142, 5.06295, -65.05, 2.69731, 145.207, 0.000165359, -79.2139, 0.0247136, 44.636, 0.0212057, -130.591
3604, 60.05833, 1.29718, -118.176, 5.07273, -65.0679, 2.70319, 145.215, 0.000164909, -78.9643, 0.024727, 44.6163, 0.0212107, -130.603
3604, 60.06667, 1.29955, -118.209, 5.08252, -65.086, 2.70908, 145.224, 0.000164462, -78.7122, 0.0247404, 44.5967, 0.0212158, -130.614
3605, 60.07500, 1.30192, -118.243, 5.09234, -65.1041, 2.71498, 145.233, 0.000164018, -78.4578, 0.0247538, 44.577, 0.0212209, -130.626
3605, 60.08333, 1.30429, -118.276, 5.10217, -65.1222, 2.72088, 145.242, 0.000163578, -78.201, 0.0247673, 44.5573, 0.0212261, -130.638
3606, 60.09167, 1.30667, -118.31, 5.11202, -65.1405, 2.7268, 145.251, 0.000163141, -77.9418, 0.0247808, 44.5375, 0.0212312, -130.65
3606, 60.10000, 1.30906, -118.344, 5.12189, -65.1588, 2.73273, 145.26, 0.000162707, -77.6802, 0.0247943, 44.5177, 0.0212364, -130.662
3607, 60.10833, 1.31145, -118.378, 5.13178, -65.1772, 2.73866, 145.268, 0.000162277, -77.4162, 0.0248079, 44.4979, 0.0212416, -130.674
3607, 60.11667, 1.31384, -118.411, 5.14168, -65.1957, 2.74461, 145.277, 0.00016185, -77.1497, 0.0248215, 44.478, 0.0212468, -130.685
3608, 60.12500, 1.31624, -118.445, 5.15161, -65.2142, 2.75056, 145.285, 0.000161427, -76.8808, 0.0248351, 44.4581, 0.021252, -130.697
3608, 60.13333, 1.31865, -118.479, 5.16155, -65.2328, 2.75652, 145.294, 0.000161008, -76.6095, 0.0248487, 44.4381, 0.0212572, -130.709
3609, 60.14167, 1.32106, -118.513, 5.17152, -65.2515, 2.7625, 145.302, 0.000160593, -76.3357, 0.0248624, 44.4181, 0.0212625, -130.721
3609, 60.15000, 1.32347, -118.547, 5.1815, -65.2703, 2.76848, 145.311, 0.000160181, -76.0594, 0.0248762, 44.3981, 0.0212677, -130.733
3610, 60.15833, 1.32589, -118.581, 5.1915, -65.2891, 2.77447, 145.319, 0.000159774, -75.7807, 0.0248899, 44.378, 0.021273, -130.745
3610, 60.16667, 1.32832, -118.615, 5.20152, -65.308, 2.78047, 145.328, 0.00015937, -75.4995, 0.0249037, 44.3579, 0.0212783, -130.757
3611, 60.17500, 1.33075, -118.649, 5.21156, -65.327, 2.78648, 145.336, 0.00015897, -75.2158, 0.0249175, 44.3377, 0.0212837, -130.769
3611, 60.18333, 1.33318, -118.684, 5.22161, -65.3461, 2.7925, 145.344, 0.000158575, -74.9297, 0.0249314, 44.3175, 0.021289, -130.781
3612, 60.19167, 1.33562, -118.718, 5.23169, -65.3652, 2.79854, 145.353, 0.000158184, -74.641, 0.0249453, 44.2973, 0.0212944, -130.793
3612, 60.20000, 1.33807, -118.752, 5.24179, -65.3844, 2.80458, 145.361, 0.000157797, -74.3498, 0.0249592, 44.277, 0.0212998, -130.805
3613, 60.20833, 1.34052, -118.786, 5.2519, -65.4037, 2.81063, 145.369, 0.000157415, -74.0561, 0.0249732, 44.2566, 0.0213052, -130.817
3613, 60.21667, 1.34297, -118.821, 5.26204, -65.423, 2.81669, 145.377, 0.000157036, -73.7599, 0.0249872, 44.2363, 0.0213106, -130.829
3614, 60.22500, 1.34543, -118.855, 5.27219, -65.4425, 2.82276, 145.385, 0.000156663, -73.4612, 0.0250012, 44.2159, 0.0213161, -130.841
3614, 60.23333, 1.3479, -118.89, 5.28236, -65.462, 2.82884, 145.393, 0.000156294, -73.16, 0.0250153, 44.1954, 0.0213215, -130.854
3615, 60.24167, 1.35037, -118.924, 5.29256, -65.4815, 2.83493, 145.401, 0.00015593, -72.8562, 0.0250294, 44.1749, 0.021327, -130.866
3615, 60.25000, 1.35285, -118.959, 5.30277, -65.5012, 2.84103, 145.409, 0.000155571, -72.55, 0.0250435, 44.1544, 0.0213325, -130.878
3616, 60.25833, 1.35533, -118.993, 5.313, -65.5209, 2.84714, 145.417, 0.000155216, -72.2412, 0.0250577, 44.1338, 0.021338, -130.89
3616, 60.26667, 1.35782, -119.028, 5.32326, -65.5407, 2.85326, 145.425, 0.000154867, -71.9299, 0.0250719, 44.1132, 0.0213436, -130.902
3617, 60.27500, 1.36031, -119.063, 5.33353, -65.5606, 2.85939, 145.433, 0.000154523, -71.6161, 0.0250861, 44.0925, 0.0213491, -130.914
3617, 60.28333, 1.36281, -119.097, 5.34382, -65.5806, 2.86553, 145.44, 0.000154183, -71.2998, 0.0251004, 44.0718, 0.0213547, -130.927
3618, 60.29167, 1.36531, -119.132, 5.35413, -65.6006, 2.87168, 145.448, 0.000153849, -70.9809, 0.0251147, 44.0511, 0.0213603, -130.939
3618, 60.30000, 1.36782, -119.167, 5.36446, -65.6207, 2.87784, 145.456, 0.00015352, -70.6595, 0.025129, 44.0303, 0.0213659, -130.951
3619, 60.30833, 1.37034, -119.202, 5.37482, -65.6409, 2.88401, 145.464, 0.000153197, -70.3357, 0.0251434, 44.0094, 0.0213716, -130.964
3619, 60.31667, 1.37286, -119.237, 5.38519, -65.6611, 2.89019, 145.471, 0.000152879, -70.0093, 0.0251578, 43.9886, 0.0213773, -130.976
3620, 60.32500, 1.37538, -119.272, 5.39558, -65.6814, 2.89638, 145.479, 0.000152566, -69.6805, 0.0251722, 43.9676, 0.0213829, -130.988
3620, 60.33333, 1.37791, -119.307, 5.40599, -65.7018, 2.90259, 145.486, 0.00015226, -69.3492, 0.0251867, 43.9467, 0.0213886, -131.001
3621, 60.34167, 1.38045, -119.342, 5.41643, -65.7223, 2.9088, 145.494, 0.000151958, -69.0153, 0.0252012, 43.9257, 0.0213943, -131.013
3621, 60.35000, 1.38299, -119.377, 5.42688, -65.7429, 2.91502, 145.501, 0.000151663, -68.6791, 0.0252157, 43.9046, 0.0214001, -131.026
3622, 60.35833, 1.38554, -119.412, 5.43735, -65.7635, 2.92126, 145.509, 0.000151374, -68.3403, 0.0252303, 43.8835, 0.0214058, -131.038
3622, 60.36667, 1.38809, -119.447, 5.44785, -65.7842, 2.9275, 145.516, 0.00015109, -67.9991, 0.0252449, 43.8624, 0.0214116, -131.05
3623, 60.37500, 1.39065, -119.483, 5.45836, -65.805, 2.93376, 145.523, 0.000150813, -67.6555, 0.0252596, 43.8412, 0.0214174, -131.063
3623, 60.38333, 1.39321, -119.518, 5.4689, -65.8258, 2.94002, 145.531, 0.000150542, -67.3095, 0.0252743, 43.82, 0.0214233, -131.075
3624, 60.39167, 1.39578, -119.553, 5.47945, -65.8468, 2.9463, 145.538, 0.000150277, -66.961, 0.025289, 43.7987, 0.0214291, -131.088
3624, 60.40000, 1.39836, -119.589, 5.49003, -65.8678, 2.95259, 145.545, 0.000150019, -66.6102, 0.0253038, 43.7774, 0.021435, -131.101
3625, 60.40833, 1.40094, -119.624, 5.50063, -65.8889, 2.95888, 145.552, 0.000149766, -66.257, 0.0253185, 43.756, 0.0214408, -131.113
3625, 60.41667, 1.40352, -119.66, 5.51125, -65.91, 2.96519, 145.559, 0.000149521, -65.9014, 0.0253334, 43.7346, 0.0214467, -131.126
3626, 60.42500, 1.40612, -119.695, 5.52189, -65.9313, 2.97151, 145.566, 0.000149282, -65.5435, 0.0253482, 43.7132, 0.0214527, -131.138
3626, 60.43333, 1.40871, -119.731, 5.53255, -65.9526, 2.97784, 145.573, 0.000149049, -65.1833, 0.0253631, 43.6917, 0.0214586, -131.151
3627, 60.44167, 1.41132, -119.766, 5.54323, -65.974, 2.98418, 145.58, 0.000148824, -64.8208, 0.0253781, 43.6701, 0.0214646, -131.164
3627, 60.45000, 1.41393, -119.802, 5.55393, -65.9954, 2.99054, 145.587, 0.000148605, -64.456, 0.0253931, 43.6485, 0.0214705, -131.176
3628, 60.45833, 1.41654, -119.838, 5.56466, -66.017, 2.9969, 145.594, 0.000148394, -64.0889, 0.0254081, 43.6269, 0.0214766, -131.189
3628, 60.46667, 1.41916, -119.874, 5.5754, -66.0386, 3.00327, 145.601, 0.000148189, -63.7196, 0.0254231, 43.6052, 0.0214826, -131.202
3629, 60.47500, 1.42179, -119.909, 5.58617, -66.0603, 3.00966, 145.608, 0.000147992, -63.3481, 0.0254382, 43.5835, 0.0214886, -131.215
3629, 60.48333, 1.42442, -119.945, 5.59696, -66.0821, 3.01606, 145.615, 0.000147801, -62.9745, 0.0254533, 43.5617, 0.0214947, -131.227
3630, 60.49167, 1.42706, -119.981, 5.60777, -66.1039, 3.02247, 145.621, 0.000147618, -62.5987, 0.0254685, 43.5399, 0.0215008, -131.24
3630, 60.50000, 1.4297, -120.017, 5.6186, -66.1258, 3.02888, 145.628, 0.000147443, -62.2208, 0.0254837, 43.518, 0.0215069, -131.253
3631, 60.50833, 1.43235, -120.053, 5.62946, -66.1479, 3.03531, 145.635, 0.000147275, -61.8408, 0.0254989, 43.4961, 0.021513, -131.266
3631, 60.51667, 1.43501, -120.089, 5.64033, -66.1699, 3.04176, 145.641, 0.000147115, -61.4587, 0.0255142, 43.4742, 0.0215192, -131.279
3632, 60.52500, 1.43767, -120.125, 5.65123, -66.1921, 3.04821, 145.648, 0.000146962, -61.0746, 0.0255295, 43.4522, 0.0215253, -131.291
3632, 60.53333, 1.44034, -120.162, 5.66215, -66.2143, 3.05468, 145.654, 0.000146817, -60.6885, 0.0255448, 43.4301, 0.0215315, -131.304
3633, 60.54167, 1.44301, -120.198, 5.67309, -66.2367, 3.06115, 145.661, 0.00014668, -60.3004, 0.0255602, 43.408, 0.0215377, -131.317
3633, 60.55000, 1.44569, -120.234, 5.68405, -66.259, 3.06764, 145.667, 0.000146551, -59.9105, 0.0255756, 43.3859, 0.021544, -131.33
3634, 60.55833, 1.44838, -120.27, 5.69504, -66.2815, 3.07414, 145.674, 0.00014643, -59.5187, 0.0255911, 43.3637, 0.0215502, -131.343
3634, 60.56667, 1.45107, -120.307, 5.70604, -66.3041, 3.08065, 145.68, 0.000146317, -59.125, 0.0256066, 43.3414, 0.0215565, -131.356
3635, 60.57500, 1.45377, -120.343, 5.71707, -66.3267, 3.08717, 145.686, 0.000146212, -58.7295, 0.0256221, 43.3191, 0.0215628, -131.369
3635, 60.58333, 1.45647, -120.38, 5.72812, -66.3494, 3.09371, 145.693, 0.000146116, -58.3323, 0.0256377, 43.2968, 0.0215691, -131.382
3636, 60.59167, 1.45918, -120.416, 5.7392, -66.3722, 3.10025, 145.699, 0.000146028, -57.9333, 0.0256533, 43.2744, 0.0215755, -131.395
3636, 60.60000, 1.4619, -120.453, 5.7503, -66.3951, 3.10681, 145.705, 0.000145948, -57.5327, 0.0256689, 43.252, 0.0215818, -131.409
3637, 60.60833, 1.46462, -120.489, 5.76142, -66.418, 3.11338, 145.711, 0.000145877, -57.1305, 0.0256846, 43.2295, 0.0215882, -131.422
3637, 60.61667, 1.46735, -120.526, 5.77256, -66.441, 3.11996, 145.717, 0.000145814, -56.7266, 0.0257004, 43.2069, 0.0215946, -131.435
3638, 60.62500, 1.47008, -120.563, 5.78372, -66.4641, 3.12656, 145.723, 0.00014576, -56.3212, 0.0257161, 43.1844, 0.0216011, -131.448
3638, 60.63333, 1.47282, -120.599, 5.79491, -66.4873, 3.13316, 145.729, 0.000145715, -55.9144, 0.0257319, 43.1617, 0.0216075, -131.461
3639, 60.64167, 1.47557, -120.636, 5.80612, -66.5106, 3.13978, 145.735, 0.000145679, -55.506, 0.0257478, 43.1391, 0.021614, -131.474
3639, 60.65000, 1.47832, -120.673, 5.81735, -66.5339, 3.14641, 145.741, 0.000145652, -55.0963, 0.0257636, 43.1163, 0.0216205, -131.488
3640, 60.65833, 1.48108, -120.71, 5.82861, -66.5573, 3.15305, 145.747, 0.000145634, -54.6853, 0.0257796, 43.0935, 0.021627, -131.501
3640, 60.66667, 1.48385, -120.747, 5.83989, -66.5808, 3.15971, 145.753, 0.000145624, -54.273, 0.0257955, 43.0707, 0.0216336, -131.514
3641, 60.67500, 1.48662, -120.784, 5.85119, -66.6044, 3.16637, 145.759, 0.000145624, -53.8594, 0.0258115, 43.0478, 0.0216401, -131.528
3641, 60.68333, 1.4894, -120.821, 5.86252, -66.628, 3.17305, 145.765, 0.000145634, -53.4447, 0.0258275, 43.0249, 0.0216467, -131.541
3642, 60.69167, 1.49218, -120.858, 5.87387, -66.6518, 3.17974, 145.77, 0.000145652, -53.0288, 0.0258436, 43.0019, 0.0216533, -131.554
3642, 60.70000, 1.49498, -120.895, 5.88524, -66.6756, 3.18645, 145.776, 0.00014568, -52.6119, 0.0258597, 42.9789, 0.0216599, -131.568
3643, 60.70833, 1.49777, -120.933, 5.89663, -66.6995, 3.19316, 145.782, 0.000145717, -52.1939, 0.0258759, 42.9558, 0.0216666, -131.581
3643, 60.71667, 1.50058, -120.97, 5.90805, -66.7235, 3.19989, 145.787, 0.000145764, -51.775, 0.0258921, 42.9327, 0.0216733, -131.595
3644, 60.72500, 1.50339, -121.007, 5.9195, -66.7475, 3.20663, 145.793, 0.00014582, -51.3552, 0.0259083, 42.9095, 0.02168, -131.608
3644, 60.73333, 1.50621, -121.044, 5.93096, -66.7716, 3.21339, 145.799, 0.000145886, -50.9345, 0.0259246, 42.8863, 0.0216867, -131.621
3645, 60.74167, 1.50903, -121.082, 5.94246, -66.7959, 3.22015, 145.804, 0.000145962, -50.5131, 0.0259409, 42.863, 0.0216934, -131.635
3645, 60.75000, 1.51186, -121.119, 5.95397, -66.8202, 3.22693, 145.809, 0.000146048, -50.0909, 0.0259573, 42.8396, 0.0217002, -131.649
3646, 60.75833, 1.5147, -121.157, 5.96551, -66.8445, 3.23373, 145.815, 0.000146143, -49.6681, 0.0259737, 42.8163, 0.021707, -131.662
3646, 60.76667, 1.51754, -121.194, 5.97707, -66.869, 3.24053, 145.82, 0.000146248, -49.2447, 0.0259901, 42.7928, 0.0217138, -131.676
3647, 60.77500, 1.52039, -121.232, 5.98866, -66.8935, 3.24735, 145.826, 0.000146363, -48.8207, 0.0260066, 42.7693, 0.0217206, -131.689
3647, 60.78333, 1.52325, -121.27, 6.00027, -66.9182, 3.25418, 145.831, 0.000146488, -48.3963, 0.0260231, 42.7458, 0.0217275, -131.703
3648, 60.79167, 1.52611, -121.307, 6.0119, -66.9429, 3.26102, 145.836, 0.000146623, -47.9714, 0.0260397, 42.7222, 0.0217344, -131.717
3648, 60.80000, 1.52898, -121.345, 6.02356, -66.9677, 3.26788, 145.841, 0.000146769, -47.5462, 0.0260563, 42.6985, 0.0217413, -131.73
3649, 60.80833, 1.53186, -121.383, 6.03524, -66.9925, 3.27475, 145.846, 0.000146924, -47.1207, 0.0260729, 42.6748, 0.0217482, -131.744
3649, 60.81667, 1.53474, -121.421, 6.04695, -67.0175, 3.28163, 145.851, 0.000147089, -46.6949, 0.0260896, 42.6511, 0.0217551, -131.758
3650, 60.82500, 1.53763, -121.459, 6.05869, -67.0425, 3.28853, 145.856, 0.000147265, -46.269, 0.0261063, 42.6273, 0.0217621, -131.772
3650, 60.83333, 1.54053, -121.497, 6.07044, -67.0676, 3.29543, 145.861, 0.000147451, -45.843, 0.0261231, 42.6034, 0.0217691, -131.785
3651, 60.84167, 1.54343, -121.535, 6.08223, -67.0928, 3.30236, 145.866, 0.000147648, -45.4169, 0.0261399, 42.5795, 0.0217761, -131.799
3651, 60.85000, 1.54635, -121.573, 6.09403, -67.1181, 3.30929, 145.871, 0.000147854, -44.9909, 0.0261567, 42.5555, 0.0217832, -131.813
3652, 60.85833, 1.54926, -121.611, 6.10586, -67.1435, 3.31624, 145.876, 0.000148071, -44.565, 0.0261736, 42.5315, 0.0217903, -131.827
3652, 60.86667, 1.55219, -121.649, 6.11772, -67.1689, 3.3232, 145.881, 0.000148299, -44.1391, 0.0261905, 42.5074, 0.0217973, -131.841
3653, 60.87500, 1.55512, -121.688, 6.1296, -67.1944, 3.33018, 145.886, 0.000148537, -43.7136, 0.0262075, 42.4833, 0.0218045, -131.855
3653, 60.88333, 1.55806, -121.726, 6.14151, -67.22, 3.33717, 145.891, 0.000148786, -43.2883, 0.0262245, 42.4591, 0.0218116, -131.869
3654, 60.89167, 1.561, -121.764, 6.15344, -67.2457, 3.34417, 145.895, 0.000149045, -42.8633, 0.0262416, 42.4348, 0.0218188, -131.883
3654, 60.90000, 1.56396, -121.803, 6.1654, -67.2715, 3.35119, 145.9, 0.000149314, -42.4387, 0.0262587, 42.4105, 0.021826, -131.897
3655, 60.90833, 1.56692, -121.841, 6.17738, -67.2974, 3.35822, 145.905, 0.000149595, -42.0146, 0.0262758, 42.3862, 0.0218332, -131.911
3655, 60.91667, 1.56988, -121.88, 6.18939, -67.3233, 3.36527, 145.909, 0.000149886, -41.591, 0.026293, 42.3618, 0.0218404, -131.925
3656, 60.92500, 1.57286, -121.918, 6.20143, -67.3493, 3.37232, 145.914, 0.000150187, -41.1679, 0.0263103, 42.3373, 0.0218477, -131.939
3656, 60.93333, 1.57584, -121.957, 6.21349, -67.3755, 3.3794, 145.918, 0.000150499, -40.7456, 0.0263275, 42.3128, 0.0218549, -131.953
3657, 60.94167, 1.57883, -121.995, 6.22557, -67.4017, 3.38648, 145.923, 0.000150822, -40.3239, 0.0263448, 42.2882, 0.0218623, -131.968
3657, 60.95000, 1.58182, -122.034, 6.23768, -67.4279, 3.39358, 145.927, 0.000151156, -39.903, 0.0263622, 42.2636, 0.0218696, -131.982
3658, 60.95833, 1.58482, -122.073, 6.24982, -67.4543, 3.4007, 145.932, 0.0001515, -39.4829, 0.0263796, 42.2389, 0.0218769, -131.996
3658, 60.96667, 1.58783, -122.112, 6.26199, -67.4808, 3.40782, 145.936, 0.000151855, -39.0637, 0.026397, 42.2141, 0.0218843, -132.01
3659, 60.97500, 1.59085, -122.151, 6.27417, -67.5073, 3.41497, 145.94, 0.000152221, -38.6454, 0.0264145, 42.1893, 0.0218917, -132.025
3659, 60.98333, 1.59387, -122.19, 6.28639, -67.5339, 3.42212, 145.944, 0.000152598, -38.2282, 0.0264321, 42.1645, 0.0218992, -132.039
3660, 60.99167, 1.59691, -122.229, 6.29863, -67.5606, 3.42929, 145.949, 0.000152985, -37.8119, 0.0264496, 42.1395, 0.0219066, -132.053
3660, 61.00000, 1.59995, -122.268, 6.3109, -67.5874, 3.43648, 145.953, 0.000153384, -37.3968, 0.0264673, 42.1146, 0.0219141, -132.068
3661, 61.00833, 1.60299, -122.307, 6.3232, -67.6143, 3.44368, 145.957, 0.000153792, -36.9829, 0.0264849, 42.0895, 0.0219216, -132.082
3661, 61.01667, 1.60605, -122.346, 6.33552, -67.6412, 3.45089, 145.961, 0.000154212, -36.5701, 0.0265026, 42.0644, 0.0219291, -132.096
3662, 61.02500, 1.60911, -122.385, 6.34787, -67.6683, 3.45812, 145.965, 0.000154643, -36.1586, 0.0265204, 42.0393, 0.0219367, -132.111
3662, 61.03333, 1.61217, -122.425, 6.36024, -67.6954, 3.46536, 145.969, 0.000155084, -35.7485, 0.0265382, 42.0141, 0.0219443, -132.125
3663, 61.04167, 1.61525, -122.464, 6.37264, -67.7226, 3.47262, 145.973, 0.000155536, -35.3396, 0.026556, 41.9888, 0.0219519, -132.14
3663, 61.05000, 1.61833, -122.503, 6.38507, -67.75, 3.4799, 145.977, 0.000155999, -34.9323, 0.0265739, 41.9635, 0.0219595, -132.154
3664, 61.05833, 1.62143, -122.543, 6.39753, -67.7774, 3.48718, 145.981, 0.000156473, -34.5264, 0.0265918, 41.9381, 0.0219672, -132.169
3664, 61.06667, 1.62452, -122.582, 6.41001, -67.8048, 3.49449, 145.984, 0.000156958, -34.122, 0.0266098, 41.9127, 0.0219749, -132.184
3665, 61.07500, 1.62763, -122.622, 6.42252, -67.8324, 3.5018, 145.988, 0.000157453, -33.7191, 0.0266278, 41.8872, 0.0219826, -132.198
3665, 61.08333, 1.63074, -122.661, 6.43506, -67.8601, 3.50914, 145.992, 0.000157959, -33.3179, 0.0266459, 41.8616, 0.0219903, -132.213
3666, 61.09167, 1.63387, -122.701, 6.44762, -67.8878, 3.51648, 145.995, 0.000158476, -32.9183, 0.026664, 41.836, 0.0219981, -132.228
3666, 61.10000, 1.63699, -122.741, 6.46021, -67.9156, 3.52384, 145.999, 0.000159004, -32.5204, 0.0266822, 41.8103, 0.0220058, -132.242
3667, 61.10833, 1.64013, -122.781, 6.47283, -67.9435, 3.53122, 146.003, 0.000159542, -32.1243, 0.0267004, 41.7846, 0.0220137, -132.257
3667, 61.11667, 1.64328, -122.821, 6.48548, -67.9716, 3.53861, 146.006, 0.000160092, -31.7299, 0.0267186, 41.7588, 0.0220215, -132.272
3668, 61.12500, 1.64643, -122.86, 6.49816, -67.9996, 3.54602, 146.01, 0.000160651, -31.3374, 0.0267369, 41.7329, 0.0220294, -132.287
3668, 61.13333, 1.64959, -122.9, 6.51086, -68.0278, 3.55345, 146.013, 0.000161222, -30.9467, 0.0267553, 41.707, 0.0220373, -132.302
3669, 61.14167, 1.65276, -122.94, 6.52359, -68.0561, 3.56088, 146.017, 0.000161803, -30.5578, 0.0267737, 41.681, 0.0220452, -132.317
3669, 61.15000, 1.65593, -122.981, 6.53635, -68.0845, 3.56834, 146.02, 0.000162395, -30.171, 0.0267921, 41.655, 0.0220531, -132.331
3670, 61.15833, 1.65912, -123.021, 6.54914, -68.1129, 3.57581, 146.023, 0.000162998, -29.7861, 0.0268106, 41.6288, 0.0220611, -132.346
3670, 61.16667, 1.66231, -123.061, 6.56195, -68.1414, 3.58329, 146.026, 0.000163611, -29.4031, 0.0268291, 41.6027, 0.0220691, -132.361
3671, 61.17500, 1.66551, -123.101, 6.5748, -68.1701, 3.59079, 146.03, 0.000164235, -29.0222, 0.0268477, 41.5764, 0.0220771, -132.376
3671, 61.18333, 1.66872, -123.141, 6.58767, -68.1988, 3.59831, 146.033, 0.000164869, -28.6434, 0.0268663, 41.5502, 0.0220851, -132.392
3672, 61.19167, 1.67193, -123.182, 6.60057, -68.2276, 3.60584, 146.036, 0.000165514, -28.2667, 0.026885, 41.5238, 0.0220932, -132.407
3672, 61.20000, 1.67515, -123.222, 6.6135, -68.2565, 3.61339, 146.039, 0.00016617, -27.8921, 0.0269037, 41.4974, 0.0221013, -132.422
3673, 61.20833, 1.67839, -123.263, 6.62645, -68.2855, 3.62096, 146.042, 0.000166836, -27.5196, 0.0269225, 41.4709, 0.0221094, -132.437
3673, 61.21667, 1.68163, -123.303, 6.63944, -68.3146, 3.62854, 146.045, 0.000167513, -27.1493, 0.0269413, 41.4444, 0.0221176, -132.452
3674, 61.22500, 1.68487, -123.344, 6.65246, -68.3437, 3.63613, 146.048, 0.0001682, -26.7812, 0.0269601, 41.4177, 0.0221258, -132.467
3674, 61.23333, 1.68813, -123.385, 6.6655, -68.373, 3.64374, 146.051, 0.000168897, -26.4153, 0.026979, 41.3911, 0.022134, -132.483
3675, 61.24167, 1.6914, -123.425, 6.67858, -68.4023, 3.65137, 146.054, 0.000169605, -26.0517, 0.026998, 41.3643, 0.0221422, -132.498
3675, 61.25000, 1.69467, -123.466, 6.69168, -68.4318, 3.65902, 146.056, 0.000170323, -25.6904, 0.027017, 41.3375, 0.0221505, -132.513
3676, 61.25833, 1.69795, -123.507, 6.70481, -68.4613, 3.66668, 146.059, 0.000171052, -25.3313, 0.027036, 41.3107, 0.0221588, -132.528
3676, 61.26667, 1.70124, -123.548, 6.71797, -68.4909, 3.67436, 146.062, 0.000171791, -24.9745, 0.0270551, 41.2837, 0.0221671, -132.544
3677, 61.27500, 1.70454, -123.589, 6.73116, -68.5206, 3.68205, 146.065, 0.00017254, -24.6201, 0.0270743, 41.2567, 0.0221755, -132.559
3677, 61.28333, 1.70784, -123.63, 6.74439, -68.5504, 3.68976, 146.067, 0.000173299, -24.2681, 0.0270935, 41.2297, 0.0221838, -132.575
3678, 61.29167, 1.71116, -123.671, 6.75764, -68.5803, 3.69749, 146.07, 0.000174069, -23.9183, 0.0271127, 41.2026, 0.0221922, -132.59
3678, 61.30000, 1.71448, -123.712, 6.77092, -68.6103, 3.70523, 146.072, 0.000174849, -23.571, 0.027132, 41.1754, 0.0222007, -132.606
3679, 61.30833, 1.71781, -123.754, 6.78423, -68.6404, 3.71299, 146.075, 0.000175639, -23.2261, 0.0271514, 41.1481, 0.0222091, -132.621
3679, 61.31667, 1.72115, -123.795, 6.79757, -68.6706, 3.72077, 146.077, 0.000176439, -22.8835, 0.0271708, 41.1208, 0.0222176, -132.637
3680, 61.32500, 1.7245, -123.836, 6.81094, -68.7009, 3.72857, 146.079, 0.000177249, -22.5434, 0.0271902, 41.0934, 0.0222261, -132.653
3680, 61.33333, 1.72785, -123.878, 6.82434, -68.7312, 3.73638, 146.082, 0.00017807, -22.2057, 0.0272097, 41.066, 0.0222347, -132.668
3681, 61.34167, 1.73122, -123.919, 6.83777, -68.7617, 3.74421, 146.084, 0.0001789, -21.8704, 0.0272292, 41.0384, 0.0222432, -132.684
3681, 61.35000, 1.73459, -123.961, 6.85123, -68.7922, 3.75205, 146.086, 0.00017974, -21.5376, 0.0272488, 41.0108, 0.0222518, -132.7
3682, 61.35833, 1.73798, -124.002, 6.86472, -68.8229, 3.75991, 146.088, 0.000180591, -21.2073, 0.0272685, 40.9832, 0.0222604, -132.715
3682, 61.36667, 1.74137, -124.044, 6.87825, -68.8536, 3.76779, 146.091, 0.000181451, -20.8793, 0.0272882, 40.9555, 0.0222691, -132.731
3683, 61.37500, 1.74477, -124.086, 6.8918, -68.8844, 3.77569, 146.093, 0.000182321, -20.5539, 0.0273079, 40.9277, 0.0222778, -132.747
3683, 61.38333, 1.74818, -124.128, 6.90538, -68.9154, 3.7836, 146.095, 0.000183201, -20.231, 0.0273277, 40.8998, 0.0222865, -132.763
3684, 61.39167, 1.7516, -124.169, 6.919, -68.9464, 3.79154, 146.097, 0.000184091, -19.9105, 0.0273475, 40.8719, 0.0222952, -132.779
3684, 61.40000, 1.75502, -124.211, 6.93265, -68.9775, 3.79949, 146.099, 0.000184991, -19.5925, 0.0273674, 40.8439, 0.022304, -132.795
3685, 61.40833, 1.75846, -124.253, 6.94632, -69.0087, 3.80745, 146.1, 0.0001859, -19.277, 0.0273874, 40.8158, 0.0223128, -132.811
3685, 61.41667, 1.7619, -124.295, 6.96003, -69.04, 3.81544, 146.102, 0.000186819, -18.9639, 0.0274074, 40.7877, 0.0223216, -132.827
3686, 61.42500, 1.76535, -124.338, 6.97377, -69.0714, 3.82344, 146.104, 0.000187748, -18.6534, 0.0274274, 40.7595, 0.0223305, -132.843
3686, 61.43333, 1.76882, -124.38, 6.98755, -69.1029, 3.83146, 146.106, 0.000188686, -18.3454, 0.0274475, 40.7312, 0.0223394, -132.859
3687, 61.44167, 1.77229, -124.422, 7.00135, -69.1345, 3.8395, 146.107, 0.000189634, -18.0398, 0.0274677, 40.7029, 0.0223483, -132.875
3687, 61.45000, 1.77577, -124.464, 7.01519, -69.1662, 3.84756, 146.109, 0.000190592, -17.7367, 0.0274879, 40.6745, 0.0223572, -132.891
3688, 61.45833, 1.77926, -124.507, 7.02905, -69.198, 3.85563, 146.111, 0.000191559, -17.4361, 0.0275081, 40.646, 0.0223662, -132.907
3688, 61.46667, 1.78276, -124.549, 7.04295, -69.2299, 3.86372, 146.112, 0.000192536, -17.138, 0.0275284, 40.6174, 0.0223752, -132.924
3689, 61.47500, 1.78626, -124.592, 7.05688, -69.2619, 3.87184, 146.114, 0.000193522, -16.8423, 0.0275488, 40.5888, 0.0223842, -132.94
3689, 61.48333, 1.78978, -124.634, 7.07085, -69.294, 3.87996, 146.115, 0.000194518, -16.5492, 0.0275692, 40.5601, 0.0223933, -132.956
3690, 61.49167, 1.79331, -124.677, 7.08484, -69.3261, 3.88811, 146.116, 0.000195523, -16.2585, 0.0275896, 40.5313, 0.0224024, -132.973
3690, 61.50000, 1.79684, -124.72, 7.09887, -69.3584, 3.89628, 146.118, 0.000196537, -15.9702, 0.0276102, 40.5025, 0.0224115, -132.989
3691, 61.50833, 1.80039, -124.763, 7.11293, -69.3908, 3.90446, 146.119, 0.000197561, -15.6845, 0.0276307, 40.4736, 0.0224207, -133.005
3691, 61.51667, 1.80394, -124.806, 7.12703, -69.4233, 3.91267, 146.12, 0.000198594, -15.4011, 0.0276514, 40.4446, 0.0224299, -133.022
3692, 61.52500, 1.80751, -124.849, 7.14115, -69.4558, 3.92089, 146.121, 0.000199636, -15.1203, 0.027672, 40.4156, 0.0224391, -133.038
3692, 61.53333, 1.81108, -124.892, 7.15531, -69.4885, 3.92913, 146.123, 0.000200687, -14.8419, 0.0276928, 40.3864, 0.0224483, -133.055
3693, 61.54167, 1.81466, -124.935, 7.1695, -69.5213, 3.93739, 146.124, 0.000201748, -14.5658, 0.0277135, 40.3572, 0.0224576, -133.072
3693, 61.55000, 1.81825, -124.978, 7.18373, -69.5542, 3.94567, 146.125, 0.000202818, -14.2923, 0.0277344, 40.328, 0.0224669, -133.088
3694, 61.55833, 1.82185, -125.021, 7.19799, -69.5871, 3.95396, 146.126, 0.000203897, -14.0211, 0.0277553, 40.2986, 0.0224762, -133.105
3694, 61.56667, 1.82546, -125.064, 7.21228, -69.6202, 3.96228, 146.126, 0.000204985, -13.7524, 0.0277762, 40.2692, 0.0224856, -133.122
3695, 61.57500, 1.82908, -125.108, 7.2266, -69.6534, 3.97062, 146.127, 0.000206083, -13.486, 0.0277972, 40.2397, 0.022495, -133.138
3695, 61.58333, 1.83271, -125.151, 7.24096, -69.6866, 3.97897, 146.128, 0.000207189, -13.222, 0.0278182, 40.2101, 0.0225044, -133.155
3696, 61.59167, 1.83636, -125.195, 7.25536, -69.72, 3.98735, 146.129, 0.000208304, -12.9604, 0.0278394, 40.1805, 0.0225139, -133.172
3696, 61.60000, 1.84, -125.238, 7.26978, -69.7535, 3.99574, 146.13, 0.000209429, -12.7012, 0.0278605, 40.1508, 0.0225234, -133.189
3697, 61.60833, 1.84366, -125.282, 7.28424, -69.7871, 4.00415, 146.13, 0.000210562, -12.4443, 0.0278817, 40.121, 0.0225329, -133.206
3697, 61.61667, 1.84733, -125.326, 7.29874, -69.8207, 4.01259, 146.131, 0.000211704, -12.1898, 0.027903, 40.0911, 0.0225424, -133.223
3698, 61.62500, 1.85101, -125.37, 7.31326, -69.8545, 4.02104, 146.131, 0.000212855, -11.9376, 0.0279243, 40.0611, 0.022552, -133.24
3698, 61.63333, 1.8547, -125.413, 7.32783, -69.8884, 4.02951, 146.132, 0.000214015, -11.6877, 0.0279457, 40.0311, 0.0225616, -133.257
3699, 61.64167, 1.8584, -125.457, 7.34242, -69.9224, 4.038, 146.132, 0.000215184, -11.4401, 0.0279671, 40.001, 0.0225713, -133.274
3699, 61.65000, 1.86211, -125.501, 7.35706, -69.9565, 4.04652, 146.133, 0.000216362, -11.1948, 0.0279886, 39.9708, 0.022581, -133.291
3700, 61.65833, 1.86583, -125.546, 7.37172, -69.9907, 4.05505, 146.133, 0.000217548, -10.9518, 0.0280102, 39.9406, 0.0225907, -133.308
3700, 61.66667, 1.86956, -125.59, 7.38642, -70.0249, 4.0636, 146.133, 0.000218743, -10.7111, 0.0280318, 39.9103, 0.0226004, -133.325
3701, 61.67500, 1.87329, -125.634, 7.40116, -70.0593, 4.07217, 146.133, 0.000219947, -10.4726, 0.0280534, 39.8798, 0.0226102, -133.343
3701, 61.68333, 1.87704, -125.678, 7.41593, -70.0938, 4.08077, 146.134, 0.00022116, -10.2363, 0.0280752, 39.8494, 0.02262, -133.36
3702, 61.69167, 1.8808, -125.723, 7.43074, -70.1284, 4.08938, 146.134, 0.000222381, -10.0023, 0.0280969, 39.8188, 0.0226298, -133.377
3702, 61.70000, 1.88457, -125.767, 7.44558, -70.1632, 4.09801, 146.134, 0.000223611, -9.77052, 0.0281188, 39.7882, 0.0226397, -133.395
3703, 61.70833, 1.88835, -125.812, 7.46045, -70.198, 4.10667, 146.134, 0.00022485, -9.54092, 0.0281407, 39.7574, 0.0226496, -133.412
3703, 61.71667, 1.89214, -125.856, 7.47537, -70.2329, 4.11534, 146.134, 0.000226097, -9.31348, 0.0281626, 39.7266, 0.0226596, -133.429
3704, 61.72500, 1.89594, -125.901, 7.49031, -70.2679, 4.12404, 146.133, 0.000227353, -9.08824, 0.0281846, 39.6957, 0.0226695, -133.447
3704, 61.73333, 1.89975, -125.946, 7.5053, -70.303, 4.13276, 146.133, 0.000228618, -8.86516, 0.0282067, 39.6648, 0.0226795, -133.464
3705, 61.74167, 1.90357, -125.991, 7.52032, -70.3383, 4.14149, 146.133, 0.000229891, -8.64418, 0.0282288, 39.6337, 0.0226896, -133.482
3705, 61.75000, 1.9074, -126.036, 7.53537, -70.3736, 4.15025, 146.133, 0.000231172, -8.42537, 0.0282509, 39.6026, 0.0226996, -133.5
3706, 61.75833, 1.91124, -126.081, 7.55046, -70.4091, 4.15903, 146.132, 0.000232462, -8.20866, 0.0282732, 39.5714, 0.0227097, -133.517
3706, 61.76667, 1.9151, -126.126, 7.56559, -70.4446, 4.16783, 146.132, 0.000233761, -7.99402, 0.0282955, 39.5401, 0.0227199, -133.535
3707, 61.77500, 1.91896, -126.171, 7.58076, -70.4803, 4.17666, 146.131, 0.000235068, -7.78149, 0.0283178, 39.5088, 0.02273, -133.553
3707, 61.78333, 1.92283, -126.216, 7.59596, -70.5161, 4.1855, 146.131, 0.000236383, -7.57102, 0.0283402, 39.4773, 0.0227402, -133.571
3708, 61.79167, 1.92672, -126.262, 7.6112, -70.5519, 4.19436, 146.13, 0.000237707, -7.36258, 0.0283627, 39.4458, 0.0227505, -133.589
3708, 61.80000, 1.93061, -126.307, 7.62647, -70.5879, 4.20325, 146.13, 0.000239039, -7.15621, 0.0283852, 39.4142, 0.0227607, -133.606
3709, 61.80833, 1.93452, -126.352, 7.64178, -70.624, 4.21216, 146.129, 0.00024038, -6.95185, 0.0284078, 39.3825, 0.022771, -133.624
3709, 61.81667, 1.93843, -126.398, 7.65713, -70.6602, 4.22109, 146.128, 0.000241729, -6.74946, 0.0284304, 39.3507, 0.0227814, -133.642
3710, 61.82500, 1.94236, -126.444, 7.67252, -70.6965, 4.23004, 146.127, 0.000243086, -6.5491, 0.0284531, 39.3189, 0.0227917, -133.66
3710, 61.83333, 1.9463, -126.489, 7.68794, -70.7329, 4.23902, 146.127, 0.000244452, -6.3507, 0.0284759, 39.2869, 0.0228022, -133.679
3711, 61.84167, 1.95025, -126.535, 7.7034, -70.7695, 4.24801, 146.126, 0.000245826, -6.15424, 0.0284987, 39.2549, 0.0228126, -133.697
3711, 61.85000, 1.95421, -126.581, 7.7189, -70.8061, 4.25703, 146.125, 0.000247208, -5.95975, 0.0285216, 39.2228, 0.0228231, -133.715
3712, 61.85833, 1.95818, -126.627, 7.73443, -70.8429, 4.26607, 146.124, 0.000248599, -5.76718, 0.0285445, 39.1906, 0.0228336, -133.733
3712, 61.86667, 1.96216, -126.673, 7.75001, -70.8797, 4.27513, 146.122, 0.000249998, -5.5765, 0.0285675, 39.1583, 0.0228441, -133.751
3713, 61.87500, 1.96615, -126.719, 7.76562, -70.9167, 4.28422, 146.121, 0.000251405, -5.38774, 0.0285906, 39.1259, 0.0228547, -133.77
3713, 61.88333, 1.97015, -126.766, 7.78127, -70.9538, 4.29332, 146.12, 0.00025282, -5.20086, 0.0286137, 39.0935, 0.0228653, -133.788
3714, 61.89167, 1.97417, -126.812, 7.79696, -70.991, 4.30246, 146.119, 0.000254244, -5.01582, 0.0286369, 39.0609, 0.022876, -133.806
3714, 61.90000, 1.9782, -126.858, 7.81268, -71.0283, 4.31161, 146.117, 0.000255676, -4.83266, 0.0286602, 39.0283, 0.0228866, -133.825
3715, 61.90833, 1.98223, -126.905, 7.82845, -71.0657, 4.32078, 146.116, 0.000257116, -4.65132, 0.0286835, 38.9956, 0.0228974, -133.843
3715, 61.91667, 1.98628, -126.951, 7.84425, -71.1032, 4.32998, 146.114, 0.000258565, -4.47178, 0.0287068, 38.9628, 0.0229081, -133.862
3716, 61.92500, 1.99034, -126.998, 7.86009, -71.1409, 4.33921, 146.113, 0.000260021, -4.29407, 0.0287303, 38.9299, 0.0229189, -133.881
3716, 61.93333, 1.99441, -127.045, 7.87598, -71.1786, 4.34845, 146.111, 0.000261486, -4.11815, 0.0287538, 38.8969, 0.0229297, -133.899
3717, 61.94167, 1.9985, -127.091, 7.8919, -71.2165, 4.35772, 146.11, 0.000262959, -3.94397, 0.0287773, 38.8639, 0.0229406, -133.918
3717, 61.95000, 2.00259, -127.138, 7.90786, -71.2545, 4.36701, 146.108, 0.00026444, -3.77157, 0.0288009, 38.8307, 0.0229515, -133.937
3718, 61.95833, 2.0067, -127.185, 7.92385, -71.2926, 4.37633, 146.106, 0.000265929, -3.60092, 0.0288246, 38.7975, 0.0229624, -133.955
3718, 61.96667, 2.01082, -127.232, 7.93989, -71.3308, 4.38566, 146.104, 0.000267427, -3.43197, 0.0288484, 38.7642, 0.0229734, -133.974
3719, 61.97500, 2.01494, -127.28, 7.95597, -71.3691, 4.39503, 146.102, 0.000268932, -3.26475, 0.0288722, 38.7308, 0.0229844, -133.993
3719, 61.98333, 2.01909, -127.327, 7.97209, -71.4075, 4.40441, 146.1, 0.000270446, -3.09923, 0.028896, 38.6973, 0.0229954, -134.012
3720, 61.99167, 2.02324, -127.374, 7.98825, -71.4461, 4.41382, 146.098, 0.000271968, -2.93537, 0.02892, 38.6637, 0.0230065, -134.031
3720, 62.00000, 2.0274, -127.422, 8.00445, -71.4848, 4.42326, 146.096, 0.000273498, -2.7732, 0.028944, 38.63, 0.0230176, -134.05
3721, 62.00833, 2.03158, -127.469, 8.02069, -71.5236, 4.43271, 146.094, 0.000275036, -2.61268, 0.028968, 38.5962, 0.0230287, -134.069
3721, 62.01667, 2.03577, -127.517, 8.03697, -71.5625, 4.4422, 146.092, 0.000276582, -2.45377, 0.0289921, 38.5623, 0.0230399, -134.089
3722, 62.02500, 2.03997, -127.565, 8.05328, -71.6015, 4.4517, 146.089, 0.000278136, -2.29651, 0.0290163, 38.5284, 0.0230512, -134.108
3722, 62.03333, 2.04418, -127.612, 8.06964, -71.6406, 4.46123, 146.087, 0.000279699, -2.14086, 0.0290406, 38.4943, 0.0230624, -134.127
3723, 62.04167, 2.0484, -127.66, 8.08605, -71.6799, 4.47079, 146.084, 0.000281269, -1.98678, 0.0290649, 38.4602, 0.0230737, -134.146
3723, 62.05000, 2.05264, -127.708, 8.10249, -71.7193, 4.48037, 146.082, 0.000282848, -1.8343, 0.0290893, 38.4259, 0.0230851, -134.166
3724, 62.05833, 2.05689, -127.756, 8.11897, -71.7588, 4.48997, 146.079, 0.000284435, -1.68338, 0.0291137, 38.3916, 0.0230964, -134.185
3724, 62.06667, 2.06115, -127.804, 8.13549, -71.7984, 4.49961, 146.077, 0.00028603, -1.534, 0.0291382, 38.3572, 0.0231078, -134.205
3725, 62.07500, 2.06542, -127.853, 8.15206, -71.8381, 4.50926, 146.074, 0.000287632, -1.38617, 0.0291628, 38.3227, 0.0231193, -134.224
3725, 62.08333, 2.0697, -127.901, 8.16867, -71.878, 4.51894, 146.071, 0.000289243, -1.23986, 0.0291874, 38.2881, 0.0231308, -134.244
3726, 62.09167, 2.074, -127.949, 8.18532, -71.9179, 4.52864, 146.068, 0.000290863, -1.09504, 0.0292121, 38.2534, 0.0231423, -134.263
3726, 62.10000, 2.07831, -127.998, 8.20201, -71.958, 4.53837, 146.065, 0.00029249, -0.951742, 0.0292369, 38.2186, 0.0231539, -134.283
3727, 62.10833, 2.08263, -128.047, 8.21874, -71.9982, 4.54813, 146.062, 0.000294125, -0.80992, 0.0292618, 38.1837, 0.0231655, -134.303
3727, 62.11667, 2.08697, -128.095, 8.23552, -72.0386, 4.55791, 146.059, 0.000295769, -0.669549, 0.0292867, 38.1487, 0.0231771, -134.323
3728, 62.12500, 2.09131, -128.144, 8.25233, -72.079, 4.56772, 146.056, 0.00029742, -0.53065, 0.0293116, 38.1136, 0.0231888, -134.342
3728, 62.13333, 2.09567, -128.193, 8.26919, -72.1196, 4.57755, 146.053, 0.00029908, -0.393191, 0.0293367, 38.0784, 0.0232005, -134.362
3729, 62.14167, 2.10004, -128.242, 8.28609, -72.1603, 4.58741, 146.05, 0.000300748, -0.257143, 0.0293618, 38.0431, 0.0232122, -134.382
3729, 62.15000, 2.10443, -128.291, 8.30304, -72.2011, 4.59729, 146.046, 0.000302424, -0.122526, 0.0293869, 38.0078, 0.023224, -134.402
3730, 62.15833, 2.10883, -128.34, 8.32003, -72.2421, 4.6072, 146.043, 0.000304107, 0.0106893, 0.0294122, 37.9723, 0.0232359, -134.422
3730, 62.16667, 2.11324, -128.39, 8.33706, -72.2831, 4.61714, 146.039, 0.0003058, 0.142532, 0.0294375, 37.9367, 0.0232477, -134.442
3731, 62.17500, 2.11766, -128.439, 8.35413, -72.3243, 4.6271, 146.036, 0.0003075, 0.272984, 0.0294629, 37.901, 0.0232596, -134.463
3731, 62.18333, 2.12209, -128.488, 8.37125, -72.3657, 4.63709, 146.032, 0.000309208, 0.402073, 0.0294883, 37.8653, 0.0232716, -134.483
3732, 62.19167, 2.12654, -128.538, 8.38841, -72.4071, 4.64711, 146.029, 0.000310925, 0.529827, 0.0295138, 37.8294, 0.0232836, -134.503
3732, 62.20000, 2.131, -128.588, 8.40562, -72.4487, 4.65715, 146.025, 0.00031265, 0.656227, 0.0295394, 37.7934, 0.0232956, -134.523
3733, 62.20833, 2.13548, -128.638, 8.42287, -72.4903, 4.66722, 146.021, 0.000314382, 0.781303, 0.0295651, 37.7574, 0.0233077, -134.544
3733, 62.21667, 2.13997, -128.687, 8.44016, -72.5322, 4.67732, 146.017, 0.000316123, 0.90508, 0.0295908, 37.7212, 0.0233198, -134.564
3734, 62.22500, 2.14447, -128.737, 8.4575, -72.5741, 4.68744, 146.013, 0.000317872, 1.02754, 0.0296166, 37.6849, 0.0233319, -134.585
3734, 62.23333, 2.14898, -128.787, 8.47488, -72.6162, 4.69759, 146.009, 0.00031963, 1.14872, 0.0296424, 37.6486, 0.0233441, -134.605
3735, 62.24167, 2.15351, -128.838, 8.49231, -72.6584, 4.70777, 146.005, 0.000321395, 1.26863, 0.0296683, 37.6121, 0.0233564, -134.626
3735, 62.25000, 2.15805, -128.888, 8.50978, -72.7007, 4.71798, 146.001, 0.000323169, 1.38726, 0.0296943, 37.5755, 0.0233686, -134.647
3736, 62.25833, 2.1626, -128.938, 8.52729, -72.7431, 4.72821, 145.996, 0.000324951, 1.50464, 0.0297204, 37.5388, 0.0233809, -134.668
3736, 62.26667, 2.16717, -128.989, 8.54485, -72.7857, 4.73847, 145.992, 0.000326741, 1.62079, 0.0297465, 37.5021, 0.0233933, -134.688
3737, 62.27500, 2.17175, -129.039, 8.56246, -72.8284, 4.74876, 145.988, 0.000328539, 1.73569, 0.0297727, 37.4652, 0.0234057, -134.709
3737, 62.28333, 2.17634, -129.09, 8.58011, -72.8713, 4.75908, 145.983, 0.000330346, 1.84938, 0.029799, 37.4282, 0.0234181, -134.73
3738, 62.29167, 2.18095, -129.141, 8.59781, -72.9142, 4.76942, 145.978, 0.000332161, 1.96187, 0.0298254, 37.3911, 0.0234306, -134.751
3738, 62.30000, 2.18557, -129.192, 8.61555, -72.9573, 4.7798, 145.974, 0.000333984, 2.07316, 0.0298518, 37.3539, 0.0234431, -134.772
3739, 62.30833, 2.19021, -129.243, 8.63334, -73.0005, 4.7902, 145.969, 0.000335815, 2.18326, 0.0298783, 37.3166, 0.0234557, -134.793
3739, 62.31667, 2.19485, -129.294, 8.65117, -73.0439, 4.80063, 145.964, 0.000337655, 2.29219, 0.0299048, 37.2792, 0.0234683, -134.815
3740, 62.32500, 2.19952, -129.345, 8.66905, -73.0874, 4.81108, 145.959, 0.000339502, 2.39996, 0.0299315, 37.2417, 0.0234809, -134.836
3740, 62.33333, 2.20419, -129.397, 8.68698, -73.131, 4.82157, 145.954, 0.000341359, 2.50656, 0.0299582, 37.2041, 0.0234936, -134.857
3741, 62.34167, 2.20888, -129.448, 8.70495, -73.1748, 4.83209, 145.949, 0.000343223, 2.61204, 0.029985, 37.1664, 0.0235063, -134.878
3741, 62.35000, 2.21359, -129.5, 8.72297, -73.2186, 4.84263, 145.944, 0.000345096, 2.71638, 0.0300118, 37.1285, 0.0235191, -134.9
3742, 62.35833, 2.2183, -129.551, 8.74104, -73.2626, 4.85321, 145.939, 0.000346977, 2.81959, 0.0300387, 37.0906, 0.0235319, -134.921
3742, 62.36667, 2.22303, -129.603, 8.75915, -73.3068, 4.86381, 145.934, 0.000348867, 2.92171, 0.0300657, 37.0526, 0.0235448, -134.943
3743, 62.37500, 2.22778, -129.655, 8.77731, -73.3511, 4.87444, 145.928, 0.000350765, 3.02271, 0.0300928, 37.0144, 0.0235576, -134.965
3743, 62.38333, 2.23254, -129.707, 8.79552, -73.3955, 4.8851, 145.923, 0.000352671, 3.12263, 0.03012, 36.9762, 0.0235706, -134.986
3744, 62.39167, 2.23731, -129.759, 8.81378, -73.44, 4.8958, 145.917, 0.000354586, 3.22147, 0.0301472, 36.9378, 0.0235836, -135.008
3744, 62.40000, 2.2421, -129.811, 8.83208, -73.4847, 4.90652, 145.912, 0.000356509, 3.31923, 0.0301745, 36.8993, 0.0235966, -135.03
3745, 62.40833, 2.24691, -129.863, 8.85043, -73.5295, 4.91727, 145.906, 0.00035844, 3.41593, 0.0302018, 36.8607, 0.0236097, -135.052
3745, 62.41667, 2.25172, -129.916, 8.86883, -73.5745, 4.92805, 145.9, 0.000360381, 3.5116, 0.0302293, 36.822, 0.0236228, -135.074
3746, 62.42500, 2.25655, -129.968, 8.88728, -73.6196, 4.93886, 145.894, 0.000362329, 3.6062, 0.0302568, 36.7832, 0.0236359, -135.096
3746, 62.43333, 2.2614, -130.021, 8.90578, -73.6648, 4.9497, 145.888, 0.000364286, 3.69978, 0.0302844, 36.7443, 0.0236491, -135.118
3747, 62.44167, 2.26626, -130.074, 8.92432, -73.7102, 4.96058, 145.882, 0.000366252, 3.79235, 0.030312, 36.7052, 0.0236624, -135.14
3747, 62.45000, 2.27114, -130.127, 8.94291, -73.7557, 4.97148, 145.876, 0.000368226, 3.88389, 0.0303398, 36.6661, 0.0236757, -135.162
3748, 62.45833, 2.27603, -130.18, 8.96156, -73.8013, 4.98241, 145.87, 0.000370208, 3.97442, 0.0303676, 36.6268, 0.023689, -135.184
3748, 62.46667, 2.28093, -130.233, 8.98025, -73.8471, 4.99338, 145.864, 0.0003722, 4.06397, 0.0303955, 36.5875, 0.0237024, -135.207
3749, 62.47500, 2.28585, -130.286, 8.99899, -73.893, 5.00437, 145.857, 0.0003742, 4.15253, 0.0304235, 36.548, 0.0237158, -135.229
3749, 62.48333, 2.29078, -130.339, 9.01778, -73.9391, 5.0154, 145.851, 0.000376208, 4.24011, 0.0304515, 36.5084, 0.0237293, -135.251
3750, 62.49167, 2.29573, -130.393, 9.03662, -73.9853, 5.02646, 145.844, 0.000378225, 4.32673, 0.0304796, 36.4686, 0.0237428, -135.274
3750, 62.50000, 2.3007, -130.446, 9.05551, -74.0316, 5.03755, 145.838, 0.000380251, 4.41237, 0.0305078, 36.4288, 0.0237563, -135.297
3751, 62.50833, 2.30568, -130.5, 9.07445, -74.0781, 5.04867, 145.831, 0.000382285, 4.49707, 0.0305361, 36.3889, 0.0237699, -135.319
3751, 62.51667, 2.31067, -130.554, 9.09344, -74.1247, 5.05982, 145.824, 0.000384329, 4.58084, 0.0305644, 36.3488, 0.0237836, -135.342
3752, 62.52500, 2.31568, -130.608, 9.11248, -74.1715, 5.07101, 145.817, 0.00038638, 4.66366, 0.0305929, 36.3086, 0.0237973, -135.365
3752, 62.53333, 2.32071, -130.662, 9.13157, -74.2184, 5.08222, 145.81, 0.000388441, 4.74555, 0.0306214, 36.2683, 0.023811, -135.388
3753, 62.54167, 2.32575, -130.716, 9.15072, -74.2654, 5.09347, 145.803, 0.000390511, 4.82654, 0.03065, 36.2279, 0.0238248, -135.411
3753, 62.55000, 2.3308, -130.77, 9.16991, -74.3126, 5.10475, 145.796, 0.000392589, 4.9066, 0.0306786, 36.1874, 0.0238386, -135.434
3754, 62.55833, 2.33587, -130.825, 9.18915, -74.36, 5.11607, 145.789, 0.000394676, 4.98577, 0.0307074, 36.1467, 0.0238525, -135.457
3754, 62.56667, 2.34096, -130.879, 9.20845, -74.4075, 5.12741, 145.782, 0.000396772, 5.06405, 0.0307362, 36.106, 0.0238664, -135.48
3755, 62.57500, 2.34606, -130.934, 9.2278, -74.4551, 5.13879, 145.774, 0.000398876, 5.14143, 0.0307651, 36.0651, 0.0238804, -135.503
3755, 62.58333, 2.35118, -130.989, 9.24719, -74.5029, 5.15021, 145.767, 0.00040099, 5.21794, 0.0307941, 36.0241, 0.0238944, -135.527
3756, 62.59167, 2.35631, -131.043, 9.26665, -74.5508, 5.16165, 145.759, 0.000403113, 5.29358, 0.0308231, 35.9829, 0.0239085, -135.55
3756, 62.60000, 2.36146, -131.098, 9.28615, -74.5988, 5.17313, 145.751, 0.000405244, 5.36835, 0.0308523, 35.9417, 0.0239226, -135.573
3757, 62.60833, 2.36662, -131.154, 9.3057, -74.647, 5.18464, 145.744, 0.000407385, 5.44227, 0.0308815, 35.9003, 0.0239367, -135.597
3757, 62.61667, 2.3718, -131.209, 9.32531, -74.6954, 5.19619, 145.736, 0.000409534, 5.51535, 0.0309108, 35.8588, 0.0239509, -135.62
3758, 62.62500, 2.377, -131.264, 9.34497, -74.7439, 5.20777, 145.728, 0.000411693, 5.58757, 0.0309402, 35.8172, 0.0239652, -135.644
3758, 62.63333, 2.38221, -131.32, 9.36468, -74.7926, 5.21938, 145.72, 0.000413861, 5.65897, 0.0309696, 35.7754, 0.0239795, -135.668
3759, 62.64167, 2.38744, -131.375, 9.38445, -74.8414, 5.23103, 145.711, 0.000416038, 5.72954, 0.0309992, 35.7336, 0.0239939, -135.692
3759, 62.65000, 2.39268, -131.431, 9.40427, -74.8903, 5.24271, 145.703, 0.000418223, 5.79929, 0.0310288, 35.6916, 0.0240082, -135.716
3760, 62.65833, 2.39794, -131.487, 9.42414, -74.9394, 5.25442, 145.695, 0.000420418, 5.86822, 0.0310585, 35.6495, 0.0240227, -135.74
3760, 62.66667, 2.40322, -131.543, 9.44407, -74.9887, 5.26617, 145.686, 0.000422623, 5.93636, 0.0310883, 35.6072, 0.0240372, -135.764
3761, 62.67500, 2.40851, -131.599, 9.46405, -75.0381, 5.27796, 145.678, 0.000424836, 6.00369, 0.0311182, 35.5648, 0.0240517, -135.788
3761, 62.68333, 2.41382, -131.655, 9.48408, -75.0876, 5.28978, 145.669, 0.000427059, 6.07022, 0.0311481, 35.5224, 0.0240663, -135.812
3762, 62.69167, 2.41915, -131.712, 9.50417, -75.1374, 5.30163, 145.66, 0.000429291, 6.13598, 0.0311781, 35.4797, 0.024081, -135.836
3762, 62.70000, 2.42449, -131.768, 9.52432, -75.1872, 5.31352, 145.652, 0.000431532, 6.20095, 0.0312083, 35.437, 0.0240957, -135.861
3763, 62.70833, 2.42985, -131.825, 9.54451, -75.2372, 5.32545, 145.643, 0.000433782, 6.26515, 0.0312385, 35.3941, 0.0241104, -135.885
3763, 62.71667, 2.43522, -131.882, 9.56477, -75.2874, 5.33741, 145.634, 0.000436043, 6.3286, 0.0312687, 35.3511, 0.0241252, -135.91
3764, 62.72500, 2.44062, -131.939, 9.58507, -75.3377, 5.34941, 145.625, 0.000438312, 6.39127, 0.0312991, 35.308, 0.02414, -135.934
3764, 62.73333, 2.44602, -131.996, 9.60544, -75.3882, 5.36144, 145.615, 0.000440591, 6.45319, 0.0313296, 35.2647, 0.0241549, -135.959
3765, 62.74167, 2.45145, -132.053, 9.62586, -75.4388, 5.37351, 145.606, 0.000442879, 6.51437, 0.0313601, 35.2213, 0.0241699, -135.984
3765, 62.75000, 2.45689, -132.11, 9.64633, -75.4896, 5.38561, 145.597, 0.000445177, 6.5748, 0.0313907, 35.1778, 0.0241848, -136.008
3766, 62.75833, 2.46235, -132.168, 9.66686, -75.5406, 5.39775, 145.587, 0.000447484, 6.6345, 0.0314214, 35.1341, 0.0241999, -136.033
3766, 62.76667, 2.46783, -132.226, 9.68745, -75.5917, 5.40993, 145.577, 0.000449801, 6.69347, 0.0314522, 35.0904, 0.024215, -136.058
3767, 62.77500, 2.47332, -132.283, 9.70809, -75.6429, 5.42214, 145.568, 0.000452128, 6.75171, 0.0314831, 35.0464, 0.0242301, -136.083
3767, 62.78333, 2.47883, -132.341, 9.72879, -75.6943, 5.43439, 145.558, 0.000454464, 6.80924, 0.031514, 35.0024, 0.0242453, -136.108
3768, 62.79167, 2.48436, -132.399, 9.74955, -75.7459, 5.44668, 145.548, 0.00045681, 6.86606, 0.0315451, 34.9582, 0.0242605, -136.134
3768, 62.80000, 2.4899, -132.457, 9.77036, -75.7977, 5.45901, 145.538, 0.000459165, 6.92216, 0.0315762, 34.9139, 0.0242758, -136.159
3769, 62.80833, 2.49547, -132.516, 9.79123, -75.8495, 5.47137, 145.528, 0.000461531, 6.97757, 0.0316074, 34.8694, 0.0242912, -136.184
3769, 62.81667, 2.50105, -132.574, 9.81215, -75.9016, 5.48377, 145.517, 0.000463906, 7.03229, 0.0316387, 34.8248, 0.0243066, -136.21
3770, 62.82500, 2.50664, -132.633, 9.83314, -75.9538, 5.49621, 145.507, 0.000466291, 7.08631, 0.0316701, 34.7801, 0.024322, -136.235
3770, 62.83333, 2.51226, -132.691, 9.85418, -76.0062, 5.50868, 145.496, 0.000468685, 7.13965, 0.0317016, 34.7353, 0.0243375, -136.261
3771, 62.84167, 2.51789, -132.75, 9.87528, -76.0588, 5.52119, 145.486, 0.00047109, 7.19231, 0.0317332, 34.6903, 0.0243531, -136.287
3771, 62.85000, 2.52354, -132.809, 9.89644, -76.1115, 5.53375, 145.475, 0.000473505, 7.2443, 0.0317648, 34.6451, 0.0243687, -136.313
3772, 62.85833, 2.52921, -132.868, 9.91765, -76.1643, 5.54634, 145.464, 0.00047593, 7.29562, 0.0317966, 34.5998, 0.0243844, -136.339
3772, 62.86667, 2.5349, -132.928, 9.93893, -76.2174, 5.55896, 145.453, 0.000478364, 7.34628, 0.0318284, 34.5544, 0.0244001, -136.364
3773, 62.87500, 2.5406, -132.987, 9.96027, -76.2706, 5.57163, 145.442, 0.000480809, 7.39627, 0.0318603, 34.5089, 0.0244158, -136.391
3773, 62.88333, 2.54632, -133.047, 9.98166, -76.3239, 5.58434, 145.431, 0.000483264, 7.44561, 0.0318923, 34.4632, 0.0244317, -136.417
3774, 62.89167, 2.55206, -133.106, 10.0031, -76.3775, 5.59708, 145.42, 0.000485729, 7.49431, 0.0319244, 34.4174, 0.0244475, -136.443
3774, 62.90000, 2.55782, -133.166, 10.0246, -76.4312, 5.60987, 145.409, 0.000488204, 7.54236, 0.0319566, 34.3714, 0.0244635, -136.469
3775, 62.90833, 2.5636, -133.226, 10.0462, -76.485, 5.62269, 145.397, 0.000490689, 7.58977, 0.0319889, 34.3253, 0.0244794, -136.496
3775, 62.91667, 2.56939, -133.286, 10.0678, -76.539, 5.63556, 145.386, 0.000493185, 7.63656, 0.0320213, 34.279, 0.0244955, -136.522
3776, 62.92500, 2.57521, -133.347, 10.0895, -76.5932, 5.64846, 145.374, 0.000495691, 7.68271, 0.0320537, 34.2326, 0.0245116, -136.549
3776, 62.93333, 2.58104, -133.407, 10.1113, -76.6476, 5.6614, 145.362, 0.000498207, 7.72823, 0.0320863, 34.1861, 0.0245277, -136.575
3777, 62.94167, 2.58689, -133.468, 10.1331, -76.7021, 5.67439, 145.35, 0.000500734, 7.77314, 0.0321189, 34.1394, 0.0245439, -136.602
3777, 62.95000, 2.59276, -133.528, 10.155, -76.7569, 5.68741, 145.338, 0.000503271, 7.81743, 0.0321517, 34.0925, 0.0245602, -136.629
3778, 62.95833, 2.59864, -133.589, 10.1769, -76.8117, 5.70048, 145.326, 0.000505819, 7.86111, 0.0321845, 34.0456, 0.0245765, -136.656
3778, 62.96667, 2.60455, -133.65, 10.1989, -76.8668, 5.71359, 145.314, 0.000508377, 7.90419, 0.0322174, 33.9984, 0.0245928, -136.683
3779, 62.97500, 2.61047, -133.712, 10.2209, -76.922, 5.72673, 145.301, 0.000510946, 7.94666, 0.0322504, 33.9512, 0.0246093, -136.71
3779, 62.98333, 2.61642, -133.773, 10.2431, -76.9774, 5.73992, 145.289, 0.000513525, 7.98853, 0.0322835, 33.9038, 0.0246257, -136.738
3780, 62.99167, 2.62238, -133.834, 10.2653, -77.033, 5.75315, 145.276, 0.000516116, 8.02981, 0.0323167, 33.8562, 0.0246423, -136.765
3780, 63.00000, 2.62836, -133.896, 10.2875, -77.0887, 5.76642, 145.263, 0.000518716, 8.0705, 0.03235, 33.8085, 0.0246589, -136.792
3781, 63.00833, 2.63436, -133.958, 10.3098, -77.1446, 5.77974, 145.251, 0.000521328, 8.1106, 0.0323834, 33.7606, 0.0246755, -136.82
3781, 63.01667, 2.64038, -134.02, 10.3322, -77.2007, 5.79309, 145.238, 0.00052395, 8.15013, 0.0324168, 33.7126, 0.0246922, -136.847
3782, 63.02500, 2.64642, -134.082, 10.3546, -77.257, 5.80649, 145.224, 0.000526583, 8.18908, 0.0324504, 33.6644, 0.024709, -136.875
3782, 63.03333, 2.65248, -134.144, 10.3771, -77.3134, 5.81993, 145.211, 0.000529227, 8.22745, 0.0324841, 33.6161, 0.0247258, -136.903
3783, 63.04167, 2.65856, -134.207, 10.3997, -77.3701, 5.83341, 145.198, 0.000531882, 8.26525, 0.0325178, 33.5676, 0.0247426, -136.931
3783, 63.05000, 2.66466, -134.269, 10.4223, -77.4269, 5.84694, 145.184, 0.000534548, 8.30249, 0.0325517, 33.519, 0.0247596, -136.959
3784, 63.05833, 2.67077, -134.332, 10.445, -77.4838, 5.86051, 145.171, 0.000537225, 8.33917, 0.0325856, 33.4702, 0.0247766, -136.987
3784, 63.06667, 2.67691, -134.395, 10.4677, -77.541, 5.87412, 145.157, 0.000539914, 8.37529, 0.0326196, 33.4213, 0.0247936, -137.015
3785, 63.07500, 2.68307, -134.458, 10.4905, -77.5984, 5.88777, 145.143, 0.000542613, 8.41085, 0.0326538, 33.3722, 0.0248107, -137.043
3785, 63.08333, 2.68924, -134.521, 10.5134, -77.6559, 5.90147, 145.129, 0.000545323, 8.44587, 0.032688, 33.323, 0.0248279, -137.072
3786, 63.09167, 2.69544, -134.585, 10.5363, -77.7136, 5.91522, 145.115, 0.000548045, 8.48034, 0.0327223, 33.2736, 0.0248451, -137.1
3786, 63.10000, 2.70165, -134.648, 10.5594, -77.7715, 5.929, 145.101, 0.000550778, 8.51426, 0.0327567, 33.224, 0.0248624, -137.129
3787, 63.10833, 2.70789, -134.712, 10.5824, -77.8295, 5.94283, 145.087, 0.000553523, 8.54765, 0.0327913, 33.1743, 0.0248797, -137.157
3787, 63.11667, 2.71415, -134.776, 10.6056, -77.8878, 5.95671, 145.072, 0.000556279, 8.5805, 0.0328259, 33.1245, 0.0248971, -137.186
3788, 63.12500, 2.72042, -134.84, 10.6288, -77.9462, 5.97063, 145.057, 0.000559046, 8.61281, 0.0328606, 33.0745, 0.0249146, -137.215
3788, 63.13333, 2.72672, -134.904, 10.652, -78.0048, 5.98459, 145.043, 0.000561825, 8.6446, 0.0328954, 33.0243, 0.0249321, -137.244
3789, 63.14167, 2.73304, -134.969, 10.6754, -78.0636, 5.99861, 145.028, 0.000564615, 8.67586, 0.0329303, 32.9739, 0.0249497, -137.273
3789, 63.15000, 2.73938, -135.033, 10.6988, -78.1226, 6.01266, 145.013, 0.000567417, 8.70659, 0.0329653, 32.9234, 0.0249673, -137.302
3790, 63.15833, 2.74573, -135.098, 10.7222, -78.1818, 6.02676, 144.998, 0.000570231, 8.73681, 0.0330004, 32.8727, 0.024985, -137.332
3790, 63.16667, 2.75211, -135.163, 10.7458, -78.2412, 6.04091, 144.982, 0.000573056, 8.76651, 0.0330356, 32.8219, 0.0250027, -137.361
3791, 63.17500, 2.75851, -135.228, 10.7694, -78.3007, 6.0551, 144.967, 0.000575893, 8.7957, 0.0330709, 32.7709, 0.0250206, -137.39
3791, 63.18333, 2.76493, -135.293, 10.7931, -78.3605, 6.06934, 144.951, 0.000578742, 8.82438, 0.0331063, 32.7198, 0.0250384, -137.42
3792, 63.19167, 2.77137, -135.359, 10.8168, -78.4204, 6.08363, 144.936, 0.000581603, 8.85255, 0.0331419, 32.6684, 0.0250564, -137.45
3792, 63.20000, 2.77783, -135.424, 10.8406, -78.4805, 6.09796, 144.92, 0.000584476, 8.88022, 0.0331775, 32.617, 0.0250744, -137.48
3793, 63.20833, 2.78432, -135.49, 10.8645, -78.5409, 6.11234, 144.904, 0.000587361, 8.90738, 0.0332132, 32.5653, 0.0250924, -137.51
3793, 63.21667, 2.79082, -135.556, 10.8884, -78.6014, 6.12676, 144.888, 0.000590258, 8.93405, 0.033249, 32.5135, 0.0251106, -137.54
3794, 63.22500, 2.79735, -135.622, 10.9124, -78.6621, 6.14124, 144.872, 0.000593167, 8.96022, 0.0332849, 32.4615, 0.0251288, -137.57
3794, 63.23333, 2.80389, -135.689, 10.9365, -78.723, 6.15576, 144.855, 0.000596088, 8.9859, 0.0333209, 32.4094, 0.025147, -137.6
3795, 63.24167, 2.81046, -135.755, 10.9607, -78.7841, 6.17033, 144.839, 0.000599022, 9.01109, 0.033357, 32.357, 0.0251653, -137.63
3795, 63.25000, 2.81705, -135.822, 10.9849, -78.8453, 6.18494, 144.822, 0.000601968, 9.03579, 0.0333932, 32.3045, 0.0251837, -137.661
3796, 63.25833, 2.82366, -135.888, 11.0092, -78.9068, 6.19961, 144.805, 0.000604926, 9.06001, 0.0334295, 32.2519, 0.0252021, -137.691
3796, 63.26667, 2.83029, -135.955, 11.0335, -78.9685, 6.21432, 144.788, 0.000607897, 9.08375, 0.0334659, 32.199, 0.0252206, -137.722
3797, 63.27500, 2.83695, -136.023, 11.058, -79.0304, 6.22908, 144.771, 0.00061088, 9.10701, 0.0335024, 32.146, 0.0252392, -137.753
3797, 63.28333, 2.84362, -136.09, 11.0825, -79.0925, 6.24389, 144.754, 0.000613875, 9.12979, 0.0335391, 32.0929, 0.0252578, -137.784
3798, 63.29167, 2.85032, -136.158, 11.107, -79.1547, 6.25875, 144.737, 0.000616884, 9.1521, 0.0335758, 32.0395, 0.0252765, -137.815
3798, 63.30000, 2.85704, -136.225, 11.1317, -79.2172, 6.27366, 144.719, 0.000619904, 9.17394, 0.0336126, 31.986, 0.0252953, -137.846
3799, 63.30833, 2.86378, -136.293, 11.1564, -79.2799, 6.28862, 144.702, 0.000622938, 9.19531, 0.0336496, 31.9323, 0.0253141, -137.877
3799, 63.31667, 2.87055, -136.361, 11.1812, -79.3428, 6.30363, 144.684, 0.000625985, 9.21622, 0.0336866, 31.8784, 0.025333, -137.908
3800, 63.32500, 2.87733, -136.43, 11.206, -79.4058, 6.31869, 144.666, 0.000629044, 9.23665, 0.0337237, 31.8244, 0.0253519, -137.94
3800, 63.33333, 2.88414, -136.498, 11.231, -79.4691, 6.3338, 144.648, 0.000632116, 9.25663, 0.033761, 31.7701, 0.0253709, -137.972
3801, 63.34167, 2.89097, -136.567, 11.256, -79.5326, 6.34896, 144.629, 0.000635202, 9.27615, 0.0337983, 31.7157, 0.02539, -138.003
3801, 63.35000, 2.89782, -136.635, 11.281, -79.5963, 6.36417, 144.611, 0.0006383, 9.29522, 0.0338358, 31.6611, 0.0254092, -138.035
3802, 63.35833, 2.9047, -136.705, 11.3062, -79.6602, 6.37943, 144.592, 0.000641411, 9.31382, 0.0338734, 31.6064, 0.0254284, -138.067
3802, 63.36667, 2.9116, -136.774, 11.3314, -79.7243, 6.39474, 144.574, 0.000644536, 9.33198, 0.033911, 31.5514, 0.0254477, -138.099
3803, 63.37500, 2.91852, -136.843, 11.3567, -79.7886, 6.41011, 144.555, 0.000647674, 9.34969, 0.0339488, 31.4963, 0.025467, -138.131
3803, 63.38333, 2.92546, -136.913, 11.3821, -79.8531, 6.42552, 144.536, 0.000650825, 9.36695, 0.0339867, 31.441, 0.0254864, -138.164
3804, 63.39167, 2.93243, -136.983, 11.4075, -79.9179, 6.44099, 144.517, 0.00065399, 9.38376, 0.0340247, 31.3855, 0.0255059, -138.196
3804, 63.40000, 2.93942, -137.053, 11.433, -79.9828, 6.45651, 144.497, 0.000657168, 9.40013, 0.0340628, 31.3298, 0.0255254, -138.229
3805, 63.40833, 2.94643, -137.123, 11.4586, -80.0479, 6.47208, 144.478, 0.000660359, 9.41606, 0.034101, 31.274, 0.0255451, -138.261
3805, 63.41667, 2.95347, -137.193, 11.4843, -80.1133, 6.48771, 144.458, 0.000663565, 9.43155, 0.0341393, 31.2179, 0.0255647, -138.294
3806, 63.42500, 2.96053, -137.264, 11.51, -80.1789, 6.50339, 144.438, 0.000666784, 9.4466, 0.0341777, 31.1617, 0.0255845, -138.327
3806, 63.43333, 2.96761, -137.334, 11.5358, -80.2447, 6.51912, 144.418, 0.000670016, 9.46122, 0.0342163, 31.1052, 0.0256043, -138.36
3807, 63.44167, 2.97472, -137.405, 11.5617, -80.3107, 6.53491, 144.398, 0.000673263, 9.4754, 0.0342549, 31.0486, 0.0256242, -138.393
3807, 63.45000, 2.98185, -137.476, 11.5877, -80.3769, 6.55075, 144.378, 0.000676523, 9.48915, 0.0342937, 30.9918, 0.0256441, -138.426
3808, 63.45833, 2.989, -137.548, 11.6137, -80.4433, 6.56664, 144.358, 0.000679797, 9.50247, 0.0343325, 30.9348, 0.0256642, -138.46
3808, 63.46667, 2.99618, -137.619, 11.6398, -80.5099, 6.58259, 144.337, 0.000683086, 9.51537, 0.0343715, 30.8777, 0.0256843, -138.493
3809, 63.47500, 3.00338, -137.691, 11.666, -80.5768, 6.59859, 144.316, 0.000686388, 9.52784, 0.0344106, 30.8203, 0.0257044, -138.527
3809, 63.48333, 3.0106, -137.763, 11.6923, -80.6439, 6.61465, 144.295, 0.000689705, 9.53988, 0.0344498, 30.7627, 0.0257246, -138.561
3810, 63.49167, 3.01785, -137.835, 11.7187, -80.7112, 6.63076, 144.274, 0.000693036, 9.5515, 0.0344891, 30.705, 0.0257449, -138.595
3810, 63.50000, 3.02512, -137.908, 11.7451, -80.7787, 6.64693, 144.253, 0.000696381, 9.5627, 0.0345285, 30.647, 0.0257653, -138.629
3811, 63.50833, 3.03242, -137.98, 11.7716, -80.8465, 6.66315, 144.231, 0.000699741, 9.57348, 0.034568, 30.5889, 0.0257858, -138.663
3811, 63.51667, 3.03974, -138.053, 11.7982, -80.9144, 6.67943, 144.21, 0.000703115, 9.58385, 0.0346077, 30.5305, 0.0258063, -138.697
3812, 63.52500, 3.04709, -138.126, 11.8248, -80.9826, 6.69577, 144.188, 0.000706504, 9.59379, 0.0346474, 30.472, 0.0258269, -138.732
3812, 63.53333, 3.05446, -138.199, 11.8516, -81.051, 6.71216, 144.166, 0.000709907, 9.60333, 0.0346873, 30.4133, 0.0258475, -138.766
3813, 63.54167, 3.06185, -138.272, 11.8784, -81.1197, 6.72861, 144.144, 0.000713326, 9.61245, 0.0347273, 30.3543, 0.0258682, -138.801
3813, 63.55000, 3.06927, -138.346, 11.9053, -81.1885, 6.74511, 144.122, 0.000716758, 9.62116, 0.0347674, 30.2952, 0.025889, -138.836
3814, 63.55833, 3.07671, -138.42, 11.9323, -81.2576, 6.76168, 144.099, 0.000720206, 9.62946, 0.0348076, 30.2359, 0.0259099, -138.871
3814, 63.56667, 3.08418, -138.494, 11.9593, -81.3269, 6.7783, 144.076, 0.000723669, 9.63735, 0.0348479, 30.1763, 0.0259308, -138.906
3815, 63.57500, 3.09168, -138.568, 11.9864, -81.3965, 6.79497, 144.054, 0.000727147, 9.64483, 0.0348883, 30.1166, 0.0259519, -138.941
3815, 63.58333, 3.0992, -138.643, 12.0137, -81.4662, 6.81171, 144.031, 0.000730639, 9.65191, 0.0349289, 30.0567, 0.0259729, -138.977
3816, 63.59167, 3.10674, -138.717, 12.041, -81.5362, 6.82851, 144.007, 0.000734148, 9.65859, 0.0349695, 29.9965, 0.0259941, -139.012
3816, 63.60000, 3.11431, -138.792, 12.0683, -81.6065, 6.84536, 143.984, 0.000737671, 9.66486, 0.0350103, 29.9362, 0.0260153, -139.048
3817, 63.60833, 3.1219, -138.867, 12.0958, -81.6769, 6.86227, 143.96, 0.00074121, 9.67073, 0.0350512, 29.8756, 0.0260366, -139.084
3817, 63.61667, 3.12952, -138.943, 12.1233, -81.7476, 6.87924, 143.937, 0.000744764, 9.6762, 0.0350922, 29.8148, 0.026058, -139.12
3818, 63.62500, 3.13717, -139.018, 12.1509, -81.8186, 6.89627, 143.913, 0.000748334, 9.68127, 0.0351333, 29.7539, 0.0260795, -139.156
3818, 63.63333, 3.14484, -139.094, 12.1787, -81.8897, 6.91336, 143.889, 0.000751919, 9.68594, 0.0351746, 29.6927, 0.026101, -139.192
3819, 63.64167, 3.15254, -139.17, 12.2064, -81.9611, 6.93051, 143.864, 0.00075552, 9.69022, 0.0352159, 29.6313, 0.0261226, -139.228
3819, 63.65000, 3.16026, -139.246, 12.2343, -82.0328, 6.94772, 143.84, 0.000759137, 9.69411, 0.0352574, 29.5697, 0.0261443, -139.265
3820, 63.65833, 3.16801, -139.322, 12.2623, -82.1046, 6.96499, 143.815, 0.000762769, 9.69759, 0.035299, 29.5079, 0.026166, -139.301
3820, 63.66667, 3.17578, -139.399, 12.2903, -82.1768, 6.98233, 143.79, 0.000766418, 9.70069, 0.0353407, 29.4458, 0.0261879, -139.338
3821, 63.67500, 3.18358, -139.476, 12.3184, -82.2491, 6.99972, 143.765, 0.000770083, 9.70339, 0.0353826, 29.3836, 0.0262098, -139.375
3821, 63.68333, 3.19141, -139.553, 12.3466, -82.3217, 7.01717, 143.74, 0.000773764, 9.70571, 0.0354245, 29.3212, 0.0262318, -139.412
3822, 63.69167, 3.19926, -139.63, 12.3749, -82.3946, 7.03469, 143.715, 0.000777461, 9.70763, 0.0354666, 29.2585, 0.0262538, -139.449
3822, 63.70000, 3.20714, -139.708, 12.4033, -82.4676, 7.05227, 143.689, 0.000781174, 9.70917, 0.0355088, 29.1956, 0.0262759, -139.487
3823, 63.70833, 3.21504, -139.786, 12.4317, -82.541, 7.06991, 143.663, 0.000784904, 9.71031, 0.0355511, 29.1325, 0.0262982, -139.524
3823, 63.71667, 3.22298, -139.864, 12.4603, -82.6145, 7.08762, 143.637, 0.000788651, 9.71108, 0.0355935, 29.0692, 0.0263204, -139.562
3824, 63.72500, 3.23094, -139.942, 12.4889, -82.6884, 7.10538, 143.611, 0.000792414, 9.71145, 0.0356361, 29.0056, 0.0263428, -139.6
3824, 63.73333, 3.23892, -140.02, 12.5176, -82.7624, 7.12321, 143.585, 0.000796193, 9.71144, 0.0356787, 28.9419, 0.0263653, -139.638
3825, 63.74167, 3.24693, -140.099, 12.5464, -82.8367, 7.14111, 143.558, 0.00079999, 9.71105, 0.0357215, 28.8779, 0.0263878, -139.676
3825, 63.75000, 3.25497, -140.178, 12.5753, -82.9113, 7.15906, 143.531, 0.000803803, 9.71027, 0.0357644, 28.8137, 0.0264104, -139.714
3826, 63.75833, 3.26304, -140.257, 12.6042, -82.9861, 7.17708, 143.504, 0.000807633, 9.70912, 0.0358075, 28.7492, 0.0264331, -139.753
3826, 63.76667, 3.27113, -140.336, 12.6333, -83.0612, 7.19517, 143.477, 0.000811481, 9.70758, 0.0358506, 28.6846, 0.0264558, -139.791
3827, 63.77500, 3.27925, -140.416, 12.6624, -83.1365, 7.21332, 143.45, 0.000815345, 9.70566, 0.0358939, 28.6197, 0.0264786, -139.83
3827, 63.78333, 3.2874, -140.496, 12.6917, -83.2121, 7.23154, 143.422, 0.000819226, 9.70336, 0.0359373, 28.5546, 0.0265016, -139.869
3828, 63.79167, 3.29558, -140.576, 12.721, -83.2879, 7.24982, 143.394, 0.000823126, 9.70068, 0.0359808, 28.4892, 0.0265246, -139.908
3828, 63.80000, 3.30378, -140.656, 12.7504, -83.364, 7.26817, 143.366, 0.000827042, 9.69762, 0.0360245, 28.4237, 0.0265476, -139.947
3829, 63.80833, 3.31201, -140.737, 12.7799, -83.4403, 7.28658, 143.338, 0.000830976, 9.69419, 0.0360682, 28.3579, 0.0265708, -139.987
3829, 63.81667, 3.32027, -140.818, 12.8095, -83.5169, 7.30506, 143.31, 0.000834928, 9.69038, 0.0361121, 28.2918, 0.026594, -140.026
3830, 63.82500, 3.32856, -140.899, 12.8391, -83.5938, 7.3236, 143.281, 0.000838898, 9.68619, 0.0361561, 28.2256, 0.0266173, -140.066
3830, 63.83333, 3.33687, -140.98, 12.8689, -83.6709, 7.34222, 143.252, 0.000842885, 9.68163, 0.0362003, 28.1591, 0.0266407, -140.106
3831, 63.84167, 3.34522, -141.062, 12.8987, -83.7482, 7.3609, 143.223, 0.00084689, 9.67669, 0.0362445, 28.0923, 0.0266642, -140.146
3831, 63.85000, 3.35359, -141.143, 12.9287, -83.8259, 7.37964, 143.194, 0.000850913, 9.67138, 0.0362889, 28.0254, 0.0266878, -140.186
3832, 63.85833, 3.36198, -141.225, 12.9587, -83.9038, 7.39846, 143.165, 0.000854955, 9.66569, 0.0363334, 27.9582, 0.0267114, -140.227
3832, 63.86667, 3.37041, -141.308, 12.9888, -83.9819, 7.41734, 143.135, 0.000859015, 9.65963, 0.0363781, 27.8907, 0.0267351, -140.267
3833, 63.87500, 3.37887, -141.39, 13.019, -84.0604, 7.4363, 143.105, 0.000863093, 9.6532, 0.0364228, 27.8231, 0.0267589, -140.308
3833, 63.88333, 3.38735, -141.473, 13.0493, -84.1391, 7.45532, 143.075, 0.000867189, 9.6464, 0.0364677, 27.7551, 0.0267828, -140.349
3834, 63.89167, 3.39587, -141.556, 13.0797, -84.218, 7.47441, 143.044, 0.000871305, 9.63922, 0.0365128, 27.687, 0.0268068, -140.39
3834, 63.90000, 3.40441, -141.64, 13.1102, -84.2973, 7.49357, 143.014, 0.000875438, 9.63167, 0.0365579, 27.6186, 0.0268309, -140.431
3835, 63.90833, 3.41298, -141.723, 13.1408, -84.3768, 7.5128, 142.983, 0.000879591, 9.62376, 0.0366032, 27.5499, 0.026855, -140.472
3835, 63.91667, 3.42158, -141.807, 13.1715, -84.4566, 7.5321, 142.952, 0.000883762, 9.61547, 0.0366486, 27.481, 0.0268792, -140.514
3836, 63.92500, 3.43021, -141.891, 13.2022, -84.5366, 7.55147, 142.921, 0.000887953, 9.60681, 0.0366941, 27.4119, 0.0269035, -140.556
3836, 63.93333, 3.43887, -141.975, 13.2331, -84.6169, 7.57091, 142.889, 0.000892162, 9.59778, 0.0367397, 27.3425, 0.0269279, -140.598
3837, 63.94167, 3.44756, -142.06, 13.264, -84.6975, 7.59042, 142.858, 0.000896391, 9.58838, 0.0367855, 27.2729, 0.0269524, -140.64
3837, 63.95000, 3.45627, -142.145, 13.2951, -84.7784, 7.61, 142.826, 0.000900639, 9.57862, 0.0368314, 27.203, 0.026977, -140.682
3838, 63.95833, 3.46502, -142.23, 13.3262, -84.8595, 7.62966, 142.793, 0.000904907, 9.56848, 0.0368775, 27.1328, 0.0270016, -140.724
3838, 63.96667, 3.4738, -142.315, 13.3574, -84.941, 7.64939, 142.761, 0.000909194, 9.55798, 0.0369237, 27.0624, 0.0270263, -140.767
3839, 63.97500, 3.4826, -142.401, 13.3888, -85.0227, 7.66919, 142.728, 0.000913501, 9.54711, 0.03697, 26.9918, 0.0270512, -140.81
3839, 63.98333, 3.49144, -142.487, 13.4202, -85.1047, 7.68906, 142.696, 0.000917827, 9.53587, 0.0370164, 26.9209, 0.0270761, -140.853
3840, 63.99167, 3.5003, -142.573, 13.4517, -85.1869, 7.70901, 142.663, 0.000922174, 9.52426, 0.0370629, 26.8498, 0.027101, -140.896
3840, 64.00000, 3.5092, -142.659, 13.4833, -85.2695, 7.72903, 142.629, 0.000926541, 9.51228, 0.0371096, 26.7784, 0.0271261, -140.939
3841, 64.00833, 3.51812, -142.746, 13.515, -85.3523, 7.74912, 142.596, 0.000930927, 9.49994, 0.0371565, 26.7067, 0.0271513, -140.983
3841, 64.01667, 3.52708, -142.833, 13.5468, -85.4355, 7.76929, 142.562, 0.000935335, 9.48723, 0.0372034, 26.6348, 0.0271765, -141.027
3842, 64.02500, 3.53607, -142.92, 13.5787, -85.5189, 7.78953, 142.528, 0.000939762, 9.47415, 0.0372505, 26.5626, 0.0272019, -141.07
3842, 64.03333, 3.54508, -143.008, 13.6107, -85.6026, 7.80985, 142.493, 0.000944209, 9.46071, 0.0372977, 26.4901, 0.0272273, -141.115
3843, 64.04166, 3.55413, -143.096, 13.6428, -85.6866, 7.83024, 142.459, 0.000948678, 9.4469, 0.037345, 26.4174, 0.0272528, -141.159
3843, 64.05000, 3.56321, -143.184, 13.675, -85.7708, 7.85071, 142.424, 0.000953167, 9.43272, 0.0373925, 26.3444, 0.0272784, -141.203
3844, 64.05833, 3.57232, -143.272, 13.7072, -85.8554, 7.87125, 142.389, 0.000957677, 9.41817, 0.0374401, 26.2712, 0.0273041, -141.248
3844, 64.06667, 3.58146, -143.361, 13.7396, -85.9403, 7.89188, 142.354, 0.000962208, 9.40326, 0.0374879, 26.1977, 0.0273299, -141.293
3845, 64.07500, 3.59063, -143.45, 13.7721, -86.0254, 7.91257, 142.318, 0.00096676, 9.38798, 0.0375358, 26.1239, 0.0273558, -141.338
3845, 64.08334, 3.59983, -143.539, 13.8047, -86.1109, 7.93335, 142.283, 0.000971333, 9.37234, 0.0375838, 26.0499, 0.0273817, -141.383
3846, 64.09167, 3.60907, -143.628, 13.8374, -86.1967, 7.9542, 142.246, 0.000975928, 9.35632, 0.0376319, 25.9756, 0.0274078, -141.428
3846, 64.10000, 3.61833, -143.718, 13.8701, -86.2827, 7.97513, 142.21, 0.000980544, 9.33994, 0.0376802, 25.901, 0.0274339, -141.474
3847, 64.10833, 3.62763, -143.808, 13.903, -86.3691, 7.99614, 142.174, 0.000985181, 9.3232, 0.0377286, 25.8261, 0.0274602, -141.52
3847, 64.11667, 3.63696, -143.898, 13.936, -86.4557, 8.01722, 142.137, 0.000989841, 9.30608, 0.0377771, 25.751, 0.0274865, -141.566
3848, 64.12500, 3.64631, -143.989, 13.9691, -86.5427, 8.03839, 142.1, 0.000994522, 9.2886, 0.0378258, 25.6756, 0.0275129, -141.612
3848, 64.13333, 3.6557, -144.08, 14.0022, -86.6299, 8.05963, 142.062, 0.000999225, 9.27075, 0.0378746, 25.5999, 0.0275394, -141.659
3849, 64.14167, 3.66513, -144.171, 14.0355, -86.7175, 8.08096, 142.025, 0.00100395, 9.25253, 0.0379236, 25.5239, 0.027566, -141.705
3849, 64.15000, 3.67458, -144.263, 14.0689, -86.8054, 8.10236, 141.987, 0.0010087, 9.23395, 0.0379727, 25.4477, 0.0275927, -141.752
3850, 64.15833, 3.68407, -144.354, 14.1024, -86.8935, 8.12384, 141.949, 0.00101347, 9.215, 0.0380219, 25.3712, 0.0276195, -141.799
3850, 64.16666, 3.69359, -144.446, 14.1359, -86.982, 8.14541, 141.911, 0.00101826, 9.19567, 0.0380712, 25.2943, 0.0276464, -141.846
3851, 64.17500, 3.70314, -144.539, 14.1696, -87.0708, 8.16705, 141.872, 0.00102308, 9.17599, 0.0381207, 25.2172, 0.0276733, -141.894
3851, 64.18333, 3.71272, -144.631, 14.2034, -87.16, 8.18878, 141.833, 0.00102791, 9.15593, 0.0381704, 25.1399, 0.0277004, -141.941
3852, 64.19167, 3.72234, -144.724, 14.2373, -87.2494, 8.21059, 141.794, 0.00103277, 9.1355, 0.0382201, 25.0622, 0.0277276, -141.989
3852, 64.20000, 3.73199, -144.818, 14.2713, -87.3391, 8.23248, 141.754, 0.00103766, 9.1147, 0.03827, 24.9842, 0.0277548, -142.037
3853, 64.20834, 3.74167, -144.911, 14.3054, -87.4292, 8.25445, 141.715, 0.00104256, 9.09354, 0.0383201, 24.906, 0.0277821, -142.086
3853, 64.21667, 3.75138, -145.005, 14.3396, -87.5196, 8.27651, 141.675, 0.0010475, 9.072, 0.0383702, 24.8275, 0.0278096, -142.134
3854, 64.22500, 3.76113, -145.099, 14.3739, -87.6103, 8.29864, 141.634, 0.00105245, 9.05009, 0.0384206, 24.7486, 0.0278371, -142.183
3854, 64.23333, 3.77091, -145.194, 14.4083, -87.7013, 8.32087, 141.594, 0.00105743, 9.02782, 0.038471, 24.6695, 0.0278647, -142.232
3855, 64.24167, 3.78072, -145.288, 14.4428, -87.7926, 8.34317, 141.553, 0.00106243, 9.00517, 0.0385216, 24.5901, 0.0278925, -142.281
3855, 64.25000, 3.79057, -145.384, 14.4774, -87.8843, 8.36557, 141.512, 0.00106745, 8.98215, 0.0385723, 24.5104, 0.0279203, -142.33
3856, 64.25833, 3.80045, -145.479, 14.5121, -87.9762, 8.38804, 141.47, 0.0010725, 8.95875, 0.0386232, 24.4304, 0.0279482, -142.38
3856, 64.26667, 3.81036, -145.575, 14.5469, -88.0686, 8.4106, 141.429, 0.00107757, 8.93499, 0.0386742, 24.3501, 0.0279762, -142.43
3857, 64.27500, 3.82031, -145.671, 14.5818, -88.1612, 8.43325, 141.387, 0.00108267, 8.91085, 0.0387253, 24.2695, 0.0280043, -142.48
3857, 64.28333, 3.83029, -145.767, 14.6169, -88.2542, 8.45598, 141.344, 0.00108779, 8.88634, 0.0387766, 24.1886, 0.0280325, -142.53
3858, 64.29166, 3.8403, -145.864, 14.652, -88.3475, 8.4788, 141.302, 0.00109294, 8.86145, 0.038828, 24.1073, 0.0280608, -142.58
3858, 64.30000, 3.85035, -145.96, 14.6873, -88.4411, 8.5017, 141.259, 0.00109811, 8.83619, 0.0388796, 24.0258, 0.0280892, -142.631
3859, 64.30833, 3.86043, -146.058, 14.7226, -88.5351, 8.5247, 141.216, 0.00110331, 8.81056, 0.0389313, 23.944, 0.0281177, -142.682
3859, 64.31667, 3.87055, -146.155, 14.7581, -88.6294, 8.54778, 141.172, 0.00110853, 8.78454, 0.0389831, 23.8619, 0.0281463, -142.733
3860, 64.32500, 3.8807, -146.253, 14.7936, -88.724, 8.57094, 141.129, 0.00111377, 8.75816, 0.0390351, 23.7794, 0.028175, -142.784
3860, 64.33334, 3.89088, -146.351, 14.8293, -88.819, 8.5942, 141.085, 0.00111905, 8.73139, 0.0390872, 23.6967, 0.0282038, -142.836
3861, 64.34167, 3.9011, -146.45, 14.8651, -88.9143, 8.61755, 141.04, 0.00112434, 8.70425, 0.0391395, 23.6136, 0.0282327, -142.888
3861, 64.35000, 3.91135, -146.549, 14.901, -89.01, 8.64098, 140.996, 0.00112967, 8.67673, 0.0391919, 23.5302, 0.0282617, -142.94
3862, 64.35833, 3.92164, -146.648, 14.937, -89.106, 8.6645, 140.951, 0.00113502, 8.64883, 0.0392444, 23.4465, 0.0282908, -142.992
3862, 64.36667, 3.93196, -146.748, 14.9731, -89.2023, 8.68811, 140.906, 0.00114039, 8.62055, 0.0392971, 23.3625, 0.0283199, -143.045
3863, 64.37500, 3.94232, -146.847, 15.0093, -89.299, 8.71181, 140.86, 0.00114579, 8.59189, 0.03935, 23.2781, 0.0283492, -143.098
3863, 64.38333, 3.95271, -146.948, 15.0456, -89.396, 8.73561, 140.814, 0.00115122, 8.56286, 0.0394029, 23.1935, 0.0283786, -143.151
3864, 64.39167, 3.96314, -147.048, 15.0821, -89.4934, 8.75949, 140.768, 0.00115667, 8.53343, 0.039456, 23.1085, 0.0284081, -143.204
3864, 64.40000, 3.9736, -147.149, 15.1186, -89.5912, 8.78347, 140.721, 0.00116215, 8.50363, 0.0395093, 23.0232, 0.0284377, -143.257
3865, 64.40833, 3.9841, -147.25, 15.1553, -89.6892, 8.80753, 140.675, 0.00116766, 8.47344, 0.0395627, 22.9376, 0.0284674, -143.311
3865, 64.41666, 3.99463, -147.352, 15.192, -89.7877, 8.8317, 140.627, 0.00117319, 8.44287, 0.0396162, 22.8516, 0.0284972, -143.365
3866, 64.42500, 4.0052, -147.454, 15.2289, -89.8865, 8.85595, 140.58, 0.00117875, 8.41191, 0.0396699, 22.7653, 0.028527, -143.419
3866, 64.43333, 4.0158, -147.556, 15.2659, -89.9856, 8.88029, 140.532, 0.00118434, 8.38057, 0.0397237, 22.6787, 0.028557, -143.474
3867, 64.44167, 4.02644, -147.658, 15.303, -90.0852, 8.90473, 140.484, 0.00118996, 8.34884, 0.0397776, 22.5918, 0.0285871, -143.529
3867, 64.45000, 4.03711, -147.761, 15.3402, -90.1851, 8.92926, 140.436, 0.0011956, 8.31672, 0.0398317, 22.5045, 0.0286173, -143.584
3868, 64.45834, 4.04782, -147.864, 15.3775, -90.2853, 8.95389, 140.387, 0.00120127, 8.28422, 0.039886, 22.4169, 0.0286476, -143.639
3868, 64.46667, 4.05857, -147.968, 15.415, -90.3859, 8.97861, 140.338, 0.00120697, 8.25132, 0.0399404, 22.3289, 0.028678, -143.695
3869, 64.47500, 4.06935, -148.072, 15.4525, -90.4869, 9.00342, 140.289, 0.0012127, 8.21804, 0.0399949, 22.2407, 0.0287085, -143.75
3869, 64.48333, 4.08017, -148.176, 15.4902, -90.5882, 9.02833, 140.239, 0.00121845, 8.18436, 0.0400496, 22.152, 0.0287391, -143.806
3870, 64.49167, 4.09102, -148.281, 15.5279, -90.6899, 9.05334, 140.189, 0.00122423, 8.15029, 0.0401044, 22.063, 0.0287699, -143.863
3870, 64.50000, 4.10191, -148.386, 15.5658, -90.792, 9.07845, 140.138, 0.00123005, 8.11583, 0.0401593, 21.9737, 0.0288007, -143.919
3871, 64.50833, 4.11284, -148.491, 15.6038, -90.8944, 9.10364, 140.088, 0.00123589, 8.08097, 0.0402144, 21.8841, 0.0288316, -143.976
3871, 64.51667, 4.1238, -148.597, 15.6419, -90.9972, 9.12894, 140.037, 0.00124176, 8.04572, 0.0402697, 21.7941, 0.0288626, -144.033
3872, 64.52500, 4.1348, -148.703, 15.6802, -91.1004, 9.15434, 139.985, 0.00124766, 8.01007, 0.0403251, 21.7037, 0.0288937, -144.09
3872, 64.53333, 4.14584, -148.809, 15.7185, -91.204, 9.17983, 139.933, 0.00125358, 7.97403, 0.0403806, 21.613, 0.028925, -144.148
3873, 64.54166, 4.15691, -148.916, 15.757, -91.308, 9.20542, 139.881, 0.00125954, 7.93758, 0.0404363, 21.522, 0.0289563, -144.206
3873, 64.55000, 4.16802, -149.023, 15.7955, -91.4123, 9.23111, 139.829, 0.00126553, 7.90074, 0.0404921, 21.4306, 0.0289877, -144.264
3874, 64.55833, 4.17917, -149.13, 15.8342, -91.517, 9.25689, 139.776, 0.00127154, 7.8635, 0.040548, 21.3388, 0.0290193, -144.322
3874, 64.56667, 4.19035, -149.238, 15.873, -91.6221, 9.28278, 139.723, 0.00127759, 7.82585, 0.0406041, 21.2467, 0.0290509, -144.381
3875, 64.57500, 4.20157, -149.347, 15.9119, -91.7276, 9.30877, 139.669, 0.00128367, 7.7878, 0.0406604, 21.1542, 0.0290827, -144.44
3875, 64.58334, 4.21283, -149.455, 15.951, -91.8335, 9.33485, 139.615, 0.00128978, 7.74935, 0.0407168, 21.0614, 0.0291146, -144.499
3876, 64.59167, 4.22413, -149.564, 15.9901, -91.9398, 9.36104, 139.561, 0.00129591, 7.71048, 0.0407733, 20.9681, 0.0291465, -144.559
3876, 64.60000, 4.23546, -149.673, 16.0294, -92.0464, 9.38733, 139.507, 0.00130208, 7.67122, 0.04083, 20.8746, 0.0291786, -144.619
3877, 64.60833, 4.24683, -149.783, 16.0688, -92.1535, 9.41372, 139.452, 0.00130828, 7.63155, 0.0408868, 20.7807, 0.0292108, -144.679
3877, 64.61667, 4.25824, -149.893, 16.1083, -92.2609, 9.44021, 139.396, 0.00131451, 7.59146, 0.0409437, 20.6863, 0.0292431, -144.739
3878, 64.62500, 4.26968, -150.004, 16.1479, -92.3687, 9.46681, 139.341, 0.00132078, 7.55097, 0.0410009, 20.5917, 0.0292755, -144.8
3878, 64.63333, 4.28116, -150.114, 16.1876, -92.477, 9.4935, 139.285, 0.00132707, 7.51006, 0.0410581, 20.4966, 0.029308, -144.861
3879, 64.64167, 4.29269, -150.226, 16.2275, -92.5856, 9.5203, 139.228, 0.00133339, 7.46874, 0.0411155, 20.4012, 0.0293406, -144.922
3879, 64.65000, 4.30424, -150.337, 16.2674, -92.6947, 9.54721, 139.171, 0.00133975, 7.42701, 0.041173, 20.3054, 0.0293733, -144.984
3880, 64.65833, 4.31584, -150.449, 16.3075, -92.8041, 9.57421, 139.114, 0.00134614, 7.38486, 0.0412307, 20.2093, 0.0294062, -145.045
3880, 64.66666, 4.32748, -150.562, 16.3477, -92.914, 9.60133, 139.057, 0.00135256, 7.3423, 0.0412885, 20.1127, 0.0294391, -145.107
3881, 64.67500, 4.33915, -150.674, 16.388, -93.0242, 9.62854, 138.999, 0.00135902, 7.29931, 0.0413465, 20.0158, 0.0294721, -145.17
3881, 64.68333, 4.35086, -150.787, 16.4285, -93.1349, 9.65586, 138.941, 0.0013655, 7.25591, 0.0414046, 19.9185, 0.0295053, -145.233
3882, 64.69167, 4.36261, -150.901, 16.469, -93.246, 9.68329, 138.882, 0.00137202, 7.21208, 0.0414628, 19.8208, 0.0295386, -145.296
3882, 64.70000, 4.3744, -151.015, 16.5097, -93.3575, 9.71083, 138.823, 0.00137857, 7.16783, 0.0415212, 19.7227, 0.0295719, -145.359
3883, 64.70834, 4.38622, -151.129, 16.5505, -93.4694, 9.73846, 138.763, 0.00138516, 7.12316, 0.0415798, 19.6243, 0.0296054, -145.422
3883, 64.71667, 4.39809, -151.244, 16.5914, -93.5817, 9.76621, 138.704, 0.00139178, 7.07806, 0.0416384, 19.5254, 0.029639, -145.486
3884, 64.72500, 4.40999, -151.359, 16.6325, -93.6945, 9.79407, 138.643, 0.00139843, 7.03254, 0.0416973, 19.4261, 0.0296727, -145.551
3884, 64.73333, 4.42193, -151.475, 16.6736, -93.8076, 9.82203, 138.583, 0.00140512, 6.98658, 0.0417562, 19.3265, 0.0297065, -145.615
3885, 64.74167, 4.43391, -151.59, 16.7149, -93.9212, 9.8501, 138.522, 0.00141184, 6.94019, 0.0418153, 19.2265, 0.0297404, -145.68
3885, 64.75000, 4.44593, -151.707, 16.7563, -94.0352, 9.87827, 138.46, 0.00141859, 6.89338, 0.0418746, 19.126, 0.0297745, -145.745
3886, 64.75833, 4.45799, -151.823, 16.7978, -94.1497, 9.90656, 138.398, 0.00142538, 6.84613, 0.041934, 19.0252, 0.0298086, -145.811
3886, 64.76667, 4.47009, -151.941, 16.8395, -94.2646, 9.93496, 138.336, 0.00143221, 6.79844, 0.0419935, 18.9239, 0.0298429, -145.876
3887, 64.77500, 4.48222, -152.058, 16.8812, -94.3799, 9.96346, 138.274, 0.00143906, 6.75032, 0.0420532, 18.8223, 0.0298772, -145.943
3887, 64.78333, 4.4944, -152.176, 16.9231, -94.4956, 9.99207, 138.211, 0.00144596, 6.70176, 0.042113, 18.7203, 0.0299117, -146.009
3888, 64.79166, 4.50661, -152.294, 16.9651, -94.6118, 10.0208, 138.147, 0.00145289, 6.65276, 0.0421729, 18.6178, 0.0299463, -146.076
3888, 64.80000, 4.51886, -152.413, 17.0072, -94.7284, 10.0496, 138.083, 0.00145985, 6.60332, 0.042233, 18.5149, 0.029981, -146.143
3889, 64.80833, 4.53116, -152.532, 17.0494, -94.8454, 10.0786, 138.019, 0.00146685, 6.55343, 0.0422933, 18.4117, 0.0300158, -146.21
3889, 64.81667, 4.54349, -152.652, 17.0918, -94.963, 10.1076, 137.954, 0.00147389, 6.5031, 0.0423536, 18.308, 0.0300507, -146.278
3890, 64.82500, 4.55586, -152.772, 17.1343, -95.0809, 10.1368, 137.889, 0.00148096, 6.45232, 0.0424141, 18.2039, 0.0300857, -146.346
3890, 64.83334, 4.56827, -152.892, 17.1769, -95.1993, 10.1661, 137.824, 0.00148807, 6.4011, 0.0424748, 18.0993, 0.0301209, -146.414
3891, 64.84167, 4.58072, -153.013, 17.2196, -95.3181, 10.1955, 137.758, 0.00149521, 6.34942, 0.0425356, 17.9944, 0.0301561, -146.483
3891, 64.85000, 4.59321, -153.135, 17.2625, -95.4374, 10.225, 137.691, 0.0015024, 6.29729, 0.0425965, 17.889, 0.0301915, -146.552
3892, 64.85833, 4.60574, -153.256, 17.3054, -95.5571, 10.2546, 137.624, 0.00150961, 6.24471, 0.0426576, 17.7832, 0.030227, -146.622
3892, 64.86667, 4.61831, -153.378, 17.3485, -95.6773, 10.2844, 137.557, 0.00151687, 6.19167, 0.0427188, 17.677, 0.0302625, -146.691
3893, 64.87500, 4.63092, -153.501, 17.3917, -95.7979, 10.3142, 137.49, 0.00152417, 6.13817, 0.0427801, 17.5704, 0.0302982, -146.761
3893, 64.88333, 4.64357, -153.624, 17.4351, -95.919, 10.3442, 137.421, 0.0015315, 6.08422, 0.0428416, 17.4633, 0.030334, -146.832
3894, 64.89167, 4.65626, -153.748, 17.4785, -96.0406, 10.3743, 137.353, 0.00153887, 6.0298, 0.0429032, 17.3558, 0.03037, -146.903
3894, 64.90000, 4.66898, -153.871, 17.5221, -96.1626, 10.4045, 137.284, 0.00154627, 5.97492, 0.042965, 17.2478, 0.030406, -146.974
3895, 64.90833, 4.68175, -153.996, 17.5658, -96.2851, 10.4348, 137.214, 0.00155372, 5.91958, 0.0430269, 17.1395, 0.0304421, -147.045
3895, 64.91666, 4.69456, -154.121, 17.6097, -96.4081, 10.4652, 137.145, 0.0015612, 5.86376, 0.0430889, 17.0306, 0.0304784, -147.117
3896, 64.92500, 4.70741, -154.246, 17.6536, -96.5315, 10.4958, 137.074, 0.00156873, 5.80749, 0.0431511, 16.9214, 0.0305148, -147.189
3896, 64.93333, 4.7203, -154.371, 17.6977, -96.6553, 10.5264, 137.003, 0.00157629, 5.75074, 0.0432134, 16.8117, 0.0305512, -147.262
3897, 64.94167, 4.73323, -154.498, 17.7419, -96.7797, 10.5572, 136.932, 0.00158389, 5.69351, 0.0432758, 16.7015, 0.0305878, -147.335
3897, 64.95000, 4.74619, -154.624, 17.7862, -96.9046, 10.5881, 136.861, 0.00159153, 5.63581, 0.0433384, 16.5909, 0.0306245, -147.408
3898, 64.95834, 4.7592, -154.751, 17.8306, -97.0299, 10.6191, 136.788, 0.00159921, 5.57764, 0.0434011, 16.4799, 0.0306614, -147.481
3898, 64.96667, 4.77225, -154.879, 17.8752, -97.1557, 10.6503, 136.716, 0.00160693, 5.51898, 0.0434639, 16.3684, 0.0306983, -147.555
3899, 64.97500, 4.78534, -155.006, 17.9199, -97.282, 10.6815, 136.643, 0.00161469, 5.45984, 0.0435269, 16.2564, 0.0307353, -147.63
3899, 64.98333, 4.79847, -155.135, 17.9647, -97.4087, 10.7129, 136.569, 0.00162249, 5.40022, 0.04359, 16.144, 0.0307725, -147.704
3900, 64.99167, 4.81164, -155.264, 18.0096, -97.536, 10.7444, 136.495, 0.00163034, 5.34012, 0.0436532, 16.0312, 0.0308098, -147.78
3900, 65.00000, 4.82485, -155.393, 18.0547, -97.6637, 10.776, 136.421, 0.00163822, 5.27952, 0.0437166, 15.9178, 0.0308471, -147.855
3901, 65.00833, 4.8381, -155.523, 18.0998, -97.7919, 10.8077, 136.346, 0.00164614, 5.21845, 0.0437801, 15.8041, 0.0308846, -147.931
3901, 65.01667, 4.85139, -155.653, 18.1451, -97.9207, 10.8396, 136.27, 0.00165411, 5.15687, 0.0438437, 15.6898, 0.0309222, -148.007
3902, 65.02500, 4.86472, -155.784, 18.1906, -98.0499, 10.8715, 136.194, 0.00166212, 5.0948, 0.0439075, 15.5751, 0.03096, -148.084
3902, 65.03333, 4.87809, -155.915, 18.2361, -98.1796, 10.9036, 136.118, 0.00167016, 5.03224, 0.0439714, 15.4599, 0.0309978, -148.161
3903, 65.04166, 4.8915, -156.046, 18.2818, -98.3098, 10.9359, 136.041, 0.00167826, 4.96917, 0.0440354, 15.3442, 0.0310357, -148.238
3903, 65.05000, 4.90495, -156.179, 18.3276, -98.4405, 10.9682, 135.964, 0.00168639, 4.90561, 0.0440995, 15.2281, 0.0310738, -148.316
3904, 65.05833, 4.91844, -156.311, 18.3735, -98.5717, 11.0007, 135.886, 0.00169456, 4.84155, 0.0441638, 15.1115, 0.0311119, -148.394
3904, 65.06667, 4.93198, -156.444, 18.4195, -98.7035, 11.0333, 135.807, 0.00170278, 4.77698, 0.0442282, 14.9943, 0.0311502, -148.473
3905, 65.07500, 4.94555, -156.578, 18.4657, -98.8357, 11.066, 135.729, 0.00171105, 4.7119, 0.0442927, 14.8768, 0.0311886, -148.551
3905, 65.08334, 4.95916, -156.712, 18.5119, -98.9685, 11.0988, 135.649, 0.00171935, 4.64632, 0.0443573, 14.7587, 0.0312271, -148.631
3906, 65.09167, 4.97281, -156.846, 18.5583, -99.1017, 11.1318, 135.569, 0.0017277, 4.58021, 0.0444221, 14.6402, 0.0312657, -148.711
3906, 65.10000, 4.98651, -156.981, 18.6049, -99.2355, 11.1648, 135.489, 0.00173609, 4.5136, 0.044487, 14.5211, 0.0313044, -148.791
3907, 65.10833, 5.00024, -157.117, 18.6515, -99.3698, 11.198, 135.408, 0.00174453, 4.44648, 0.044552, 14.4016, 0.0313433, -148.871
3907, 65.11667, 5.01401, -157.253, 18.6983, -99.5046, 11.2314, 135.327, 0.00175301, 4.37882, 0.0446171, 14.2816, 0.0313822, -148.952
3908, 65.12500, 5.02783, -157.389, 18.7452, -99.64, 11.2648, 135.245, 0.00176154, 4.31066, 0.0446823, 14.161, 0.0314213, -149.033
3908, 65.13333, 5.04168, -157.526, 18.7922, -99.7758, 11.2984, 135.163, 0.00177011, 4.24197, 0.0447477, 14.04, 0.0314604, -149.115
3909, 65.14167, 5.05558, -157.664, 18.8393, -99.9122, 11.3321, 135.08, 0.00177872, 4.17274, 0.0448132, 13.9185, 0.0314997, -149.197
3909, 65.15000, 5.06951, -157.802, 18.8866, -100.049, 11.3659, 134.996, 0.00178738, 4.10299, 0.0448788, 13.7965, 0.0315391, -149.28
3910, 65.15833, 5.08349, -157.94, 18.9339, -100.187, 11.3999, 134.912, 0.00179609, 4.03272, 0.0449445, 13.674, 0.0315786, -149.363
3910, 65.16666, 5.0975, -158.079, 18.9814, -100.325, 11.434, 134.828, 0.00180484, 3.9619, 0.0450104, 13.5509, 0.0316182, -149.447
3911, 65.17500, 5.11156, -158.218, 19.029, -100.463, 11.4682, 134.743, 0.00181364, 3.89055, 0.0450763, 13.4274, 0.0316579, -149.53
3911, 65.18333, 5.12565, -158.358, 19.0768, -100.602, 11.5025, 134.657, 0.00182249, 3.81867, 0.0451424, 13.3033, 0.0316977, -149.615
3912, 65.19167, 5.13979, -158.499, 19.1246, -100.742, 11.537, 134.571, 0.00183138, 3.74623, 0.0452085, 13.1788, 0.0317377, -149.699
3912, 65.20000, 5.15396, -158.64, 19.1726, -100.882, 11.5716, 134.485, 0.00184032, 3.67326, 0.0452748, 13.0537, 0.0317777, -149.785
3913, 65.20834, 5.16818, -158.781, 19.2207, -101.023, 11.6063, 134.397, 0.0018493, 3.59974, 0.0453412, 12.9281, 0.0318178, -149.87
3913, 65.21667, 5.18244, -158.923, 19.2689, -101.164, 11.6412, 134.31, 0.00185834, 3.52567, 0.0454077, 12.8019, 0.0318581, -149.956
3914, 65.22500, 5.19673, -159.066, 19.3172, -101.306, 11.6761, 134.221, 0.00186742, 3.45105, 0.0454743, 12.6753, 0.0318985, -150.043
3914, 65.23333, 5.21106, -159.209, 19.3657, -101.448, 11.7113, 134.133, 0.00187655, 3.37588, 0.045541, 12.5481, 0.0319389, -150.129
3915, 65.24167, 5.22544, -159.353, 19.4143, -101.591, 11.7465, 134.043, 0.00188573, 3.30015, 0.0456079, 12.4204, 0.0319795, -150.217
3915, 65.25000, 5.23985, -159.497, 19.463, -101.735, 11.7819, 133.953, 0.00189495, 3.22386, 0.0456748, 12.2921, 0.0320202, -150.305
3916, 65.25833, 5.25431, -159.641, 19.5118, -101.879, 11.8173, 133.863, 0.00190423, 3.14701, 0.0457418, 12.1634, 0.032061, -150.393
3916, 65.26667, 5.2688, -159.787, 19.5607, -102.023, 11.853, 133.772, 0.00191355, 3.06959, 0.0458089, 12.034, 0.0321019, -150.482
3917, 65.27500, 5.28333, -159.932, 19.6097, -102.168, 11.8887, 133.68, 0.00192292, 2.99161, 0.0458762, 11.9042, 0.0321429, -150.571
3917, 65.28333, 5.2979, -160.078, 19.6589, -102.314, 11.9246, 133.588, 0.00193234, 2.91305, 0.0459435, 11.7738, 0.032184, -150.66
3918, 65.29166, 5.31251, -160.225, 19.7082, -102.461, 11.9606, 133.495, 0.00194182, 2.83392, 0.0460109, 11.6428, 0.0322252, -150.75
3918, 65.30000, 5.32716, -160.373, 19.7575, -102.607, 11.9968, 133.402, 0.00195134, 2.75422, 0.0460784, 11.5113, 0.0322666, -150.841
3919, 65.30833, 5.34185, -160.52, 19.807, -102.755, 12.033, 133.308, 0.00196091, 2.67394, 0.046146, 11.3793, 0.032308, -150.932
3919, 65.31667, 5.35658, -160.669, 19.8567, -102.903, 12.0694, 133.214, 0.00197054, 2.59307, 0.0462138, 11.2467, 0.0323495, -151.023
3920, 65.32500, 5.37135, -160.818, 19.9064, -103.052, 12.106, 133.119, 0.00198021, 2.51163, 0.0462816, 11.1135, 0.0323911, -151.115
3920, 65.33334, 5.38615, -160.967, 19.9562, -103.201, 12.1426, 133.023, 0.00198994, 2.4296, 0.0463494, 10.9798, 0.0324329, -151.208
3921, 65.34167, 5.401, -161.117, 20.0062, -103.351, 12.1794, 132.927, 0.00199971, 2.34697, 0.0464174, 10.8455, 0.0324747, -151.301
3921, 65.35000, 5.41588, -161.268, 20.0563, -103.501, 12.2164, 132.83, 0.00200954, 2.26375, 0.0464855, 10.7107, 0.0325167, -151.394
3922, 65.35833, 5.4308, -161.419, 20.1065, -103.652, 12.2534, 132.733, 0.00201942, 2.17995, 0.0465536, 10.5753, 0.0325587, -151.488
3922, 65.36667, 5.44576, -161.571, 20.1568, -103.804, 12.2906, 132.635, 0.00202936, 2.09553, 0.0466219, 10.4393, 0.0326008, -151.582
3923, 65.37500, 5.46075, -161.723, 20.2072, -103.956, 12.3279, 132.536, 0.00203934, 2.01052, 0.0466902, 10.3028, 0.0326431, -151.677
3923, 65.38333, 5.47579, -161.876, 20.2577, -104.109, 12.3654, 132.437, 0.00204938, 1.92491, 0.0467586, 10.1657, 0.0326854, -151.772
3924, 65.39167, 5.49086, -162.029, 20.3083, -104.262, 12.403, 132.337, 0.00205947, 1.83868, 0.0468271, 10.028, 0.0327278, -151.868
3924, 65.40000, 5.50597, -162.183, 20.3591, -104.416, 12.4407, 132.237, 0.00206962, 1.75185, 0.0468956, 9.8897, 0.0327704, -151.964
3925, 65.40833, 5.52112, -162.338, 20.4099, -104.571, 12.4785, 132.136, 0.00207981, 1.66441, 0.0469642, 9.75086, 0.032813, -152.061
3925, 65.41666, 5.53631, -162.493, 20.4609, -104.726, 12.5165, 132.034, 0.00209007, 1.57634, 0.0470329, 9.61141, 0.0328557, -152.158
3926, 65.42500, 5.55153, -162.648, 20.5119, -104.882, 12.5546, 131.932, 0.00210037, 1.48766, 0.0471017, 9.47139, 0.0328985, -152.256
3926, 65.43333, 5.56679, -162.805, 20.5631, -105.038, 12.5929, 131.829, 0.00211073, 1.39836, 0.0471705, 9.33078, 0.0329415, -152.354
3927, 65.44167, 5.58208, -162.961, 20.6144, -105.195, 12.6313, 131.726, 0.00212115, 1.30842, 0.0472394, 9.18956, 0.0329845, -152.453
3927, 65.45000, 5.59741, -163.119, 20.6658, -105.353, 12.6698, 131.621, 0.00213162, 1.21787, 0.0473084, 9.04776, 0.0330276, -152.552
3928, 65.45834, 5.61278, -163.277, 20.7173, -105.511, 12.7084, 131.517, 0.00214215, 1.12669, 0.0473774, 8.90537, 0.0330708, -152.652
3928, 65.46667, 5.62819, -163.435, 20.7689, -105.67, 12.7472, 131.411, 0.00215273, 1.03486, 0.0474465, 8.76235, 0.0331141, -152.753
3929, 65.47500, 5.64363, -163.594, 20.8206, -105.83, 12.7861, 131.305, 0.00216337, 0.942401, 0.0475157, 8.61876, 0.0331574, -152.853
3929, 65.48333, 5.6591, -163.754, 20.8723, -105.99, 12.8251, 131.199, 0.00217406, 0.849304, 0.0475849, 8.47455, 0.0332009, -152.955
3930, 65.49167, 5.67462, -163.914, 20.9243, -106.151, 12.8643, 131.091, 0.00218481, 0.755553, 0.0476541, 8.32972, 0.0332445, -153.057
3930, 65.50000, 5.69016, -164.075, 20.9762, -106.313, 12.9036, 130.983, 0.00219562, 0.661167, 0.0477234, 8.1843, 0.0332881, -153.159
3931, 65.50833, 5.70575, -164.237, 21.0283, -106.475, 12.943, 130.875, 0.00220648, 0.566131, 0.0477928, 8.03826, 0.0333318, -153.262
3931, 65.51667, 5.72137, -164.399, 21.0805, -106.638, 12.9826, 130.765, 0.0022174, 0.470431, 0.0478622, 7.89159, 0.0333757, -153.366
3932, 65.52500, 5.73702, -164.562, 21.1328, -106.801, 13.0223, 130.655, 0.00222838, 0.374085, 0.0479316, 7.74432, 0.0334196, -153.47
3932, 65.53333, 5.7527, -164.725, 21.1852, -106.965, 13.0621, 130.545, 0.00223942, 0.277081, 0.0480011, 7.59642, 0.0334636, -153.574
3933, 65.54166, 5.76842, -164.889, 21.2377, -107.13, 13.1021, 130.434, 0.00225051, 0.179403, 0.0480707, 7.44789, 0.0335076, -153.679
3933, 65.55000, 5.78418, -165.053, 21.2903, -107.295, 13.1422, 130.322, 0.00226166, 0.0810702, 0.0481402, 7.29874, 0.0335518, -153.785
3934, 65.55833, 5.79997, -165.218, 21.343, -107.461, 13.1824, 130.209, 0.00227287, -0.0179311, 0.0482098, 7.14896, 0.033596, -153.891
3934, 65.56667, 5.81579, -165.384, 21.3958, -107.628, 13.2228, 130.096, 0.00228414, -0.117616, 0.0482795, 6.99853, 0.0336403, -153.998
3935, 65.57500, 5.83164, -165.551, 21.4486, -107.795, 13.2633, 129.982, 0.00229547, -0.217965, 0.0483491, 6.84749, 0.0336847, -154.105
3935, 65.58334, 5.84753, -165.717, 21.5016, -107.963, 13.3039, 129.867, 0.00230686, -0.318992, 0.0484188, 6.6958, 0.0337292, -154.213
3936, 65.59167, 5.86345, -165.885, 21.5546, -108.132, 13.3446, 129.752, 0.00231831, -0.420714, 0.0484886, 6.54346, 0.0337738, -154.322
3936, 65.60000, 5.8794, -166.053, 21.6078, -108.301, 13.3855, 129.636, 0.00232981, -0.523108, 0.0485583, 6.39049, 0.0338184, -154.431
3937, 65.60833, 5.89539, -166.222, 21.661, -108.471, 13.4265, 129.519, 0.00234138, -0.62619, 0.048628, 6.23687, 0.0338631, -154.54
3937, 65.61667, 5.9114, -166.392, 21.7143, -108.642, 13.4677, 129.402, 0.00235301, -0.729976, 0.0486978, 6.08259, 0.0339079, -154.65
3938, 65.62500, 5.92745, -166.562, 21.7677, -108.814, 13.5089, 129.284, 0.0023647, -0.834445, 0.0487676, 5.92767, 0.0339527, -154.761
3938, 65.63333, 5.94352, -166.732, 21.8211, -108.986, 13.5503, 129.165, 0.00237645, -0.939613, 0.0488374, 5.7721, 0.0339976, -154.872
3939, 65.64167, 5.95963, -166.904, 21.8747, -109.159, 13.5919, 129.046, 0.00238826, -1.04549, 0.0489072, 5.61585, 0.0340426, -154.984
3939, 65.65000, 5.97577, -167.076, 21.9283, -109.332, 13.6335, 128.926, 0.00240013, -1.15207, 0.048977, 5.45896, 0.0340877, -155.097
3940, 65.65833, 5.99194, -167.248, 21.9821, -109.506, 13.6753, 128.805, 0.00241206, -1.25935, 0.0490468, 5.30141, 0.0341328, -155.21
3940, 65.66666, 6.00814, -167.421, 22.0359, -109.681, 13.7172, 128.683, 0.00242406, -1.36736, 0.0491166, 5.14318, 0.034178, -155.323
3941, 65.67500, 6.02436, -167.595, 22.0897, -109.857, 13.7593, 128.561, 0.00243612, -1.47606, 0.0491864, 4.98429, 0.0342232, -155.438
3941, 65.68333, 6.04062, -167.77, 22.1437, -110.033, 13.8014, 128.438, 0.00244824, -1.58549, 0.0492562, 4.82473, 0.0342685, -155.552
3942, 65.69167, 6.0569, -167.945, 22.1977, -110.21, 13.8437, 128.314, 0.00246042, -1.69565, 0.049326, 4.66448, 0.0343139, -155.668
3942, 65.70000, 6.07321, -168.121, 22.2518, -110.387, 13.8862, 128.189, 0.00247267, -1.80652, 0.0493957, 4.50358, 0.0343593, -155.784
3943, 65.70834, 6.08955, -168.297, 22.306, -110.566, 13.9287, 128.064, 0.00248498, -1.91812, 0.0494654, 4.34199, 0.0344048, -155.901
3943, 65.71667, 6.10592, -168.474, 22.3602, -110.745, 13.9714, 127.938, 0.00249735, -2.03047, 0.0495352, 4.1797, 0.0344503, -156.018
3944, 65.72500, 6.12231, -168.652, 22.4145, -110.925, 14.0142, 127.812, 0.00250979, -2.14354, 0.0496048, 4.01675, 0.0344959, -156.136
3944, 65.73333, 6.13873, -168.83, 22.4689, -111.105, 14.0571, 127.684, 0.00252229, -2.25734, 0.0496745, 3.85311, 0.0345416, -156.254
3945, 65.74167, 6.15517, -169.01, 22.5233, -111.286, 14.1002, 127.556, 0.00253486, -2.37191, 0.0497441, 3.68876, 0.0345873, -156.373
3945, 65.75000, 6.17164, -169.189, 22.5778, -111.468, 14.1434, 127.427, 0.00254749, -2.4872, 0.0498137, 3.52374, 0.034633, -156.493
3946, 65.75833, 6.18813, -169.37, 22.6324, -111.651, 14.1866, 127.298, 0.00256018, -2.60324, 0.0498832, 3.35803, 0.0346788, -156.613
3946, 65.76667, 6.20465, -169.551, 22.687, -111.834, 14.2301, 127.167, 0.00257294, -2.72005, 0.0499527, 3.19159, 0.0347247, -156.734
3947, 65.77500, 6.2212, -169.732, 22.7417, -112.018, 14.2736, 127.036, 0.00258576, -2.8376, 0.0500222, 3.02448, 0.0347705, -156.855
3947, 65.78333, 6.23776, -169.915, 22.7964, -112.203, 14.3173, 126.904, 0.00259865, -2.95591, 0.0500916, 2.85666, 0.0348165, -156.978
3948, 65.79166, 6.25435, -170.098, 22.8512, -112.389, 14.3611, 126.771, 0.00261161, -3.07499, 0.0501609, 2.68811, 0.0348624, -157.1
3948, 65.80000, 6.27096, -170.282, 22.906, -112.575, 14.405, 126.638, 0.00262463, -3.19483, 0.0502302, 2.51888, 0.0349084, -157.224
3949, 65.80833, 6.28759, -170.466, 22.9609, -112.762, 14.449, 126.504, 0.00263772, -3.31543, 0.0502994, 2.34894, 0.0349545, -157.348
3949, 65.81667, 6.30425, -170.651, 23.0158, -112.95, 14.4931, 126.369, 0.00265087, -3.43683, 0.0503685, 2.17826, 0.0350005, -157.473
3950, 65.82500, 6.32092, -170.837, 23.0708, -113.138, 14.5374, 126.233, 0.00266409, -3.55898, 0.0504376, 2.00689, 0.0350466, -157.598
3950, 65.83334, 6.33762, -171.023, 23.1259, -113.328, 14.5818, 126.097, 0.00267738, -3.68191, 0.0505066, 1.83479, 0.0350928, -157.724
3951, 65.84167, 6.35433, -171.21, 23.1809, -113.518, 14.6263, 125.959, 0.00269073, -3.80564, 0.0505755, 1.66196, 0.0351389, -157.851
3951, 65.85000, 6.37107, -171.398, 23.236, -113.708, 14.6709, 125.821, 0.00270415, -3.93015, 0.0506443, 1.48842, 0.0351851, -157.978
3952, 65.85833, 6.38782, -171.587, 23.2912, -113.9, 14.7156, 125.682, 0.00271764, -4.05544, 0.050713, 1.31416, 0.0352313, -158.106
3952, 65.86667, 6.40459, -171.776, 23.3464, -114.092, 14.7605, 125.543, 0.0027312, -4.18154, 0.0507817, 1.13914, 0.0352775, -158.235
3953, 65.87500, 6.42137, -171.966, 23.4016, -114.285, 14.8054, 125.402, 0.00274482, -4.30842, 0.0508502, 0.963416, 0.0353238, -158.364
3953, 65.88333, 6.43818, -172.156, 23.4568, -114.479, 14.8505, 125.261, 0.00275851, -4.4361, 0.0509186, 0.786957, 0.03537, -158.494
3954, 65.89167, 6.455, -172.347, 23.5121, -114.674, 14.8956, 125.119, 0.00277227, -4.5646, 0.0509869, 0.609739, 0.0354163, -158.624
3954, 65.90000, 6.47183, -172.539, 23.5674, -114.869, 14.9409, 124.976, 0.0027861, -4.69389, 0.0510551, 0.431804, 0.0354626, -158.756
3955, 65.90833, 6.48868, -172.732, 23.6228, -115.065, 14.9863, 124.833, 0.00279999, -4.82399, 0.0511232, 0.253128, 0.0355089, -158.888
3955, 65.91666, 6.50554, -172.925, 23.6781, -115.262, 15.0318, 124.688, 0.00281396, -4.95492, 0.0511912, 0.0736852, 0.0355552, -159.02
3956, 65.92500, 6.52242, -173.119, 23.7335, -115.46, 15.0774, 124.543, 0.00282799, -5.08665, 0.051259, -0.106482, 0.0356015, -159.154
3956, 65.93333, 6.53931, -173.314, 23.7889, -115.658, 15.1232, 124.397, 0.00284209, -5.2192, 0.0513267, -0.287398, 0.0356478, -159.288
3957, 65.94167, 6.55621, -173.509, 23.8443, -115.857, 15.169, 124.25, 0.00285627, -5.35259, 0.0513942, -0.469088, 0.0356941, -159.422
3957, 65.95000, 6.57312, -173.705, 23.8997, -116.057, 15.2149, 124.102, 0.00287051, -5.4868, 0.0514616, -0.651509, 0.0357404, -159.558
3958, 65.95834, 6.59004, -173.902, 23.9551, -116.258, 15.2609, 123.954, 0.00288482, -5.62183, 0.0515289, -0.834686, 0.0357866, -159.694
3958, 65.96667, 6.60698, -174.1, 24.0106, -116.46, 15.3071, 123.804, 0.0028992, -5.75771, 0.051596, -1.01864, 0.0358329, -159.831
3959, 65.97500, 6.62392, -174.298, 24.066, -116.662, 15.3533, 123.654, 0.00291365, -5.89441, 0.0516629, -1.20334, 0.0358792, -159.968
3959, 65.98333, 6.64087, -174.497, 24.1214, -116.865, 15.3996, 123.503, 0.00292817, -6.03195, 0.0517296, -1.3888, 0.0359254, -160.106
3960, 65.99167, 6.65783, -174.697, 24.1769, -117.069, 15.4461, 123.351, 0.00294276, -6.17035, 0.0517962, -1.57505, 0.0359717, -160.245
3960, 66.00000, 6.67479, -174.897, 24.2323, -117.274, 15.4926, 123.198, 0.00295742, -6.30959, 0.0518627, -1.76204, 0.0360179, -160.385
3961, 66.00833, 6.69176, -175.098, 24.2877, -117.479, 15.5392, 123.045, 0.00297215, -6.44967, 0.0519289, -1.9498, 0.0360641, -160.525
3961, 66.01667, 6.70873, -175.3, 24.3431, -117.686, 15.5859, 122.89, 0.00298695, -6.59062, 0.0519949, -2.13836, 0.0361102, -160.666
3962, 66.02500, 6.72571, -175.502, 24.3985, -117.893, 15.6327, 122.735, 0.00300182, -6.73242, 0.0520608, -2.32767, 0.0361563, -160.808
3962, 66.03333, 6.74269, -175.706, 24.4539, -118.101, 15.6796, 122.579, 0.00301677, -6.87507, 0.0521264, -2.51775, 0.0362024, -160.95
3963, 66.04166, 6.75968, -175.91, 24.5093, -118.309, 15.7266, 122.422, 0.00303178, -7.0186, 0.0521918, -2.70864, 0.0362485, -161.093
3963, 66.05000, 6.77666, -176.114, 24.5646, -118.519, 15.7737, 122.264, 0.00304686, -7.16298, 0.052257, -2.90028, 0.0362945, -161.237
3964, 66.05833, 6.79365, -176.32, 24.6199, -118.729, 15.8208, 122.106, 0.00306202, -7.30823, 0.052322, -3.09271, 0.0363405, -161.382
3964, 66.06667, 6.81064, -176.526, 24.6752, -118.94, 15.8681, 121.946, 0.00307725, -7.45437, 0.0523868, -3.28594, 0.0363864, -161.527
3965, 66.07500, 6.82762, -176.733, 24.7305, -119.152, 15.9154, 121.786, 0.00309254, -7.60137, 0.0524514, -3.47994, 0.0364323, -161.673
3965, 66.08334, 6.8446, -176.94, 24.7857, -119.365, 15.9628, 121.625, 0.00310791, -7.74925, 0.0525157, -3.67472, 0.0364781, -161.82
3966, 66.09167, 6.86158, -177.149, 24.8409, -119.579, 16.0103, 121.462, 0.00312335, -7.89803, 0.0525797, -3.87032, 0.0365238, -161.967
3966, 66.10000, 6.87856, -177.358, 24.896, -119.793, 16.0579, 121.299, 0.00313886, -8.04767, 0.0526435, -4.06669, 0.0365695, -162.115
3967, 66.10833, 6.89553, -177.567, 24.9511, -120.008, 16.1055, 121.136, 0.00315444, -8.19821, 0.0527071, -4.26385, 0.0366152, -162.264
3967, 66.11667, 6.9125, -177.778, 25.0062, -120.224, 16.1532, 120.971, 0.0031701, -8.34965, 0.0527703, -4.46184, 0.0366607, -162.414
3968, 66.12500, 6.92945, -177.989, 25.0612, -120.441, 16.201, 120.805, 0.00318582, -8.50197, 0.0528333, -4.66059, 0.0367062, -162.565
3968, 66.13333, 6.9464, -178.201, 25.1161, -120.659, 16.2489, 120.639, 0.00320162, -8.65518, 0.0528961, -4.86015, 0.0367516, -162.716
3969, 66.14167, 6.96335, -178.414, 25.171, -120.878, 16.2968, 120.471, 0.00321749, -8.80932, 0.0529585, -5.06053, 0.036797, -162.868
3969, 66.15000, 6.98028, -178.627, 25.2258, -121.097, 16.3448, 120.303, 0.00323343, -8.96434, 0.0530207, -5.2617, 0.0368422, -163.021
3970, 66.15833, 6.9972, -178.841, 25.2806, -121.317, 16.3929, 120.134, 0.00324944, -9.12026, 0.0530825, -5.46366, 0.0368874, -163.174
3970, 66.16666, 7.01411, -179.056, 25.3352, -121.538, 16.441, 119.964, 0.00326553, -9.27711, 0.0531441, -5.66646, 0.0369325, -163.328
3971, 66.17500, 7.031, -179.272, 25.3898, -121.76, 16.4892, 119.793, 0.00328168, -9.43486, 0.0532053, -5.87004, 0.0369775, -163.483
3971, 66.18333, 7.04788, -179.488, 25.4444, -121.983, 16.5374, 119.621, 0.00329791, -9.59352, 0.0532662, -6.07443, 0.0370224, -163.639
3972, 66.19167, 7.06475, -179.705, 25.4988, -122.206, 16.5857, 119.448, 0.00331421, -9.75312, 0.0533268, -6.27966, 0.0370671, -163.795
3972, 66.20000, 7.0816, -179.923, 25.5532, -122.431, 16.6341, 119.275, 0.00333058, -9.91361, 0.053387, -6.48567, 0.0371118, -163.953
3973, 66.20834, 7.09843, 179.858, 25.6074, -122.656, 16.6825, 119.1, 0.00334702, -10.075, 0.0534469, -6.6925, 0.0371564, -164.111
3973, 66.21667, 7.11524, 179.639, 25.6616, -122.882, 16.731, 118.925, 0.00336353, -10.2374, 0.0535065, -6.90017, 0.0372008, -164.27
3974, 66.22500, 7.13204, 179.419, 25.7157, -123.109, 16.7795, 118.749, 0.00338011, -10.4007, 0.0535656, -7.10863, 0.0372452, -164.429
3974, 66.23333, 7.14881, 179.198, 25.7696, -123.337, 16.828, 118.571, 0.00339677, -10.5649, 0.0536245, -7.31791, 0.0372894, -164.59
3975, 66.24167, 7.16556, 178.977, 25.8235, -123.565, 16.8766, 118.393, 0.00341349, -10.73, 0.0536829, -7.52803, 0.0373334, -164.751
3975, 66.25000, 7.18228, 178.754, 25.8773, -123.795, 16.9253, 118.214, 0.00343029, -10.8961, 0.053741, -7.73895, 0.0373774, -164.913
3976, 66.25833, 7.19898, 178.531, 25.9309, -124.025, 16.9739, 118.034, 0.00344716, -11.0631, 0.0537986, -7.95069, 0.0374212, -165.075
3976, 66.26667, 7.21566, 178.308, 25.9844, -124.256, 17.0226, 117.853, 0.0034641, -11.2311, 0.0538559, -8.16327, 0.0374648, -165.239
3977, 66.27500, 7.23231, 178.083, 26.0378, -124.488, 17.0714, 117.671, 0.00348111, -11.4, 0.0539128, -8.37666, 0.0375084, -165.403
3977, 66.28333, 7.24893, 177.858, 26.0911, -124.721, 17.1202, 117.489, 0.00349819, -11.5698, 0.0539693, -8.59086, 0.0375517, -165.568
3978, 66.29166, 7.26552, 177.632, 26.1442, -124.955, 17.169, 117.305, 0.00351534, -11.7406, 0.0540253, -8.80592, 0.0375949, -165.734
3978, 66.30000, 7.28207, 177.405, 26.1972, -125.189, 17.2178, 117.12, 0.00353256, -11.9124, 0.0540809, -9.02178, 0.037638, -165.9
3979, 66.30833, 7.2986, 177.178, 26.25, -125.424, 17.2666, 116.935, 0.00354986, -12.0851, 0.0541361, -9.23847, 0.0376808, -166.068
3979, 66.31667, 7.31509, 176.95, 26.3027, -125.661, 17.3155, 116.748, 0.00356722, -12.2587, 0.0541908, -9.45601, 0.0377236, -166.236
3980, 66.32500, 7.33155, 176.721, 26.3553, -125.898, 17.3644, 116.561, 0.00358465, -12.4334, 0.054245, -9.67435, 0.0377661, -166.405
3980, 66.33334, 7.34797, 176.491, 26.4077, -126.136, 17.4133, 116.373, 0.00360215, -12.6089, 0.0542988, -9.89352, 0.0378084, -166.575
3981, 66.34167, 7.36436, 176.261, 26.4599, -126.375, 17.4622, 116.184, 0.00361972, -12.7855, 0.0543522, -10.1136, 0.0378506, -166.745
3981, 66.35000, 7.3807, 176.03, 26.512, -126.614, 17.5111, 115.993, 0.00363736, -12.963, 0.054405, -10.3344, 0.0378926, -166.917
3982, 66.35833, 7.397, 175.798, 26.5639, -126.855, 17.5601, 115.802, 0.00365507, -13.1414, 0.0544573, -10.556, 0.0379344, -167.089
3982, 66.36667, 7.41326, 175.565, 26.6156, -127.096, 17.609, 115.61, 0.00367285, -13.3208, 0.0545092, -10.7786, 0.037976, -167.262
3983, 66.37500, 7.42948, 175.332, 26.6671, -127.338, 17.6579, 115.417, 0.0036907, -13.5012, 0.0545605, -11.0019, 0.0380173, -167.436
3983, 66.38333, 7.44565, 175.098, 26.7185, -127.581, 17.7068, 115.224, 0.00370862, -13.6826, 0.0546114, -11.226, 0.0380585, -167.61
3984, 66.39167, 7.46178, 174.863, 26.7696, -127.825, 17.7558, 115.029, 0.0037266, -13.8649, 0.0546617, -11.451, 0.0380994, -167.786
3984, 66.40000, 7.47786, 174.628, 26.8206, -128.07, 17.8047, 114.833, 0.00374465, -14.0483, 0.0547114, -11.6769, 0.0381402, -167.962
3985, 66.40833, 7.49389, 174.392, 26.8713, -128.316, 17.8535, 114.636, 0.00376277, -14.2325, 0.0547606, -11.9035, 0.0381807, -168.139
3985, 66.41666, 7.50987, 174.155, 26.9219, -128.562, 17.9024, 114.439, 0.00378096, -14.4178, 0.0548093, -12.131, 0.0382209, -168.317
3986, 66.42500, 7.52579, 173.917, 26.9722, -128.81, 17.9513, 114.24, 0.00379921, -14.604, 0.0548574, -12.3593, 0.0382609, -168.495
3986, 66.43333, 7.54166, 173.679, 27.0223, -129.058, 18.0001, 114.041, 0.00381753, -14.7913, 0.0549049, -12.5885, 0.0383007, -168.675
3987, 66.44167, 7.55748, 173.439, 27.0722, -129.307, 18.0489, 113.84, 0.00383592, -14.9795, 0.0549519, -12.8185, 0.0383403, -168.855
3987, 66.45000, 7.57324, 173.2, 27.1219, -129.557, 18.0977, 113.639, 0.00385437, -15.1687, 0.0549983, -13.0493, 0.0383795, -169.036
3988, 66.45834, 7.58894, 172.959, 27.1713, -129.808, 18.1464, 113.436, 0.00387289, -15.3588, 0.055044, -13.2809, 0.0384185, -169.218
3988, 66.46667, 7.60459, 172.718, 27.2205, -130.059, 18.1951, 113.233, 0.00389147, -15.55, 0.0550892, -13.5134, 0.0384573, -169.4
3989, 66.47500, 7.62016, 172.476, 27.2695, -130.312, 18.2438, 113.029, 0.00391012, -15.7421, 0.0551337, -13.7467, 0.0384958, -169.584
3989, 66.48333, 7.63568, 172.233, 27.3182, -130.565, 18.2924, 112.824, 0.00392883, -15.9353, 0.0551776, -13.9808, 0.038534, -169.768
3990, 66.49167, 7.65113, 171.99, 27.3666, -130.819, 18.341, 112.618, 0.00394761, -16.1294, 0.0552209, -14.2157, 0.0385719, -169.953
3990, 66.50000, 7.66652, 171.746, 27.4148, -131.075, 18.3895, 112.411, 0.00396645, -16.3245, 0.0552635, -14.4515, 0.0386095, -170.139
3991, 66.50833, 7.68183, 171.501, 27.4627, -131.33, 18.438, 112.203, 0.00398535, -16.5206, 0.0553054, -14.6881, 0.0386468, -170.326
3991, 66.51667, 7.69708, 171.255, 27.5103, -131.587, 18.4864, 111.994, 0.00400432, -16.7177, 0.0553467, -14.9255, 0.0386838, -170.513
3992, 66.52500, 7.71226, 171.009, 27.5577, -131.845, 18.5347, 111.784, 0.00402334, -16.9157, 0.0553873, -15.1638, 0.0387206, -170.702
3992, 66.53333, 7.72736, 170.762, 27.6047, -132.103, 18.583, 111.573, 0.00404243, -17.1148, 0.0554272, -15.4028, 0.038757, -170.891
3993, 66.54166, 7.74239, 170.515, 27.6515, -132.363, 18.6312, 111.361, 0.00406158, -17.3149, 0.0554665, -15.6428, 0.038793, -171.081
3993, 66.55000, 7.75734, 170.266, 27.698, -132.623, 18.6793, 111.149, 0.00408079, -17.5159, 0.055505, -15.8835, 0.0388288, -171.271
3994, 66.55833, 7.77221, 170.017, 27.7442, -132.884, 18.7273, 110.935, 0.00410006, -17.718, 0.0555428, -16.125, 0.0388642, -171.463
3994, 66.56667, 7.787, 169.768, 27.79, -133.145, 18.7753, 110.72, 0.00411939, -17.921, 0.0555799, -16.3673, 0.0388993, -171.655
3995, 66.57500, 7.80171, 169.517, 27.8356, -133.408, 18.8232, 110.505, 0.00413878, -18.1251, 0.0556162, -16.6105, 0.038934, -171.848
3995, 66.58334, 7.81634, 169.266, 27.8808, -133.672, 18.871, 110.289, 0.00415823, -18.3301, 0.0556518, -16.8544, 0.0389684, -172.042
3996, 66.59167, 7.83088, 169.015, 27.9257, -133.936, 18.9186, 110.071, 0.00417774, -18.5361, 0.0556866, -17.0992, 0.0390024, -172.237
3996, 66.60000, 7.84534, 168.762, 27.9703, -134.201, 18.9662, 109.853, 0.0041973, -18.7431, 0.0557207, -17.3448, 0.0390361, -172.433
3997, 66.60833, 7.8597, 168.509, 28.0145, -134.467, 19.0137, 109.634, 0.00421692, -18.9511, 0.055754, -17.5912, 0.0390694, -172.629
3997, 66.61667, 7.87398, 168.256, 28.0584, -134.734, 19.0611, 109.413, 0.00423659, -19.1601, 0.0557865, -17.8384, 0.0391023, -172.827
3998, 66.62500, 7.88817, 168.001, 28.1019, -135.002, 19.1083, 109.192, 0.00425632, -19.3701, 0.0558182, -18.0864, 0.0391348, -173.025
3998, 66.63333, 7.90226, 167.746, 28.145, -135.27, 19.1555, 108.97, 0.00427611, -19.5811, 0.0558491, -18.3352, 0.039167, -173.223
3999, 66.64167, 7.91625, 167.491, 28.1878, -135.539, 19.2025, 108.747, 0.00429595, -19.7931, 0.0558791, -18.5848, 0.0391987, -173.423
3999, 66.65000, 7.93015, 167.234, 28.2302, -135.809, 19.2494, 108.523, 0.00431584, -20.006, 0.0559084, -18.8352, 0.03923, -173.623
4000, 66.65833, 7.94394, 166.977, 28.2723, -136.08, 19.2962, 108.299, 0.00433579, -20.22, 0.0559368, -19.0864, 0.039261, -173.825
4000, 66.66666, 7.95764, 166.72, 28.314, -136.352, 19.3428, 108.073, 0.00435578, -20.435, 0.0559644, -19.3384, 0.0392915, -174.027
4001, 66.67500, 7.97123, 166.461, 28.3552, -136.625, 19.3893, 107.846, 0.00437583, -20.6509, 0.055991, -19.5911, 0.0393216, -174.23
4001, 66.68333, 7.98472, 166.203, 28.3961, -136.898, 19.4356, 107.619, 0.00439593, -20.8678, 0.0560169, -19.8447, 0.0393512, -174.433
4002, 66.69167, 7.9981, 165.943, 28.4366, -137.172, 19.4818, 107.39, 0.00441608, -21.0857, 0.0560418, -20.099, 0.0393805, -174.638
4002, 66.70000, 8.01137, 165.683, 28.4766, -137.447, 19.5278, 107.161, 0.00443627, -21.3046, 0.0560659, -20.3541, 0.0394092, -174.843
4003, 66.70834, 8.02453, 165.422, 28.5163, -137.723, 19.5737, 106.93, 0.00445652, -21.5245, 0.0560891, -20.61, 0.0394376, -175.049
4003, 66.71667, 8.03758, 165.161, 28.5555, -137.999, 19.6194, 106.699, 0.00447681, -21.7454, 0.0561113, -20.8666, 0.0394654, -175.256
4004, 66.72500, 8.05052, 164.899, 28.5943, -138.277, 19.665, 106.467, 0.00449715, -21.9672, 0.0561326, -21.124, 0.0394929, -175.463
4004, 66.73333, 8.06334, 164.636, 28.6326, -138.555, 19.7104, 106.234, 0.00451753, -22.19, 0.0561531, -21.3822, 0.0395198, -175.672
4005, 66.74167, 8.07604, 164.373, 28.6705, -138.834, 19.7556, 106, 0.00453796, -22.4138, 0.0561725, -21.6411, 0.0395463, -175.881
4005, 66.75000, 8.08862, 164.11, 28.708, -139.113, 19.8006, 105.765, 0.00455843, -22.6386, 0.056191, -21.9008, 0.0395723, -176.091
4005, 66.75833, 8.10108, 163.845, 28.745, -139.394, 19.8454, 105.529, 0.00457895, -22.8643, 0.0562086, -22.1612, 0.0395977, -176.301
4006, 66.76667, 8.11342, 163.58, 28.7815, -139.675, 19.89, 105.293, 0.0045995, -23.0911, 0.0562252, -22.4224, 0.0396227, -176.513
4007, 66.77500, 8.12563, 163.315, 28.8176, -139.957, 19.9345, 105.055, 0.0046201, -23.3188, 0.0562408, -22.6843, 0.0396472, -176.725
4007, 66.78333, 8.13772, 163.049, 28.8532, -140.24, 19.9787, 104.817, 0.00464074, -23.5474, 0.0562554, -22.947, 0.0396712, -176.938
4008, 66.79166, 8.14967, 162.782, 28.8883, -140.523, 20.0227, 104.577, 0.00466142, -23.777, 0.056269, -23.2104, 0.0396947, -177.152
4008, 66.80000, 8.1615, 162.515, 28.9229, -140.808, 20.0665, 104.337, 0.00468213, -24.0076, 0.0562816, -23.4745, 0.0397176, -177.366
4009, 66.80833, 8.17319, 162.248, 28.957, -141.093, 20.1101, 104.096, 0.00470288, -24.2392, 0.0562932, -23.7394, 0.0397401, -177.582
4009, 66.81667, 8.18475, 161.979, 28.9906, -141.378, 20.1535, 103.854, 0.00472367, -24.4717, 0.0563038, -24.0049, 0.0397619, -177.798
4010, 66.82500, 8.19617, 161.711, 29.0237, -141.665, 20.1967, 103.611, 0.0047445, -24.7051, 0.0563133, -24.2712, 0.0397833, -178.014
4010, 66.83334, 8.20745, 161.441, 29.0563, -141.952, 20.2396, 103.368, 0.00476535, -24.9395, 0.0563218, -24.5382, 0.0398041, -178.232
4011, 66.84167, 8.21859, 161.172, 29.0884, -142.24, 20.2822, 103.123, 0.00478625, -25.1749, 0.0563292, -24.8059, 0.0398243, -178.45
4011, 66.85000, 8.22959, 160.901, 29.12, -142.529, 20.3247, 102.878, 0.00480717, -25.4112, 0.0563355, -25.0743, 0.039844, -178.669
4012, 66.85833, 8.24045, 160.631, 29.151, -142.818, 20.3668, 102.632, 0.00482812, -25.6484, 0.0563408, -25.3433, 0.0398631, -178.889
4012, 66.86667, 8.25116, 160.359, 29.1815, -143.108, 20.4088, 102.385, 0.00484911, -25.8867, 0.056345, -25.6131, 0.0398816, -179.11
4013, 66.87500, 8.26173, 160.088, 29.2114, -143.399, 20.4505, 102.137, 0.00487012, -26.1258, 0.0563481, -25.8836, 0.0398995, -179.331
4013, 66.88333, 8.27214, 159.815, 29.2407, -143.69, 20.4919, 101.888, 0.00489116, -26.3658, 0.0563501, -26.1547, 0.0399169, -179.553
4013, 66.89167, 8.28241, 159.543, 29.2696, -143.982, 20.533, 101.638, 0.00491223, -26.6068, 0.0563509, -26.4265, 0.0399336, -179.775
4014, 66.90000, 8.29252, 159.269, 29.2978, -144.275, 20.5739, 101.388, 0.00493332, -26.8487, 0.0563507, -26.6989, 0.0399498, -179.999
4015, 66.90833, 8.30247, 158.996, 29.3255, -144.569, 20.6144, 101.137, 0.00495443, -27.0915, 0.0563493, -26.972, 0.0399653, 179.777
4015, 66.91666, 8.31228, 158.722, 29.3526, -144.863, 20.6547, 100.885, 0.00497558, -27.3353, 0.0563468, -27.2458, 0.0399802, 179.552
4016, 66.92500, 8.32192, 158.447, 29.3791, -145.158, 20.6948, 100.632, 0.00499674, -27.5799, 0.0563431, -27.5202, 0.0399946, 179.327
4016, 66.93333, 8.3314, 158.172, 29.405, -145.453, 20.7345, 100.378, 0.00501792, -27.8255, 0.0563383, -27.7952, 0.0400082, 179.101
4017, 66.94167, 8.34072, 157.897, 29.4303, -145.749, 20.7739, 100.124, 0.00503912, -28.072, 0.0563323, -28.0709, 0.0400213, 178.874
4017, 66.95000, 8.34988, 157.621, 29.455, -146.046, 20.813, 99.8684, 0.00506034, -28.3194, 0.0563251, -28.3472, 0.0400337, 178.646
4018, 66.95834, 8.35888, 157.345, 29.4791, -146.344, 20.8518, 99.6123, 0.00508158, -28.5676, 0.0563168, -28.6241, 0.0400455, 178.418
4018, 66.96667, 8.3677, 157.069, 29.5026, -146.642, 20.8903, 99.3555, 0.00510283, -28.8168, 0.0563073, -28.9016, 0.0400566, 178.189
4019, 66.97500, 8.37636, 156.792, 29.5255, -146.94, 20.9284, 99.0979, 0.0051241, -29.0668, 0.0562965, -29.1797, 0.040067, 177.959
4019, 66.98333, 8.38485, 156.515, 29.5477, -147.24, 20.9663, 98.8396, 0.00514538, -29.3177, 0.0562846, -29.4584, 0.0400768, 177.729
4020, 66.99167, 8.39317, 156.237, 29.5693, -147.54, 21.0038, 98.5804, 0.00516668, -29.5695, 0.0562714, -29.7378, 0.0400859, 177.498
4020, 67.00000, 8.40131, 155.959, 29.5903, -147.84, 21.0409, 98.3205, 0.00518798, -29.8222, 0.0562571, -30.0176, 0.0400944, 177.267
4021, 67.00833, 8.40928, 155.681, 29.6106, -148.141, 21.0778, 98.0599, 0.00520929, -30.0757, 0.0562415, -30.2981, 0.0401021, 177.035
4021, 67.01667, 8.41707, 155.402, 29.6302, -148.443, 21.1142, 97.7985, 0.00523062, -30.3301, 0.0562246, -30.5791, 0.0401092, 176.802
4021, 67.02500, 8.42468, 155.123, 29.6492, -148.745, 21.1504, 97.5364, 0.00525195, -30.5854, 0.0562065, -30.8607, 0.0401156, 176.568
4022, 67.03333, 8.43212, 154.844, 29.6676, -149.048, 21.1861, 97.2736, 0.00527328, -30.8415, 0.0561872, -31.1428, 0.0401212, 176.334
4023, 67.04166, 8.43937, 154.564, 29.6853, -149.351, 21.2215, 97.01, 0.00529462, -31.0984, 0.0561666, -31.4254, 0.0401262, 176.099
4023, 67.05000, 8.44644, 154.284, 29.7023, -149.655, 21.2566, 96.7457, 0.00531596, -31.3562, 0.0561448, -31.7086, 0.0401305, 175.864
4024, 67.05833, 8.45333, 154.004, 29.7186, -149.96, 21.2912, 96.4807, 0.00533731, -31.6148, 0.0561217, -31.9923, 0.040134, 175.628
4024, 67.06667, 8.46003, 153.724, 29.7342, -150.265, 21.3255, 96.215, 0.00535865, -31.8742, 0.0560973, -32.2765, 0.0401369, 175.391
4025, 67.07500, 8.46655, 153.443, 29.7492, -150.57, 21.3594, 95.9487, 0.00537999, -32.1345, 0.0560716, -32.5612, 0.040139, 175.154
4025, 67.08334, 8.47287, 153.162, 29.7634, -150.876, 21.3929, 95.6816, 0.00540133, -32.3955, 0.0560446, -32.8464, 0.0401403, 174.916
4026, 67.09167, 8.47901, 152.881, 29.777, -151.183, 21.4261, 95.4138, 0.00542267, -32.6574, 0.0560164, -33.1321, 0.040141, 174.678
4026, 67.10000, 8.48495, 152.6, 29.7898, -151.49, 21.4588, 95.1454, 0.005444, -32.9201, 0.0559868, -33.4183, 0.0401409, 174.439
4027, 67.10833, 8.49071, 152.318, 29.8019, -151.798, 21.4911, 94.8764, 0.00546532, -33.1835, 0.0559559, -33.7049, 0.04014, 174.2
4027, 67.11667, 8.49627, 152.036, 29.8134, -152.106, 21.523, 94.6066, 0.00548664, -33.4478, 0.0559238, -33.9921, 0.0401384, 173.96
4028, 67.12500, 8.50163, 151.754, 29.8241, -152.414, 21.5545, 94.3363, 0.00550795, -33.7128, 0.0558903, -34.2796, 0.040136, 173.719
4028, 67.13333, 8.5068, 151.472, 29.834, -152.723, 21.5856, 94.0653, 0.00552924, -33.9786, 0.0558555, -34.5676, 0.0401329, 173.478
4029, 67.14167, 8.51177, 151.19, 29.8433, -153.032, 21.6163, 93.7936, 0.00555053, -34.2452, 0.0558193, -34.856, 0.0401291, 173.236
4029, 67.15000, 8.51654, 150.908, 29.8518, -153.342, 21.6465, 93.5214, 0.0055718, -34.5125, 0.0557819, -35.1448, 0.0401244, 172.994
4029, 67.15833, 8.52111, 150.625, 29.8596, -153.652, 21.6764, 93.2485, 0.00559305, -34.7806, 0.0557431, -35.434, 0.040119, 172.751
4030, 67.16666, 8.52548, 150.343, 29.8666, -153.963, 21.7057, 92.9751, 0.00561429, -35.0494, 0.0557029, -35.7237, 0.0401128, 172.508
4031, 67.17500, 8.52965, 150.06, 29.8729, -154.274, 21.7347, 92.701, 0.00563551, -35.3189, 0.0556614, -36.0137, 0.0401058, 172.264
4031, 67.18333, 8.53361, 149.777, 29.8784, -154.585, 21.7631, 92.4264, 0.00565671, -35.5892, 0.0556186, -36.3041, 0.040098, 172.02
4032, 67.19167, 8.53737, 149.494, 29.8832, -154.897, 21.7912, 92.1511, 0.00567789, -35.8602, 0.0555744, -36.5949, 0.0400895, 171.775
4032, 67.20000, 8.54093, 149.211, 29.8872, -155.209, 21.8188, 91.8754, 0.00569905, -36.1319, 0.0555289, -36.886, 0.0400801, 171.53
4033, 67.20834, 8.54428, 148.928, 29.8905, -155.522, 21.8459, 91.5991, 0.00572018, -36.4044, 0.055482, -37.1775, 0.04007, 171.284
4033, 67.21667, 8.54742, 148.645, 29.893, -155.835, 21.8726, 91.3222, 0.00574129, -36.6775, 0.0554338, -37.4693, 0.040059, 171.038
4034, 67.22500, 8.55035, 148.362, 29.8947, -156.148, 21.8988, 91.0448, 0.00576238, -36.9513, 0.0553842, -37.7614, 0.0400473, 170.791
4034, 67.23333, 8.55308, 148.079, 29.8957, -156.462, 21.9245, 90.7668, 0.00578343, -37.2258, 0.0553333, -38.0538, 0.0400347, 170.544
4035, 67.24167, 8.5556, 147.795, 29.8959, -156.776, 21.9497, 90.4883, 0.00580446, -37.501, 0.0552809, -38.3466, 0.0400214, 170.297
4035, 67.25000, 8.5579, 147.512, 29.8953, -157.09, 21.9745, 90.2094, 0.00582545, -37.7768, 0.0552272, -38.6396, 0.0400072, 170.049
4036, 67.25833, 8.55999, 147.229, 29.8939, -157.404, 21.9988, 89.9299, 0.00584641, -38.0533, 0.0551722, -38.9329, 0.0399922, 169.8
4036, 67.26667, 8.56188, 146.946, 29.8917, -157.719, 22.0226, 89.6499, 0.00586734, -38.3304, 0.0551158, -39.2265, 0.0399764, 169.552
4037, 67.27500, 8.56355, 146.663, 29.8888, -158.034, 22.0459, 89.3695, 0.00588823, -38.6082, 0.055058, -39.5204, 0.0399598, 169.302
4037, 67.28333, 8.565, 146.38, 29.885, -158.35, 22.0687, 89.0886, 0.00590909, -38.8866, 0.0549988, -39.8144, 0.0399423, 169.053
4037, 67.29166, 8.56625, 146.097, 29.8805, -158.665, 22.0911, 88.8073, 0.0059299, -39.1657, 0.0549382, -40.1088, 0.0399241, 168.803
4038, 67.30000, 8.56728, 145.815, 29.8751, -158.981, 22.1129, 88.5255, 0.00595068, -39.4453, 0.0548763, -40.4033, 0.039905, 168.553
4039, 67.30833, 8.56809, 145.532, 29.869, -159.297, 22.1342, 88.2432, 0.00597142, -39.7255, 0.0548131, -40.698, 0.039885, 168.302
4039, 67.31667, 8.56869, 145.25, 29.8621, -159.613, 22.155, 87.9605, 0.00599211, -40.0064, 0.0547484, -40.993, 0.0398643, 168.051
4040, 67.32500, 8.56907, 144.967, 29.8544, -159.93, 22.1753, 87.6775, 0.00601276, -40.2879, 0.0546824, -41.2881, 0.0398427, 167.799
4040, 67.33334, 8.56924, 144.685, 29.8458, -160.246, 22.195, 87.394, 0.00603337, -40.5699, 0.054615, -41.5834, 0.0398202, 167.548
4041, 67.34167, 8.56919, 144.403, 29.8365, -160.563, 22.2143, 87.1101, 0.00605393, -40.8525, 0.0545462, -41.8789, 0.039797, 167.296
4041, 67.35000, 8.56893, 144.121, 29.8263, -160.88, 22.233, 86.8258, 0.00607444, -41.1356, 0.0544761, -42.1745, 0.0397729, 167.043
4042, 67.35833, 8.56844, 143.84, 29.8154, -161.197, 22.2512, 86.5412, 0.0060949, -41.4193, 0.0544046, -42.4703, 0.0397479, 166.79
4042, 67.36667, 8.56775, 143.558, 29.8036, -161.515, 22.2689, 86.2562, 0.00611532, -41.7036, 0.0543317, -42.7662, 0.0397221, 166.537
4043, 67.37500, 8.56683, 143.277, 29.791, -161.832, 22.286, 85.9708, 0.00613567, -41.9883, 0.0542575, -43.0621, 0.0396955, 166.284
4043, 67.38333, 8.5657, 142.996, 29.7777, -162.149, 22.3026, 85.6851, 0.00615598, -42.2736, 0.0541819, -43.3582, 0.0396681, 166.03
4044, 67.39167, 8.56435, 142.716, 29.7635, -162.467, 22.3187, 85.3991, 0.00617623, -42.5595, 0.0541049, -43.6544, 0.0396397, 165.777
4044, 67.40000, 8.56278, 142.435, 29.7484, -162.785, 22.3342, 85.1128, 0.00619642, -42.8458, 0.0540266, -43.9507, 0.0396106, 165.522
4045, 67.40833, 8.56099, 142.155, 29.7326, -163.102, 22.3492, 84.8261, 0.00621656, -43.1326, 0.0539469, -44.247, 0.0395806, 165.268
4045, 67.41666, 8.55899, 141.876, 29.716, -163.42, 22.3637, 84.5392, 0.00623664, -43.4199, 0.0538659, -44.5433, 0.0395498, 165.013
4045, 67.42500, 8.55677, 141.596, 29.6985, -163.738, 22.3776, 84.2519, 0.00625666, -43.7077, 0.0537835, -44.8397, 0.0395181, 164.759
4046, 67.43333, 8.55434, 141.317, 29.6803, -164.056, 22.3909, 83.9644, 0.00627661, -43.9959, 0.0536998, -45.1361, 0.0394856, 164.504
4047, 67.44167, 8.55168, 141.038, 29.6612, -164.374, 22.4037, 83.6767, 0.00629651, -44.2846, 0.0536148, -45.4326, 0.0394522, 164.248
4047, 67.45000, 8.54881, 140.76, 29.6413, -164.692, 22.4159, 83.3886, 0.00631633, -44.5738, 0.0535284, -45.729, 0.039418, 163.993
4048, 67.45834, 8.54573, 140.482, 29.6206, -165.01, 22.4276, 83.1004, 0.0063361, -44.8634, 0.0534407, -46.0254, 0.039383, 163.737
4048, 67.46667, 8.54243, 140.205, 29.599, -165.328, 22.4387, 82.8119, 0.00635579, -45.1534, 0.0533516, -46.3218, 0.0393471, 163.481
4049, 67.47500, 8.53891, 139.928, 29.5767, -165.646, 22.4493, 82.5232, 0.00637542, -45.4438, 0.0532613, -46.6181, 0.0393104, 163.225
4049, 67.48333, 8.53518, 139.651, 29.5536, -165.963, 22.4592, 82.2343, 0.00639498, -45.7347, 0.0531696, -46.9144, 0.0392728, 162.969
4050, 67.49167, 8.53124, 139.375, 29.5296, -166.281, 22.4687, 81.9452, 0.00641447, -46.0259, 0.0530766, -47.2106, 0.0392344, 162.713
4050, 67.50000, 8.52708, 139.099, 29.5048, -166.599, 22.4775, 81.6559, 0.00643389, -46.3176, 0.0529823, -47.5067, 0.0391952, 162.456
4051, 67.50833, 8.52271, 138.824, 29.4792, -166.917, 22.4858, 81.3665, 0.00645323, -46.6096, 0.0528867, -47.8027, 0.0391551, 162.2
4051, 67.51667, 8.51812, 138.549, 29.4528, -167.234, 22.4936, 81.0769, 0.00647251, -46.902, 0.0527898, -48.0987, 0.0391142, 161.943
4052, 67.52500, 8.51333, 138.275, 29.4256, -167.552, 22.5007, 80.7871, 0.0064917, -47.1947, 0.0526916, -48.3945, 0.0390725, 161.686
4052, 67.53333, 8.50832, 138.002, 29.3976, -167.869, 22.5073, 80.4973, 0.00651082, -47.4878, 0.0525922, -48.6901, 0.0390299, 161.429
4053, 67.54166, 8.5031, 137.729, 29.3688, -168.186, 22.5133, 80.2072, 0.00652986, -47.7812, 0.0524914, -48.9857, 0.0389865, 161.172
4053, 67.55000, 8.49768, 137.456, 29.3392, -168.503, 22.5187, 79.9171, 0.00654882, -48.075, 0.0523894, -49.281, 0.0389423, 160.915
4053, 67.55833, 8.49204, 137.184, 29.3088, -168.82, 22.5236, 79.6269, 0.00656771, -48.3691, 0.0522862, -49.5762, 0.0388973, 160.658
4054, 67.56667, 8.4862, 136.913, 29.2776, -169.136, 22.5279, 79.3366, 0.00658651, -48.6635, 0.0521817, -49.8712, 0.0388514, 160.4
4055, 67.57500, 8.48015, 136.642, 29.2456, -169.453, 22.5316, 79.0462, 0.00660523, -48.9582, 0.0520759, -50.1659, 0.0388047, 160.143
4055, 67.58334, 8.4739, 136.372, 29.2128, -169.769, 22.5347, 78.7558, 0.00662387, -49.2532, 0.051969, -50.4605, 0.0387573, 159.886
4056, 67.59167, 8.46744, 136.103, 29.1793, -170.085, 22.5373, 78.4652, 0.00664242, -49.5484, 0.0518608, -50.7549, 0.038709, 159.629
4056, 67.60000, 8.46078, 135.834, 29.1449, -170.401, 22.5393, 78.1747, 0.00666089, -49.844, 0.0517513, -51.0489, 0.0386599, 159.371
4057, 67.60833, 8.45392, 135.566, 29.1098, -170.716, 22.5407, 77.8841, 0.00667927, -50.1398, 0.0516407, -51.3428, 0.03861, 159.114
4057, 67.61667, 8.44685, 135.299, 29.0738, -171.032, 22.5415, 77.5935, 0.00669757, -50.4358, 0.0515289, -51.6364, 0.0385592, 158.856
4058, 67.62500, 8.43959, 135.033, 29.0371, -171.347, 22.5417, 77.3029, 0.00671578, -50.7321, 0.0514158, -51.9296, 0.0385077, 158.599
4058, 67.63333, 8.43213, 134.767, 28.9997, -171.661, 22.5414, 77.0123, 0.0067339, -51.0286, 0.0513016, -52.2226, 0.0384554, 158.342
4059, 67.64167, 8.42447, 134.502, 28.9614, -171.976, 22.5405, 76.7217, 0.00675193, -51.3254, 0.0511863, -52.5153, 0.0384023, 158.084
4059, 67.65000, 8.41661, 134.238, 28.9224, -172.29, 22.539, 76.4312, 0.00676986, -51.6223, 0.0510697, -52.8076, 0.0383485, 157.827
4060, 67.65833, 8.40857, 133.974, 28.8826, -172.604, 22.5369, 76.1407, 0.00678771, -51.9195, 0.050952, -53.0997, 0.0382938, 157.57
4060, 67.66666, 8.40032, 133.711, 28.8421, -172.917, 22.5342, 75.8502, 0.00680546, -52.2169, 0.0508332, -53.3913, 0.0382384, 157.313
4061, 67.67500, 8.39189, 133.45, 28.8008, -173.23, 22.531, 75.5598, 0.00682312, -52.5144, 0.0507132, -53.6826, 0.0381821, 157.056
4061, 67.68333, 8.38327, 133.189, 28.7587, -173.543, 22.5272, 75.2695, 0.00684069, -52.8121, 0.0505922, -53.9735, 0.0381252, 156.799
4061, 67.69167, 8.37446, 132.928, 28.716, -173.855, 22.5228, 74.9792, 0.00685816, -53.11, 0.05047, -54.2641, 0.0380674, 156.542
4062, 67.70000, 8.36547, 132.669, 28.6724, -174.167, 22.5178, 74.6891, 0.00687553, -53.408, 0.0503467, -54.5542, 0.0380089, 156.285
4063, 67.70834, 8.35629, 132.411, 28.6282, -174.478, 22.5123, 74.3991, 0.00689281, -53.7062, 0.0502223, -54.8439, 0.0379496, 156.029
4063, 67.71667, 8.34692, 132.153, 28.5832, -174.79, 22.5062, 74.1091, 0.00690999, -54.0045, 0.0500968, -55.1332, 0.0378896, 155.772
4064, 67.72500, 8.33738, 131.897, 28.5374, -175.1, 22.4995, 73.8194, 0.00692707, -54.303, 0.0499703, -55.422, 0.0378289, 155.516
4064, 67.73333, 8.32766, 131.641, 28.491, -175.41, 22.4923, 73.5297, 0.00694406, -54.6015, 0.0498428, -55.7104, 0.0377674, 155.259
4065, 67.74167, 8.31776, 131.387, 28.4438, -175.72, 22.4844, 73.2402, 0.00696094, -54.9002, 0.0497141, -55.9983, 0.0377051, 155.003
4065, 67.75000, 8.30769, 131.133, 28.3959, -176.029, 22.4761, 72.9509, 0.00697773, -55.1989, 0.0495845, -56.2857, 0.0376422, 154.747
4066, 67.75833, 8.29744, 130.88, 28.3473, -176.338, 22.4671, 72.6618, 0.00699441, -55.4978, 0.0494538, -56.5726, 0.0375785, 154.491
4066, 67.76667, 8.28702, 130.629, 28.2981, -176.646, 22.4576, 72.3728, 0.00701099, -55.7967, 0.0493222, -56.859, 0.0375141, 154.236
4066, 67.77500, 8.27643, 130.378, 28.2481, -176.954, 22.4475, 72.0841, 0.00702747, -56.0957, 0.0491895, -57.1449, 0.037449, 153.98
4067, 67.78333, 8.26567, 130.128, 28.1974, -177.261, 22.4368, 71.7955, 0.00704384, -56.3948, 0.0490559, -57.4302, 0.0373831, 153.725
4068, 67.79166, 8.25475, 129.88, 28.146, -177.568, 22.4256, 71.5072, 0.00706012, -56.6939, 0.0489213, -57.715, 0.0373166, 153.47
4068, 67.80000, 8.24367, 129.632, 28.094, -177.874, 22.4138, 71.2191, 0.00707629, -56.9931, 0.0487857, -57.9992, 0.0372494, 153.215
4069, 67.80833, 8.23242, 129.386, 28.0413, -178.179, 22.4015, 70.9312, 0.00709235, -57.2922, 0.0486492, -58.2829, 0.0371815, 152.961
4069, 67.81667, 8.22102, 129.14, 27.9879, -178.484, 22.3886, 70.6436, 0.00710831, -57.5915, 0.0485118, -58.566, 0.0371129, 152.706
4069, 67.82500, 8.20946, 128.896, 27.9338, -178.788, 22.3752, 70.3563, 0.00712416, -57.8907, 0.0483735, -58.8484, 0.0370436, 152.452
4070, 67.83334, 8.19775, 128.653, 27.8791, -179.092, 22.3612, 70.0692, 0.00713991, -58.19, 0.0482343, -59.1303, 0.0369737, 152.199
4071, 67.84167, 8.18588, 128.411, 27.8238, -179.395, 22.3466, 69.7824, 0.00715555, -58.4892, 0.0480941, -59.4115, 0.0369031, 151.945
4071, 67.85000, 8.17387, 128.17, 27.7678, -179.697, 22.3315, 69.4959, 0.00717109, -58.7885, 0.0479531, -59.6921, 0.0368318, 151.692
4072, 67.85833, 8.16171, 127.931, 27.7112, -179.999, 22.3159, 69.2098, 0.00718651, -59.0877, 0.0478113, -59.972, 0.0367599, 151.439
4072, 67.86667, 8.1494, 127.692, 27.6539, 179.7, 22.2997, 68.9239, 0.00720183, -59.3869, 0.0476686, -60.2513, 0.0366873, 151.186
4073, 67.87500, 8.13695, 127.455, 27.596, 179.4, 22.283, 68.6383, 0.00721704, -59.6861, 0.047525, -60.5299, 0.0366142, 150.934
4073, 67.88333, 8.12436, 127.219, 27.5376, 179.1, 22.2658, 68.3531, 0.00723215, -59.9852, 0.0473807, -60.8077, 0.0365403, 150.681
4074, 67.89167, 8.11163, 126.984, 27.4784, 178.801, 22.248, 68.0683, 0.00724714, -60.2843, 0.0472355, -61.085, 0.0364659, 150.43
4074, 67.90000, 8.09877, 126.751, 27.4187, 178.503, 22.2297, 67.7838, 0.00726203, -60.5833, 0.0470896, -61.3614, 0.0363908, 150.178
4074, 67.90833, 8.08578, 126.519, 27.3584, 178.205, 22.2108, 67.4997, 0.0072768, -60.8822, 0.0469429, -61.6372, 0.0363152, 149.927
4075, 67.91666, 8.07266, 126.288, 27.2976, 177.908, 22.1914, 67.2159, 0.00729147, -61.1811, 0.0467954, -61.9122, 0.0362389, 149.676
4076, 67.92500, 8.05941, 126.058, 27.2361, 177.612, 22.1716, 66.9325, 0.00730603, -61.4799, 0.0466472, -62.1865, 0.036162, 149.426
4076, 67.93333, 8.04603, 125.829, 27.174, 177.317, 22.1511, 66.6496, 0.00732047, -61.7786, 0.0464982, -62.4599, 0.0360846, 149.176
4077, 67.94167, 8.03254, 125.602, 27.1114, 177.022, 22.1302, 66.367, 0.00733481, -62.0773, 0.0463485, -62.7327, 0.0360065, 148.926
4077, 67.95000, 8.01892, 125.377, 27.0483, 176.729, 22.1088, 66.0848, 0.00734903, -62.3758, 0.0461982, -63.0046, 0.0359279, 148.676
4078, 67.95834, 8.00519, 125.152, 26.9845, 176.436, 22.0868, 65.8031, 0.00736315, -62.6741, 0.0460471, -63.2757, 0.0358487, 148.427
4078, 67.96667, 7.99134, 124.929, 26.9203, 176.144, 22.0644, 65.5218, 0.00737715, -62.9724, 0.0458954, -63.5461, 0.035769, 148.179
4079, 67.97500, 7.97739, 124.707, 26.8555, 175.852, 22.0414, 65.241, 0.00739105, -63.2706, 0.045743, -63.8156, 0.0356887, 147.931
4079, 67.98333, 7.96332, 124.487, 26.7902, 175.562, 22.0179, 64.9606, 0.00740483, -63.5686, 0.0455899, -64.0842, 0.0356079, 147.683
4080, 67.99167, 7.94915, 124.268, 26.7243, 175.272, 21.994, 64.6806, 0.0074185, -63.8665, 0.0454363, -64.3521, 0.0355265, 147.435
4080, 68.00000, 7.93488, 124.051, 26.6579, 174.984, 21.9695, 64.4012, 0.00743206, -64.1642, 0.045282, -64.619, 0.0354446, 147.188
4081, 68.00833, 7.92051, 123.835, 26.5911, 174.696, 21.9446, 64.1222, 0.00744551, -64.4618, 0.0451271, -64.8851, 0.0353622, 146.942
4081, 68.01667, 7.90604, 123.62, 26.5237, 174.409, 21.9192, 63.8437, 0.00745885, -64.7592, 0.0449716, -65.1503, 0.0352792, 146.695
4082, 68.02500, 7.89147, 123.407, 26.4558, 174.123, 21.8933, 63.5657, 0.00747207, -65.0565, 0.0448156, -65.4146, 0.0351958, 146.45
4082, 68.03333, 7.87682, 123.195, 26.3875, 173.838, 21.8669, 63.2883, 0.00748519, -65.3535, 0.044659, -65.6781, 0.0351119, 146.204
4082, 68.04166, 7.86207, 122.985, 26.3187, 173.553, 21.84, 63.0113, 0.00749819, -65.6505, 0.0445019, -65.9406, 0.0350274, 145.96
4083, 68.05000, 7.84724, 122.776, 26.2494, 173.27, 21.8127, 62.7348, 0.00751108, -65.9472, 0.0443442, -66.2022, 0.0349425, 145.715
4084, 68.05833, 7.83233, 122.569, 26.1796, 172.988, 21.7849, 62.4589, 0.00752386, -66.2437, 0.0441861, -66.4628, 0.0348571, 145.471
4084, 68.06667, 7.81734, 122.363, 26.1094, 172.706, 21.7566, 62.1835, 0.00753653, -66.54, 0.0440274, -66.7225, 0.0347713, 145.228
4085, 68.07500, 7.80227, 122.159, 26.0388, 172.426, 21.7279, 61.9087, 0.00754909, -66.8361, 0.0438683, -66.9812, 0.0346849, 144.985
4085, 68.08334, 7.78713, 121.956, 25.9677, 172.146, 21.6987, 61.6345, 0.00756153, -67.132, 0.0437086, -67.239, 0.0345982, 144.742
4086, 68.09167, 7.77191, 121.755, 25.8962, 171.868, 21.6691, 61.3608, 0.00757387, -67.4277, 0.0435486, -67.4958, 0.034511, 144.5
4086, 68.10000, 7.75663, 121.555, 25.8243, 171.59, 21.639, 61.0877, 0.00758609, -67.7231, 0.0433881, -67.7516, 0.0344233, 144.259
4087, 68.10833, 7.74129, 121.357, 25.752, 171.314, 21.6085, 60.8151, 0.00759821, -68.0184, 0.0432272, -68.0064, 0.0343352, 144.018
4087, 68.11667, 7.72587, 121.16, 25.6792, 171.039, 21.5776, 60.5432, 0.00761021, -68.3134, 0.0430658, -68.2602, 0.0342467, 143.777
4088, 68.12500, 7.71041, 120.965, 25.6061, 170.764, 21.5462, 60.2718, 0.0076221, -68.6081, 0.0429041, -68.513, 0.0341578, 143.537
4088, 68.13333, 7.69488, 120.772, 25.5326, 170.491, 21.5144, 60.0011, 0.00763388, -68.9026, 0.0427421, -68.7647, 0.0340685, 143.298
4089, 68.14167, 7.6793, 120.58, 25.4587, 170.218, 21.4821, 59.731, 0.00764556, -69.1969, 0.0425796, -69.0154, 0.0339788, 143.059
4089, 68.15000, 7.66368, 120.39, 25.3844, 169.947, 21.4495, 59.4615, 0.00765712, -69.4909, 0.0424168, -69.2651, 0.0338886, 142.821
4090, 68.15833, 7.648, 120.201, 25.3098, 169.677, 21.4164, 59.1926, 0.00766857, -69.7846, 0.0422537, -69.5137, 0.0337982, 142.583
4090, 68.16666, 7.63228, 120.014, 25.2348, 169.408, 21.3829, 58.9243, 0.00767991, -70.0781, 0.0420902, -69.7612, 0.0337073, 142.345
4090, 68.17500, 7.61652, 119.829, 25.1594, 169.14, 21.349, 58.6567, 0.00769114, -70.3712, 0.0419265, -70.0076, 0.033616, 142.109
4091, 68.18333, 7.60072, 119.645, 25.0838, 168.873, 21.3147, 58.3898, 0.00770227, -70.6641, 0.0417624, -70.253, 0.0335244, 141.872
4092, 68.19167, 7.58489, 119.463, 25.0078, 168.607, 21.28, 58.1235, 0.00771329, -70.9568, 0.0415981, -70.4972, 0.0334325, 141.637
4092, 68.20000, 7.56902, 119.283, 24.9315, 168.343, 21.2449, 57.8579, 0.00772419, -71.2491, 0.0414335, -70.7404, 0.0333402, 141.401
4093, 68.20834, 7.55312, 119.104, 24.8548, 168.079, 21.2094, 57.5929, 0.00773499, -71.5412, 0.0412687, -70.9824, 0.0332476, 141.167
4093, 68.21667, 7.5372, 118.927, 24.7779, 167.817, 21.1735, 57.3286, 0.00774568, -71.833, 0.0411037, -71.2233, 0.0331546, 140.933
4094, 68.22500, 7.52126, 118.752, 24.7006, 167.556, 21.1372, 57.065, 0.00775627, -72.1244, 0.0409384, -71.463, 0.0330613, 140.699
4094, 68.23333, 7.50529, 118.578, 24.6231, 167.296, 21.1006, 56.8022, 0.00776674, -72.4155, 0.0407729, -71.7016, 0.0329677, 140.467
4095, 68.24167, 7.48931, 118.406, 24.5453, 167.037, 21.0636, 56.5399, 0.00777711, -72.7064, 0.0406072, -71.9391, 0.0328738, 140.234
4095, 68.25000, 7.47331, 118.236, 24.4672, 166.779, 21.0262, 56.2784, 0.00778737, -72.9969, 0.0404414, -72.1754, 0.0327796, 140.003
4096, 68.25833, 7.4573, 118.067, 24.3889, 166.523, 20.9884, 56.0177, 0.00779753, -73.2871, 0.0402754, -72.4105, 0.0326851, 139.771
4096, 68.26667, 7.44128, 117.9, 24.3103, 166.267, 20.9503, 55.7576, 0.00780758, -73.577, 0.0401092, -72.6444, 0.0325903, 139.541
4097, 68.27500, 7.42526, 117.735, 24.2314, 166.013, 20.9119, 55.4982, 0.00781753, -73.8666, 0.039943, -72.8771, 0.0324953, 139.311
4097, 68.28333, 7.40924, 117.571, 24.1523, 165.76, 20.873, 55.2396, 0.00782737, -74.1558, 0.0397766, -73.1086, 0.0323999, 139.082
4098, 68.29166, 7.39321, 117.41, 24.073, 165.509, 20.8339, 54.9817, 0.0078371, -74.4447, 0.03961, -73.339, 0.0323043, 138.853
4098, 68.30000, 7.37719, 117.249, 23.9935, 165.258, 20.7944, 54.7246, 0.00784674, -74.7333, 0.0394434, -73.5681, 0.0322085, 138.625
4098, 68.30833, 7.36118, 117.091, 23.9137, 165.009, 20.7545, 54.4682, 0.00785626, -75.0215, 0.0392768, -73.7959, 0.0321124, 138.397
4099, 68.31667, 7.34517, 116.935, 23.8337, 164.761, 20.7144, 54.2125, 0.00786569, -75.3094, 0.03911, -74.0226, 0.032016, 138.17
4100, 68.32500, 7.32918, 116.78, 23.7535, 164.515, 20.6739, 53.9577, 0.00787501, -75.5969, 0.0389432, -74.248, 0.0319195, 137.944
4100, 68.33334, 7.3132, 116.627, 23.6732, 164.269, 20.633, 53.7036, 0.00788423, -75.8841, 0.0387763, -74.4721, 0.0318227, 137.719
4101, 68.34167, 7.29724, 116.475, 23.5926, 164.025, 20.5919, 53.4502, 0.00789334, -76.171, 0.0386094, -74.695, 0.0317256, 137.494
4101, 68.35000, 7.28131, 116.326, 23.5119, 163.782, 20.5504, 53.1976, 0.00790236, -76.4574, 0.0384426, -74.9166, 0.0316284, 137.269
4102, 68.35833, 7.26539, 116.178, 23.431, 163.541, 20.5087, 52.9459, 0.00791127, -76.7435, 0.0382757, -75.1369, 0.031531, 137.045
4102, 68.36667, 7.2495, 116.031, 23.3499, 163.301, 20.4666, 52.6948, 0.00792008, -77.0293, 0.0381088, -75.356, 0.0314333, 136.822
4103, 68.37500, 7.23365, 115.887, 23.2687, 163.062, 20.4242, 52.4446, 0.0079288, -77.3147, 0.0379419, -75.5737, 0.0313355, 136.6
4103, 68.38333, 7.21782, 115.744, 23.1873, 162.824, 20.3815, 52.1952, 0.00793741, -77.5997, 0.0377751, -75.7902, 0.0312375, 136.378
4104, 68.39167, 7.20203, 115.604, 23.1058, 162.588, 20.3386, 51.9466, 0.00794592, -77.8844, 0.0376083, -76.0053, 0.0311393, 136.157
4104, 68.40000, 7.18628, 115.464, 23.0241, 162.353, 20.2953, 51.6988, 0.00795433, -78.1686, 0.0374416, -76.2191, 0.0310409, 135.936
4105, 68.40833, 7.17057, 115.327, 22.9424, 162.12, 20.2518, 51.4518, 0.00796265, -78.4525, 0.0372749, -76.4316, 0.0309424, 135.716
4105, 68.41666, 7.1549, 115.191, 22.8605, 161.888, 20.208, 51.2056, 0.00797087, -78.7361, 0.0371083, -76.6428, 0.0308437, 135.497
4106, 68.42500, 7.13928, 115.058, 22.7785, 161.657, 20.1639, 50.9603, 0.00797899, -79.0192, 0.0369419, -76.8526, 0.0307449, 135.279
4106, 68.43333, 7.1237, 114.925, 22.6964, 161.428, 20.1195, 50.7158, 0.00798701, -79.3019, 0.0367755, -77.0611, 0.0306459, 135.061
4106, 68.44167, 7.10818, 114.795, 22.6142, 161.199, 20.0749, 50.4721, 0.00799494, -79.5843, 0.0366092, -77.2682, 0.0305468, 134.843
4107, 68.45000, 7.09271, 114.666, 22.5319, 160.973, 20.03, 50.2292, 0.00800277, -79.8663, 0.0364431, -77.474, 0.0304475, 134.627
4108, 68.45834, 7.0773, 114.54, 22.4496, 160.748, 19.9849, 49.9872, 0.00801051, -80.1479, 0.0362772, -77.6784, 0.0303481, 134.411
4108, 68.46667, 7.06195, 114.414, 22.3671, 160.524, 19.9395, 49.746, 0.00801815, -80.4291, 0.0361113, -77.8814, 0.0302486, 134.196
4109, 68.47500, 7.04667, 114.291, 22.2846, 160.301, 19.8938, 49.5057, 0.00802569, -80.7099, 0.0359457, -78.083, 0.030149, 133.981
4109, 68.48333, 7.03144, 114.169, 22.2021, 160.08, 19.848, 49.2663, 0.00803315, -80.9903, 0.0357802, -78.2832, 0.0300493, 133.767
4110, 68.49167, 7.01629, 114.049, 22.1195, 159.861, 19.8018, 49.0276, 0.00804051, -81.2704, 0.0356149, -78.4821, 0.0299494, 133.554
4110, 68.50000, 7.0012, 113.931, 22.0368, 159.643, 19.7555, 48.7899, 0.00804778, -81.55, 0.0354498, -78.6795, 0.0298495, 133.341
4111, 68.50833, 6.98619, 113.815, 21.9542, 159.426, 19.7089, 48.553, 0.00805495, -81.8292, 0.0352849, -78.8755, 0.0297495, 133.13
4111, 68.51667, 6.97125, 113.7, 21.8714, 159.211, 19.6621, 48.317, 0.00806203, -82.108, 0.0351202, -79.0702, 0.0296494, 132.918
4112, 68.52500, 6.95639, 113.587, 21.7887, 158.997, 19.6151, 48.0819, 0.00806903, -82.3864, 0.0349558, -79.2633, 0.0295492, 132.708
4112, 68.53333, 6.94162, 113.476, 21.7059, 158.785, 19.5678, 47.8477, 0.00807593, -82.6644, 0.0347916, -79.4551, 0.0294489, 132.498
4113, 68.54166, 6.92692, 113.366, 21.6232, 158.574, 19.5203, 47.6143, 0.00808274, -82.9421, 0.0346276, -79.6454, 0.0293486, 132.289
4113, 68.55000, 6.91231, 113.258, 21.5404, 158.364, 19.4727, 47.3818, 0.00808946, -83.2193, 0.0344639, -79.8343, 0.0292482, 132.08
4114, 68.55833, 6.89778, 113.152, 21.4576, 158.157, 19.4248, 47.1502, 0.0080961, -83.496, 0.0343005, -80.0217, 0.0291478, 131.872
4114, 68.56667, 6.88335, 113.048, 21.3749, 157.95, 19.3767, 46.9195, 0.00810264, -83.7724, 0.0341373, -80.2076, 0.0290473, 131.665
4114, 68.57500, 6.869, 112.945, 21.2921, 157.745, 19.3285, 46.6897, 0.0081091, -84.0484, 0.0339745, -80.3921, 0.0289468, 131.459
4115, 68.58334, 6.85476, 112.844, 21.2094, 157.542, 19.28, 46.4608, 0.00811547, -84.3239, 0.0338119, -80.5751, 0.0288462, 131.253
4116, 68.59167, 6.8406, 112.744, 21.1267, 157.34, 19.2313, 46.2328, 0.00812176, -84.5991, 0.0336497, -80.7567, 0.0287456, 131.048
4116, 68.60000, 6.82655, 112.646, 21.0441, 157.14, 19.1825, 46.0057, 0.00812795, -84.8738, 0.0334878, -80.9368, 0.028645, 130.844
4117, 68.60833, 6.8126, 112.55, 20.9615, 156.941, 19.1335, 45.7796, 0.00813407, -85.1481, 0.0333262, -81.1153, 0.0285443, 130.64
4117, 68.61667, 6.79875, 112.456, 20.8789, 156.743, 19.0843, 45.5543, 0.0081401, -85.422, 0.0331649, -81.2924, 0.0284436, 130.437
4118, 68.62500, 6.78501, 112.363, 20.7964, 156.548, 19.0349, 45.33, 0.00814604, -85.6955, 0.033004, -81.468, 0.028343, 130.235
4118, 68.63333, 6.77137, 112.272, 20.714, 156.353, 18.9854, 45.1066, 0.0081519, -85.9685, 0.0328434, -81.6421, 0.0282423, 130.033
4119, 68.64167, 6.75785, 112.182, 20.6316, 156.161, 18.9357, 44.8841, 0.00815768, -86.2412, 0.0326832, -81.8146, 0.0281416, 129.832
4119, 68.65000, 6.74444, 112.094, 20.5493, 155.97, 18.8859, 44.6626, 0.00816337, -86.5134, 0.0325234, -81.9857, 0.0280409, 129.632
4120, 68.65833, 6.73114, 112.008, 20.4671, 155.78, 18.8359, 44.442, 0.00816898, -86.7852, 0.0323639, -82.1552, 0.0279402, 129.433
4120, 68.66666, 6.71795, 111.923, 20.385, 155.592, 18.7857, 44.2223, 0.00817451, -87.0566, 0.0322048, -82.3232, 0.0278395, 129.234
4121, 68.67500, 6.70489, 111.839, 20.3029, 155.406, 18.7354, 44.0035, 0.00817996, -87.3275, 0.0320462, -82.4896, 0.0277388, 129.036
4121, 68.68333, 6.69194, 111.758, 20.221, 155.221, 18.685, 43.7857, 0.00818533, -87.5981, 0.0318879, -82.6545, 0.0276382, 128.839
4122, 68.69167, 6.67912, 111.677, 20.1392, 155.037, 18.6344, 43.5689, 0.00819062, -87.8682, 0.0317301, -82.8179, 0.0275376, 128.642
4122, 68.70000, 6.66642, 111.599, 20.0574, 154.856, 18.5836, 43.353, 0.00819583, -88.1379, 0.0315726, -82.9797, 0.027437, 128.446
4122, 68.70834, 6.65385, 111.522, 19.9758, 154.676, 18.5328, 43.138, 0.00820096, -88.4071, 0.0314157, -83.14, 0.0273364, 128.251
4123, 68.71667, 6.6414, 111.446, 19.8943, 154.497, 18.4818, 42.924, 0.00820601, -88.676, 0.0312591, -83.2987, 0.0272359, 128.056
4124, 68.72500, 6.62908, 111.372, 19.813, 154.32, 18.4307, 42.711, 0.00821099, -88.9444, 0.031103, -83.4558, 0.0271354, 127.862
4124, 68.73333, 6.61689, 111.299, 19.7317, 154.145, 18.3795, 42.4989, 0.00821588, -89.2124, 0.0309473, -83.6114, 0.027035, 127.669
4125, 68.74167, 6.60484, 111.228, 19.6506, 153.971, 18.3281, 42.2878, 0.00822071, -89.48, 0.0307921, -83.7654, 0.0269346, 127.477
4125, 68.75000, 6.59292, 111.158, 19.5697, 153.799, 18.2767, 42.0777, 0.00822545, -89.7472, 0.0306374, -83.9178, 0.0268343, 127.285
4126, 68.75833, 6.58113, 111.09, 19.4889, 153.629, 18.2251, 41.8685, 0.00823012, -90.0139, 0.0304831, -84.0686, 0.0267341, 127.094
4126, 68.76667, 6.56949, 111.023, 19.4082, 153.46, 18.1734, 41.6603, 0.00823472, -90.2802, 0.0303293, -84.2178, 0.0266339, 126.904
4127, 68.77500, 6.55798, 110.958, 19.3277, 153.293, 18.1216, 41.453, 0.00823924, -90.5461, 0.030176, -84.3654, 0.0265337, 126.714
4127, 68.78333, 6.54661, 110.894, 19.2474, 153.128, 18.0697, 41.2468, 0.00824369, -90.8116, 0.0300232, -84.5114, 0.0264337, 126.525
4128, 68.79166, 6.53539, 110.831, 19.1672, 152.964, 18.0178, 41.0415, 0.00824806, -91.0766, 0.0298709, -84.6559, 0.0263337, 126.337
4128, 68.80000, 6.52431, 110.77, 19.0872, 152.801, 17.9657, 40.8372, 0.00825237, -91.3412, 0.0297191, -84.7987, 0.0262338, 126.149
4129, 68.80833, 6.51337, 110.71, 19.0074, 152.641, 17.9135, 40.6339, 0.0082566, -91.6054, 0.0295679, -84.9399, 0.026134, 125.962
4129, 68.81667, 6.50258, 110.651, 18.9278, 152.482, 17.8613, 40.4316, 0.00826075, -91.8692, 0.0294171, -85.0795, 0.0260342, 125.776
4130, 68.82500, 6.49194, 110.593, 18.8484, 152.325, 17.809, 40.2303, 0.00826484, -92.1326, 0.0292669, -85.2174, 0.0259346, 125.591
4130, 68.83334, 6.48145, 110.537, 18.7691, 152.169, 17.7566, 40.03, 0.00826886, -92.3955, 0.0291172, -85.3537, 0.0258351, 125.406
4130, 68.84167, 6.47111, 110.482, 18.6901, 152.015, 17.7041, 39.8306, 0.00827281, -92.658, 0.028968, -85.4884, 0.0257356, 125.222
4131, 68.85000, 6.46092, 110.429, 18.6113, 151.863, 17.6516, 39.6323, 0.00827668, -92.9201, 0.0288194, -85.6215, 0.0256363, 125.039
4132, 68.85833, 6.45088, 110.376, 18.5326, 151.713, 17.5989, 39.435, 0.00828049, -93.1817, 0.0286714, -85.7529, 0.025537, 124.856
4132, 68.86667, 6.44099, 110.325, 18.4542, 151.564, 17.5463, 39.2386, 0.00828424, -93.443, 0.0285238, -85.8827, 0.0254379, 124.675
4133, 68.87500, 6.43127, 110.275, 18.376, 151.417, 17.4935, 39.0433, 0.00828791, -93.7038, 0.0283769, -86.0109, 0.0253388, 124.493
4133, 68.88333, 6.4217, 110.226, 18.298, 151.271, 17.4407, 38.849, 0.00829151, -93.9642, 0.0282305, -86.1373, 0.0252399, 124.313
4134, 68.89167, 6.41228, 110.179, 18.2203, 151.127, 17.3878, 38.6557, 0.00829505, -94.2242, 0.0280847, -86.2622, 0.0251411, 124.133
4134, 68.90000, 6.40302, 110.132, 18.1428, 150.985, 17.3349, 38.4634, 0.00829853, -94.4838, 0.0279395, -86.3854, 0.0250425, 123.954
4135, 68.90833, 6.39393, 110.087, 18.0655, 150.845, 17.282, 38.2722, 0.00830193, -94.7429, 0.0277949, -86.5069, 0.0249439, 123.776
4135, 68.91666, 6.38499, 110.042, 17.9884, 150.706, 17.229, 38.0819, 0.00830528, -95.0017, 0.0276508, -86.6267, 0.0248455, 123.598
4136, 68.92500, 6.37621, 109.999, 17.9116, 150.569, 17.1759, 37.8927, 0.00830855, -95.26, 0.0275073, -86.7449, 0.0247472, 123.421
4136, 68.93333, 6.3676, 109.957, 17.8351, 150.434, 17.1228, 37.7045, 0.00831177, -95.5179, 0.0273645, -86.8614, 0.024649, 123.245
4137, 68.94167, 6.35915, 109.916, 17.7588, 150.301, 17.0697, 37.5173, 0.00831492, -95.7754, 0.0272222, -86.9763, 0.024551, 123.07
4137, 68.95000, 6.35086, 109.875, 17.6827, 150.169, 17.0166, 37.3311, 0.00831801, -96.0324, 0.0270806, -87.0894, 0.0244531, 122.895
4138, 68.95834, 6.34274, 109.836, 17.607, 150.039, 16.9634, 37.146, 0.00832103, -96.2891, 0.0269395, -87.2009, 0.0243554, 122.721
4138, 68.96667, 6.33478, 109.798, 17.5314, 149.91, 16.9101, 36.9619, 0.00832399, -96.5453, 0.0267991, -87.3107, 0.0242578, 122.547
4138, 68.97500, 6.32699, 109.76, 17.4562, 149.784, 16.8569, 36.7788, 0.00832689, -96.8012, 0.0266593, -87.4188, 0.0241603, 122.374
4139, 68.98333, 6.31937, 109.724, 17.3812, 149.659, 16.8036, 36.5968, 0.00832973, -97.0566, 0.0265201, -87.5252, 0.024063, 122.202
4140, 68.99167, 6.31191, 109.688, 17.3065, 149.536, 16.7503, 36.4158, 0.00833251, -97.3116, 0.0263816, -87.63, 0.0239658, 122.031
4140, 69.00000, 6.30462, 109.654, 17.2321, 149.414, 16.697, 36.2358, 0.00833523, -97.5662, 0.0262436, -87.733, 0.0238688, 121.861
4141, 69.00833, 6.2975, 109.62, 17.1579, 149.295, 16.6437, 36.0569, 0.00833789, -97.8204, 0.0261064, -87.8344, 0.023772, 121.691
4141, 69.01667, 6.29054, 109.587, 17.0841, 149.177, 16.5904, 35.8791, 0.00834049, -98.0742, 0.0259697, -87.934, 0.0236753, 121.521
4142, 69.02500, 6.28376, 109.554, 17.0105, 149.061, 16.5371, 35.7023, 0.00834303, -98.3275, 0.0258337, -88.032, 0.0235788, 121.353
4142, 69.03333, 6.27714, 109.523, 16.9373, 148.946, 16.4837, 35.5265, 0.00834552, -98.5805, 0.0256984, -88.1282, 0.0234824, 121.185
4143, 69.04166, 6.2707, 109.492, 16.8643, 148.833, 16.4304, 35.3518, 0.00834795, -98.8331, 0.0255637, -88.2228, 0.0233862, 121.018
4143, 69.05000, 6.26442, 109.462, 16.7916, 148.722, 16.3771, 35.1781, 0.00835031, -99.0852, 0.0254296, -88.3156, 0.0232902, 120.852
4144, 69.05833, 6.25832, 109.433, 16.7193, 148.613, 16.3237, 35.0055, 0.00835263, -99.3369, 0.0252963, -88.4068, 0.0231943, 120.686
4144, 69.06667, 6.25238, 109.404, 16.6472, 148.506, 16.2704, 34.834, 0.00835488, -99.5883, 0.0251635, -88.4962, 0.0230986, 120.521
4145, 69.07500, 6.24662, 109.376, 16.5754, 148.4, 16.2171, 34.6635, 0.00835708, -99.8392, 0.0250315, -88.5839, 0.0230031, 120.357
4145, 69.08334, 6.24102, 109.349, 16.504, 148.296, 16.1638, 34.4941, 0.00835923, -100.09, 0.0249001, -88.67, 0.0229078, 120.193
4146, 69.09167, 6.2356, 109.322, 16.4329, 148.194, 16.1105, 34.3257, 0.00836132, -100.34, 0.0247694, -88.7543, 0.0228126, 120.03
4146, 69.10000, 6.23035, 109.296, 16.3621, 148.093, 16.0572, 34.1584, 0.00836335, -100.59, 0.0246394, -88.8369, 0.0227177, 119.868
4146, 69.10833, 6.22527, 109.27, 16.2916, 147.994, 16.0039, 33.9922, 0.00836534, -100.839, 0.02451, -88.9177, 0.0226229, 119.706
4147, 69.11667, 6.22037, 109.245, 16.2215, 147.897, 15.9507, 33.827, 0.00836727, -101.088, 0.0243813, -88.9969, 0.0225283, 119.546
4148, 69.12500, 6.21563, 109.22, 16.1517, 147.802, 15.8974, 33.6629, 0.00836914, -101.337, 0.0242533, -89.0743, 0.0224339, 119.385
4148, 69.13333, 6.21106, 109.196, 16.0822, 147.708, 15.8442, 33.4999, 0.00837096, -101.585, 0.024126, -89.1501, 0.0223396, 119.226
4149, 69.14167, 6.20667, 109.173, 16.0131, 147.617, 15.7911, 33.338, 0.00837273, -101.832, 0.0239994, -89.2241, 0.0222456, 119.067
4149, 69.15000, 6.20245, 109.149, 15.9443, 147.527, 15.7379, 33.1771, 0.00837445, -102.08, 0.0238734, -89.2964, 0.0221517, 118.909
4150, 69.15833, 6.1984, 109.126, 15.8758, 147.438, 15.6848, 33.0174, 0.00837612, -102.327, 0.0237482, -89.367, 0.0220581, 118.752
4150, 69.16666, 6.19452, 109.104, 15.8077, 147.352, 15.6318, 32.8587, 0.00837774, -102.573, 0.0236237, -89.4359, 0.0219646, 118.595
4151, 69.17500, 6.19081, 109.082, 15.7399, 147.267, 15.5787, 32.7011, 0.00837931, -102.82, 0.0234998, -89.503, 0.0218714, 118.439
4151, 69.18333, 6.18727, 109.06, 15.6725, 147.184, 15.5257, 32.5445, 0.00838082, -103.065, 0.0233767, -89.5685, 0.0217783, 118.284
4152, 69.19167, 6.1839, 109.039, 15.6054, 147.103, 15.4728, 32.3891, 0.00838229, -103.311, 0.0232542, -89.6322, 0.0216854, 118.129
4152, 69.20000, 6.1807, 109.018, 15.5387, 147.023, 15.4199, 32.2348, 0.00838371, -103.556, 0.0231325, -89.6942, 0.0215928, 117.975
4153, 69.20834, 6.17767, 108.997, 15.4723, 146.945, 15.367, 32.0815, 0.00838508, -103.801, 0.0230114, -89.7545, 0.0215003, 117.822
4153, 69.21667, 6.17481, 108.976, 15.4063, 146.869, 15.3142, 31.9293, 0.0083864, -104.045, 0.0228911, -89.8131, 0.0214081, 117.67
4154, 69.22500, 6.17212, 108.956, 15.3407, 146.795, 15.2615, 31.7783, 0.00838767, -104.289, 0.0227715, -89.87, 0.021316, 117.518
4154, 69.23333, 6.16959, 108.935, 15.2754, 146.722, 15.2088, 31.6283, 0.0083889, -104.532, 0.0226526, -89.9252, 0.0212242, 117.367
4154, 69.24167, 6.16724, 108.915, 15.2105, 146.652, 15.1561, 31.4794, 0.00839008, -104.775, 0.0225344, -89.9786, 0.0211325, 117.216
4155, 69.25000, 6.16505, 108.895, 15.146, 146.582, 15.1035, 31.3317, 0.00839121, -105.018, 0.0224169, -90.0304, 0.0210411, 117.066
4156, 69.25833, 6.16303, 108.876, 15.0818, 146.515, 15.051, 31.185, 0.0083923, -105.261, 0.0223001, -90.0805, 0.0209499, 116.917
4156, 69.26667, 6.16117, 108.856, 15.018, 146.449, 14.9985, 31.0395, 0.00839334, -105.503, 0.022184, -90.1288, 0.0208589, 116.769
4157, 69.27500, 6.15948, 108.836, 14.9546, 146.385, 14.9461, 30.895, 0.00839433, -105.744, 0.0220687, -90.1755, 0.0207681, 116.621
4157, 69.28333, 6.15796, 108.817, 14.8916, 146.323, 14.8938, 30.7517, 0.00839528, -105.985, 0.0219541, -90.2204, 0.0206775, 116.474
4158, 69.29166, 6.1566, 108.797, 14.8289, 146.262, 14.8415, 30.6094, 0.00839619, -106.226, 0.0218402, -90.2637, 0.0205872, 116.328
4158, 69.30000, 6.1554, 108.778, 14.7666, 146.204, 14.7893, 30.4683, 0.00839705, -106.467, 0.021727, -90.3052, 0.0204971, 116.182
4159, 69.30833, 6.15437, 108.758, 14.7047, 146.147, 14.7371, 30.3283, 0.00839787, -106.707, 0.0216145, -90.3451, 0.0204071, 116.037
4159, 69.31667, 6.1535, 108.738, 14.6432, 146.091, 14.6851, 30.1894, 0.00839864, -106.947, 0.0215028, -90.3833, 0.0203174, 115.893
4160, 69.32500, 6.15279, 108.719, 14.5821, 146.037, 14.6331, 30.0517, 0.00839937, -107.186, 0.0213918, -90.4198, 0.020228, 115.749
4160, 69.33334, 6.15224, 108.699, 14.5213, 145.985, 14.5812, 29.915, 0.00840006, -107.425, 0.0212815, -90.4547, 0.0201387, 115.606
4161, 69.34167, 6.15186, 108.679, 14.461, 145.935, 14.5293, 29.7795, 0.00840071, -107.664, 0.0211719, -90.4878, 0.0200497, 115.464
4161, 69.35000, 6.15163, 108.659, 14.401, 145.886, 14.4776, 29.6451, 0.00840131, -107.902, 0.0210631, -90.5193, 0.0199609, 115.322
4162, 69.35833, 6.15156, 108.639, 14.3414, 145.839, 14.4259, 29.5119, 0.00840188, -108.14, 0.020955, -90.5491, 0.0198723, 115.181
4162, 69.36667, 6.15165, 108.619, 14.2823, 145.794, 14.3744, 29.3797, 0.0084024, -108.378, 0.0208476, -90.5773, 0.0197839, 115.041
4162, 69.37500, 6.15189, 108.598, 14.2235, 145.75, 14.3229, 29.2487, 0.00840288, -108.615, 0.0207409, -90.6038, 0.0196958, 114.902
4163, 69.38333, 6.15229, 108.578, 14.1651, 145.708, 14.2715, 29.1188, 0.00840332, -108.852, 0.020635, -90.6286, 0.0196079, 114.763
4164, 69.39167, 6.15285, 108.557, 14.1071, 145.668, 14.2201, 28.9901, 0.00840372, -109.089, 0.0205298, -90.6518, 0.0195202, 114.625
4164, 69.40000, 6.15355, 108.536, 14.0495, 145.629, 14.1689, 28.8624, 0.00840408, -109.325, 0.0204253, -90.6733, 0.0194328, 114.487
4165, 69.40833, 6.15442, 108.515, 13.9924, 145.592, 14.1178, 28.736, 0.0084044, -109.56, 0.0203215, -90.6932, 0.0193455, 114.35
4165, 69.41666, 6.15543, 108.493, 13.9356, 145.556, 14.0668, 28.6106, 0.00840468, -109.796, 0.0202185, -90.7115, 0.0192586, 114.214
4166, 69.42500, 6.1566, 108.471, 13.8792, 145.522, 14.0158, 28.4864, 0.00840492, -110.031, 0.0201162, -90.7282, 0.0191718, 114.079
4166, 69.43333, 6.15791, 108.449, 13.8232, 145.49, 13.965, 28.3634, 0.00840513, -110.266, 0.0200146, -90.7432, 0.0190853, 113.944
4167, 69.44167, 6.15938, 108.426, 13.7677, 145.459, 13.9142, 28.2415, 0.0084053, -110.5, 0.0199138, -90.7566, 0.018999, 113.81
4167, 69.45000, 6.16099, 108.403, 13.7125, 145.43, 13.8636, 28.1207, 0.00840543, -110.734, 0.0198137, -90.7684, 0.0189129, 113.676
4168, 69.45834, 6.16275, 108.38, 13.6578, 145.403, 13.8131, 28.0011, 0.00840552, -110.968, 0.0197143, -90.7786, 0.0188271, 113.544
4168, 69.46667, 6.16465, 108.356, 13.6034, 145.377, 13.7626, 27.8826, 0.00840557, -111.202, 0.0196156, -90.7872, 0.0187415, 113.411
4169, 69.47500, 6.1667, 108.332, 13.5495, 145.353, 13.7123, 27.7653, 0.00840559, -111.435, 0.0195177, -90.7942, 0.0186561, 113.28
4169, 69.48333, 6.1689, 108.307, 13.496, 145.33, 13.6621, 27.6492, 0.00840557, -111.667, 0.0194205, -90.7996, 0.018571, 113.149
4170, 69.49167, 6.17123, 108.283, 13.4429, 145.308, 13.612, 27.5341, 0.00840552, -111.9, 0.019324, -90.8035, 0.0184861, 113.019
4170, 69.50000, 6.17371, 108.257, 13.3902, 145.289, 13.562, 27.4203, 0.00840543, -112.132, 0.0192282, -90.8058, 0.0184015, 112.89
4170, 69.50833, 6.17633, 108.231, 13.3379, 145.271, 13.5121, 27.3076, 0.00840531, -112.363, 0.0191331, -90.8065, 0.0183171, 112.761
4171, 69.51667, 6.17908, 108.205, 13.286, 145.254, 13.4624, 27.1961, 0.00840515, -112.595, 0.0190388, -90.8057, 0.0182329, 112.633
4172, 69.52500, 6.18198, 108.178, 13.2346, 145.239, 13.4127, 27.0857, 0.00840495, -112.826, 0.0189452, -90.8034, 0.018149, 112.506
4172, 69.53333, 6.18501, 108.15, 13.1835, 145.225, 13.3632, 26.9765, 0.00840472, -113.057, 0.0188523, -90.7995, 0.0180653, 112.379
4173, 69.54166, 6.18818, 108.123, 13.1329, 145.213, 13.3138, 26.8684, 0.00840446, -113.287, 0.0187602, -90.794, 0.0179818, 112.253
4173, 69.55000, 6.19148, 108.094, 13.0827, 145.202, 13.2645, 26.7616, 0.00840416, -113.517, 0.0186687, -90.7871, 0.0178986, 112.127
4174, 69.55833, 6.19491, 108.065, 13.0329, 145.193, 13.2153, 26.6559, 0.00840383, -113.747, 0.018578, -90.7787, 0.0178156, 112.003
4174, 69.56667, 6.19848, 108.035, 12.9835, 145.185, 13.1663, 26.5513, 0.00840347, -113.976, 0.018488, -90.7688, 0.0177329, 111.879
4175, 69.57500, 6.20217, 108.005, 12.9346, 145.179, 13.1173, 26.4479, 0.00840307, -114.205, 0.0183987, -90.7573, 0.0176504, 111.755
4175, 69.58334, 6.206, 107.974, 12.886, 145.174, 13.0685, 26.3458, 0.00840265, -114.434, 0.0183102, -90.7445, 0.0175681, 111.633
4176, 69.59167, 6.20995, 107.943, 12.8379, 145.171, 13.0199, 26.2447, 0.00840219, -114.662, 0.0182223, -90.7301, 0.0174861, 111.511
4176, 69.60000, 6.21403, 107.911, 12.7902, 145.168, 12.9713, 26.1449, 0.00840169, -114.89, 0.0181351, -90.7143, 0.0174043, 111.389
4177, 69.60833, 6.21823, 107.878, 12.7429, 145.168, 12.9229, 26.0462, 0.00840117, -115.118, 0.0180487, -90.697, 0.0173228, 111.269
4177, 69.61667, 6.22256, 107.845, 12.696, 145.168, 12.8746, 25.9487, 0.00840061, -115.346, 0.017963, -90.6783, 0.0172415, 111.149
4178, 69.62500, 6.22702, 107.811, 12.6496, 145.17, 12.8265, 25.8524, 0.00840003, -115.573, 0.0178779, -90.6582, 0.0171604, 111.029
4178, 69.63333, 6.23159, 107.776, 12.6035, 145.174, 12.7785, 25.7573, 0.00839941, -115.8, 0.0177936, -90.6367, 0.0170796, 110.911
4178, 69.64167, 6.23628, 107.741, 12.5579, 145.178, 12.7306, 25.6633, 0.00839876, -116.026, 0.01771, -90.6138, 0.0169991, 110.793
4179, 69.65000, 6.2411, 107.705, 12.5127, 145.184, 12.6828, 25.5706, 0.00839809, -116.253, 0.0176271, -90.5895, 0.0169187, 110.675
4180, 69.65833, 6.24603, 107.668, 12.4679, 145.192, 12.6352, 25.479, 0.00839738, -116.478, 0.0175449, -90.5638, 0.0168387, 110.559
4180, 69.66666, 6.25108, 107.63, 12.4236, 145.2, 12.5877, 25.3886, 0.00839664, -116.704, 0.0174633, -90.5368, 0.0167588, 110.443
4181, 69.67500, 6.25624, 107.592, 12.3796, 145.21, 12.5404, 25.2994, 0.00839587, -116.929, 0.0173825, -90.5084, 0.0166792, 110.328
4181, 69.68333, 6.26151, 107.553, 12.3361, 145.221, 12.4932, 25.2114, 0.00839508, -117.154, 0.0173024, -90.4787, 0.0165999, 110.213
4182, 69.69167, 6.2669, 107.514, 12.293, 145.234, 12.4462, 25.1246, 0.00839425, -117.379, 0.017223, -90.4476, 0.0165208, 110.099
4182, 69.70000, 6.2724, 107.473, 12.2503, 145.247, 12.3993, 25.039, 0.0083934, -117.603, 0.0171442, -90.4153, 0.0164419, 109.986
4183, 69.70834, 6.27801, 107.432, 12.208, 145.262, 12.3525, 24.9546, 0.00839252, -117.828, 0.0170662, -90.3816, 0.0163633, 109.873
4183, 69.71667, 6.28373, 107.39, 12.1661, 145.278, 12.3059, 24.8713, 0.00839161, -118.051, 0.0169888, -90.3467, 0.0162849, 109.761
4184, 69.72500, 6.28956, 107.347, 12.1246, 145.295, 12.2594, 24.7893, 0.00839068, -118.275, 0.0169121, -90.3105, 0.0162068, 109.65
4184, 69.73333, 6.29549, 107.304, 12.0836, 145.313, 12.2131, 24.7085, 0.00838971, -118.498, 0.0168361, -90.273, 0.0161289, 109.539
4185, 69.74167, 6.30152, 107.26, 12.0429, 145.333, 12.1669, 24.6288, 0.00838872, -118.721, 0.0167608, -90.2343, 0.0160512, 109.429
4185, 69.75000, 6.30766, 107.214, 12.0027, 145.353, 12.1209, 24.5504, 0.0083877, -118.944, 0.0166862, -90.1944, 0.0159738, 109.32
4186, 69.75833, 6.3139, 107.169, 11.9629, 145.375, 12.075, 24.4731, 0.00838666, -119.166, 0.0166122, -90.1533, 0.0158967, 109.211
4186, 69.76667, 6.32024, 107.122, 11.9235, 145.398, 12.0293, 24.3971, 0.00838558, -119.388, 0.0165389, -90.111, 0.0158198, 109.104
4186, 69.77500, 6.32668, 107.074, 11.8845, 145.422, 11.9837, 24.3223, 0.00838449, -119.61, 0.0164663, -90.0675, 0.0157431, 108.996
4187, 69.78333, 6.33322, 107.026, 11.8459, 145.447, 11.9383, 24.2486, 0.00838336, -119.831, 0.0163943, -90.0228, 0.0156667, 108.89
4188, 69.79166, 6.33986, 106.977, 11.8077, 145.473, 11.893, 24.1762, 0.00838221, -120.053, 0.016323, -89.977, 0.0155905, 108.784
4188, 69.80000, 6.34659, 106.927, 11.77, 145.499, 11.8479, 24.105, 0.00838104, -120.273, 0.0162524, -89.93, 0.0155145, 108.679
4189, 69.80833, 6.35341, 106.876, 11.7326, 145.527, 11.803, 24.035, 0.00837984, -120.494, 0.0161824, -89.882, 0.0154388, 108.574
4189, 69.81667, 6.36033, 106.824, 11.6956, 145.556, 11.7582, 23.9662, 0.00837861, -120.714, 0.0161131, -89.8328, 0.0153634, 108.47
4190, 69.82500, 6.36734, 106.772, 11.6591, 145.586, 11.7135, 23.8986, 0.00837737, -120.934, 0.0160444, -89.7826, 0.0152882, 108.367
4190, 69.83334, 6.37444, 106.718, 11.6229, 145.617, 11.6691, 23.8322, 0.00837609, -121.154, 0.0159764, -89.7312, 0.0152132, 108.265
4191, 69.84167, 6.38162, 106.664, 11.5872, 145.649, 11.6248, 23.7671, 0.00837479, -121.374, 0.015909, -89.6789, 0.0151385, 108.163
4191, 69.85000, 6.3889, 106.609, 11.5518, 145.681, 11.5806, 23.7031, 0.00837347, -121.593, 0.0158423, -89.6255, 0.015064, 108.062
4191, 69.85833, 6.39626, 106.553, 11.5169, 145.715, 11.5366, 23.6404, 0.00837213, -121.812, 0.0157762, -89.5711, 0.0149898, 107.961
4192, 69.86667, 6.40371, 106.496, 11.4823, 145.749, 11.4928, 23.5788, 0.00837076, -122.031, 0.0157108, -89.5157, 0.0149158, 107.861
4193, 69.87500, 6.41124, 106.438, 11.4482, 145.784, 11.4491, 23.5185, 0.00836936, -122.249, 0.0156459, -89.4593, 0.014842, 107.762
4193, 69.88333, 6.41885, 106.38, 11.4144, 145.82, 11.4056, 23.4594, 0.00836795, -122.467, 0.0155818, -89.4019, 0.0147685, 107.664
4194, 69.89167, 6.42654, 106.32, 11.381, 145.857, 11.3623, 23.4015, 0.00836651, -122.685, 0.0155182, -89.3436, 0.0146953, 107.566
4194, 69.90000, 6.43431, 106.26, 11.348, 145.895, 11.3191, 23.3449, 0.00836505, -122.903, 0.0154553, -89.2844, 0.0146222, 107.469
4194, 69.90833, 6.44217, 106.199, 11.3154, 145.933, 11.2761, 23.2894, 0.00836356, -123.12, 0.015393, -89.2243, 0.0145495, 107.372
4195, 69.91666, 6.4501, 106.136, 11.2832, 145.972, 11.2333, 23.2352, 0.00836205, -123.337, 0.0153313, -89.1633, 0.0144769, 107.277
4196, 69.92500, 6.4581, 106.073, 11.2514, 146.012, 11.1906, 23.1821, 0.00836053, -123.554, 0.0152703, -89.1014, 0.0144046, 107.182
4196, 69.93333, 6.46618, 106.01, 11.22, 146.053, 11.1481, 23.1303, 0.00835898, -123.771, 0.0152098, -89.0386, 0.0143326, 107.087
4197, 69.94167, 6.47433, 105.945, 11.1889, 146.094, 11.1058, 23.0798, 0.0083574, -123.987, 0.01515, -88.975, 0.0142608, 106.993
4197, 69.95000, 6.48256, 105.879, 11.1583, 146.136, 11.0636, 23.0304, 0.00835581, -124.203, 0.0150907, -88.9106, 0.0141892, 106.9
4198, 69.95834, 6.49086, 105.813, 11.128, 146.178, 11.0217, 22.9822, 0.0083542, -124.419, 0.0150321, -88.8455, 0.0141179, 106.808
4198, 69.96667, 6.49923, 105.745, 11.0981, 146.221, 10.9798, 22.9353, 0.00835256, -124.635, 0.014974, -88.7795, 0.0140468, 106.717
4199, 69.97500, 6.50766, 105.677, 11.0685, 146.265, 10.9382, 22.8896, 0.0083509, -124.85, 0.0149166, -88.7128, 0.0139759, 106.626
4199, 69.98333, 6.51616, 105.608, 11.0394, 146.309, 10.8967, 22.8451, 0.00834923, -125.065, 0.0148597, -88.6453, 0.0139053, 106.535
4199, 69.99167, 6.52473, 105.537, 11.0106, 146.354, 10.8555, 22.8018, 0.00834753, -125.28, 0.0148035, -88.5771, 0.0138349, 106.446
4200, 70.00000, 6.53337, 105.466, 10.9822, 146.399, 10.8143, 22.7597, 0.00834581, -125.495, 0.0147478, -88.5082, 0.0137648, 106.357
4201, 70.00833, 6.54207, 105.394, 10.9541, 146.445, 10.7734, 22.7189, 0.00834407, -125.709, 0.0146927, -88.4386, 0.0136949, 106.269
4201, 70.01667, 6.55083, 105.322, 10.9264, 146.491, 10.7326, 22.6793, 0.00834232, -125.923, 0.0146382, -88.3684, 0.0136252, 106.181
4202, 70.02500, 6.55966, 105.248, 10.8991, 146.538, 10.6921, 22.6409, 0.00834054, -126.137, 0.0145842, -88.2975, 0.0135558, 106.094
4202, 70.03333, 6.56854, 105.173, 10.8722, 146.586, 10.6517, 22.6037, 0.00833874, -126.351, 0.0145308, -88.226, 0.0134866, 106.008
4203, 70.04166, 6.57749, 105.098, 10.8456, 146.633, 10.6114, 22.5677, 0.00833692, -126.564, 0.014478, -88.1539, 0.0134177, 105.923
4203, 70.05000, 6.58649, 105.021, 10.8193, 146.681, 10.5714, 22.5329, 0.00833509, -126.778, 0.0144258, -88.0812, 0.013349, 105.838
4204, 70.05833, 6.59555, 104.944, 10.7934, 146.73, 10.5315, 22.4994, 0.00833324, -126.991, 0.0143741, -88.008, 0.0132805, 105.754
4204, 70.06667, 6.60466, 104.866, 10.7679, 146.778, 10.4918, 22.4671, 0.00833136, -127.203, 0.0143229, -87.9342, 0.0132123, 105.671
4205, 70.07500, 6.61383, 104.787, 10.7427, 146.828, 10.4523, 22.4359, 0.00832947, -127.416, 0.0142723, -87.8599, 0.0131443, 105.588
4205, 70.08334, 6.62306, 104.707, 10.7179, 146.877, 10.413, 22.406, 0.00832756, -127.628, 0.0142222, -87.7851, 0.0130766, 105.506
4206, 70.09167, 6.63234, 104.626, 10.6934, 146.927, 10.3739, 22.3774, 0.00832563, -127.84, 0.0141727, -87.7097, 0.013009, 105.425
4206, 70.10000, 6.64166, 104.544, 10.6693, 146.977, 10.3349, 22.3499, 0.00832369, -128.052, 0.0141237, -87.634, 0.0129417, 105.344
4207, 70.10833, 6.65104, 104.462, 10.6455, 147.027, 10.2961, 22.3236, 0.00832172, -128.264, 0.0140753, -87.5578, 0.0128747, 105.264
4207, 70.11667, 6.66047, 104.378, 10.622, 147.078, 10.2575, 22.2986, 0.00831974, -128.475, 0.0140274, -87.4811, 0.0128079, 105.185
4207, 70.12500, 6.66995, 104.294, 10.5989, 147.128, 10.2191, 22.2747, 0.00831774, -128.686, 0.01398, -87.4041, 0.0127413, 105.107
4208, 70.13333, 6.67948, 104.209, 10.5761, 147.179, 10.1809, 22.2521, 0.00831572, -128.897, 0.0139331, -87.3267, 0.012675, 105.029
4209, 70.14167, 6.68905, 104.122, 10.5537, 147.23, 10.1429, 22.2307, 0.00831369, -129.108, 0.0138867, -87.2489, 0.0126088, 104.952
4209, 70.15000, 6.69867, 104.035, 10.5316, 147.282, 10.105, 22.2104, 0.00831164, -129.318, 0.0138409, -87.1707, 0.012543, 104.876
4210, 70.15833, 6.70833, 103.948, 10.5098, 147.333, 10.0673, 22.1914, 0.00830957, -129.529, 0.0137956, -87.0923, 0.0124773, 104.8
4210, 70.16666, 6.71803, 103.859, 10.4883, 147.384, 10.0299, 22.1736, 0.00830748, -129.739, 0.0137507, -87.0135, 0.0124119, 104.725
4211, 70.17500, 6.72778, 103.769, 10.4671, 147.436, 9.99256, 22.157, 0.00830538, -129.949, 0.0137064, -86.9345, 0.0123467, 104.651
4211, 70.18333, 6.73757, 103.679, 10.4463, 147.488, 9.95546, 22.1416, 0.00830326, -130.158, 0.0136625, -86.8551, 0.0122818, 104.578
4212, 70.19167, 6.7474, 103.587, 10.4258, 147.539, 9.91853, 22.1274, 0.00830112, -130.368, 0.0136192, -86.7756, 0.012217, 104.505
4212, 70.20000, 6.75727, 103.495, 10.4056, 147.591, 9.8818, 22.1144, 0.00829897, -130.577, 0.0135763, -86.6958, 0.0121526, 104.433
4213, 70.20834, 6.76717, 103.402, 10.3857, 147.643, 9.84526, 22.1025, 0.00829681, -130.786, 0.0135339, -86.6158, 0.0120883, 104.362
4213, 70.21667, 6.77712, 103.308, 10.3661, 147.694, 9.80891, 22.0919, 0.00829462, -130.995, 0.013492, -86.5356, 0.0120243, 104.291
4214, 70.22500, 6.7871, 103.213, 10.3469, 147.746, 9.77274, 22.0825, 0.00829242, -131.204, 0.0134506, -86.4553, 0.0119605, 104.222
4214, 70.23333, 6.79712, 103.118, 10.3279, 147.798, 9.73677, 22.0742, 0.00829021, -131.412, 0.0134096, -86.3747, 0.0118969, 104.152
4215, 70.24167, 6.80717, 103.021, 10.3092, 147.849, 9.70098, 22.0671, 0.00828798, -131.621, 0.0133691, -86.2941, 0.0118336, 104.084
4215, 70.25000, 6.81726, 102.924, 10.2909, 147.901, 9.66539, 22.0613, 0.00828573, -131.829, 0.0133291, -86.2134, 0.0117705, 104.016
4215, 70.25833, 6.82737, 102.826, 10.2728, 147.952, 9.62999, 22.0566, 0.00828347, -132.037, 0.0132895, -86.1325, 0.0117076, 103.95
4216, 70.26667, 6.83752, 102.727, 10.255, 148.003, 9.59477, 22.053, 0.00828119, -132.244, 0.0132504, -86.0516, 0.0116449, 103.883
4217, 70.27500, 6.84771, 102.627, 10.2375, 148.054, 9.55975, 22.0507, 0.0082789, -132.452, 0.0132117, -85.9706, 0.0115825, 103.818
4217, 70.28333, 6.85792, 102.526, 10.2203, 148.105, 9.52493, 22.0495, 0.00827659, -132.659, 0.0131734, -85.8896, 0.0115203, 103.753
4218, 70.29166, 6.86816, 102.425, 10.2034, 148.156, 9.49028, 22.0495, 0.00827427, -132.866, 0.0131356, -85.8086, 0.0114583, 103.689
4218, 70.30000, 6.87843, 102.322, 10.1867, 148.207, 9.45584, 22.0507, 0.00827193, -133.073, 0.0130982, -85.7276, 0.0113966, 103.626
4219, 70.30833, 6.88873, 102.219, 10.1704, 148.257, 9.42159, 22.053, 0.00826958, -133.28, 0.0130613, -85.6466, 0.011335, 103.564
4219, 70.31667, 6.89905, 102.115, 10.1543, 148.307, 9.38753, 22.0565, 0.00826721, -133.487, 0.0130248, -85.5656, 0.0112737, 103.502
4220, 70.32500, 6.9094, 102.011, 10.1385, 148.357, 9.35366, 22.0612, 0.00826483, -133.693, 0.0129886, -85.4846, 0.0112126, 103.441
4220, 70.33334, 6.91978, 101.905, 10.1229, 148.406, 9.31999, 22.067, 0.00826244, -133.9, 0.012953, -85.4038, 0.0111518, 103.381
4221, 70.34167, 6.93018, 101.799, 10.1077, 148.456, 9.2865, 22.074, 0.00826003, -134.106, 0.0129177, -85.323, 0.0110912, 103.322
4221, 70.35000, 6.9406, 101.691, 10.0927, 148.505, 9.25322, 22.0821, 0.00825761, -134.312, 0.0128828, -85.2424, 0.0110308, 103.263
4222, 70.35833, 6.95105, 101.583, 10.0779, 148.553, 9.22013, 22.0913, 0.00825517, -134.517, 0.0128483, -85.1618, 0.0109706, 103.205
4222, 70.36667, 6.96151, 101.475, 10.0634, 148.602, 9.18723, 22.1018, 0.00825272, -134.723, 0.0128143, -85.0814, 0.0109106, 103.148
4223, 70.37500, 6.972, 101.365, 10.0492, 148.65, 9.15452, 22.1133, 0.00825026, -134.928, 0.0127806, -85.0012, 0.0108509, 103.092
4223, 70.38333, 6.98251, 101.255, 10.0352, 148.697, 9.12201, 22.126, 0.00824778, -135.134, 0.0127473, -84.9211, 0.0107914, 103.036
4223, 70.39167, 6.99304, 101.143, 10.0215, 148.745, 9.08969, 22.1398, 0.00824529, -135.339, 0.0127144, -84.8412, 0.010732, 102.981
4224, 70.40000, 7.00359, 101.031, 10.008, 148.792, 9.05757, 22.1547, 0.00824278, -135.544, 0.0126819, -84.7616, 0.010673, 102.927
4225, 70.40833, 7.01416, 100.919, 9.99472, 148.838, 9.02565, 22.1708, 0.00824026, -135.748, 0.0126497, -84.6821, 0.0106141, 102.874
4225, 70.41666, 7.02474, 100.805, 9.98172, 148.884, 8.99391, 22.1879, 0.00823773, -135.953, 0.0126179, -84.6029, 0.0105555, 102.821
4226, 70.42500, 7.03534, 100.691, 9.96895, 148.93, 8.96238, 22.2062, 0.00823518, -136.158, 0.0125865, -84.5239, 0.010497, 102.77
4226, 70.43333, 7.04595, 100.576, 9.95642, 148.975, 8.93104, 22.2256, 0.00823262, -136.362, 0.0125554, -84.4452, 0.0104388, 102.719
4227, 70.44167, 7.05659, 100.46, 9.94412, 149.019, 8.89989, 22.2461, 0.00823005, -136.566, 0.0125247, -84.3668, 0.0103808, 102.669
4227, 70.45000, 7.06723, 100.344, 9.93205, 149.064, 8.86894, 22.2677, 0.00822747, -136.77, 0.0124944, -84.2887, 0.0103231, 102.619
4228, 70.45834, 7.07789, 100.226, 9.92021, 149.107, 8.83818, 22.2904, 0.00822487, -136.974, 0.0124644, -84.2109, 0.0102655, 102.571
4228, 70.46667, 7.08856, 100.108, 9.90859, 149.15, 8.80762, 22.3142, 0.00822226, -137.178, 0.0124348, -84.1334, 0.0102082, 102.523
4229, 70.47500, 7.09925, 99.9895, 9.89719, 149.193, 8.77726, 22.3391, 0.00821963, -137.381, 0.0124055, -84.0563, 0.0101511, 102.476
4229, 70.48333, 7.10994, 99.8699, 9.88601, 149.235, 8.74709, 22.365, 0.008217, -137.585, 0.0123765, -83.9795, 0.0100942, 102.43
4230, 70.49167, 7.12065, 99.7496, 9.87505, 149.277, 8.71711, 22.3921, 0.00821435, -137.788, 0.0123478, -83.9031, 0.0100375, 102.385
4230, 70.50000, 7.13137, 99.6286, 9.86429, 149.318, 8.68733, 22.4202, 0.00821169, -137.991, 0.0123195, -83.8271, 0.00998099, 102.341
4231, 70.50833, 7.14209, 99.5069, 9.85375, 149.358, 8.65775, 22.4493, 0.00820901, -138.194, 0.0122915, -83.7515, 0.00992473, 102.297
4231, 70.51667, 7.15283, 99.3844, 9.84341, 149.398, 8.62836, 22.4795, 0.00820633, -138.397, 0.0122638, -83.6763, 0.00986867, 102.254
4231, 70.52500, 7.16357, 99.2612, 9.83327, 149.437, 8.59916, 22.5108, 0.00820363, -138.6, 0.0122365, -83.6015, 0.00981283, 102.212
4232, 70.53333, 7.17433, 99.1372, 9.82334, 149.476, 8.57016, 22.5431, 0.00820091, -138.802, 0.0122094, -83.5271, 0.00975721, 102.171
4233, 70.54166, 7.18509, 99.0126, 9.8136, 149.514, 8.54136, 22.5765, 0.00819819, -139.005, 0.0121827, -83.4532, 0.00970179, 102.131
4233, 70.55000, 7.19585, 98.8872, 9.80406, 149.552, 8.51275, 22.6108, 0.00819545, -139.207, 0.0121562, -83.3798, 0.00964659, 102.091
4234, 70.55833, 7.20662, 98.7612, 9.79471, 149.588, 8.48434, 22.6463, 0.00819271, -139.409, 0.0121301, -83.3068, 0.0095916, 102.053
4234, 70.56667, 7.2174, 98.6344, 9.78554, 149.624, 8.45612, 22.6827, 0.00818995, -139.611, 0.0121042, -83.2343, 0.00953681, 102.015
4235, 70.57500, 7.22818, 98.507, 9.77657, 149.66, 8.4281, 22.7201, 0.00818717, -139.813, 0.0120787, -83.1624, 0.00948224, 101.978
4235, 70.58334, 7.23897, 98.3788, 9.76777, 149.695, 8.40027, 22.7586, 0.00818439, -140.015, 0.0120534, -83.0909, 0.00942788, 101.942
4236, 70.59167, 7.24976, 98.2499, 9.75916, 149.729, 8.37263, 22.7981, 0.00818159, -140.217, 0.0120284, -83.0199, 0.00937372, 101.907
4236, 70.60000, 7.26055, 98.1204, 9.75073, 149.762, 8.34519, 22.8385, 0.00817878, -140.418, 0.0120037, -82.9495, 0.00931977, 101.873
4237, 70.60833, 7.27134, 97.9902, 9.74247, 149.795, 8.31795, 22.8799, 0.00817596, -140.62, 0.0119792, -82.8796, 0.00926603, 101.839
4237, 70.61667, 7.28214, 97.8593, 9.73438, 149.827, 8.29089, 22.9224, 0.00817313, -140.821, 0.011955, -82.8103, 0.0092125, 101.807
4238, 70.62500, 7.29293, 97.7277, 9.72646, 149.859, 8.26404, 22.9658, 0.00817028, -141.022, 0.0119311, -82.7415, 0.00915917, 101.775
4238, 70.63333, 7.30373, 97.5954, 9.7187, 149.889, 8.23737, 23.0101, 0.00816743, -141.223, 0.0119075, -82.6734, 0.00910606, 101.744
4239, 70.64167, 7.31453, 97.4625, 9.71111, 149.919, 8.2109, 23.0554, 0.00816456, -141.424, 0.0118841, -82.6057, 0.00905314, 101.714
4239, 70.65000, 7.32533, 97.3289, 9.70369, 149.948, 8.18463, 23.1017, 0.00816168, -141.625, 0.0118609, -82.5387, 0.00900043, 101.685
4239, 70.65833, 7.33612, 97.1947, 9.69642, 149.977, 8.15854, 23.1489, 0.00815878, -141.826, 0.011838, -82.4723, 0.00894793, 101.657
4240, 70.66666, 7.34692, 97.0597, 9.6893, 150.004, 8.13265, 23.1971, 0.00815588, -142.027, 0.0118153, -82.4065, 0.00889563, 101.63
4241, 70.67500, 7.35771, 96.9242, 9.68234, 150.031, 8.10695, 23.2461, 0.00815296, -142.227, 0.0117929, -82.3413, 0.00884353, 101.604
4241, 70.68333, 7.3685, 96.788, 9.67553, 150.057, 8.08144, 23.2961, 0.00815003, -142.428, 0.0117707, -82.2768, 0.00879164, 101.578
4242, 70.69167, 7.37928, 96.6511, 9.66887, 150.083, 8.05613, 23.347, 0.00814709, -142.628, 0.0117488, -82.2129, 0.00873995, 101.554
4242, 70.70000, 7.39007, 96.5136, 9.66235, 150.107, 8.031, 23.3989, 0.00814414, -142.829, 0.0117271, -82.1496, 0.00868847, 101.53
4243, 70.70834, 7.40084, 96.3754, 9.65597, 150.131, 8.00607, 23.4516, 0.00814118, -143.029, 0.0117056, -82.087, 0.00863718, 101.508
4243, 70.71667, 7.41162, 96.2366, 9.64973, 150.154, 7.98133, 23.5052, 0.0081382, -143.229, 0.0116843, -82.025, 0.00858609, 101.486
4244, 70.72500, 7.42239, 96.0972, 9.64363, 150.176, 7.95678, 23.5596, 0.00813522, -143.429, 0.0116632, -81.9637, 0.00853521, 101.466
4244, 70.73333, 7.43315, 95.9572, 9.63767, 150.198, 7.93242, 23.615, 0.00813222, -143.629, 0.0116424, -81.9031, 0.00848453, 101.446
4245, 70.74167, 7.44391, 95.8165, 9.63183, 150.219, 7.90825, 23.6712, 0.00812921, -143.829, 0.0116217, -81.8432, 0.00843405, 101.427
4245, 70.75000, 7.45466, 95.6752, 9.62613, 150.238, 7.88427, 23.7282, 0.00812619, -144.028, 0.0116013, -81.7839, 0.00838377, 101.409
4246, 70.75833, 7.4654, 95.5333, 9.62055, 150.257, 7.86048, 23.7861, 0.00812315, -144.228, 0.0115811, -81.7254, 0.00833368, 101.392
4246, 70.76667, 7.47614, 95.3908, 9.61509, 150.276, 7.83688, 23.8448, 0.00812011, -144.428, 0.0115611, -81.6675, 0.0082838, 101.377
4247, 70.77500, 7.48686, 95.2477, 9.60976, 150.293, 7.81347, 23.9044, 0.00811705, -144.627, 0.0115412, -81.6104, 0.00823411, 101.362
4247, 70.78333, 7.49758, 95.1039, 9.60455, 150.309, 7.79024, 23.9647, 0.00811398, -144.826, 0.0115216, -81.554, 0.00818462, 101.348
4247, 70.79166, 7.50829, 94.9596, 9.59945, 150.325, 7.7672, 24.0259, 0.0081109, -145.026, 0.0115021, -81.4983, 0.00813533, 101.335
4248, 70.80000, 7.51899, 94.8146, 9.59446, 150.34, 7.74435, 24.0879, 0.00810781, -145.225, 0.0114829, -81.4433, 0.00808623, 101.323
4249, 70.80833, 7.52968, 94.6691, 9.58959, 150.354, 7.72169, 24.1506, 0.00810471, -145.424, 0.0114638, -81.3891, 0.00803734, 101.312
4249, 70.81667, 7.54036, 94.5229, 9.58483, 150.367, 7.69921, 24.2142, 0.00810159, -145.623, 0.0114449, -81.3356, 0.00798863, 101.303
4250, 70.82500, 7.55103, 94.3762, 9.58017, 150.38, 7.67692, 24.2785, 0.00809846, -145.822, 0.0114261, -81.2828, 0.00794012, 101.294
4250, 70.83334, 7.56169, 94.2289, 9.57562, 150.391, 7.65481, 24.3435, 0.00809532, -146.021, 0.0114076, -81.2308, 0.00789181, 101.286
4251, 70.84167, 7.57233, 94.081, 9.57117, 150.402, 7.63289, 24.4093, 0.00809217, -146.22, 0.0113892, -81.1795, 0.00784369, 101.279
4251, 70.85000, 7.58297, 93.9325, 9.56682, 150.412, 7.61115, 24.4759, 0.00808901, -146.419, 0.0113709, -81.129, 0.00779577, 101.274
4252, 70.85833, 7.59359, 93.7835, 9.56257, 150.421, 7.5896, 24.5431, 0.00808583, -146.618, 0.0113529, -81.0793, 0.00774804, 101.269
4252, 70.86667, 7.6042, 93.6338, 9.55841, 150.429, 7.56822, 24.6111, 0.00808264, -146.816, 0.0113349, -81.0303, 0.0077005, 101.266
4253, 70.87500, 7.61479, 93.4836, 9.55435, 150.436, 7.54704, 24.6798, 0.00807944, -147.015, 0.0113172, -80.9821, 0.00765316, 101.263
4253, 70.88333, 7.62537, 93.3329, 9.55037, 150.442, 7.52603, 24.7492, 0.00807623, -147.214, 0.0112996, -80.9347, 0.00760601, 101.262
4254, 70.89167, 7.63594, 93.1815, 9.54648, 150.448, 7.5052, 24.8192, 0.00807301, -147.412, 0.0112821, -80.888, 0.00755904, 101.262
4254, 70.90000, 7.64649, 93.0296, 9.54268, 150.452, 7.48456, 24.89, 0.00806977, -147.611, 0.0112648, -80.8421, 0.00751228, 101.263
4255, 70.90833, 7.65703, 92.8772, 9.53896, 150.456, 7.4641, 24.9614, 0.00806653, -147.809, 0.0112476, -80.7971, 0.0074657, 101.264
4255, 70.91666, 7.66755, 92.7242, 9.53533, 150.459, 7.44381, 25.0334, 0.00806327, -148.007, 0.0112306, -80.7527, 0.00741931, 101.268
4255, 70.92500, 7.67806, 92.5706, 9.53177, 150.461, 7.4237, 25.1061, 0.00805999, -148.206, 0.0112137, -80.7092, 0.00737312, 101.272
4256, 70.93333, 7.68855, 92.4165, 9.52829, 150.462, 7.40378, 25.1795, 0.00805671, -148.404, 0.0111969, -80.6665, 0.00732711, 101.277
4257, 70.94167, 7.69902, 92.2619, 9.52488, 150.463, 7.38403, 25.2534, 0.00805341, -148.602, 0.0111803, -80.6245, 0.00728129, 101.284
4257, 70.95000, 7.70948, 92.1067, 9.52155, 150.462, 7.36445, 25.328, 0.0080501, -148.8, 0.0111638, -80.5834, 0.00723566, 101.291
4258, 70.95834, 7.71992, 91.951, 9.51829, 150.461, 7.34506, 25.4031, 0.00804678, -148.998, 0.0111474, -80.543, 0.00719023, 101.3
4258, 70.96667, 7.73034, 91.7947, 9.51509, 150.458, 7.32584, 25.4789, 0.00804345, -149.196, 0.0111311, -80.5035, 0.00714497, 101.31
4259, 70.97500, 7.74074, 91.6379, 9.51196, 150.455, 7.30679, 25.5552, 0.0080401, -149.394, 0.0111149, -80.4648, 0.00709991, 101.321
4259, 70.98333, 7.75113, 91.4806, 9.5089, 150.451, 7.28792, 25.6321, 0.00803674, -149.592, 0.0110989, -80.4268, 0.00705504, 101.334
4260, 70.99167, 7.7615, 91.3227, 9.5059, 150.446, 7.26922, 25.7095, 0.00803337, -149.79, 0.011083, -80.3897, 0.00701034, 101.347
4260, 71.00000, 7.77184, 91.1643, 9.50295, 150.44, 7.25069, 25.7875, 0.00802998, -149.988, 0.0110672, -80.3533, 0.00696584, 101.362
4261, 71.00833, 7.78217, 91.0054, 9.50007, 150.434, 7.23234, 25.866, 0.00802658, -150.186, 0.0110514, -80.3178, 0.00692153, 101.378
4261, 71.01667, 7.79248, 90.846, 9.49724, 150.426, 7.21415, 25.9451, 0.00802317, -150.384, 0.0110358, -80.2831, 0.0068774, 101.395
4262, 71.02500, 7.80276, 90.686, 9.49447, 150.418, 7.19614, 26.0246, 0.00801975, -150.582, 0.0110203, -80.2492, 0.00683346, 101.414
4262, 71.03333, 7.81303, 90.5256, 9.49175, 150.408, 7.1783, 26.1046, 0.00801631, -150.779, 0.0110049, -80.2161, 0.0067897, 101.434
4263, 71.04166, 7.82327, 90.3646, 9.48907, 150.398, 7.16062, 26.1852, 0.00801286, -150.977, 0.0109896, -80.1838, 0.00674612, 101.455
4263, 71.05000, 7.8335, 90.2031, 9.48645, 150.387, 7.14312, 26.2661, 0.0080094, -151.175, 0.0109744, -80.1523, 0.00670274, 101.477
4263, 71.05833, 7.8437, 90.0412, 9.48387, 150.375, 7.12578, 26.3476, 0.00800592, -151.372, 0.0109592, -80.1217, 0.00665954, 101.501
4264, 71.06667, 7.85388, 89.8787, 9.48134, 150.363, 7.1086, 26.4295, 0.00800243, -151.57, 0.0109442, -80.0918, 0.00661651, 101.526
4265, 71.07500, 7.86403, 89.7157, 9.47885, 150.349, 7.09159, 26.5118, 0.00799893, -151.768, 0.0109292, -80.0628, 0.00657368, 101.552
4265, 71.08334, 7.87417, 89.5522, 9.4764, 150.335, 7.07475, 26.5946, 0.00799541, -151.965, 0.0109144, -80.0346, 0.00653103, 101.58
4266, 71.09167, 7.88428, 89.3882, 9.47399, 150.319, 7.05807, 26.6778, 0.00799188, -152.163, 0.0108996, -80.0071, 0.00648855, 101.609
4266, 71.10000, 7.89436, 89.2238, 9.47162, 150.303, 7.04155, 26.7614, 0.00798834, -152.36, 0.0108849, -79.9805, 0.00644627, 101.639
4267, 71.10833, 7.90443, 89.0588, 9.46928, 150.286, 7.0252, 26.8453, 0.00798478, -152.558, 0.0108702, -79.9547, 0.00640417, 101.671
4267, 71.11667, 7.91447, 88.8934, 9.46697, 150.268, 7.009, 26.9297, 0.00798121, -152.756, 0.0108556, -79.9298, 0.00636224, 101.704
4268, 71.12500, 7.92448, 88.7274, 9.4647, 150.249, 6.99297, 27.0144, 0.00797762, -152.953, 0.0108411, -79.9056, 0.0063205, 101.738
4268, 71.13333, 7.93447, 88.561, 9.46246, 150.23, 6.97709, 27.0995, 0.00797402, -153.151, 0.0108267, -79.8822, 0.00627895, 101.774
4269, 71.14167, 7.94443, 88.3941, 9.46024, 150.209, 6.96137, 27.1849, 0.00797041, -153.348, 0.0108123, -79.8597, 0.00623757, 101.812
4269, 71.15000, 7.95437, 88.2268, 9.45805, 150.188, 6.94581, 27.2706, 0.00796678, -153.546, 0.010798, -79.8379, 0.00619637, 101.85
4270, 71.15833, 7.96428, 88.059, 9.45589, 150.166, 6.93041, 27.3567, 0.00796314, -153.743, 0.0107838, -79.817, 0.00615536, 101.891
4270, 71.16666, 7.97417, 87.8906, 9.45375, 150.143, 6.91516, 27.4431, 0.00795948, -153.941, 0.0107696, -79.7969, 0.00611452, 101.932
4271, 71.17500, 7.98403, 87.7218, 9.45163, 150.119, 6.90007, 27.5297, 0.00795581, -154.138, 0.0107555, -79.7775, 0.00607387, 101.976
4271, 71.18333, 7.99386, 87.5526, 9.44953, 150.094, 6.88513, 27.6167, 0.00795212, -154.336, 0.0107414, -79.759, 0.00603339, 102.02
4271, 71.19167, 8.00367, 87.3829, 9.44745, 150.069, 6.87034, 27.7039, 0.00794842, -154.533, 0.0107274, -79.7413, 0.0059931, 102.066
4272, 71.20000, 8.01345, 87.2127, 9.44539, 150.042, 6.8557, 27.7914, 0.0079447, -154.731, 0.0107134, -79.7244, 0.00595298, 102.114
4273, 71.20834, 8.0232, 87.0421, 9.44334, 150.015, 6.84121, 27.8792, 0.00794097, -154.928, 0.0106995, -79.7082, 0.00591305, 102.164
4273, 71.21667, 8.03292, 86.871, 9.4413, 149.987, 6.82687, 27.9671, 0.00793722, -155.126, 0.0106856, -79.6929, 0.00587329, 102.214
4274, 71.22500, 8.04261, 86.6994, 9.43928, 149.958, 6.81268, 28.0553, 0.00793346, -155.323, 0.0106718, -79.6784, 0.00583371, 102.267
4274, 71.23333, 8.05227, 86.5274, 9.43726, 149.928, 6.79864, 28.1438, 0.00792969, -155.521, 0.010658, -79.6646, 0.00579432, 102.321
4275, 71.24167, 8.06191, 86.3549, 9.43526, 149.898, 6.78474, 28.2324, 0.00792589, -155.718, 0.0106442, -79.6517, 0.0057551, 102.377
4275, 71.25000, 8.07151, 86.1821, 9.43326, 149.867, 6.77099, 28.3212, 0.00792208, -155.916, 0.0106305, -79.6395, 0.00571606, 102.434
4276, 71.25833, 8.08109, 86.0087, 9.43127, 149.834, 6.75738, 28.4102, 0.00791826, -156.113, 0.0106169, -79.6282, 0.00567719, 102.493
4276, 71.26667, 8.09064, 85.8349, 9.42928, 149.802, 6.74392, 28.4994, 0.00791442, -156.311, 0.0106032, -79.6176, 0.00563851, 102.553
4277, 71.27500, 8.10015, 85.6607, 9.4273, 149.768, 6.73059, 28.5887, 0.00791056, -156.508, 0.0105896, -79.6078, 0.0056, 102.616
4277, 71.28333, 8.10963, 85.486, 9.42532, 149.733, 6.71741, 28.6781, 0.00790669, -156.706, 0.010576, -79.5988, 0.00556167, 102.68
4278, 71.29166, 8.11909, 85.3109, 9.42333, 149.698, 6.70436, 28.7677, 0.0079028, -156.903, 0.0105625, -79.5905, 0.00552352, 102.746
4278, 71.30000, 8.12851, 85.1353, 9.42135, 149.662, 6.69146, 28.8575, 0.0078989, -157.101, 0.0105489, -79.5831, 0.00548555, 102.813
4279, 71.30833, 8.1379, 84.9593, 9.41936, 149.625, 6.67869, 28.9473, 0.00789497, -157.299, 0.0105354, -79.5764, 0.00544775, 102.882
4279, 71.31667, 8.14725, 84.7829, 9.41737, 149.587, 6.66606, 29.0372, 0.00789103, -157.496, 0.010522, -79.5704, 0.00541013, 102.953
4279, 71.32500, 8.15658, 84.606, 9.41537, 149.548, 6.65356, 29.1273, 0.00788708, -157.694, 0.0105085, -79.5653, 0.00537269, 103.026
4280, 71.33334, 8.16587, 84.4288, 9.41337, 149.509, 6.6412, 29.2174, 0.00788311, -157.892, 0.0104951, -79.5609, 0.00533543, 103.101
4281, 71.34167, 8.17513, 84.2511, 9.41136, 149.469, 6.62897, 29.3075, 0.00787912, -158.089, 0.0104816, -79.5573, 0.00529833, 103.177
4281, 71.35000, 8.18436, 84.0729, 9.40934, 149.428, 6.61687, 29.3978, 0.00787511, -158.287, 0.0104682, -79.5544, 0.00526142, 103.256
4282, 71.35833, 8.19355, 83.8944, 9.4073, 149.386, 6.6049, 29.488, 0.00787109, -158.485, 0.0104549, -79.5523, 0.00522469, 103.336
4282, 71.36667, 8.20271, 83.7154, 9.40526, 149.344, 6.59306, 29.5784, 0.00786704, -158.683, 0.0104415, -79.551, 0.00518813, 103.418
4283, 71.37500, 8.21183, 83.536, 9.4032, 149.301, 6.58134, 29.6687, 0.00786298, -158.88, 0.0104281, -79.5504, 0.00515175, 103.502
4283, 71.38333, 8.22092, 83.3562, 9.40113, 149.257, 6.56976, 29.7591, 0.00785891, -159.078, 0.0104148, -79.5505, 0.00511555, 103.588
4284, 71.39167, 8.22997, 83.176, 9.39904, 149.212, 6.5583, 29.8494, 0.00785481, -159.276, 0.0104014, -79.5514, 0.00507952, 103.676
4284, 71.40000, 8.23899, 82.9954, 9.39694, 149.167, 6.54696, 29.9398, 0.0078507, -159.474, 0.0103881, -79.553, 0.00504367, 103.766
4285, 71.40833, 8.24798, 82.8143, 9.39481, 149.12, 6.53575, 30.0301, 0.00784656, -159.672, 0.0103747, -79.5554, 0.005008, 103.858
4285, 71.41666, 8.25692, 82.6329, 9.39267, 149.073, 6.52466, 30.1205, 0.00784241, -159.87, 0.0103614, -79.5585, 0.0049725, 103.953
4286, 71.42500, 8.26584, 82.451, 9.3905, 149.026, 6.51369, 30.2107, 0.00783824, -160.068, 0.0103481, -79.5623, 0.00493718, 104.049
4286, 71.43333, 8.27471, 82.2687, 9.38832, 148.977, 6.50284, 30.301, 0.00783405, -160.266, 0.0103347, -79.5669, 0.00490204, 104.147
4287, 71.44167, 8.28355, 82.0861, 9.38611, 148.928, 6.4921, 30.3912, 0.00782985, -160.464, 0.0103214, -79.5722, 0.00486707, 104.247
4287, 71.45000, 8.29235, 81.903, 9.38387, 148.878, 6.48149, 30.4813, 0.00782562, -160.663, 0.0103081, -79.5782, 0.00483229, 104.35
4287, 71.45834, 8.30111, 81.7195, 9.38162, 148.827, 6.47099, 30.5713, 0.00782137, -160.861, 0.0102947, -79.585, 0.00479768, 104.455
4288, 71.46667, 8.30984, 81.5357, 9.37933, 148.776, 6.4606, 30.6613, 0.00781711, -161.059, 0.0102814, -79.5924, 0.00476324, 104.562
4289, 71.47500, 8.31853, 81.3514, 9.37702, 148.724, 6.45033, 30.7511, 0.00781282, -161.257, 0.0102681, -79.6006, 0.00472898, 104.671
4289, 71.48333, 8.32718, 81.1668, 9.37467, 148.671, 6.44017, 30.8409, 0.00780852, -161.456, 0.0102547, -79.6094, 0.0046949, 104.782
4290, 71.49167, 8.33579, 80.9817, 9.3723, 148.617, 6.43012, 30.9306, 0.00780419, -161.654, 0.0102413, -79.619, 0.004661, 104.896
4290, 71.50000, 8.34436, 80.7963, 9.3699, 148.563, 6.42017, 31.0201, 0.00779985, -161.852, 0.010228, -79.6293, 0.00462728, 105.012
4291, 71.50833, 8.35289, 80.6105, 9.36747, 148.508, 6.41034, 31.1095, 0.00779548, -162.051, 0.0102146, -79.6403, 0.00459373, 105.13
4291, 71.51667, 8.36138, 80.4242, 9.365, 148.453, 6.40061, 31.1988, 0.0077911, -162.249, 0.0102012, -79.6519, 0.00456036, 105.251
4292, 71.52500, 8.36983, 80.2376, 9.3625, 148.396, 6.39099, 31.2879, 0.00778669, -162.448, 0.0101878, -79.6643, 0.00452717, 105.374
4292, 71.53333, 8.37825, 80.0507, 9.35996, 148.339, 6.38148, 31.3769, 0.00778226, -162.647, 0.0101743, -79.6773, 0.00449416, 105.499
4293, 71.54166, 8.38662, 79.8633, 9.35739, 148.281, 6.37206, 31.4657, 0.00777781, -162.845, 0.0101609, -79.691, 0.00446132, 105.627
4293, 71.55000, 8.39495, 79.6755, 9.35478, 148.223, 6.36275, 31.5543, 0.00777334, -163.044, 0.0101474, -79.7054, 0.00442866, 105.757
4294, 71.55833, 8.40324, 79.4874, 9.35213, 148.164, 6.35354, 31.6428, 0.00776885, -163.243, 0.0101339, -79.7205, 0.00439619, 105.89
4294, 71.56667, 8.41149, 79.2989, 9.34944, 148.104, 6.34443, 31.731, 0.00776434, -163.442, 0.0101204, -79.7363, 0.00436389, 106.026
4295, 71.57500, 8.41969, 79.11, 9.34671, 148.044, 6.33541, 31.8191, 0.0077598, -163.641, 0.0101069, -79.7527, 0.00433177, 106.164
4295, 71.58334, 8.42786, 78.9208, 9.34394, 147.982, 6.32649, 31.907, 0.00775524, -163.84, 0.0100933, -79.7697, 0.00429983, 106.304
4295, 71.59167, 8.43598, 78.7312, 9.34113, 147.921, 6.31767, 31.9947, 0.00775066, -164.039, 0.0100798, -79.7875, 0.00426807, 106.448
4296, 71.60000, 8.44406, 78.5412, 9.33828, 147.858, 6.30894, 32.0821, 0.00774606, -164.238, 0.0100662, -79.8058, 0.0042365, 106.594
4297, 71.60833, 8.4521, 78.3508, 9.33538, 147.795, 6.3003, 32.1693, 0.00774144, -164.437, 0.0100526, -79.8249, 0.0042051, 106.742
4297, 71.61667, 8.46009, 78.1601, 9.33244, 147.731, 6.29176, 32.2563, 0.00773679, -164.636, 0.0100389, -79.8446, 0.00417388, 106.894
4298, 71.62500, 8.46804, 77.969, 9.32946, 147.667, 6.2833, 32.3431, 0.00773212, -164.835, 0.0100252, -79.8649, 0.00414285, 107.048
4298, 71.63333, 8.47594, 77.7776, 9.32642, 147.602, 6.27494, 32.4296, 0.00772743, -165.035, 0.0100115, -79.8859, 0.00411199, 107.205
4299, 71.64167, 8.4838, 77.5857, 9.32334, 147.536, 6.26665, 32.5159, 0.00772271, -165.234, 0.00999778, -79.9075, 0.00408132, 107.364
4299, 71.65000, 8.49162, 77.3936, 9.32021, 147.47, 6.25846, 32.6019, 0.00771797, -165.434, 0.00998401, -79.9297, 0.00405083, 107.527
4300, 71.65833, 8.49939, 77.201, 9.31703, 147.403, 6.25035, 32.6876, 0.00771321, -165.633, 0.00997021, -79.9525, 0.00402053, 107.693
4300, 71.66666, 8.50711, 77.0081, 9.3138, 147.335, 6.24233, 32.7731, 0.00770842, -165.833, 0.00995638, -79.976, 0.0039904, 107.861
4301, 71.67500, 8.51479, 76.8149, 9.31053, 147.267, 6.23438, 32.8583, 0.00770361, -166.033, 0.00994251, -80.0001, 0.00396047, 108.032
4301, 71.68333, 8.52243, 76.6213, 9.3072, 147.198, 6.22652, 32.9432, 0.00769877, -166.232, 0.00992861, -80.0248, 0.00393071, 108.207
4302, 71.69167, 8.53001, 76.4273, 9.30381, 147.129, 6.21874, 33.0279, 0.00769391, -166.432, 0.00991467, -80.0501, 0.00390114, 108.384
4302, 71.70000, 8.53755, 76.233, 9.30038, 147.059, 6.21103, 33.1122, 0.00768902, -166.632, 0.0099007, -80.076, 0.00387176, 108.565
4303, 71.70834, 8.54505, 76.0384, 9.29689, 146.988, 6.2034, 33.1963, 0.00768411, -166.832, 0.00988669, -80.1025, 0.00384256, 108.749
4303, 71.71667, 8.5525, 75.8434, 9.29334, 146.917, 6.19585, 33.28, 0.00767918, -167.032, 0.00987264, -80.1297, 0.00381355, 108.936
4303, 71.72500, 8.55989, 75.648, 9.28974, 146.845, 6.18837, 33.3634, 0.00767421, -167.232, 0.00985855, -80.1574, 0.00378472, 109.126
4304, 71.73333, 8.56725, 75.4523, 9.28609, 146.773, 6.18097, 33.4466, 0.00766923, -167.432, 0.00984443, -80.1856, 0.00375609, 109.319
4305, 71.74167, 8.57455, 75.2563, 9.28237, 146.699, 6.17363, 33.5294, 0.00766421, -167.633, 0.00983026, -80.2145, 0.00372764, 109.516
4305, 71.75000, 8.5818, 75.0599, 9.2786, 146.626, 6.16637, 33.6119, 0.00765918, -167.833, 0.00981605, -80.244, 0.00369938, 109.716
4306, 71.75833, 8.58901, 74.8632, 9.27477, 146.552, 6.15918, 33.694, 0.00765411, -168.033, 0.0098018, -80.274, 0.00367131, 109.919
4306, 71.76667, 8.59617, 74.6661, 9.27088, 146.477, 6.15205, 33.7759, 0.00764902, -168.234, 0.0097875, -80.3046, 0.00364343, 110.126
4307, 71.77500, 8.60327, 74.4687, 9.26693, 146.402, 6.14499, 33.8574, 0.0076439, -168.435, 0.00977316, -80.3358, 0.00361574, 110.336
4307, 71.78333, 8.61033, 74.271, 9.26292, 146.326, 6.13799, 33.9385, 0.00763876, -168.635, 0.00975878, -80.3675, 0.00358824, 110.549
4308, 71.79166, 8.61734, 74.0729, 9.25885, 146.249, 6.13106, 34.0193, 0.00763358, -168.836, 0.00974435, -80.3998, 0.00356094, 110.767
4308, 71.80000, 8.62429, 73.8746, 9.25472, 146.172, 6.1242, 34.0998, 0.00762839, -169.037, 0.00972987, -80.4326, 0.00353382, 110.987
4309, 71.80833, 8.6312, 73.6758, 9.25052, 146.095, 6.11739, 34.1799, 0.00762316, -169.238, 0.00971535, -80.466, 0.00350691, 111.212
4309, 71.81667, 8.63805, 73.4768, 9.24627, 146.017, 6.11064, 34.2597, 0.0076179, -169.439, 0.00970078, -80.4999, 0.00348018, 111.439
4310, 71.82500, 8.64486, 73.2774, 9.24194, 145.938, 6.10395, 34.3391, 0.00761262, -169.64, 0.00968616, -80.5343, 0.00345365, 111.671
4310, 71.83334, 8.65161, 73.0777, 9.23755, 145.859, 6.09732, 34.4182, 0.00760731, -169.841, 0.0096715, -80.5693, 0.00342732, 111.906
4311, 71.84167, 8.65831, 72.8777, 9.2331, 145.779, 6.09075, 34.4969, 0.00760197, -170.042, 0.00965678, -80.6049, 0.00340119, 112.146
4311, 71.85000, 8.66495, 72.6773, 9.22858, 145.699, 6.08423, 34.5753, 0.00759661, -170.243, 0.00964202, -80.6409, 0.00337525, 112.388
4311, 71.85833, 8.67155, 72.4766, 9.224, 145.618, 6.07776, 34.6533, 0.00759121, -170.445, 0.0096272, -80.6775, 0.00334951, 112.635
4312, 71.86667, 8.67809, 72.2756, 9.21934, 145.537, 6.07135, 34.7309, 0.00758579, -170.646, 0.00961233, -80.7146, 0.00332397, 112.886
4313, 71.87500, 8.68458, 72.0743, 9.21462, 145.455, 6.06499, 34.8081, 0.00758033, -170.848, 0.00959741, -80.7521, 0.00329864, 113.14
4313, 71.88333, 8.69101, 71.8727, 9.20984, 145.372, 6.05867, 34.885, 0.00757485, -171.049, 0.00958244, -80.7902, 0.0032735, 113.399
4314, 71.89167, 8.69739, 71.6708, 9.20498, 145.29, 6.05241, 34.9615, 0.00756934, -171.251, 0.00956741, -80.8288, 0.00324857, 113.661
4314, 71.90000, 8.70372, 71.4685, 9.20005, 145.206, 6.0462, 35.0377, 0.00756379, -171.453, 0.00955234, -80.8679, 0.00322384, 113.928
4315, 71.90833, 8.70999, 71.2659, 9.19505, 145.122, 6.04003, 35.1134, 0.00755822, -171.655, 0.0095372, -80.9075, 0.00319932, 114.199
4315, 71.91666, 8.7162, 71.063, 9.18999, 145.038, 6.0339, 35.1888, 0.00755262, -171.857, 0.00952201, -80.9476, 0.003175, 114.474
4316, 71.92500, 8.72236, 70.8599, 9.18485, 144.953, 6.02782, 35.2638, 0.00754698, -172.059, 0.00950677, -80.9882, 0.00315089, 114.753
4316, 71.93333, 8.72847, 70.6564, 9.17964, 144.868, 6.02178, 35.3384, 0.00754132, -172.261, 0.00949147, -81.0292, 0.00312698, 115.036
4316, 71.94167, 8.73452, 70.4526, 9.17435, 144.782, 6.01579, 35.4127, 0.00753562, -172.463, 0.00947612, -81.0707, 0.00310329, 115.323
4317, 71.95000, 8.74051, 70.2485, 9.16899, 144.696, 6.00983, 35.4866, 0.0075299, -172.666, 0.00946071, -81.1127, 0.0030798, 115.615
4318, 71.95834, 8.74645, 70.0441, 9.16357, 144.609, 6.00391, 35.5601, 0.00752414, -172.868, 0.00944524, -81.1551, 0.00305653, 115.911
4318, 71.96667, 8.75233, 69.8394, 9.15806, 144.522, 5.99803, 35.6332, 0.00751835, -173.071, 0.00942971, -81.198, 0.00303347, 116.212
4319, 71.97500, 8.75815, 69.6344, 9.15248, 144.434, 5.99219, 35.7059, 0.00751253, -173.273, 0.00941413, -81.2414, 0.00301062, 116.517
4319, 71.98333, 8.76391, 69.4291, 9.14683, 144.346, 5.98638, 35.7783, 0.00750668, -173.476, 0.00939848, -81.2852, 0.00298799, 116.826
4319, 71.99167, 8.76962, 69.2235, 9.1411, 144.258, 5.98061, 35.8503, 0.00750079, -173.679, 0.00938278, -81.3295, 0.00296557, 117.14
4320, 72.00000, 8.77526, 69.0176, 9.1353, 144.168, 5.97487, 35.9219, 0.00749488, -173.882, 0.00936702, -81.3741, 0.00294338, 117.458
4321, 72.00833, 8.78085, 68.8114, 9.12942, 144.079, 5.96916, 35.9931, 0.00748893, -174.085, 0.0093512, -81.4193, 0.0029214, 117.781
4321, 72.01667, 8.78638, 68.6049, 9.12346, 143.989, 5.96348, 36.064, 0.00748294, -174.288, 0.00933532, -81.4648, 0.00289964, 118.108
4322, 72.02500, 8.79185, 68.3982, 9.11743, 143.899, 5.95784, 36.1345, 0.00747693, -174.491, 0.00931938, -81.5108, 0.0028781, 118.44
4322, 72.03333, 8.79726, 68.1911, 9.11132, 143.808, 5.95222, 36.2046, 0.00747088, -174.694, 0.00930337, -81.5572, 0.00285678, 118.777
4323, 72.04166, 8.80262, 67.9838, 9.10513, 143.717, 5.94662, 36.2743, 0.00746479, -174.897, 0.00928731, -81.604, 0.00283569, 119.119
4323, 72.05000, 8.80791, 67.7762, 9.09886, 143.625, 5.94106, 36.3436, 0.00745868, -175.101, 0.00927118, -81.6513, 0.00281482, 119.465
4324, 72.05833, 8.81314, 67.5683, 9.09251, 143.533, 5.93552, 36.4126, 0.00745253, -175.304, 0.009255, -81.6989, 0.00279418, 119.816
4324, 72.06667, 8.81831, 67.3601, 9.08609, 143.441, 5.93, 36.4813, 0.00744634, -175.508, 0.00923874, -81.7469, 0.00277377, 120.171
4324, 72.07500, 8.82341, 67.1516, 9.07958, 143.348, 5.92451, 36.5495, 0.00744012, -175.712, 0.00922243, -81.7954, 0.00275359, 120.532
4325, 72.08334, 8.82846, 66.9429, 9.07299, 143.254, 5.91904, 36.6174, 0.00743387, -175.915, 0.00920606, -81.8442, 0.00273364, 120.897
4326, 72.09167, 8.83345, 66.7339, 9.06633, 143.161, 5.91359, 36.6849, 0.00742758, -176.119, 0.00918962, -81.8934, 0.00271391, 121.267
4326, 72.10000, 8.83837, 66.5246, 9.05958, 143.067, 5.90816, 36.7521, 0.00742126, -176.323, 0.00917311, -81.943, 0.00269443, 121.642
4327, 72.10833, 8.84323, 66.315, 9.05275, 142.972, 5.90275, 36.8189, 0.0074149, -176.527, 0.00915655, -81.993, 0.00267518, 122.022
4327, 72.11667, 8.84803, 66.1052, 9.04584, 142.877, 5.89735, 36.8854, 0.00740851, -176.731, 0.00913992, -82.0433, 0.00265616, 122.407
4328, 72.12500, 8.85276, 65.8951, 9.03885, 142.782, 5.89197, 36.9515, 0.00740208, -176.935, 0.00912322, -82.094, 0.00263739, 122.796
4328, 72.13333, 8.85743, 65.6848, 9.03177, 142.687, 5.88661, 37.0172, 0.00739561, -177.14, 0.00910646, -82.1451, 0.00261885, 123.191
4329, 72.14167, 8.86204, 65.4741, 9.02461, 142.591, 5.88127, 37.0826, 0.00738911, -177.344, 0.00908964, -82.1965, 0.00260055, 123.59
4329, 72.15000, 8.86658, 65.2632, 9.01737, 142.494, 5.87593, 37.1477, 0.00738257, -177.549, 0.00907275, -82.2483, 0.00258249, 123.994
4330, 72.15833, 8.87106, 65.0521, 9.01005, 142.397, 5.87061, 37.2124, 0.007376, -177.753, 0.0090558, -82.3004, 0.00256468, 124.404
4330, 72.16666, 8.87547, 64.8407, 9.00264, 142.3, 5.8653, 37.2768, 0.00736939, -177.958, 0.00903877, -82.3529, 0.00254712, 124.818
4331, 72.17500, 8.87982, 64.629, 8.99515, 142.203, 5.86, 37.3409, 0.00736274, -178.163, 0.00902169, -82.4057, 0.0025298, 125.237
4331, 72.18333, 8.8841, 64.4171, 8.98757, 142.105, 5.85471, 37.4046, 0.00735606, -178.367, 0.00900454, -82.4588, 0.00251273, 125.661
4332, 72.19167, 8.88832, 64.2049, 8.97991, 142.007, 5.84943, 37.468, 0.00734934, -178.572, 0.00898732, -82.5123, 0.0024959, 126.09
4332, 72.20000, 8.89247, 63.9925, 8.97216, 141.909, 5.84416, 37.5311, 0.00734258, -178.777, 0.00897004, -82.566, 0.00247933, 126.524
4332, 72.20834, 8.89655, 63.7798, 8.96433, 141.81, 5.83889, 37.5939, 0.00733578, -178.982, 0.00895269, -82.6201, 0.00246301, 126.963
4333, 72.21667, 8.90057, 63.5668, 8.95641, 141.711, 5.83363, 37.6563, 0.00732895, -179.187, 0.00893527, -82.6745, 0.00244695, 127.406
4334, 72.22500, 8.90452, 63.3537, 8.94841, 141.611, 5.82837, 37.7185, 0.00732207, -179.393, 0.00891779, -82.7292, 0.00243114, 127.855
4334, 72.23333, 8.90841, 63.1402, 8.94032, 141.512, 5.82312, 37.7803, 0.00731516, -179.598, 0.00890024, -82.7842, 0.00241558, 128.308
4335, 72.24167, 8.91222, 62.9266, 8.93215, 141.411, 5.81787, 37.8419, 0.00730821, -179.803, 0.00888262, -82.8395, 0.00240029, 128.766
4335, 72.25000, 8.91597, 62.7127, 8.92389, 141.311, 5.81262, 37.9031, 0.00730123, 179.991, 0.00886494, -82.8951, 0.00238525, 129.229
4336, 72.25833, 8.91965, 62.4985, 8.91554, 141.21, 5.80738, 37.9641, 0.0072942, 179.785, 0.00884719, -82.951, 0.00237047, 129.697
4336, 72.26667, 8.92326, 62.2841, 8.9071, 141.109, 5.80213, 38.0248, 0.00728713, 179.58, 0.00882937, -83.0071, 0.00235596, 130.169
4337, 72.27500, 8.92681, 62.0695, 8.89858, 141.008, 5.79689, 38.0852, 0.00728003, 179.374, 0.00881148, -83.0635, 0.0023417, 130.646
4337, 72.28333, 8.93028, 61.8547, 8.88997, 140.907, 5.79164, 38.1454, 0.00727289, 179.168, 0.00879353, -83.1202, 0.00232772, 131.128
4338, 72.29166, 8.93369, 61.6396, 8.88127, 140.805, 5.78639, 38.2052, 0.0072657, 178.962, 0.00877551, -83.1772, 0.00231399, 131.614
4338, 72.30000, 8.93702, 61.4243, 8.87249, 140.702, 5.78114, 38.2649, 0.00725848, 178.756, 0.00875742, -83.2344, 0.00230053, 132.105
4339, 72.30833, 8.94029, 61.2088, 8.86362, 140.6, 5.77588, 38.3242, 0.00725122, 178.55, 0.00873927, -83.2918, 0.00228735, 132.6
4339, 72.31667, 8.94348, 60.993, 8.85465, 140.497, 5.77062, 38.3833, 0.00724391, 178.344, 0.00872105, -83.3495, 0.00227442, 133.1
4340, 72.32500, 8.9466, 60.777, 8.8456, 140.394, 5.76535, 38.4422, 0.00723657, 178.138, 0.00870276, -83.4075, 0.00226177, 133.603
4340, 72.33334, 8.94966, 60.5608, 8.83646, 140.291, 5.76008, 38.5008, 0.00722919, 177.932, 0.0086844, -83.4657, 0.00224939, 134.112
4340, 72.34167, 8.95264, 60.3444, 8.82724, 140.188, 5.7548, 38.5592, 0.00722176, 177.725, 0.00866598, -83.5241, 0.00223728, 134.624
4341, 72.35000, 8.95555, 60.1277, 8.81792, 140.084, 5.74952, 38.6174, 0.0072143, 177.519, 0.00864748, -83.5827, 0.00222545, 135.14
4342, 72.35833, 8.95839, 59.9109, 8.80852, 139.98, 5.74422, 38.6754, 0.00720679, 177.312, 0.00862893, -83.6416, 0.00221389, 135.661
4342, 72.36667, 8.96116, 59.6938, 8.79902, 139.876, 5.73891, 38.7331, 0.00719924, 177.106, 0.0086103, -83.7006, 0.0022026, 136.185
4343, 72.37500, 8.96385, 59.4765, 8.78944, 139.771, 5.7336, 38.7907, 0.00719165, 176.899, 0.0085916, -83.7599, 0.00219158, 136.713
4343, 72.38333, 8.96647, 59.2591, 8.77977, 139.666, 5.72828, 38.848, 0.00718402, 176.693, 0.00857284, -83.8194, 0.00218084, 137.245
4344, 72.39167, 8.96902, 59.0413, 8.77, 139.561, 5.72294, 38.9052, 0.00717635, 176.486, 0.00855401, -83.879, 0.00217038, 137.78
4344, 72.40000, 8.9715, 58.8235, 8.76015, 139.456, 5.71759, 38.9622, 0.00716864, 176.279, 0.00853512, -83.9389, 0.00216019, 138.319
4345, 72.40833, 8.9739, 58.6054, 8.75021, 139.351, 5.71223, 39.019, 0.00716088, 176.072, 0.00851616, -83.9989, 0.00215028, 138.861
4345, 72.41666, 8.97623, 58.3871, 8.74018, 139.245, 5.70685, 39.0757, 0.00715309, 175.865, 0.00849712, -84.0591, 0.00214065, 139.407
4346, 72.42500, 8.97849, 58.1686, 8.73006, 139.139, 5.70147, 39.1321, 0.00714525, 175.658, 0.00847803, -84.1195, 0.00213129, 139.956
4346, 72.43333, 8.98067, 57.9499, 8.71985, 139.033, 5.69606, 39.1885, 0.00713737, 175.451, 0.00845887, -84.1801, 0.00212221, 140.507
4347, 72.44167, 8.98278, 57.731, 8.70955, 138.927, 5.69064, 39.2447, 0.00712944, 175.244, 0.00843963, -84.2408, 0.00211341, 141.062
4347, 72.45000, 8.98481, 57.5119, 8.69916, 138.821, 5.68521, 39.3007, 0.00712147, 175.036, 0.00842034, -84.3017, 0.00210489, 141.62
4348, 72.45834, 8.98676, 57.2927, 8.68867, 138.714, 5.67976, 39.3566, 0.00711346, 174.829, 0.00840097, -84.3627, 0.00209664, 142.18
4348, 72.46667, 8.98865, 57.0732, 8.6781, 138.607, 5.67429, 39.4124, 0.00710541, 174.622, 0.00838154, -84.4239, 0.00208868, 142.742
4348, 72.47500, 8.99045, 56.8536, 8.66744, 138.501, 5.66881, 39.4681, 0.00709732, 174.414, 0.00836205, -84.4852, 0.00208099, 143.307
4349, 72.48333, 8.99218, 56.6338, 8.65669, 138.393, 5.6633, 39.5237, 0.00708918, 174.207, 0.00834249, -84.5466, 0.00207357, 143.875
4350, 72.49167, 8.99384, 56.4138, 8.64585, 138.286, 5.65778, 39.5792, 0.00708099, 173.999, 0.00832286, -84.6082, 0.00206644, 144.444
4350, 72.50000, 8.99542, 56.1936, 8.63491, 138.179, 5.65224, 39.6346, 0.00707277, 173.792, 0.00830316, -84.6698, 0.00205958, 145.015
4351, 72.50833, 8.99692, 55.9733, 8.62389, 138.071, 5.64668, 39.6899, 0.0070645, 173.584, 0.0082834, -84.7316, 0.00205299, 145.588
4351, 72.51667, 8.99835, 55.7527, 8.61278, 137.963, 5.6411, 39.7452, 0.00705618, 173.376, 0.00826358, -84.7935, 0.00204668, 146.163
4352, 72.52500, 8.9997, 55.532, 8.60157, 137.855, 5.6355, 39.8004, 0.00704783, 173.168, 0.00824369, -84.8556, 0.00204064, 146.739
4352, 72.53333, 9.00097, 55.3112, 8.59028, 137.747, 5.62988, 39.8555, 0.00703943, 172.961, 0.00822373, -84.9176, 0.00203488, 147.316
4353, 72.54166, 9.00216, 55.0902, 8.5789, 137.639, 5.62423, 39.9106, 0.00703098, 172.753, 0.00820371, -84.9799, 0.00202939, 147.894
4353, 72.55000, 9.00328, 54.869, 8.56742, 137.531, 5.61857, 39.9657, 0.00702249, 172.545, 0.00818363, -85.0421, 0.00202417, 148.474
4354, 72.55833, 9.00432, 54.6477, 8.55586, 137.422, 5.61288, 40.0207, 0.00701396, 172.337, 0.00816348, -85.1045, 0.00201922, 149.054
4354, 72.56667, 9.00528, 54.4261, 8.54421, 137.314, 5.60717, 40.0758, 0.00700538, 172.129, 0.00814327, -85.1669, 0.00201454, 149.635
4355, 72.57500, 9.00617, 54.2045, 8.53246, 137.205, 5.60143, 40.1308, 0.00699676, 171.921, 0.00812299, -85.2294, 0.00201013, 150.216
4355, 72.58334, 9.00697, 53.9827, 8.52063, 137.096, 5.59567, 40.1858, 0.00698809, 171.713, 0.00810265, -85.2919, 0.00200598, 150.798
4356, 72.59167, 9.0077, 53.7607, 8.5087, 136.987, 5.58989, 40.2409, 0.00697938, 171.505, 0.00808225, -85.3545, 0.00200209, 151.38
4356, 72.60000, 9.00835, 53.5386, 8.49669, 136.878, 5.58409, 40.2959, 0.00697062, 171.297, 0.00806178, -85.4172, 0.00199847, 151.961
4356, 72.60833, 9.00891, 53.3164, 8.48459, 136.769, 5.57826, 40.351, 0.00696182, 171.088, 0.00804126, -85.4798, 0.00199511, 152.543
4357, 72.61667, 9.0094, 53.094, 8.47239, 136.66, 5.5724, 40.4062, 0.00695297, 170.88, 0.00802066, -85.5426, 0.00199201, 153.124
4358, 72.62500, 9.00981, 52.8715, 8.46011, 136.55, 5.56652, 40.4614, 0.00694408, 170.672, 0.00800001, -85.6053, 0.00198917, 153.705
4358, 72.63333, 9.01014, 52.6488, 8.44774, 136.441, 5.56061, 40.5166, 0.00693514, 170.464, 0.0079793, -85.6681, 0.00198658, 154.285
4359, 72.64167, 9.0104, 52.426, 8.43528, 136.332, 5.55468, 40.572, 0.00692616, 170.255, 0.00795852, -85.7308, 0.00198424, 154.864
4359, 72.65000, 9.01057, 52.2031, 8.42273, 136.222, 5.54872, 40.6274, 0.00691713, 170.047, 0.00793768, -85.7936, 0.00198216, 155.442
4360, 72.65833, 9.01066, 51.98, 8.41009, 136.113, 5.54274, 40.6829, 0.00690806, 169.839, 0.00791679, -85.8564, 0.00198032, 156.019
4360, 72.66666, 9.01067, 51.7568, 8.39736, 136.003, 5.53673, 40.7385, 0.00689894, 169.63, 0.00789583, -85.9192, 0.00197873, 156.595
4361, 72.67500, 9.0106, 51.5335, 8.38454, 135.893, 5.53069, 40.7943, 0.00688977, 169.422, 0.00787481, -85.9819, 0.00197739, 157.169
4361, 72.68333, 9.01045, 51.3101, 8.37164, 135.784, 5.52462, 40.8501, 0.00688056, 169.213, 0.00785373, -86.0447, 0.00197628, 157.742
4362, 72.69167, 9.01022, 51.0865, 8.35864, 135.674, 5.51853, 40.9061, 0.00687131, 169.005, 0.00783259, -86.1074, 0.00197542, 158.313
4362, 72.70000, 9.00991, 50.8629, 8.34556, 135.564, 5.51241, 40.9623, 0.00686201, 168.796, 0.0078114, -86.1701, 0.00197479, 158.881
4363, 72.70834, 9.00951, 50.6391, 8.33239, 135.454, 5.50627, 41.0186, 0.00685266, 168.588, 0.00779014, -86.2327, 0.00197439, 159.448
4363, 72.71667, 9.00904, 50.4152, 8.31913, 135.344, 5.50009, 41.075, 0.00684327, 168.379, 0.00776883, -86.2953, 0.00197423, 160.013
4364, 72.72500, 9.00848, 50.1912, 8.30579, 135.234, 5.49389, 41.1317, 0.00683383, 168.171, 0.00774746, -86.3578, 0.00197429, 160.575
4364, 72.73333, 9.00785, 49.9671, 8.29235, 135.124, 5.48766, 41.1885, 0.00682434, 167.962, 0.00772603, -86.4203, 0.00197458, 161.135
4364, 72.74167, 9.00713, 49.7429, 8.27883, 135.015, 5.4814, 41.2456, 0.00681481, 167.754, 0.00770454, -86.4827, 0.00197509, 161.692
4365, 72.75000, 9.00633, 49.5186, 8.26522, 134.905, 5.47512, 41.3028, 0.00680524, 167.545, 0.007683, -86.5451, 0.00197582, 162.246
4366, 72.75833, 9.00545, 49.2942, 8.25153, 134.795, 5.46881, 41.3603, 0.00679561, 167.337, 0.00766141, -86.6073, 0.00197676, 162.798
4366, 72.76667, 9.00449, 49.0697, 8.23775, 134.685, 5.46246, 41.418, 0.00678595, 167.128, 0.00763975, -86.6695, 0.00197792, 163.347
4367, 72.77500, 9.00344, 48.8451, 8.22388, 134.575, 5.45609, 41.476, 0.00677623, 166.919, 0.00761804, -86.7316, 0.00197929, 163.892
4367, 72.78333, 9.00231, 48.6204, 8.20993, 134.465, 5.4497, 41.5342, 0.00676647, 166.711, 0.00759628, -86.7935, 0.00198086, 164.434
4368, 72.79166, 9.0011, 48.3956, 8.19589, 134.355, 5.44327, 41.5927, 0.00675666, 166.502, 0.00757446, -86.8554, 0.00198264, 164.974
4368, 72.80000, 8.99981, 48.1708, 8.18177, 134.246, 5.43682, 41.6515, 0.00674681, 166.294, 0.00755259, -86.9172, 0.00198462, 165.509
4369, 72.80833, 8.99844, 47.9459, 8.16756, 134.136, 5.43034, 41.7106, 0.00673691, 166.085, 0.00753067, -86.9788, 0.00198679, 166.041
4369, 72.81667, 8.99698, 47.7209, 8.15327, 134.026, 5.42383, 41.7699, 0.00672697, 165.877, 0.00750869, -87.0403, 0.00198916, 166.57
4370, 72.82500, 8.99544, 47.4958, 8.13889, 133.916, 5.41729, 41.8296, 0.00671698, 165.668, 0.00748666, -87.1016, 0.00199172, 167.095
4370, 72.83334, 8.99382, 47.2707, 8.12443, 133.807, 5.41073, 41.8897, 0.00670694, 165.46, 0.00746458, -87.1628, 0.00199447, 167.616
4371, 72.84167, 8.99211, 47.0455, 8.10988, 133.697, 5.40413, 41.95, 0.00669685, 165.251, 0.00744244, -87.2239, 0.0019974, 168.133
4371, 72.85000, 8.99033, 46.8202, 8.09525, 133.588, 5.39751, 42.0108, 0.00668672, 165.043, 0.00742026, -87.2848, 0.00200051, 168.646
4372, 72.85833, 8.98846, 46.5949, 8.08054, 133.478, 5.39087, 42.0718, 0.00667655, 164.834, 0.00739803, -87.3455, 0.00200379, 169.155
4372, 72.86667, 8.9865, 46.3695, 8.06574, 133.369, 5.38419, 42.1333, 0.00666633, 164.626, 0.00737574, -87.406, 0.00200726, 169.661
4372, 72.87500, 8.98447, 46.144, 8.05086, 133.26, 5.37749, 42.1952, 0.00665606, 164.417, 0.00735341, -87.4664, 0.00201089, 170.162
4373, 72.88333, 8.98235, 45.9185, 8.0359, 133.151, 5.37076, 42.2574, 0.00664574, 164.209, 0.00733103, -87.5266, 0.00201469, 170.659
4374, 72.89167, 8.98014, 45.693, 8.02086, 133.042, 5.36401, 42.3201, 0.00663538, 164.001, 0.0073086, -87.5865, 0.00201865, 171.152
4374, 72.90000, 8.97786, 45.4674, 8.00573, 132.933, 5.35723, 42.3832, 0.00662498, 163.792, 0.00728612, -87.6463, 0.00202277, 171.64
4375, 72.90833, 8.97549, 45.2418, 7.99053, 132.824, 5.35042, 42.4467, 0.00661453, 163.584, 0.0072636, -87.7059, 0.00202705, 172.124
4375, 72.91666, 8.97304, 45.0161, 7.97524, 132.715, 5.34359, 42.5107, 0.00660403, 163.376, 0.00724103, -87.7652, 0.00203148, 172.604
4376, 72.92500, 8.97051, 44.7904, 7.95987, 132.607, 5.33673, 42.5752, 0.00659348, 163.168, 0.00721841, -87.8243, 0.00203607, 173.079
4376, 72.93333, 8.96789, 44.5646, 7.94443, 132.498, 5.32985, 42.6401, 0.0065829, 162.96, 0.00719575, -87.8831, 0.0020408, 173.55
4377, 72.94167, 8.96519, 44.3388, 7.9289, 132.39, 5.32294, 42.7056, 0.00657226, 162.751, 0.00717304, -87.9418, 0.00204567, 174.017
4377, 72.95000, 8.96241, 44.113, 7.9133, 132.282, 5.316, 42.7715, 0.00656158, 162.543, 0.0071503, -88.0001, 0.00205069, 174.479
4378, 72.95834, 8.95954, 43.8872, 7.89761, 132.174, 5.30905, 42.8379, 0.00655085, 162.335, 0.0071275, -88.0582, 0.00205584, 174.936
4378, 72.96667, 8.95659, 43.6613, 7.88185, 132.066, 5.30207, 42.9049, 0.00654008, 162.127, 0.00710467, -88.1161, 0.00206112, 175.389
4379, 72.97500, 8.95356, 43.4355, 7.86601, 131.958, 5.29506, 42.9724, 0.00652926, 161.919, 0.00708179, -88.1736, 0.00206654, 175.837
4379, 72.98333, 8.95044, 43.2096, 7.85009, 131.851, 5.28803, 43.0404, 0.0065184, 161.712, 0.00705887, -88.2309, 0.00207208, 176.281
4380, 72.99167, 8.94724, 42.9837, 7.8341, 131.743, 5.28098, 43.1091, 0.00650749, 161.504, 0.00703591, -88.2879, 0.00207775, 176.721
4380, 73.00000, 8.94396, 42.7578, 7.81803, 131.636, 5.27391, 43.1783, 0.00649654, 161.296, 0.00701291, -88.3445, 0.00208354, 177.155
4380, 73.00833, 8.9406, 42.5319, 7.80188, 131.529, 5.26682, 43.248, 0.00648554, 161.088, 0.00698987, -88.4009, 0.00208945, 177.585
4381, 73.01667, 8.93715, 42.306, 7.78566, 131.422, 5.2597, 43.3184, 0.0064745, 160.881, 0.00696679, -88.457, 0.00209547, 178.011
4382, 73.02500, 8.93362, 42.0801, 7.76936, 131.316, 5.25257, 43.3895, 0.00646341, 160.673, 0.00694368, -88.5127, 0.00210161, 178.432
4382, 73.03333, 8.93, 41.8542, 7.75299, 131.209, 5.24541, 43.4611, 0.00645228, 160.466, 0.00692053, -88.568, 0.00210785, 178.848
4383, 73.04166, 8.92631, 41.6282, 7.73654, 131.103, 5.23824, 43.5334, 0.0064411, 160.258, 0.00689733, -88.6231, 0.0021142, 179.26
4383, 73.05000, 8.92253, 41.4024, 7.72003, 130.997, 5.23104, 43.6063, 0.00642987, 160.051, 0.00687411, -88.6778, 0.00212065, 179.668
4384, 73.05833, 8.91867, 41.1765, 7.70343, 130.892, 5.22383, 43.6799, 0.00641861, 159.844, 0.00685085, -88.7321, 0.00212721, -179.93
4384, 73.06667, 8.91473, 40.9506, 7.68677, 130.786, 5.2166, 43.7542, 0.00640729, 159.637, 0.00682755, -88.7861, 0.00213386, -179.531
4385, 73.07500, 8.9107, 40.7248, 7.67003, 130.681, 5.20935, 43.8292, 0.00639594, 159.43, 0.00680422, -88.8396, 0.00214061, -179.137
4385, 73.08334, 8.90659, 40.499, 7.65323, 130.576, 5.20209, 43.9048, 0.00638454, 159.223, 0.00678086, -88.8928, 0.00214744, -178.748
4386, 73.09167, 8.9024, 40.2732, 7.63635, 130.471, 5.19481, 43.9812, 0.00637309, 159.016, 0.00675746, -88.9456, 0.00215437, -178.363
4386, 73.10000, 8.89813, 40.0474, 7.6194, 130.367, 5.18751, 44.0584, 0.0063616, 158.809, 0.00673403, -88.998, 0.00216138, -177.983
4387, 73.10833, 8.89378, 39.8217, 7.60238, 130.262, 5.1802, 44.1362, 0.00635007, 158.603, 0.00671057, -89.05, 0.00216848, -177.607
4387, 73.11667, 8.88934, 39.596, 7.58529, 130.158, 5.17287, 44.2149, 0.0063385, 158.396, 0.00668708, -89.1015, 0.00217566, -177.235
4388, 73.12500, 8.88482, 39.3704, 7.56813, 130.055, 5.16554, 44.2943, 0.00632688, 158.189, 0.00666356, -89.1526, 0.00218292, -176.868
4388, 73.13333, 8.88023, 39.1448, 7.55091, 129.951, 5.15818, 44.3745, 0.00631521, 157.983, 0.00664002, -89.2033, 0.00219025, -176.505
4388, 73.14167, 8.87555, 38.9192, 7.53362, 129.848, 5.15082, 44.4555, 0.00630351, 157.777, 0.00661644, -89.2536, 0.00219766, -176.146
4389, 73.15000, 8.87078, 38.6937, 7.51626, 129.745, 5.14345, 44.5372, 0.00629176, 157.571, 0.00659284, -89.3033, 0.00220514, -175.792
4390, 73.15833, 8.86594, 38.4683, 7.49883, 129.643, 5.13606, 44.6198, 0.00627997, 157.365, 0.00656921, -89.3526, 0.00221269, -175.442
4390, 73.16666, 8.86102, 38.2429, 7.48134, 129.541, 5.12867, 44.7033, 0.00626813, 157.159, 0.00654555, -89.4015, 0.0022203, -175.096
4391, 73.17500, 8.85601, 38.0176, 7.46379, 129.439, 5.12127, 44.7876, 0.00625625, 156.953, 0.00652187, -89.4498, 0.00222798, -174.754
4391, 73.18333, 8.85093, 37.7923, 7.44617, 129.337, 5.11386, 44.8727, 0.00624433, 156.747, 0.00649817, -89.4977, 0.00223572, -174.417
4392, 73.19167, 8.84576, 37.5671, 7.42848, 129.236, 5.10644, 44.9587, 0.00623237, 156.542, 0.00647444, -89.545, 0.00224352, -174.083
4392, 73.20000, 8.84052, 37.342, 7.41074, 129.135, 5.09902, 45.0456, 0.00622037, 156.336, 0.00645069, -89.5918, 0.00225138, -173.754
4393, 73.20834, 8.83519, 37.1169, 7.39293, 129.035, 5.09159, 45.1334, 0.00620832, 156.131, 0.00642692, -89.6381, 0.00225929, -173.428
4393, 73.21667, 8.82979, 36.8919, 7.37505, 128.934, 5.08416, 45.2221, 0.00619623, 155.926, 0.00640312, -89.6839, 0.00226726, -173.107
4394, 73.22500, 8.8243, 36.6671, 7.35712, 128.835, 5.07672, 45.3117, 0.0061841, 155.721, 0.00637931, -89.7291, 0.00227527, -172.789
4394, 73.23333, 8.81874, 36.4423, 7.33913, 128.735, 5.06928, 45.4023, 0.00617193, 155.516, 0.00635547, -89.7738, 0.00228334, -172.475
4395, 73.24167, 8.81309, 36.2175, 7.32108, 128.636, 5.06184, 45.4938, 0.00615972, 155.311, 0.00633162, -89.8179, 0.00229145, -172.166
4395, 73.25000, 8.80737, 35.9929, 7.30296, 128.537, 5.0544, 45.5862, 0.00614747, 155.107, 0.00630775, -89.8615, 0.00229961, -171.86
4396, 73.25833, 8.80157, 35.7684, 7.28479, 128.439, 5.04696, 45.6797, 0.00613518, 154.902, 0.00628387, -89.9044, 0.00230782, -171.557
4396, 73.26667, 8.79569, 35.5439, 7.26656, 128.341, 5.03952, 45.7741, 0.00612284, 154.698, 0.00625996, -89.9468, 0.00231606, -171.259
4396, 73.27500, 8.78973, 35.3196, 7.24828, 128.244, 5.03208, 45.8695, 0.00611047, 154.494, 0.00623604, -89.9885, 0.00232434, -170.964
4397, 73.28333, 8.7837, 35.0954, 7.22994, 128.147, 5.02465, 45.9658, 0.00609805, 154.29, 0.00621211, -90.0297, 0.00233266, -170.673
4398, 73.29166, 8.77758, 34.8712, 7.21154, 128.05, 5.01722, 46.0633, 0.0060856, 154.086, 0.00618816, -90.0702, 0.00234102, -170.386
4398, 73.30000, 8.77139, 34.6472, 7.19309, 127.954, 5.0098, 46.1617, 0.00607311, 153.882, 0.00616421, -90.1101, 0.00234941, -170.102
4399, 73.30833, 8.76512, 34.4233, 7.17458, 127.858, 5.00239, 46.2612, 0.00606057, 153.679, 0.00614024, -90.1494, 0.00235784, -169.821
4399, 73.31667, 8.75877, 34.1995, 7.15602, 127.763, 4.99498, 46.3617, 0.006048, 153.476, 0.00611625, -90.188, 0.00236629, -169.544
4400, 73.32500, 8.75235, 33.9759, 7.13741, 127.668, 4.98758, 46.4633, 0.00603539, 153.272, 0.00609226, -90.2259, 0.00237478, -169.271
4400, 73.33334, 8.74585, 33.7524, 7.11874, 127.573, 4.98019, 46.5659, 0.00602274, 153.069, 0.00606826, -90.2632, 0.00238329, -169.001
4401, 73.34167, 8.73928, 33.5289, 7.10002, 127.479, 4.97282, 46.6697, 0.00601005, 152.867, 0.00604425, -90.2998, 0.00239183, -168.734
4401, 73.35000, 8.73263, 33.3057, 7.08126, 127.386, 4.96545, 46.7745, 0.00599732, 152.664, 0.00602023, -90.3356, 0.0024004, -168.471
4402, 73.35833, 8.7259, 33.0825, 7.06244, 127.293, 4.9581, 46.8804, 0.00598456, 152.462, 0.00599621, -90.3708, 0.00240898, -168.21
4402, 73.36667, 8.7191, 32.8595, 7.04357, 127.2, 4.95077, 46.9874, 0.00597175, 152.259, 0.00597218, -90.4053, 0.00241759, -167.953
4403, 73.37500, 8.71222, 32.6367, 7.02466, 127.108, 4.94345, 47.0956, 0.00595891, 152.057, 0.00594815, -90.439, 0.00242622, -167.7
4403, 73.38333, 8.70527, 32.414, 7.00569, 127.017, 4.93615, 47.2049, 0.00594604, 151.856, 0.00592411, -90.472, 0.00243487, -167.449
4404, 73.39167, 8.69824, 32.1914, 6.98668, 126.926, 4.92886, 47.3153, 0.00593312, 151.654, 0.00590006, -90.5043, 0.00244354, -167.202
4404, 73.40000, 8.69114, 31.969, 6.96763, 126.835, 4.9216, 47.4269, 0.00592017, 151.452, 0.00587602, -90.5358, 0.00245222, -166.957
4404, 73.40833, 8.68397, 31.7468, 6.94853, 126.745, 4.91436, 47.5397, 0.00590718, 151.251, 0.00585198, -90.5665, 0.00246092, -166.716
4405, 73.41666, 8.67672, 31.5247, 6.92938, 126.656, 4.90714, 47.6536, 0.00589416, 151.05, 0.00582793, -90.5964, 0.00246964, -166.477
4406, 73.42500, 8.6694, 31.3028, 6.91019, 126.567, 4.89994, 47.7687, 0.0058811, 150.849, 0.00580389, -90.6256, 0.00247836, -166.242
4406, 73.43333, 8.66201, 31.081, 6.89096, 126.478, 4.89277, 47.885, 0.00586801, 150.649, 0.00577984, -90.6539, 0.0024871, -166.009
4407, 73.44167, 8.65454, 30.8594, 6.87168, 126.39, 4.88563, 48.0025, 0.00585487, 150.448, 0.0057558, -90.6815, 0.00249585, -165.78
4407, 73.45000, 8.64701, 30.638, 6.85237, 126.303, 4.87851, 48.1212, 0.00584171, 150.248, 0.00573176, -90.7082, 0.0025046, -165.553
4408, 73.45834, 8.6394, 30.4168, 6.83301, 126.216, 4.87142, 48.2411, 0.00582851, 150.048, 0.00570773, -90.734, 0.00251337, -165.329
4408, 73.46667, 8.63172, 30.1957, 6.81362, 126.13, 4.86437, 48.3622, 0.00581527, 149.849, 0.0056837, -90.7591, 0.00252214, -165.107
4409, 73.47500, 8.62397, 29.9748, 6.79418, 126.045, 4.85734, 48.4846, 0.005802, 149.649, 0.00565968, -90.7832, 0.00253092, -164.888
4409, 73.48333, 8.61615, 29.7542, 6.77471, 125.96, 4.85035, 48.6082, 0.0057887, 149.45, 0.00563566, -90.8065, 0.0025397, -164.672
4410, 73.49167, 8.60825, 29.5337, 6.7552, 125.875, 4.8434, 48.7331, 0.00577536, 149.251, 0.00561165, -90.8289, 0.00254849, -164.459
4410, 73.50000, 8.60029, 29.3134, 6.73565, 125.791, 4.83648, 48.8592, 0.00576199, 149.052, 0.00558765, -90.8504, 0.00255728, -164.248
4411, 73.50833, 8.59226, 29.0933, 6.71607, 125.708, 4.8296, 48.9865, 0.00574859, 148.854, 0.00556367, -90.871, 0.00256608, -164.04
4411, 73.51667, 8.58416, 28.8733, 6.69645, 125.626, 4.82275, 49.1152, 0.00573515, 148.655, 0.00553968, -90.8907, 0.00257487, -163.834
4412, 73.52500, 8.576, 28.6537, 6.6768, 125.544, 4.81595, 49.2451, 0.00572168, 148.457, 0.00551572, -90.9095, 0.00258366, -163.631
4412, 73.53333, 8.56776, 28.4342, 6.65712, 125.463, 4.80919, 49.3762, 0.00570818, 148.26, 0.00549176, -90.9273, 0.00259246, -163.43
4412, 73.54166, 8.55946, 28.2149, 6.6374, 125.382, 4.80248, 49.5087, 0.00569464, 148.062, 0.00546782, -90.9441, 0.00260125, -163.231
4413, 73.55000, 8.55109, 27.9958, 6.61765, 125.302, 4.79581, 49.6424, 0.00568108, 147.865, 0.0054439, -90.96, 0.00261004, -163.035
4414, 73.55833, 8.54265, 27.777, 6.59788, 125.223, 4.78918, 49.7775, 0.00566748, 147.668, 0.00541998, -90.9749, 0.00261883, -162.842
4414, 73.56667, 8.53415, 27.5583, 6.57807, 125.144, 4.78261, 49.9138, 0.00565386, 147.471, 0.00539609, -90.9889, 0.00262761, -162.65
4415, 73.57500, 8.52558, 27.3399, 6.55823, 125.066, 4.77608, 50.0515, 0.0056402, 147.275, 0.00537221, -91.0018, 0.00263639, -162.461
4415, 73.58334, 8.51694, 27.1218, 6.53837, 124.989, 4.76961, 50.1904, 0.00562651, 147.078, 0.00534835, -91.0137, 0.00264516, -162.274
4416, 73.59167, 8.50824, 26.9038, 6.51847, 124.913, 4.76319, 50.3307, 0.00561279, 146.882, 0.00532451, -91.0246, 0.00265393, -162.089
4416, 73.60000, 8.49948, 26.6861, 6.49856, 124.837, 4.75682, 50.4723, 0.00559905, 146.687, 0.00530069, -91.0344, 0.00266269, -161.907
4417, 73.60833, 8.49065, 26.4686, 6.47862, 124.762, 4.75051, 50.6152, 0.00558527, 146.492, 0.00527689, -91.0432, 0.00267145, -161.726
4417, 73.61667, 8.48176, 26.2514, 6.45865, 124.687, 4.74426, 50.7594, 0.00557146, 146.296, 0.00525311, -91.0509, 0.00268019, -161.548
4418, 73.62500, 8.4728, 26.0344, 6.43866, 124.613, 4.73807, 50.9049, 0.00555763, 146.102, 0.00522936, -91.0575, 0.00268893, -161.372
4418, 73.63333, 8.46378, 25.8177, 6.41864, 124.54, 4.73193, 51.0518, 0.00554377, 145.907, 0.00520563, -91.0631, 0.00269766, -161.197
4419, 73.64167, 8.4547, 25.6012, 6.39861, 124.468, 4.72586, 51.2, 0.00552987, 145.713, 0.00518192, -91.0675, 0.00270637, -161.025
4419, 73.65000, 8.44556, 25.385, 6.37855, 124.397, 4.71986, 51.3495, 0.00551596, 145.519, 0.00515825, -91.0708, 0.00271508, -160.855
4420, 73.65833, 8.43636, 25.169, 6.35847, 124.326, 4.71392, 51.5004, 0.00550201, 145.325, 0.00513459, -91.073, 0.00272378, -160.687
4420, 73.66666, 8.42709, 24.9533, 6.33838, 124.256, 4.70805, 51.6525, 0.00548804, 145.132, 0.00511097, -91.0741, 0.00273246, -160.52
4420, 73.67500, 8.41777, 24.7378, 6.31826, 124.187, 4.70225, 51.806, 0.00547404, 144.939, 0.00508737, -91.074, 0.00274113, -160.356
4421, 73.68333, 8.40838, 24.5226, 6.29813, 124.119, 4.69651, 51.9609, 0.00546001, 144.747, 0.00506381, -91.0727, 0.00274979, -160.193
4422, 73.69167, 8.39894, 24.3077, 6.27799, 124.051, 4.69085, 52.117, 0.00544596, 144.554, 0.00504027, -91.0702, 0.00275844, -160.032
4422, 73.70000, 8.38943, 24.0931, 6.25782, 123.984, 4.68527, 52.2745, 0.00543188, 144.362, 0.00501677, -91.0666, 0.00276707, -159.873
4423, 73.70834, 8.37987, 23.8787, 6.23765, 123.918, 4.67976, 52.4333, 0.00541778, 144.17, 0.0049933, -91.0617, 0.00277569, -159.716
4423, 73.71667, 8.37025, 23.6646, 6.21745, 123.853, 4.67433, 52.5935, 0.00540365, 143.979, 0.00496986, -91.0556, 0.00278429, -159.56
4424, 73.72500, 8.36058, 23.4508, 6.19725, 123.789, 4.66897, 52.7549, 0.0053895, 143.788, 0.00494646, -91.0483, 0.00279288, -159.407
4424, 73.73333, 8.35084, 23.2373, 6.17704, 123.726, 4.6637, 52.9177, 0.00537532, 143.597, 0.00492309, -91.0397, 0.00280145, -159.255
4425, 73.74167, 8.34105, 23.0241, 6.15681, 123.663, 4.65851, 53.0818, 0.00536112, 143.407, 0.00489976, -91.0298, 0.00281001, -159.104
4425, 73.75000, 8.33121, 22.8111, 6.13657, 123.601, 4.6534, 53.2472, 0.00534689, 143.217, 0.00487647, -91.0187, 0.00281855, -158.955
4426, 73.75833, 8.32131, 22.5985, 6.11633, 123.54, 4.64838, 53.4138, 0.00533264, 143.027, 0.00485322, -91.0063, 0.00282707, -158.808
4426, 73.76667, 8.31135, 22.3862, 6.09607, 123.48, 4.64345, 53.5818, 0.00531837, 142.838, 0.00483, -90.9926, 0.00283558, -158.663
4427, 73.77500, 8.30134, 22.1741, 6.07581, 123.421, 4.63861, 53.7511, 0.00530408, 142.649, 0.00480683, -90.9775, 0.00284407, -158.519
4427, 73.78333, 8.29128, 21.9624, 6.05554, 123.363, 4.63386, 53.9217, 0.00528976, 142.46, 0.0047837, -90.9611, 0.00285254, -158.376
4428, 73.79166, 8.28116, 21.751, 6.03527, 123.305, 4.6292, 54.0936, 0.00527543, 142.272, 0.00476061, -90.9434, 0.00286099, -158.235
4428, 73.80000, 8.27099, 21.5399, 6.01499, 123.249, 4.62463, 54.2667, 0.00526107, 142.084, 0.00473756, -90.9243, 0.00286942, -158.096
4428, 73.80833, 8.26077, 21.3291, 5.99471, 123.193, 4.62016, 54.4411, 0.00524669, 141.896, 0.00471456, -90.9038, 0.00287784, -157.958
4429, 73.81667, 8.2505, 21.1186, 5.97443, 123.139, 4.61579, 54.6168, 0.00523229, 141.709, 0.0046916, -90.882, 0.00288623, -157.821
4430, 73.82500, 8.24018, 20.9084, 5.95414, 123.085, 4.61151, 54.7937, 0.00521787, 141.522, 0.00466869, -90.8587, 0.00289461, -157.686
4430, 73.83334, 8.2298, 20.6986, 5.93386, 123.032, 4.60734, 54.9718, 0.00520342, 141.335, 0.00464583, -90.834, 0.00290297, -157.553
4431, 73.84167, 8.21938, 20.4891, 5.91357, 122.981, 4.60327, 55.1512, 0.00518896, 141.149, 0.00462302, -90.8079, 0.0029113, -157.42
4431, 73.85000, 8.2089, 20.2799, 5.89329, 122.93, 4.59931, 55.3318, 0.00517448, 140.964, 0.00460025, -90.7803, 0.00291962, -157.289
4432, 73.85833, 8.19838, 20.0711, 5.873, 122.88, 4.59545, 55.5137, 0.00515998, 140.778, 0.00457754, -90.7512, 0.00292792, -157.16
4432, 73.86667, 8.18781, 19.8626, 5.85272, 122.831, 4.5917, 55.6967, 0.00514546, 140.593, 0.00455488, -90.7207, 0.00293619, -157.031
4433, 73.87500, 8.1772, 19.6544, 5.83245, 122.783, 4.58805, 55.8809, 0.00513093, 140.409, 0.00453227, -90.6887, 0.00294445, -156.905
4433, 73.88333, 8.16653, 19.4466, 5.81218, 122.736, 4.58452, 56.0663, 0.00511637, 140.224, 0.00450971, -90.6552, 0.00295268, -156.779
4434, 73.89167, 8.15582, 19.2391, 5.79191, 122.69, 4.5811, 56.2529, 0.0051018, 140.041, 0.0044872, -90.6201, 0.00296089, -156.654
4434, 73.90000, 8.14506, 19.032, 5.77165, 122.645, 4.5778, 56.4406, 0.00508721, 139.857, 0.00446476, -90.5835, 0.00296908, -156.531
4435, 73.90833, 8.13426, 18.8252, 5.7514, 122.601, 4.57461, 56.6294, 0.00507261, 139.674, 0.00444237, -90.5454, 0.00297725, -156.409
4435, 73.91666, 8.12341, 18.6187, 5.73116, 122.559, 4.57153, 56.8194, 0.00505798, 139.492, 0.00442003, -90.5057, 0.00298539, -156.288
4436, 73.92500, 8.11252, 18.4127, 5.71093, 122.517, 4.56858, 57.0105, 0.00504335, 139.309, 0.00439775, -90.4644, 0.00299352, -156.169
4436, 73.93333, 8.10159, 18.207, 5.69071, 122.476, 4.56575, 57.2027, 0.00502869, 139.128, 0.00437554, -90.4215, 0.00300162, -156.05
4436, 73.94167, 8.09061, 18.0016, 5.6705, 122.436, 4.56304, 57.396, 0.00501402, 138.946, 0.00435338, -90.3769, 0.0030097, -155.933
4437, 73.95000, 8.07959, 17.7966, 5.6503, 122.398, 4.56045, 57.5903, 0.00499934, 138.765, 0.00433128, -90.3308, 0.00301775, -155.817
4438, 73.95834, 8.06853, 17.592, 5.63012, 122.36, 4.55799, 57.7857, 0.00498464, 138.585, 0.00430925, -90.283, 0.00302579, -155.702
4438, 73.96667, 8.05743, 17.3877, 5.60994, 122.323, 4.55565, 57.9822, 0.00496993, 138.404, 0.00428728, -90.2336, 0.0030338, -155.588
4439, 73.97500, 8.04628, 17.1838, 5.58979, 122.288, 4.55344, 58.1796, 0.0049552, 138.225, 0.00426537, -90.1824, 0.00304179, -155.475
4439, 73.98333, 8.0351, 16.9803, 5.56965, 122.254, 4.55137, 58.378, 0.00494046, 138.046, 0.00424353, -90.1296, 0.00304975, -155.363
4440, 73.99167, 8.02388, 16.7772, 5.54953, 122.221, 4.54942, 58.5774, 0.0049257, 137.867, 0.00422176, -90.0751, 0.00305769, -155.253
4440, 74.00000, 8.01262, 16.5745, 5.52943, 122.188, 4.54761, 58.7778, 0.00491094, 137.688, 0.00420005, -90.0188, 0.00306561, -155.143
4441, 74.00833, 8.00132, 16.3721, 5.50934, 122.157, 4.54593, 58.9791, 0.00489616, 137.51, 0.00417841, -89.9608, 0.0030735, -155.034
4441, 74.01667, 7.98998, 16.1701, 5.48928, 122.128, 4.54438, 59.1813, 0.00488136, 137.333, 0.00415683, -89.9011, 0.00308137, -154.927
4441, 74.02500, 7.9786, 15.9686, 5.46923, 122.099, 4.54298, 59.3844, 0.00486656, 137.156, 0.00413533, -89.8396, 0.00308922, -154.82
4442, 74.03333, 7.96719, 15.7674, 5.44921, 122.071, 4.54171, 59.5884, 0.00485175, 136.979, 0.0041139, -89.7763, 0.00309704, -154.714
4443, 74.04166, 7.95574, 15.5666, 5.42921, 122.045, 4.54058, 59.7933, 0.00483692, 136.803, 0.00409254, -89.7112, 0.00310484, -154.609
4443, 74.05000, 7.94426, 15.3662, 5.40924, 122.02, 4.53959, 59.999, 0.00482208, 136.627, 0.00407126, -89.6443, 0.00311261, -154.505
4444, 74.05833, 7.93275, 15.1662, 5.38929, 121.996, 4.53875, 60.2054, 0.00480724, 136.452, 0.00405005, -89.5755, 0.00312036, -154.403
4444, 74.06667, 7.92119, 14.9666, 5.36936, 121.973, 4.53805, 60.4127, 0.00479238, 136.277, 0.00402891, -89.5049, 0.00312809, -154.3
4444, 74.07500, 7.90961, 14.7674, 5.34946, 121.952, 4.53749, 60.6208, 0.00477751, 136.103, 0.00400784, -89.4325, 0.00313579, -154.199
4445, 74.08334, 7.89799, 14.5686, 5.32959, 121.931, 4.53708, 60.8296, 0.00476264, 135.929, 0.00398686, -89.3582, 0.00314347, -154.099
4446, 74.09167, 7.88634, 14.3702, 5.30975, 121.912, 4.53682, 61.0391, 0.00474775, 135.756, 0.00396595, -89.2819, 0.00315112, -154
4446, 74.10000, 7.87466, 14.1723, 5.28994, 121.894, 4.53671, 61.2493, 0.00473286, 135.583, 0.00394512, -89.2038, 0.00315875, -153.901
4447, 74.10833, 7.86295, 13.9747, 5.27016, 121.877, 4.53675, 61.4601, 0.00471795, 135.41, 0.00392437, -89.1237, 0.00316635, -153.804
4447, 74.11667, 7.85121, 13.7776, 5.2504, 121.862, 4.53694, 61.6717, 0.00470304, 135.239, 0.0039037, -89.0417, 0.00317393, -153.707
4448, 74.12500, 7.83944, 13.5809, 5.23068, 121.848, 4.53728, 61.8838, 0.00468813, 135.067, 0.00388312, -88.9578, 0.00318149, -153.611
4448, 74.13333, 7.82764, 13.3846, 5.211, 121.835, 4.53778, 62.0965, 0.0046732, 134.896, 0.00386261, -88.8718, 0.00318902, -153.515
4449, 74.14167, 7.8158, 13.1887, 5.19135, 121.823, 4.53843, 62.3098, 0.00465827, 134.726, 0.00384219, -88.7839, 0.00319653, -153.421
4449, 74.15000, 7.80395, 12.9933, 5.17173, 121.813, 4.53924, 62.5236, 0.00464333, 134.556, 0.00382185, -88.694, 0.00320401, -153.327
4449, 74.15833, 7.79206, 12.7983, 5.15215, 121.804, 4.5402, 62.738, 0.00462839, 134.386, 0.0038016, -88.6021, 0.00321147, -153.234
4450, 74.16666, 7.78015, 12.6038, 5.13261, 121.796, 4.54133, 62.9528, 0.00461344, 134.217, 0.00378143, -88.5081, 0.0032189, -153.142
4451, 74.17500, 7.76821, 12.4096, 5.1131, 121.789, 4.54261, 63.1681, 0.00459848, 134.049, 0.00376136, -88.4121, 0.00322631, -153.051
4451, 74.18333, 7.75625, 12.2159, 5.09363, 121.784, 4.54405, 63.3838, 0.00458352, 133.881, 0.00374137, -88.314, 0.00323369, -152.96
4452, 74.19167, 7.74426, 12.0227, 5.0742, 121.78, 4.54566, 63.5999, 0.00456855, 133.714, 0.00372146, -88.2138, 0.00324105, -152.87
4452, 74.20000, 7.73225, 11.8299, 5.05482, 121.778, 4.54743, 63.8164, 0.00455358, 133.547, 0.00370165, -88.1116, 0.00324839, -152.781
4453, 74.20834, 7.72021, 11.6375, 5.03547, 121.776, 4.54936, 64.0332, 0.00453861, 133.38, 0.00368193, -88.0072, 0.0032557, -152.692
4453, 74.21667, 7.70815, 11.4456, 5.01617, 121.777, 4.55145, 64.2504, 0.00452363, 133.214, 0.0036623, -87.9007, 0.00326298, -152.605
4454, 74.22500, 7.69607, 11.2541, 4.99691, 121.778, 4.55371, 64.4678, 0.00450865, 133.049, 0.00364277, -87.7921, 0.00327025, -152.518
4454, 74.23333, 7.68397, 11.0631, 4.9777, 121.781, 4.55614, 64.6855, 0.00449367, 132.884, 0.00362333, -87.6813, 0.00327748, -152.431
4455, 74.24167, 7.67184, 10.8725, 4.95853, 121.785, 4.55873, 64.9034, 0.00447868, 132.72, 0.00360398, -87.5684, 0.0032847, -152.345
4455, 74.25000, 7.65969, 10.6824, 4.9394, 121.791, 4.56149, 65.1215, 0.00446369, 132.556, 0.00358473, -87.4533, 0.00329188, -152.26
4456, 74.25833, 7.64753, 10.4928, 4.92033, 121.798, 4.56441, 65.3398, 0.0044487, 132.393, 0.00356558, -87.336, 0.00329905, -152.175
4456, 74.26667, 7.63534, 10.3035, 4.9013, 121.807, 4.56751, 65.5582, 0.0044337, 132.231, 0.00354652, -87.2164, 0.00330619, -152.092
4457, 74.27500, 7.62314, 10.1148, 4.88232, 121.817, 4.57078, 65.7767, 0.00441871, 132.069, 0.00352756, -87.0947, 0.0033133, -152.008
4457, 74.28333, 7.61092, 9.92656, 4.86339, 121.828, 4.57421, 65.9953, 0.00440371, 131.907, 0.0035087, -86.9707, 0.0033204, -151.926
4457, 74.29166, 7.59868, 9.73874, 4.84451, 121.841, 4.57782, 66.214, 0.00438871, 131.746, 0.00348994, -86.8444, 0.00332746, -151.844
4458, 74.30000, 7.58642, 9.55141, 4.82569, 121.855, 4.5816, 66.4327, 0.00437372, 131.586, 0.00347128, -86.716, 0.00333451, -151.762
4459, 74.30833, 7.57415, 9.36455, 4.80692, 121.871, 4.58555, 66.6514, 0.00435872, 131.426, 0.00345273, -86.5852, 0.00334153, -151.681
4459, 74.31667, 7.56186, 9.17815, 4.78819, 121.888, 4.58968, 66.87, 0.00434372, 131.267, 0.00343428, -86.4521, 0.00334852, -151.601
4460, 74.32500, 7.54956, 8.99224, 4.76953, 121.906, 4.59398, 67.0886, 0.00432872, 131.108, 0.00341593, -86.3167, 0.00335549, -151.521
4460, 74.33334, 7.53724, 8.8068, 4.75092, 121.926, 4.59845, 67.307, 0.00431373, 130.95, 0.00339768, -86.1791, 0.00336244, -151.442
4461, 74.34167, 7.52491, 8.62183, 4.73236, 121.948, 4.60309, 67.5254, 0.00429873, 130.792, 0.00337954, -86.0391, 0.00336936, -151.363
4461, 74.35000, 7.51256, 8.43735, 4.71387, 121.971, 4.60791, 67.7435, 0.00428374, 130.635, 0.00336151, -85.8967, 0.00337626, -151.285
4462, 74.35833, 7.5002, 8.25336, 4.69543, 121.995, 4.61291, 67.9615, 0.00426875, 130.479, 0.00334359, -85.752, 0.00338314, -151.208
4462, 74.36667, 7.48783, 8.06983, 4.67705, 122.021, 4.61808, 68.1793, 0.00425376, 130.323, 0.00332577, -85.605, 0.00338999, -151.131
4463, 74.37500, 7.47545, 7.88681, 4.65873, 122.049, 4.62343, 68.3968, 0.00423877, 130.168, 0.00330807, -85.4556, 0.00339682, -151.054
4463, 74.38333, 7.46306, 7.70427, 4.64047, 122.078, 4.62895, 68.614, 0.00422378, 130.014, 0.00329047, -85.3037, 0.00340362, -150.978
4464, 74.39167, 7.45065, 7.52221, 4.62228, 122.109, 4.63465, 68.8309, 0.0042088, 129.86, 0.00327299, -85.1495, 0.00341041, -150.903
4464, 74.40000, 7.43824, 7.34066, 4.60414, 122.141, 4.64053, 69.0475, 0.00419382, 129.706, 0.00325561, -84.9929, 0.00341716, -150.828
4465, 74.40833, 7.42582, 7.1596, 4.58607, 122.175, 4.64658, 69.2637, 0.00417885, 129.553, 0.00323836, -84.8339, 0.0034239, -150.753
4465, 74.41666, 7.41339, 6.97901, 4.56807, 122.21, 4.65281, 69.4795, 0.00416387, 129.401, 0.00322121, -84.6725, 0.00343061, -150.679
4465, 74.42500, 7.40095, 6.79895, 4.55013, 122.247, 4.65922, 69.6949, 0.00414891, 129.25, 0.00320418, -84.5086, 0.0034373, -150.606
4466, 74.43333, 7.38851, 6.61938, 4.53225, 122.285, 4.6658, 69.9098, 0.00413394, 129.099, 0.00318726, -84.3423, 0.00344396, -150.533
4467, 74.44167, 7.37605, 6.44029, 4.51444, 122.325, 4.67257, 70.1243, 0.00411898, 128.949, 0.00317046, -84.1735, 0.00345061, -150.46
4467, 74.45000, 7.3636, 6.26173, 4.4967, 122.367, 4.67951, 70.3382, 0.00410403, 128.799, 0.00315378, -84.0023, 0.00345723, -150.388
4468, 74.45834, 7.35113, 6.08367, 4.47903, 122.41, 4.68662, 70.5516, 0.00408908, 128.65, 0.00313721, -83.8286, 0.00346382, -150.316
4468, 74.46667, 7.33866, 5.9061, 4.46143, 122.454, 4.69392, 70.7644, 0.00407414, 128.502, 0.00312076, -83.6524, 0.0034704, -150.245
4469, 74.47500, 7.32619, 5.72905, 4.4439, 122.501, 4.70139, 70.9766, 0.0040592, 128.354, 0.00310444, -83.4738, 0.00347695, -150.174
4469, 74.48333, 7.31371, 5.55251, 4.42645, 122.549, 4.70904, 71.1882, 0.00404427, 128.207, 0.00308823, -83.2927, 0.00348348, -150.104
4470, 74.49167, 7.30123, 5.37647, 4.40906, 122.598, 4.71687, 71.3992, 0.00402935, 128.06, 0.00307214, -83.1091, 0.00348998, -150.034
4470, 74.50000, 7.28875, 5.20095, 4.39175, 122.65, 4.72488, 71.6094, 0.00401443, 127.915, 0.00305618, -82.923, 0.00349647, -149.964
4471, 74.50833, 7.27626, 5.02595, 4.37451, 122.702, 4.73306, 71.819, 0.00399952, 127.77, 0.00304034, -82.7344, 0.00350293, -149.895
4471, 74.51667, 7.26378, 4.85145, 4.35734, 122.757, 4.74142, 72.0279, 0.00398462, 127.625, 0.00302462, -82.5432, 0.00350937, -149.827
4472, 74.52500, 7.25129, 4.67748, 4.34026, 122.813, 4.74996, 72.2359, 0.00396972, 127.481, 0.00300903, -82.3496, 0.00351578, -149.758
4472, 74.53333, 7.2388, 4.50403, 4.32325, 122.871, 4.75867, 72.4432, 0.00395484, 127.338, 0.00299356, -82.1535, 0.00352218, -149.69
4473, 74.54166, 7.22631, 4.33108, 4.30631, 122.93, 4.76756, 72.6498, 0.00393996, 127.196, 0.00297822, -81.9549, 0.00352855, -149.623
4473, 74.55000, 7.21383, 4.15868, 4.28946, 122.991, 4.77663, 72.8554, 0.00392509, 127.054, 0.002963, -81.7537, 0.0035349, -149.556
4473, 74.55833, 7.20134, 3.98679, 4.27268, 123.054, 4.78587, 73.0602, 0.00391022, 126.913, 0.00294792, -81.5501, 0.00354123, -149.489
4474, 74.56667, 7.18886, 3.81541, 4.25599, 123.119, 4.79529, 73.2642, 0.00389537, 126.773, 0.00293296, -81.3439, 0.00354753, -149.423
4475, 74.57500, 7.17638, 3.64458, 4.23937, 123.185, 4.80489, 73.4672, 0.00388053, 126.633, 0.00291813, -81.1352, 0.00355382, -149.357
4475, 74.58334, 7.1639, 3.47427, 4.22284, 123.252, 4.81465, 73.6693, 0.00386569, 126.494, 0.00290343, -80.924, 0.00356008, -149.291
4476, 74.59167, 7.15143, 3.30448, 4.20639, 123.322, 4.8246, 73.8705, 0.00385086, 126.356, 0.00288885, -80.7103, 0.00356633, -149.226
4476, 74.60000, 7.13896, 3.13523, 4.19003, 123.393, 4.83472, 74.0707, 0.00383605, 126.218, 0.00287441, -80.494, 0.00357255, -149.161
4477, 74.60833, 7.12649, 2.96651, 4.17374, 123.466, 4.84501, 74.2699, 0.00382125, 126.081, 0.00286011, -80.2753, 0.00357875, -149.096
4477, 74.61667, 7.11403, 2.79831, 4.15755, 123.541, 4.85547, 74.4681, 0.00380645, 125.945, 0.00284593, -80.054, 0.00358493, -149.032
4478, 74.62500, 7.10158, 2.63066, 4.14144, 123.617, 4.86611, 74.6653, 0.00379167, 125.81, 0.00283189, -79.8303, 0.00359108, -148.968
4478, 74.63333, 7.08914, 2.46354, 4.12541, 123.695, 4.87692, 74.8614, 0.0037769, 125.675, 0.00281798, -79.6041, 0.00359722, -148.905
4479, 74.64167, 7.07669, 2.29694, 4.10948, 123.775, 4.88791, 75.0564, 0.00376213, 125.541, 0.0028042, -79.3754, 0.00360334, -148.841
4479, 74.65000, 7.06426, 2.1309, 4.09363, 123.856, 4.89906, 75.2504, 0.00374738, 125.408, 0.00279056, -79.1442, 0.00360943, -148.779
4480, 74.65833, 7.05184, 1.9654, 4.07787, 123.94, 4.91039, 75.4432, 0.00373265, 125.275, 0.00277706, -78.9105, 0.0036155, -148.716
4480, 74.66666, 7.03942, 1.80042, 4.0622, 124.024, 4.92188, 75.6349, 0.00371792, 125.144, 0.00276369, -78.6743, 0.00362156, -148.654
4481, 74.67500, 7.02702, 1.636, 4.04663, 124.111, 4.93355, 75.8255, 0.00370321, 125.013, 0.00275046, -78.4357, 0.00362759, -148.592
4481, 74.68333, 7.01462, 1.47212, 4.03114, 124.2, 4.94538, 76.0148, 0.00368851, 124.882, 0.00273737, -78.1947, 0.0036336, -148.53
4481, 74.69167, 7.00224, 1.30876, 4.01575, 124.29, 4.95739, 76.203, 0.00367382, 124.753, 0.00272441, -77.9512, 0.0036396, -148.469
4482, 74.70000, 6.98986, 1.14597, 4.00045, 124.382, 4.96956, 76.39, 0.00365914, 124.624, 0.00271159, -77.7053, 0.00364557, -148.408
4483, 74.70834, 6.9775, 0.983723, 3.98525, 124.475, 4.9819, 76.5758, 0.00364448, 124.496, 0.00269891, -77.457, 0.00365152, -148.347
4483, 74.71667, 6.96515, 0.822003, 3.97014, 124.57, 4.9944, 76.7604, 0.00362983, 124.369, 0.00268637, -77.2063, 0.00365745, -148.287
4484, 74.72500, 6.95281, 0.66085, 3.95512, 124.668, 5.00707, 76.9437, 0.00361519, 124.243, 0.00267398, -76.9532, 0.00366336, -148.227
4484, 74.73333, 6.94048, 0.500246, 3.9402, 124.766, 5.01991, 77.1257, 0.00360057, 124.117, 0.00266172, -76.6978, 0.00366926, -148.167
4485, 74.74167, 6.92817, 0.340172, 3.92538, 124.867, 5.03291, 77.3065, 0.00358596, 123.993, 0.0026496, -76.4399, 0.00367513, -148.107
4485, 74.75000, 6.91587, 0.180667, 3.91066, 124.969, 5.04607, 77.4859, 0.00357137, 123.869, 0.00263763, -76.1798, 0.00368098, -148.048
4486, 74.75833, 6.90359, 0.0217132, 3.89604, 125.073, 5.0594, 77.6641, 0.00355679, 123.745, 0.00262579, -75.9174, 0.00368681, -147.989
4486, 74.76667, 6.89132, -0.136707, 3.88151, 125.179, 5.07289, 77.841, 0.00354223, 123.623, 0.0026141, -75.6526, 0.00369263, -147.93
4487, 74.77500, 6.87907, -0.294556, 3.86709, 125.287, 5.08654, 78.0165, 0.00352768, 123.502, 0.00260255, -75.3856, 0.00369842, -147.872
4487, 74.78333, 6.86684, -0.451851, 3.85277, 125.396, 5.10035, 78.1906, 0.00351315, 123.381, 0.00259115, -75.1163, 0.0037042, -147.814
4488, 74.79166, 6.85462, -0.60861, 3.83854, 125.507, 5.11433, 78.3635, 0.00349863, 123.261, 0.00257989, -74.8447, 0.00370996, -147.756
4488, 74.80000, 6.84241, -0.764796, 3.82442, 125.62, 5.12846, 78.5349, 0.00348413, 123.142, 0.00256877, -74.571, 0.00371569, -147.698
4489, 74.80833, 6.83023, -0.920425, 3.81041, 125.735, 5.14275, 78.705, 0.00346964, 123.024, 0.00255779, -74.2951, 0.00372141, -147.641
4489, 74.81667, 6.81806, -1.07552, 3.7965, 125.851, 5.15719, 78.8737, 0.00345517, 122.906, 0.00254696, -74.017, 0.00372711, -147.584
4489, 74.82500, 6.80592, -1.23003, 3.78269, 125.969, 5.1718, 79.041, 0.00344072, 122.79, 0.00253628, -73.7368, 0.00373279, -147.527
4490, 74.83334, 6.79379, -1.38399, 3.76899, 126.089, 5.18655, 79.2069, 0.00342628, 122.674, 0.00252574, -73.4545, 0.00373845, -147.47
4491, 74.84167, 6.78168, -1.5374, 3.75539, 126.21, 5.20147, 79.3713, 0.00341186, 122.559, 0.00251535, -73.1701, 0.0037441, -147.414
4491, 74.85000, 6.7696, -1.69024, 3.7419, 126.333, 5.21654, 79.5344, 0.00339746, 122.445, 0.0025051, -72.8837, 0.00374972, -147.357
4492, 74.85833, 6.75753, -1.84252, 3.72852, 126.458, 5.23176, 79.696, 0.00338308, 122.332, 0.002495, -72.5952, 0.00375533, -147.302
4492, 74.86667, 6.74548, -1.99425, 3.71525, 126.585, 5.24713, 79.8562, 0.00336871, 122.22, 0.00248504, -72.3047, 0.00376092, -147.246
4493, 74.87500, 6.73346, -2.14541, 3.70209, 126.714, 5.26266, 80.0149, 0.00335436, 122.109, 0.00247523, -72.0123, 0.00376649, -147.19
4493, 74.88333, 6.72146, -2.29601, 3.68903, 126.844, 5.27833, 80.1722, 0.00334003, 121.999, 0.00246557, -71.718, 0.00377204, -147.135
4494, 74.89167, 6.70948, -2.44606, 3.67608, 126.976, 5.29416, 80.328, 0.00332571, 121.889, 0.00245605, -71.4218, 0.00377757, -147.08
4494, 74.90000, 6.69753, -2.59552, 3.66325, 127.109, 5.31013, 80.4824, 0.00331141, 121.781, 0.00244668, -71.1237, 0.00378309, -147.025
4495, 74.90833, 6.6856, -2.74443, 3.65053, 127.244, 5.32625, 80.6353, 0.00329714, 121.673, 0.00243745, -70.8238, 0.00378859, -146.971
4495, 74.91666, 6.67369, -2.89279, 3.63792, 127.381, 5.34252, 80.7867, 0.00328288, 121.566, 0.00242837, -70.5221, 0.00379407, -146.916
4496, 74.92500, 6.66181, -3.04057, 3.62542, 127.52, 5.35893, 80.9366, 0.00326864, 121.46, 0.00241944, -70.2186, 0.00379953, -146.862
4496, 74.93333, 6.64996, -3.18778, 3.61304, 127.66, 5.37549, 81.0851, 0.00325442, 121.356, 0.00241066, -69.9135, 0.00380497, -146.808
4497, 74.94167, 6.63813, -3.33445, 3.60076, 127.802, 5.3922, 81.232, 0.00324021, 121.252, 0.00240202, -69.6066, 0.0038104, -146.755
4497, 74.95000, 6.62632, -3.48054, 3.58861, 127.946, 5.40904, 81.3775, 0.00322603, 121.149, 0.00239353, -69.2982, 0.00381581, -146.701
4497, 74.95834, 6.61455, -3.62605, 3.57657, 128.091, 5.42603, 81.5214, 0.00321187, 121.047, 0.00238518, -68.9882, 0.00382121, -146.648
4498, 74.96667, 6.6028, -3.77103, 3.56464, 128.238, 5.44316, 81.6639, 0.00319773, 120.946, 0.00237698, -68.6765, 0.00382658, -146.595
4499, 74.97500, 6.59108, -3.91541, 3.55283, 128.387, 5.46043, 81.8049, 0.0031836, 120.846, 0.00236893, -68.3635, 0.00383194, -146.542
4499, 74.98333, 6.57938, -4.05923, 3.54114, 128.537, 5.47784, 81.9444, 0.0031695, 120.747, 0.00236102, -68.0489, 0.00383728, -146.489
4500, 74.99167, 6.56772, -4.20251, 3.52957, 128.689, 5.49538, 82.0823, 0.00315542, 120.649, 0.00235326, -67.7329, 0.00384261, -146.437
4500, 75.00000, 6.55608, -4.3452, 3.51811, 128.842, 5.51307, 82.2188, 0.00314136, 120.552, 0.00234565, -67.4156, 0.00384791, -146.384
4501, 75.00833, 6.54448, -4.48732, 3.50677, 128.997, 5.53089, 82.3537, 0.00312732, 120.456, 0.00233818, -67.0969, 0.00385321, -146.332
4501, 75.01667, 6.5329, -4.62889, 3.49555, 129.154, 5.54885, 82.4872, 0.0031133, 120.361, 0.00233085, -66.7769, 0.00385848, -146.28
4502, 75.02500, 6.52136, -4.76988, 3.48445, 129.312, 5.56694, 82.6191, 0.0030993, 120.267, 0.00232367, -66.4558, 0.00386374, -146.229
4502, 75.03333, 6.50985, -4.91031, 3.47347, 129.472, 5.58516, 82.7495, 0.00308533, 120.174, 0.00231664, -66.1334, 0.00386898, -146.177
4503, 75.04166, 6.49836, -5.05018, 3.46261, 129.633, 5.60352, 82.8784, 0.00307137, 120.082, 0.00230974, -65.8099, 0.0038742, -146.126
4503, 75.05000, 6.48691, -5.18947, 3.45187, 129.796, 5.62201, 83.0058, 0.00305744, 119.991, 0.002303, -65.4853, 0.00387941, -146.075
4504, 75.05833, 6.4755, -5.32819, 3.44126, 129.96, 5.64063, 83.1317, 0.00304353, 119.901, 0.00229639, -65.1596, 0.0038846, -146.024
4504, 75.06667, 6.46411, -5.46637, 3.43076, 130.126, 5.65938, 83.2561, 0.00302964, 119.813, 0.00228993, -64.833, 0.00388978, -145.973
4505, 75.07500, 6.45276, -5.60396, 3.42039, 130.293, 5.67826, 83.379, 0.00301577, 119.725, 0.00228361, -64.5054, 0.00389494, -145.922
4505, 75.08334, 6.44145, -5.74098, 3.41014, 130.462, 5.69726, 83.5003, 0.00300193, 119.638, 0.00227744, -64.177, 0.00390008, -145.872
4505, 75.09167, 6.43016, -5.87746, 3.40001, 130.632, 5.7164, 83.6202, 0.00298811, 119.553, 0.0022714, -63.8476, 0.00390521, -145.822
4506, 75.10000, 6.41892, -6.01335, 3.39001, 130.804, 5.73565, 83.7386, 0.00297431, 119.469, 0.00226551, -63.5175, 0.00391032, -145.771
4507, 75.10833, 6.4077, -6.14868, 3.38013, 130.977, 5.75504, 83.8554, 0.00296054, 119.385, 0.00225976, -63.1867, 0.00391542, -145.721
4507, 75.11667, 6.39653, -6.28346, 3.37037, 131.152, 5.77455, 83.9708, 0.00294678, 119.303, 0.00225414, -62.8552, 0.0039205, -145.672
4508, 75.12500, 6.38539, -6.41766, 3.36074, 131.328, 5.79418, 84.0847, 0.00293306, 119.222, 0.00224867, -62.5231, 0.00392557, -145.622
4508, 75.13333, 6.37428, -6.55129, 3.35124, 131.505, 5.81393, 84.1971, 0.00291935, 119.143, 0.00224333, -62.1904, 0.00393062, -145.573
4509, 75.14167, 6.36321, -6.68438, 3.34186, 131.684, 5.83381, 84.308, 0.00290567, 119.064, 0.00223814, -61.8571, 0.00393565, -145.523
4509, 75.15000, 6.35218, -6.81688, 3.3326, 131.864, 5.8538, 84.4174, 0.00289202, 118.986, 0.00223308, -61.5234, 0.00394067, -145.474
4510, 75.15833, 6.34119, -6.94883, 3.32348, 132.046, 5.87391, 84.5253, 0.00287839, 118.91, 0.00222815, -61.1893, 0.00394567, -145.425
4510, 75.16666, 6.33024, -7.08022, 3.31447, 132.228, 5.89415, 84.6318, 0.00286478, 118.835, 0.00222337, -60.8547, 0.00395066, -145.376
4511, 75.17500, 6.31932, -7.21104, 3.3056, 132.412, 5.9145, 84.7368, 0.0028512, 118.761, 0.00221871, -60.5199, 0.00395563, -145.328
4511, 75.18333, 6.30845, -7.3413, 3.29685, 132.598, 5.93496, 84.8403, 0.00283764, 118.689, 0.0022142, -60.1849, 0.00396059, -145.279
4512, 75.19167, 6.29761, -7.47101, 3.28823, 132.784, 5.95555, 84.9423, 0.00282411, 118.617, 0.00220981, -59.8496, 0.00396553, -145.231
4512, 75.20000, 6.28682, -7.60015, 3.27974, 132.972, 5.97625, 85.0429, 0.0028106, 118.547, 0.00220556, -59.5141, 0.00397046, -145.183
4513, 75.20834, 6.27606, -7.72872, 3.27137, 133.161, 5.99706, 85.142, 0.00279712, 118.478, 0.00220144, -59.1786, 0.00397537, -145.134
4513, 75.21667, 6.26535, -7.85676, 3.26313, 133.351, 6.01798, 85.2397, 0.00278366, 118.41, 0.00219745, -58.843, 0.00398027, -145.087
4513, 75.22500, 6.25468, -7.98422, 3.25503, 133.542, 6.03902, 85.336, 0.00277023, 118.344, 0.00219359, -58.5074, 0.00398515, -145.039
4514, 75.23333, 6.24405, -8.11112, 3.24704, 133.735, 6.06017, 85.4307, 0.00275683, 118.279, 0.00218986, -58.1719, 0.00399002, -144.991
4515, 75.24167, 6.23346, -8.23748, 3.23919, 133.928, 6.08143, 85.5241, 0.00274345, 118.215, 0.00218626, -57.8364, 0.00399487, -144.944
4515, 75.25000, 6.22291, -8.36327, 3.23147, 134.123, 6.10279, 85.616, 0.0027301, 118.152, 0.00218279, -57.5012, 0.00399971, -144.896
4516, 75.25833, 6.21241, -8.4885, 3.22387, 134.318, 6.12427, 85.7065, 0.00271678, 118.091, 0.00217944, -57.1662, 0.00400453, -144.849
4516, 75.26667, 6.20195, -8.6132, 3.21641, 134.515, 6.14586, 85.7956, 0.00270348, 118.031, 0.00217622, -56.8313, 0.00400935, -144.802
4517, 75.27500, 6.19153, -8.73733, 3.20907, 134.713, 6.16755, 85.8833, 0.00269021, 117.973, 0.00217312, -56.4969, 0.00401414, -144.755
4517, 75.28333, 6.18116, -8.86091, 3.20186, 134.912, 6.18934, 85.9695, 0.00267697, 117.915, 0.00217014, -56.1628, 0.00401892, -144.708
4518, 75.29166, 6.17084, -8.98395, 3.19478, 135.111, 6.21125, 86.0544, 0.00266375, 117.86, 0.00216729, -55.829, 0.00402369, -144.661
4518, 75.30000, 6.16055, -9.10643, 3.18783, 135.312, 6.23325, 86.1379, 0.00265056, 117.805, 0.00216456, -55.4958, 0.00402844, -144.615
4519, 75.30833, 6.15032, -9.22835, 3.18101, 135.513, 6.25536, 86.2199, 0.00263741, 117.752, 0.00216194, -55.1631, 0.00403318, -144.569
4519, 75.31667, 6.14013, -9.34975, 3.17432, 135.716, 6.27758, 86.3006, 0.00262427, 117.701, 0.00215945, -54.8309, 0.0040379, -144.522
4520, 75.32500, 6.12998, -9.47058, 3.16775, 135.919, 6.29989, 86.38, 0.00261117, 117.65, 0.00215707, -54.4993, 0.00404261, -144.476
4520, 75.33334, 6.11989, -9.59088, 3.16132, 136.123, 6.32231, 86.4579, 0.0025981, 117.602, 0.00215481, -54.1684, 0.00404731, -144.43
4521, 75.34167, 6.10984, -9.71064, 3.15502, 136.328, 6.34482, 86.5345, 0.00258505, 117.555, 0.00215267, -53.8382, 0.00405199, -144.384
4521, 75.35000, 6.09984, -9.82984, 3.14884, 136.534, 6.36744, 86.6097, 0.00257203, 117.509, 0.00215064, -53.5087, 0.00405666, -144.338
4521, 75.35833, 6.08988, -9.94851, 3.1428, 136.74, 6.39015, 86.6836, 0.00255904, 117.465, 0.00214872, -53.18, 0.00406132, -144.293
4522, 75.36667, 6.07998, -10.0666, 3.13688, 136.947, 6.41297, 86.7561, 0.00254608, 117.422, 0.00214692, -52.8522, 0.00406596, -144.247
4523, 75.37500, 6.07012, -10.1842, 3.13109, 137.155, 6.43587, 86.8273, 0.00253316, 117.38, 0.00214522, -52.5252, 0.00407059, -144.202
4523, 75.38333, 6.06031, -10.3013, 3.12543, 137.364, 6.45888, 86.8972, 0.00252026, 117.341, 0.00214363, -52.1991, 0.0040752, -144.156
4524, 75.39167, 6.05055, -10.4178, 3.1199, 137.573, 6.48198, 86.9658, 0.00250739, 117.303, 0.00214216, -51.874, 0.0040798, -144.111
4524, 75.40000, 6.04084, -10.5338, 3.1145, 137.783, 6.50518, 87.033, 0.00249455, 117.266, 0.00214079, -51.5499, 0.00408439, -144.066
4525, 75.40833, 6.03119, -10.6492, 3.10923, 137.993, 6.52846, 87.0989, 0.00248174, 117.231, 0.00213952, -51.2269, 0.00408896, -144.021
4525, 75.41666, 6.02158, -10.7642, 3.10408, 138.204, 6.55185, 87.1635, 0.00246896, 117.198, 0.00213836, -50.9048, 0.00409352, -143.976
4526, 75.42500, 6.01202, -10.8786, 3.09906, 138.415, 6.57532, 87.2269, 0.00245622, 117.166, 0.0021373, -50.584, 0.00409807, -143.932
4526, 75.43333, 6.00252, -10.9924, 3.09417, 138.627, 6.59889, 87.2889, 0.0024435, 117.136, 0.00213634, -50.2643, 0.0041026, -143.887
4527, 75.44167, 5.99306, -11.1058, 3.08941, 138.839, 6.62255, 87.3497, 0.00243082, 117.107, 0.00213549, -49.9457, 0.00410712, -143.842
4527, 75.45000, 5.98366, -11.2186, 3.08478, 139.052, 6.6463, 87.4092, 0.00241817, 117.081, 0.00213473, -49.6284, 0.00411163, -143.798
4528, 75.45834, 5.97432, -11.3309, 3.08027, 139.265, 6.67013, 87.4674, 0.00240555, 117.056, 0.00213407, -49.3124, 0.00411612, -143.754
4528, 75.46667, 5.96502, -11.4427, 3.07589, 139.479, 6.69406, 87.5244, 0.00239296, 117.032, 0.00213351, -48.9976, 0.0041206, -143.709
4529, 75.47500, 5.95578, -11.554, 3.07163, 139.692, 6.71808, 87.5801, 0.00238041, 117.011, 0.00213304, -48.6842, 0.00412507, -143.665
4529, 75.48333, 5.94659, -11.6647, 3.0675, 139.907, 6.74218, 87.6346, 0.00236788, 116.991, 0.00213267, -48.3721, 0.00412952, -143.621
4529, 75.49167, 5.93746, -11.775, 3.0635, 140.121, 6.76637, 87.6879, 0.00235539, 116.973, 0.00213239, -48.0614, 0.00413396, -143.577
4530, 75.50000, 5.92838, -11.8847, 3.05962, 140.336, 6.79064, 87.7399, 0.00234294, 116.956, 0.00213219, -47.7521, 0.00413839, -143.534
4531, 75.50833, 5.91935, -11.9939, 3.05587, 140.55, 6.815, 87.7907, 0.00233052, 116.942, 0.00213209, -47.4443, 0.00414281, -143.49
4531, 75.51667, 5.91038, -12.1027, 3.05224, 140.765, 6.83945, 87.8403, 0.00231813, 116.929, 0.00213208, -47.138, 0.00414721, -143.446
4532, 75.52500, 5.90147, -12.2109, 3.04874, 140.981, 6.86398, 87.8887, 0.00230577, 116.918, 0.00213216, -46.8331, 0.0041516, -143.403
4532, 75.53333, 5.89261, -12.3186, 3.04536, 141.196, 6.88859, 87.9359, 0.00229345, 116.909, 0.00213232, -46.5298, 0.00415598, -143.36
4533, 75.54166, 5.88381, -12.4258, 3.0421, 141.411, 6.91329, 87.9819, 0.00228117, 116.902, 0.00213256, -46.228, 0.00416034, -143.316
4533, 75.55000, 5.87507, -12.5325, 3.03897, 141.627, 6.93806, 88.0267, 0.00226892, 116.897, 0.00213289, -45.9278, 0.0041647, -143.273
4534, 75.55833, 5.86638, -12.6387, 3.03596, 141.842, 6.96292, 88.0704, 0.0022567, 116.894, 0.0021333, -45.6292, 0.00416904, -143.23
4534, 75.56667, 5.85775, -12.7445, 3.03307, 142.057, 6.98786, 88.1129, 0.00224452, 116.893, 0.00213379, -45.3322, 0.00417336, -143.187
4535, 75.57500, 5.84918, -12.8497, 3.0303, 142.273, 7.01288, 88.1542, 0.00223238, 116.894, 0.00213436, -45.0369, 0.00417768, -143.144
4535, 75.58334, 5.84066, -12.9545, 3.02765, 142.488, 7.03798, 88.1944, 0.00222027, 116.896, 0.00213501, -44.7433, 0.00418198, -143.101
4536, 75.59167, 5.83221, -13.0588, 3.02513, 142.703, 7.06316, 88.2334, 0.0022082, 116.901, 0.00213573, -44.4512, 0.00418627, -143.058
4536, 75.60000, 5.82381, -13.1626, 3.02272, 142.918, 7.08842, 88.2713, 0.00219616, 116.908, 0.00213653, -44.161, 0.00419055, -143.016
4537, 75.60833, 5.81547, -13.2659, 3.02043, 143.133, 7.11375, 88.3081, 0.00218417, 116.917, 0.0021374, -43.8724, 0.00419481, -142.973
4537, 75.61667, 5.8072, -13.3687, 3.01827, 143.348, 7.13916, 88.3437, 0.00217221, 116.928, 0.00213835, -43.5855, 0.00419906, -142.931
4537, 75.62500, 5.79898, -13.4711, 3.01622, 143.563, 7.16465, 88.3783, 0.00216029, 116.941, 0.00213936, -43.3004, 0.0042033, -142.888
4538, 75.63333, 5.79082, -13.573, 3.01428, 143.777, 7.19022, 88.4117, 0.0021484, 116.956, 0.00214045, -43.0171, 0.00420753, -142.846
4539, 75.64167, 5.78272, -13.6744, 3.01247, 143.991, 7.21586, 88.4441, 0.00213656, 116.974, 0.0021416, -42.7355, 0.00421175, -142.804
4539, 75.65000, 5.77469, -13.7754, 3.01077, 144.205, 7.24157, 88.4753, 0.00212475, 116.994, 0.00214283, -42.4557, 0.00421595, -142.762
4540, 75.65833, 5.76671, -13.8759, 3.00919, 144.418, 7.26736, 88.5055, 0.00211298, 117.016, 0.00214411, -42.1778, 0.00422014, -142.72
4540, 75.66666, 5.7588, -13.976, 3.00772, 144.631, 7.29323, 88.5346, 0.00210125, 117.04, 0.00214547, -41.9016, 0.00422432, -142.678
4541, 75.67500, 5.75095, -14.0756, 3.00636, 144.844, 7.31916, 88.5626, 0.00208957, 117.066, 0.00214688, -41.6272, 0.00422849, -142.636
4541, 75.68333, 5.74316, -14.1748, 3.00512, 145.056, 7.34517, 88.5895, 0.00207792, 117.095, 0.00214836, -41.3547, 0.00423264, -142.594
4542, 75.69167, 5.73543, -14.2735, 3.00399, 145.268, 7.37126, 88.6154, 0.00206631, 117.126, 0.0021499, -41.084, 0.00423678, -142.552
4542, 75.70000, 5.72777, -14.3718, 3.00298, 145.479, 7.39741, 88.6403, 0.00205475, 117.16, 0.0021515, -40.8152, 0.00424092, -142.51
4543, 75.70834, 5.72017, -14.4696, 3.00208, 145.69, 7.42363, 88.6641, 0.00204322, 117.196, 0.00215315, -40.5482, 0.00424503, -142.469
4543, 75.71667, 5.71263, -14.567, 3.00128, 145.9, 7.44993, 88.6869, 0.00203174, 117.234, 0.00215487, -40.2831, 0.00424914, -142.427
4544, 75.72500, 5.70516, -14.664, 3.0006, 146.11, 7.47629, 88.7087, 0.0020203, 117.275, 0.00215664, -40.0198, 0.00425324, -142.386
4544, 75.73333, 5.69775, -14.7605, 3.00003, 146.319, 7.50273, 88.7294, 0.0020089, 117.318, 0.00215846, -39.7585, 0.00425732, -142.344
4545, 75.74167, 5.6904, -14.8566, 2.99956, 146.527, 7.52924, 88.7491, 0.00199755, 117.364, 0.00216034, -39.4989, 0.00426139, -142.303
4545, 75.75000, 5.68312, -14.9523, 2.99921, 146.735, 7.55581, 88.7679, 0.00198624, 117.412, 0.00216227, -39.2413, 0.00426545, -142.262
4545, 75.75833, 5.67591, -15.0476, 2.99896, 146.942, 7.58245, 88.7856, 0.00197497, 117.463, 0.00216425, -38.9855, 0.0042695, -142.221
4546, 75.76667, 5.66876, -15.1425, 2.99881, 147.149, 7.60916, 88.8024, 0.00196375, 117.516, 0.00216628, -38.7316, 0.00427354, -142.18
4547, 75.77500, 5.66168, -15.2369, 2.99877, 147.355, 7.63594, 88.8181, 0.00195258, 117.573, 0.00216836, -38.4796, 0.00427756, -142.139
4547, 75.78333, 5.65466, -15.331, 2.99884, 147.56, 7.66278, 88.8329, 0.00194144, 117.631, 0.00217049, -38.2295, 0.00428158, -142.098
4548, 75.79166, 5.64771, -15.4247, 2.99901, 147.764, 7.68969, 88.8468, 0.00193036, 117.693, 0.00217266, -37.9813, 0.00428558, -142.057
4548, 75.80000, 5.64083, -15.5179, 2.99928, 147.968, 7.71667, 88.8596, 0.00191932, 117.757, 0.00217488, -37.7349, 0.00428957, -142.016
4549, 75.80833, 5.63401, -15.6108, 2.99966, 148.17, 7.74371, 88.8715, 0.00190833, 117.824, 0.00217715, -37.4905, 0.00429355, -141.975
4549, 75.81667, 5.62727, -15.7033, 3.00014, 148.372, 7.77082, 88.8825, 0.00189738, 117.894, 0.00217945, -37.2479, 0.00429751, -141.934
4550, 75.82500, 5.62059, -15.7954, 3.00071, 148.573, 7.79799, 88.8925, 0.00188649, 117.966, 0.0021818, -37.0071, 0.00430147, -141.894
4550, 75.83334, 5.61397, -15.8871, 3.00139, 148.774, 7.82523, 88.9016, 0.00187564, 118.042, 0.00218419, -36.7683, 0.00430541, -141.853
4551, 75.84167, 5.60743, -15.9784, 3.00217, 148.973, 7.85253, 88.9098, 0.00186484, 118.12, 0.00218662, -36.5313, 0.00430934, -141.813
4551, 75.85000, 5.60095, -16.0694, 3.00304, 149.171, 7.87989, 88.917, 0.00185409, 118.202, 0.00218909, -36.2962, 0.00431326, -141.772
4552, 75.85833, 5.59455, -16.16, 3.00401, 149.369, 7.90732, 88.9233, 0.00184339, 118.286, 0.0021916, -36.063, 0.00431717, -141.732
4552, 75.86667, 5.58821, -16.2503, 3.00508, 149.565, 7.93481, 88.9287, 0.00183274, 118.373, 0.00219414, -35.8316, 0.00432107, -141.691
4553, 75.87500, 5.58194, -16.3401, 3.00624, 149.761, 7.96236, 88.9333, 0.00182215, 118.463, 0.00219672, -35.602, 0.00432496, -141.651
4553, 75.88333, 5.57574, -16.4297, 3.0075, 149.955, 7.98997, 88.9369, 0.0018116, 118.557, 0.00219933, -35.3743, 0.00432883, -141.611
4553, 75.89167, 5.56962, -16.5189, 3.00885, 150.149, 8.01765, 88.9396, 0.00180111, 118.653, 0.00220198, -35.1484, 0.0043327, -141.571
4554, 75.90000, 5.56356, -16.6077, 3.01029, 150.341, 8.04539, 88.9415, 0.00179067, 118.753, 0.00220466, -34.9244, 0.00433655, -141.531
4555, 75.90833, 5.55757, -16.6963, 3.01182, 150.533, 8.07318, 88.9425, 0.00178028, 118.856, 0.00220737, -34.7022, 0.00434039, -141.491
4555, 75.91666, 5.55166, -16.7845, 3.01345, 150.723, 8.10104, 88.9426, 0.00176995, 118.962, 0.00221012, -34.4818, 0.00434422, -141.451
4556, 75.92500, 5.54581, -16.8723, 3.01516, 150.912, 8.12896, 88.9418, 0.00175967, 119.071, 0.00221289, -34.2632, 0.00434804, -141.411
4556, 75.93333, 5.54004, -16.9598, 3.01696, 151.101, 8.15694, 88.9402, 0.00174945, 119.183, 0.00221569, -34.0464, 0.00435185, -141.371
4557, 75.94167, 5.53434, -17.0471, 3.01885, 151.288, 8.18498, 88.9378, 0.00173929, 119.299, 0.00221852, -33.8314, 0.00435564, -141.331
4557, 75.95000, 5.52871, -17.134, 3.02083, 151.474, 8.21307, 88.9345, 0.00172918, 119.418, 0.00222138, -33.6182, 0.00435943, -141.291
4558, 75.95834, 5.52315, -17.2206, 3.0229, 151.658, 8.24123, 88.9303, 0.00171913, 119.541, 0.00222426, -33.4068, 0.0043632, -141.251
4558, 75.96667, 5.51767, -17.3069, 3.02505, 151.842, 8.26944, 88.9253, 0.00170914, 119.667, 0.00222717, -33.1971, 0.00436697, -141.211
4559, 75.97500, 5.51226, -17.3929, 3.02728, 152.025, 8.29771, 88.9196, 0.00169921, 119.797, 0.0022301, -32.9891, 0.00437072, -141.172
4559, 75.98333, 5.50692, -17.4786, 3.0296, 152.206, 8.32604, 88.9129, 0.00168934, 119.93, 0.00223306, -32.783, 0.00437446, -141.132
4560, 75.99167, 5.50166, -17.5641, 3.032, 152.386, 8.35443, 88.9055, 0.00167952, 120.066, 0.00223604, -32.5785, 0.00437819, -141.092
4560, 76.00000, 5.49647, -17.6493, 3.03448, 152.565, 8.38287, 88.8973, 0.00166978, 120.206, 0.00223904, -32.3758, 0.00438191, -141.053
4561, 76.00833, 5.49135, -17.7342, 3.03704, 152.743, 8.41137, 88.8882, 0.00166009, 120.35, 0.00224206, -32.1748, 0.00438562, -141.013
4561, 76.01667, 5.48631, -17.8188, 3.03968, 152.919, 8.43993, 88.8784, 0.00165046, 120.498, 0.00224511, -31.9754, 0.00438931, -140.974
4561, 76.02500, 5.48134, -17.9032, 3.0424, 153.094, 8.46855, 88.8678, 0.0016409, 120.649, 0.00224817, -31.7778, 0.004393, -140.934
4562, 76.03333, 5.47645, -17.9873, 3.0452, 153.268, 8.49722, 88.8563, 0.00163141, 120.804, 0.00225125, -31.5818, 0.00439668, -140.895
4563, 76.04166, 5.47163, -18.0711, 3.04807, 153.441, 8.52594, 88.8442, 0.00162198, 120.962, 0.00225435, -31.3875, 0.00440034, -140.855
4563, 76.05000, 5.46689, -18.1548, 3.05102, 153.612, 8.55472, 88.8312, 0.00161261, 121.125, 0.00225747, -31.1949, 0.00440399, -140.816
4564, 76.05833, 5.46223, -18.2381, 3.05404, 153.782, 8.58356, 88.8175, 0.00160332, 121.291, 0.0022606, -31.0039, 0.00440763, -140.777
4564, 76.06667, 5.45764, -18.3213, 3.05714, 153.951, 8.61245, 88.803, 0.00159409, 121.461, 0.00226375, -30.8145, 0.00441127, -140.737
4565, 76.07500, 5.45312, -18.4042, 3.06031, 154.118, 8.6414, 88.7877, 0.00158493, 121.635, 0.00226691, -30.6267, 0.00441489, -140.698
4565, 76.08334, 5.44868, -18.487, 3.06356, 154.284, 8.6704, 88.7717, 0.00157584, 121.814, 0.00227009, -30.4406, 0.0044185, -140.659
4566, 76.09167, 5.44432, -18.5695, 3.06687, 154.449, 8.69946, 88.7549, 0.00156682, 121.996, 0.00227329, -30.256, 0.0044221, -140.62
4566, 76.10000, 5.44004, -18.6518, 3.07026, 154.613, 8.72856, 88.7374, 0.00155787, 122.182, 0.00227649, -30.073, 0.00442568, -140.581
4566, 76.10833, 5.43583, -18.7339, 3.07371, 154.775, 8.75772, 88.7192, 0.001549, 122.372, 0.00227971, -29.8915, 0.00442926, -140.541
4567, 76.11667, 5.4317, -18.8158, 3.07723, 154.936, 8.78694, 88.7002, 0.0015402, 122.566, 0.00228294, -29.7116, 0.00443283, -140.502
4568, 76.12500, 5.42764, -18.8975, 3.08082, 155.095, 8.81621, 88.6805, 0.00153147, 122.764, 0.00228618, -29.5333, 0.00443638, -140.463
4568, 76.13333, 5.42367, -18.979, 3.08448, 155.253, 8.84553, 88.6601, 0.00152282, 122.967, 0.00228943, -29.3565, 0.00443993, -140.424
4569, 76.14167, 5.41977, -19.0604, 3.0882, 155.41, 8.87491, 88.639, 0.00151425, 123.174, 0.00229269, -29.1811, 0.00444346, -140.385
4569, 76.15000, 5.41595, -19.1416, 3.09199, 155.565, 8.90434, 88.6172, 0.00150575, 123.384, 0.00229596, -29.0073, 0.00444699, -140.346
4569, 76.15833, 5.41221, -19.2227, 3.09583, 155.719, 8.93381, 88.5946, 0.00149734, 123.6, 0.00229924, -28.835, 0.0044505, -140.307
4570, 76.16666, 5.40855, -19.3036, 3.09975, 155.872, 8.96335, 88.5714, 0.001489, 123.819, 0.00230253, -28.6641, 0.004454, -140.268
4571, 76.17500, 5.40496, -19.3843, 3.10372, 156.023, 8.99293, 88.5474, 0.00148074, 124.043, 0.00230583, -28.4947, 0.0044575, -140.229
4571, 76.18333, 5.40146, -19.4649, 3.10776, 156.173, 9.02256, 88.5228, 0.00147257, 124.271, 0.00230913, -28.3267, 0.00446098, -140.19
4572, 76.19167, 5.39803, -19.5454, 3.11185, 156.321, 9.05225, 88.4975, 0.00146448, 124.503, 0.00231244, -28.1602, 0.00446445, -140.151
4572, 76.20000, 5.39469, -19.6258, 3.11601, 156.468, 9.08199, 88.4715, 0.00145647, 124.74, 0.00231575, -27.995, 0.00446791, -140.112
4573, 76.20834, 5.39142, -19.706, 3.12022, 156.613, 9.11178, 88.4448, 0.00144855, 124.981, 0.00231907, -27.8313, 0.00447136, -140.073
4573, 76.21667, 5.38824, -19.7862, 3.12449, 156.758, 9.14162, 88.4174, 0.00144072, 125.227, 0.0023224, -27.6689, 0.0044748, -140.035
4574, 76.22500, 5.38513, -19.8662, 3.12882, 156.9, 9.17152, 88.3894, 0.00143297, 125.477, 0.00232573, -27.5079, 0.00447823, -139.996
4574, 76.23333, 5.3821, -19.9461, 3.1332, 157.042, 9.20146, 88.3607, 0.00142531, 125.732, 0.00232906, -27.3483, 0.00448164, -139.957
4574, 76.24167, 5.37916, -20.026, 3.13764, 157.182, 9.23145, 88.3314, 0.00141774, 125.991, 0.0023324, -27.19, 0.00448505, -139.918
4575, 76.25000, 5.37629, -20.1058, 3.14213, 157.32, 9.26149, 88.3014, 0.00141027, 126.254, 0.00233574, -27.0331, 0.00448845, -139.879
4576, 76.25833, 5.37351, -20.1854, 3.14667, 157.457, 9.29159, 88.2707, 0.00140288, 126.522, 0.00233908, -26.8775, 0.00449184, -139.84
4576, 76.26667, 5.37081, -20.2651, 3.15127, 157.593, 9.32173, 88.2394, 0.00139559, 126.795, 0.00234242, -26.7231, 0.00449521, -139.801
4577, 76.27500, 5.36819, -20.3446, 3.15591, 157.727, 9.35192, 88.2075, 0.00138839, 127.072, 0.00234577, -26.5701, 0.00449858, -139.763
4577, 76.28333, 5.36564, -20.4242, 3.16061, 157.86, 9.38217, 88.1749, 0.00138129, 127.354, 0.00234911, -26.4183, 0.00450193, -139.724
4578, 76.29166, 5.36319, -20.5036, 3.16536, 157.992, 9.41246, 88.1417, 0.00137429, 127.64, 0.00235246, -26.2678, 0.00450528, -139.685
4578, 76.30000, 5.36081, -20.5831, 3.17015, 158.122, 9.4428, 88.1079, 0.00136738, 127.931, 0.00235581, -26.1185, 0.00450862, -139.646
4579, 76.30833, 5.35851, -20.6625, 3.175, 158.25, 9.47319, 88.0734, 0.00136058, 128.226, 0.00235916, -25.9705, 0.00451194, -139.607
4579, 76.31667, 5.3563, -20.7419, 3.17989, 158.378, 9.50364, 88.0383, 0.00135388, 128.526, 0.00236251, -25.8237, 0.00451526, -139.568
4580, 76.32500, 5.35417, -20.8213, 3.18482, 158.503, 9.53413, 88.0026, 0.00134727, 128.831, 0.00236585, -25.6781, 0.00451856, -139.53
4580, 76.33334, 5.35212, -20.9006, 3.18981, 158.628, 9.56466, 87.9663, 0.00134078, 129.14, 0.0023692, -25.5337, 0.00452185, -139.491
4581, 76.34167, 5.35015, -20.98, 3.19483, 158.751, 9.59525, 87.9294, 0.00133438, 129.453, 0.00237255, -25.3904, 0.00452514, -139.452
4581, 76.35000, 5.34827, -21.0594, 3.1999, 158.872, 9.62589, 87.8919, 0.0013281, 129.771, 0.00237589, -25.2484, 0.00452841, -139.413
4582, 76.35833, 5.34647, -21.1388, 3.20502, 158.992, 9.65657, 87.8537, 0.00132192, 130.094, 0.00237923, -25.1075, 0.00453168, -139.374
4582, 76.36667, 5.34475, -21.2183, 3.21017, 159.111, 9.68731, 87.815, 0.00131585, 130.421, 0.00238257, -24.9677, 0.00453493, -139.335
4582, 76.37500, 5.34312, -21.2977, 3.21537, 159.229, 9.71809, 87.7757, 0.00130989, 130.752, 0.0023859, -24.829, 0.00453817, -139.297
4583, 76.38333, 5.34157, -21.3773, 3.22061, 159.344, 9.74892, 87.7358, 0.00130404, 131.088, 0.00238924, -24.6915, 0.00454141, -139.258
4584, 76.39167, 5.3401, -21.4568, 3.22588, 159.459, 9.7798, 87.6953, 0.0012983, 131.429, 0.00239257, -24.555, 0.00454463, -139.219
4584, 76.40000, 5.33872, -21.5365, 3.2312, 159.572, 9.81073, 87.6542, 0.00129268, 131.773, 0.00239589, -24.4196, 0.00454784, -139.18
4585, 76.40833, 5.33742, -21.6161, 3.23655, 159.684, 9.8417, 87.6126, 0.00128717, 132.122, 0.00239921, -24.2853, 0.00455105, -139.141
4585, 76.41666, 5.3362, -21.6959, 3.24194, 159.794, 9.87273, 87.5703, 0.00128178, 132.476, 0.00240253, -24.1521, 0.00455424, -139.102
4586, 76.42500, 5.33507, -21.7758, 3.24737, 159.903, 9.9038, 87.5275, 0.00127651, 132.833, 0.00240584, -24.0199, 0.00455742, -139.063
4586, 76.43333, 5.33402, -21.8557, 3.25284, 160.011, 9.93491, 87.4842, 0.00127135, 133.195, 0.00240915, -23.8887, 0.0045606, -139.024
4587, 76.44167, 5.33306, -21.9358, 3.25834, 160.117, 9.96608, 87.4402, 0.00126632, 133.561, 0.00241245, -23.7586, 0.00456376, -138.985
4587, 76.45000, 5.33218, -22.0159, 3.26387, 160.222, 9.9973, 87.3957, 0.00126141, 133.931, 0.00241575, -23.6294, 0.00456691, -138.946
4588, 76.45834, 5.33138, -22.0962, 3.26944, 160.326, 10.0286, 87.3507, 0.00125662, 134.306, 0.00241904, -23.5013, 0.00457006, -138.907
4588, 76.46667, 5.33067, -22.1766, 3.27504, 160.428, 10.0599, 87.3051, 0.00125195, 134.684, 0.00242233, -23.3741, 0.00457319, -138.868
4589, 76.47500, 5.33005, -22.2571, 3.28067, 160.529, 10.0912, 87.2589, 0.00124741, 135.066, 0.00242561, -23.2479, 0.00457631, -138.829
4589, 76.48333, 5.32951, -22.3378, 3.28633, 160.628, 10.1226, 87.2122, 0.001243, 135.452, 0.00242889, -23.1227, 0.00457943, -138.79
4590, 76.49167, 5.32905, -22.4187, 3.29203, 160.726, 10.1541, 87.165, 0.00123871, 135.842, 0.00243216, -22.9984, 0.00458253, -138.751
4590, 76.50000, 5.32868, -22.4996, 3.29775, 160.823, 10.1856, 87.1172, 0.00123456, 136.235, 0.00243542, -22.875, 0.00458563, -138.712
4590, 76.50833, 5.3284, -22.5808, 3.30351, 160.918, 10.2171, 87.0688, 0.00123053, 136.632, 0.00243868, -22.7526, 0.00458871, -138.673
4591, 76.51667, 5.3282, -22.6621, 3.30929, 161.012, 10.2487, 87.02, 0.00122663, 137.033, 0.00244193, -22.6311, 0.00459179, -138.634
4592, 76.52500, 5.32808, -22.7436, 3.3151, 161.105, 10.2804, 86.9706, 0.00122287, 137.437, 0.00244517, -22.5104, 0.00459486, -138.594
4592, 76.53333, 5.32805, -22.8254, 3.32094, 161.197, 10.3121, 86.9207, 0.00121924, 137.844, 0.0024484, -22.3907, 0.00459791, -138.555
4593, 76.54166, 5.32811, -22.9073, 3.32681, 161.287, 10.3438, 86.8702, 0.00121574, 138.255, 0.00245163, -22.2718, 0.00460096, -138.516
4593, 76.55000, 5.32825, -22.9894, 3.3327, 161.375, 10.3756, 86.8192, 0.00121238, 138.669, 0.00245485, -22.1538, 0.004604, -138.476
4594, 76.55833, 5.32848, -23.0717, 3.33861, 161.463, 10.4074, 86.7677, 0.00120915, 139.086, 0.00245806, -22.0366, 0.00460702, -138.437
4594, 76.56667, 5.32879, -23.1543, 3.34455, 161.549, 10.4393, 86.7157, 0.00120607, 139.506, 0.00246127, -21.9203, 0.00461004, -138.398
4595, 76.57500, 5.32919, -23.2371, 3.35052, 161.634, 10.4712, 86.6632, 0.00120312, 139.928, 0.00246447, -21.8048, 0.00461305, -138.358
4595, 76.58334, 5.32967, -23.3202, 3.35651, 161.718, 10.5032, 86.6102, 0.00120031, 140.353, 0.00246766, -21.6901, 0.00461605, -138.319
4596, 76.59167, 5.33024, -23.4035, 3.36252, 161.8, 10.5352, 86.5566, 0.00119764, 140.781, 0.00247084, -21.5762, 0.00461904, -138.279
4596, 76.60000, 5.3309, -23.4871, 3.36855, 161.881, 10.5673, 86.5026, 0.00119511, 141.212, 0.00247401, -21.4631, 0.00462202, -138.24
4597, 76.60833, 5.33164, -23.5709, 3.37461, 161.961, 10.5994, 86.448, 0.00119272, 141.645, 0.00247718, -21.3508, 0.00462499, -138.2
4597, 76.61667, 5.33247, -23.655, 3.38068, 162.039, 10.6316, 86.3929, 0.00119047, 142.079, 0.00248034, -21.2392, 0.00462796, -138.16
4598, 76.62500, 5.33338, -23.7395, 3.38678, 162.117, 10.6638, 86.3374, 0.00118837, 142.516, 0.00248349, -21.1284, 0.00463091, -138.121
4598, 76.63333, 5.33438, -23.8242, 3.3929, 162.193, 10.696, 86.2813, 0.00118641, 142.955, 0.00248663, -21.0184, 0.00463386, -138.081
4598, 76.64167, 5.33547, -23.9092, 3.39903, 162.267, 10.7283, 86.2248, 0.0011846, 143.396, 0.00248976, -20.9091, 0.00463679, -138.041
4599, 76.65000, 5.33664, -23.9945, 3.40518, 162.341, 10.7607, 86.1678, 0.00118293, 143.838, 0.00249288, -20.8006, 0.00463972, -138.001
4600, 76.65833, 5.3379, -24.0802, 3.41135, 162.413, 10.7931, 86.1102, 0.0011814, 144.282, 0.002496, -20.6927, 0.00464263, -137.961
4600, 76.66666, 5.33925, -24.1662, 3.41754, 162.484, 10.8255, 86.0522, 0.00118002, 144.728, 0.00249911, -20.5856, 0.00464554, -137.921
4601, 76.67500, 5.34068, -24.2525, 3.42375, 162.554, 10.858, 85.9937, 0.00117879, 145.174, 0.00250221, -20.4792, 0.00464844, -137.881
4601, 76.68333, 5.3422, -24.3392, 3.42997, 162.623, 10.8906, 85.9348, 0.00117771, 145.621, 0.0025053, -20.3734, 0.00465133, -137.841
4602, 76.69167, 5.3438, -24.4263, 3.43621, 162.69, 10.9232, 85.8753, 0.00117677, 146.07, 0.00250838, -20.2684, 0.00465421, -137.801
4602, 76.70000, 5.34549, -24.5137, 3.44246, 162.757, 10.9558, 85.8154, 0.00117598, 146.519, 0.00251145, -20.164, 0.00465709, -137.761
4603, 76.70834, 5.34727, -24.6015, 3.44873, 162.822, 10.9885, 85.755, 0.00117533, 146.969, 0.00251451, -20.0603, 0.00465995, -137.72
4603, 76.71667, 5.34914, -24.6896, 3.45501, 162.886, 11.0212, 85.6941, 0.00117484, 147.419, 0.00251757, -19.9572, 0.00466281, -137.68
4604, 76.72500, 5.35109, -24.7782, 3.4613, 162.948, 11.054, 85.6328, 0.00117449, 147.869, 0.00252061, -19.8548, 0.00466565, -137.639
4604, 76.73333, 5.35312, -24.8672, 3.46761, 163.01, 11.0868, 85.571, 0.00117429, 148.32, 0.00252365, -19.753, 0.00466849, -137.599
4605, 76.74167, 5.35525, -24.9566, 3.47393, 163.07, 11.1197, 85.5087, 0.00117424, 148.77, 0.00252668, -19.6518, 0.00467132, -137.558
4605, 76.75000, 5.35746, -25.0464, 3.48026, 163.13, 11.1526, 85.446, 0.00117434, 149.221, 0.0025297, -19.5512, 0.00467414, -137.518
4606, 76.75833, 5.35975, -25.1366, 3.4866, 163.188, 11.1856, 85.3828, 0.00117458, 149.671, 0.00253271, -19.4513, 0.00467695, -137.477
4606, 76.76667, 5.36214, -25.2273, 3.49295, 163.245, 11.2186, 85.3191, 0.00117498, 150.12, 0.00253572, -19.3519, 0.00467976, -137.436
4606, 76.77500, 5.3646, -25.3184, 3.49932, 163.3, 11.2517, 85.255, 0.00117552, 150.569, 0.00253871, -19.2532, 0.00468255, -137.395
4607, 76.78333, 5.36716, -25.41, 3.50569, 163.355, 11.2848, 85.1904, 0.0011762, 151.017, 0.0025417, -19.155, 0.00468534, -137.354
4608, 76.79166, 5.3698, -25.502, 3.51207, 163.409, 11.318, 85.1254, 0.00117704, 151.464, 0.00254467, -19.0574, 0.00468812, -137.313
4608, 76.80000, 5.37253, -25.5945, 3.51846, 163.461, 11.3512, 85.0599, 0.00117802, 151.909, 0.00254764, -18.9604, 0.00469089, -137.272
4609, 76.80833, 5.37534, -25.6875, 3.52486, 163.513, 11.3844, 84.994, 0.00117915, 152.354, 0.0025506, -18.8639, 0.00469366, -137.231
4609, 76.81667, 5.37825, -25.781, 3.53127, 163.563, 11.4178, 84.9276, 0.00118043, 152.797, 0.00255355, -18.7679, 0.00469641, -137.19
4610, 76.82500, 5.38123, -25.875, 3.53769, 163.612, 11.4511, 84.8608, 0.00118185, 153.238, 0.0025565, -18.6725, 0.00469916, -137.148
4610, 76.83334, 5.38431, -25.9695, 3.54411, 163.66, 11.4845, 84.7936, 0.00118341, 153.678, 0.00255943, -18.5777, 0.0047019, -137.107
4611, 76.84167, 5.38747, -26.0645, 3.55054, 163.707, 11.518, 84.7258, 0.00118513, 154.116, 0.00256236, -18.4833, 0.00470463, -137.066
4611, 76.85000, 5.39071, -26.16, 3.55697, 163.753, 11.5515, 84.6577, 0.00118698, 154.552, 0.00256528, -18.3895, 0.00470736, -137.024
4612, 76.85833, 5.39404, -26.2561, 3.56341, 163.798, 11.5851, 84.5891, 0.00118898, 154.985, 0.00256819, -18.2962, 0.00471007, -136.982
4612, 76.86667, 5.39746, -26.3527, 3.56985, 163.842, 11.6187, 84.5201, 0.00119112, 155.416, 0.0025711, -18.2034, 0.00471278, -136.94
4613, 76.87500, 5.40096, -26.4499, 3.5763, 163.885, 11.6523, 84.4506, 0.0011934, 155.845, 0.00257399, -18.1111, 0.00471549, -136.898
4613, 76.88333, 5.40455, -26.5476, 3.58276, 163.927, 11.686, 84.3808, 0.00119583, 156.271, 0.00257688, -18.0193, 0.00471818, -136.856
4614, 76.89167, 5.40823, -26.6459, 3.58922, 163.967, 11.7198, 84.3104, 0.00119839, 156.695, 0.00257976, -17.928, 0.00472087, -136.814
4614, 76.90000, 5.41199, -26.7447, 3.59568, 164.007, 11.7536, 84.2397, 0.0012011, 157.116, 0.00258263, -17.8371, 0.00472355, -136.772
4614, 76.90833, 5.41584, -26.8442, 3.60214, 164.046, 11.7874, 84.1685, 0.00120394, 157.533, 0.0025855, -17.7467, 0.00472622, -136.73
4615, 76.91666, 5.41977, -26.9442, 3.60861, 164.083, 11.8214, 84.0969, 0.00120692, 157.948, 0.00258836, -17.6568, 0.00472888, -136.687
4616, 76.92500, 5.42379, -27.0448, 3.61507, 164.12, 11.8553, 84.0248, 0.00121004, 158.359, 0.00259121, -17.5674, 0.00473154, -136.645
4616, 76.93333, 5.42789, -27.1461, 3.62154, 164.156, 11.8893, 83.9524, 0.0012133, 158.768, 0.00259405, -17.4784, 0.00473419, -136.602
4617, 76.94167, 5.43208, -27.2479, 3.62802, 164.191, 11.9234, 83.8795, 0.00121669, 159.172, 0.00259689, -17.3898, 0.00473684, -136.559
4617, 76.95000, 5.43635, -27.3504, 3.63449, 164.224, 11.9575, 83.8062, 0.00122021, 159.573, 0.00259972, -17.3017, 0.00473948, -136.517
4618, 76.95834, 5.44071, -27.4536, 3.64096, 164.257, 11.9916, 83.7324, 0.00122387, 159.971, 0.00260254, -17.214, 0.00474211, -136.474
4618, 76.96667, 5.44516, -27.5573, 3.64743, 164.289, 12.0259, 83.6583, 0.00122765, 160.365, 0.00260536, -17.1267, 0.00474473, -136.431
4619, 76.97500, 5.44969, -27.6617, 3.65391, 164.32, 12.0601, 83.5837, 0.00123157, 160.755, 0.00260817, -17.0399, 0.00474735, -136.387
4619, 76.98333, 5.4543, -27.7668, 3.66038, 164.35, 12.0944, 83.5087, 0.00123562, 161.141, 0.00261098, -16.9535, 0.00474996, -136.344
4620, 76.99167, 5.459, -27.8726, 3.66685, 164.379, 12.1288, 83.4333, 0.0012398, 161.523, 0.00261377, -16.8675, 0.00475257, -136.301
4620, 77.00000, 5.46379, -27.979, 3.67332, 164.407, 12.1632, 83.3574, 0.0012441, 161.902, 0.00261657, -16.7819, 0.00475517, -136.257
4621, 77.00833, 5.46865, -28.0861, 3.67979, 164.434, 12.1977, 83.2812, 0.00124853, 162.276, 0.00261935, -16.6967, 0.00475776, -136.213
4621, 77.01667, 5.47361, -28.1939, 3.68625, 164.46, 12.2322, 83.2045, 0.00125308, 162.646, 0.00262213, -16.6119, 0.00476035, -136.169
4622, 77.02500, 5.47865, -28.3024, 3.69272, 164.485, 12.2668, 83.1275, 0.00125776, 163.011, 0.00262491, -16.5275, 0.00476293, -136.126
4622, 77.03333, 5.48377, -28.4116, 3.69918, 164.509, 12.3014, 83.05, 0.00126256, 163.372, 0.00262768, -16.4434, 0.00476551, -136.081
4622, 77.04166, 5.48897, -28.5215, 3.70564, 164.533, 12.3361, 82.9721, 0.00126748, 163.729, 0.00263045, -16.3598, 0.00476808, -136.037
4623, 77.05000, 5.49426, -28.6321, 3.71209, 164.555, 12.3708, 82.8938, 0.00127252, 164.082, 0.00263321, -16.2765, 0.00477064, -135.993
4624, 77.05833, 5.49964, -28.7435, 3.71854, 164.577, 12.4056, 82.8151, 0.00127768, 164.43, 0.00263596, -16.1937, 0.0047732, -135.948
4624, 77.06667, 5.50509, -28.8556, 3.72499, 164.598, 12.4405, 82.7359, 0.00128296, 164.773, 0.00263871, -16.1111, 0.00477576, -135.904
4625, 77.07500, 5.51063, -28.9684, 3.73143, 164.618, 12.4754, 82.6564, 0.00128835, 165.112, 0.00264146, -16.029, 0.00477831, -135.859
4625, 77.08334, 5.51626, -29.082, 3.73786, 164.637, 12.5103, 82.5765, 0.00129385, 165.446, 0.0026442, -15.9472, 0.00478085, -135.814
4626, 77.09167, 5.52197, -29.1964, 3.7443, 164.655, 12.5453, 82.4961, 0.00129947, 165.776, 0.00264694, -15.8658, 0.00478339, -135.769
4626, 77.10000, 5.52776, -29.3115, 3.75072, 164.672, 12.5804, 82.4154, 0.0013052, 166.101, 0.00264967, -15.7847, 0.00478592, -135.724
4627, 77.10833, 5.53363, -29.4274, 3.75714, 164.689, 12.6155, 82.3342, 0.00131105, 166.421, 0.0026524, -15.704, 0.00478845, -135.679
4627, 77.11667, 5.53959, -29.5442, 3.76356, 164.704, 12.6506, 82.2526, 0.001317, 166.736, 0.00265513, -15.6237, 0.00479098, -135.633
4628, 77.12500, 5.54563, -29.6616, 3.76997, 164.719, 12.6859, 82.1707, 0.00132306, 167.047, 0.00265786, -15.5436, 0.0047935, -135.587
4628, 77.13333, 5.55175, -29.7799, 3.77637, 164.733, 12.7211, 82.0883, 0.00132922, 167.352, 0.00266058, -15.464, 0.00479602, -135.542
4629, 77.14167, 5.55795, -29.899, 3.78276, 164.746, 12.7565, 82.0055, 0.0013355, 167.653, 0.00266329, -15.3846, 0.00479853, -135.496
4629, 77.15000, 5.56424, -30.0189, 3.78915, 164.759, 12.7919, 81.9223, 0.00134187, 167.95, 0.00266601, -15.3056, 0.00480104, -135.45
4630, 77.15833, 5.57061, -30.1397, 3.79553, 164.77, 12.8273, 81.8387, 0.00134835, 168.241, 0.00266872, -15.227, 0.00480354, -135.403
4630, 77.16666, 5.57706, -30.2612, 3.8019, 164.781, 12.8628, 81.7548, 0.00135493, 168.527, 0.00267143, -15.1487, 0.00480605, -135.357
4630, 77.17500, 5.58359, -30.3836, 3.80827, 164.791, 12.8984, 81.6704, 0.00136161, 168.809, 0.00267414, -15.0707, 0.00480854, -135.31
4631, 77.18333, 5.5902, -30.5069, 3.81462, 164.8, 12.934, 81.5856, 0.00136839, 169.086, 0.00267685, -14.993, 0.00481104, -135.263
4632, 77.19167, 5.59689, -30.631, 3.82097, 164.808, 12.9696, 81.5004, 0.00137526, 169.358, 0.00267955, -14.9157, 0.00481353, -135.217
4632, 77.20000, 5.60367, -30.7559, 3.82731, 164.816, 13.0054, 81.4148, 0.00138224, 169.625, 0.00268226, -14.8386, 0.00481602, -135.169
4633, 77.20834, 5.61052, -30.8817, 3.83364, 164.823, 13.0412, 81.3288, 0.0013893, 169.887, 0.00268496, -14.762, 0.0048185, -135.122
4633, 77.21667, 5.61746, -31.0084, 3.83996, 164.829, 13.077, 81.2424, 0.00139647, 170.144, 0.00268766, -14.6856, 0.00482099, -135.075
4634, 77.22500, 5.62448, -31.136, 3.84627, 164.834, 13.1129, 81.1556, 0.00140372, 170.397, 0.00269036, -14.6095, 0.00482347, -135.027
4634, 77.23333, 5.63158, -31.2645, 3.85257, 164.839, 13.1489, 81.0684, 0.00141106, 170.645, 0.00269306, -14.5338, 0.00482594, -134.979
4635, 77.24167, 5.63875, -31.3938, 3.85886, 164.843, 13.1849, 80.9808, 0.0014185, 170.888, 0.00269576, -14.4584, 0.00482842, -134.931
4635, 77.25000, 5.64601, -31.5241, 3.86514, 164.846, 13.2209, 80.8929, 0.00142602, 171.126, 0.00269846, -14.3833, 0.00483089, -134.883
4636, 77.25833, 5.65335, -31.6552, 3.87141, 164.848, 13.2571, 80.8045, 0.00143364, 171.359, 0.00270116, -14.3085, 0.00483336, -134.835
4636, 77.26667, 5.66076, -31.7873, 3.87767, 164.85, 13.2933, 80.7157, 0.00144134, 171.588, 0.00270386, -14.234, 0.00483583, -134.786
4637, 77.27500, 5.66826, -31.9203, 3.88391, 164.851, 13.3295, 80.6265, 0.00144912, 171.812, 0.00270656, -14.1599, 0.0048383, -134.738
4637, 77.28333, 5.67583, -32.0542, 3.89015, 164.851, 13.3658, 80.5369, 0.00145699, 172.031, 0.00270926, -14.086, 0.00484077, -134.689
4638, 77.29166, 5.68348, -32.1891, 3.89637, 164.85, 13.4022, 80.4469, 0.00146494, 172.245, 0.00271196, -14.0125, 0.00484324, -134.64
4638, 77.30000, 5.69122, -32.3248, 3.90259, 164.849, 13.4387, 80.3565, 0.00147297, 172.455, 0.00271467, -13.9392, 0.0048457, -134.59
4638, 77.30833, 5.69902, -32.4616, 3.90879, 164.847, 13.4751, 80.2657, 0.00148109, 172.66, 0.00271737, -13.8663, 0.00484817, -134.541
4639, 77.31667, 5.70691, -32.5993, 3.91498, 164.844, 13.5117, 80.1745, 0.00148928, 172.861, 0.00272008, -13.7937, 0.00485063, -134.491
4640, 77.32500, 5.71488, -32.7379, 3.92115, 164.841, 13.5483, 80.0829, 0.00149755, 173.056, 0.00272279, -13.7215, 0.0048531, -134.441
4640, 77.33334, 5.72292, -32.8776, 3.92731, 164.837, 13.585, 79.9909, 0.0015059, 173.248, 0.0027255, -13.6495, 0.00485556, -134.391
4641, 77.34167, 5.73104, -33.0182, 3.93347, 164.832, 13.6217, 79.8985, 0.00151433, 173.435, 0.00272821, -13.5778, 0.00485803, -134.341
4641, 77.35000, 5.73924, -33.1597, 3.9396, 164.827, 13.6585, 79.8057, 0.00152283, 173.617, 0.00273093, -13.5065, 0.00486049, -134.291
4642, 77.35833, 5.74751, -33.3023, 3.94573, 164.821, 13.6954, 79.7125, 0.00153141, 173.795, 0.00273365, -13.4355, 0.00486296, -134.24
4642, 77.36667, 5.75586, -33.4459, 3.95184, 164.815, 13.7323, 79.6189, 0.00154006, 173.968, 0.00273637, -13.3647, 0.00486542, -134.189
4643, 77.37500, 5.76429, -33.5904, 3.95794, 164.807, 13.7693, 79.5248, 0.00154878, 174.137, 0.00273909, -13.2943, 0.00486789, -134.138
4643, 77.38333, 5.77279, -33.736, 3.96402, 164.799, 13.8064, 79.4304, 0.00155757, 174.301, 0.00274182, -13.2243, 0.00487036, -134.087
4644, 77.39167, 5.78137, -33.8825, 3.97009, 164.791, 13.8435, 79.3356, 0.00156644, 174.462, 0.00274456, -13.1545, 0.00487283, -134.035
4644, 77.40000, 5.79002, -34.0301, 3.97614, 164.782, 13.8807, 79.2404, 0.00157537, 174.617, 0.00274729, -13.0851, 0.0048753, -133.983
4645, 77.40833, 5.79875, -34.1787, 3.98218, 164.772, 13.9179, 79.1447, 0.00158437, 174.769, 0.00275003, -13.0159, 0.00487778, -133.931
4645, 77.41666, 5.80755, -34.3284, 3.98821, 164.761, 13.9553, 79.0487, 0.00159344, 174.916, 0.00275278, -12.9471, 0.00488025, -133.879
4646, 77.42500, 5.81643, -34.4791, 3.99422, 164.75, 13.9926, 78.9522, 0.00160258, 175.059, 0.00275553, -12.8787, 0.00488273, -133.827
4646, 77.43333, 5.82538, -34.6308, 4.00022, 164.739, 14.0301, 78.8553, 0.00161178, 175.198, 0.00275828, -12.8105, 0.00488522, -133.774
4646, 77.44167, 5.8344, -34.7836, 4.0062, 164.726, 14.0676, 78.7581, 0.00162105, 175.333, 0.00276104, -12.7427, 0.0048877, -133.721
4647, 77.45000, 5.8435, -34.9374, 4.01217, 164.713, 14.1052, 78.6604, 0.00163038, 175.464, 0.00276381, -12.6752, 0.00489019, -133.668
4648, 77.45834, 5.85267, -35.0922, 4.01812, 164.7, 14.1428, 78.5623, 0.00163977, 175.59, 0.00276658, -12.6081, 0.00489268, -133.615
4648, 77.46667, 5.86192, -35.2482, 4.02406, 164.686, 14.1805, 78.4638, 0.00164923, 175.713, 0.00276935, -12.5413, 0.00489518, -133.561
4649, 77.47500, 5.87124, -35.4052, 4.02998, 164.671, 14.2183, 78.3648, 0.00165874, 175.831, 0.00277214, -12.4748, 0.00489768, -133.508
4649, 77.48333, 5.88063, -35.5633, 4.03588, 164.656, 14.2561, 78.2655, 0.00166832, 175.946, 0.00277493, -12.4086, 0.00490018, -133.454
4650, 77.49167, 5.89009, -35.7225, 4.04177, 164.64, 14.294, 78.1657, 0.00167796, 176.056, 0.00277772, -12.3429, 0.0049027, -133.399
4650, 77.50000, 5.89962, -35.8827, 4.04764, 164.624, 14.332, 78.0656, 0.00168765, 176.163, 0.00278052, -12.2774, 0.00490521, -133.345
4651, 77.50833, 5.90923, -36.0441, 4.0535, 164.607, 14.37, 77.965, 0.00169741, 176.266, 0.00278333, -12.2123, 0.00490773, -133.29
4651, 77.51667, 5.91891, -36.2065, 4.05934, 164.589, 14.4082, 77.864, 0.00170722, 176.365, 0.00278615, -12.1476, 0.00491026, -133.235
4652, 77.52500, 5.92865, -36.3701, 4.06516, 164.571, 14.4463, 77.7626, 0.00171709, 176.46, 0.00278897, -12.0832, 0.00491279, -133.18
4652, 77.53333, 5.93847, -36.5347, 4.07097, 164.552, 14.4846, 77.6607, 0.00172701, 176.552, 0.0027918, -12.0192, 0.00491533, -133.125
4653, 77.54166, 5.94836, -36.7005, 4.07676, 164.533, 14.5229, 77.5584, 0.00173699, 176.639, 0.00279464, -11.9555, 0.00491787, -133.069
4653, 77.55000, 5.95831, -36.8674, 4.08253, 164.513, 14.5613, 77.4557, 0.00174703, 176.723, 0.00279749, -11.8923, 0.00492043, -133.013
4654, 77.55833, 5.96834, -37.0354, 4.08829, 164.493, 14.5997, 77.3526, 0.00175711, 176.804, 0.00280034, -11.8294, 0.00492299, -132.957
4654, 77.56667, 5.97843, -37.2046, 4.09403, 164.472, 14.6383, 77.249, 0.00176726, 176.881, 0.0028032, -11.7668, 0.00492556, -132.9
4654, 77.57500, 5.9886, -37.3749, 4.09975, 164.451, 14.6769, 77.1451, 0.00177745, 176.954, 0.00280607, -11.7047, 0.00492813, -132.843
4655, 77.58334, 5.99883, -37.5463, 4.10545, 164.429, 14.7155, 77.0407, 0.00178769, 177.023, 0.00280895, -11.6429, 0.00493071, -132.787
4656, 77.59167, 6.00913, -37.7189, 4.11114, 164.407, 14.7543, 76.9358, 0.00179799, 177.09, 0.00281184, -11.5815, 0.00493331, -132.729
4656, 77.60000, 6.01949, -37.8926, 4.11681, 164.384, 14.7931, 76.8305, 0.00180834, 177.152, 0.00281474, -11.5205, 0.00493591, -132.672
4657, 77.60833, 6.02993, -38.0675, 4.12246, 164.36, 14.832, 76.7248, 0.00181873, 177.212, 0.00281765, -11.46, 0.00493852, -132.614
4657, 77.61667, 6.04043, -38.2436, 4.1281, 164.336, 14.8709, 76.6187, 0.00182918, 177.267, 0.00282056, -11.3998, 0.00494114, -132.556
4658, 77.62500, 6.05099, -38.4208, 4.13371, 164.312, 14.91, 76.5121, 0.00183967, 177.32, 0.00282349, -11.34, 0.00494377, -132.498
4658, 77.63333, 6.06162, -38.5992, 4.13931, 164.287, 14.9491, 76.4051, 0.00185021, 177.369, 0.00282642, -11.2807, 0.00494642, -132.439
4659, 77.64167, 6.07232, -38.7788, 4.14489, 164.262, 14.9882, 76.2976, 0.0018608, 177.415, 0.00282937, -11.2217, 0.00494907, -132.38
4659, 77.65000, 6.08308, -38.9595, 4.15045, 164.236, 15.0275, 76.1897, 0.00187143, 177.457, 0.00283232, -11.1632, 0.00495173, -132.321
4660, 77.65833, 6.09391, -39.1415, 4.156, 164.209, 15.0668, 76.0813, 0.00188211, 177.496, 0.00283529, -11.1051, 0.00495441, -132.262
4660, 77.66666, 6.1048, -39.3246, 4.16152, 164.183, 15.1062, 75.9725, 0.00189284, 177.533, 0.00283826, -11.0475, 0.0049571, -132.202
4661, 77.67500, 6.11576, -39.509, 4.16703, 164.155, 15.1457, 75.8633, 0.00190361, 177.565, 0.00284125, -10.9903, 0.0049598, -132.142
4661, 77.68333, 6.12677, -39.6945, 4.17252, 164.127, 15.1852, 75.7535, 0.00191443, 177.595, 0.00284425, -10.9335, 0.00496252, -132.082
4662, 77.69167, 6.13786, -39.8812, 4.17799, 164.099, 15.2248, 75.6434, 0.00192529, 177.622, 0.00284725, -10.8772, 0.00496524, -132.022
4662, 77.70000, 6.149, -40.0692, 4.18344, 164.07, 15.2645, 75.5327, 0.00193619, 177.645, 0.00285027, -10.8214, 0.00496799, -131.961
4662, 77.70834, 6.1602, -40.2584, 4.18887, 164.041, 15.3043, 75.4217, 0.00194713, 177.666, 0.0028533, -10.766, 0.00497074, -131.9
4663, 77.71667, 6.17147, -40.4488, 4.19428, 164.011, 15.3441, 75.3101, 0.00195812, 177.683, 0.00285634, -10.7111, 0.00497351, -131.839
4664, 77.72500, 6.1828, -40.6404, 4.19968, 163.981, 15.384, 75.1981, 0.00196915, 177.697, 0.00285939, -10.6567, 0.0049763, -131.777
4664, 77.73333, 6.19418, -40.8332, 4.20505, 163.951, 15.424, 75.0857, 0.00198022, 177.709, 0.00286246, -10.6028, 0.0049791, -131.715
4665, 77.74167, 6.20563, -41.0273, 4.21041, 163.92, 15.4641, 74.9727, 0.00199133, 177.717, 0.00286553, -10.5493, 0.00498192, -131.653
4665, 77.75000, 6.21714, -41.2227, 4.21575, 163.888, 15.5042, 74.8593, 0.00200248, 177.723, 0.00286862, -10.4964, 0.00498475, -131.591
4666, 77.75833, 6.2287, -41.4192, 4.22107, 163.856, 15.5444, 74.7454, 0.00201367, 177.725, 0.00287171, -10.4439, 0.00498761, -131.528
4666, 77.76667, 6.24033, -41.6171, 4.22637, 163.824, 15.5847, 74.6311, 0.0020249, 177.725, 0.00287482, -10.392, 0.00499048, -131.465
4667, 77.77500, 6.25201, -41.8161, 4.23165, 163.791, 15.6251, 74.5162, 0.00203617, 177.722, 0.00287794, -10.3406, 0.00499336, -131.402
4667, 77.78333, 6.26375, -42.0165, 4.23691, 163.758, 15.6655, 74.4009, 0.00204747, 177.716, 0.00288108, -10.2897, 0.00499627, -131.338
4668, 77.79166, 6.27555, -42.2181, 4.24215, 163.724, 15.7061, 74.2851, 0.00205882, 177.708, 0.00288422, -10.2393, 0.0049992, -131.275
4668, 77.80000, 6.2874, -42.4209, 4.24737, 163.69, 15.7467, 74.1688, 0.0020702, 177.696, 0.00288738, -10.1895, 0.00500214, -131.211
4669, 77.80833, 6.29931, -42.6251, 4.25257, 163.656, 15.7873, 74.0521, 0.00208162, 177.682, 0.00289055, -10.1403, 0.00500511, -131.146
4669, 77.81667, 6.31128, -42.8305, 4.25775, 163.621, 15.8281, 73.9348, 0.00209307, 177.665, 0.00289373, -10.0915, 0.00500809, -131.081
4670, 77.82500, 6.3233, -43.0372, 4.26292, 163.586, 15.8689, 73.8171, 0.00210456, 177.646, 0.00289692, -10.0434, 0.0050111, -131.016
4670, 77.83334, 6.33537, -43.2452, 4.26806, 163.55, 15.9098, 73.6988, 0.00211608, 177.623, 0.00290012, -9.99583, 0.00501413, -130.951
4670, 77.84167, 6.3475, -43.4545, 4.27319, 163.514, 15.9508, 73.58, 0.00212764, 177.598, 0.00290334, -9.94883, 0.00501718, -130.886
4671, 77.85000, 6.35968, -43.665, 4.27829, 163.477, 15.9919, 73.4608, 0.00213924, 177.571, 0.00290657, -9.90243, 0.00502025, -130.82
4672, 77.85833, 6.37191, -43.8769, 4.28337, 163.44, 16.033, 73.341, 0.00215086, 177.541, 0.00290981, -9.85662, 0.00502335, -130.754
4672, 77.86667, 6.3842, -44.0901, 4.28844, 163.403, 16.0743, 73.2208, 0.00216253, 177.508, 0.00291307, -9.8114, 0.00502647, -130.687
4673, 77.87500, 6.39653, -44.3045, 4.29349, 163.365, 16.1156, 73.1, 0.00217422, 177.473, 0.00291633, -9.7668, 0.00502962, -130.62
4673, 77.88333, 6.40892, -44.5203, 4.29851, 163.327, 16.1569, 72.9787, 0.00218595, 177.435, 0.00291961, -9.72282, 0.00503279, -130.553
4674, 77.89167, 6.42136, -44.7374, 4.30352, 163.289, 16.1984, 72.8569, 0.00219771, 177.395, 0.0029229, -9.67947, 0.00503598, -130.486
4674, 77.90000, 6.43384, -44.9559, 4.3085, 163.25, 16.2399, 72.7345, 0.0022095, 177.352, 0.0029262, -9.63675, 0.00503921, -130.419
4675, 77.90833, 6.44638, -45.1756, 4.31347, 163.211, 16.2815, 72.6117, 0.00222132, 177.307, 0.00292951, -9.59468, 0.00504246, -130.351
4675, 77.91666, 6.45896, -45.3967, 4.31841, 163.171, 16.3232, 72.4883, 0.00223317, 177.259, 0.00293284, -9.55325, 0.00504573, -130.282
4676, 77.92500, 6.47159, -45.6191, 4.32334, 163.131, 16.365, 72.3644, 0.00224506, 177.209, 0.00293618, -9.51249, 0.00504904, -130.214
4676, 77.93333, 6.48427, -45.8428, 4.32825, 163.091, 16.4068, 72.2399, 0.00225697, 177.157, 0.00293953, -9.4724, 0.00505237, -130.145
4677, 77.94167, 6.49699, -46.0679, 4.33313, 163.05, 16.4488, 72.1149, 0.00226891, 177.102, 0.00294289, -9.43299, 0.00505574, -130.076
4677, 77.95000, 6.50976, -46.2943, 4.338, 163.009, 16.4908, 71.9894, 0.00228088, 177.045, 0.00294626, -9.39426, 0.00505913, -130.007
4678, 77.95834, 6.52258, -46.5221, 4.34285, 162.968, 16.5328, 71.8633, 0.00229288, 176.985, 0.00294965, -9.35623, 0.00506255, -129.937
4678, 77.96667, 6.53544, -46.7513, 4.34767, 162.926, 16.575, 71.7367, 0.00230492, 176.923, 0.00295304, -9.3189, 0.00506601, -129.867
4678, 77.97500, 6.54834, -46.9817, 4.35248, 162.884, 16.6172, 71.6095, 0.00231697, 176.859, 0.00295645, -9.28229, 0.0050695, -129.797
4679, 77.98333, 6.56128, -47.2136, 4.35726, 162.841, 16.6595, 71.4818, 0.00232906, 176.792, 0.00295987, -9.2464, 0.00507302, -129.727
4680, 77.99167, 6.57427, -47.4468, 4.36203, 162.798, 16.7019, 71.3535, 0.00234117, 176.724, 0.0029633, -9.21124, 0.00507657, -129.656
4680, 78.00000, 6.58729, -47.6814, 4.36678, 162.755, 16.7444, 71.2246, 0.00235331, 176.653, 0.00296674, -9.17682, 0.00508016, -129.585
4681, 78.00833, 6.60036, -47.9173, 4.3715, 162.711, 16.7869, 71.0952, 0.00236547, 176.579, 0.00297019, -9.14316, 0.00508378, -129.514
4681, 78.01667, 6.61347, -48.1547, 4.37621, 162.667, 16.8295, 70.9652, 0.00237766, 176.504, 0.00297365, -9.11024, 0.00508744, -129.442
4682, 78.02500, 6.62662, -48.3934, 4.3809, 162.623, 16.8722, 70.8347, 0.00238988, 176.426, 0.00297712, -9.0781, 0.00509113, -129.37
4682, 78.03333, 6.6398, -48.6335, 4.38556, 162.579, 16.915, 70.7035, 0.00240212, 176.346, 0.0029806, -9.04673, 0.00509486, -129.298
4683, 78.04166, 6.65302, -48.875, 4.39021, 162.534, 16.9579, 70.5718, 0.00241439, 176.264, 0.0029841, -9.01615, 0.00509863, -129.226
4683, 78.05000, 6.66628, -49.1178, 4.39484, 162.488, 17.0008, 70.4395, 0.00242667, 176.18, 0.0029876, -8.98636, 0.00510244, -129.153
4684, 78.05833, 6.67957, -49.3621, 4.39944, 162.443, 17.0438, 70.3066, 0.00243899, 176.093, 0.00299111, -8.95738, 0.00510628, -129.08
4684, 78.06667, 6.6929, -49.6078, 4.40403, 162.397, 17.0868, 70.1731, 0.00245132, 176.005, 0.00299463, -8.92921, 0.00511017, -129.007
4685, 78.07500, 6.70626, -49.8548, 4.40859, 162.35, 17.13, 70.039, 0.00246368, 175.914, 0.00299816, -8.90186, 0.00511409, -128.933
4685, 78.08334, 6.71966, -50.1033, 4.41314, 162.304, 17.1732, 69.9043, 0.00247606, 175.821, 0.0030017, -8.87535, 0.00511806, -128.86
4686, 78.09167, 6.73309, -50.3532, 4.41767, 162.257, 17.2165, 69.769, 0.00248847, 175.726, 0.00300525, -8.84967, 0.00512207, -128.786
4686, 78.10000, 6.74654, -50.6045, 4.42217, 162.21, 17.2599, 69.6331, 0.00250089, 175.629, 0.0030088, -8.82485, 0.00512612, -128.711
4686, 78.10833, 6.76003, -50.8572, 4.42666, 162.162, 17.3033, 69.4966, 0.00251334, 175.53, 0.00301236, -8.80089, 0.00513021, -128.637
4687, 78.11667, 6.77355, -51.1114, 4.43113, 162.114, 17.3468, 69.3594, 0.0025258, 175.429, 0.00301593, -8.77779, 0.00513435, -128.562
4688, 78.12500, 6.7871, -51.367, 4.43557, 162.066, 17.3904, 69.2217, 0.00253829, 175.326, 0.00301951, -8.75557, 0.00513853, -128.487
4688, 78.13333, 6.80067, -51.6239, 4.44, 162.017, 17.4341, 69.0833, 0.00255079, 175.22, 0.0030231, -8.73425, 0.00514276, -128.412
4689, 78.14167, 6.81427, -51.8824, 4.4444, 161.968, 17.4778, 68.9442, 0.00256332, 175.113, 0.00302669, -8.71381, 0.00514704, -128.336
4689, 78.15000, 6.8279, -52.1423, 4.44879, 161.919, 17.5216, 68.8046, 0.00257586, 175.004, 0.00303028, -8.69429, 0.00515136, -128.26
4690, 78.15833, 6.84155, -52.4035, 4.45316, 161.87, 17.5654, 68.6643, 0.00258842, 174.893, 0.00303389, -8.67567, 0.00515573, -128.184
4690, 78.16666, 6.85523, -52.6663, 4.4575, 161.82, 17.6094, 68.5233, 0.002601, 174.779, 0.0030375, -8.65799, 0.00516016, -128.108
4691, 78.17500, 6.86893, -52.9305, 4.46183, 161.77, 17.6534, 68.3817, 0.0026136, 174.664, 0.00304111, -8.64123, 0.00516463, -128.032
4691, 78.18333, 6.88264, -53.1961, 4.46614, 161.719, 17.6974, 68.2395, 0.00262621, 174.547, 0.00304473, -8.62542, 0.00516915, -127.955
4691, 78.19167, 6.89638, -53.4633, 4.47042, 161.669, 17.7416, 68.0966, 0.00263884, 174.428, 0.00304835, -8.61056, 0.00517372, -127.878
4692, 78.20000, 6.91014, -53.7318, 4.47469, 161.618, 17.7858, 67.953, 0.00265149, 174.307, 0.00305198, -8.59666, 0.00517835, -127.801
4693, 78.20834, 6.92392, -54.0018, 4.47894, 161.566, 17.83, 67.8088, 0.00266415, 174.184, 0.00305561, -8.58374, 0.00518302, -127.724
4693, 78.21667, 6.93772, -54.2733, 4.48317, 161.514, 17.8743, 67.6639, 0.00267682, 174.059, 0.00305924, -8.57178, 0.00518776, -127.646
4694, 78.22500, 6.95153, -54.5463, 4.48737, 161.463, 17.9187, 67.5183, 0.00268951, 173.932, 0.00306287, -8.56082, 0.00519254, -127.569
4694, 78.23333, 6.96535, -54.8207, 4.49156, 161.41, 17.9632, 67.372, 0.00270221, 173.803, 0.00306651, -8.55086, 0.00519739, -127.491
4694, 78.24167, 6.97919, -55.0966, 4.49573, 161.358, 18.0077, 67.2251, 0.00271493, 173.673, 0.00307015, -8.5419, 0.00520229, -127.413
4695, 78.25000, 6.99304, -55.3739, 4.49988, 161.305, 18.0522, 67.0774, 0.00272766, 173.54, 0.00307378, -8.53395, 0.00520724, -127.334
4696, 78.25833, 7.00691, -55.6528, 4.50401, 161.252, 18.0969, 66.9291, 0.0027404, 173.406, 0.00307742, -8.52703, 0.00521226, -127.256
4696, 78.26667, 7.02078, -55.9331, 4.50812, 161.198, 18.1416, 66.78, 0.00275315, 173.27, 0.00308106, -8.52114, 0.00521733, -127.177
4697, 78.27500, 7.03466, -56.2149, 4.5122, 161.144, 18.1863, 66.6303, 0.00276591, 173.132, 0.0030847, -8.51629, 0.00522247, -127.098
4697, 78.28333, 7.04855, -56.4982, 4.51627, 161.09, 18.2311, 66.4799, 0.00277868, 172.992, 0.00308833, -8.5125, 0.00522766, -127.019
4698, 78.29166, 7.06245, -56.783, 4.52032, 161.036, 18.2759, 66.3287, 0.00279147, 172.85, 0.00309197, -8.50975, 0.00523292, -126.94
4698, 78.30000, 7.07636, -57.0693, 4.52435, 160.981, 18.3208, 66.1768, 0.00280426, 172.706, 0.0030956, -8.50808, 0.00523824, -126.861
4699, 78.30833, 7.09026, -57.3571, 4.52836, 160.926, 18.3658, 66.0242, 0.00281706, 172.561, 0.00309922, -8.50747, 0.00524363, -126.782
4699, 78.31667, 7.10417, -57.6464, 4.53235, 160.871, 18.4108, 65.8709, 0.00282987, 172.413, 0.00310285, -8.50795, 0.00524907, -126.702
4699, 78.32500, 7.11808, -57.9372, 4.53632, 160.816, 18.4558, 65.7169, 0.00284268, 172.264, 0.00310646, -8.50953, 0.00525459, -126.622
4700, 78.33334, 7.13199, -58.2295, 4.54027, 160.76, 18.5009, 65.5621, 0.0028555, 172.113, 0.00311008, -8.51219, 0.00526017, -126.543
4701, 78.34167, 7.1459, -58.5233, 4.54421, 160.704, 18.546, 65.4065, 0.00286833, 171.961, 0.00311368, -8.51597, 0.00526581, -126.463
4701, 78.35000, 7.15981, -58.8186, 4.54812, 160.647, 18.5912, 65.2502, 0.00288117, 171.806, 0.00311728, -8.52086, 0.00527153, -126.383
4702, 78.35833, 7.17371, -59.1154, 4.55201, 160.591, 18.6364, 65.0932, 0.002894, 171.65, 0.00312087, -8.52687, 0.00527731, -126.303
4702, 78.36667, 7.18761, -59.4138, 4.55588, 160.534, 18.6817, 64.9354, 0.00290685, 171.492, 0.00312446, -8.53402, 0.00528317, -126.222
4703, 78.37500, 7.2015, -59.7137, 4.55973, 160.476, 18.727, 64.7769, 0.00291969, 171.332, 0.00312803, -8.5423, 0.00528909, -126.142
4703, 78.38333, 7.21538, -60.015, 4.56357, 160.419, 18.7723, 64.6176, 0.00293254, 171.171, 0.0031316, -8.55172, 0.00529509, -126.062
4704, 78.39167, 7.22925, -60.318, 4.56738, 160.361, 18.8176, 64.4575, 0.00294539, 171.007, 0.00313515, -8.5623, 0.00530116, -125.981
4704, 78.40000, 7.24311, -60.6224, 4.57117, 160.303, 18.863, 64.2966, 0.00295824, 170.842, 0.0031387, -8.57403, 0.0053073, -125.901
4705, 78.40833, 7.25695, -60.9284, 4.57495, 160.244, 18.9085, 64.135, 0.00297109, 170.676, 0.00314223, -8.58694, 0.00531351, -125.82
4705, 78.41666, 7.27078, -61.2359, 4.5787, 160.186, 18.9539, 63.9726, 0.00298394, 170.507, 0.00314574, -8.60101, 0.0053198, -125.74
4706, 78.42500, 7.2846, -61.5449, 4.58243, 160.127, 18.9994, 63.8094, 0.00299679, 170.337, 0.00314925, -8.61627, 0.00532617, -125.659
4706, 78.43333, 7.2984, -61.8555, 4.58615, 160.067, 19.0449, 63.6454, 0.00300964, 170.165, 0.00315274, -8.63271, 0.00533261, -125.579
4707, 78.44167, 7.31217, -62.1676, 4.58984, 160.008, 19.0904, 63.4806, 0.00302249, 169.991, 0.00315621, -8.65034, 0.00533913, -125.498
4707, 78.45000, 7.32593, -62.4813, 4.59352, 159.948, 19.1359, 63.315, 0.00303533, 169.816, 0.00315967, -8.66918, 0.00534573, -125.418
4707, 78.45834, 7.33966, -62.7965, 4.59717, 159.888, 19.1815, 63.1486, 0.00304817, 169.639, 0.0031631, -8.68921, 0.00535241, -125.337
4708, 78.46667, 7.35337, -63.1132, 4.60081, 159.827, 19.2271, 62.9813, 0.00306101, 169.46, 0.00316652, -8.71047, 0.00535917, -125.256
4709, 78.47500, 7.36706, -63.4315, 4.60442, 159.767, 19.2726, 62.8133, 0.00307384, 169.28, 0.00316992, -8.73293, 0.00536601, -125.176
4709, 78.48333, 7.38071, -63.7513, 4.60802, 159.706, 19.3182, 62.6445, 0.00308666, 169.097, 0.0031733, -8.75662, 0.00537294, -125.095
4710, 78.49167, 7.39434, -64.0727, 4.61159, 159.644, 19.3638, 62.4748, 0.00309947, 168.914, 0.00317666, -8.78154, 0.00537994, -125.015
4710, 78.50000, 7.40793, -64.3956, 4.61515, 159.583, 19.4094, 62.3043, 0.00311228, 168.728, 0.00318, -8.80769, 0.00538703, -124.935
4711, 78.50833, 7.42149, -64.7201, 4.61868, 159.521, 19.455, 62.133, 0.00312508, 168.541, 0.00318331, -8.83508, 0.00539421, -124.854
4711, 78.51667, 7.43502, -65.0462, 4.6222, 159.459, 19.5006, 61.9608, 0.00313787, 168.352, 0.0031866, -8.86372, 0.00540147, -124.774
4712, 78.52500, 7.4485, -65.3737, 4.6257, 159.396, 19.5462, 61.7878, 0.00315064, 168.162, 0.00318987, -8.8936, 0.00540881, -124.694
4712, 78.53333, 7.46195, -65.7029, 4.62917, 159.334, 19.5918, 61.6139, 0.00316341, 167.969, 0.0031931, -8.92474, 0.00541624, -124.614
4713, 78.54166, 7.47536, -66.0336, 4.63263, 159.271, 19.6374, 61.4392, 0.00317616, 167.776, 0.00319631, -8.95713, 0.00542376, -124.534
4713, 78.55000, 7.48873, -66.3659, 4.63606, 159.207, 19.6829, 61.2637, 0.0031889, 167.58, 0.00319949, -8.99079, 0.00543137, -124.454
4714, 78.55833, 7.50205, -66.6997, 4.63947, 159.144, 19.7285, 61.0873, 0.00320163, 167.383, 0.00320264, -9.02571, 0.00543907, -124.375
4714, 78.56667, 7.51532, -67.0351, 4.64287, 159.08, 19.774, 60.91, 0.00321434, 167.184, 0.00320576, -9.0619, 0.00544686, -124.295
4715, 78.57500, 7.52855, -67.372, 4.64624, 159.015, 19.8195, 60.7319, 0.00322703, 166.984, 0.00320885, -9.09936, 0.00545474, -124.216
4715, 78.58334, 7.54172, -67.7105, 4.6496, 158.951, 19.8649, 60.5529, 0.0032397, 166.782, 0.0032119, -9.1381, 0.00546271, -124.137
4715, 78.59167, 7.55485, -68.0506, 4.65293, 158.886, 19.9104, 60.373, 0.00325236, 166.579, 0.00321492, -9.17812, 0.00547077, -124.058
4716, 78.60000, 7.56791, -68.3922, 4.65624, 158.821, 19.9558, 60.1922, 0.003265, 166.373, 0.00321791, -9.21942, 0.00547893, -123.98
4717, 78.60833, 7.58093, -68.7353, 4.65953, 158.756, 20.0012, 60.0106, 0.00327762, 166.167, 0.00322086, -9.26201, 0.00548717, -123.901
4717, 78.61667, 7.59388, -69.0801, 4.6628, 158.69, 20.0465, 59.8281, 0.00329021, 165.958, 0.00322377, -9.30588, 0.00549552, -123.823
4718, 78.62500, 7.60677, -69.4264, 4.66605, 158.624, 20.0918, 59.6447, 0.00330279, 165.748, 0.00322664, -9.35104, 0.00550396, -123.745
4718, 78.63333, 7.6196, -69.7743, 4.66928, 158.558, 20.137, 59.4604, 0.00331533, 165.537, 0.00322947, -9.3975, 0.00551249, -123.668
4719, 78.64167, 7.63236, -70.1237, 4.67249, 158.491, 20.1822, 59.2752, 0.00332786, 165.324, 0.00323226, -9.44524, 0.00552112, -123.59
4719, 78.65000, 7.64506, -70.4747, 4.67567, 158.425, 20.2273, 59.0891, 0.00334036, 165.109, 0.003235, -9.49428, 0.00552985, -123.513
4720, 78.65833, 7.65768, -70.8272, 4.67884, 158.357, 20.2723, 58.9021, 0.00335283, 164.893, 0.0032377, -9.54462, 0.00553867, -123.436
4720, 78.66666, 7.67024, -71.1814, 4.68198, 158.29, 20.3173, 58.7142, 0.00336528, 164.675, 0.00324036, -9.59625, 0.00554759, -123.36
4721, 78.67500, 7.68272, -71.537, 4.6851, 158.222, 20.3623, 58.5255, 0.00337769, 164.455, 0.00324297, -9.64918, 0.00555662, -123.284
4721, 78.68333, 7.69512, -71.8943, 4.6882, 158.154, 20.4071, 58.3358, 0.00339007, 164.234, 0.00324553, -9.70341, 0.00556574, -123.208
4722, 78.69167, 7.70744, -72.2531, 4.69128, 158.086, 20.4519, 58.1452, 0.00340243, 164.012, 0.00324804, -9.75893, 0.00557496, -123.133
4722, 78.70000, 7.71969, -72.6134, 4.69434, 158.017, 20.4966, 57.9537, 0.00341475, 163.788, 0.0032505, -9.81575, 0.00558428, -123.058
4723, 78.70834, 7.73185, -72.9753, 4.69737, 157.948, 20.5412, 57.7612, 0.00342703, 163.562, 0.00325291, -9.87387, 0.0055937, -122.983
4723, 78.71667, 7.74392, -73.3388, 4.70038, 157.879, 20.5857, 57.5679, 0.00343928, 163.335, 0.00325526, -9.93328, 0.00560322, -122.909
4723, 78.72500, 7.75591, -73.7038, 4.70337, 157.809, 20.6301, 57.3736, 0.0034515, 163.106, 0.00325756, -9.99399, 0.00561284, -122.836
4724, 78.73333, 7.7678, -74.0703, 4.70634, 157.74, 20.6744, 57.1784, 0.00346367, 162.876, 0.00325981, -10.056, 0.00562256, -122.762
4725, 78.74167, 7.7796, -74.4385, 4.70928, 157.669, 20.7186, 56.9823, 0.00347581, 162.644, 0.00326199, -10.1193, 0.00563239, -122.69
4725, 78.75000, 7.79131, -74.8081, 4.7122, 157.599, 20.7627, 56.7853, 0.00348791, 162.411, 0.00326412, -10.1839, 0.00564232, -122.617
4726, 78.75833, 7.80292, -75.1793, 4.7151, 157.528, 20.8067, 56.5873, 0.00349996, 162.177, 0.00326619, -10.2497, 0.00565235, -122.546
4726, 78.76667, 7.81443, -75.5521, 4.71798, 157.457, 20.8506, 56.3884, 0.00351197, 161.94, 0.00326819, -10.3169, 0.00566249, -122.474
4727, 78.77500, 7.82583, -75.9263, 4.72083, 157.386, 20.8943, 56.1886, 0.00352394, 161.703, 0.00327014, -10.3853, 0.00567273, -122.403
4727, 78.78333, 7.83713, -76.3021, 4.72366, 157.314, 20.9379, 55.9879, 0.00353586, 161.463, 0.00327201, -10.455, 0.00568307, -122.333
4728, 78.79166, 7.84832, -76.6795, 4.72646, 157.242, 20.9814, 55.7862, 0.00354774, 161.223, 0.00327382, -10.526, 0.00569352, -122.264
4728, 78.80000, 7.8594, -77.0584, 4.72924, 157.17, 21.0247, 55.5836, 0.00355957, 160.981, 0.00327557, -10.5983, 0.00570407, -122.195
4729, 78.80833, 7.87037, -77.4388, 4.732, 157.097, 21.0679, 55.3801, 0.00357135, 160.737, 0.00327724, -10.6718, 0.00571472, -122.126
4729, 78.81667, 7.88122, -77.8207, 4.73473, 157.024, 21.1109, 55.1756, 0.00358307, 160.492, 0.00327885, -10.7466, 0.00572548, -122.058
4730, 78.82500, 7.89196, -78.2042, 4.73744, 156.951, 21.1538, 54.9702, 0.00359475, 160.245, 0.00328038, -10.8226, 0.00573634, -121.991
4730, 78.83334, 7.90257, -78.5891, 4.74012, 156.878, 21.1965, 54.7639, 0.00360637, 159.997, 0.00328184, -10.8999, 0.00574731, -121.924
4731, 78.84167, 7.91306, -78.9756, 4.74278, 156.804, 21.239, 54.5566, 0.00361793, 159.748, 0.00328322, -10.9784, 0.00575838, -121.859
4731, 78.85000, 7.92342, -79.3636, 4.74541, 156.729, 21.2814, 54.3484, 0.00362944, 159.497, 0.00328453, -11.0582, 0.00576955, -121.793
4731, 78.85833, 7.93365, -79.753, 4.74802, 156.655, 21.3236, 54.1393, 0.00364089, 159.245, 0.00328576, -11.1392, 0.00578083, -121.729
4732, 78.86667, 7.94376, -80.144, 4.7506, 156.58, 21.3656, 53.9292, 0.00365228, 158.991, 0.00328691, -11.2214, 0.00579222, -121.665
4733, 78.87500, 7.95373, -80.5365, 4.75315, 156.505, 21.4073, 53.7182, 0.00366361, 158.736, 0.00328798, -11.3049, 0.0058037, -121.602
4733, 78.88333, 7.96356, -80.9304, 4.75568, 156.43, 21.4489, 53.5063, 0.00367488, 158.48, 0.00328896, -11.3895, 0.00581529, -121.539
4734, 78.89167, 7.97325, -81.3259, 4.75818, 156.354, 21.4903, 53.2934, 0.00368608, 158.222, 0.00328986, -11.4754, 0.00582699, -121.478
4734, 78.90000, 7.9828, -81.7228, 4.76066, 156.278, 21.5315, 53.0797, 0.00369722, 157.962, 0.00329068, -11.5625, 0.00583879, -121.417
4735, 78.90833, 7.99221, -82.1212, 4.76311, 156.201, 21.5725, 52.865, 0.00370829, 157.702, 0.00329141, -11.6507, 0.00585069, -121.357
4735, 78.91666, 8.00146, -82.5211, 4.76553, 156.125, 21.6132, 52.6493, 0.00371929, 157.44, 0.00329205, -11.7401, 0.00586269, -121.298
4736, 78.92500, 8.01057, -82.9224, 4.76792, 156.048, 21.6538, 52.4328, 0.00373022, 157.176, 0.00329261, -11.8307, 0.0058748, -121.239
4736, 78.93333, 8.01952, -83.3251, 4.77029, 155.97, 21.694, 52.2153, 0.00374108, 156.912, 0.00329307, -11.9224, 0.00588701, -121.182
4737, 78.94167, 8.02832, -83.7293, 4.77262, 155.893, 21.7341, 51.9969, 0.00375186, 156.646, 0.00329344, -12.0153, 0.00589932, -121.125
4737, 78.95000, 8.03696, -84.135, 4.77493, 155.815, 21.7738, 51.7776, 0.00376257, 156.378, 0.00329371, -12.1093, 0.00591173, -121.069
4738, 78.95834, 8.04544, -84.542, 4.77721, 155.736, 21.8134, 51.5574, 0.00377321, 156.11, 0.00329389, -12.2045, 0.00592424, -121.014
4738, 78.96667, 8.05376, -84.9505, 4.77946, 155.658, 21.8526, 51.3363, 0.00378376, 155.84, 0.00329397, -12.3007, 0.00593685, -120.96
4739, 78.97500, 8.0619, -85.3604, 4.78168, 155.579, 21.8916, 51.1143, 0.00379424, 155.568, 0.00329395, -12.3981, 0.00594956, -120.907
4739, 78.98333, 8.06988, -85.7717, 4.78387, 155.5, 21.9304, 50.8914, 0.00380463, 155.296, 0.00329383, -12.4965, 0.00596236, -120.854
4739, 78.99167, 8.07769, -86.1845, 4.78603, 155.42, 21.9688, 50.6675, 0.00381495, 155.022, 0.00329361, -12.596, 0.00597527, -120.803
4740, 79.00000, 8.08532, -86.5985, 4.78816, 155.34, 22.007, 50.4428, 0.00382517, 154.747, 0.00329329, -12.6966, 0.00598827, -120.753
4741, 79.00833, 8.09278, -87.014, 4.79026, 155.26, 22.0448, 50.2172, 0.00383531, 154.47, 0.00329286, -12.7982, 0.00600137, -120.703
4741, 79.01667, 8.10005, -87.4309, 4.79233, 155.18, 22.0824, 49.9907, 0.00384537, 154.192, 0.00329233, -12.9008, 0.00601457, -120.655
4742, 79.02500, 8.10714, -87.8491, 4.79437, 155.099, 22.1196, 49.7633, 0.00385533, 153.914, 0.00329169, -13.0045, 0.00602786, -120.607
4742, 79.03333, 8.11405, -88.2686, 4.79637, 155.018, 22.1565, 49.5351, 0.00386521, 153.633, 0.00329094, -13.1092, 0.00604124, -120.561
4743, 79.04166, 8.12076, -88.6896, 4.79835, 154.936, 22.1931, 49.306, 0.00387499, 153.352, 0.00329008, -13.2148, 0.00605471, -120.516
4743, 79.05000, 8.12729, -89.1118, 4.80029, 154.854, 22.2294, 49.076, 0.00388468, 153.07, 0.00328911, -13.3214, 0.00606828, -120.471
4744, 79.05833, 8.13362, -89.5354, 4.8022, 154.772, 22.2654, 48.8451, 0.00389427, 152.786, 0.00328803, -13.429, 0.00608194, -120.428
4744, 79.06667, 8.13976, -89.9603, 4.80407, 154.69, 22.3009, 48.6134, 0.00390376, 152.501, 0.00328683, -13.5375, 0.00609569, -120.386
4745, 79.07500, 8.1457, -90.3864, 4.80591, 154.607, 22.3362, 48.3809, 0.00391316, 152.215, 0.00328551, -13.6469, 0.00610952, -120.344
4745, 79.08334, 8.15143, -90.8139, 4.80772, 154.524, 22.3711, 48.1475, 0.00392245, 151.928, 0.00328408, -13.7573, 0.00612345, -120.304
4746, 79.09167, 8.15697, -91.2427, 4.80949, 154.441, 22.4056, 47.9133, 0.00393164, 151.639, 0.00328254, -13.8685, 0.00613746, -120.265
4746, 79.10000, 8.16229, -91.6727, 4.81122, 154.357, 22.4397, 47.6783, 0.00394073, 151.35, 0.00328087, -13.9805, 0.00615155, -120.228
4747, 79.10833, 8.16741, -92.1039, 4.81293, 154.273, 22.4735, 47.4424, 0.00394972, 151.059, 0.00327908, -14.0934, 0.00616573, -120.191
4747, 79.11667, 8.17232, -92.5365, 4.81459, 154.189, 22.5069, 47.2057, 0.00395859, 150.767, 0.00327717, -14.2072, 0.00617999, -120.155
4747, 79.12500, 8.17701, -92.9702, 4.81622, 154.104, 22.5399, 46.9683, 0.00396736, 150.474, 0.00327513, -14.3217, 0.00619433, -120.121
4748, 79.13333, 8.18148, -93.4051, 4.81782, 154.02, 22.5725, 46.73, 0.00397602, 150.18, 0.00327298, -14.437, 0.00620874, -120.087
4749, 79.14167, 8.18574, -93.8413, 4.81938, 153.934, 22.6047, 46.4909, 0.00398456, 149.885, 0.00327069, -14.5531, 0.00622324, -120.055
4749, 79.15000, 8.18978, -94.2787, 4.8209, 153.849, 22.6364, 46.2511, 0.003993, 149.589, 0.00326828, -14.6699, 0.00623781, -120.024
4750, 79.15833, 8.19359, -94.7172, 4.82238, 153.763, 22.6678, 46.0105, 0.00400132, 149.292, 0.00326574, -14.7875, 0.00625246, -119.994
4750, 79.16666, 8.19717, -95.1569, 4.82382, 153.677, 22.6987, 45.7691, 0.00400952, 148.994, 0.00326308, -14.9057, 0.00626718, -119.966
4751, 79.17500, 8.20053, -95.5977, 4.82523, 153.591, 22.7292, 45.527, 0.0040176, 148.695, 0.00326028, -15.0246, 0.00628197, -119.938
4751, 79.18333, 8.20366, -96.0397, 4.8266, 153.504, 22.7593, 45.2842, 0.00402557, 148.395, 0.00325735, -15.1441, 0.00629683, -119.912
4752, 79.19167, 8.20655, -96.4828, 4.82793, 153.417, 22.7889, 45.0406, 0.00403341, 148.094, 0.00325429, -15.2643, 0.00631176, -119.887
4752, 79.20000, 8.20921, -96.927, 4.82921, 153.33, 22.818, 44.7963, 0.00404113, 147.792, 0.0032511, -15.385, 0.00632676, -119.863
4753, 79.20834, 8.21163, -97.3723, 4.83046, 153.243, 22.8467, 44.5513, 0.00404873, 147.489, 0.00324777, -15.5063, 0.00634182, -119.841
4753, 79.21667, 8.21381, -97.8187, 4.83167, 153.155, 22.8749, 44.3056, 0.0040562, 147.185, 0.00324431, -15.6282, 0.00635694, -119.819
4754, 79.22500, 8.21576, -98.2661, 4.83284, 153.067, 22.9027, 44.0592, 0.00406355, 146.881, 0.00324071, -15.7506, 0.00637212, -119.799
4754, 79.23333, 8.21746, -98.7146, 4.83397, 152.978, 22.9299, 43.8121, 0.00407076, 146.575, 0.00323698, -15.8734, 0.00638736, -119.78
4755, 79.24167, 8.21891, -99.1641, 4.83505, 152.89, 22.9567, 43.5644, 0.00407785, 146.269, 0.0032331, -15.9968, 0.00640266, -119.763
4755, 79.25000, 8.22012, -99.6146, 4.83609, 152.801, 22.983, 43.316, 0.00408481, 145.961, 0.00322909, -16.1205, 0.00641801, -119.746
4755, 79.25833, 8.22107, -100.066, 4.8371, 152.712, 23.0088, 43.0669, 0.00409163, 145.653, 0.00322495, -16.2447, 0.00643342, -119.731
4756, 79.26667, 8.22178, -100.519, 4.83805, 152.622, 23.0341, 42.8173, 0.00409832, 145.344, 0.00322066, -16.3692, 0.00644887, -119.717
4757, 79.27500, 8.22223, -100.972, 4.83897, 152.533, 23.0589, 42.567, 0.00410487, 145.034, 0.00321623, -16.4941, 0.00646438, -119.705
4757, 79.28333, 8.22243, -101.426, 4.83984, 152.443, 23.0831, 42.3161, 0.00411129, 144.724, 0.00321166, -16.6193, 0.00647993, -119.694
4758, 79.29166, 8.22238, -101.882, 4.84067, 152.353, 23.1068, 42.0646, 0.00411757, 144.412, 0.00320694, -16.7448, 0.00649552, -119.684
4758, 79.30000, 8.22207, -102.338, 4.84145, 152.262, 23.13, 41.8125, 0.00412372, 144.1, 0.00320209, -16.8706, 0.00651116, -119.675
4759, 79.30833, 8.22149, -102.795, 4.84219, 152.172, 23.1527, 41.5599, 0.00412972, 143.787, 0.00319709, -16.9965, 0.00652683, -119.667
4759, 79.31667, 8.22066, -103.253, 4.84288, 152.081, 23.1748, 41.3067, 0.00413558, 143.474, 0.00319195, -17.1227, 0.00654255, -119.661
4760, 79.32500, 8.21957, -103.712, 4.84353, 151.99, 23.1964, 41.053, 0.0041413, 143.159, 0.00318667, -17.249, 0.0065583, -119.656
4760, 79.33334, 8.21821, -104.171, 4.84413, 151.898, 23.2174, 40.7988, 0.00414687, 142.845, 0.00318124, -17.3755, 0.00657408, -119.653
4761, 79.34167, 8.21659, -104.632, 4.84469, 151.807, 23.2379, 40.5441, 0.0041523, 142.529, 0.00317567, -17.502, 0.00658989, -119.65
4761, 79.35000, 8.2147, -105.093, 4.8452, 151.715, 23.2578, 40.2888, 0.00415759, 142.213, 0.00316995, -17.6286, 0.00660573, -119.649
4762, 79.35833, 8.21255, -105.555, 4.84566, 151.623, 23.2772, 40.0331, 0.00416272, 141.896, 0.00316409, -17.7552, 0.0066216, -119.649
4762, 79.36667, 8.21012, -106.018, 4.84608, 151.531, 23.2959, 39.7769, 0.00416771, 141.579, 0.00315808, -17.8818, 0.00663749, -119.651
4763, 79.37500, 8.20743, -106.481, 4.84645, 151.438, 23.3141, 39.5203, 0.00417255, 141.261, 0.00315193, -18.0084, 0.0066534, -119.653
4763, 79.38333, 8.20447, -106.946, 4.84677, 151.345, 23.3317, 39.2633, 0.00417724, 140.942, 0.00314563, -18.1349, 0.00666933, -119.657
4763, 79.39167, 8.20124, -107.41, 4.84704, 151.253, 23.3487, 39.0058, 0.00418178, 140.623, 0.00313919, -18.2612, 0.00668528, -119.663
4764, 79.40000, 8.19774, -107.876, 4.84727, 151.16, 23.3652, 38.7479, 0.00418617, 140.303, 0.0031326, -18.3874, 0.00670124, -119.669
4765, 79.40833, 8.19396, -108.342, 4.84744, 151.066, 23.381, 38.4896, 0.0041904, 139.983, 0.00312587, -18.5134, 0.00671721, -119.677
4765, 79.41666, 8.18991, -108.809, 4.84757, 150.973, 23.3962, 38.231, 0.00419448, 139.663, 0.00311898, -18.6392, 0.00673319, -119.686
4766, 79.42500, 8.18559, -109.277, 4.84765, 150.879, 23.4109, 37.972, 0.00419841, 139.342, 0.00311196, -18.7647, 0.00674918, -119.696
4766, 79.43333, 8.18099, -109.745, 4.84768, 150.785, 23.4249, 37.7127, 0.00420218, 139.02, 0.00310479, -18.8899, 0.00676517, -119.708
4767, 79.44167, 8.17612, -110.213, 4.84765, 150.692, 23.4383, 37.453, 0.0042058, 138.699, 0.00309747, -19.0147, 0.00678117, -119.72
4767, 79.45000, 8.17098, -110.682, 4.84758, 150.597, 23.4511, 37.1931, 0.00420926, 138.376, 0.00309001, -19.1391, 0.00679716, -119.734
4768, 79.45834, 8.16556, -111.152, 4.84746, 150.503, 23.4633, 36.9328, 0.00421256, 138.054, 0.0030824, -19.2631, 0.00681315, -119.75
4768, 79.46667, 8.15986, -111.622, 4.84729, 150.409, 23.4749, 36.6723, 0.00421571, 137.731, 0.00307465, -19.3867, 0.00682913, -119.766
4769, 79.47500, 8.15389, -112.093, 4.84706, 150.314, 23.4858, 36.4116, 0.00421869, 137.408, 0.00306676, -19.5097, 0.0068451, -119.784
4769, 79.48333, 8.14764, -112.564, 4.84679, 150.219, 23.4961, 36.1506, 0.00422152, 137.084, 0.00305872, -19.6321, 0.00686107, -119.802
4770, 79.49167, 8.14112, -113.036, 4.84646, 150.125, 23.5058, 35.8893, 0.00422419, 136.76, 0.00305054, -19.754, 0.00687702, -119.823
4770, 79.50000, 8.13432, -113.508, 4.84608, 150.03, 23.5148, 35.6279, 0.0042267, 136.436, 0.00304222, -19.8752, 0.00689295, -119.844
4771, 79.50833, 8.12725, -113.98, 4.84565, 149.935, 23.5232, 35.3664, 0.00422905, 136.112, 0.00303376, -19.9957, 0.00690887, -119.866
4771, 79.51667, 8.1199, -114.453, 4.84517, 149.839, 23.531, 35.1046, 0.00423124, 135.788, 0.00302515, -20.1155, 0.00692477, -119.89
4771, 79.52500, 8.11228, -114.926, 4.84464, 149.744, 23.5382, 34.8427, 0.00423327, 135.463, 0.00301641, -20.2346, 0.00694064, -119.915
4772, 79.53333, 8.10439, -115.399, 4.84405, 149.649, 23.5446, 34.5807, 0.00423513, 135.138, 0.00300752, -20.3528, 0.00695649, -119.94
4773, 79.54166, 8.09622, -115.873, 4.84341, 149.553, 23.5505, 34.3185, 0.00423684, 134.813, 0.0029985, -20.4701, 0.00697231, -119.967
4773, 79.55000, 8.08777, -116.347, 4.84272, 149.458, 23.5557, 34.0563, 0.00423839, 134.488, 0.00298934, -20.5865, 0.00698809, -119.996
4774, 79.55833, 8.07906, -116.822, 4.84198, 149.362, 23.5603, 33.794, 0.00423977, 134.163, 0.00298004, -20.702, 0.00700385, -120.025
4774, 79.56667, 8.07007, -117.296, 4.84118, 149.266, 23.5642, 33.5316, 0.00424099, 133.838, 0.00297061, -20.8164, 0.00701957, -120.055
4775, 79.57500, 8.06082, -117.771, 4.84034, 149.17, 23.5675, 33.2692, 0.00424206, 133.512, 0.00296104, -20.9298, 0.00703525, -120.087
4775, 79.58334, 8.05129, -118.246, 4.83943, 149.075, 23.5701, 33.0068, 0.00424295, 133.187, 0.00295134, -21.0421, 0.00705089, -120.12
4776, 79.59167, 8.0415, -118.721, 4.83848, 148.979, 23.5721, 32.7443, 0.00424369, 132.862, 0.0029415, -21.1533, 0.00706649, -120.153
4776, 79.60000, 8.03143, -119.196, 4.83747, 148.883, 23.5734, 32.4819, 0.00424427, 132.536, 0.00293153, -21.2633, 0.00708205, -120.188
4777, 79.60833, 8.0211, -119.671, 4.83641, 148.787, 23.5741, 32.2195, 0.00424468, 132.211, 0.00292144, -21.372, 0.00709755, -120.224
4777, 79.61667, 8.01051, -120.147, 4.8353, 148.691, 23.5741, 31.9572, 0.00424494, 131.886, 0.00291121, -21.4794, 0.00711301, -120.261
4778, 79.62500, 7.99965, -120.622, 4.83413, 148.595, 23.5735, 31.695, 0.00424503, 131.561, 0.00290086, -21.5854, 0.00712842, -120.298
4778, 79.63333, 7.98853, -121.098, 4.83291, 148.499, 23.5722, 31.4328, 0.00424496, 131.235, 0.00289038, -21.6901, 0.00714377, -120.337
4779, 79.64167, 7.97715, -121.574, 4.83164, 148.402, 23.5703, 31.1707, 0.00424474, 130.911, 0.00287977, -21.7933, 0.00715907, -120.377
4779, 79.65000, 7.9655, -122.049, 4.83031, 148.306, 23.5677, 30.9088, 0.00424435, 130.586, 0.00286904, -21.895, 0.00717431, -120.418
4779, 79.65833, 7.9536, -122.525, 4.82894, 148.21, 23.5645, 30.6471, 0.0042438, 130.261, 0.00285819, -21.9952, 0.00718948, -120.46
4780, 79.66666, 7.94145, -123, 4.8275, 148.114, 23.5607, 30.3854, 0.0042431, 129.937, 0.00284722, -22.0937, 0.0072046, -120.503
4781, 79.67500, 7.92903, -123.476, 4.82602, 148.018, 23.5562, 30.124, 0.00424223, 129.613, 0.00283613, -22.1906, 0.00721965, -120.546
4781, 79.68333, 7.91637, -123.951, 4.82448, 147.922, 23.5511, 29.8628, 0.00424121, 129.289, 0.00282492, -22.2858, 0.00723463, -120.591
4782, 79.69167, 7.90346, -124.427, 4.82289, 147.826, 23.5453, 29.6017, 0.00424003, 128.965, 0.0028136, -22.3792, 0.00724955, -120.636
4782, 79.70000, 7.89029, -124.902, 4.82125, 147.73, 23.5389, 29.341, 0.00423869, 128.641, 0.00280216, -22.4708, 0.00726439, -120.683
4783, 79.70834, 7.87688, -125.377, 4.81955, 147.634, 23.5318, 29.0804, 0.0042372, 128.318, 0.00279061, -22.5605, 0.00727916, -120.73
4783, 79.71667, 7.86322, -125.852, 4.8178, 147.538, 23.5241, 28.8202, 0.00423555, 127.996, 0.00277895, -22.6483, 0.00729386, -120.778
4784, 79.72500, 7.84933, -126.327, 4.816, 147.443, 23.5158, 28.5602, 0.00423374, 127.673, 0.00276719, -22.7341, 0.00730848, -120.827
4784, 79.73333, 7.83519, -126.801, 4.81415, 147.347, 23.5069, 28.3006, 0.00423178, 127.351, 0.00275531, -22.8179, 0.00732302, -120.877
4785, 79.74167, 7.82081, -127.275, 4.81224, 147.251, 23.4973, 28.0412, 0.00422967, 127.029, 0.00274333, -22.8995, 0.00733749, -120.928
4785, 79.75000, 7.8062, -127.749, 4.81029, 147.156, 23.4871, 27.7822, 0.00422741, 126.708, 0.00273125, -22.979, 0.00735187, -120.98
4786, 79.75833, 7.79135, -128.223, 4.80828, 147.06, 23.4763, 27.5236, 0.00422499, 126.387, 0.00271907, -23.0563, 0.00736616, -121.032
4786, 79.76667, 7.77627, -128.696, 4.80622, 146.965, 23.4649, 27.2653, 0.00422242, 126.067, 0.00270679, -23.1313, 0.00738038, -121.085
4787, 79.77500, 7.76097, -129.17, 4.80411, 146.869, 23.4528, 27.0074, 0.00421971, 125.747, 0.00269441, -23.204, 0.0073945, -121.139
4787, 79.78333, 7.74544, -129.642, 4.80195, 146.774, 23.4402, 26.75, 0.00421684, 125.427, 0.00268195, -23.2743, 0.00740854, -121.193
4787, 79.79166, 7.72968, -130.115, 4.79974, 146.679, 23.4269, 26.4929, 0.00421383, 125.109, 0.00266938, -23.3421, 0.00742249, -121.249
4788, 79.80000, 7.71371, -130.587, 4.79747, 146.584, 23.4131, 26.2364, 0.00421067, 124.79, 0.00265673, -23.4074, 0.00743634, -121.305
4789, 79.80833, 7.69752, -131.058, 4.79516, 146.489, 23.3986, 25.9803, 0.00420736, 124.472, 0.00264399, -23.4702, 0.00745011, -121.361
4789, 79.81667, 7.68111, -131.53, 4.7928, 146.395, 23.3836, 25.7246, 0.00420392, 124.155, 0.00263117, -23.5303, 0.00746378, -121.419
4790, 79.82500, 7.66449, -132, 4.79038, 146.3, 23.3679, 25.4694, 0.00420032, 123.838, 0.00261826, -23.5877, 0.00747735, -121.477
4790, 79.83334, 7.64766, -132.471, 4.78792, 146.206, 23.3517, 25.2148, 0.00419659, 123.522, 0.00260527, -23.6424, 0.00749082, -121.535
4791, 79.84167, 7.63062, -132.94, 4.78541, 146.111, 23.3349, 24.9606, 0.00419271, 123.207, 0.00259221, -23.6942, 0.0075042, -121.595
4791, 79.85000, 7.61338, -133.41, 4.78285, 146.017, 23.3175, 24.7071, 0.0041887, 122.892, 0.00257907, -23.7432, 0.00751748, -121.654
4792, 79.85833, 7.59594, -133.878, 4.78024, 145.923, 23.2996, 24.454, 0.00418455, 122.578, 0.00256585, -23.7892, 0.00753066, -121.715
4792, 79.86667, 7.5783, -134.347, 4.77759, 145.83, 23.2811, 24.2015, 0.00418025, 122.264, 0.00255257, -23.8322, 0.00754374, -121.776
4793, 79.87500, 7.56047, -134.814, 4.77488, 145.736, 23.262, 23.9497, 0.00417583, 121.952, 0.00253922, -23.8721, 0.00755671, -121.838
4793, 79.88333, 7.54245, -135.282, 4.77213, 145.643, 23.2424, 23.6984, 0.00417127, 121.64, 0.0025258, -23.9089, 0.00756958, -121.9
4794, 79.89167, 7.52423, -135.748, 4.76933, 145.55, 23.2222, 23.4477, 0.00416658, 121.328, 0.00251232, -23.9424, 0.00758234, -121.962
4794, 79.90000, 7.50584, -136.214, 4.76649, 145.457, 23.2015, 23.1977, 0.00416175, 121.018, 0.00249878, -23.9727, 0.007595, -122.026
4795, 79.90833, 7.48726, -136.679, 4.7636, 145.364, 23.1802, 22.9483, 0.0041568, 120.708, 0.00248518, -23.9997, 0.00760756, -122.089
4795, 79.91666, 7.4685, -137.144, 4.76066, 145.271, 23.1585, 22.6995, 0.00415172, 120.399, 0.00247152, -24.0232, 0.00762, -122.153
4795, 79.92500, 7.44957, -137.608, 4.75768, 145.179, 23.1361, 22.4515, 0.00414651, 120.091, 0.00245781, -24.0433, 0.00763234, -122.218
4796, 79.93333, 7.43046, -138.071, 4.75465, 145.087, 23.1133, 22.2041, 0.00414117, 119.783, 0.00244406, -24.0598, 0.00764456, -122.283
4797, 79.94167, 7.41119, -138.534, 4.75158, 144.995, 23.09, 21.9574, 0.00413571, 119.477, 0.00243025, -24.0727, 0.00765668, -122.349
4797, 79.95000, 7.39175, -138.996, 4.74846, 144.904, 23.0661, 21.7114, 0.00413013, 119.171, 0.00241641, -24.0819, 0.00766869, -122.415
4798, 79.95834, 7.37215, -139.457, 4.7453, 144.812, 23.0418, 21.4662, 0.00412443, 118.866, 0.00240252, -24.0874, 0.00768058, -122.481
4798, 79.96667, 7.35238, -139.918, 4.7421, 144.721, 23.0169, 21.2216, 0.00411861, 118.562, 0.00238859, -24.0891, 0.00769237, -122.548
4799, 79.97500, 7.33247, -140.377, 4.73885, 144.63, 22.9916, 20.9779, 0.00411267, 118.259, 0.00237463, -24.0868, 0.00770404, -122.615
4799, 79.98333, 7.3124, -140.836, 4.73556, 144.539, 22.9657, 20.7349, 0.00410662, 117.957, 0.00236063, -24.0806, 0.0077156, -122.682
4800, 79.99167, 7.29218, -141.294, 4.73223, 144.449, 22.9394, 20.4926, 0.00410045, 117.656, 0.00234661, -24.0704, 0.00772704, -122.75
4800, 80.00000, 7.27182, -141.752, 4.72886, 144.359, 22.9127, 20.2511, 0.00409417, 117.356, 0.00233256, -24.056, 0.00773837, -122.818
4801, 80.00833, 7.25132, -142.208, 4.72545, 144.269, 22.8854, 20.0105, 0.00408777, 117.056, 0.00231848, -24.0375, 0.00774959, -122.886
4801, 80.01667, 7.23067, -142.664, 4.722, 144.18, 22.8578, 19.7706, 0.00408127, 116.758, 0.00230438, -24.0147, 0.00776069, -122.955
4802, 80.02500, 7.20989, -143.119, 4.7185, 144.09, 22.8296, 19.5315, 0.00407466, 116.461, 0.00229027, -23.9876, 0.00777168, -123.024
4802, 80.03333, 7.18899, -143.572, 4.71497, 144.001, 22.801, 19.2933, 0.00406795, 116.164, 0.00227614, -23.956, 0.00778255, -123.093
4803, 80.04166, 7.16795, -144.026, 4.7114, 143.913, 22.772, 19.0559, 0.00406113, 115.869, 0.00226199, -23.92, 0.00779331, -123.163
4803, 80.05000, 7.14678, -144.478, 4.70779, 143.824, 22.7426, 18.8194, 0.0040542, 115.574, 0.00224784, -23.8794, 0.00780395, -123.232
4803, 80.05833, 7.1255, -144.929, 4.70414, 143.736, 22.7127, 18.5837, 0.00404718, 115.281, 0.00223368, -23.8342, 0.00781448, -123.302
4804, 80.06667, 7.10409, -145.379, 4.70046, 143.648, 22.6824, 18.3488, 0.00404006, 114.989, 0.00221952, -23.7843, 0.00782489, -123.372
4805, 80.07500, 7.08258, -145.829, 4.69673, 143.561, 22.6517, 18.1149, 0.00403284, 114.697, 0.00220536, -23.7297, 0.00783519, -123.443
4805, 80.08334, 7.06095, -146.277, 4.69298, 143.473, 22.6207, 17.8818, 0.00402552, 114.407, 0.0021912, -23.6701, 0.00784537, -123.513
4806, 80.09167, 7.03921, -146.725, 4.68918, 143.387, 22.5892, 17.6496, 0.00401811, 114.118, 0.00217705, -23.6056, 0.00785543, -123.584
4806, 80.10000, 7.01737, -147.172, 4.68535, 143.3, 22.5573, 17.4184, 0.00401061, 113.83, 0.0021629, -23.5361, 0.00786538, -123.655
4807, 80.10833, 6.99542, -147.617, 4.68149, 143.214, 22.5251, 17.188, 0.00400302, 113.543, 0.00214877, -23.4615, 0.00787522, -123.726
4807, 80.11667, 6.97338, -148.062, 4.67759, 143.128, 22.4924, 16.9585, 0.00399533, 113.257, 0.00213466, -23.3818, 0.00788493, -123.797
4808, 80.12500, 6.95124, -148.506, 4.67365, 143.042, 22.4594, 16.73, 0.00398757, 112.972, 0.00212056, -23.2967, 0.00789454, -123.868
4808, 80.13333, 6.92902, -148.948, 4.66969, 142.957, 22.4261, 16.5024, 0.00397971, 112.689, 0.00210649, -23.2064, 0.00790402, -123.939
4809, 80.14167, 6.9067, -149.39, 4.66569, 142.872, 22.3924, 16.2757, 0.00397177, 112.406, 0.00209244, -23.1106, 0.0079134, -124.011
4809, 80.15000, 6.8843, -149.831, 4.66166, 142.787, 22.3584, 16.05, 0.00396376, 112.125, 0.00207842, -23.0094, 0.00792266, -124.082
4810, 80.15833, 6.86182, -150.27, 4.65759, 142.703, 22.324, 15.8252, 0.00395566, 111.845, 0.00206443, -22.9026, 0.0079318, -124.154
4810, 80.16666, 6.83926, -150.709, 4.6535, 142.619, 22.2893, 15.6014, 0.00394748, 111.566, 0.00205047, -22.7901, 0.00794083, -124.225
4811, 80.17500, 6.81662, -151.146, 4.64937, 142.536, 22.2543, 15.3786, 0.00393923, 111.288, 0.00203655, -22.672, 0.00794975, -124.297
4811, 80.18333, 6.79392, -151.583, 4.64522, 142.453, 22.2189, 15.1567, 0.0039309, 111.011, 0.00202268, -22.548, 0.00795855, -124.369
4811, 80.19167, 6.77114, -152.018, 4.64103, 142.37, 22.1833, 14.9358, 0.00392249, 110.736, 0.00200885, -22.4182, 0.00796724, -124.44
4812, 80.20000, 6.7483, -152.452, 4.63682, 142.287, 22.1473, 14.7159, 0.00391402, 110.461, 0.00199506, -22.2823, 0.00797582, -124.512
4813, 80.20834, 6.7254, -152.886, 4.63258, 142.205, 22.111, 14.497, 0.00390548, 110.188, 0.00198133, -22.1405, 0.00798429, -124.584
4813, 80.21667, 6.70243, -153.318, 4.62831, 142.123, 22.0745, 14.279, 0.00389687, 109.916, 0.00196765, -21.9925, 0.00799264, -124.655
4814, 80.22500, 6.67941, -153.749, 4.62401, 142.042, 22.0377, 14.062, 0.00388819, 109.645, 0.00195403, -21.8384, 0.00800089, -124.727
4814, 80.23333, 6.65634, -154.179, 4.61968, 141.961, 22.0006, 13.8461, 0.00387945, 109.376, 0.00194047, -21.678, 0.00800902, -124.799
4815, 80.24167, 6.63322, -154.608, 4.61533, 141.88, 21.9632, 13.6311, 0.00387064, 109.108, 0.00192698, -21.5112, 0.00801704, -124.87
4815, 80.25000, 6.61005, -155.036, 4.61095, 141.8, 21.9256, 13.4172, 0.00386178, 108.841, 0.00191355, -21.338, 0.00802496, -124.942
4816, 80.25833, 6.58684, -155.462, 4.60655, 141.72, 21.8877, 13.2043, 0.00385285, 108.575, 0.0019002, -21.1583, 0.00803276, -125.013
4816, 80.26667, 6.56358, -155.888, 4.60212, 141.64, 21.8496, 12.9924, 0.00384387, 108.31, 0.00188691, -20.9721, 0.00804046, -125.085
4816, 80.27500, 6.54029, -156.312, 4.59767, 141.561, 21.8113, 12.7815, 0.00383483, 108.047, 0.00187371, -20.7792, 0.00804805, -125.156
4817, 80.28333, 6.51696, -156.735, 4.5932, 141.482, 21.7727, 12.5716, 0.00382573, 107.784, 0.00186059, -20.5796, 0.00805554, -125.227
4818, 80.29166, 6.49359, -157.158, 4.5887, 141.404, 21.7339, 12.3628, 0.00381658, 107.524, 0.00184755, -20.3732, 0.00806292, -125.298
4818, 80.30000, 6.4702, -157.578, 4.58417, 141.326, 21.6948, 12.1549, 0.00380739, 107.264, 0.0018346, -20.16, 0.00807019, -125.369
4819, 80.30833, 6.44678, -157.998, 4.57963, 141.248, 21.6556, 11.9482, 0.00379814, 107.005, 0.00182174, -19.9399, 0.00807736, -125.44
4819, 80.31667, 6.42334, -158.417, 4.57506, 141.171, 21.6161, 11.7424, 0.00378884, 106.748, 0.00180898, -19.7127, 0.00808442, -125.511
4819, 80.32500, 6.39987, -158.834, 4.57047, 141.094, 21.5764, 11.5377, 0.00377949, 106.492, 0.00179631, -19.4785, 0.00809138, -125.582
4820, 80.33334, 6.37639, -159.251, 4.56587, 141.017, 21.5366, 11.334, 0.0037701, 106.238, 0.00178375, -19.2373, 0.00809824, -125.652
4821, 80.34167, 6.35289, -159.666, 4.56124, 140.941, 21.4965, 11.1313, 0.00376067, 105.984, 0.00177129, -18.9888, 0.00810499, -125.723
4821, 80.35000, 6.32937, -160.08, 4.55659, 140.865, 21.4563, 10.9297, 0.00375119, 105.732, 0.00175894, -18.7331, 0.00811165, -125.793
4822, 80.35833, 6.30585, -160.493, 4.55192, 140.79, 21.4159, 10.7291, 0.00374168, 105.481, 0.0017467, -18.4702, 0.00811821, -125.863
4822, 80.36667, 6.28231, -160.904, 4.54723, 140.715, 21.3754, 10.5296, 0.00373212, 105.232, 0.00173458, -18.1999, 0.00812466, -125.933
4823, 80.37500, 6.25877, -161.315, 4.54253, 140.64, 21.3346, 10.3311, 0.00372253, 104.984, 0.00172258, -17.9223, 0.00813102, -126.002
4823, 80.38333, 6.23523, -161.724, 4.5378, 140.566, 21.2938, 10.1336, 0.0037129, 104.737, 0.0017107, -17.6372, 0.00813728, -126.072
4824, 80.39167, 6.21168, -162.132, 4.53306, 140.492, 21.2527, 9.93718, 0.00370323, 104.491, 0.00169894, -17.3446, 0.00814345, -126.141
4824, 80.40000, 6.18813, -162.539, 4.5283, 140.418, 21.2115, 9.74181, 0.00369353, 104.246, 0.00168731, -17.0446, 0.00814951, -126.21
4824, 80.40833, 6.16459, -162.945, 4.52353, 140.345, 21.1702, 9.54748, 0.0036838, 104.003, 0.00167582, -16.7371, 0.00815549, -126.279
4825, 80.41666, 6.14105, -163.349, 4.51874, 140.272, 21.1287, 9.35417, 0.00367404, 103.761, 0.00166446, -16.4219, 0.00816137, -126.348
4826, 80.42500, 6.11752, -163.753, 4.51393, 140.2, 21.0872, 9.16193, 0.00366425, 103.521, 0.00165325, -16.0992, 0.00816715, -126.417
4826, 80.43333, 6.094, -164.155, 4.50911, 140.128, 21.0455, 8.97072, 0.00365443, 103.281, 0.00164217, -15.7689, 0.00817284, -126.485
4827, 80.44167, 6.07049, -164.556, 4.50427, 140.056, 21.0036, 8.78054, 0.00364458, 103.043, 0.00163124, -15.4309, 0.00817845, -126.553
4827, 80.45000, 6.047, -164.956, 4.49942, 139.985, 20.9617, 8.59141, 0.00363471, 102.806, 0.00162046, -15.0853, 0.00818396, -126.621
4828, 80.45834, 6.02352, -165.354, 4.49456, 139.914, 20.9197, 8.40333, 0.00362482, 102.571, 0.00160984, -14.7321, 0.00818938, -126.689
4828, 80.46667, 6.00006, -165.752, 4.48968, 139.844, 20.8775, 8.21626, 0.0036149, 102.337, 0.00159937, -14.3712, 0.00819471, -126.756
4829, 80.47500, 5.97662, -166.148, 4.48479, 139.774, 20.8353, 8.03025, 0.00360496, 102.104, 0.00158906, -14.0026, 0.00819996, -126.823
4829, 80.48333, 5.95321, -166.543, 4.47988, 139.704, 20.793, 7.84527, 0.003595, 101.872, 0.00157891, -13.6265, 0.00820511, -126.89
4830, 80.49167, 5.92981, -166.937, 4.47497, 139.635, 20.7505, 7.6613, 0.00358502, 101.642, 0.00156893, -13.2427, 0.00821019, -126.957
4830, 80.50000, 5.90645, -167.329, 4.47004, 139.566, 20.7081, 7.47839, 0.00357503, 101.412, 0.00155912, -12.8514, 0.00821517, -127.023
4831, 80.50833, 5.88311, -167.721, 4.4651, 139.497, 20.6655, 7.29651, 0.00356502, 101.185, 0.00154948, -12.4525, 0.00822008, -127.089
4831, 80.51667, 5.8598, -168.111, 4.46015, 139.429, 20.6229, 7.11563, 0.00355499, 100.958, 0.00154001, -12.046, 0.0082249, -127.155
4832, 80.52500, 5.83653, -168.5, 4.45518, 139.362, 20.5802, 6.9358, 0.00354495, 100.733, 0.00153073, -11.6322, 0.00822963, -127.221
4832, 80.53333, 5.81329, -168.888, 4.45021, 139.294, 20.5374, 6.75699, 0.00353489, 100.509, 0.00152163, -11.2109, 0.00823429, -127.286
4832, 80.54166, 5.79008, -169.274, 4.44523, 139.227, 20.4946, 6.57919, 0.00352482, 100.286, 0.00151271, -10.7822, 0.00823887, -127.351
4833, 80.55000, 5.76691, -169.66, 4.44024, 139.161, 20.4517, 6.40242, 0.00351474, 100.064, 0.00150398, -10.3462, 0.00824336, -127.416
4834, 80.55833, 5.74378, -170.044, 4.43524, 139.094, 20.4088, 6.22667, 0.00350466, 99.8443, 0.00149544, -9.90309, 0.00824778, -127.48
4834, 80.56667, 5.72068, -170.427, 4.43023, 139.029, 20.3658, 6.05191, 0.00349456, 99.6253, 0.00148709, -9.45276, 0.00825212, -127.544
4835, 80.57500, 5.69763, -170.809, 4.42521, 138.963, 20.3228, 5.87819, 0.00348446, 99.4076, 0.00147895, -8.99545, 0.00825638, -127.608
4835, 80.58334, 5.67463, -171.19, 4.42019, 138.898, 20.2798, 5.70547, 0.00347434, 99.1911, 0.001471, -8.5312, 0.00826057, -127.672
4836, 80.59167, 5.65167, -171.569, 4.41515, 138.833, 20.2367, 5.53373, 0.00346423, 98.9759, 0.00146325, -8.06008, 0.00826468, -127.735
4836, 80.60000, 5.62875, -171.948, 4.41011, 138.769, 20.1936, 5.36302, 0.00345411, 98.762, 0.00145571, -7.5823, 0.00826872, -127.798
4837, 80.60833, 5.60588, -172.325, 4.40506, 138.705, 20.1505, 5.19331, 0.00344398, 98.5493, 0.00144837, -7.09794, 0.00827269, -127.861
4837, 80.61667, 5.58306, -172.701, 4.40001, 138.641, 20.1074, 5.02457, 0.00343385, 98.3378, 0.00144124, -6.60708, 0.00827658, -127.923
4838, 80.62500, 5.5603, -173.075, 4.39495, 138.578, 20.0643, 4.85684, 0.00342372, 98.1276, 0.00143433, -6.10998, 0.00828041, -127.985
4838, 80.63333, 5.53758, -173.449, 4.38988, 138.515, 20.0211, 4.6901, 0.00341359, 97.9187, 0.00142763, -5.60674, 0.00828416, -128.047
4839, 80.64167, 5.51492, -173.822, 4.38481, 138.453, 19.9779, 4.52433, 0.00340346, 97.7109, 0.00142114, -5.09746, 0.00828784, -128.109
4839, 80.65000, 5.49231, -174.193, 4.37973, 138.39, 19.9348, 4.35956, 0.00339333, 97.5044, 0.00141488, -4.58242, 0.00829146, -128.17
4840, 80.65833, 5.46976, -174.563, 4.37464, 138.329, 19.8916, 4.19576, 0.00338321, 97.2992, 0.00140883, -4.06175, 0.00829501, -128.231
4840, 80.66666, 5.44726, -174.932, 4.36955, 138.267, 19.8485, 4.03292, 0.00337308, 97.0951, 0.00140301, -3.53557, 0.00829849, -128.291
4840, 80.67500, 5.42482, -175.3, 4.36446, 138.206, 19.8053, 3.87107, 0.00336296, 96.8923, 0.00139741, -3.00421, 0.00830191, -128.352
4841, 80.68333, 5.40244, -175.666, 4.35936, 138.145, 19.7622, 3.71018, 0.00335284, 96.6907, 0.00139203, -2.4678, 0.00830526, -128.412
4842, 80.69167, 5.38012, -176.032, 4.35426, 138.085, 19.7191, 3.55024, 0.00334273, 96.4903, 0.00138689, -1.9265, 0.00830855, -128.471
4842, 80.70000, 5.35786, -176.396, 4.34916, 138.025, 19.676, 3.39127, 0.00333263, 96.2911, 0.00138197, -1.38064, 0.00831177, -128.53
4843, 80.70834, 5.33567, -176.759, 4.34405, 137.965, 19.6329, 3.23326, 0.00332253, 96.0932, 0.00137728, -0.830399, 0.00831493, -128.589
4843, 80.71667, 5.31354, -177.121, 4.33894, 137.906, 19.5899, 3.07618, 0.00331244, 95.8964, 0.00137282, -0.275937, 0.00831803, -128.648
4844, 80.72500, 5.29147, -177.482, 4.33382, 137.847, 19.5468, 2.92006, 0.00330236, 95.7008, 0.00136859, 0.282373, 0.00832108, -128.706
4844, 80.73333, 5.26947, -177.842, 4.32871, 137.789, 19.5038, 2.76488, 0.00329228, 95.5064, 0.00136459, 0.844352, 0.00832406, -128.764
4845, 80.74167, 5.24753, -178.2, 4.32359, 137.73, 19.4609, 2.61062, 0.00328222, 95.3132, 0.00136083, 1.40982, 0.00832698, -128.822
4845, 80.75000, 5.22566, -178.558, 4.31847, 137.673, 19.418, 2.45731, 0.00327216, 95.1212, 0.0013573, 1.97837, 0.00832985, -128.879
4846, 80.75833, 5.20386, -178.914, 4.31334, 137.615, 19.3751, 2.30492, 0.00326212, 94.9304, 0.00135401, 2.54983, 0.00833266, -128.936
4846, 80.76667, 5.18213, -179.269, 4.30822, 137.558, 19.3322, 2.15345, 0.00325209, 94.7407, 0.00135095, 3.12398, 0.00833541, -128.993
4847, 80.77500, 5.16047, -179.623, 4.30309, 137.501, 19.2894, 2.0029, 0.00324207, 94.5523, 0.00134812, 3.70043, 0.00833811, -129.049
4847, 80.78333, 5.13888, -179.976, 4.29796, 137.444, 19.2467, 1.85327, 0.00323207, 94.365, 0.00134553, 4.27898, 0.00834075, -129.105
4848, 80.79166, 5.11735, 179.672, 4.29283, 137.388, 19.204, 1.70454, 0.00322207, 94.1788, 0.00134318, 4.8594, 0.00834334, -129.161
4848, 80.80000, 5.09591, 179.321, 4.2877, 137.333, 19.1613, 1.55672, 0.0032121, 93.9938, 0.00134105, 5.4413, 0.00834588, -129.217
4848, 80.80833, 5.07453, 178.971, 4.28258, 137.277, 19.1187, 1.40981, 0.00320214, 93.81, 0.00133917, 6.02446, 0.00834836, -129.272
4849, 80.81667, 5.05323, 178.623, 4.27745, 137.222, 19.0762, 1.26377, 0.00319219, 93.6272, 0.00133751, 6.60867, 0.0083508, -129.326
4850, 80.82500, 5.032, 178.275, 4.27232, 137.167, 19.0337, 1.11864, 0.00318226, 93.4457, 0.00133609, 7.19351, 0.00835318, -129.381
4850, 80.83334, 5.01085, 177.929, 4.26719, 137.113, 18.9913, 0.974389, 0.00317234, 93.2653, 0.0013349, 7.77878, 0.00835551, -129.435
4851, 80.84167, 4.98977, 177.584, 4.26206, 137.058, 18.949, 0.831006, 0.00316245, 93.086, 0.00133394, 8.36426, 0.0083578, -129.488
4851, 80.85000, 4.96876, 177.24, 4.25693, 137.005, 18.9067, 0.688515, 0.00315257, 92.9078, 0.00133321, 8.94954, 0.00836004, -129.542
4852, 80.85833, 4.94784, 176.896, 4.2518, 136.951, 18.8645, 0.546895, 0.00314271, 92.7308, 0.0013327, 9.53441, 0.00836223, -129.595
4852, 80.86667, 4.92699, 176.554, 4.24667, 136.898, 18.8223, 0.406123, 0.00313286, 92.5548, 0.00133243, 10.1187, 0.00836437, -129.648
4853, 80.87500, 4.90622, 176.214, 4.24155, 136.845, 18.7803, 0.266228, 0.00312304, 92.38, 0.00133238, 10.7019, 0.00836647, -129.7
4853, 80.88333, 4.88552, 175.874, 4.23642, 136.793, 18.7383, 0.127189, 0.00311324, 92.2063, 0.00133255, 11.2839, 0.00836852, -129.752
4854, 80.89167, 4.86491, 175.535, 4.2313, 136.74, 18.6964, -0.0110166, 0.00310345, 92.0337, 0.00133295, 11.8646, 0.00837053, -129.804
4854, 80.90000, 4.84437, 175.197, 4.22618, 136.688, 18.6545, -0.14836, 0.00309369, 91.8621, 0.00133356, 12.4434, 0.0083725, -129.855
4855, 80.90833, 4.82392, 174.86, 4.22106, 136.637, 18.6128, -0.284863, 0.00308395, 91.6917, 0.00133439, 13.0203, 0.00837442, -129.906
4855, 80.91666, 4.80354, 174.525, 4.21594, 136.586, 18.5711, -0.420547, 0.00307422, 91.5224, 0.00133544, 13.595, 0.0083763, -129.957
4856, 80.92500, 4.78324, 174.19, 4.21083, 136.535, 18.5295, -0.555385, 0.00306452, 91.3541, 0.00133671, 14.1672, 0.00837814, -130.008
4856, 80.93333, 4.76302, 173.857, 4.20572, 136.484, 18.488, -0.689397, 0.00305485, 91.1869, 0.00133818, 14.7366, 0.00837994, -130.058
4856, 80.94167, 4.74289, 173.524, 4.20061, 136.434, 18.4466, -0.822606, 0.00304519, 91.0208, 0.00133986, 15.3033, 0.0083817, -130.108
4857, 80.95000, 4.72283, 173.193, 4.1955, 136.384, 18.4052, -0.954983, 0.00303556, 90.8557, 0.00134175, 15.8667, 0.00838342, -130.157
4858, 80.95834, 4.70286, 172.862, 4.19039, 136.334, 18.364, -1.08655, 0.00302595, 90.6917, 0.00134385, 16.4268, 0.0083851, -130.206
4858, 80.96667, 4.68297, 172.533, 4.18529, 136.285, 18.3228, -1.21733, 0.00301637, 90.5287, 0.00134614, 16.9834, 0.00838675, -130.255
4859, 80.97500, 4.66316, 172.204, 4.1802, 136.235, 18.2818, -1.34729, 0.00300681, 90.3668, 0.00134863, 17.5362, 0.00838835, -130.304
4859, 80.98333, 4.64344, 171.877, 4.1751, 136.187, 18.2408, -1.47646, 0.00299727, 90.2059, 0.00135132, 18.0851, 0.00838992, -130.352
4860, 80.99167, 4.62379, 171.551, 4.17001, 136.138, 18.1999, -1.60486, 0.00298776, 90.0461, 0.0013542, 18.6299, 0.00839145, -130.4
4860, 81.00000, 4.60423, 171.225, 4.16492, 136.09, 18.1592, -1.73245, 0.00297827, 89.8873, 0.00135727, 19.1704, 0.00839295, -130.447
4861, 81.00833, 4.58475, 170.901, 4.15984, 136.042, 18.1185, -1.85927, 0.00296881, 89.7295, 0.00136053, 19.7064, 0.00839441, -130.494
4861, 81.01667, 4.56536, 170.577, 4.15476, 135.994, 18.0779, -1.98532, 0.00295938, 89.5727, 0.00136397, 20.238, 0.00839584, -130.541
4862, 81.02500, 4.54605, 170.255, 4.14968, 135.947, 18.0374, -2.1106, 0.00294997, 89.4169, 0.0013676, 20.7647, 0.00839724, -130.588
4862, 81.03333, 4.52682, 169.934, 4.14461, 135.9, 17.997, -2.23511, 0.00294058, 89.2622, 0.0013714, 21.2865, 0.0083986, -130.634
4863, 81.04166, 4.50767, 169.613, 4.13954, 135.853, 17.9568, -2.35887, 0.00293122, 89.1084, 0.00137537, 21.8035, 0.00839993, -130.68
4863, 81.05000, 4.48861, 169.294, 4.13448, 135.807, 17.9166, -2.48187, 0.00292189, 88.9556, 0.00137951, 22.3152, 0.00840123, -130.726
4864, 81.05833, 4.46964, 168.975, 4.12942, 135.761, 17.8765, -2.60412, 0.00291259, 88.8039, 0.00138383, 22.8218, 0.0084025, -130.771
4864, 81.06667, 4.45074, 168.658, 4.12436, 135.715, 17.8366, -2.72564, 0.00290331, 88.6531, 0.00138831, 23.323, 0.00840374, -130.816
4864, 81.07500, 4.43194, 168.341, 4.11931, 135.669, 17.7967, -2.8464, 0.00289406, 88.5033, 0.00139295, 23.8188, 0.00840494, -130.861
4865, 81.08334, 4.41321, 168.026, 4.11427, 135.624, 17.757, -2.96644, 0.00288484, 88.3544, 0.00139774, 24.3091, 0.00840612, -130.905
4866, 81.09167, 4.39457, 167.711, 4.10922, 135.579, 17.7173, -3.08576, 0.00287565, 88.2065, 0.0014027, 24.7939, 0.00840727, -130.949
4866, 81.10000, 4.37602, 167.397, 4.10419, 135.534, 17.6778, -3.20434, 0.00286648, 88.0596, 0.0014078, 25.2729, 0.00840839, -130.993
4867, 81.10833, 4.35755, 167.085, 4.09916, 135.489, 17.6384, -3.3222, 0.00285735, 87.9137, 0.00141305, 25.7463, 0.00840948, -131.037
4867, 81.11667, 4.33916, 166.773, 4.09413, 135.445, 17.5991, -3.43937, 0.00284824, 87.7686, 0.00141845, 26.2139, 0.00841055, -131.08
4868, 81.12500, 4.32086, 166.462, 4.08911, 135.401, 17.5599, -3.55581, 0.00283916, 87.6246, 0.00142399, 26.6757, 0.00841159, -131.123
4868, 81.13333, 4.30265, 166.152, 4.0841, 135.357, 17.5208, -3.67155, 0.0028301, 87.4815, 0.00142967, 27.1317, 0.0084126, -131.165
4869, 81.14167, 4.28451, 165.843, 4.07909, 135.314, 17.4818, -3.7866, 0.00282108, 87.3392, 0.00143548, 27.5818, 0.00841359, -131.208
4869, 81.15000, 4.26646, 165.535, 4.07409, 135.271, 17.443, -3.90095, 0.00281209, 87.198, 0.00144143, 28.0259, 0.00841455, -131.25
4870, 81.15833, 4.2485, 165.228, 4.06909, 135.228, 17.4042, -4.01461, 0.00280312, 87.0576, 0.00144751, 28.4642, 0.00841549, -131.291
4870, 81.16666, 4.23062, 164.921, 4.06409, 135.185, 17.3656, -4.1276, 0.00279419, 86.9182, 0.00145371, 28.8965, 0.0084164, -131.333
4871, 81.17500, 4.21283, 164.616, 4.05911, 135.143, 17.3271, -4.2399, 0.00278528, 86.7797, 0.00146003, 29.3228, 0.00841729, -131.374
4871, 81.18333, 4.19512, 164.312, 4.05413, 135.101, 17.2887, -4.35152, 0.0027764, 86.642, 0.00146648, 29.7432, 0.00841816, -131.415
4872, 81.19167, 4.17749, 164.008, 4.04915, 135.059, 17.2504, -4.46249, 0.00276756, 86.5053, 0.00147304, 30.1576, 0.008419, -131.455
4872, 81.20000, 4.15995, 163.705, 4.04418, 135.017, 17.2122, -4.57278, 0.00275874, 86.3695, 0.00147971, 30.5661, 0.00841982, -131.496
4872, 81.20834, 4.14249, 163.404, 4.03922, 134.976, 17.1741, -4.68242, 0.00274995, 86.2345, 0.0014865, 30.9687, 0.00842062, -131.536
4873, 81.21667, 4.12511, 163.103, 4.03426, 134.935, 17.1362, -4.79141, 0.0027412, 86.1005, 0.00149339, 31.3653, 0.0084214, -131.575
4874, 81.22500, 4.10782, 162.803, 4.02931, 134.894, 17.0984, -4.89974, 0.00273247, 85.9673, 0.00150039, 31.756, 0.00842215, -131.615
4874, 81.23333, 4.09062, 162.504, 4.02437, 134.853, 17.0607, -5.00742, 0.00272377, 85.835, 0.00150749, 32.1409, 0.00842289, -131.654
4875, 81.24167, 4.07349, 162.205, 4.01943, 134.813, 17.0231, -5.11448, 0.00271511, 85.7035, 0.00151469, 32.5199, 0.00842361, -131.693
4875, 81.25000, 4.05645, 161.908, 4.0145, 134.773, 16.9856, -5.22089, 0.00270647, 85.5729, 0.00152199, 32.8931, 0.0084243, -131.731
4876, 81.25833, 4.0395, 161.611, 4.00957, 134.733, 16.9483, -5.32667, 0.00269787, 85.4432, 0.00152938, 33.2606, 0.00842498, -131.769
4876, 81.26667, 4.02262, 161.316, 4.00465, 134.693, 16.9111, -5.43183, 0.00268929, 85.3143, 0.00153686, 33.6223, 0.00842564, -131.807
4877, 81.27500, 4.00583, 161.021, 3.99974, 134.654, 16.874, -5.53637, 0.00268075, 85.1863, 0.00154443, 33.9783, 0.00842628, -131.845
4877, 81.28333, 3.98913, 160.727, 3.99484, 134.615, 16.837, -5.64028, 0.00267224, 85.0591, 0.00155208, 34.3286, 0.0084269, -131.883
4878, 81.29166, 3.9725, 160.434, 3.98994, 134.576, 16.8001, -5.7436, 0.00266375, 84.9327, 0.00155982, 34.6734, 0.0084275, -131.92
4878, 81.30000, 3.95596, 160.141, 3.98505, 134.537, 16.7634, -5.84629, 0.0026553, 84.8072, 0.00156764, 35.0125, 0.00842809, -131.957
4879, 81.30833, 3.9395, 159.85, 3.98016, 134.499, 16.7268, -5.94839, 0.00264688, 84.6825, 0.00157554, 35.3462, 0.00842866, -131.993
4879, 81.31667, 3.92312, 159.559, 3.97528, 134.461, 16.6903, -6.0499, 0.00263849, 84.5585, 0.00158351, 35.6744, 0.00842921, -132.03
4880, 81.32500, 3.90682, 159.269, 3.97041, 134.423, 16.6539, -6.1508, 0.00263013, 84.4355, 0.00159155, 35.9972, 0.00842975, -132.066
4880, 81.33334, 3.89061, 158.98, 3.96555, 134.385, 16.6176, -6.25111, 0.0026218, 84.3132, 0.00159967, 36.3147, 0.00843027, -132.102
4880, 81.34167, 3.87448, 158.692, 3.96069, 134.347, 16.5815, -6.35085, 0.00261351, 84.1917, 0.00160785, 36.6269, 0.00843077, -132.137
4881, 81.35000, 3.85843, 158.405, 3.95584, 134.31, 16.5454, -6.45, 0.00260524, 84.071, 0.00161611, 36.9339, 0.00843126, -132.173
4882, 81.35833, 3.84246, 158.118, 3.951, 134.273, 16.5095, -6.54857, 0.00259701, 83.9511, 0.00162442, 37.2357, 0.00843174, -132.208
4882, 81.36667, 3.82657, 157.832, 3.94616, 134.236, 16.4738, -6.64658, 0.0025888, 83.832, 0.0016328, 37.5324, 0.0084322, -132.243
4883, 81.37500, 3.81076, 157.548, 3.94133, 134.2, 16.4381, -6.74402, 0.00258063, 83.7137, 0.00164124, 37.8241, 0.00843265, -132.277
4883, 81.38333, 3.79503, 157.263, 3.93651, 134.163, 16.4026, -6.84089, 0.00257249, 83.5961, 0.00164973, 38.1107, 0.00843308, -132.311
4884, 81.39167, 3.77938, 156.98, 3.93169, 134.127, 16.3672, -6.93721, 0.00256438, 83.4793, 0.00165828, 38.3925, 0.0084335, -132.346
4884, 81.40000, 3.76381, 156.697, 3.92689, 134.091, 16.3319, -7.03297, 0.0025563, 83.3633, 0.00166689, 38.6694, 0.00843391, -132.379
4885, 81.40833, 3.74832, 156.415, 3.92208, 134.055, 16.2967, -7.12818, 0.00254825, 83.248, 0.00167554, 38.9415, 0.0084343, -132.413
4885, 81.41666, 3.73291, 156.134, 3.91729, 134.02, 16.2616, -7.22285, 0.00254023, 83.1335, 0.00168425, 39.209, 0.00843469, -132.446
4886, 81.42500, 3.71758, 155.854, 3.91251, 133.984, 16.2267, -7.31697, 0.00253224, 83.0198, 0.00169301, 39.4717, 0.00843506, -132.479
4886, 81.43333, 3.70233, 155.575, 3.90773, 133.949, 16.1919, -7.41055, 0.00252429, 82.9068, 0.00170181, 39.7298, 0.00843541, -132.512
4887, 81.44167, 3.68716, 155.296, 3.90296, 133.914, 16.1572, -7.50361, 0.00251636, 82.7945, 0.00171066, 39.9835, 0.00843576, -132.545
4887, 81.45000, 3.67207, 155.018, 3.89819, 133.88, 16.1226, -7.59613, 0.00250847, 82.6829, 0.00171955, 40.2327, 0.00843609, -132.577
4888, 81.45834, 3.65705, 154.741, 3.89344, 133.845, 16.0882, -7.68813, 0.0025006, 82.5721, 0.00172848, 40.4774, 0.00843642, -132.609
4888, 81.46667, 3.64211, 154.464, 3.88869, 133.811, 16.0539, -7.77961, 0.00249277, 82.462, 0.00173745, 40.7179, 0.00843673, -132.641
4888, 81.47500, 3.62725, 154.189, 3.88395, 133.777, 16.0197, -7.87057, 0.00248497, 82.3527, 0.00174646, 40.954, 0.00843703, -132.673
4889, 81.48333, 3.61247, 153.914, 3.87921, 133.743, 15.9856, -7.96101, 0.0024772, 82.244, 0.0017555, 41.186, 0.00843733, -132.704
4890, 81.49167, 3.59776, 153.639, 3.87449, 133.71, 15.9516, -8.05096, 0.00246946, 82.1361, 0.00176458, 41.4139, 0.00843761, -132.735
4890, 81.50000, 3.58313, 153.366, 3.86977, 133.676, 15.9178, -8.14039, 0.00246175, 82.0288, 0.0017737, 41.6376, 0.00843788, -132.766
4891, 81.50833, 3.56858, 153.093, 3.86506, 133.643, 15.884, -8.22932, 0.00245407, 81.9223, 0.00178284, 41.8574, 0.00843814, -132.797
4891, 81.51667, 3.5541, 152.821, 3.86035, 133.61, 15.8504, -8.31776, 0.00244643, 81.8165, 0.00179202, 42.0732, 0.0084384, -132.827
4892, 81.52500, 3.5397, 152.55, 3.85566, 133.577, 15.8169, -8.4057, 0.00243881, 81.7113, 0.00180122, 42.2851, 0.00843864, -132.858
4892, 81.53333, 3.52538, 152.279, 3.85097, 133.544, 15.7836, -8.49315, 0.00243122, 81.6069, 0.00181046, 42.4932, 0.00843888, -132.888
4893, 81.54166, 3.51113, 152.009, 3.84629, 133.512, 15.7503, -8.58012, 0.00242367, 81.5031, 0.00181972, 42.6976, 0.00843911, -132.917
4893, 81.55000, 3.49695, 151.74, 3.84162, 133.48, 15.7172, -8.6666, 0.00241614, 81.4, 0.00182901, 42.8983, 0.00843933, -132.947
4894, 81.55833, 3.48285, 151.472, 3.83695, 133.448, 15.6842, -8.7526, 0.00240865, 81.2975, 0.00183832, 43.0953, 0.00843954, -132.976
4894, 81.56667, 3.46883, 151.204, 3.83229, 133.416, 15.6513, -8.83814, 0.00240118, 81.1958, 0.00184765, 43.2887, 0.00843975, -133.006
4895, 81.57500, 3.45487, 150.937, 3.82764, 133.384, 15.6185, -8.9232, 0.00239375, 81.0947, 0.001857, 43.4786, 0.00843994, -133.035
4895, 81.58334, 3.441, 150.67, 3.823, 133.353, 15.5858, -9.00779, 0.00238634, 80.9942, 0.00186638, 43.6651, 0.00844013, -133.063
4896, 81.59167, 3.42719, 150.405, 3.81837, 133.321, 15.5533, -9.09193, 0.00237897, 80.8944, 0.00187577, 43.8482, 0.00844031, -133.092
4896, 81.60000, 3.41346, 150.14, 3.81374, 133.29, 15.5209, -9.17559, 0.00237162, 80.7953, 0.00188519, 44.0279, 0.00844049, -133.12
4896, 81.60833, 3.3998, 149.875, 3.80912, 133.259, 15.4886, -9.2588, 0.00236431, 80.6968, 0.00189462, 44.2043, 0.00844066, -133.148
4897, 81.61667, 3.38621, 149.612, 3.80451, 133.228, 15.4564, -9.34157, 0.00235702, 80.5989, 0.00190407, 44.3775, 0.00844082, -133.176
4898, 81.62500, 3.3727, 149.349, 3.79991, 133.198, 15.4243, -9.42388, 0.00234977, 80.5017, 0.00191353, 44.5475, 0.00844098, -133.204
4898, 81.63333, 3.35926, 149.087, 3.79531, 133.168, 15.3924, -9.50574, 0.00234255, 80.4051, 0.001923, 44.7144, 0.00844113, -133.231
4899, 81.64167, 3.34588, 148.825, 3.79073, 133.137, 15.3605, -9.58717, 0.00233535, 80.3092, 0.0019325, 44.8783, 0.00844127, -133.258
4899, 81.65000, 3.33258, 148.564, 3.78615, 133.107, 15.3288, -9.66815, 0.00232819, 80.2138, 0.001942, 45.0391, 0.00844141, -133.285
4900, 81.65833, 3.31935, 148.304, 3.78158, 133.078, 15.2972, -9.7487, 0.00232105, 80.1191, 0.00195151, 45.1969, 0.00844155, -133.312
4900, 81.66666, 3.30619, 148.044, 3.77701, 133.048, 15.2657, -9.82882, 0.00231394, 80.025, 0.00196104, 45.3518, 0.00844167, -133.339
4901, 81.67500, 3.29311, 147.785, 3.77245, 133.018, 15.2343, -9.90851, 0.00230687, 79.9315, 0.00197057, 45.5039, 0.0084418, -133.365
4901, 81.68333, 3.28009, 147.527, 3.76791, 132.989, 15.203, -9.98777, 0.00229982, 79.8386, 0.00198012, 45.6532, 0.00844192, -133.392
4902, 81.69167, 3.26714, 147.27, 3.76337, 132.96, 15.1719, -10.0666, 0.0022928, 79.7463, 0.00198967, 45.7997, 0.00844203, -133.418
4902, 81.70000, 3.25426, 147.013, 3.75883, 132.931, 15.1408, -10.145, 0.00228581, 79.6546, 0.00199923, 45.9434, 0.00844214, -133.444
4903, 81.70834, 3.24145, 146.756, 3.75431, 132.902, 15.1099, -10.223, 0.00227885, 79.5635, 0.0020088, 46.0845, 0.00844224, -133.469
4903, 81.71667, 3.22871, 146.501, 3.74979, 132.874, 15.0791, -10.3006, 0.00227192, 79.473, 0.00201837, 46.223, 0.00844234, -133.495
4904, 81.72500, 3.21603, 146.246, 3.74528, 132.845, 15.0484, -10.3778, 0.00226502, 79.3831, 0.00202795, 46.3589, 0.00844244, -133.52
4904, 81.73333, 3.20343, 145.991, 3.74078, 132.817, 15.0178, -10.4546, 0.00225815, 79.2938, 0.00203753, 46.4923, 0.00844253, -133.545
4904, 81.74167, 3.19089, 145.737, 3.73629, 132.789, 14.9873, -10.531, 0.0022513, 79.205, 0.00204712, 46.6232, 0.00844262, -133.57
4905, 81.75000, 3.17842, 145.484, 3.7318, 132.761, 14.9569, -10.607, 0.00224448, 79.1168, 0.0020567, 46.7517, 0.00844271, -133.595
4906, 81.75833, 3.16601, 145.232, 3.72732, 132.733, 14.9267, -10.6825, 0.0022377, 79.0292, 0.0020663, 46.8777, 0.00844279, -133.619
4906, 81.76667, 3.15367, 144.98, 3.72285, 132.706, 14.8965, -10.7577, 0.00223094, 78.9421, 0.00207589, 47.0014, 0.00844287, -133.644
4907, 81.77500, 3.1414, 144.728, 3.71839, 132.678, 14.8665, -10.8325, 0.00222421, 78.8556, 0.00208549, 47.1228, 0.00844294, -133.668
4907, 81.78333, 3.1292, 144.478, 3.71394, 132.651, 14.8366, -10.9069, 0.0022175, 78.7697, 0.00209508, 47.2419, 0.00844301, -133.692
4908, 81.79166, 3.11706, 144.228, 3.70949, 132.624, 14.8068, -10.981, 0.00221083, 78.6843, 0.00210468, 47.3587, 0.00844308, -133.716
4908, 81.80000, 3.10498, 143.978, 3.70505, 132.597, 14.7771, -11.0546, 0.00220418, 78.5995, 0.00211427, 47.4734, 0.00844315, -133.739
4909, 81.80833, 3.09297, 143.729, 3.70062, 132.57, 14.7475, -11.1279, 0.00219756, 78.5152, 0.00212387, 47.5859, 0.00844321, -133.763
4909, 81.81667, 3.08103, 143.481, 3.6962, 132.543, 14.718, -11.2008, 0.00219097, 78.4314, 0.00213346, 47.6963, 0.00844328, -133.786
4910, 81.82500, 3.06915, 143.234, 3.69178, 132.517, 14.6886, -11.2733, 0.00218441, 78.3482, 0.00214305, 47.8046, 0.00844333, -133.809
4910, 81.83334, 3.05733, 142.987, 3.68737, 132.491, 14.6593, -11.3454, 0.00217787, 78.2655, 0.00215264, 47.9109, 0.00844339, -133.832
4911, 81.84167, 3.04558, 142.74, 3.68297, 132.465, 14.6301, -11.4172, 0.00217136, 78.1834, 0.00216223, 48.0152, 0.00844345, -133.855
4911, 81.85000, 3.03389, 142.494, 3.67858, 132.439, 14.6011, -11.4886, 0.00216488, 78.1017, 0.00217181, 48.1174, 0.0084435, -133.878
4912, 81.85833, 3.02226, 142.249, 3.6742, 132.413, 14.5721, -11.5597, 0.00215843, 78.0206, 0.00218139, 48.2178, 0.00844355, -133.9
4912, 81.86667, 3.0107, 142.004, 3.66982, 132.387, 14.5433, -11.6304, 0.002152, 77.94, 0.00219097, 48.3162, 0.0084436, -133.922
4912, 81.87500, 2.99919, 141.76, 3.66545, 132.361, 14.5145, -11.7007, 0.00214561, 77.86, 0.00220054, 48.4128, 0.00844365, -133.945
4913, 81.88333, 2.98775, 141.517, 3.66109, 132.336, 14.4859, -11.7707, 0.00213923, 77.7804, 0.0022101, 48.5075, 0.00844369, -133.966
4914, 81.89167, 2.97638, 141.274, 3.65674, 132.311, 14.4574, -11.8404, 0.00213289, 77.7014, 0.00221966, 48.6005, 0.00844374, -133.988
4914, 81.90000, 2.96506, 141.031, 3.6524, 132.286, 14.4289, -11.9097, 0.00212657, 77.6228, 0.00222921, 48.6916, 0.00844378, -134.01
4915, 81.90833, 2.9538, 140.79, 3.64806, 132.261, 14.4006, -11.9786, 0.00212028, 77.5448, 0.00223876, 48.7811, 0.00844383, -134.031
4915, 81.91666, 2.94261, 140.548, 3.64373, 132.236, 14.3724, -12.0472, 0.00211401, 77.4673, 0.0022483, 48.8688, 0.00844387, -134.053
4916, 81.92500, 2.93147, 140.308, 3.63941, 132.211, 14.3443, -12.1155, 0.00210777, 77.3902, 0.00225783, 48.9548, 0.00844391, -134.074
4916, 81.93333, 2.9204, 140.068, 3.63509, 132.187, 14.3163, -12.1834, 0.00210156, 77.3137, 0.00226736, 49.0392, 0.00844395, -134.095
4917, 81.94167, 2.90938, 139.828, 3.63079, 132.163, 14.2883, -12.251, 0.00209537, 77.2376, 0.00227688, 49.1219, 0.00844399, -134.116
4917, 81.95000, 2.89843, 139.589, 3.62649, 132.138, 14.2605, -12.3183, 0.00208921, 77.162, 0.00228639, 49.2031, 0.00844403, -134.136
4918, 81.95834, 2.88753, 139.351, 3.6222, 132.114, 14.2328, -12.3852, 0.00208308, 77.0869, 0.00229589, 49.2826, 0.00844406, -134.157
4918, 81.96667, 2.87669, 139.113, 3.61791, 132.09, 14.2052, -12.4518, 0.00207697, 77.0122, 0.00230538, 49.3607, 0.0084441, -134.177
4919, 81.97500, 2.86592, 138.875, 3.61364, 132.067, 14.1777, -12.5181, 0.00207089, 76.9381, 0.00231487, 49.4372, 0.00844414, -134.198
4919, 81.98333, 2.8552, 138.639, 3.60937, 132.043, 14.1503, -12.5841, 0.00206483, 76.8644, 0.00232434, 49.5123, 0.00844418, -134.218
4920, 81.99167, 2.84453, 138.402, 3.60511, 132.02, 14.123, -12.6497, 0.0020588, 76.7912, 0.00233381, 49.5859, 0.00844421, -134.238
4920, 82.00000, 2.83393, 138.167, 3.60086, 131.996, 14.0958, -12.7151, 0.0020528, 76.7184, 0.00234326, 49.658, 0.00844425, -134.257
4920, 82.00833, 2.82338, 137.932, 3.59661, 131.973, 14.0687, -12.7801, 0.00204682, 76.6461, 0.00235271, 49.7288, 0.00844429, -134.277
4921, 82.01667, 2.81288, 137.697, 3.59238, 131.95, 14.0416, -12.8448, 0.00204086, 76.5743, 0.00236215, 49.7981, 0.00844432, -134.297
4922, 82.02500, 2.80245, 137.463, 3.58815, 131.927, 14.0147, -12.9092, 0.00203493, 76.5029, 0.00237157, 49.8661, 0.00844436, -134.316
4922, 82.03333, 2.79207, 137.229, 3.58393, 131.904, 13.9879, -12.9732, 0.00202903, 76.432, 0.00238098, 49.9328, 0.0084444, -134.335
4923, 82.04166, 2.78175, 136.996, 3.57971, 131.882, 13.9612, -13.037, 0.00202315, 76.3615, 0.00239039, 49.9982, 0.00844443, -134.354
4923, 82.05000, 2.77148, 136.764, 3.57551, 131.859, 13.9346, -13.1005, 0.00201729, 76.2914, 0.00239978, 50.0622, 0.00844447, -134.373
4924, 82.05833, 2.76127, 136.532, 3.57131, 131.837, 13.908, -13.1637, 0.00201146, 76.2218, 0.00240916, 50.125, 0.00844451, -134.392
4924, 82.06667, 2.75111, 136.3, 3.56712, 131.814, 13.8816, -13.2266, 0.00200566, 76.1527, 0.00241853, 50.1866, 0.00844455, -134.411
4925, 82.07500, 2.74101, 136.069, 3.56293, 131.792, 13.8553, -13.2891, 0.00199987, 76.084, 0.00242789, 50.2469, 0.00844459, -134.429
4925, 82.08334, 2.73096, 135.839, 3.55876, 131.77, 13.829, -13.3514, 0.00199412, 76.0157, 0.00243723, 50.306, 0.00844463, -134.447
4926, 82.09167, 2.72097, 135.609, 3.55459, 131.749, 13.8029, -13.4134, 0.00198838, 75.9478, 0.00244656, 50.3639, 0.00844467, -134.466
4926, 82.10000, 2.71103, 135.38, 3.55043, 131.727, 13.7768, -13.4751, 0.00198268, 75.8804, 0.00245588, 50.4207, 0.00844471, -134.484
4927, 82.10833, 2.70114, 135.151, 3.54627, 131.705, 13.7508, -13.5365, 0.00197699, 75.8133, 0.00246519, 50.4763, 0.00844475, -134.502
4927, 82.11667, 2.69131, 134.922, 3.54213, 131.684, 13.725, -13.5977, 0.00197133, 75.7467, 0.00247449, 50.5308, 0.0084448, -134.52
4928, 82.12500, 2.68153, 134.694, 3.53799, 131.662, 13.6992, -13.6585, 0.0019657, 75.6806, 0.00248377, 50.5842, 0.00844484, -134.537
4928, 82.13333, 2.6718, 134.467, 3.53386, 131.641, 13.6735, -13.7191, 0.00196008, 75.6148, 0.00249304, 50.6365, 0.00844488, -134.555
4928, 82.14167, 2.66212, 134.24, 3.52974, 131.62, 13.6479, -13.7794, 0.00195449, 75.5494, 0.00250229, 50.6877, 0.00844493, -134.572
4929, 82.15000, 2.6525, 134.014, 3.52562, 131.599, 13.6224, -13.8394, 0.00194893, 75.4845, 0.00251153, 50.7379, 0.00844498, -134.59
4930, 82.15833, 2.64293, 133.788, 3.52151, 131.578, 13.597, -13.8991, 0.00194339, 75.42, 0.00252076, 50.7871, 0.00844503, -134.607
4930, 82.16666, 2.6334, 133.563, 3.51741, 131.558, 13.5717, -13.9586, 0.00193787, 75.3558, 0.00252998, 50.8352, 0.00844508, -134.624
4931, 82.17500, 2.62393, 133.338, 3.51332, 131.537, 13.5465, -14.0178, 0.00193237, 75.2921, 0.00253918, 50.8824, 0.00844513, -134.641
4931, 82.18333, 2.61452, 133.113, 3.50923, 131.517, 13.5213, -14.0767, 0.0019269, 75.2288, 0.00254837, 50.9286, 0.00844518, -134.658
4932, 82.19167, 2.60515, 132.889, 3.50515, 131.496, 13.4963, -14.1354, 0.00192145, 75.1658, 0.00255754, 50.9738, 0.00844524, -134.675
4932, 82.20000, 2.59583, 132.666, 3.50108, 131.476, 13.4713, -14.1938, 0.00191602, 75.1033, 0.0025667, 51.018, 0.00844529, -134.691
4933, 82.20834, 2.58656, 132.443, 3.49702, 131.456, 13.4465, -14.2519, 0.00191062, 75.0411, 0.00257585, 51.0613, 0.00844535, -134.708
4933, 82.21667, 2.57734, 132.221, 3.49296, 131.436, 13.4217, -14.3098, 0.00190523, 74.9793, 0.00258498, 51.1038, 0.00844541, -134.724
4934, 82.22500, 2.56817, 131.999, 3.48891, 131.416, 13.397, -14.3674, 0.00189988, 74.9179, 0.00259409, 51.1453, 0.00844547, -134.74
4934, 82.23333, 2.55905, 131.777, 3.48487, 131.396, 13.3724, -14.4248, 0.00189454, 74.8569, 0.00260319, 51.1859, 0.00844553, -134.756
4935, 82.24167, 2.54998, 131.556, 3.48083, 131.377, 13.3479, -14.4819, 0.00188922, 74.7963, 0.00261228, 51.2257, 0.0084456, -134.772
4935, 82.25000, 2.54095, 131.336, 3.47681, 131.357, 13.3234, -14.5387, 0.00188393, 74.736, 0.00262135, 51.2646, 0.00844567, -134.788
4936, 82.25833, 2.53198, 131.116, 3.47279, 131.338, 13.2991, -14.5953, 0.00187866, 74.6761, 0.00263041, 51.3026, 0.00844573, -134.804
4936, 82.26667, 2.52305, 130.896, 3.46878, 131.319, 13.2748, -14.6517, 0.00187341, 74.6166, 0.00263946, 51.3399, 0.0084458, -134.82
4936, 82.27500, 2.51417, 130.677, 3.46477, 131.3, 13.2506, -14.7078, 0.00186819, 74.5575, 0.00264848, 51.3763, 0.00844588, -134.835
4937, 82.28333, 2.50534, 130.458, 3.46077, 131.281, 13.2265, -14.7636, 0.00186298, 74.4987, 0.00265749, 51.4119, 0.00844595, -134.851
4938, 82.29166, 2.49655, 130.24, 3.45678, 131.262, 13.2025, -14.8192, 0.0018578, 74.4403, 0.00266649, 51.4467, 0.00844603, -134.866
4938, 82.30000, 2.48782, 130.022, 3.4528, 131.243, 13.1786, -14.8746, 0.00185264, 74.3822, 0.00267547, 51.4808, 0.0084461, -134.881
4939, 82.30833, 2.47913, 129.805, 3.44882, 131.224, 13.1548, -14.9297, 0.0018475, 74.3245, 0.00268444, 51.5141, 0.00844618, -134.896
4939, 82.31667, 2.47048, 129.588, 3.44485, 131.206, 13.131, -14.9846, 0.00184238, 74.2671, 0.00269339, 51.5467, 0.00844627, -134.911
4940, 82.32500, 2.46188, 129.372, 3.44089, 131.187, 13.1073, -15.0393, 0.00183728, 74.2102, 0.00270233, 51.5785, 0.00844635, -134.926
4940, 82.33334, 2.45333, 129.156, 3.43694, 131.169, 13.0838, -15.0937, 0.00183221, 74.1535, 0.00271125, 51.6096, 0.00844644, -134.941
4941, 82.34167, 2.44482, 128.94, 3.43299, 131.151, 13.0602, -15.1479, 0.00182715, 74.0972, 0.00272016, 51.64, 0.00844653, -134.956
4941, 82.35000, 2.43635, 128.725, 3.42905, 131.133, 13.0368, -15.2018, 0.00182212, 74.0413, 0.00272905, 51.6697, 0.00844662, -134.97
4941, 82.35833, 2.42793, 128.511, 3.42511, 131.115, 13.0135, -15.2555, 0.00181711, 73.9857, 0.00273792, 51.6986, 0.00844671, -134.985
4942, 82.36667, 2.41956, 128.297, 3.42119, 131.097, 12.9902, -15.309, 0.00181211, 73.9304, 0.00274678, 51.727, 0.00844681, -134.999
4943, 82.37500, 2.41123, 128.083, 3.41727, 131.079, 12.967, -15.3623, 0.00180714, 73.8755, 0.00275562, 51.7546, 0.0084469, -135.013
4943, 82.38333, 2.40295, 127.87, 3.41336, 131.061, 12.9439, -15.4153, 0.00180219, 73.8209, 0.00276445, 51.7816, 0.008447, -135.027
4944, 82.39167, 2.3947, 127.657, 3.40945, 131.044, 12.9209, -15.4681, 0.00179726, 73.7666, 0.00277326, 51.808, 0.00844711, -135.041
4944, 82.40000, 2.38651, 127.445, 3.40555, 131.026, 12.898, -15.5207, 0.00179235, 73.7127, 0.00278205, 51.8337, 0.00844721, -135.055
4944, 82.40833, 2.37835, 127.233, 3.40166, 131.009, 12.8751, -15.5731, 0.00178746, 73.6591, 0.00279083, 51.8588, 0.00844732, -135.069
4945, 82.41666, 2.37024, 127.021, 3.39778, 130.992, 12.8523, -15.6252, 0.00178259, 73.6058, 0.0027996, 51.8833, 0.00844743, -135.083
4946, 82.42500, 2.36217, 126.81, 3.3939, 130.974, 12.8296, -15.6772, 0.00177774, 73.5529, 0.00280835, 51.9071, 0.00844754, -135.097
4946, 82.43333, 2.35415, 126.6, 3.39003, 130.957, 12.807, -15.7289, 0.00177291, 73.5002, 0.00281708, 51.9304, 0.00844766, -135.11
4947, 82.44167, 2.34616, 126.39, 3.38617, 130.94, 12.7844, -15.7804, 0.0017681, 73.4479, 0.00282579, 51.9531, 0.00844778, -135.124
4947, 82.45000, 2.33822, 126.18, 3.38231, 130.924, 12.7619, -15.8317, 0.00176331, 73.396, 0.00283449, 51.9753, 0.0084479, -135.137
4948, 82.45834, 2.33032, 125.97, 3.37847, 130.907, 12.7395, -15.8828, 0.00175854, 73.3443, 0.00284318, 51.9968, 0.00844802, -135.15
4948, 82.46667, 2.32246, 125.762, 3.37462, 130.89, 12.7172, -15.9336, 0.00175378, 73.2929, 0.00285185, 52.0178, 0.00844815, -135.164
4949, 82.47500, 2.31464, 125.553, 3.37079, 130.874, 12.695, -15.9843, 0.00174905, 73.2419, 0.0028605, 52.0383, 0.00844828, -135.177
4949, 82.48333, 2.30687, 125.345, 3.36696, 130.857, 12.6728, -16.0347, 0.00174434, 73.1911, 0.00286913, 52.0582, 0.00844841, -135.19
4949, 82.49167, 2.29913, 125.138, 3.36314, 130.841, 12.6507, -16.085, 0.00173964, 73.1407, 0.00287775, 52.0776, 0.00844854, -135.203
4950, 82.50000, 2.29144, 124.93, 3.35932, 130.825, 12.6287, -16.135, 0.00173497, 73.0906, 0.00288636, 52.0965, 0.00844868, -135.215
4951, 82.50833, 2.28378, 124.724, 3.35552, 130.809, 12.6067, -16.1848, 0.00173031, 73.0408, 0.00289494, 52.1148, 0.00844882, -135.228
4951, 82.51667, 2.27617, 124.517, 3.35172, 130.793, 12.5848, -16.2345, 0.00172568, 72.9913, 0.00290352, 52.1327, 0.00844896, -135.241
4952, 82.52500, 2.26859, 124.311, 3.34792, 130.777, 12.563, -16.2839, 0.00172106, 72.942, 0.00291207, 52.15, 0.0084491, -135.253
4952, 82.53333, 2.26106, 124.106, 3.34414, 130.761, 12.5413, -16.3331, 0.00171646, 72.8931, 0.00292061, 52.1669, 0.00844925, -135.266
4953, 82.54166, 2.25356, 123.901, 3.34035, 130.745, 12.5197, -16.3822, 0.00171188, 72.8445, 0.00292913, 52.1833, 0.0084494, -135.278
4953, 82.55000, 2.24611, 123.696, 3.33658, 130.73, 12.4981, -16.431, 0.00170732, 72.7962, 0.00293764, 52.1992, 0.00844956, -135.29
4954, 82.55833, 2.23869, 123.492, 3.33281, 130.714, 12.4766, -16.4797, 0.00170278, 72.7481, 0.00294613, 52.2146, 0.00844971, -135.303
4954, 82.56667, 2.23131, 123.288, 3.32905, 130.699, 12.4551, -16.5281, 0.00169825, 72.7003, 0.00295461, 52.2296, 0.00844987, -135.315
4955, 82.57500, 2.22397, 123.084, 3.3253, 130.683, 12.4338, -16.5764, 0.00169374, 72.6529, 0.00296307, 52.2441, 0.00845004, -135.327
4955, 82.58334, 2.21667, 122.881, 3.32155, 130.668, 12.4125, -16.6244, 0.00168925, 72.6057, 0.00297151, 52.2582, 0.0084502, -135.339
4956, 82.59167, 2.2094, 122.679, 3.31781, 130.653, 12.3912, -16.6723, 0.00168478, 72.5588, 0.00297994, 52.2719, 0.00845037, -135.351
4956, 82.60000, 2.20218, 122.476, 3.31408, 130.638, 12.3701, -16.72, 0.00168033, 72.5122, 0.00298835, 52.2851, 0.00845054, -135.362
4957, 82.60833, 2.19499, 122.275, 3.31035, 130.623, 12.349, -16.7675, 0.0016759, 72.4658, 0.00299674, 52.2979, 0.00845071, -135.374
4957, 82.61667, 2.18784, 122.073, 3.30663, 130.608, 12.328, -16.8148, 0.00167148, 72.4198, 0.00300512, 52.3103, 0.00845089, -135.386
4957, 82.62500, 2.18072, 121.872, 3.30292, 130.594, 12.3071, -16.8619, 0.00166708, 72.374, 0.00301348, 52.3222, 0.00845107, -135.397
4958, 82.63333, 2.17365, 121.671, 3.29921, 130.579, 12.2862, -16.9089, 0.0016627, 72.3285, 0.00302183, 52.3338, 0.00845126, -135.409
4959, 82.64167, 2.1666, 121.471, 3.29551, 130.564, 12.2654, -16.9557, 0.00165833, 72.2832, 0.00303016, 52.345, 0.00845144, -135.42
4959, 82.65000, 2.1596, 121.271, 3.29182, 130.55, 12.2446, -17.0022, 0.00165399, 72.2383, 0.00303847, 52.3558, 0.00845163, -135.431
4960, 82.65833, 2.15263, 121.072, 3.28813, 130.535, 12.224, -17.0486, 0.00164966, 72.1935, 0.00304677, 52.3662, 0.00845182, -135.443
4960, 82.66666, 2.1457, 120.873, 3.28445, 130.521, 12.2034, -17.0949, 0.00164535, 72.1491, 0.00305506, 52.3762, 0.00845202, -135.454
4961, 82.67500, 2.1388, 120.674, 3.28078, 130.507, 12.1828, -17.1409, 0.00164105, 72.1049, 0.00306332, 52.3858, 0.00845222, -135.465
4961, 82.68333, 2.13194, 120.476, 3.27711, 130.493, 12.1624, -17.1868, 0.00163677, 72.061, 0.00307157, 52.3951, 0.00845242, -135.476
4962, 82.69167, 2.12511, 120.278, 3.27345, 130.479, 12.142, -17.2325, 0.00163251, 72.0174, 0.00307981, 52.404, 0.00845262, -135.487
4962, 82.70000, 2.11832, 120.08, 3.2698, 130.465, 12.1216, -17.278, 0.00162827, 71.974, 0.00308803, 52.4126, 0.00845283, -135.498
4963, 82.70834, 2.11157, 119.883, 3.26615, 130.451, 12.1014, -17.3233, 0.00162404, 71.9308, 0.00309623, 52.4208, 0.00845304, -135.508
4963, 82.71667, 2.10485, 119.687, 3.26251, 130.437, 12.0812, -17.3685, 0.00161983, 71.888, 0.00310442, 52.4286, 0.00845325, -135.519
4964, 82.72500, 2.09816, 119.49, 3.25887, 130.424, 12.061, -17.4135, 0.00161564, 71.8453, 0.00311259, 52.4362, 0.00845347, -135.53
4964, 82.73333, 2.09151, 119.294, 3.25525, 130.41, 12.041, -17.4584, 0.00161146, 71.803, 0.00312074, 52.4434, 0.00845369, -135.54
4965, 82.74167, 2.08489, 119.099, 3.25162, 130.397, 12.021, -17.503, 0.0016073, 71.7608, 0.00312888, 52.4502, 0.00845391, -135.551
4965, 82.75000, 2.07831, 118.904, 3.24801, 130.383, 12.001, -17.5475, 0.00160316, 71.719, 0.00313701, 52.4568, 0.00845414, -135.561
4965, 82.75833, 2.07176, 118.709, 3.2444, 130.37, 11.9811, -17.5919, 0.00159903, 71.6774, 0.00314512, 52.463, 0.00845437, -135.571
4966, 82.76667, 2.06524, 118.514, 3.2408, 130.357, 11.9613, -17.636, 0.00159492, 71.636, 0.00315321, 52.4689, 0.0084546, -135.582
4967, 82.77500, 2.05875, 118.32, 3.2372, 130.343, 11.9416, -17.68, 0.00159082, 71.5948, 0.00316128, 52.4745, 0.00845484, -135.592
4967, 82.78333, 2.0523, 118.126, 3.23361, 130.33, 11.9219, -17.7239, 0.00158674, 71.5539, 0.00316935, 52.4798, 0.00845508, -135.602
4968, 82.79166, 2.04588, 117.933, 3.23002, 130.317, 11.9023, -17.7675, 0.00158268, 71.5133, 0.00317739, 52.4848, 0.00845532, -135.612
4968, 82.80000, 2.0395, 117.74, 3.22645, 130.305, 11.8827, -17.8111, 0.00157863, 71.4729, 0.00318542, 52.4895, 0.00845556, -135.622
4969, 82.80833, 2.03315, 117.548, 3.22288, 130.292, 11.8632, -17.8544, 0.0015746, 71.4327, 0.00319344, 52.4939, 0.00845581, -135.632
4969, 82.81667, 2.02682, 117.355, 3.21931, 130.279, 11.8438, -17.8976, 0.00157058, 71.3928, 0.00320143, 52.498, 0.00845606, -135.642
4970, 82.82500, 2.02054, 117.164, 3.21575, 130.266, 11.8244, -17.9407, 0.00156658, 71.3531, 0.00320942, 52.5018, 0.00845632, -135.652
4970, 82.83334, 2.01428, 116.972, 3.2122, 130.254, 11.8051, -17.9835, 0.00156259, 71.3136, 0.00321739, 52.5054, 0.00845657, -135.661
4971, 82.84167, 2.00805, 116.781, 3.20865, 130.241, 11.7858, -18.0263, 0.00155862, 71.2744, 0.00322534, 52.5087, 0.00845684, -135.671
4971, 82.85000, 2.00186, 116.59, 3.20511, 130.229, 11.7666, -18.0688, 0.00155467, 71.2353, 0.00323328, 52.5117, 0.0084571, -135.681
4972, 82.85833, 1.9957, 116.4, 3.20158, 130.217, 11.7475, -18.1113, 0.00155073, 71.1966, 0.0032412, 52.5145, 0.00845737, -135.69
4972, 82.86667, 1.98957, 116.21, 3.19805, 130.204, 11.7284, -18.1535, 0.00154681, 71.158, 0.0032491, 52.5169, 0.00845764, -135.7
4973, 82.87500, 1.98347, 116.02, 3.19453, 130.192, 11.7094, -18.1956, 0.0015429, 71.1197, 0.00325699, 52.5192, 0.00845791, -135.709
4973, 82.88333, 1.9774, 115.831, 3.19101, 130.18, 11.6905, -18.2376, 0.001539, 71.0816, 0.00326487, 52.5212, 0.00845819, -135.718
4973, 82.89167, 1.97136, 115.642, 3.1875, 130.168, 11.6716, -18.2794, 0.00153513, 71.0437, 0.00327273, 52.5229, 0.00845847, -135.728
4974, 82.90000, 1.96535, 115.454, 3.184, 130.156, 11.6527, -18.3211, 0.00153126, 71.006, 0.00328058, 52.5244, 0.00845875, -135.737
4975, 82.90833, 1.95937, 115.265, 3.1805, 130.145, 11.634, -18.3626, 0.00152741, 70.9686, 0.00328841, 52.5256, 0.00845904, -135.746
4975, 82.91666, 1.95342, 115.077, 3.17701, 130.133, 11.6153, -18.404, 0.00152358, 70.9314, 0.00329622, 52.5267, 0.00845933, -135.755
4976, 82.92500, 1.9475, 114.89, 3.17353, 130.121, 11.5966, -18.4452, 0.00151976, 70.8943, 0.00330402, 52.5274, 0.00845962, -135.764
4976, 82.93333, 1.94161, 114.703, 3.17005, 130.109, 11.578, -18.4862, 0.00151595, 70.8576, 0.0033118, 52.528, 0.00845992, -135.773
4977, 82.94167, 1.93575, 114.516, 3.16658, 130.098, 11.5595, -18.5272, 0.00151216, 70.821, 0.00331957, 52.5283, 0.00846022, -135.782
4977, 82.95000, 1.92992, 114.33, 3.16311, 130.087, 11.541, -18.568, 0.00150839, 70.7846, 0.00332733, 52.5284, 0.00846052, -135.791
4978, 82.95834, 1.92412, 114.144, 3.15965, 130.075, 11.5225, -18.6086, 0.00150463, 70.7485, 0.00333507, 52.5283, 0.00846082, -135.8
4978, 82.96667, 1.91835, 113.958, 3.15619, 130.064, 11.5042, -18.6491, 0.00150088, 70.7125, 0.00334279, 52.528, 0.00846113, -135.808
4979, 82.97500, 1.91261, 113.773, 3.15275, 130.053, 11.4859, -18.6895, 0.00149715, 70.6768, 0.0033505, 52.5274, 0.00846144, -135.817
4979, 82.98333, 1.90689, 113.588, 3.1493, 130.042, 11.4676, -18.7297, 0.00149343, 70.6412, 0.0033582, 52.5266, 0.00846176, -135.826
4980, 82.99167, 1.9012, 113.403, 3.14587, 130.031, 11.4494, -18.7698, 0.00148972, 70.6059, 0.00336588, 52.5257, 0.00846208, -135.834
4980, 83.00000, 1.89555, 113.219, 3.14243, 130.02, 11.4313, -18.8097, 0.00148603, 70.5708, 0.00337355, 52.5245, 0.0084624, -135.843
4981, 83.00833, 1.88992, 113.035, 3.13901, 130.009, 11.4132, -18.8495, 0.00148236, 70.5359, 0.0033812, 52.5231, 0.00846272, -135.851
4981, 83.01667, 1.88431, 112.851, 3.13559, 129.998, 11.3951, -18.8892, 0.00147869, 70.5012, 0.00338883, 52.5216, 0.00846305, -135.86
4981, 83.02500, 1.87874, 112.668, 3.13218, 129.987, 11.3771, -18.9287, 0.00147504, 70.4667, 0.00339645, 52.5198, 0.00846338, -135.868
4982, 83.03333, 1.87319, 112.485, 3.12877, 129.976, 11.3592, -18.9681, 0.00147141, 70.4323, 0.00340406, 52.5178, 0.00846372, -135.876
4983, 83.04166, 1.86767, 112.302, 3.12537, 129.966, 11.3414, -19.0074, 0.00146779, 70.3982, 0.00341165, 52.5157, 0.00846406, -135.884
4983, 83.05000, 1.86218, 112.12, 3.12197, 129.955, 11.3235, -19.0465, 0.00146418, 70.3643, 0.00341923, 52.5134, 0.0084644, -135.893
4984, 83.05833, 1.85671, 111.938, 3.11858, 129.945, 11.3058, -19.0855, 0.00146058, 70.3306, 0.00342679, 52.5108, 0.00846474, -135.901
4984, 83.06667, 1.85128, 111.757, 3.1152, 129.934, 11.2881, -19.1243, 0.001457, 70.297, 0.00343434, 52.5082, 0.00846509, -135.909
4985, 83.07500, 1.84586, 111.575, 3.11182, 129.924, 11.2704, -19.1631, 0.00145343, 70.2637, 0.00344188, 52.5053, 0.00846544, -135.917
4985, 83.08334, 1.84048, 111.394, 3.10845, 129.914, 11.2528, -19.2017, 0.00144988, 70.2306, 0.0034494, 52.5022, 0.00846579, -135.925
4986, 83.09167, 1.83512, 111.214, 3.10508, 129.904, 11.2352, -19.2401, 0.00144634, 70.1976, 0.0034569, 52.499, 0.00846615, -135.933
4986, 83.10000, 1.82979, 111.034, 3.10172, 129.894, 11.2178, -19.2785, 0.00144281, 70.1648, 0.0034644, 52.4956, 0.00846651, -135.941
4987, 83.10833, 1.82448, 110.854, 3.09836, 129.884, 11.2003, -19.3167, 0.0014393, 70.1322, 0.00347187, 52.4921, 0.00846687, -135.948
4987, 83.11667, 1.8192, 110.674, 3.09501, 129.874, 11.1829, -19.3548, 0.00143579, 70.0998, 0.00347934, 52.4884, 0.00846724, -135.956
4988, 83.12500, 1.81395, 110.495, 3.09167, 129.864, 11.1656, -19.3927, 0.0014323, 70.0676, 0.00348679, 52.4845, 0.0084676, -135.964
4988, 83.13333, 1.80872, 110.316, 3.08833, 129.854, 11.1483, -19.4305, 0.00142883, 70.0356, 0.00349422, 52.4804, 0.00846798, -135.972
4989, 83.14167, 1.80351, 110.138, 3.085, 129.844, 11.131, -19.4682, 0.00142536, 70.0038, 0.00350164, 52.4762, 0.00846835, -135.979
4989, 83.15000, 1.79834, 109.96, 3.08167, 129.834, 11.1139, -19.5058, 0.00142191, 69.9721, 0.00350905, 52.4719, 0.00846873, -135.987
4989, 83.15833, 1.79318, 109.782, 3.07835, 129.825, 11.0967, -19.5433, 0.00141848, 69.9406, 0.00351644, 52.4674, 0.00846911, -135.994
4990, 83.16666, 1.78806, 109.604, 3.07504, 129.815, 11.0796, -19.5806, 0.00141505, 69.9093, 0.00352382, 52.4627, 0.0084695, -136.002
4991, 83.17500, 1.78295, 109.427, 3.07173, 129.806, 11.0626, -19.6178, 0.00141164, 69.8782, 0.00353119, 52.4579, 0.00846989, -136.009
4991, 83.18333, 1.77787, 109.25, 3.06842, 129.796, 11.0456, -19.6549, 0.00140824, 69.8473, 0.00353854, 52.453, 0.00847028, -136.017
4992, 83.19167, 1.77282, 109.074, 3.06512, 129.787, 11.0287, -19.6919, 0.00140485, 69.8165, 0.00354587, 52.4479, 0.00847067, -136.024
4992, 83.20000, 1.76779, 108.897, 3.06183, 129.778, 11.0118, -19.7287, 0.00140148, 69.7859, 0.0035532, 52.4427, 0.00847107, -136.031
4993, 83.20834, 1.76279, 108.721, 3.05854, 129.769, 10.9949, -19.7654, 0.00139811, 69.7555, 0.00356051, 52.4373, 0.00847147, -136.038
4993, 83.21667, 1.75781, 108.546, 3.05526, 129.76, 10.9782, -19.802, 0.00139476, 69.7253, 0.00356781, 52.4318, 0.00847187, -136.046
4994, 83.22500, 1.75285, 108.371, 3.05198, 129.75, 10.9614, -19.8385, 0.00139142, 69.6952, 0.00357509, 52.4261, 0.00847228, -136.053
4994, 83.23333, 1.74792, 108.196, 3.04871, 129.741, 10.9447, -19.8749, 0.0013881, 69.6653, 0.00358236, 52.4204, 0.00847269, -136.06
4995, 83.24167, 1.74301, 108.021, 3.04545, 129.732, 10.9281, -19.9112, 0.00138478, 69.6356, 0.00358961, 52.4145, 0.0084731, -136.067
4995, 83.25000, 1.73812, 107.847, 3.04219, 129.724, 10.9115, -19.9473, 0.00138148, 69.606, 0.00359685, 52.4084, 0.00847352, -136.074
4996, 83.25833, 1.73326, 107.673, 3.03893, 129.715, 10.8949, -19.9833, 0.00137819, 69.5766, 0.00360408, 52.4023, 0.00847393, -136.081
4996, 83.26667, 1.72842, 107.499, 3.03568, 129.706, 10.8784, -20.0192, 0.00137491, 69.5474, 0.0036113, 52.396, 0.00847436, -136.088
4997, 83.27500, 1.7236, 107.326, 3.03244, 129.697, 10.862, -20.055, 0.00137164, 69.5183, 0.0036185, 52.3896, 0.00847478, -136.095
4997, 83.28333, 1.71881, 107.153, 3.0292, 129.689, 10.8456, -20.0907, 0.00136839, 69.4894, 0.00362569, 52.383, 0.00847521, -136.101
4997, 83.29166, 1.71404, 106.98, 3.02597, 129.68, 10.8292, -20.1263, 0.00136514, 69.4607, 0.00363286, 52.3764, 0.00847564, -136.108
4998, 83.30000, 1.70929, 106.808, 3.02274, 129.672, 10.8129, -20.1617, 0.00136191, 69.4321, 0.00364003, 52.3696, 0.00847608, -136.115
4999, 83.30833, 1.70457, 106.636, 3.01952, 129.663, 10.7967, -20.197, 0.00135869, 69.4037, 0.00364718, 52.3627, 0.00847651, -136.122
4999, 83.31667, 1.69987, 106.464, 3.0163, 129.655, 10.7805, -20.2323, 0.00135548, 69.3755, 0.00365431, 52.3557, 0.00847695, -136.128
5000, 83.32500, 1.69519, 106.293, 3.01309, 129.647, 10.7643, -20.2674, 0.00135229, 69.3474, 0.00366143, 52.3486, 0.0084774, -136.135
5000, 83.33334, 1.69053, 106.122, 3.00988, 129.638, 10.7482, -20.3024, 0.0013491, 69.3194, 0.00366854, 52.3414, 0.00847784, -136.142
5001, 83.34167, 1.68589, 105.951, 3.00668, 129.63, 10.7321, -20.3373, 0.00134592, 69.2917, 0.00367564, 52.3341, 0.00847829, -136.148
5001, 83.35000, 1.68128, 105.781, 3.00349, 129.622, 10.716, -20.3721, 0.00134276, 69.264, 0.00368272, 52.3267, 0.00847874, -136.155
5002, 83.35833, 1.67669, 105.611, 3.0003, 129.614, 10.7001, -20.4068, 0.00133961, 69.2366, 0.00368979, 52.3191, 0.0084792, -136.161
5002, 83.36667, 1.67212, 105.441, 2.99711, 129.606, 10.6841, -20.4413, 0.00133647, 69.2093, 0.00369685, 52.3115, 0.00847966, -136.167
5003, 83.37500, 1.66757, 105.271, 2.99393, 129.598, 10.6682, -20.4758, 0.00133334, 69.1821, 0.0037039, 52.3037, 0.00848012, -136.174
5003, 83.38333, 1.66304, 105.102, 2.99076, 129.59, 10.6524, -20.5102, 0.00133022, 69.1551, 0.00371093, 52.2959, 0.00848058, -136.18
5004, 83.39167, 1.65854, 104.933, 2.98759, 129.583, 10.6366, -20.5444, 0.00132711, 69.1283, 0.00371795, 52.2879, 0.00848105, -136.186
5004, 83.40000, 1.65405, 104.765, 2.98442, 129.575, 10.6208, -20.5786, 0.00132402, 69.1016, 0.00372496, 52.2799, 0.00848152, -136.193
5005, 83.40833, 1.64959, 104.596, 2.98126, 129.567, 10.6051, -20.6126, 0.00132093, 69.075, 0.00373195, 52.2718, 0.00848199, -136.199
5005, 83.41666, 1.64515, 104.428, 2.97811, 129.56, 10.5894, -20.6465, 0.00131785, 69.0486, 0.00373893, 52.2635, 0.00848247, -136.205
5005, 83.42500, 1.64072, 104.261, 2.97496, 129.552, 10.5738, -20.6804, 0.00131479, 69.0224, 0.0037459, 52.2552, 0.00848295, -136.211
5006, 83.43333, 1.63632, 104.093, 2.97182, 129.545, 10.5582, -20.7141, 0.00131174, 68.9963, 0.00375286, 52.2468, 0.00848343, -136.217
5007, 83.44167, 1.63194, 103.926, 2.96868, 129.537, 10.5426, -20.7477, 0.00130869, 68.9703, 0.0037598, 52.2383, 0.00848392, -136.224
5007, 83.45000, 1.62758, 103.76, 2.96555, 129.53, 10.5271, -20.7813, 0.00130566, 68.9445, 0.00376673, 52.2297, 0.0084844, -136.23
5008, 83.45834, 1.62324, 103.593, 2.96242, 129.522, 10.5117, -20.8147, 0.00130264, 68.9189, 0.00377365, 52.221, 0.0084849, -136.236
5008, 83.46667, 1.61892, 103.427, 2.9593, 129.515, 10.4963, -20.848, 0.00129963, 68.8933, 0.00378056, 52.2122, 0.00848539, -136.242
5009, 83.47500, 1.61462, 103.261, 2.95618, 129.508, 10.4809, -20.8812, 0.00129663, 68.868, 0.00378745, 52.2034, 0.00848589, -136.247
5009, 83.48333, 1.61034, 103.096, 2.95307, 129.501, 10.4656, -20.9143, 0.00129364, 68.8427, 0.00379433, 52.1945, 0.00848638, -136.253
5010, 83.49167, 1.60608, 102.931, 2.94996, 129.494, 10.4503, -20.9474, 0.00129066, 68.8176, 0.0038012, 52.1854, 0.00848689, -136.259
5010, 83.50000, 1.60184, 102.766, 2.94686, 129.487, 10.435, -20.9803, 0.00128769, 68.7927, 0.00380806, 52.1763, 0.00848739, -136.265
5011, 83.50833, 1.59762, 102.601, 2.94376, 129.48, 10.4198, -21.0131, 0.00128473, 68.7679, 0.00381491, 52.1672, 0.0084879, -136.271
5011, 83.51667, 1.59342, 102.437, 2.94067, 129.473, 10.4047, -21.0458, 0.00128178, 68.7432, 0.00382174, 52.1579, 0.00848841, -136.277
5012, 83.52500, 1.58924, 102.273, 2.93758, 129.466, 10.3895, -21.0785, 0.00127884, 68.7187, 0.00382856, 52.1486, 0.00848893, -136.282
5012, 83.53333, 1.58508, 102.109, 2.9345, 129.459, 10.3745, -21.111, 0.00127591, 68.6943, 0.00383537, 52.1392, 0.00848944, -136.288
5013, 83.54166, 1.58093, 101.946, 2.93142, 129.452, 10.3594, -21.1434, 0.00127299, 68.67, 0.00384217, 52.1297, 0.00848996, -136.294
5013, 83.55000, 1.57681, 101.783, 2.92835, 129.446, 10.3444, -21.1758, 0.00127008, 68.6459, 0.00384896, 52.1201, 0.00849048, -136.299
5013, 83.55833, 1.5727, 101.62, 2.92528, 129.439, 10.3295, -21.208, 0.00126718, 68.6219, 0.00385573, 52.1105, 0.00849101, -136.305
5014, 83.56667, 1.56861, 101.457, 2.92222, 129.433, 10.3146, -21.2402, 0.00126429, 68.598, 0.00386249, 52.1008, 0.00849154, -136.31
5015, 83.57500, 1.56455, 101.295, 2.91916, 129.426, 10.2997, -21.2722, 0.00126141, 68.5743, 0.00386924, 52.091, 0.00849207, -136.316
5015, 83.58334, 1.5605, 101.133, 2.91611, 129.42, 10.2848, -21.3042, 0.00125854, 68.5507, 0.00387598, 52.0812, 0.0084926, -136.321
5016, 83.59167, 1.55647, 100.971, 2.91306, 129.413, 10.27, -21.3361, 0.00125568, 68.5272, 0.00388271, 52.0713, 0.00849314, -136.327
5016, 83.60000, 1.55245, 100.81, 2.91001, 129.407, 10.2553, -21.3678, 0.00125283, 68.5039, 0.00388942, 52.0613, 0.00849368, -136.332
5017, 83.60833, 1.54846, 100.649, 2.90698, 129.4, 10.2406, -21.3995, 0.00124999, 68.4807, 0.00389612, 52.0513, 0.00849422, -136.338
5017, 83.61667, 1.54448, 100.488, 2.90394, 129.394, 10.2259, -21.4311, 0.00124716, 68.4576, 0.00390282, 52.0412, 0.00849476, -136.343
5018, 83.62500, 1.54052, 100.328, 2.90091, 129.388, 10.2113, -21.4626, 0.00124434, 68.4347, 0.0039095, 52.031, 0.00849531, -136.348
5018, 83.63333, 1.53658, 100.168, 2.89789, 129.382, 10.1967, -21.494, 0.00124153, 68.4119, 0.00391616, 52.0208, 0.00849586, -136.354
5019, 83.64167, 1.53266, 100.008, 2.89487, 129.376, 10.1821, -21.5253, 0.00123872, 68.3892, 0.00392282, 52.0105, 0.00849642, -136.359
5019, 83.65000, 1.52876, 99.8484, 2.89186, 129.37, 10.1676, -21.5566, 0.00123593, 68.3666, 0.00392947, 52.0001, 0.00849697, -136.364
5020, 83.65833, 1.52487, 99.6891, 2.88885, 129.364, 10.1531, -21.5877, 0.00123315, 68.3442, 0.0039361, 51.9897, 0.00849753, -136.369
5020, 83.66666, 1.521, 99.5301, 2.88584, 129.358, 10.1386, -21.6188, 0.00123037, 68.3219, 0.00394273, 51.9793, 0.00849809, -136.374
5021, 83.67500, 1.51715, 99.3715, 2.88285, 129.352, 10.1242, -21.6497, 0.00122761, 68.2997, 0.00394934, 51.9687, 0.00849866, -136.38
5021, 83.68333, 1.51331, 99.2131, 2.87985, 129.346, 10.1099, -21.6806, 0.00122485, 68.2776, 0.00395594, 51.9581, 0.00849922, -136.385
5021, 83.69167, 1.50949, 99.0549, 2.87686, 129.34, 10.0955, -21.7114, 0.0012221, 68.2557, 0.00396253, 51.9475, 0.00849979, -136.39
5022, 83.70000, 1.50569, 98.8971, 2.87387, 129.335, 10.0812, -21.7421, 0.00121937, 68.2338, 0.00396911, 51.9368, 0.00850036, -136.395
5023, 83.70834, 1.50191, 98.7396, 2.87089, 129.329, 10.067, -21.7727, 0.00121664, 68.2121, 0.00397567, 51.9261, 0.00850094, -136.4
5023, 83.71667, 1.49814, 98.5823, 2.86792, 129.323, 10.0528, -21.8032, 0.00121392, 68.1906, 0.00398223, 51.9153, 0.00850152, -136.405
5024, 83.72500, 1.49439, 98.4253, 2.86495, 129.318, 10.0386, -21.8336, 0.00121121, 68.1691, 0.00398877, 51.9044, 0.0085021, -136.41
5024, 83.73333, 1.49066, 98.2687, 2.86198, 129.312, 10.0244, -21.864, 0.0012085, 68.1478, 0.00399531, 51.8935, 0.00850268, -136.415
5025, 83.74167, 1.48694, 98.1123, 2.85902, 129.307, 10.0103, -21.8942, 0.00120581, 68.1265, 0.00400183, 51.8825, 0.00850326, -136.42
5025, 83.75000, 1.48324, 97.9562, 2.85606, 129.301, 9.99627, -21.9244, 0.00120313, 68.1054, 0.00400834, 51.8715, 0.00850385, -136.425
5026, 83.75833, 1.47956, 97.8003, 2.85311, 129.296, 9.98223, -21.9545, 0.00120045, 68.0844, 0.00401484, 51.8605, 0.00850444, -136.429
5026, 83.76667, 1.47589, 97.6448, 2.85016, 129.291, 9.96823, -21.9845, 0.00119779, 68.0636, 0.00402134, 51.8494, 0.00850504, -136.434
5027, 83.77500, 1.47224, 97.4895, 2.84722, 129.285, 9.95427, -22.0144, 0.00119513, 68.0428, 0.00402782, 51.8382, 0.00850563, -136.439
5027, 83.78333, 1.46861, 97.3346, 2.84428, 129.28, 9.94035, -22.0443, 0.00119248, 68.0222, 0.00403428, 51.827, 0.00850623, -136.444
5028, 83.79166, 1.46499, 97.1798, 2.84134, 129.275, 9.92646, -22.074, 0.00118984, 68.0017, 0.00404074, 51.8158, 0.00850683, -136.449
5028, 83.80000, 1.46138, 97.0254, 2.83841, 129.27, 9.9126, -22.1037, 0.00118721, 67.9813, 0.00404719, 51.8045, 0.00850744, -136.453
5029, 83.80833, 1.4578, 96.8713, 2.83549, 129.265, 9.89879, -22.1333, 0.00118458, 67.961, 0.00405363, 51.7932, 0.00850804, -136.458
5029, 83.81667, 1.45423, 96.7175, 2.83257, 129.26, 9.885, -22.1628, 0.00118197, 67.9408, 0.00406005, 51.7818, 0.00850865, -136.463
5029, 83.82500, 1.45067, 96.5639, 2.82965, 129.255, 9.87125, -22.1922, 0.00117936, 67.9207, 0.00406647, 51.7704, 0.00850926, -136.467
5030, 83.83334, 1.44713, 96.4106, 2.82674, 129.25, 9.85754, -22.2216, 0.00117677, 67.9007, 0.00407287, 51.7589, 0.00850988, -136.472
5031, 83.84167, 1.4436, 96.2576, 2.82383, 129.245, 9.84387, -22.2509, 0.00117418, 67.8809, 0.00407927, 51.7474, 0.0085105, -136.476
5031, 83.85000, 1.4401, 96.1048, 2.82093, 129.24, 9.83022, -22.2801, 0.0011716, 67.8612, 0.00408565, 51.7359, 0.00851111, -136.481
5032, 83.85833, 1.4366, 95.9524, 2.81803, 129.236, 9.81662, -22.3092, 0.00116902, 67.8415, 0.00409203, 51.7243, 0.00851174, -136.485
5032, 83.86667, 1.43312, 95.8002, 2.81514, 129.231, 9.80304, -22.3382, 0.00116646, 67.822, 0.00409839, 51.7127, 0.00851236, -136.49
5033, 83.87500, 1.42966, 95.6483, 2.81225, 129.226, 9.7895, -22.3671, 0.0011639, 67.8026, 0.00410475, 51.7011, 0.00851299, -136.494
5033, 83.88333, 1.42621, 95.4967, 2.80937, 129.222, 9.776, -22.396, 0.00116135, 67.7833, 0.00411109, 51.6894, 0.00851362, -136.499
5034, 83.89167, 1.42278, 95.3453, 2.80649, 129.217, 9.76253, -22.4248, 0.00115881, 67.7641, 0.00411742, 51.6776, 0.00851425, -136.503
5034, 83.90000, 1.41936, 95.1943, 2.80361, 129.212, 9.74909, -22.4535, 0.00115628, 67.745, 0.00412374, 51.6659, 0.00851488, -136.508
5035, 83.90833, 1.41595, 95.0435, 2.80074, 129.208, 9.73569, -22.4822, 0.00115376, 67.726, 0.00413006, 51.6541, 0.00851552, -136.512
5035, 83.91666, 1.41256, 94.8929, 2.79787, 129.204, 9.72232, -22.5107, 0.00115124, 67.7071, 0.00413636, 51.6422, 0.00851616, -136.517
5036, 83.92500, 1.40919, 94.7427, 2.79501, 129.199, 9.70898, -22.5392, 0.00114874, 67.6884, 0.00414265, 51.6304, 0.0085168, -136.521
5036, 83.93333, 1.40583, 94.5927, 2.79215, 129.195, 9.69568, -22.5676, 0.00114624, 67.6697, 0.00414893, 51.6185, 0.00851745, -136.525
5037, 83.94167, 1.40248, 94.443, 2.7893, 129.19, 9.68241, -22.5959, 0.00114374, 67.6511, 0.00415521, 51.6065, 0.00851809, -136.529
5037, 83.95000, 1.39915, 94.2935, 2.78645, 129.186, 9.66918, -22.6242, 0.00114126, 67.6327, 0.00416147, 51.5946, 0.00851874, -136.534
5037, 83.95834, 1.39584, 94.1444, 2.7836, 129.182, 9.65598, -22.6524, 0.00113878, 67.6143, 0.00416772, 51.5826, 0.00851939, -136.538
5038, 83.96667, 1.39253, 93.9955, 2.78076, 129.178, 9.6428, -22.6805, 0.00113632, 67.596, 0.00417396, 51.5705, 0.00852005, -136.542
5039, 83.97500, 1.38924, 93.8469, 2.77792, 129.174, 9.62967, -22.7085, 0.00113386, 67.5779, 0.0041802, 51.5585, 0.0085207, -136.546
5039, 83.98333, 1.38597, 93.6985, 2.77509, 129.17, 9.61656, -22.7364, 0.0011314, 67.5598, 0.00418642, 51.5464, 0.00852136, -136.551
5040, 83.99167, 1.38271, 93.5504, 2.77226, 129.166, 9.60349, -22.7643, 0.00112896, 67.5419, 0.00419263, 51.5342, 0.00852203, -136.555
5040, 84.00000, 1.37946, 93.4026, 2.76944, 129.162, 9.59045, -22.7921, 0.00112652, 67.524, 0.00419884, 51.5221, 0.00852269, -136.559
5041, 84.00833, 1.37623, 93.2551, 2.76662, 129.158, 9.57744, -22.8199, 0.00112409, 67.5062, 0.00420503, 51.5099, 0.00852336, -136.563
5041, 84.01667, 1.37301, 93.1078, 2.76381, 129.154, 9.56447, -22.8475, 0.00112167, 67.4886, 0.00421121, 51.4977, 0.00852402, -136.567
5042, 84.02500, 1.3698, 92.9608, 2.761, 129.15, 9.55152, -22.8751, 0.00111925, 67.471, 0.00421739, 51.4855, 0.0085247, -136.571
5042, 84.03333, 1.36661, 92.8141, 2.75819, 129.146, 9.53861, -22.9026, 0.00111685, 67.4536, 0.00422355, 51.4732, 0.00852537, -136.575
5043, 84.04166, 1.36343, 92.6676, 2.75539, 129.142, 9.52573, -22.93, 0.00111445, 67.4362, 0.00422971, 51.4609, 0.00852604, -136.579
5043, 84.05000, 1.36027, 92.5214, 2.75259, 129.139, 9.51288, -22.9574, 0.00111206, 67.4189, 0.00423586, 51.4486, 0.00852672, -136.583
5044, 84.05833, 1.35711, 92.3755, 2.74979, 129.135, 9.50006, -22.9847, 0.00110967, 67.4017, 0.00424199, 51.4362, 0.0085274, -136.587
5044, 84.06667, 1.35398, 92.2298, 2.747, 129.131, 9.48727, -23.0119, 0.00110729, 67.3847, 0.00424812, 51.4239, 0.00852809, -136.591
5045, 84.07500, 1.35085, 92.0844, 2.74422, 129.128, 9.47452, -23.0391, 0.00110492, 67.3677, 0.00425424, 51.4115, 0.00852877, -136.595
5045, 84.08334, 1.34774, 91.9392, 2.74144, 129.124, 9.46179, -23.0662, 0.00110256, 67.3508, 0.00426034, 51.3991, 0.00852946, -136.599
5045, 84.09167, 1.34464, 91.7944, 2.73866, 129.121, 9.4491, -23.0932, 0.0011002, 67.334, 0.00426644, 51.3866, 0.00853015, -136.603
5046, 84.10000, 1.34155, 91.6497, 2.73588, 129.117, 9.43644, -23.1201, 0.00109786, 67.3173, 0.00427253, 51.3742, 0.00853084, -136.607
5047, 84.10833, 1.33848, 91.5054, 2.73312, 129.114, 9.4238, -23.147, 0.00109552, 67.3007, 0.00427861, 51.3617, 0.00853154, -136.611
5047, 84.11667, 1.33542, 91.3613, 2.73035, 129.11, 9.4112, -23.1738, 0.00109318, 67.2842, 0.00428469, 51.3492, 0.00853223, -136.614
5048, 84.12500, 1.33237, 91.2175, 2.72759, 129.107, 9.39863, -23.2005, 0.00109085, 67.2678, 0.00429075, 51.3366, 0.00853293, -136.618
5048, 84.13333, 1.32933, 91.0739, 2.72483, 129.104, 9.38609, -23.2272, 0.00108853, 67.2514, 0.0042968, 51.3241, 0.00853363, -136.622
5049, 84.14167, 1.32631, 90.9306, 2.72208, 129.101, 9.37358, -23.2538, 0.00108622, 67.2352, 0.00430284, 51.3115, 0.00853434, -136.626
5049, 84.15000, 1.3233, 90.7876, 2.71933, 129.097, 9.36109, -23.2803, 0.00108392, 67.219, 0.00430888, 51.2989, 0.00853504, -136.629
5050, 84.15833, 1.3203, 90.6448, 2.71659, 129.094, 9.34864, -23.3068, 0.00108162, 67.203, 0.00431491, 51.2863, 0.00853575, -136.633
5050, 84.16666, 1.31732, 90.5023, 2.71385, 129.091, 9.33622, -23.3332, 0.00107933, 67.187, 0.00432092, 51.2737, 0.00853646, -136.637
5051, 84.17500, 1.31434, 90.36, 2.71111, 129.088, 9.32383, -23.3595, 0.00107704, 67.1711, 0.00432693, 51.2611, 0.00853717, -136.641
5051, 84.18333, 1.31138, 90.218, 2.70838, 129.085, 9.31147, -23.3858, 0.00107476, 67.1553, 0.00433293, 51.2484, 0.00853789, -136.644
5052, 84.19167, 1.30843, 90.0762, 2.70565, 129.082, 9.29913, -23.412, 0.00107249, 67.1396, 0.00433892, 51.2357, 0.0085386, -136.648
5052, 84.20000, 1.3055, 89.9348, 2.70292, 129.079, 9.28683, -23.4381, 0.00107023, 67.124, 0.0043449, 51.223, 0.00853932, -136.652
5053, 84.20834, 1.30257, 89.7935, 2.7002, 129.076, 9.27455, -23.4642, 0.00106797, 67.1085, 0.00435087, 51.2103, 0.00854005, -136.655
5053, 84.21667, 1.29966, 89.6526, 2.69748, 129.073, 9.2623, -23.4901, 0.00106572, 67.093, 0.00435684, 51.1975, 0.00854077, -136.659
5053, 84.22500, 1.29676, 89.5118, 2.69477, 129.07, 9.25009, -23.5161, 0.00106348, 67.0777, 0.00436279, 51.1848, 0.00854149, -136.662
5054, 84.23333, 1.29387, 89.3714, 2.69206, 129.068, 9.2379, -23.5419, 0.00106124, 67.0624, 0.00436874, 51.172, 0.00854222, -136.666
5055, 84.24167, 1.29099, 89.2312, 2.68936, 129.065, 9.22574, -23.5677, 0.00105901, 67.0472, 0.00437467, 51.1592, 0.00854295, -136.669
5055, 84.25000, 1.28813, 89.0912, 2.68666, 129.062, 9.2136, -23.5935, 0.00105679, 67.0322, 0.0043806, 51.1464, 0.00854369, -136.673
5056, 84.25833, 1.28527, 88.9516, 2.68396, 129.059, 9.2015, -23.6191, 0.00105457, 67.0171, 0.00438652, 51.1336, 0.00854442, -136.677
5056, 84.26667, 1.28243, 88.8121, 2.68127, 129.057, 9.18943, -23.6447, 0.00105236, 67.0022, 0.00439244, 51.1208, 0.00854516, -136.68
5057, 84.27500, 1.2796, 88.6729, 2.67858, 129.054, 9.17738, -23.6703, 0.00105015, 66.9874, 0.00439834, 51.1079, 0.0085459, -136.684
5057, 84.28333, 1.27678, 88.534, 2.67589, 129.052, 9.16536, -23.6958, 0.00104796, 66.9726, 0.00440423, 51.0951, 0.00854664, -136.687
5058, 84.29166, 1.27397, 88.3953, 2.67321, 129.049, 9.15337, -23.7212, 0.00104576, 66.9579, 0.00441012, 51.0822, 0.00854738, -136.69
5058, 84.30000, 1.27118, 88.2569, 2.67053, 129.047, 9.14141, -23.7465, 0.00104358, 66.9433, 0.004416, 51.0693, 0.00854813, -136.694
5059, 84.30833, 1.26839, 88.1187, 2.66786, 129.044, 9.12947, -23.7718, 0.0010414, 66.9288, 0.00442187, 51.0564, 0.00854887, -136.697
5059, 84.31667, 1.26562, 87.9808, 2.66519, 129.042, 9.11756, -23.797, 0.00103923, 66.9144, 0.00442773, 51.0435, 0.00854962, -136.701
5060, 84.32500, 1.26285, 87.8431, 2.66252, 129.039, 9.10568, -23.8222, 0.00103707, 66.9001, 0.00443358, 51.0306, 0.00855037, -136.704
5060, 84.33334, 1.2601, 87.7057, 2.65986, 129.037, 9.09383, -23.8473, 0.00103491, 66.8858, 0.00443942, 51.0176, 0.00855113, -136.707
5061, 84.34167, 1.25736, 87.5686, 2.6572, 129.035, 9.082, -23.8723, 0.00103275, 66.8716, 0.00444526, 51.0047, 0.00855188, -136.711
5061, 84.35000, 1.25463, 87.4316, 2.65455, 129.032, 9.0702, -23.8973, 0.00103061, 66.8575, 0.00445109, 50.9917, 0.00855264, -136.714
5061, 84.35833, 1.25191, 87.295, 2.6519, 129.03, 9.05843, -23.9222, 0.00102847, 66.8435, 0.00445691, 50.9788, 0.0085534, -136.717
5062, 84.36667, 1.2492, 87.1586, 2.64925, 129.028, 9.04669, -23.9471, 0.00102633, 66.8295, 0.00446272, 50.9658, 0.00855416, -136.721
5063, 84.37500, 1.2465, 87.0224, 2.6466, 129.026, 9.03497, -23.9719, 0.00102421, 66.8157, 0.00446852, 50.9528, 0.00855493, -136.724
5063, 84.38333, 1.24381, 86.8865, 2.64396, 129.024, 9.02328, -23.9966, 0.00102208, 66.8019, 0.00447432, 50.9398, 0.0085557, -136.727
5064, 84.39167, 1.24114, 86.7508, 2.64133, 129.022, 9.01162, -24.0213, 0.00101997, 66.7882, 0.0044801, 50.9268, 0.00855646, -136.73
5064, 84.40000, 1.23847, 86.6154, 2.6387, 129.02, 8.99998, -24.0459, 0.00101786, 66.7745, 0.00448588, 50.9137, 0.00855723, -136.734
5065, 84.40833, 1.23582, 86.4802, 2.63607, 129.018, 8.98837, -24.0704, 0.00101576, 66.761, 0.00449165, 50.9007, 0.00855801, -136.737
5065, 84.41666, 1.23317, 86.3453, 2.63344, 129.016, 8.97678, -24.0949, 0.00101366, 66.7475, 0.00449742, 50.8877, 0.00855878, -136.74
5066, 84.42500, 1.23054, 86.2106, 2.63082, 129.014, 8.96522, -24.1194, 0.00101157, 66.7341, 0.00450317, 50.8746, 0.00855956, -136.743
5066, 84.43333, 1.22791, 86.0762, 2.6282, 129.012, 8.95369, -24.1437, 0.00100948, 66.7208, 0.00450892, 50.8616, 0.00856034, -136.746
5066, 84.44167, 1.2253, 85.942, 2.62559, 129.01, 8.94218, -24.168, 0.0010074, 66.7076, 0.00451466, 50.8485, 0.00856112, -136.75
5067, 84.45000, 1.22269, 85.808, 2.62298, 129.008, 8.9307, -24.1923, 0.00100533, 66.6944, 0.00452039, 50.8354, 0.0085619, -136.753
5068, 84.45834, 1.2201, 85.6743, 2.62037, 129.006, 8.91925, -24.2165, 0.00100326, 66.6813, 0.00452611, 50.8223, 0.00856268, -136.756
5068, 84.46667, 1.21752, 85.5408, 2.61777, 129.005, 8.90782, -24.2406, 0.0010012, 66.6683, 0.00453183, 50.8092, 0.00856347, -136.759
5069, 84.47500, 1.21494, 85.4076, 2.61517, 129.003, 8.89642, -24.2647, 0.000999145, 66.6553, 0.00453754, 50.7961, 0.00856426, -136.762
5069, 84.48333, 1.21238, 85.2747, 2.61257, 129.001, 8.88504, -24.2887, 0.000997096, 66.6425, 0.00454324, 50.783, 0.00856505, -136.765
5069, 84.49167, 1.20983, 85.1419, 2.60998, 129, 8.87368, -24.3127, 0.000995052, 66.6297, 0.00454893, 50.7699, 0.00856584, -136.768
5070, 84.50000, 1.20728, 85.0095, 2.60739, 128.998, 8.86236, -24.3366, 0.000993014, 66.6169, 0.00455462, 50.7568, 0.00856664, -136.771
5071, 84.50833, 1.20475, 84.8772, 2.60481, 128.997, 8.85106, -24.3605, 0.000990981, 66.6043, 0.00456029, 50.7437, 0.00856743, -136.774
5071, 84.51667, 1.20222, 84.7452, 2.60223, 128.995, 8.83978, -24.3843, 0.000988955, 66.5917, 0.00456596, 50.7306, 0.00856823, -136.777
5072, 84.52500, 1.19971, 84.6134, 2.59965, 128.994, 8.82853, -24.408, 0.000986934, 66.5792, 0.00457163, 50.7174, 0.00856903, -136.78
5072, 84.53333, 1.1972, 84.4819, 2.59708, 128.992, 8.8173, -24.4317, 0.000984919, 66.5668, 0.00457728, 50.7043, 0.00856983, -136.783
5073, 84.54166, 1.19471, 84.3506, 2.5945, 128.991, 8.8061, -24.4553, 0.000982909, 66.5544, 0.00458293, 50.6911, 0.00857064, -136.786
5073, 84.55000, 1.19222, 84.2196, 2.59194, 128.989, 8.79492, -24.4789, 0.000980905, 66.5421, 0.00458857, 50.678, 0.00857144, -136.789
5074, 84.55833, 1.18975, 84.0888, 2.58937, 128.988, 8.78377, -24.5024, 0.000978907, 66.5299, 0.0045942, 50.6648, 0.00857225, -136.792
5074, 84.56667, 1.18728, 83.9582, 2.58681, 128.987, 8.77264, -24.5258, 0.000976914, 66.5178, 0.00459983, 50.6517, 0.00857306, -136.795
5074, 84.57500, 1.18482, 83.8279, 2.58426, 128.985, 8.76154, -24.5492, 0.000974927, 66.5057, 0.00460544, 50.6385, 0.00857387, -136.798
5075, 84.58334, 1.18237, 83.6979, 2.5817, 128.984, 8.75046, -24.5726, 0.000972946, 66.4937, 0.00461105, 50.6253, 0.00857469, -136.801
5076, 84.59167, 1.17994, 83.568, 2.57915, 128.983, 8.7394, -24.5959, 0.000970969, 66.4818, 0.00461666, 50.6121, 0.0085755, -136.804
5076, 84.60000, 1.17751, 83.4384, 2.57661, 128.982, 8.72837, -24.6191, 0.000968999, 66.4699, 0.00462225, 50.599, 0.00857632, -136.807
5077, 84.60833, 1.17509, 83.309, 2.57407, 128.981, 8.71736, -24.6423, 0.000967034, 66.4581, 0.00462784, 50.5858, 0.00857714, -136.809
5077, 84.61667, 1.17267, 83.1799, 2.57153, 128.979, 8.70638, -24.6654, 0.000965074, 66.4464, 0.00463342, 50.5726, 0.00857796, -136.812
5078, 84.62500, 1.17027, 83.051, 2.56899, 128.978, 8.69542, -24.6885, 0.00096312, 66.4347, 0.00463899, 50.5594, 0.00857878, -136.815
5078, 84.63333, 1.16788, 82.9223, 2.56646, 128.977, 8.68449, -24.7115, 0.000961171, 66.4231, 0.00464456, 50.5462, 0.00857961, -136.818
5079, 84.64167, 1.1655, 82.7939, 2.56393, 128.976, 8.67357, -24.7345, 0.000959227, 66.4116, 0.00465012, 50.533, 0.00858043, -136.821
5079, 84.65000, 1.16312, 82.6657, 2.5614, 128.975, 8.66269, -24.7574, 0.000957289, 66.4002, 0.00465567, 50.5198, 0.00858126, -136.824
5080, 84.65833, 1.16075, 82.5378, 2.55888, 128.974, 8.65182, -24.7803, 0.000955356, 66.3888, 0.00466122, 50.5066, 0.00858209, -136.826
5080, 84.66666, 1.1584, 82.41, 2.55636, 128.974, 8.64098, -24.8031, 0.000953429, 66.3775, 0.00466676, 50.4934, 0.00858292, -136.829
5081, 84.67500, 1.15605, 82.2825, 2.55385, 128.973, 8.63016, -24.8258, 0.000951506, 66.3662, 0.00467229, 50.4802, 0.00858376, -136.832
5081, 84.68333, 1.15371, 82.1553, 2.55134, 128.972, 8.61937, -24.8485, 0.000949589, 66.355, 0.00467781, 50.467, 0.00858459, -136.835
5082, 84.69167, 1.15138, 82.0283, 2.54883, 128.971, 8.6086, -24.8712, 0.000947677, 66.3439, 0.00468333, 50.4538, 0.00858543, -136.837
5082, 84.70000, 1.14906, 81.9015, 2.54632, 128.97, 8.59785, -24.8938, 0.000945771, 66.3329, 0.00468884, 50.4406, 0.00858627, -136.84
5082, 84.70834, 1.14674, 81.7749, 2.54382, 128.969, 8.58713, -24.9163, 0.000943869, 66.3219, 0.00469434, 50.4274, 0.00858711, -136.843
5083, 84.71667, 1.14444, 81.6486, 2.54132, 128.969, 8.57642, -24.9388, 0.000941973, 66.311, 0.00469984, 50.4142, 0.00858796, -136.846
5084, 84.72500, 1.14214, 81.5225, 2.53883, 128.968, 8.56574, -24.9613, 0.000940082, 66.3001, 0.00470533, 50.401, 0.0085888, -136.848
5084, 84.73333, 1.13985, 81.3966, 2.53633, 128.967, 8.55509, -24.9837, 0.000938196, 66.2893, 0.00471081, 50.3878, 0.00858965, -136.851
5085, 84.74167, 1.13757, 81.271, 2.53384, 128.967, 8.54445, -25.006, 0.000936315, 66.2786, 0.00471629, 50.3745, 0.0085905, -136.854
5085, 84.75000, 1.1353, 81.1456, 2.53136, 128.966, 8.53384, -25.0283, 0.000934439, 66.268, 0.00472176, 50.3613, 0.00859135, -136.856
5086, 84.75833, 1.13304, 81.0204, 2.52888, 128.966, 8.52325, -25.0505, 0.000932568, 66.2574, 0.00472722, 50.3481, 0.0085922, -136.859
5086, 84.76667, 1.13078, 80.8955, 2.5264, 128.965, 8.51269, -25.0727, 0.000930702, 66.2468, 0.00473268, 50.3349, 0.00859305, -136.862
5087, 84.77500, 1.12853, 80.7708, 2.52392, 128.965, 8.50214, -25.0948, 0.000928841, 66.2364, 0.00473813, 50.3217, 0.00859391, -136.864
5087, 84.78333, 1.1263, 80.6463, 2.52145, 128.964, 8.49162, -25.1169, 0.000926986, 66.226, 0.00474357, 50.3085, 0.00859476, -136.867
5088, 84.79166, 1.12407, 80.522, 2.51898, 128.964, 8.48112, -25.139, 0.000925135, 66.2156, 0.004749, 50.2952, 0.00859562, -136.869
5088, 84.80000, 1.12184, 80.398, 2.51652, 128.963, 8.47064, -25.1609, 0.000923289, 66.2054, 0.00475443, 50.282, 0.00859648, -136.872
5089, 84.80833, 1.11963, 80.2742, 2.51405, 128.963, 8.46019, -25.1829, 0.000921448, 66.1951, 0.00475986, 50.2688, 0.00859735, -136.875
5089, 84.81667, 1.11742, 80.1506, 2.51159, 128.963, 8.44976, -25.2048, 0.000919611, 66.185, 0.00476527, 50.2556, 0.00859821, -136.877
5090, 84.82500, 1.11523, 80.0273, 2.50914, 128.962, 8.43934, -25.2266, 0.00091778, 66.1749, 0.00477068, 50.2424, 0.00859908, -136.88
5090, 84.83334, 1.11304, 79.9042, 2.50668, 128.962, 8.42896, -25.2484, 0.000915954, 66.1649, 0.00477608, 50.2292, 0.00859994, -136.882
5090, 84.84167, 1.11085, 79.7813, 2.50423, 128.962, 8.41859, -25.2701, 0.000914132, 66.1549, 0.00478148, 50.216, 0.00860081, -136.885
5091, 84.85000, 1.10868, 79.6586, 2.50179, 128.962, 8.40824, -25.2918, 0.000912315, 66.145, 0.00478687, 50.2028, 0.00860168, -136.887
5092, 84.85833, 1.10651, 79.5361, 2.49934, 128.961, 8.39792, -25.3135, 0.000910503, 66.1352, 0.00479225, 50.1895, 0.00860256, -136.89
5092, 84.86667, 1.10435, 79.4139, 2.4969, 128.961, 8.38761, -25.3351, 0.000908696, 66.1254, 0.00479763, 50.1763, 0.00860343, -136.892
5093, 84.87500, 1.1022, 79.2919, 2.49447, 128.961, 8.37733, -25.3566, 0.000906894, 66.1157, 0.004803, 50.1631, 0.00860431, -136.895
5093, 84.88333, 1.10006, 79.1702, 2.49203, 128.961, 8.36707, -25.3781, 0.000905096, 66.106, 0.00480837, 50.1499, 0.00860518, -136.897
5094, 84.89167, 1.09792, 79.0486, 2.4896, 128.961, 8.35683, -25.3995, 0.000903303, 66.0964, 0.00481373, 50.1367, 0.00860606, -136.9
5094, 84.90000, 1.09579, 78.9273, 2.48717, 128.961, 8.34661, -25.4209, 0.000901515, 66.0869, 0.00481908, 50.1235, 0.00860695, -136.902
5095, 84.90833, 1.09367, 78.8062, 2.48475, 128.961, 8.33641, -25.4423, 0.000899731, 66.0774, 0.00482442, 50.1103, 0.00860783, -136.905
5095, 84.91666, 1.09156, 78.6853, 2.48233, 128.961, 8.32624, -25.4636, 0.000897952, 66.0679, 0.00482976, 50.0971, 0.00860871, -136.907
5096, 84.92500, 1.08945, 78.5646, 2.47991, 128.961, 8.31608, -25.4849, 0.000896177, 66.0586, 0.0048351, 50.0839, 0.0086096, -136.91
5096, 84.93333, 1.08736, 78.4442, 2.47749, 128.961, 8.30595, -25.5061, 0.000894408, 66.0493, 0.00484042, 50.0707, 0.00861049, -136.912
5097, 84.94167, 1.08527, 78.324, 2.47508, 128.961, 8.29583, -25.5272, 0.000892642, 66.04, 0.00484575, 50.0576, 0.00861137, -136.915
5097, 84.95000, 1.08318, 78.204, 2.47267, 128.962, 8.28574, -25.5484, 0.000890882, 66.0308, 0.00485106, 50.0444, 0.00861226, -136.917
5098, 84.95834, 1.08111, 78.0842, 2.47027, 128.962, 8.27567, -25.5694, 0.000889126, 66.0217, 0.00485637, 50.0312, 0.00861316, -136.919
5098, 84.96667, 1.07904, 77.9646, 2.46786, 128.962, 8.26561, -25.5905, 0.000887374, 66.0126, 0.00486167, 50.018, 0.00861405, -136.922
5098, 84.97500, 1.07698, 77.8453, 2.46546, 128.962, 8.25558, -25.6114, 0.000885627, 66.0036, 0.00486697, 50.0048, 0.00861495, -136.924
5099, 84.98333, 1.07492, 77.7262, 2.46307, 128.962, 8.24557, -25.6324, 0.000883884, 65.9947, 0.00487226, 49.9917, 0.00861584, -136.926
5100, 84.99167, 1.07287, 77.6073, 2.46067, 128.963, 8.23558, -25.6532, 0.000882146, 65.9858, 0.00487754, 49.9785, 0.00861674, -136.929
5100, 85.00000, 1.07083, 77.4886, 2.45828, 128.963, 8.22561, -25.6741, 0.000880413, 65.9769, 0.00488282, 49.9653, 0.00861764, -136.931
5101, 85.00833, 1.0688, 77.3702, 2.45589, 128.963, 8.21566, -25.6949, 0.000878683, 65.9681, 0.0048881, 49.9521, 0.00861855, -136.934
5101, 85.01667, 1.06677, 77.2519, 2.45351, 128.964, 8.20573, -25.7156, 0.000876958, 65.9594, 0.00489336, 49.939, 0.00861945, -136.936
5102, 85.02500, 1.06475, 77.1339, 2.45112, 128.964, 8.19582, -25.7363, 0.000875238, 65.9508, 0.00489862, 49.9258, 0.00862036, -136.938
5102, 85.03333, 1.06274, 77.0161, 2.44875, 128.965, 8.18593, -25.757, 0.000873522, 65.9421, 0.00490388, 49.9127, 0.00862126, -136.94
5103, 85.04166, 1.06074, 76.8985, 2.44637, 128.965, 8.17606, -25.7776, 0.00087181, 65.9336, 0.00490913, 49.8995, 0.00862217, -136.943
5103, 85.05000, 1.05874, 76.7811, 2.444, 128.966, 8.16621, -25.7982, 0.000870103, 65.9251, 0.00491437, 49.8864, 0.00862308, -136.945
5104, 85.05833, 1.05675, 76.6639, 2.44163, 128.966, 8.15637, -25.8187, 0.0008684, 65.9166, 0.00491961, 49.8732, 0.00862399, -136.947
5104, 85.06667, 1.05476, 76.547, 2.43926, 128.967, 8.14656, -25.8392, 0.000866701, 65.9082, 0.00492484, 49.8601, 0.0086249, -136.95
5105, 85.07500, 1.05279, 76.4303, 2.43689, 128.967, 8.13677, -25.8596, 0.000865007, 65.8999, 0.00493007, 49.847, 0.00862582, -136.952
5105, 85.08334, 1.05081, 76.3137, 2.43453, 128.968, 8.127, -25.88, 0.000863317, 65.8916, 0.00493529, 49.8338, 0.00862674, -136.954
5106, 85.09167, 1.04885, 76.1974, 2.43217, 128.969, 8.11724, -25.9004, 0.000861631, 65.8834, 0.0049405, 49.8207, 0.00862765, -136.956
5106, 85.10000, 1.04689, 76.0813, 2.42982, 128.969, 8.10751, -25.9207, 0.000859949, 65.8752, 0.00494571, 49.8076, 0.00862857, -136.959
5106, 85.10833, 1.04494, 75.9655, 2.42747, 128.97, 8.0978, -25.9409, 0.000858272, 65.8671, 0.00495092, 49.7945, 0.00862949, -136.961
5107, 85.11667, 1.043, 75.8498, 2.42512, 128.971, 8.0881, -25.9611, 0.000856598, 65.859, 0.00495611, 49.7814, 0.00863042, -136.963
5108, 85.12500, 1.04106, 75.7343, 2.42277, 128.971, 8.07843, -25.9813, 0.000854929, 65.851, 0.00496131, 49.7682, 0.00863134, -136.965
5108, 85.13333, 1.03913, 75.6191, 2.42043, 128.972, 8.06877, -26.0014, 0.000853265, 65.8431, 0.00496649, 49.7551, 0.00863227, -136.968
5109, 85.14167, 1.0372, 75.5041, 2.41808, 128.973, 8.05913, -26.0215, 0.000851604, 65.8352, 0.00497167, 49.742, 0.00863319, -136.97
5109, 85.15000, 1.03528, 75.3893, 2.41575, 128.974, 8.04951, -26.0416, 0.000849947, 65.8273, 0.00497685, 49.729, 0.00863412, -136.972
5110, 85.15833, 1.03337, 75.2747, 2.41341, 128.975, 8.03992, -26.0616, 0.000848295, 65.8195, 0.00498202, 49.7159, 0.00863505, -136.974
5110, 85.16666, 1.03147, 75.1603, 2.41108, 128.976, 8.03033, -26.0815, 0.000846646, 65.8118, 0.00498718, 49.7028, 0.00863598, -136.976
5111, 85.17500, 1.02957, 75.0461, 2.40875, 128.976, 8.02077, -26.1014, 0.000845002, 65.8041, 0.00499234, 49.6897, 0.00863691, -136.978
5111, 85.18333, 1.02768, 74.9321, 2.40642, 128.977, 8.01123, -26.1213, 0.000843361, 65.7964, 0.0049975, 49.6766, 0.00863785, -136.981
5112, 85.19167, 1.02579, 74.8183, 2.4041, 128.978, 8.0017, -26.1411, 0.000841725, 65.7889, 0.00500265, 49.6636, 0.00863878, -136.983
5112, 85.20000, 1.02391, 74.7048, 2.40177, 128.979, 7.9922, -26.1609, 0.000840093, 65.7813, 0.00500779, 49.6505, 0.00863972, -136.985
5113, 85.20834, 1.02204, 74.5914, 2.39946, 128.98, 7.98271, -26.1807, 0.000838465, 65.7738, 0.00501293, 49.6374, 0.00864066, -136.987
5113, 85.21667, 1.02017, 74.4783, 2.39714, 128.981, 7.97324, -26.2004, 0.00083684, 65.7664, 0.00501806, 49.6244, 0.0086416, -136.989
5114, 85.22500, 1.01831, 74.3654, 2.39483, 128.983, 7.96379, -26.22, 0.00083522, 65.759, 0.00502319, 49.6113, 0.00864254, -136.991
5114, 85.23333, 1.01645, 74.2527, 2.39252, 128.984, 7.95436, -26.2396, 0.000833604, 65.7517, 0.00502831, 49.5983, 0.00864349, -136.993
5114, 85.24167, 1.0146, 74.1401, 2.39021, 128.985, 7.94495, -26.2592, 0.000831991, 65.7444, 0.00503342, 49.5853, 0.00864443, -136.996
5115, 85.25000, 1.01276, 74.0278, 2.3879, 128.986, 7.93555, -26.2788, 0.000830383, 65.7372, 0.00503853, 49.5722, 0.00864538, -136.998
5116, 85.25833, 1.01092, 73.9157, 2.3856, 128.987, 7.92617, -26.2983, 0.000828779, 65.73, 0.00504364, 49.5592, 0.00864632, -137
5116, 85.26667, 1.00909, 73.8038, 2.3833, 128.988, 7.91681, -26.3177, 0.000827178, 65.7229, 0.00504874, 49.5462, 0.00864727, -137.002
5117, 85.27500, 1.00726, 73.6921, 2.38101, 128.99, 7.90747, -26.3371, 0.000825581, 65.7159, 0.00505384, 49.5332, 0.00864822, -137.004
5117, 85.28333, 1.00545, 73.5807, 2.37871, 128.991, 7.89815, -26.3565, 0.000823989, 65.7088, 0.00505893, 49.5202, 0.00864917, -137.006
5118, 85.29166, 1.00363, 73.4694, 2.37642, 128.992, 7.88884, -26.3758, 0.000822399, 65.7019, 0.00506401, 49.5072, 0.00865013, -137.008
5118, 85.30000, 1.00182, 73.3583, 2.37413, 128.993, 7.87955, -26.3951, 0.000820814, 65.6949, 0.00506909, 49.4942, 0.00865108, -137.01
5119, 85.30833, 1.00002, 73.2474, 2.37185, 128.995, 7.87029, -26.4144, 0.000819233, 65.6881, 0.00507417, 49.4812, 0.00865204, -137.012
5119, 85.31667, 0.998228, 73.1368, 2.36956, 128.996, 7.86103, -26.4336, 0.000817655, 65.6813, 0.00507924, 49.4682, 0.008653, -137.014
5120, 85.32500, 0.996438, 73.0263, 2.36728, 128.998, 7.8518, -26.4528, 0.000816082, 65.6745, 0.0050843, 49.4552, 0.00865395, -137.016
5120, 85.33334, 0.994654, 72.916, 2.36501, 128.999, 7.84258, -26.4719, 0.000814512, 65.6678, 0.00508936, 49.4423, 0.00865491, -137.018
5121, 85.34167, 0.992875, 72.806, 2.36273, 129, 7.83338, -26.491, 0.000812945, 65.6611, 0.00509442, 49.4293, 0.00865588, -137.02
5121, 85.35000, 0.991103, 72.6961, 2.36046, 129.002, 7.8242, -26.51, 0.000811383, 65.6545, 0.00509947, 49.4163, 0.00865684, -137.022
5122, 85.35833, 0.989336, 72.5865, 2.35819, 129.003, 7.81503, -26.529, 0.000809824, 65.6479, 0.00510451, 49.4034, 0.0086578, -137.024
5122, 85.36667, 0.987574, 72.477, 2.35592, 129.005, 7.80589, -26.548, 0.000808269, 65.6414, 0.00510955, 49.3904, 0.00865877, -137.026
5122, 85.37500, 0.985819, 72.3678, 2.35366, 129.007, 7.79676, -26.5669, 0.000806717, 65.6349, 0.00511459, 49.3775, 0.00865974, -137.028
5123, 85.38333, 0.984068, 72.2587, 2.35139, 129.008, 7.78765, -26.5858, 0.00080517, 65.6285, 0.00511962, 49.3646, 0.0086607, -137.03
5124, 85.39167, 0.982324, 72.1499, 2.34914, 129.01, 7.77855, -26.6047, 0.000803626, 65.6221, 0.00512464, 49.3517, 0.00866168, -137.032
5124, 85.40000, 0.980585, 72.0412, 2.34688, 129.011, 7.76947, -26.6235, 0.000802085, 65.6158, 0.00512966, 49.3387, 0.00866265, -137.034
5125, 85.40833, 0.978851, 71.9328, 2.34462, 129.013, 7.76041, -26.6423, 0.000800549, 65.6095, 0.00513468, 49.3258, 0.00866362, -137.036
5125, 85.41666, 0.977123, 71.8245, 2.34237, 129.015, 7.75136, -26.661, 0.000799015, 65.6033, 0.00513969, 49.3129, 0.00866459, -137.038
5126, 85.42500, 0.975401, 71.7165, 2.34012, 129.016, 7.74234, -26.6797, 0.000797486, 65.5971, 0.0051447, 49.3, 0.00866557, -137.04
5126, 85.43333, 0.973683, 71.6086, 2.33788, 129.018, 7.73333, -26.6984, 0.00079596, 65.5909, 0.0051497, 49.2871, 0.00866655, -137.042
5127, 85.44167, 0.971972, 71.501, 2.33563, 129.02, 7.72433, -26.717, 0.000794438, 65.5848, 0.00515469, 49.2742, 0.00866752, -137.044
5127, 85.45000, 0.970265, 71.3935, 2.33339, 129.022, 7.71536, -26.7356, 0.000792919, 65.5788, 0.00515969, 49.2614, 0.0086685, -137.046
5128, 85.45834, 0.968564, 71.2863, 2.33115, 129.023, 7.7064, -26.7541, 0.000791404, 65.5728, 0.00516467, 49.2485, 0.00866948, -137.048
5128, 85.46667, 0.966868, 71.1792, 2.32892, 129.025, 7.69745, -26.7727, 0.000789892, 65.5669, 0.00516966, 49.2356, 0.00867047, -137.05
5129, 85.47500, 0.965178, 71.0723, 2.32668, 129.027, 7.68853, -26.7911, 0.000788384, 65.561, 0.00517463, 49.2228, 0.00867145, -137.052
5129, 85.48333, 0.963493, 70.9657, 2.32445, 129.029, 7.67962, -26.8096, 0.000786879, 65.5551, 0.00517961, 49.2099, 0.00867243, -137.054
5130, 85.49167, 0.961812, 70.8592, 2.32222, 129.031, 7.67072, -26.828, 0.000785378, 65.5493, 0.00518457, 49.1971, 0.00867342, -137.055
5130, 85.50000, 0.960138, 70.7529, 2.32, 129.033, 7.66185, -26.8463, 0.00078388, 65.5435, 0.00518954, 49.1842, 0.00867441, -137.057
5130, 85.50833, 0.958468, 70.6468, 2.31777, 129.035, 7.65298, -26.8646, 0.000782386, 65.5378, 0.0051945, 49.1714, 0.00867539, -137.059
5131, 85.51667, 0.956804, 70.541, 2.31555, 129.037, 7.64414, -26.8829, 0.000780895, 65.5322, 0.00519945, 49.1586, 0.00867638, -137.061
5132, 85.52500, 0.955144, 70.4353, 2.31333, 129.039, 7.63531, -26.9012, 0.000779408, 65.5265, 0.0052044, 49.1458, 0.00867738, -137.063
5132, 85.53333, 0.95349, 70.3298, 2.31112, 129.041, 7.6265, -26.9194, 0.000777924, 65.521, 0.00520935, 49.133, 0.00867837, -137.065
5133, 85.54166, 0.951841, 70.2245, 2.3089, 129.043, 7.6177, -26.9376, 0.000776443, 65.5154, 0.00521429, 49.1202, 0.00867936, -137.067
5133, 85.55000, 0.950197, 70.1194, 2.30669, 129.045, 7.60892, -26.9557, 0.000774966, 65.5099, 0.00521923, 49.1074, 0.00868036, -137.069
5134, 85.55833, 0.948558, 70.0145, 2.30448, 129.047, 7.60016, -26.9738, 0.000773492, 65.5045, 0.00522416, 49.0946, 0.00868135, -137.07
5134, 85.56667, 0.946923, 69.9097, 2.30228, 129.049, 7.59141, -26.9919, 0.000772022, 65.4991, 0.00522909, 49.0818, 0.00868235, -137.072
5135, 85.57500, 0.945294, 69.8052, 2.30007, 129.051, 7.58268, -27.0099, 0.000770555, 65.4938, 0.00523401, 49.0691, 0.00868335, -137.074
5135, 85.58334, 0.94367, 69.7009, 2.29787, 129.053, 7.57397, -27.0279, 0.000769091, 65.4885, 0.00523893, 49.0563, 0.00868435, -137.076
5136, 85.59167, 0.942051, 69.5967, 2.29567, 129.056, 7.56526, -27.0458, 0.000767631, 65.4832, 0.00524385, 49.0435, 0.00868535, -137.078
5136, 85.60000, 0.940436, 69.4928, 2.29348, 129.058, 7.55658, -27.0637, 0.000766174, 65.478, 0.00524876, 49.0308, 0.00868636, -137.08
5137, 85.60833, 0.938827, 69.389, 2.29128, 129.06, 7.54791, -27.0816, 0.00076472, 65.4728, 0.00525366, 49.018, 0.00868736, -137.081
5137, 85.61667, 0.937222, 69.2854, 2.28909, 129.062, 7.53926, -27.0995, 0.00076327, 65.4677, 0.00525856, 49.0053, 0.00868837, -137.083
5138, 85.62500, 0.935622, 69.182, 2.2869, 129.065, 7.53062, -27.1173, 0.000761822, 65.4626, 0.00526346, 48.9926, 0.00868937, -137.085
5138, 85.63333, 0.934027, 69.0788, 2.28472, 129.067, 7.522, -27.1351, 0.000760379, 65.4576, 0.00526835, 48.9799, 0.00869038, -137.087
5138, 85.64167, 0.932437, 68.9758, 2.28253, 129.069, 7.51339, -27.1528, 0.000758938, 65.4526, 0.00527324, 48.9672, 0.00869139, -137.089
5139, 85.65000, 0.930851, 68.873, 2.28035, 129.072, 7.5048, -27.1705, 0.000757501, 65.4477, 0.00527813, 48.9545, 0.0086924, -137.09
5140, 85.65833, 0.929271, 68.7704, 2.27817, 129.074, 7.49623, -27.1882, 0.000756066, 65.4428, 0.00528301, 48.9418, 0.00869341, -137.092
5140, 85.66666, 0.927694, 68.668, 2.27599, 129.076, 7.48767, -27.2058, 0.000754635, 65.4379, 0.00528789, 48.9291, 0.00869442, -137.094
5141, 85.67500, 0.926123, 68.5657, 2.27382, 129.079, 7.47913, -27.2234, 0.000753208, 65.4331, 0.00529276, 48.9164, 0.00869544, -137.096
5141, 85.68333, 0.924556, 68.4637, 2.27164, 129.081, 7.4706, -27.241, 0.000751783, 65.4283, 0.00529763, 48.9037, 0.00869645, -137.098
5142, 85.69167, 0.922994, 68.3618, 2.26947, 129.084, 7.46208, -27.2585, 0.000750362, 65.4236, 0.00530249, 48.8911, 0.00869747, -137.099
5142, 85.70000, 0.921436, 68.2601, 2.2673, 129.086, 7.45359, -27.276, 0.000748943, 65.4189, 0.00530735, 48.8784, 0.00869849, -137.101
5143, 85.70834, 0.919883, 68.1586, 2.26514, 129.089, 7.4451, -27.2934, 0.000747528, 65.4143, 0.00531221, 48.8657, 0.00869951, -137.103
5143, 85.71667, 0.918335, 68.0573, 2.26297, 129.091, 7.43663, -27.3109, 0.000746116, 65.4097, 0.00531706, 48.8531, 0.00870053, -137.105
5144, 85.72500, 0.916791, 67.9561, 2.26081, 129.094, 7.42818, -27.3283, 0.000744708, 65.4051, 0.00532191, 48.8405, 0.00870155, -137.106
5144, 85.73333, 0.915252, 67.8552, 2.25865, 129.097, 7.41974, -27.3456, 0.000743302, 65.4006, 0.00532675, 48.8278, 0.00870257, -137.108
5145, 85.74167, 0.913717, 67.7544, 2.2565, 129.099, 7.41132, -27.3629, 0.000741899, 65.3962, 0.00533159, 48.8152, 0.00870359, -137.11
5145, 85.75000, 0.912186, 67.6539, 2.25434, 129.102, 7.40291, -27.3802, 0.0007405, 65.3917, 0.00533642, 48.8026, 0.00870462, -137.112
5146, 85.75833, 0.91066, 67.5535, 2.25219, 129.104, 7.39452, -27.3975, 0.000739103, 65.3874, 0.00534126, 48.79, 0.00870564, -137.113
5146, 85.76667, 0.909139, 67.4533, 2.25004, 129.107, 7.38614, -27.4147, 0.00073771, 65.383, 0.00534608, 48.7774, 0.00870667, -137.115
5146, 85.77500, 0.907622, 67.3533, 2.24789, 129.11, 7.37777, -27.4319, 0.00073632, 65.3787, 0.00535091, 48.7648, 0.0087077, -137.117
5147, 85.78333, 0.906109, 67.2534, 2.24575, 129.113, 7.36943, -27.449, 0.000734932, 65.3745, 0.00535573, 48.7523, 0.00870873, -137.119
5148, 85.79166, 0.9046, 67.1538, 2.24361, 129.115, 7.36109, -27.4661, 0.000733548, 65.3703, 0.00536054, 48.7397, 0.00870976, -137.12
5148, 85.80000, 0.903096, 67.0543, 2.24147, 129.118, 7.35277, -27.4832, 0.000732167, 65.3661, 0.00536536, 48.7271, 0.00871079, -137.122
5149, 85.80833, 0.901597, 66.955, 2.23933, 129.121, 7.34447, -27.5003, 0.000730789, 65.362, 0.00537016, 48.7146, 0.00871183, -137.124
5149, 85.81667, 0.900101, 66.8559, 2.23719, 129.124, 7.33617, -27.5173, 0.000729413, 65.3579, 0.00537497, 48.702, 0.00871286, -137.125
5150, 85.82500, 0.89861, 66.757, 2.23506, 129.127, 7.3279, -27.5343, 0.000728041, 65.3539, 0.00537977, 48.6895, 0.0087139, -137.127
5150, 85.83334, 0.897123, 66.6583, 2.23292, 129.129, 7.31964, -27.5512, 0.000726672, 65.3499, 0.00538456, 48.6769, 0.00871493, -137.129
5151, 85.84167, 0.89564, 66.5597, 2.23079, 129.132, 7.31139, -27.5682, 0.000725306, 65.3459, 0.00538936, 48.6644, 0.00871597, -137.13
5151, 85.85000, 0.894162, 66.4613, 2.22867, 129.135, 7.30316, -27.585, 0.000723942, 65.342, 0.00539415, 48.6519, 0.00871701, -137.132
5152, 85.85833, 0.892687, 66.3631, 2.22654, 129.138, 7.29494, -27.6019, 0.000722582, 65.3381, 0.00539893, 48.6394, 0.00871805, -137.134
5152, 85.86667, 0.891217, 66.2651, 2.22442, 129.141, 7.28673, -27.6187, 0.000721224, 65.3343, 0.00540371, 48.6269, 0.00871909, -137.135
5153, 85.87500, 0.889751, 66.1673, 2.2223, 129.144, 7.27854, -27.6355, 0.00071987, 65.3305, 0.00540849, 48.6144, 0.00872014, -137.137
5153, 85.88333, 0.888289, 66.0696, 2.22018, 129.147, 7.27037, -27.6523, 0.000718518, 65.3268, 0.00541327, 48.6019, 0.00872118, -137.139
5154, 85.89167, 0.886831, 65.9721, 2.21806, 129.15, 7.2622, -27.669, 0.000717169, 65.3231, 0.00541804, 48.5894, 0.00872223, -137.14
5154, 85.90000, 0.885378, 65.8748, 2.21595, 129.153, 7.25406, -27.6857, 0.000715824, 65.3194, 0.0054228, 48.577, 0.00872327, -137.142
5154, 85.90833, 0.883928, 65.7777, 2.21384, 129.156, 7.24592, -27.7023, 0.000714481, 65.3158, 0.00542757, 48.5645, 0.00872432, -137.144
5155, 85.91666, 0.882482, 65.6807, 2.21173, 129.159, 7.2378, -27.719, 0.00071314, 65.3122, 0.00543233, 48.5521, 0.00872537, -137.145
5156, 85.92500, 0.881041, 65.584, 2.20962, 129.163, 7.2297, -27.7355, 0.000711803, 65.3087, 0.00543708, 48.5396, 0.00872642, -137.147
5156, 85.93333, 0.879603, 65.4874, 2.20751, 129.166, 7.2216, -27.7521, 0.000710469, 65.3052, 0.00544183, 48.5272, 0.00872747, -137.149
5157, 85.94167, 0.87817, 65.391, 2.20541, 129.169, 7.21353, -27.7686, 0.000709137, 65.3017, 0.00544658, 48.5148, 0.00872852, -137.15
5157, 85.95000, 0.87674, 65.2947, 2.20331, 129.172, 7.20546, -27.7851, 0.000707808, 65.2983, 0.00545133, 48.5023, 0.00872957, -137.152
5158, 85.95834, 0.875315, 65.1987, 2.20121, 129.175, 7.19741, -27.8016, 0.000706483, 65.2949, 0.00545607, 48.4899, 0.00873063, -137.153
5158, 85.96667, 0.873893, 65.1028, 2.19911, 129.178, 7.18937, -27.818, 0.000705159, 65.2916, 0.00546081, 48.4775, 0.00873168, -137.155
5159, 85.97500, 0.872475, 65.0071, 2.19701, 129.182, 7.18135, -27.8344, 0.000703839, 65.2883, 0.00546554, 48.4651, 0.00873274, -137.157
5159, 85.98333, 0.871061, 64.9115, 2.19492, 129.185, 7.17334, -27.8508, 0.000702521, 65.285, 0.00547027, 48.4527, 0.00873379, -137.158
5160, 85.99167, 0.869651, 64.8162, 2.19283, 129.188, 7.16534, -27.8672, 0.000701206, 65.2818, 0.005475, 48.4403, 0.00873485, -137.16
5160, 86.00000, 0.868245, 64.721, 2.19074, 129.192, 7.15736, -27.8835, 0.000699894, 65.2786, 0.00547973, 48.428, 0.00873591, -137.162
5161, 86.00833, 0.866842, 64.626, 2.18865, 129.195, 7.14939, -27.8997, 0.000698585, 65.2755, 0.00548445, 48.4156, 0.00873697, -137.163
5161, 86.01667, 0.865444, 64.5311, 2.18657, 129.198, 7.14144, -27.916, 0.000697278, 65.2724, 0.00548916, 48.4033, 0.00873804, -137.165
5162, 86.02500, 0.864049, 64.4365, 2.18449, 129.202, 7.1335, -27.9322, 0.000695974, 65.2694, 0.00549388, 48.3909, 0.0087391, -137.166
5162, 86.03333, 0.862658, 64.342, 2.18241, 129.205, 7.12557, -27.9484, 0.000694673, 65.2663, 0.00549859, 48.3786, 0.00874016, -137.168
5162, 86.04166, 0.86127, 64.2477, 2.18033, 129.208, 7.11765, -27.9645, 0.000693375, 65.2634, 0.00550329, 48.3662, 0.00874123, -137.169
5163, 86.05000, 0.859887, 64.1535, 2.17825, 129.212, 7.10975, -27.9807, 0.000692079, 65.2604, 0.005508, 48.3539, 0.00874229, -137.171
5164, 86.05833, 0.858507, 64.0595, 2.17618, 129.215, 7.10186, -27.9968, 0.000690786, 65.2575, 0.0055127, 48.3416, 0.00874336, -137.173
5164, 86.06667, 0.857131, 63.9657, 2.1741, 129.219, 7.09398, -28.0128, 0.000689495, 65.2547, 0.0055174, 48.3293, 0.00874443, -137.174
5165, 86.07500, 0.855758, 63.8721, 2.17203, 129.222, 7.08612, -28.0289, 0.000688208, 65.2519, 0.00552209, 48.317, 0.0087455, -137.176
5165, 86.08334, 0.85439, 63.7786, 2.16996, 129.226, 7.07827, -28.0449, 0.000686923, 65.2491, 0.00552678, 48.3047, 0.00874657, -137.177
5166, 86.09167, 0.853025, 63.6853, 2.1679, 129.23, 7.07044, -28.0608, 0.00068564, 65.2463, 0.00553147, 48.2924, 0.00874764, -137.179
5166, 86.10000, 0.851663, 63.5922, 2.16583, 129.233, 7.06261, -28.0768, 0.00068436, 65.2437, 0.00553615, 48.2801, 0.00874871, -137.18
5167, 86.10833, 0.850305, 63.4993, 2.16377, 129.237, 7.0548, -28.0927, 0.000683083, 65.241, 0.00554083, 48.2679, 0.00874979, -137.182
5167, 86.11667, 0.848951, 63.4065, 2.16171, 129.24, 7.04701, -28.1086, 0.000681808, 65.2384, 0.00554551, 48.2556, 0.00875086, -137.184
5168, 86.12500, 0.8476, 63.3139, 2.15965, 129.244, 7.03922, -28.1244, 0.000680536, 65.2358, 0.00555018, 48.2434, 0.00875194, -137.185
5168, 86.13333, 0.846253, 63.2215, 2.15759, 129.248, 7.03145, -28.1402, 0.000679267, 65.2333, 0.00555486, 48.2311, 0.00875301, -137.187
5169, 86.14167, 0.844909, 63.1292, 2.15554, 129.251, 7.02369, -28.156, 0.000678, 65.2308, 0.00555952, 48.2189, 0.00875409, -137.188
5169, 86.15000, 0.843569, 63.0371, 2.15349, 129.255, 7.01595, -28.1718, 0.000676736, 65.2283, 0.00556419, 48.2066, 0.00875517, -137.19
5170, 86.15833, 0.842233, 62.9451, 2.15143, 129.259, 7.00821, -28.1875, 0.000675474, 65.2259, 0.00556885, 48.1944, 0.00875625, -137.191
5170, 86.16666, 0.8409, 62.8534, 2.14939, 129.262, 7.00049, -28.2032, 0.000674215, 65.2235, 0.00557351, 48.1822, 0.00875733, -137.193
5170, 86.17500, 0.83957, 62.7618, 2.14734, 129.266, 6.99279, -28.2189, 0.000672959, 65.2211, 0.00557816, 48.17, 0.00875842, -137.194
5171, 86.18333, 0.838244, 62.6703, 2.14529, 129.27, 6.98509, -28.2346, 0.000671705, 65.2188, 0.00558282, 48.1578, 0.0087595, -137.196
5172, 86.19167, 0.836921, 62.5791, 2.14325, 129.274, 6.97741, -28.2502, 0.000670453, 65.2166, 0.00558747, 48.1456, 0.00876058, -137.197
5172, 86.20000, 0.835602, 62.488, 2.14121, 129.278, 6.96974, -28.2658, 0.000669204, 65.2143, 0.00559211, 48.1334, 0.00876167, -137.199
5173, 86.20834, 0.834286, 62.397, 2.13917, 129.282, 6.96208, -28.2813, 0.000667958, 65.2121, 0.00559676, 48.1213, 0.00876275, -137.2
5173, 86.21667, 0.832973, 62.3063, 2.13713, 129.285, 6.95444, -28.2968, 0.000666714, 65.21, 0.0056014, 48.1091, 0.00876384, -137.202
5174, 86.22500, 0.831664, 62.2157, 2.1351, 129.289, 6.94681, -28.3123, 0.000665472, 65.2079, 0.00560603, 48.0969, 0.00876493, -137.203
5174, 86.23333, 0.830358, 62.1252, 2.13306, 129.293, 6.93919, -28.3278, 0.000664233, 65.2058, 0.00561067, 48.0848, 0.00876602, -137.205
5175, 86.24167, 0.829056, 62.0349, 2.13103, 129.297, 6.93158, -28.3433, 0.000662997, 65.2038, 0.0056153, 48.0727, 0.00876711, -137.206
5175, 86.25000, 0.827757, 61.9448, 2.129, 129.301, 6.92398, -28.3587, 0.000661763, 65.2018, 0.00561993, 48.0605, 0.0087682, -137.208
5176, 86.25833, 0.826461, 61.8549, 2.12698, 129.305, 6.9164, -28.3741, 0.000660531, 65.1998, 0.00562455, 48.0484, 0.0087693, -137.209
5176, 86.26667, 0.825168, 61.7651, 2.12495, 129.309, 6.90883, -28.3894, 0.000659302, 65.1979, 0.00562917, 48.0363, 0.00877039, -137.211
5177, 86.27500, 0.823879, 61.6755, 2.12293, 129.313, 6.90127, -28.4047, 0.000658075, 65.196, 0.00563379, 48.0242, 0.00877148, -137.212
5177, 86.28333, 0.822593, 61.586, 2.1209, 129.317, 6.89373, -28.42, 0.000656851, 65.1942, 0.00563841, 48.0121, 0.00877258, -137.214
5178, 86.29166, 0.821311, 61.4967, 2.11888, 129.321, 6.88619, -28.4353, 0.000655629, 65.1923, 0.00564302, 48, 0.00877368, -137.215
5178, 86.30000, 0.820031, 61.4076, 2.11686, 129.325, 6.87867, -28.4506, 0.00065441, 65.1906, 0.00564763, 47.9879, 0.00877477, -137.217
5178, 86.30833, 0.818755, 61.3186, 2.11485, 129.33, 6.87116, -28.4658, 0.000653193, 65.1888, 0.00565224, 47.9758, 0.00877587, -137.218
5179, 86.31667, 0.817482, 61.2298, 2.11283, 129.334, 6.86366, -28.481, 0.000651978, 65.1871, 0.00565685, 47.9637, 0.00877697, -137.22
5180, 86.32500, 0.816212, 61.1412, 2.11082, 129.338, 6.85618, -28.4961, 0.000650765, 65.1855, 0.00566145, 47.9517, 0.00877807, -137.221
5180, 86.33334, 0.814945, 61.0527, 2.10881, 129.342, 6.84871, -28.5113, 0.000649556, 65.1839, 0.00566605, 47.9396, 0.00877917, -137.223
5181, 86.34167, 0.813681, 60.9644, 2.1068, 129.346, 6.84124, -28.5264, 0.000648348, 65.1823, 0.00567065, 47.9276, 0.00878028, -137.224
5181, 86.35000, 0.812421, 60.8762, 2.10479, 129.35, 6.83379, -28.5414, 0.000647143, 65.1807, 0.00567524, 47.9155, 0.00878138, -137.226
5182, 86.35833, 0.811164, 60.7882, 2.10279, 129.355, 6.82636, -28.5565, 0.00064594, 65.1792, 0.00567983, 47.9035, 0.00878249, -137.227
5182, 86.36667, 0.809909, 60.7004, 2.10078, 129.359, 6.81893, -28.5715, 0.000644739, 65.1778, 0.00568442, 47.8915, 0.00878359, -137.229
5183, 86.37500, 0.808658, 60.6127, 2.09878, 129.363, 6.81152, -28.5865, 0.000643541, 65.1763, 0.005689, 47.8795, 0.0087847, -137.23
5183, 86.38333, 0.80741, 60.5252, 2.09678, 129.368, 6.80411, -28.6015, 0.000642346, 65.1749, 0.00569359, 47.8675, 0.00878581, -137.231
5184, 86.39167, 0.806165, 60.4378, 2.09478, 129.372, 6.79672, -28.6164, 0.000641152, 65.1736, 0.00569817, 47.8555, 0.00878691, -137.233
5184, 86.40000, 0.804923, 60.3506, 2.09278, 129.376, 6.78935, -28.6313, 0.000639961, 65.1723, 0.00570275, 47.8435, 0.00878803, -137.234
5185, 86.40833, 0.803685, 60.2635, 2.09079, 129.381, 6.78198, -28.6462, 0.000638772, 65.171, 0.00570732, 47.8315, 0.00878914, -137.236
5185, 86.41666, 0.802449, 60.1766, 2.08879, 129.385, 6.77462, -28.6611, 0.000637585, 65.1698, 0.00571189, 47.8195, 0.00879025, -137.237
5186, 86.42500, 0.801216, 60.0899, 2.0868, 129.389, 6.76728, -28.6759, 0.000636401, 65.1685, 0.00571646, 47.8075, 0.00879136, -137.239
5186, 86.43333, 0.799986, 60.0033, 2.08481, 129.394, 6.75995, -28.6907, 0.000635219, 65.1674, 0.00572103, 47.7956, 0.00879247, -137.24
5186, 86.44167, 0.798759, 59.9169, 2.08283, 129.398, 6.75262, -28.7055, 0.000634039, 65.1663, 0.00572559, 47.7836, 0.00879359, -137.241
5187, 86.45000, 0.797535, 59.8307, 2.08084, 129.403, 6.74532, -28.7202, 0.000632861, 65.1652, 0.00573016, 47.7717, 0.0087947, -137.243
5188, 86.45834, 0.796314, 59.7446, 2.07886, 129.407, 6.73802, -28.7349, 0.000631686, 65.1641, 0.00573471, 47.7597, 0.00879582, -137.244
5188, 86.46667, 0.795096, 59.6586, 2.07687, 129.412, 6.73073, -28.7496, 0.000630513, 65.1631, 0.00573927, 47.7478, 0.00879694, -137.246
5189, 86.47500, 0.793881, 59.5728, 2.07489, 129.416, 6.72346, -28.7643, 0.000629342, 65.1621, 0.00574383, 47.7359, 0.00879806, -137.247
5189, 86.48333, 0.792669, 59.4872, 2.07291, 129.421, 6.71619, -28.7789, 0.000628173, 65.1611, 0.00574838, 47.7239, 0.00879918, -137.249
5190, 86.49167, 0.791459, 59.4017, 2.07093, 129.425, 6.70894, -28.7936, 0.000627007, 65.1602, 0.00575293, 47.712, 0.0088003, -137.25
5190, 86.50000, 0.790253, 59.3164, 2.06896, 129.43, 6.7017, -28.8082, 0.000625843, 65.1594, 0.00575747, 47.7001, 0.00880142, -137.251
5191, 86.50833, 0.789049, 59.2312, 2.06698, 129.435, 6.69447, -28.8227, 0.000624681, 65.1585, 0.00576202, 47.6882, 0.00880254, -137.253
5191, 86.51667, 0.787848, 59.1462, 2.06501, 129.439, 6.68725, -28.8373, 0.000623521, 65.1577, 0.00576656, 47.6764, 0.00880366, -137.254
5191, 86.52500, 0.786651, 59.0613, 2.06304, 129.444, 6.68004, -28.8518, 0.000622363, 65.157, 0.0057711, 47.6645, 0.00880479, -137.256
5192, 86.53333, 0.785456, 58.9766, 2.06107, 129.449, 6.67285, -28.8663, 0.000621208, 65.1563, 0.00577563, 47.6526, 0.00880591, -137.257
5193, 86.54166, 0.784263, 58.892, 2.0591, 129.453, 6.66566, -28.8807, 0.000620055, 65.1556, 0.00578017, 47.6407, 0.00880704, -137.258
5193, 86.55000, 0.783074, 58.8076, 2.05714, 129.458, 6.65849, -28.8951, 0.000618904, 65.1549, 0.0057847, 47.6289, 0.00880817, -137.26
5194, 86.55833, 0.781887, 58.7234, 2.05517, 129.463, 6.65133, -28.9096, 0.000617755, 65.1543, 0.00578923, 47.617, 0.00880929, -137.261
5194, 86.56667, 0.780703, 58.6393, 2.05321, 129.468, 6.64417, -28.9239, 0.000616608, 65.1537, 0.00579376, 47.6052, 0.00881042, -137.263
5194, 86.57500, 0.779522, 58.5553, 2.05125, 129.472, 6.63703, -28.9383, 0.000615463, 65.1532, 0.00579828, 47.5934, 0.00881155, -137.264
5195, 86.58334, 0.778344, 58.4715, 2.04929, 129.477, 6.6299, -28.9526, 0.000614321, 65.1527, 0.0058028, 47.5815, 0.00881268, -137.265
5196, 86.59167, 0.777168, 58.3879, 2.04733, 129.482, 6.62278, -28.9669, 0.00061318, 65.1522, 0.00580732, 47.5697, 0.00881382, -137.267
5196, 86.60000, 0.775995, 58.3044, 2.04538, 129.487, 6.61567, -28.9812, 0.000612042, 65.1518, 0.00581184, 47.5579, 0.00881495, -137.268
5197, 86.60833, 0.774825, 58.221, 2.04342, 129.492, 6.60858, -28.9955, 0.000610906, 65.1514, 0.00581636, 47.5461, 0.00881608, -137.269
5197, 86.61667, 0.773657, 58.1378, 2.04147, 129.497, 6.60149, -29.0097, 0.000609771, 65.151, 0.00582087, 47.5343, 0.00881722, -137.271
5198, 86.62500, 0.772493, 58.0548, 2.03952, 129.502, 6.59442, -29.0239, 0.00060864, 65.1507, 0.00582538, 47.5225, 0.00881835, -137.272
5198, 86.63333, 0.77133, 57.9719, 2.03757, 129.506, 6.58735, -29.0381, 0.00060751, 65.1504, 0.00582989, 47.5107, 0.00881949, -137.274
5199, 86.64167, 0.770171, 57.8891, 2.03562, 129.511, 6.5803, -29.0522, 0.000606382, 65.1502, 0.00583439, 47.4989, 0.00882063, -137.275
5199, 86.65000, 0.769014, 57.8065, 2.03368, 129.516, 6.57325, -29.0664, 0.000605256, 65.15, 0.0058389, 47.4872, 0.00882176, -137.276
5199, 86.65833, 0.76786, 57.7241, 2.03173, 129.521, 6.56622, -29.0805, 0.000604132, 65.1498, 0.0058434, 47.4754, 0.0088229, -137.278
5200, 86.66666, 0.766708, 57.6418, 2.02979, 129.526, 6.5592, -29.0945, 0.000603011, 65.1497, 0.0058479, 47.4637, 0.00882404, -137.279
5201, 86.67500, 0.765559, 57.5596, 2.02785, 129.531, 6.55219, -29.1086, 0.000601891, 65.1496, 0.0058524, 47.4519, 0.00882519, -137.28
5201, 86.68333, 0.764413, 57.4776, 2.02591, 129.537, 6.54519, -29.1226, 0.000600773, 65.1495, 0.00585689, 47.4402, 0.00882633, -137.282
5202, 86.69167, 0.763269, 57.3958, 2.02397, 129.542, 6.53819, -29.1366, 0.000599658, 65.1495, 0.00586138, 47.4284, 0.00882747, -137.283
5202, 86.70000, 0.762127, 57.3141, 2.02203, 129.547, 6.53122, -29.1506, 0.000598544, 65.1495, 0.00586587, 47.4167, 0.00882861, -137.284
5203, 86.70834, 0.760989, 57.2325, 2.0201, 129.552, 6.52425, -29.1646, 0.000597433, 65.1495, 0.00587036, 47.405, 0.00882976, -137.286
5203, 86.71667, 0.759853, 57.1511, 2.01816, 129.557, 6.51729, -29.1785, 0.000596323, 65.1496, 0.00587485, 47.3933, 0.00883091, -137.287
5204, 86.72500, 0.758719, 57.0698, 2.01623, 129.562, 6.51034, -29.1924, 0.000595216, 65.1497, 0.00587933, 47.3816, 0.00883205, -137.289
5204, 86.73333, 0.757588, 56.9887, 2.0143, 129.567, 6.5034, -29.2063, 0.00059411, 65.1499, 0.00588381, 47.3699, 0.0088332, -137.29
5205, 86.74167, 0.756459, 56.9077, 2.01237, 129.573, 6.49647, -29.2201, 0.000593007, 65.1501, 0.00588829, 47.3582, 0.00883435, -137.291
5205, 86.75000, 0.755333, 56.8269, 2.01045, 129.578, 6.48956, -29.234, 0.000591905, 65.1503, 0.00589277, 47.3465, 0.0088355, -137.293
5206, 86.75833, 0.75421, 56.7462, 2.00852, 129.583, 6.48265, -29.2478, 0.000590806, 65.1506, 0.00589725, 47.3348, 0.00883665, -137.294
5206, 86.76667, 0.753088, 56.6656, 2.0066, 129.588, 6.47575, -29.2615, 0.000589708, 65.1509, 0.00590172, 47.3232, 0.0088378, -137.295
5207, 86.77500, 0.75197, 56.5852, 2.00467, 129.594, 6.46886, -29.2753, 0.000588613, 65.1512, 0.00590619, 47.3115, 0.00883895, -137.297
5207, 86.78333, 0.750854, 56.505, 2.00275, 129.599, 6.46199, -29.289, 0.000587519, 65.1516, 0.00591066, 47.2998, 0.0088401, -137.298
5207, 86.79166, 0.74974, 56.4249, 2.00083, 129.604, 6.45512, -29.3027, 0.000586427, 65.152, 0.00591513, 47.2882, 0.00884126, -137.299
5208, 86.80000, 0.748628, 56.3449, 1.99891, 129.61, 6.44827, -29.3164, 0.000585338, 65.1524, 0.0059196, 47.2765, 0.00884241, -137.301
5209, 86.80833, 0.74752, 56.2651, 1.997, 129.615, 6.44142, -29.3301, 0.00058425, 65.1529, 0.00592406, 47.2649, 0.00884357, -137.302
5209, 86.81667, 0.746413, 56.1854, 1.99508, 129.62, 6.43459, -29.3437, 0.000583164, 65.1534, 0.00592852, 47.2533, 0.00884472, -137.303
5210, 86.82500, 0.745309, 56.1059, 1.99317, 129.626, 6.42776, -29.3574, 0.00058208, 65.154, 0.00593298, 47.2417, 0.00884588, -137.305
5210, 86.83334, 0.744207, 56.0265, 1.99126, 129.631, 6.42094, -29.3709, 0.000580998, 65.1546, 0.00593744, 47.23, 0.00884704, -137.306
5211, 86.84167, 0.743108, 55.9472, 1.98935, 129.637, 6.41414, -29.3845, 0.000579918, 65.1552, 0.0059419, 47.2184, 0.0088482, -137.307
5211, 86.85000, 0.742011, 55.8681, 1.98744, 129.642, 6.40734, -29.3981, 0.00057884, 65.1559, 0.00594635, 47.2068, 0.00884936, -137.309
5212, 86.85833, 0.740916, 55.7892, 1.98553, 129.648, 6.40056, -29.4116, 0.000577763, 65.1566, 0.0059508, 47.1952, 0.00885052, -137.31
5212, 86.86667, 0.739824, 55.7103, 1.98362, 129.653, 6.39378, -29.4251, 0.000576689, 65.1573, 0.00595525, 47.1836, 0.00885168, -137.311
5213, 86.87500, 0.738734, 55.6316, 1.98172, 129.659, 6.38702, -29.4386, 0.000575616, 65.1581, 0.0059597, 47.1721, 0.00885285, -137.312
5213, 86.88333, 0.737646, 55.5531, 1.97981, 129.664, 6.38026, -29.452, 0.000574545, 65.1589, 0.00596415, 47.1605, 0.00885401, -137.314
5214, 86.89167, 0.736561, 55.4747, 1.97791, 129.67, 6.37351, -29.4654, 0.000573477, 65.1597, 0.00596859, 47.1489, 0.00885517, -137.315
5214, 86.90000, 0.735478, 55.3964, 1.97601, 129.675, 6.36678, -29.4788, 0.00057241, 65.1606, 0.00597303, 47.1374, 0.00885634, -137.316
5215, 86.90833, 0.734397, 55.3183, 1.97411, 129.681, 6.36005, -29.4922, 0.000571345, 65.1615, 0.00597747, 47.1258, 0.00885751, -137.318
5215, 86.91666, 0.733319, 55.2403, 1.97222, 129.687, 6.35334, -29.5056, 0.000570281, 65.1625, 0.00598191, 47.1143, 0.00885867, -137.319
5215, 86.92500, 0.732242, 55.1625, 1.97032, 129.692, 6.34663, -29.5189, 0.00056922, 65.1634, 0.00598635, 47.1027, 0.00885984, -137.32
5216, 86.93333, 0.731169, 55.0848, 1.96842, 129.698, 6.33993, -29.5322, 0.00056816, 65.1645, 0.00599079, 47.0912, 0.00886101, -137.322
5217, 86.94167, 0.730097, 55.0072, 1.96653, 129.704, 6.33324, -29.5455, 0.000567102, 65.1655, 0.00599522, 47.0797, 0.00886218, -137.323
5217, 86.95000, 0.729027, 54.9298, 1.96464, 129.71, 6.32657, -29.5588, 0.000566046, 65.1666, 0.00599965, 47.0681, 0.00886335, -137.324
5218, 86.95834, 0.72796, 54.8525, 1.96275, 129.715, 6.3199, -29.572, 0.000564992, 65.1677, 0.00600408, 47.0566, 0.00886452, -137.325
5218, 86.96667, 0.726895, 54.7753, 1.96086, 129.721, 6.31324, -29.5852, 0.00056394, 65.1689, 0.00600851, 47.0451, 0.0088657, -137.327
5219, 86.97500, 0.725832, 54.6983, 1.95897, 129.727, 6.30659, -29.5984, 0.00056289, 65.1701, 0.00601294, 47.0336, 0.00886687, -137.328
5219, 86.98333, 0.724772, 54.6214, 1.95709, 129.733, 6.29995, -29.6116, 0.000561841, 65.1714, 0.00601736, 47.0221, 0.00886804, -137.329
5220, 86.99167, 0.723713, 54.5447, 1.9552, 129.739, 6.29332, -29.6248, 0.000560794, 65.1726, 0.00602178, 47.0106, 0.00886922, -137.331
5220, 87.00000, 0.722657, 54.4681, 1.95332, 129.744, 6.2867, -29.6379, 0.000559749, 65.174, 0.0060262, 46.9991, 0.00887039, -137.332
5221, 87.00833, 0.721603, 54.3916, 1.95144, 129.75, 6.28009, -29.651, 0.000558705, 65.1753, 0.00603062, 46.9877, 0.00887157, -137.333
5221, 87.01667, 0.720551, 54.3153, 1.94955, 129.756, 6.27349, -29.6641, 0.000557664, 65.1767, 0.00603504, 46.9762, 0.00887275, -137.334
5222, 87.02500, 0.719501, 54.2391, 1.94768, 129.762, 6.2669, -29.6772, 0.000556624, 65.1781, 0.00603946, 46.9647, 0.00887393, -137.336
5222, 87.03333, 0.718453, 54.163, 1.9458, 129.768, 6.26031, -29.6902, 0.000555586, 65.1796, 0.00604387, 46.9533, 0.00887511, -137.337
5223, 87.04166, 0.717408, 54.0871, 1.94392, 129.774, 6.25374, -29.7032, 0.00055455, 65.1811, 0.00604829, 46.9418, 0.00887629, -137.338
5223, 87.05000, 0.716364, 54.0113, 1.94205, 129.78, 6.24718, -29.7162, 0.000553515, 65.1826, 0.0060527, 46.9304, 0.00887747, -137.34
5223, 87.05833, 0.715323, 53.9356, 1.94017, 129.786, 6.24062, -29.7292, 0.000552482, 65.1842, 0.00605711, 46.9189, 0.00887865, -137.341
5224, 87.06667, 0.714284, 53.8601, 1.9383, 129.792, 6.23408, -29.7421, 0.000551451, 65.1858, 0.00606152, 46.9075, 0.00887983, -137.342
5225, 87.07500, 0.713247, 53.7847, 1.93643, 129.798, 6.22754, -29.7551, 0.000550422, 65.1874, 0.00606592, 46.8961, 0.00888102, -137.343
5225, 87.08334, 0.712212, 53.7095, 1.93456, 129.804, 6.22101, -29.768, 0.000549394, 65.1891, 0.00607033, 46.8846, 0.0088822, -137.345
5226, 87.09167, 0.711179, 53.6343, 1.93269, 129.81, 6.2145, -29.7809, 0.000548368, 65.1908, 0.00607473, 46.8732, 0.00888339, -137.346
5226, 87.10000, 0.710148, 53.5593, 1.93082, 129.817, 6.20799, -29.7937, 0.000547344, 65.1925, 0.00607913, 46.8618, 0.00888457, -137.347
5227, 87.10833, 0.709119, 53.4845, 1.92896, 129.823, 6.20149, -29.8066, 0.000546322, 65.1943, 0.00608353, 46.8504, 0.00888576, -137.348
5227, 87.11667, 0.708092, 53.4098, 1.92709, 129.829, 6.195, -29.8194, 0.000545301, 65.1961, 0.00608793, 46.839, 0.00888695, -137.35
5228, 87.12500, 0.707067, 53.3352, 1.92523, 129.835, 6.18852, -29.8322, 0.000544282, 65.198, 0.00609233, 46.8276, 0.00888814, -137.351
5228, 87.13333, 0.706044, 53.2607, 1.92337, 129.841, 6.18204, -29.845, 0.000543264, 65.1999, 0.00609673, 46.8162, 0.00888932, -137.352
5229, 87.14167, 0.705024, 53.1864, 1.92151, 129.847, 6.17558, -29.8577, 0.000542249, 65.2018, 0.00610112, 46.8048, 0.00889052, -137.353
5229, 87.15000, 0.704005, 53.1122, 1.91965, 129.854, 6.16913, -29.8705, 0.000541235, 65.2038, 0.00610551, 46.7935, 0.00889171, -137.355
5230, 87.15833, 0.702988, 53.0381, 1.91779, 129.86, 6.16268, -29.8832, 0.000540222, 65.2058, 0.00610991, 46.7821, 0.0088929, -137.356
5230, 87.16666, 0.701973, 52.9642, 1.91593, 129.866, 6.15625, -29.8959, 0.000539211, 65.2078, 0.0061143, 46.7707, 0.00889409, -137.357
5231, 87.17500, 0.70096, 52.8904, 1.91408, 129.873, 6.14982, -29.9086, 0.000538202, 65.2099, 0.00611868, 46.7594, 0.00889529, -137.359
5231, 87.18333, 0.699949, 52.8167, 1.91222, 129.879, 6.1434, -29.9212, 0.000537195, 65.212, 0.00612307, 46.748, 0.00889648, -137.36
5231, 87.19167, 0.69894, 52.7432, 1.91037, 129.885, 6.13699, -29.9338, 0.000536189, 65.2142, 0.00612746, 46.7367, 0.00889768, -137.361
5232, 87.20000, 0.697933, 52.6698, 1.90852, 129.892, 6.13059, -29.9464, 0.000535185, 65.2163, 0.00613184, 46.7254, 0.00889887, -137.362
5233, 87.20834, 0.696928, 52.5965, 1.90667, 129.898, 6.1242, -29.959, 0.000534183, 65.2186, 0.00613622, 46.714, 0.00890007, -137.363
5233, 87.21667, 0.695925, 52.5233, 1.90482, 129.905, 6.11782, -29.9716, 0.000533182, 65.2208, 0.00614061, 46.7027, 0.00890127, -137.365
5234, 87.22500, 0.694924, 52.4503, 1.90297, 129.911, 6.11144, -29.9841, 0.000532183, 65.2231, 0.00614499, 46.6914, 0.00890247, -137.366
5234, 87.23333, 0.693925, 52.3774, 1.90113, 129.917, 6.10508, -29.9967, 0.000531185, 65.2254, 0.00614937, 46.6801, 0.00890367, -137.367
5235, 87.24167, 0.692927, 52.3046, 1.89928, 129.924, 6.09872, -30.0092, 0.000530189, 65.2278, 0.00615374, 46.6687, 0.00890487, -137.368
5235, 87.25000, 0.691932, 52.232, 1.89744, 129.93, 6.09237, -30.0216, 0.000529195, 65.2302, 0.00615812, 46.6574, 0.00890607, -137.37
5236, 87.25833, 0.690938, 52.1595, 1.89559, 129.937, 6.08604, -30.0341, 0.000528202, 65.2327, 0.00616249, 46.6461, 0.00890727, -137.371
5236, 87.26667, 0.689947, 52.0871, 1.89375, 129.944, 6.07971, -30.0465, 0.000527211, 65.2351, 0.00616687, 46.6348, 0.00890847, -137.372
5237, 87.27500, 0.688957, 52.0149, 1.89191, 129.95, 6.07338, -30.059, 0.000526221, 65.2377, 0.00617124, 46.6236, 0.00890968, -137.373
5237, 87.28333, 0.687969, 51.9427, 1.89007, 129.957, 6.06707, -30.0714, 0.000525233, 65.2402, 0.00617561, 46.6123, 0.00891088, -137.375
5238, 87.29166, 0.686983, 51.8707, 1.88824, 129.963, 6.06077, -30.0837, 0.000524247, 65.2428, 0.00617998, 46.601, 0.00891209, -137.376
5238, 87.30000, 0.685998, 51.7989, 1.8864, 129.97, 6.05447, -30.0961, 0.000523262, 65.2454, 0.00618435, 46.5897, 0.00891329, -137.377
5239, 87.30833, 0.685016, 51.7271, 1.88456, 129.977, 6.04818, -30.1084, 0.000522279, 65.2481, 0.00618872, 46.5785, 0.0089145, -137.378
5239, 87.31667, 0.684035, 51.6555, 1.88273, 129.983, 6.0419, -30.1208, 0.000521297, 65.2508, 0.00619308, 46.5672, 0.00891571, -137.38
5239, 87.32500, 0.683056, 51.584, 1.8809, 129.99, 6.03563, -30.133, 0.000520317, 65.2535, 0.00619745, 46.5559, 0.00891692, -137.381
5240, 87.33334, 0.682079, 51.5126, 1.87906, 129.997, 6.02937, -30.1453, 0.000519338, 65.2563, 0.00620181, 46.5447, 0.00891813, -137.382
5241, 87.34167, 0.681104, 51.4414, 1.87723, 130.004, 6.02312, -30.1576, 0.000518361, 65.2591, 0.00620617, 46.5334, 0.00891934, -137.383
5241, 87.35000, 0.680131, 51.3703, 1.8754, 130.01, 6.01688, -30.1698, 0.000517386, 65.2619, 0.00621053, 46.5222, 0.00892055, -137.384
5242, 87.35833, 0.679159, 51.2993, 1.87358, 130.017, 6.01064, -30.182, 0.000516412, 65.2648, 0.00621489, 46.511, 0.00892176, -137.386
5242, 87.36667, 0.678189, 51.2284, 1.87175, 130.024, 6.00441, -30.1942, 0.000515439, 65.2677, 0.00621925, 46.4997, 0.00892297, -137.387
5243, 87.37500, 0.677221, 51.1577, 1.86992, 130.031, 5.99819, -30.2064, 0.000514468, 65.2707, 0.00622361, 46.4885, 0.00892419, -137.388
5243, 87.38333, 0.676255, 51.0871, 1.8681, 130.038, 5.99198, -30.2186, 0.000513499, 65.2737, 0.00622797, 46.4773, 0.0089254, -137.389
5244, 87.39167, 0.67529, 51.0165, 1.86628, 130.045, 5.98578, -30.2307, 0.000512531, 65.2767, 0.00623232, 46.4661, 0.00892662, -137.391
5244, 87.40000, 0.674327, 50.9462, 1.86445, 130.052, 5.97958, -30.2428, 0.000511565, 65.2798, 0.00623668, 46.4549, 0.00892783, -137.392
5245, 87.40833, 0.673366, 50.8759, 1.86263, 130.059, 5.9734, -30.2549, 0.0005106, 65.2829, 0.00624103, 46.4437, 0.00892905, -137.393
5245, 87.41666, 0.672407, 50.8058, 1.86081, 130.066, 5.96722, -30.267, 0.000509637, 65.286, 0.00624538, 46.4325, 0.00893027, -137.394
5246, 87.42500, 0.671449, 50.7358, 1.85899, 130.073, 5.96105, -30.279, 0.000508675, 65.2892, 0.00624973, 46.4213, 0.00893149, -137.395
5246, 87.43333, 0.670493, 50.6659, 1.85718, 130.08, 5.95489, -30.2911, 0.000507714, 65.2924, 0.00625408, 46.4101, 0.00893271, -137.397
5247, 87.44167, 0.669539, 50.5961, 1.85536, 130.087, 5.94873, -30.3031, 0.000506756, 65.2957, 0.00625843, 46.3989, 0.00893393, -137.398
5247, 87.45000, 0.668586, 50.5265, 1.85354, 130.094, 5.94259, -30.3151, 0.000505798, 65.299, 0.00626278, 46.3877, 0.00893515, -137.399
5247, 87.45834, 0.667636, 50.457, 1.85173, 130.101, 5.93645, -30.3271, 0.000504842, 65.3023, 0.00626713, 46.3766, 0.00893637, -137.4
5248, 87.46667, 0.666686, 50.3876, 1.84992, 130.108, 5.93032, -30.339, 0.000503888, 65.3057, 0.00627147, 46.3654, 0.00893759, -137.402
5249, 87.47500, 0.665739, 50.3183, 1.8481, 130.115, 5.9242, -30.351, 0.000502935, 65.3091, 0.00627582, 46.3542, 0.00893881, -137.403
5249, 87.48333, 0.664793, 50.2492, 1.84629, 130.122, 5.91809, -30.3629, 0.000501983, 65.3125, 0.00628016, 46.3431, 0.00894004, -137.404
5250, 87.49167, 0.663849, 50.1801, 1.84448, 130.129, 5.91199, -30.3748, 0.000501033, 65.316, 0.0062845, 46.3319, 0.00894126, -137.405
5250, 87.50000, 0.662906, 50.1112, 1.84267, 130.137, 5.90589, -30.3867, 0.000500085, 65.3195, 0.00628884, 46.3208, 0.00894249, -137.406
5251, 87.50833, 0.661965, 50.0424, 1.84087, 130.144, 5.8998, -30.3985, 0.000499138, 65.3231, 0.00629318, 46.3096, 0.00894372, -137.408
5251, 87.51667, 0.661026, 49.9738, 1.83906, 130.151, 5.89372, -30.4104, 0.000498192, 65.3267, 0.00629752, 46.2985, 0.00894494, -137.409
5252, 87.52500, 0.660089, 49.9052, 1.83726, 130.158, 5.88765, -30.4222, 0.000497248, 65.3303, 0.00630186, 46.2874, 0.00894617, -137.41
5252, 87.53333, 0.659153, 49.8368, 1.83545, 130.166, 5.88158, -30.434, 0.000496305, 65.334, 0.0063062, 46.2762, 0.0089474, -137.411
5253, 87.54166, 0.658218, 49.7685, 1.83365, 130.173, 5.87553, -30.4458, 0.000495363, 65.3377, 0.00631054, 46.2651, 0.00894863, -137.412
5253, 87.55000, 0.657285, 49.7003, 1.83185, 130.18, 5.86948, -30.4575, 0.000494423, 65.3414, 0.00631487, 46.254, 0.00894986, -137.414
5254, 87.55833, 0.656354, 49.6322, 1.83004, 130.188, 5.86344, -30.4693, 0.000493485, 65.3452, 0.00631921, 46.2429, 0.00895109, -137.415
5254, 87.56667, 0.655425, 49.5643, 1.82824, 130.195, 5.8574, -30.481, 0.000492547, 65.349, 0.00632354, 46.2318, 0.00895232, -137.416
5255, 87.57500, 0.654497, 49.4964, 1.82645, 130.202, 5.85138, -30.4927, 0.000491612, 65.3529, 0.00632787, 46.2206, 0.00895356, -137.417
5255, 87.58334, 0.65357, 49.4287, 1.82465, 130.21, 5.84536, -30.5044, 0.000490677, 65.3568, 0.00633221, 46.2095, 0.00895479, -137.418
5255, 87.59167, 0.652645, 49.3611, 1.82285, 130.217, 5.83935, -30.5161, 0.000489744, 65.3607, 0.00633654, 46.1984, 0.00895603, -137.42
5256, 87.60000, 0.651722, 49.2936, 1.82106, 130.225, 5.83335, -30.5277, 0.000488813, 65.3647, 0.00634087, 46.1874, 0.00895726, -137.421
5257, 87.60833, 0.6508, 49.2262, 1.81926, 130.232, 5.82736, -30.5394, 0.000487883, 65.3687, 0.0063452, 46.1763, 0.0089585, -137.422
5257, 87.61667, 0.64988, 49.159, 1.81747, 130.24, 5.82137, -30.551, 0.000486954, 65.3728, 0.00634953, 46.1652, 0.00895973, -137.423
5258, 87.62500, 0.648961, 49.0919, 1.81568, 130.247, 5.81539, -30.5626, 0.000486026, 65.3769, 0.00635386, 46.1541, 0.00896097, -137.424
5258, 87.63333, 0.648044, 49.0248, 1.81388, 130.255, 5.80942, -30.5741, 0.0004851, 65.381, 0.00635818, 46.143, 0.00896221, -137.425
5259, 87.64167, 0.647129, 48.9579, 1.81209, 130.263, 5.80346, -30.5857, 0.000484176, 65.3852, 0.00636251, 46.132, 0.00896345, -137.427
5259, 87.65000, 0.646215, 48.8911, 1.8103, 130.27, 5.7975, -30.5972, 0.000483252, 65.3894, 0.00636683, 46.1209, 0.00896469, -137.428
5260, 87.65833, 0.645302, 48.8245, 1.80852, 130.278, 5.79155, -30.6088, 0.00048233, 65.3936, 0.00637116, 46.1098, 0.00896593, -137.429
5260, 87.66666, 0.644391, 48.7579, 1.80673, 130.286, 5.78561, -30.6203, 0.00048141, 65.3979, 0.00637548, 46.0988, 0.00896717, -137.43
5261, 87.67500, 0.643481, 48.6915, 1.80494, 130.293, 5.77968, -30.6318, 0.000480491, 65.4022, 0.00637981, 46.0877, 0.00896841, -137.431
5261, 87.68333, 0.642573, 48.6252, 1.80316, 130.301, 5.77376, -30.6432, 0.000479573, 65.4066, 0.00638413, 46.0767, 0.00896966, -137.433
5262, 87.69167, 0.641667, 48.5589, 1.80137, 130.309, 5.76784, -30.6547, 0.000478656, 65.411, 0.00638845, 46.0656, 0.0089709, -137.434
5262, 87.70000, 0.640762, 48.4928, 1.79959, 130.316, 5.76193, -30.6661, 0.000477741, 65.4154, 0.00639277, 46.0546, 0.00897215, -137.435
5263, 87.70834, 0.639858, 48.4269, 1.79781, 130.324, 5.75603, -30.6775, 0.000476827, 65.4199, 0.00639709, 46.0435, 0.00897339, -137.436
5263, 87.71667, 0.638956, 48.361, 1.79603, 130.332, 5.75013, -30.6889, 0.000475914, 65.4244, 0.00640141, 46.0325, 0.00897464, -137.437
5263, 87.72500, 0.638055, 48.2952, 1.79425, 130.34, 5.74424, -30.7003, 0.000475003, 65.429, 0.00640573, 46.0215, 0.00897589, -137.438
5264, 87.73333, 0.637156, 48.2296, 1.79247, 130.348, 5.73836, -30.7116, 0.000474093, 65.4335, 0.00641005, 46.0105, 0.00897713, -137.44
5265, 87.74167, 0.636258, 48.1641, 1.79069, 130.356, 5.73249, -30.723, 0.000473184, 65.4382, 0.00641437, 45.9994, 0.00897838, -137.441
5265, 87.75000, 0.635362, 48.0987, 1.78891, 130.364, 5.72663, -30.7343, 0.000472277, 65.4429, 0.00641868, 45.9884, 0.00897963, -137.442
5266, 87.75833, 0.634467, 48.0334, 1.78714, 130.372, 5.72077, -30.7456, 0.000471371, 65.4476, 0.006423, 45.9774, 0.00898088, -137.443
5266, 87.76667, 0.633573, 47.9682, 1.78536, 130.38, 5.71492, -30.7569, 0.000470466, 65.4523, 0.00642732, 45.9664, 0.00898213, -137.444
5267, 87.77500, 0.632681, 47.9031, 1.78359, 130.388, 5.70908, -30.7682, 0.000469563, 65.4571, 0.00643163, 45.9554, 0.00898339, -137.445
5267, 87.78333, 0.63179, 47.8381, 1.78181, 130.396, 5.70324, -30.7794, 0.000468661, 65.4619, 0.00643595, 45.9444, 0.00898464, -137.447
5268, 87.79166, 0.630901, 47.7733, 1.78004, 130.404, 5.69741, -30.7906, 0.00046776, 65.4668, 0.00644026, 45.9334, 0.00898589, -137.448
5268, 87.80000, 0.630013, 47.7085, 1.77827, 130.412, 5.69159, -30.8018, 0.000466861, 65.4717, 0.00644457, 45.9224, 0.00898715, -137.449
5269, 87.80833, 0.629127, 47.6439, 1.7765, 130.42, 5.68578, -30.813, 0.000465962, 65.4767, 0.00644889, 45.9114, 0.0089884, -137.45
5269, 87.81667, 0.628242, 47.5794, 1.77473, 130.428, 5.67997, -30.8242, 0.000465065, 65.4817, 0.0064532, 45.9004, 0.00898966, -137.451
5270, 87.82500, 0.627358, 47.515, 1.77296, 130.436, 5.67417, -30.8354, 0.00046417, 65.4867, 0.00645751, 45.8894, 0.00899092, -137.453
5270, 87.83334, 0.626476, 47.4507, 1.77119, 130.444, 5.66838, -30.8465, 0.000463275, 65.4918, 0.00646182, 45.8785, 0.00899217, -137.454
5271, 87.84167, 0.625595, 47.3865, 1.76943, 130.453, 5.66259, -30.8577, 0.000462382, 65.4969, 0.00646613, 45.8675, 0.00899343, -137.455
5271, 87.85000, 0.624715, 47.3224, 1.76766, 130.461, 5.65682, -30.8688, 0.00046149, 65.502, 0.00647044, 45.8565, 0.00899469, -137.456
5271, 87.85833, 0.623837, 47.2585, 1.7659, 130.469, 5.65105, -30.8799, 0.000460599, 65.5072, 0.00647475, 45.8456, 0.00899595, -137.457
5272, 87.86667, 0.62296, 47.1946, 1.76413, 130.477, 5.64528, -30.8909, 0.00045971, 65.5125, 0.00647906, 45.8346, 0.00899721, -137.458
5273, 87.87500, 0.622084, 47.1309, 1.76237, 130.486, 5.63953, -30.902, 0.000458822, 65.5177, 0.00648337, 45.8236, 0.00899847, -137.46
5273, 87.88333, 0.62121, 47.0672, 1.76061, 130.494, 5.63378, -30.913, 0.000457935, 65.523, 0.00648767, 45.8127, 0.00899974, -137.461
5274, 87.89167, 0.620337, 47.0037, 1.75885, 130.502, 5.62803, -30.9241, 0.000457049, 65.5284, 0.00649198, 45.8017, 0.009001, -137.462
5274, 87.90000, 0.619466, 46.9403, 1.75709, 130.511, 5.6223, -30.9351, 0.000456164, 65.5338, 0.00649629, 45.7908, 0.00900226, -137.463
5275, 87.90833, 0.618595, 46.877, 1.75533, 130.519, 5.61657, -30.946, 0.000455281, 65.5392, 0.00650059, 45.7798, 0.00900353, -137.464
5275, 87.91666, 0.617726, 46.8138, 1.75357, 130.528, 5.61085, -30.957, 0.000454399, 65.5447, 0.0065049, 45.7689, 0.00900479, -137.465
5276, 87.92500, 0.616859, 46.7507, 1.75181, 130.536, 5.60514, -30.968, 0.000453518, 65.5502, 0.0065092, 45.7579, 0.00900606, -137.466
5276, 87.93333, 0.615992, 46.6877, 1.75006, 130.544, 5.59943, -30.9789, 0.000452639, 65.5558, 0.00651351, 45.747, 0.00900732, -137.468
5277, 87.94167, 0.615127, 46.6248, 1.7483, 130.553, 5.59373, -30.9898, 0.00045176, 65.5614, 0.00651781, 45.7361, 0.00900859, -137.469
5277, 87.95000, 0.614263, 46.562, 1.74655, 130.562, 5.58804, -31.0007, 0.000450883, 65.567, 0.00652212, 45.7251, 0.00900986, -137.47
5278, 87.95834, 0.613401, 46.4994, 1.74479, 130.57, 5.58235, -31.0116, 0.000450007, 65.5727, 0.00652642, 45.7142, 0.00901113, -137.471
5278, 87.96667, 0.61254, 46.4368, 1.74304, 130.579, 5.57667, -31.0225, 0.000449132, 65.5784, 0.00653073, 45.7033, 0.0090124, -137.472
5279, 87.97500, 0.61168, 46.3744, 1.74129, 130.587, 5.571, -31.0333, 0.000448259, 65.5842, 0.00653503, 45.6924, 0.00901367, -137.473
5279, 87.98333, 0.610821, 46.312, 1.73954, 130.596, 5.56533, -31.0442, 0.000447386, 65.59, 0.00653933, 45.6815, 0.00901494, -137.475
5279, 87.99167, 0.609964, 46.2498, 1.73779, 130.605, 5.55968, -31.055, 0.000446515, 65.5958, 0.00654363, 45.6705, 0.00901621, -137.476
5280, 88.00000, 0.609108, 46.1876, 1.73604, 130.613, 5.55402, -31.0658, 0.000445645, 65.6017, 0.00654793, 45.6596, 0.00901749, -137.477
5281, 88.00833, 0.608253, 46.1256, 1.73429, 130.622, 5.54838, -31.0766, 0.000444776, 65.6077, 0.00655224, 45.6487, 0.00901876, -137.478
5281, 88.01667, 0.607399, 46.0637, 1.73254, 130.631, 5.54274, -31.0873, 0.000443908, 65.6136, 0.00655654, 45.6378, 0.00902004, -137.479
5282, 88.02500, 0.606547, 46.0019, 1.7308, 130.64, 5.53711, -31.0981, 0.000443042, 65.6197, 0.00656084, 45.6269, 0.00902131, -137.48
5282, 88.03333, 0.605695, 45.9402, 1.72905, 130.648, 5.53149, -31.1088, 0.000442176, 65.6257, 0.00656514, 45.616, 0.00902259, -137.481
5283, 88.04166, 0.604845, 45.8786, 1.72731, 130.657, 5.52587, -31.1196, 0.000441312, 65.6318, 0.00656944, 45.6051, 0.00902386, -137.483
5283, 88.05000, 0.603997, 45.8171, 1.72556, 130.666, 5.52026, -31.1303, 0.000440449, 65.638, 0.00657374, 45.5942, 0.00902514, -137.484
5284, 88.05833, 0.603149, 45.7557, 1.72382, 130.675, 5.51465, -31.1409, 0.000439587, 65.6441, 0.00657804, 45.5834, 0.00902642, -137.485
5284, 88.06667, 0.602303, 45.6944, 1.72208, 130.684, 5.50906, -31.1516, 0.000438727, 65.6504, 0.00658234, 45.5725, 0.0090277, -137.486
5285, 88.07500, 0.601458, 45.6332, 1.72034, 130.693, 5.50346, -31.1623, 0.000437867, 65.6566, 0.00658664, 45.5616, 0.00902898, -137.487
5285, 88.08334, 0.600614, 45.5721, 1.7186, 130.702, 5.49788, -31.1729, 0.000437009, 65.6629, 0.00659093, 45.5507, 0.00903026, -137.488
5286, 88.09167, 0.599771, 45.5111, 1.71686, 130.711, 5.4923, -31.1835, 0.000436151, 65.6693, 0.00659523, 45.5398, 0.00903154, -137.489
5286, 88.10000, 0.598929, 45.4503, 1.71512, 130.72, 5.48673, -31.1941, 0.000435295, 65.6757, 0.00659953, 45.529, 0.00903283, -137.491
5287, 88.10833, 0.598089, 45.3895, 1.71338, 130.729, 5.48117, -31.2047, 0.00043444, 65.6821, 0.00660383, 45.5181, 0.00903411, -137.492
5287, 88.11667, 0.59725, 45.3288, 1.71164, 130.738, 5.47561, -31.2153, 0.000433586, 65.6886, 0.00660813, 45.5072, 0.00903539, -137.493
5287, 88.12500, 0.596411, 45.2683, 1.70991, 130.747, 5.47006, -31.2258, 0.000432733, 65.6952, 0.00661242, 45.4963, 0.00903668, -137.494
5288, 88.13333, 0.595575, 45.2078, 1.70817, 130.756, 5.46451, -31.2364, 0.000431881, 65.7017, 0.00661672, 45.4855, 0.00903796, -137.495
5289, 88.14167, 0.594739, 45.1474, 1.70643, 130.766, 5.45898, -31.2469, 0.000431031, 65.7084, 0.00662102, 45.4746, 0.00903925, -137.496
5289, 88.15000, 0.593904, 45.0872, 1.7047, 130.775, 5.45344, -31.2574, 0.000430181, 65.715, 0.00662532, 45.4638, 0.00904054, -137.497
5290, 88.15833, 0.593071, 45.027, 1.70297, 130.784, 5.44792, -31.2679, 0.000429333, 65.7217, 0.00662961, 45.4529, 0.00904182, -137.499
5290, 88.16666, 0.592238, 44.967, 1.70124, 130.793, 5.4424, -31.2784, 0.000428486, 65.7285, 0.00663391, 45.4421, 0.00904311, -137.5
5291, 88.17500, 0.591407, 44.907, 1.6995, 130.803, 5.43689, -31.2888, 0.00042764, 65.7352, 0.0066382, 45.4312, 0.0090444, -137.501
5291, 88.18333, 0.590577, 44.8472, 1.69777, 130.812, 5.43138, -31.2993, 0.000426795, 65.7421, 0.0066425, 45.4204, 0.00904569, -137.502
5292, 88.19167, 0.589748, 44.7874, 1.69604, 130.821, 5.42588, -31.3097, 0.00042595, 65.749, 0.0066468, 45.4095, 0.00904698, -137.503
5292, 88.20000, 0.588921, 44.7278, 1.69431, 130.831, 5.42039, -31.3201, 0.000425108, 65.7559, 0.00665109, 45.3987, 0.00904827, -137.504
5293, 88.20834, 0.588094, 44.6682, 1.69259, 130.84, 5.41491, -31.3305, 0.000424266, 65.7629, 0.00665539, 45.3878, 0.00904957, -137.505
5293, 88.21667, 0.587268, 44.6088, 1.69086, 130.849, 5.40943, -31.3409, 0.000423425, 65.7699, 0.00665969, 45.377, 0.00905086, -137.507
5294, 88.22500, 0.586444, 44.5494, 1.68913, 130.859, 5.40395, -31.3513, 0.000422585, 65.7769, 0.00666398, 45.3662, 0.00905215, -137.508
5294, 88.23333, 0.58562, 44.4902, 1.68741, 130.868, 5.39849, -31.3616, 0.000421747, 65.784, 0.00666828, 45.3553, 0.00905345, -137.509
5295, 88.24167, 0.584798, 44.431, 1.68568, 130.878, 5.39302, -31.372, 0.000420909, 65.7912, 0.00667257, 45.3445, 0.00905474, -137.51
5295, 88.25000, 0.583977, 44.372, 1.68396, 130.887, 5.38757, -31.3823, 0.000420073, 65.7984, 0.00667687, 45.3337, 0.00905604, -137.511
5295, 88.25833, 0.583157, 44.313, 1.68223, 130.897, 5.38212, -31.3926, 0.000419238, 65.8056, 0.00668116, 45.3228, 0.00905734, -137.512
5296, 88.26667, 0.582338, 44.2542, 1.68051, 130.907, 5.37668, -31.4029, 0.000418403, 65.8129, 0.00668546, 45.312, 0.00905863, -137.513
5297, 88.27500, 0.58152, 44.1954, 1.67879, 130.916, 5.37124, -31.4131, 0.00041757, 65.8202, 0.00668975, 45.3012, 0.00905993, -137.514
5297, 88.28333, 0.580703, 44.1368, 1.67707, 130.926, 5.36582, -31.4234, 0.000416738, 65.8276, 0.00669405, 45.2904, 0.00906123, -137.516
5298, 88.29166, 0.579887, 44.0782, 1.67534, 130.936, 5.36039, -31.4336, 0.000415906, 65.835, 0.00669834, 45.2795, 0.00906253, -137.517
5298, 88.30000, 0.579072, 44.0198, 1.67362, 130.945, 5.35497, -31.4439, 0.000415076, 65.8425, 0.00670264, 45.2687, 0.00906383, -137.518
5299, 88.30833, 0.578259, 43.9614, 1.67191, 130.955, 5.34956, -31.4541, 0.000414247, 65.85, 0.00670693, 45.2579, 0.00906514, -137.519
5299, 88.31667, 0.577446, 43.9032, 1.67019, 130.965, 5.34416, -31.4643, 0.000413419, 65.8575, 0.00671123, 45.2471, 0.00906644, -137.52
5300, 88.32500, 0.576634, 43.845, 1.66847, 130.975, 5.33876, -31.4745, 0.000412592, 65.8651, 0.00671553, 45.2363, 0.00906774, -137.521
5300, 88.33334, 0.575824, 43.787, 1.66675, 130.985, 5.33337, -31.4846, 0.000411766, 65.8728, 0.00671982, 45.2255, 0.00906905, -137.522
5301, 88.34167, 0.575014, 43.729, 1.66504, 130.994, 5.32798, -31.4948, 0.000410941, 65.8805, 0.00672412, 45.2147, 0.00907035, -137.523
5301, 88.35000, 0.574206, 43.6711, 1.66332, 131.004, 5.3226, -31.5049, 0.000410117, 65.8882, 0.00672841, 45.2039, 0.00907166, -137.525
5302, 88.35833, 0.573398, 43.6133, 1.66161, 131.014, 5.31723, -31.515, 0.000409294, 65.896, 0.00673271, 45.1931, 0.00907296, -137.526
5302, 88.36667, 0.572591, 43.5557, 1.65989, 131.024, 5.31186, -31.5251, 0.000408472, 65.9038, 0.006737, 45.1823, 0.00907427, -137.527
5303, 88.37500, 0.571786, 43.4981, 1.65818, 131.034, 5.3065, -31.5352, 0.000407651, 65.9117, 0.0067413, 45.1715, 0.00907558, -137.528
5303, 88.38333, 0.570982, 43.4406, 1.65647, 131.044, 5.30115, -31.5453, 0.000406832, 65.9197, 0.00674559, 45.1607, 0.00907689, -137.529
5303, 88.39167, 0.570178, 43.3832, 1.65475, 131.054, 5.2958, -31.5554, 0.000406013, 65.9276, 0.00674989, 45.1499, 0.0090782, -137.53
5304, 88.40000, 0.569376, 43.3259, 1.65304, 131.065, 5.29045, -31.5654, 0.000405195, 65.9357, 0.00675419, 45.1391, 0.00907951, -137.531
5305, 88.40833, 0.568574, 43.2688, 1.65133, 131.075, 5.28512, -31.5754, 0.000404378, 65.9437, 0.00675848, 45.1283, 0.00908082, -137.532
5305, 88.41666, 0.567773, 43.2117, 1.64962, 131.085, 5.27978, -31.5855, 0.000403562, 65.9519, 0.00676278, 45.1175, 0.00908213, -137.534
5306, 88.42500, 0.566974, 43.1547, 1.64791, 131.095, 5.27446, -31.5955, 0.000402747, 65.96, 0.00676708, 45.1067, 0.00908344, -137.535
5306, 88.43333, 0.566175, 43.0978, 1.64621, 131.105, 5.26914, -31.6054, 0.000401933, 65.9682, 0.00677137, 45.0959, 0.00908475, -137.536
5307, 88.44167, 0.565378, 43.0409, 1.6445, 131.115, 5.26382, -31.6154, 0.00040112, 65.9765, 0.00677567, 45.0852, 0.00908607, -137.537
5307, 88.45000, 0.564581, 42.9842, 1.64279, 131.126, 5.25852, -31.6254, 0.000400308, 65.9848, 0.00677996, 45.0744, 0.00908738, -137.538
5308, 88.45834, 0.563786, 42.9276, 1.64108, 131.136, 5.25322, -31.6353, 0.000399497, 65.9932, 0.00678426, 45.0636, 0.0090887, -137.539
5308, 88.46667, 0.562991, 42.8711, 1.63938, 131.146, 5.24792, -31.6452, 0.000398687, 66.0016, 0.00678856, 45.0528, 0.00909002, -137.54
5309, 88.47500, 0.562197, 42.8146, 1.63767, 131.157, 5.24263, -31.6551, 0.000397878, 66.0101, 0.00679286, 45.042, 0.00909133, -137.541
5309, 88.48333, 0.561404, 42.7583, 1.63597, 131.167, 5.23735, -31.665, 0.00039707, 66.0186, 0.00679715, 45.0313, 0.00909265, -137.543
5310, 88.49167, 0.560613, 42.7021, 1.63427, 131.178, 5.23207, -31.6749, 0.000396263, 66.0271, 0.00680145, 45.0205, 0.00909397, -137.544
5310, 88.50000, 0.559822, 42.6459, 1.63256, 131.188, 5.2268, -31.6848, 0.000395457, 66.0357, 0.00680575, 45.0097, 0.00909529, -137.545
5311, 88.50833, 0.559032, 42.5899, 1.63086, 131.199, 5.22153, -31.6947, 0.000394651, 66.0444, 0.00681005, 44.9989, 0.00909661, -137.546
5311, 88.51667, 0.558243, 42.5339, 1.62916, 131.209, 5.21627, -31.7045, 0.000393847, 66.0531, 0.00681435, 44.9882, 0.00909793, -137.547
5311, 88.52500, 0.557455, 42.478, 1.62746, 131.22, 5.21101, -31.7143, 0.000393044, 66.0619, 0.00681864, 44.9774, 0.00909925, -137.548
5312, 88.53333, 0.556668, 42.4222, 1.62576, 131.23, 5.20577, -31.7241, 0.000392241, 66.0707, 0.00682294, 44.9666, 0.00910057, -137.549
5313, 88.54166, 0.555881, 42.3666, 1.62406, 131.241, 5.20052, -31.7339, 0.00039144, 66.0795, 0.00682724, 44.9559, 0.0091019, -137.55
5313, 88.55000, 0.555096, 42.311, 1.62236, 131.252, 5.19528, -31.7437, 0.000390639, 66.0884, 0.00683154, 44.9451, 0.00910322, -137.551
5314, 88.55833, 0.554312, 42.2555, 1.62066, 131.262, 5.19005, -31.7535, 0.00038984, 66.0974, 0.00683584, 44.9343, 0.00910455, -137.553
5314, 88.56667, 0.553528, 42.2001, 1.61896, 131.273, 5.18483, -31.7632, 0.000389041, 66.1064, 0.00684014, 44.9236, 0.00910587, -137.554
5315, 88.57500, 0.552745, 42.1447, 1.61727, 131.284, 5.17961, -31.773, 0.000388243, 66.1154, 0.00684444, 44.9128, 0.0091072, -137.555
5315, 88.58334, 0.551964, 42.0895, 1.61557, 131.295, 5.17439, -31.7827, 0.000387447, 66.1246, 0.00684874, 44.902, 0.00910853, -137.556
5316, 88.59167, 0.551183, 42.0344, 1.61387, 131.306, 5.16918, -31.7924, 0.000386651, 66.1337, 0.00685304, 44.8913, 0.00910985, -137.557
5316, 88.60000, 0.550403, 41.9794, 1.61218, 131.317, 5.16398, -31.8021, 0.000385856, 66.1429, 0.00685734, 44.8805, 0.00911118, -137.558
5316, 88.60833, 0.549624, 41.9244, 1.61049, 131.327, 5.15878, -31.8118, 0.000385062, 66.1522, 0.00686165, 44.8698, 0.00911251, -137.559
5317, 88.61667, 0.548846, 41.8695, 1.60879, 131.338, 5.15359, -31.8215, 0.000384269, 66.1615, 0.00686595, 44.859, 0.00911384, -137.56
5318, 88.62500, 0.548068, 41.8148, 1.6071, 131.349, 5.1484, -31.8311, 0.000383477, 66.1709, 0.00687025, 44.8483, 0.00911517, -137.561
5318, 88.63333, 0.547292, 41.7601, 1.60541, 131.36, 5.14322, -31.8408, 0.000382685, 66.1803, 0.00687455, 44.8375, 0.00911651, -137.563
5319, 88.64167, 0.546516, 41.7055, 1.60371, 131.371, 5.13805, -31.8504, 0.000381895, 66.1898, 0.00687886, 44.8267, 0.00911784, -137.564
5319, 88.65000, 0.545741, 41.651, 1.60202, 131.383, 5.13288, -31.86, 0.000381105, 66.1993, 0.00688316, 44.816, 0.00911917, -137.565
5319, 88.65833, 0.544968, 41.5966, 1.60033, 131.394, 5.12771, -31.8696, 0.000380317, 66.2089, 0.00688746, 44.8052, 0.00912051, -137.566
5320, 88.66666, 0.544195, 41.5423, 1.59864, 131.405, 5.12256, -31.8792, 0.000379529, 66.2185, 0.00689177, 44.7945, 0.00912184, -137.567
5321, 88.67500, 0.543422, 41.4881, 1.59695, 131.416, 5.1174, -31.8888, 0.000378742, 66.2282, 0.00689607, 44.7837, 0.00912318, -137.568
5321, 88.68333, 0.542651, 41.434, 1.59526, 131.427, 5.11226, -31.8983, 0.000377956, 66.2379, 0.00690038, 44.773, 0.00912451, -137.569
5322, 88.69167, 0.541881, 41.3799, 1.59358, 131.439, 5.10711, -31.9079, 0.000377171, 66.2477, 0.00690468, 44.7622, 0.00912585, -137.57
5322, 88.70000, 0.541111, 41.326, 1.59189, 131.45, 5.10198, -31.9174, 0.000376387, 66.2576, 0.00690899, 44.7515, 0.00912719, -137.571
5323, 88.70834, 0.540342, 41.2721, 1.5902, 131.461, 5.09685, -31.9269, 0.000375604, 66.2675, 0.00691329, 44.7407, 0.00912853, -137.573
5323, 88.71667, 0.539574, 41.2183, 1.58851, 131.473, 5.09172, -31.9364, 0.000374821, 66.2774, 0.0069176, 44.73, 0.00912987, -137.574
5324, 88.72500, 0.538807, 41.1646, 1.58683, 131.484, 5.0866, -31.9459, 0.00037404, 66.2874, 0.00692191, 44.7192, 0.00913121, -137.575
5324, 88.73333, 0.538041, 41.111, 1.58514, 131.495, 5.08149, -31.9554, 0.000373259, 66.2975, 0.00692622, 44.7085, 0.00913255, -137.576
5324, 88.74167, 0.537275, 41.0575, 1.58346, 131.507, 5.07638, -31.9649, 0.000372479, 66.3076, 0.00693052, 44.6977, 0.00913389, -137.577
5325, 88.75000, 0.53651, 41.0041, 1.58178, 131.518, 5.07127, -31.9743, 0.0003717, 66.3178, 0.00693483, 44.687, 0.00913524, -137.578
5326, 88.75833, 0.535746, 40.9507, 1.58009, 131.53, 5.06618, -31.9838, 0.000370922, 66.328, 0.00693914, 44.6763, 0.00913658, -137.579
5326, 88.76667, 0.534983, 40.8975, 1.57841, 131.542, 5.06108, -31.9932, 0.000370145, 66.3383, 0.00694345, 44.6655, 0.00913792, -137.58
5327, 88.77500, 0.534221, 40.8443, 1.57673, 131.553, 5.05599, -32.0026, 0.000369368, 66.3486, 0.00694776, 44.6548, 0.00913927, -137.581
5327, 88.78333, 0.533459, 40.7913, 1.57504, 131.565, 5.05091, -32.012, 0.000368593, 66.359, 0.00695207, 44.644, 0.00914061, -137.582
5328, 88.79166, 0.532699, 40.7383, 1.57336, 131.577, 5.04584, -32.0214, 0.000367818, 66.3695, 0.00695638, 44.6333, 0.00914196, -137.584
5328, 88.80000, 0.531939, 40.6854, 1.57168, 131.588, 5.04076, -32.0308, 0.000367044, 66.38, 0.0069607, 44.6225, 0.00914331, -137.585
5329, 88.80833, 0.531179, 40.6326, 1.57, 131.6, 5.0357, -32.0401, 0.000366271, 66.3905, 0.00696501, 44.6118, 0.00914466, -137.586
5329, 88.81667, 0.530421, 40.5799, 1.56832, 131.612, 5.03064, -32.0495, 0.000365499, 66.4012, 0.00696932, 44.601, 0.00914601, -137.587
5330, 88.82500, 0.529663, 40.5272, 1.56664, 131.624, 5.02558, -32.0588, 0.000364728, 66.4118, 0.00697363, 44.5903, 0.00914736, -137.588
5330, 88.83334, 0.528906, 40.4747, 1.56497, 131.636, 5.02053, -32.0681, 0.000363957, 66.4226, 0.00697795, 44.5796, 0.00914871, -137.589
5331, 88.84167, 0.52815, 40.4222, 1.56329, 131.648, 5.01548, -32.0774, 0.000363188, 66.4333, 0.00698226, 44.5688, 0.00915006, -137.59
5331, 88.85000, 0.527395, 40.3698, 1.56161, 131.659, 5.01045, -32.0867, 0.000362419, 66.4442, 0.00698658, 44.5581, 0.00915141, -137.591
5332, 88.85833, 0.52664, 40.3175, 1.55993, 131.671, 5.00541, -32.096, 0.000361651, 66.4551, 0.00699089, 44.5473, 0.00915276, -137.592
5332, 88.86667, 0.525887, 40.2653, 1.55826, 131.684, 5.00038, -32.1052, 0.000360883, 66.4661, 0.00699521, 44.5366, 0.00915412, -137.593
5332, 88.87500, 0.525133, 40.2132, 1.55658, 131.696, 4.99536, -32.1145, 0.000360117, 66.4771, 0.00699953, 44.5258, 0.00915547, -137.595
5333, 88.88333, 0.524381, 40.1612, 1.55491, 131.708, 4.99034, -32.1237, 0.000359351, 66.4882, 0.00700384, 44.5151, 0.00915683, -137.596
5334, 88.89167, 0.523629, 40.1092, 1.55323, 131.72, 4.98532, -32.133, 0.000358587, 66.4993, 0.00700816, 44.5044, 0.00915818, -137.597
5334, 88.90000, 0.522879, 40.0574, 1.55156, 131.732, 4.98031, -32.1422, 0.000357823, 66.5105, 0.00701248, 44.4936, 0.00915954, -137.598
5335, 88.90833, 0.522128, 40.0056, 1.54988, 131.744, 4.97531, -32.1514, 0.000357059, 66.5218, 0.0070168, 44.4829, 0.0091609, -137.599
5335, 88.91666, 0.521379, 39.9539, 1.54821, 131.757, 4.97031, -32.1606, 0.000356297, 66.5331, 0.00702112, 44.4721, 0.00916226, -137.6
5336, 88.92500, 0.52063, 39.9023, 1.54654, 131.769, 4.96532, -32.1697, 0.000355535, 66.5445, 0.00702544, 44.4614, 0.00916362, -137.601
5336, 88.93333, 0.519882, 39.8508, 1.54487, 131.781, 4.96033, -32.1789, 0.000354775, 66.5559, 0.00702976, 44.4507, 0.00916498, -137.602
5337, 88.94167, 0.519135, 39.7993, 1.5432, 131.794, 4.95535, -32.1881, 0.000354015, 66.5674, 0.00703409, 44.4399, 0.00916634, -137.603
5337, 88.95000, 0.518389, 39.748, 1.54153, 131.806, 4.95037, -32.1972, 0.000353255, 66.579, 0.00703841, 44.4292, 0.0091677, -137.604
5338, 88.95834, 0.517643, 39.6967, 1.53985, 131.818, 4.9454, -32.2063, 0.000352497, 66.5906, 0.00704273, 44.4184, 0.00916906, -137.605
5338, 88.96667, 0.516898, 39.6455, 1.53818, 131.831, 4.94043, -32.2154, 0.000351739, 66.6023, 0.00704706, 44.4077, 0.00917042, -137.607
5339, 88.97500, 0.516153, 39.5944, 1.53652, 131.844, 4.93547, -32.2245, 0.000350982, 66.614, 0.00705138, 44.3969, 0.00917179, -137.608
5339, 88.98333, 0.515409, 39.5434, 1.53485, 131.856, 4.93051, -32.2336, 0.000350226, 66.6258, 0.00705571, 44.3862, 0.00917315, -137.609
5340, 88.99167, 0.514666, 39.4925, 1.53318, 131.869, 4.92555, -32.2427, 0.000349471, 66.6377, 0.00706004, 44.3755, 0.00917452, -137.61
5340, 89.00000, 0.513924, 39.4416, 1.53151, 131.881, 4.92061, -32.2518, 0.000348716, 66.6496, 0.00706436, 44.3647, 0.00917588, -137.611
5340, 89.00833, 0.513182, 39.3908, 1.52984, 131.894, 4.91566, -32.2608, 0.000347963, 66.6616, 0.00706869, 44.354, 0.00917725, -137.612
5341, 89.01667, 0.512441, 39.3402, 1.52818, 131.907, 4.91073, -32.2698, 0.00034721, 66.6737, 0.00707302, 44.3432, 0.00917862, -137.613
5342, 89.02500, 0.511701, 39.2896, 1.52651, 131.92, 4.90579, -32.2789, 0.000346457, 66.6858, 0.00707735, 44.3325, 0.00917999, -137.614
5342, 89.03333, 0.510961, 39.239, 1.52484, 131.933, 4.90086, -32.2879, 0.000345706, 66.698, 0.00708168, 44.3217, 0.00918136, -137.615
5343, 89.04166, 0.510222, 39.1886, 1.52318, 131.945, 4.89594, -32.2969, 0.000344955, 66.7102, 0.00708601, 44.311, 0.00918273, -137.616
5343, 89.05000, 0.509484, 39.1382, 1.52151, 131.958, 4.89102, -32.3059, 0.000344205, 66.7225, 0.00709034, 44.3002, 0.0091841, -137.618
5344, 89.05833, 0.508747, 39.088, 1.51985, 131.971, 4.88611, -32.3148, 0.000343456, 66.7349, 0.00709468, 44.2895, 0.00918547, -137.619
5344, 89.06667, 0.50801, 39.0378, 1.51819, 131.984, 4.8812, -32.3238, 0.000342707, 66.7473, 0.00709901, 44.2787, 0.00918685, -137.62
5345, 89.07500, 0.507273, 38.9877, 1.51652, 131.997, 4.8763, -32.3328, 0.00034196, 66.7598, 0.00710335, 44.268, 0.00918822, -137.621
5345, 89.08334, 0.506538, 38.9376, 1.51486, 132.01, 4.8714, -32.3417, 0.000341213, 66.7724, 0.00710768, 44.2572, 0.00918959, -137.622
5346, 89.09167, 0.505803, 38.8877, 1.5132, 132.024, 4.8665, -32.3506, 0.000340466, 66.785, 0.00711202, 44.2465, 0.00919097, -137.623
5346, 89.10000, 0.505068, 38.8378, 1.51153, 132.037, 4.86162, -32.3595, 0.000339721, 66.7977, 0.00711635, 44.2357, 0.00919234, -137.624
5347, 89.10833, 0.504335, 38.7881, 1.50987, 132.05, 4.85673, -32.3684, 0.000338976, 66.8105, 0.00712069, 44.225, 0.00919372, -137.625
5347, 89.11667, 0.503601, 38.7384, 1.50821, 132.063, 4.85185, -32.3773, 0.000338232, 66.8233, 0.00712503, 44.2142, 0.0091951, -137.626
5348, 89.12500, 0.502869, 38.6887, 1.50655, 132.076, 4.84698, -32.3862, 0.000337489, 66.8362, 0.00712937, 44.2035, 0.00919648, -137.627
5348, 89.13333, 0.502137, 38.6392, 1.50489, 132.09, 4.84211, -32.3951, 0.000336746, 66.8492, 0.00713371, 44.1927, 0.00919786, -137.628
5348, 89.14167, 0.501406, 38.5897, 1.50323, 132.103, 4.83724, -32.4039, 0.000336004, 66.8622, 0.00713805, 44.182, 0.00919924, -137.629
5349, 89.15000, 0.500675, 38.5404, 1.50157, 132.117, 4.83238, -32.4128, 0.000335263, 66.8753, 0.0071424, 44.1712, 0.00920062, -137.631
5350, 89.15833, 0.499945, 38.4911, 1.49991, 132.13, 4.82753, -32.4216, 0.000334522, 66.8885, 0.00714674, 44.1604, 0.009202, -137.632
5350, 89.16666, 0.499216, 38.4418, 1.49825, 132.144, 4.82268, -32.4304, 0.000333783, 66.9017, 0.00715108, 44.1497, 0.00920338, -137.633
5351, 89.17500, 0.498487, 38.3927, 1.4966, 132.157, 4.81783, -32.4392, 0.000333044, 66.915, 0.00715543, 44.1389, 0.00920476, -137.634
5351, 89.18333, 0.497759, 38.3437, 1.49494, 132.171, 4.81299, -32.448, 0.000332305, 66.9284, 0.00715978, 44.1282, 0.00920615, -137.635
5352, 89.19167, 0.497032, 38.2947, 1.49328, 132.184, 4.80815, -32.4568, 0.000331568, 66.9418, 0.00716412, 44.1174, 0.00920753, -137.636
5352, 89.20000, 0.496305, 38.2458, 1.49163, 132.198, 4.80332, -32.4656, 0.000330831, 66.9553, 0.00716847, 44.1066, 0.00920892, -137.637
5353, 89.20834, 0.495578, 38.197, 1.48997, 132.212, 4.79849, -32.4743, 0.000330095, 66.9689, 0.00717282, 44.0959, 0.00921031, -137.638
5353, 89.21667, 0.494853, 38.1482, 1.48831, 132.226, 4.79367, -32.4831, 0.000329359, 66.9826, 0.00717717, 44.0851, 0.00921169, -137.639
5354, 89.22500, 0.494128, 38.0996, 1.48666, 132.24, 4.78885, -32.4918, 0.000328624, 66.9963, 0.00718152, 44.0743, 0.00921308, -137.64
5354, 89.23333, 0.493403, 38.051, 1.485, 132.253, 4.78404, -32.5005, 0.00032789, 67.0101, 0.00718587, 44.0636, 0.00921447, -137.641
5355, 89.24167, 0.492679, 38.0025, 1.48335, 132.267, 4.77923, -32.5093, 0.000327157, 67.0239, 0.00719023, 44.0528, 0.00921586, -137.643
5355, 89.25000, 0.491956, 37.9541, 1.4817, 132.281, 4.77443, -32.518, 0.000326424, 67.0379, 0.00719458, 44.042, 0.00921725, -137.644
5356, 89.25833, 0.491233, 37.9057, 1.48004, 132.295, 4.76963, -32.5266, 0.000325692, 67.0519, 0.00719893, 44.0313, 0.00921864, -137.645
5356, 89.26667, 0.490511, 37.8575, 1.47839, 132.309, 4.76483, -32.5353, 0.00032496, 67.066, 0.00720329, 44.0205, 0.00922003, -137.646
5356, 89.27500, 0.489789, 37.8093, 1.47674, 132.324, 4.76004, -32.544, 0.00032423, 67.0801, 0.00720765, 44.0097, 0.00922143, -137.647
5357, 89.28333, 0.489068, 37.7612, 1.47508, 132.338, 4.75526, -32.5526, 0.0003235, 67.0944, 0.00721201, 43.9989, 0.00922282, -137.648
5358, 89.29166, 0.488347, 37.7132, 1.47343, 132.352, 4.75048, -32.5613, 0.00032277, 67.1087, 0.00721637, 43.9882, 0.00922421, -137.649
5358, 89.30000, 0.487627, 37.6652, 1.47178, 132.366, 4.7457, -32.5699, 0.000322042, 67.123, 0.00722073, 43.9774, 0.00922561, -137.65
5359, 89.30833, 0.486908, 37.6173, 1.47013, 132.38, 4.74093, -32.5785, 0.000321314, 67.1375, 0.00722509, 43.9666, 0.00922701, -137.651
5359, 89.31667, 0.486189, 37.5695, 1.46848, 132.395, 4.73616, -32.5871, 0.000320586, 67.152, 0.00722945, 43.9558, 0.0092284, -137.652
5360, 89.32500, 0.485471, 37.5218, 1.46683, 132.409, 4.7314, -32.5957, 0.00031986, 67.1666, 0.00723381, 43.945, 0.0092298, -137.653
5360, 89.33334, 0.484753, 37.4742, 1.46518, 132.424, 4.72664, -32.6043, 0.000319134, 67.1813, 0.00723818, 43.9342, 0.0092312, -137.654
5361, 89.34167, 0.484036, 37.4266, 1.46353, 132.438, 4.72189, -32.6129, 0.000318408, 67.196, 0.00724255, 43.9235, 0.0092326, -137.655
5361, 89.35000, 0.483319, 37.3791, 1.46188, 132.453, 4.71714, -32.6215, 0.000317683, 67.2108, 0.00724691, 43.9127, 0.009234, -137.657
5362, 89.35833, 0.482603, 37.3317, 1.46023, 132.467, 4.71239, -32.63, 0.000316959, 67.2257, 0.00725128, 43.9019, 0.0092354, -137.658
5362, 89.36667, 0.481887, 37.2844, 1.45858, 132.482, 4.70765, -32.6386, 0.000316236, 67.2407, 0.00725565, 43.8911, 0.0092368, -137.659
5363, 89.37500, 0.481172, 37.2372, 1.45693, 132.497, 4.70292, -32.6471, 0.000315513, 67.2558, 0.00726002, 43.8803, 0.00923821, -137.66
5363, 89.38333, 0.480458, 37.19, 1.45529, 132.511, 4.69818, -32.6556, 0.000314791, 67.2709, 0.00726439, 43.8695, 0.00923961, -137.661
5364, 89.39167, 0.479743, 37.1429, 1.45364, 132.526, 4.69346, -32.6641, 0.00031407, 67.2861, 0.00726876, 43.8587, 0.00924101, -137.662
5364, 89.40000, 0.47903, 37.0959, 1.45199, 132.541, 4.68873, -32.6726, 0.000313349, 67.3014, 0.00727314, 43.8479, 0.00924242, -137.663
5364, 89.40833, 0.478317, 37.0489, 1.45035, 132.556, 4.68402, -32.6811, 0.000312629, 67.3168, 0.00727751, 43.8371, 0.00924383, -137.664
5365, 89.41666, 0.477604, 37.002, 1.4487, 132.571, 4.6793, -32.6896, 0.000311909, 67.3323, 0.00728189, 43.8263, 0.00924523, -137.665
5366, 89.42500, 0.476892, 36.9553, 1.44706, 132.586, 4.67459, -32.698, 0.00031119, 67.3478, 0.00728627, 43.8155, 0.00924664, -137.666
5366, 89.43333, 0.476181, 36.9085, 1.44541, 132.601, 4.66989, -32.7065, 0.000310472, 67.3634, 0.00729064, 43.8047, 0.00924805, -137.667
5367, 89.44167, 0.47547, 36.8619, 1.44376, 132.616, 4.66519, -32.7149, 0.000309754, 67.3791, 0.00729502, 43.7939, 0.00924946, -137.668
5367, 89.45000, 0.474759, 36.8153, 1.44212, 132.631, 4.66049, -32.7234, 0.000309037, 67.3949, 0.00729941, 43.7831, 0.00925087, -137.669
5368, 89.45834, 0.474049, 36.7688, 1.44048, 132.646, 4.6558, -32.7318, 0.000308321, 67.4107, 0.00730379, 43.7722, 0.00925228, -137.671
5368, 89.46667, 0.47334, 36.7224, 1.43883, 132.661, 4.65111, -32.7402, 0.000307605, 67.4267, 0.00730817, 43.7614, 0.00925369, -137.672
5369, 89.47500, 0.472631, 36.6761, 1.43719, 132.677, 4.64643, -32.7486, 0.00030689, 67.4427, 0.00731256, 43.7506, 0.0092551, -137.673
5369, 89.48333, 0.471922, 36.6298, 1.43555, 132.692, 4.64175, -32.757, 0.000306175, 67.4588, 0.00731694, 43.7398, 0.00925652, -137.674
5370, 89.49167, 0.471214, 36.5836, 1.4339, 132.707, 4.63707, -32.7653, 0.000305461, 67.475, 0.00732133, 43.729, 0.00925793, -137.675
5370, 89.50000, 0.470507, 36.5375, 1.43226, 132.723, 4.6324, -32.7737, 0.000304748, 67.4912, 0.00732572, 43.7181, 0.00925935, -137.676
5371, 89.50833, 0.4698, 36.4915, 1.43062, 132.738, 4.62773, -32.7821, 0.000304035, 67.5076, 0.00733011, 43.7073, 0.00926076, -137.677
5371, 89.51667, 0.469093, 36.4455, 1.42898, 132.754, 4.62307, -32.7904, 0.000303323, 67.524, 0.0073345, 43.6965, 0.00926218, -137.678
5372, 89.52500, 0.468387, 36.3996, 1.42734, 132.769, 4.61841, -32.7987, 0.000302611, 67.5406, 0.00733889, 43.6856, 0.0092636, -137.679
5372, 89.53333, 0.467681, 36.3538, 1.4257, 132.785, 4.61376, -32.8071, 0.0003019, 67.5572, 0.00734328, 43.6748, 0.00926502, -137.68
5372, 89.54166, 0.466976, 36.3081, 1.42406, 132.801, 4.60911, -32.8154, 0.00030119, 67.5739, 0.00734768, 43.664, 0.00926644, -137.681
5373, 89.55000, 0.466271, 36.2624, 1.42242, 132.817, 4.60447, -32.8237, 0.00030048, 67.5906, 0.00735208, 43.6531, 0.00926786, -137.682
5374, 89.55833, 0.465567, 36.2168, 1.42078, 132.832, 4.59982, -32.832, 0.000299771, 67.6075, 0.00735647, 43.6423, 0.00926928, -137.683
5374, 89.56667, 0.464863, 36.1713, 1.41914, 132.848, 4.59519, -32.8402, 0.000299062, 67.6245, 0.00736087, 43.6315, 0.0092707, -137.685
5375, 89.57500, 0.46416, 36.1259, 1.4175, 132.864, 4.59055, -32.8485, 0.000298354, 67.6415, 0.00736527, 43.6206, 0.00927212, -137.686
5375, 89.58334, 0.463457, 36.0805, 1.41586, 132.88, 4.58593, -32.8568, 0.000297647, 67.6587, 0.00736967, 43.6098, 0.00927354, -137.687
5376, 89.59167, 0.462754, 36.0352, 1.41422, 132.896, 4.5813, -32.865, 0.00029694, 67.6759, 0.00737408, 43.5989, 0.00927497, -137.688
5376, 89.60000, 0.462052, 35.99, 1.41258, 132.912, 4.57668, -32.8733, 0.000296234, 67.6932, 0.00737848, 43.5881, 0.00927639, -137.689
5377, 89.60833, 0.46135, 35.9449, 1.41094, 132.928, 4.57206, -32.8815, 0.000295528, 67.7106, 0.00738289, 43.5772, 0.00927782, -137.69
5377, 89.61667, 0.460649, 35.8998, 1.40931, 132.945, 4.56745, -32.8897, 0.000294823, 67.7281, 0.00738729, 43.5663, 0.00927925, -137.691
5378, 89.62500, 0.459948, 35.8548, 1.40767, 132.961, 4.56284, -32.8979, 0.000294119, 67.7457, 0.0073917, 43.5555, 0.00928068, -137.692
5378, 89.63333, 0.459248, 35.8099, 1.40603, 132.977, 4.55824, -32.9061, 0.000293415, 67.7634, 0.00739611, 43.5446, 0.0092821, -137.693
5379, 89.64167, 0.458548, 35.765, 1.4044, 132.994, 4.55364, -32.9143, 0.000292711, 67.7812, 0.00740052, 43.5337, 0.00928353, -137.694
5379, 89.65000, 0.457849, 35.7202, 1.40276, 133.01, 4.54904, -32.9225, 0.000292008, 67.799, 0.00740494, 43.5229, 0.00928496, -137.695
5380, 89.65833, 0.45715, 35.6755, 1.40112, 133.026, 4.54445, -32.9306, 0.000291306, 67.817, 0.00740935, 43.512, 0.00928639, -137.696
5380, 89.66666, 0.456451, 35.6309, 1.39949, 133.043, 4.53986, -32.9388, 0.000290604, 67.8351, 0.00741377, 43.5011, 0.00928783, -137.697
5380, 89.67500, 0.455753, 35.5863, 1.39785, 133.06, 4.53528, -32.9469, 0.000289903, 67.8532, 0.00741818, 43.4902, 0.00928926, -137.698
5381, 89.68333, 0.455055, 35.5418, 1.39622, 133.076, 4.5307, -32.9551, 0.000289203, 67.8715, 0.0074226, 43.4794, 0.00929069, -137.7
5382, 89.69167, 0.454357, 35.4974, 1.39458, 133.093, 4.52612, -32.9632, 0.000288503, 67.8898, 0.00742702, 43.4685, 0.00929213, -137.701
5382, 89.70000, 0.45366, 35.4531, 1.39295, 133.11, 4.52155, -32.9713, 0.000287803, 67.9083, 0.00743144, 43.4576, 0.00929356, -137.702
5383, 89.70834, 0.452964, 35.4088, 1.39131, 133.127, 4.51698, -32.9794, 0.000287104, 67.9268, 0.00743587, 43.4467, 0.009295, -137.703
5383, 89.71667, 0.452267, 35.3646, 1.38968, 133.143, 4.51242, -32.9875, 0.000286406, 67.9454, 0.00744029, 43.4358, 0.00929644, -137.704
5384, 89.72500, 0.451572, 35.3205, 1.38805, 133.16, 4.50786, -32.9956, 0.000285708, 67.9642, 0.00744472, 43.4249, 0.00929787, -137.705
5384, 89.73333, 0.450876, 35.2764, 1.38641, 133.177, 4.50331, -33.0037, 0.000285011, 67.983, 0.00744914, 43.414, 0.00929931, -137.706
5385, 89.74167, 0.450181, 35.2324, 1.38478, 133.194, 4.49875, -33.0117, 0.000284314, 68.0019, 0.00745357, 43.4031, 0.00930075, -137.707
5385, 89.75000, 0.449486, 35.1885, 1.38315, 133.212, 4.49421, -33.0198, 0.000283618, 68.021, 0.007458, 43.3922, 0.00930219, -137.708
5386, 89.75833, 0.448792, 35.1447, 1.38152, 133.229, 4.48966, -33.0278, 0.000282922, 68.0401, 0.00746244, 43.3813, 0.00930363, -137.709
5386, 89.76667, 0.448098, 35.1009, 1.37989, 133.246, 4.48512, -33.0359, 0.000282227, 68.0593, 0.00746687, 43.3704, 0.00930508, -137.71
5387, 89.77500, 0.447405, 35.0572, 1.37825, 133.263, 4.48059, -33.0439, 0.000281532, 68.0787, 0.0074713, 43.3595, 0.00930652, -137.711
5387, 89.78333, 0.446712, 35.0136, 1.37662, 133.281, 4.47605, -33.0519, 0.000280838, 68.0981, 0.00747574, 43.3485, 0.00930796, -137.712
5388, 89.79166, 0.446019, 34.9701, 1.37499, 133.298, 4.47152, -33.0599, 0.000280144, 68.1177, 0.00748018, 43.3376, 0.00930941, -137.713
5388, 89.80000, 0.445326, 34.9266, 1.37336, 133.316, 4.467, -33.0679, 0.000279451, 68.1373, 0.00748462, 43.3267, 0.00931086, -137.714
5388, 89.80833, 0.444634, 34.8832, 1.37173, 133.333, 4.46248, -33.0759, 0.000278759, 68.1571, 0.00748906, 43.3158, 0.0093123, -137.716
5389, 89.81667, 0.443942, 34.8398, 1.3701, 133.351, 4.45796, -33.0839, 0.000278067, 68.1769, 0.0074935, 43.3048, 0.00931375, -137.717
5390, 89.82500, 0.443251, 34.7966, 1.36847, 133.368, 4.45345, -33.0918, 0.000277375, 68.1969, 0.00749795, 43.2939, 0.0093152, -137.718
5390, 89.83334, 0.44256, 34.7534, 1.36684, 133.386, 4.44894, -33.0998, 0.000276684, 68.217, 0.00750239, 43.283, 0.00931665, -137.719
5391, 89.84167, 0.441869, 34.7103, 1.36521, 133.404, 4.44444, -33.1077, 0.000275994, 68.2372, 0.00750684, 43.272, 0.0093181, -137.72
5391, 89.85000, 0.441179, 34.6672, 1.36358, 133.422, 4.43993, -33.1157, 0.000275304, 68.2575, 0.00751129, 43.2611, 0.00931955, -137.721
5392, 89.85833, 0.440489, 34.6242, 1.36195, 133.44, 4.43544, -33.1236, 0.000274614, 68.2779, 0.00751574, 43.2501, 0.009321, -137.722
5392, 89.86667, 0.4398, 34.5813, 1.36032, 133.458, 4.43094, -33.1315, 0.000273925, 68.2984, 0.0075202, 43.2392, 0.00932245, -137.723
5393, 89.87500, 0.43911, 34.5385, 1.3587, 133.476, 4.42645, -33.1394, 0.000273237, 68.319, 0.00752465, 43.2282, 0.00932391, -137.724
5393, 89.88333, 0.438421, 34.4957, 1.35707, 133.494, 4.42197, -33.1473, 0.000272549, 68.3397, 0.00752911, 43.2172, 0.00932536, -137.725
5394, 89.89167, 0.437733, 34.453, 1.35544, 133.512, 4.41748, -33.1552, 0.000271862, 68.3606, 0.00753356, 43.2063, 0.00932682, -137.726
5394, 89.90000, 0.437044, 34.4104, 1.35381, 133.53, 4.413, -33.1631, 0.000271175, 68.3815, 0.00753802, 43.1953, 0.00932827, -137.727
5395, 89.90833, 0.436357, 34.3678, 1.35219, 133.549, 4.40853, -33.1709, 0.000270488, 68.4026, 0.00754248, 43.1843, 0.00932973, -137.728
5395, 89.91666, 0.435669, 34.3253, 1.35056, 133.567, 4.40406, -33.1788, 0.000269802, 68.4238, 0.00754695, 43.1734, 0.00933119, -137.729
5396, 89.92500, 0.434982, 34.2829, 1.34893, 133.585, 4.39959, -33.1867, 0.000269117, 68.4451, 0.00755141, 43.1624, 0.00933265, -137.73
5396, 89.93333, 0.434295, 34.2405, 1.34731, 133.604, 4.39513, -33.1945, 0.000268432, 68.4665, 0.00755588, 43.1514, 0.00933411, -137.731
5396, 89.94167, 0.433608, 34.1983, 1.34568, 133.622, 4.39067, -33.2023, 0.000267747, 68.488, 0.00756035, 43.1404, 0.00933557, -137.733
5397, 89.95000, 0.432922, 34.1561, 1.34406, 133.641, 4.38621, -33.2101, 0.000267063, 68.5097, 0.00756481, 43.1294, 0.00933703, -137.734
5398, 89.95834, 0.432236, 34.1139, 1.34243, 133.66, 4.38176, -33.218, 0.00026638, 68.5314, 0.00756929, 43.1184, 0.00933849, -137.735
5398, 89.96667, 0.43155, 34.0718, 1.3408, 133.678, 4.37731, -33.2258, 0.000265697, 68.5533, 0.00757376, 43.1074, 0.00933995, -137.736
5399, 89.97500, 0.430864, 34.0298, 1.33918, 133.697, 4.37286, -33.2336, 0.000265014, 68.5753, 0.00757823, 43.0964, 0.00934142, -137.737
5399, 89.98333, 0.430179, 33.9879, 1.33755, 133.716, 4.36842, -33.2413, 0.000264332, 68.5975, 0.00758271, 43.0854, 0.00934288, -137.738
5400, 89.99167, 0.429494, 33.946, 1.33593, 133.735, 4.36398, -33.2491, 0.00026365, 68.6197, 0.00758719, 43.0744, 0.00934435, -137.739
5400, 90.00000, 0.42881, 33.9043, 1.33431, 133.754, 4.35955, -33.2569, 0.000262969, 68.6421, 0.00759167, 43.0634, 0.00934582, -137.74
5401, 90.00833, 0.428126, 33.8625, 1.33268, 133.773, 4.35512, -33.2646, 0.000262288, 68.6646, 0.00759615, 43.0524, 0.00934728, -137.741
5401, 90.01667, 0.427442, 33.8209, 1.33106, 133.793, 4.35069, -33.2724, 0.000261608, 68.6872, 0.00760063, 43.0413, 0.00934875, -137.742
5402, 90.02500, 0.426758, 33.7793, 1.32943, 133.812, 4.34626, -33.2801, 0.000260928, 68.7099, 0.00760512, 43.0303, 0.00935022, -137.743
5402, 90.03333, 0.426075, 33.7378, 1.32781, 133.831, 4.34184, -33.2879, 0.000260249, 68.7328, 0.00760961, 43.0193, 0.00935169, -137.744
5403, 90.04166, 0.425391, 33.6963, 1.32619, 133.85, 4.33743, -33.2956, 0.00025957, 68.7558, 0.0076141, 43.0082, 0.00935316, -137.745
5403, 90.05000, 0.424709, 33.655, 1.32457, 133.87, 4.33301, -33.3033, 0.000258892, 68.7789, 0.00761859, 42.9972, 0.00935464, -137.746
5404, 90.05833, 0.424026, 33.6136, 1.32294, 133.889, 4.32861, -33.311, 0.000258214, 68.8022, 0.00762308, 42.9861, 0.00935611, -137.747
5404, 90.06667, 0.423344, 33.5724, 1.32132, 133.909, 4.3242, -33.3187, 0.000257536, 68.8256, 0.00762757, 42.9751, 0.00935758, -137.748
5404, 90.07500, 0.422662, 33.5312, 1.3197, 133.929, 4.3198, -33.3264, 0.000256859, 68.8491, 0.00763207, 42.964, 0.00935906, -137.75
5405, 90.08334, 0.42198, 33.4901, 1.31808, 133.948, 4.3154, -33.3341, 0.000256183, 68.8727, 0.00763657, 42.953, 0.00936053, -137.751
5406, 90.09167, 0.421299, 33.4491, 1.31646, 133.968, 4.311, -33.3417, 0.000255506, 68.8965, 0.00764107, 42.9419, 0.00936201, -137.752
5406, 90.10000, 0.420617, 33.4081, 1.31483, 133.988, 4.30661, -33.3494, 0.000254831, 68.9204, 0.00764557, 42.9308, 0.00936349, -137.753
5407, 90.10833, 0.419936, 33.3672, 1.31321, 134.008, 4.30222, -33.357, 0.000254155, 68.9445, 0.00765007, 42.9198, 0.00936497, -137.754
5407, 90.11667, 0.419256, 33.3264, 1.31159, 134.028, 4.29784, -33.3647, 0.000253481, 68.9686, 0.00765458, 42.9087, 0.00936645, -137.755
5408, 90.12500, 0.418575, 33.2856, 1.30997, 134.048, 4.29346, -33.3723, 0.000252806, 68.9929, 0.00765909, 42.8976, 0.00936793, -137.756
5408, 90.13333, 0.417895, 33.245, 1.30835, 134.068, 4.28908, -33.3799, 0.000252132, 69.0174, 0.0076636, 42.8865, 0.00936941, -137.757
5409, 90.14167, 0.417215, 33.2043, 1.30673, 134.089, 4.2847, -33.3875, 0.000251459, 69.042, 0.00766811, 42.8754, 0.00937089, -137.758
5409, 90.15000, 0.416535, 33.1638, 1.30511, 134.109, 4.28033, -33.3951, 0.000250786, 69.0667, 0.00767262, 42.8643, 0.00937237, -137.759
5410, 90.15833, 0.415856, 33.1233, 1.30349, 134.129, 4.27597, -33.4027, 0.000250113, 69.0916, 0.00767714, 42.8532, 0.00937386, -137.76
5410, 90.16666, 0.415177, 33.0829, 1.30187, 134.15, 4.2716, -33.4103, 0.000249441, 69.1166, 0.00768166, 42.8421, 0.00937534, -137.761
5411, 90.17500, 0.414498, 33.0425, 1.30025, 134.17, 4.26724, -33.4179, 0.000248769, 69.1417, 0.00768617, 42.831, 0.00937683, -137.762
5411, 90.18333, 0.413819, 33.0023, 1.29863, 134.191, 4.26288, -33.4255, 0.000248098, 69.167, 0.0076907, 42.8199, 0.00937831, -137.763
5412, 90.19167, 0.41314, 32.962, 1.29701, 134.212, 4.25853, -33.433, 0.000247427, 69.1925, 0.00769522, 42.8088, 0.0093798, -137.764
5412, 90.20000, 0.412462, 32.9219, 1.2954, 134.233, 4.25418, -33.4406, 0.000246756, 69.2181, 0.00769974, 42.7976, 0.00938129, -137.765
5412, 90.20834, 0.411784, 32.8818, 1.29378, 134.253, 4.24983, -33.4481, 0.000246086, 69.2438, 0.00770427, 42.7865, 0.00938278, -137.766
5413, 90.21667, 0.411106, 32.8418, 1.29216, 134.274, 4.24549, -33.4557, 0.000245416, 69.2697, 0.0077088, 42.7754, 0.00938427, -137.767
5414, 90.22500, 0.410429, 32.8019, 1.29054, 134.295, 4.24115, -33.4632, 0.000244747, 69.2957, 0.00771333, 42.7642, 0.00938576, -137.769
5414, 90.23333, 0.409751, 32.762, 1.28892, 134.316, 4.23681, -33.4707, 0.000244078, 69.3219, 0.00771786, 42.7531, 0.00938725, -137.77
5415, 90.24167, 0.409074, 32.7222, 1.2873, 134.338, 4.23248, -33.4782, 0.000243409, 69.3482, 0.0077224, 42.7419, 0.00938875, -137.771
5415, 90.25000, 0.408397, 32.6824, 1.28569, 134.359, 4.22815, -33.4857, 0.000242741, 69.3747, 0.00772694, 42.7308, 0.00939024, -137.772
5416, 90.25833, 0.40772, 32.6428, 1.28407, 134.38, 4.22382, -33.4932, 0.000242074, 69.4013, 0.00773147, 42.7196, 0.00939174, -137.773
5416, 90.26667, 0.407043, 32.6032, 1.28245, 134.402, 4.21949, -33.5007, 0.000241407, 69.4281, 0.00773602, 42.7085, 0.00939323, -137.774
5417, 90.27500, 0.406367, 32.5636, 1.28084, 134.423, 4.21517, -33.5082, 0.00024074, 69.455, 0.00774056, 42.6973, 0.00939473, -137.775
5417, 90.28333, 0.405691, 32.5242, 1.27922, 134.445, 4.21086, -33.5157, 0.000240073, 69.4821, 0.0077451, 42.6861, 0.00939623, -137.776
5418, 90.29166, 0.405015, 32.4848, 1.2776, 134.466, 4.20654, -33.5231, 0.000239407, 69.5094, 0.00774965, 42.6749, 0.00939772, -137.777
5418, 90.30000, 0.404339, 32.4454, 1.27599, 134.488, 4.20223, -33.5306, 0.000238742, 69.5368, 0.0077542, 42.6637, 0.00939923, -137.778
5419, 90.30833, 0.403664, 32.4062, 1.27437, 134.51, 4.19793, -33.538, 0.000238076, 69.5644, 0.00775875, 42.6525, 0.00940073, -137.779
5419, 90.31667, 0.402988, 32.367, 1.27276, 134.532, 4.19362, -33.5454, 0.000237411, 69.5922, 0.00776331, 42.6413, 0.00940223, -137.78
5420, 90.32500, 0.402313, 32.3278, 1.27114, 134.554, 4.18932, -33.5529, 0.000236747, 69.6201, 0.00776786, 42.6301, 0.00940373, -137.781
5420, 90.33334, 0.401638, 32.2888, 1.26953, 134.576, 4.18502, -33.5603, 0.000236083, 69.6481, 0.00777242, 42.6189, 0.00940523, -137.782
5420, 90.34167, 0.400963, 32.2498, 1.26791, 134.598, 4.18073, -33.5677, 0.000235419, 69.6764, 0.00777698, 42.6077, 0.00940674, -137.783
5421, 90.35000, 0.400288, 32.2109, 1.2663, 134.62, 4.17644, -33.5751, 0.000234756, 69.7048, 0.00778154, 42.5965, 0.00940824, -137.784
5422, 90.35833, 0.399614, 32.172, 1.26468, 134.642, 4.17215, -33.5825, 0.000234093, 69.7333, 0.00778611, 42.5853, 0.00940975, -137.785
5422, 90.36667, 0.398939, 32.1332, 1.26307, 134.665, 4.16787, -33.5899, 0.00023343, 69.7621, 0.00779067, 42.574, 0.00941126, -137.786
5423, 90.37500, 0.398265, 32.0945, 1.26145, 134.687, 4.16358, -33.5973, 0.000232768, 69.791, 0.00779524, 42.5628, 0.00941276, -137.787
5423, 90.38333, 0.397591, 32.0558, 1.25984, 134.71, 4.15931, -33.6046, 0.000232106, 69.8201, 0.00779981, 42.5516, 0.00941427, -137.788
5424, 90.39167, 0.396917, 32.0172, 1.25822, 134.733, 4.15503, -33.612, 0.000231445, 69.8493, 0.00780439, 42.5403, 0.00941578, -137.79
5424, 90.40000, 0.396244, 31.9787, 1.25661, 134.755, 4.15076, -33.6194, 0.000230784, 69.8788, 0.00780896, 42.5291, 0.00941729, -137.791
5425, 90.40833, 0.39557, 31.9402, 1.255, 134.778, 4.14649, -33.6267, 0.000230123, 69.9084, 0.00781354, 42.5178, 0.00941881, -137.792
5425, 90.41666, 0.394897, 31.9019, 1.25338, 134.801, 4.14222, -33.634, 0.000229463, 69.9382, 0.00781812, 42.5065, 0.00942032, -137.793
5426, 90.42500, 0.394224, 31.8635, 1.25177, 134.824, 4.13796, -33.6414, 0.000228803, 69.9681, 0.0078227, 42.4953, 0.00942183, -137.794
5426, 90.43333, 0.393551, 31.8253, 1.25016, 134.847, 4.1337, -33.6487, 0.000228143, 69.9983, 0.00782728, 42.484, 0.00942335, -137.795
5427, 90.44167, 0.392878, 31.7871, 1.24854, 134.87, 4.12945, -33.656, 0.000227484, 70.0286, 0.00783187, 42.4727, 0.00942486, -137.796
5427, 90.45000, 0.392205, 31.749, 1.24693, 134.893, 4.12519, -33.6633, 0.000226825, 70.0591, 0.00783646, 42.4614, 0.00942638, -137.797
5428, 90.45834, 0.391532, 31.7109, 1.24532, 134.917, 4.12094, -33.6706, 0.000226167, 70.0898, 0.00784105, 42.4501, 0.0094279, -137.798
5428, 90.46667, 0.39086, 31.6729, 1.24371, 134.94, 4.1167, -33.6779, 0.000225509, 70.1207, 0.00784564, 42.4388, 0.00942942, -137.799
5428, 90.47500, 0.390188, 31.635, 1.24209, 134.964, 4.11245, -33.6852, 0.000224851, 70.1518, 0.00785023, 42.4275, 0.00943094, -137.8
5429, 90.48333, 0.389515, 31.5972, 1.24048, 134.987, 4.10821, -33.6925, 0.000224194, 70.1831, 0.00785483, 42.4162, 0.00943246, -137.801
5430, 90.49167, 0.388843, 31.5594, 1.23887, 135.011, 4.10397, -33.6997, 0.000223536, 70.2145, 0.00785943, 42.4049, 0.00943398, -137.802
5430, 90.50000, 0.388171, 31.5216, 1.23726, 135.035, 4.09974, -33.707, 0.00022288, 70.2462, 0.00786403, 42.3936, 0.0094355, -137.803
5431, 90.50833, 0.387499, 31.484, 1.23565, 135.059, 4.09551, -33.7142, 0.000222223, 70.278, 0.00786864, 42.3822, 0.00943702, -137.804
5431, 90.51667, 0.386828, 31.4464, 1.23404, 135.083, 4.09128, -33.7215, 0.000221567, 70.3101, 0.00787324, 42.3709, 0.00943855, -137.805
5432, 90.52500, 0.386156, 31.4089, 1.23243, 135.107, 4.08705, -33.7287, 0.000220912, 70.3423, 0.00787785, 42.3595, 0.00944007, -137.806
5432, 90.53333, 0.385485, 31.3714, 1.23082, 135.131, 4.08283, -33.7359, 0.000220256, 70.3748, 0.00788246, 42.3482, 0.0094416, -137.807
5433, 90.54166, 0.384813, 31.3341, 1.22921, 135.155, 4.07861, -33.7432, 0.000219601, 70.4074, 0.00788708, 42.3368, 0.00944313, -137.808
5433, 90.55000, 0.384142, 31.2967, 1.2276, 135.18, 4.07439, -33.7504, 0.000218947, 70.4403, 0.00789169, 42.3255, 0.00944465, -137.809
5434, 90.55833, 0.383471, 31.2595, 1.22599, 135.204, 4.07018, -33.7576, 0.000218293, 70.4733, 0.00789631, 42.3141, 0.00944618, -137.81
5434, 90.56667, 0.3828, 31.2223, 1.22437, 135.229, 4.06597, -33.7648, 0.000217639, 70.5066, 0.00790093, 42.3027, 0.00944772, -137.812
5435, 90.57500, 0.382129, 31.1852, 1.22277, 135.253, 4.06176, -33.772, 0.000216985, 70.5401, 0.00790555, 42.2914, 0.00944925, -137.813
5435, 90.58334, 0.381458, 31.1481, 1.22116, 135.278, 4.05756, -33.7792, 0.000216332, 70.5738, 0.00791018, 42.28, 0.00945078, -137.814
5436, 90.59167, 0.380788, 31.1112, 1.21955, 135.303, 4.05336, -33.7863, 0.000215679, 70.6077, 0.0079148, 42.2686, 0.00945231, -137.815
5436, 90.60000, 0.380117, 31.0743, 1.21794, 135.328, 4.04916, -33.7935, 0.000215026, 70.6418, 0.00791943, 42.2572, 0.00945385, -137.816
5436, 90.60833, 0.379446, 31.0374, 1.21633, 135.353, 4.04496, -33.8007, 0.000214374, 70.6761, 0.00792406, 42.2458, 0.00945538, -137.817
5437, 90.61667, 0.378776, 31.0006, 1.21472, 135.378, 4.04077, -33.8078, 0.000213722, 70.7107, 0.0079287, 42.2343, 0.00945692, -137.818
5438, 90.62500, 0.378106, 30.9639, 1.21311, 135.403, 4.03658, -33.815, 0.00021307, 70.7454, 0.00793334, 42.2229, 0.00945845, -137.819
5438, 90.63333, 0.377435, 30.9273, 1.2115, 135.428, 4.03239, -33.8221, 0.000212419, 70.7804, 0.00793798, 42.2115, 0.00945999, -137.82
5439, 90.64167, 0.376765, 30.8907, 1.20989, 135.454, 4.02821, -33.8292, 0.000211768, 70.8156, 0.00794262, 42.2001, 0.00946153, -137.821
5439, 90.65000, 0.376095, 30.8542, 1.20828, 135.479, 4.02403, -33.8364, 0.000211117, 70.8511, 0.00794726, 42.1886, 0.00946307, -137.822
5440, 90.65833, 0.375425, 30.8177, 1.20668, 135.505, 4.01985, -33.8435, 0.000210467, 70.8868, 0.00795191, 42.1772, 0.00946461, -137.823
5440, 90.66666, 0.374755, 30.7814, 1.20507, 135.531, 4.01567, -33.8506, 0.000209817, 70.9227, 0.00795656, 42.1657, 0.00946615, -137.824
5441, 90.67500, 0.374085, 30.7451, 1.20346, 135.557, 4.0115, -33.8577, 0.000209167, 70.9588, 0.00796121, 42.1543, 0.0094677, -137.825
5441, 90.68333, 0.373416, 30.7088, 1.20185, 135.582, 4.00733, -33.8648, 0.000208518, 70.9952, 0.00796586, 42.1428, 0.00946924, -137.826
5441, 90.69167, 0.372746, 30.6726, 1.20025, 135.608, 4.00316, -33.8719, 0.000207869, 71.0318, 0.00797052, 42.1313, 0.00947079, -137.827
5442, 90.70000, 0.372076, 30.6365, 1.19864, 135.635, 3.999, -33.8789, 0.00020722, 71.0686, 0.00797518, 42.1198, 0.00947233, -137.828
5443, 90.70834, 0.371407, 30.6005, 1.19703, 135.661, 3.99484, -33.886, 0.000206572, 71.1057, 0.00797984, 42.1083, 0.00947388, -137.829
5443, 90.71667, 0.370737, 30.5645, 1.19543, 135.687, 3.99068, -33.8931, 0.000205924, 71.143, 0.0079845, 42.0968, 0.00947543, -137.83
5444, 90.72500, 0.370068, 30.5286, 1.19382, 135.714, 3.98653, -33.9001, 0.000205276, 71.1806, 0.00798917, 42.0853, 0.00947698, -137.831
5444, 90.73333, 0.369398, 30.4928, 1.19221, 135.74, 3.98237, -33.9072, 0.000204629, 71.2184, 0.00799384, 42.0738, 0.00947853, -137.832
5444, 90.74167, 0.368729, 30.457, 1.19061, 135.767, 3.97822, -33.9142, 0.000203981, 71.2565, 0.00799851, 42.0623, 0.00948008, -137.833
5445, 90.75000, 0.368059, 30.4213, 1.189, 135.794, 3.97408, -33.9213, 0.000203334, 71.2948, 0.00800318, 42.0508, 0.00948163, -137.834
5446, 90.75833, 0.36739, 30.3857, 1.18739, 135.82, 3.96993, -33.9283, 0.000202688, 71.3334, 0.00800786, 42.0393, 0.00948318, -137.835
5446, 90.76667, 0.366721, 30.3501, 1.18579, 135.847, 3.96579, -33.9353, 0.000202042, 71.3723, 0.00801254, 42.0277, 0.00948474, -137.837
5447, 90.77500, 0.366052, 30.3146, 1.18418, 135.874, 3.96165, -33.9423, 0.000201396, 71.4114, 0.00801722, 42.0162, 0.00948629, -137.838
5447, 90.78333, 0.365383, 30.2792, 1.18258, 135.902, 3.95752, -33.9494, 0.00020075, 71.4507, 0.0080219, 42.0046, 0.00948785, -137.839
5448, 90.79166, 0.364713, 30.2438, 1.18097, 135.929, 3.95338, -33.9564, 0.000200105, 71.4904, 0.00802659, 41.993, 0.00948941, -137.84
5448, 90.80000, 0.364044, 30.2085, 1.17937, 135.956, 3.94925, -33.9634, 0.00019946, 71.5303, 0.00803128, 41.9815, 0.00949096, -137.841
5449, 90.80833, 0.363375, 30.1733, 1.17776, 135.984, 3.94512, -33.9703, 0.000198815, 71.5704, 0.00803597, 41.9699, 0.00949252, -137.842
5449, 90.81667, 0.362706, 30.1381, 1.17616, 136.011, 3.941, -33.9773, 0.00019817, 71.6109, 0.00804067, 41.9583, 0.00949408, -137.843
5449, 90.82500, 0.362037, 30.1031, 1.17455, 136.039, 3.93688, -33.9843, 0.000197526, 71.6516, 0.00804536, 41.9467, 0.00949565, -137.844
5450, 90.83334, 0.361368, 30.068, 1.17295, 136.067, 3.93276, -33.9913, 0.000196882, 71.6926, 0.00805006, 41.9351, 0.00949721, -137.845
5451, 90.84167, 0.360699, 30.0331, 1.17134, 136.095, 3.92864, -33.9982, 0.000196239, 71.7338, 0.00805476, 41.9235, 0.00949877, -137.846
5451, 90.85000, 0.36003, 29.9982, 1.16974, 136.123, 3.92452, -34.0052, 0.000195595, 71.7754, 0.00805947, 41.9119, 0.00950033, -137.847
5452, 90.85833, 0.359362, 29.9634, 1.16814, 136.151, 3.92041, -34.0121, 0.000194952, 71.8172, 0.00806418, 41.9003, 0.0095019, -137.848
5452, 90.86667, 0.358693, 29.9286, 1.16653, 136.18, 3.9163, -34.0191, 0.00019431, 71.8594, 0.00806889, 41.8887, 0.00950347, -137.849
5453, 90.87500, 0.358024, 29.8939, 1.16493, 136.208, 3.9122, -34.026, 0.000193667, 71.9018, 0.0080736, 41.877, 0.00950503, -137.85
5453, 90.88333, 0.357355, 29.8593, 1.16333, 136.236, 3.90809, -34.0329, 0.000193025, 71.9445, 0.00807832, 41.8654, 0.0095066, -137.851
5454, 90.89167, 0.356686, 29.8248, 1.16172, 136.265, 3.90399, -34.0399, 0.000192383, 71.9875, 0.00808303, 41.8537, 0.00950817, -137.852
5454, 90.90000, 0.356017, 29.7903, 1.16012, 136.294, 3.8999, -34.0468, 0.000191741, 72.0308, 0.00808776, 41.8421, 0.00950974, -137.853
5455, 90.90833, 0.355348, 29.7559, 1.15852, 136.323, 3.8958, -34.0537, 0.0001911, 72.0744, 0.00809248, 41.8304, 0.00951132, -137.854
5455, 90.91666, 0.354679, 29.7216, 1.15691, 136.352, 3.89171, -34.0606, 0.000190459, 72.1184, 0.0080972, 41.8187, 0.00951289, -137.855
5456, 90.92500, 0.35401, 29.6873, 1.15531, 136.381, 3.88762, -34.0675, 0.000189818, 72.1626, 0.00810193, 41.807, 0.00951446, -137.856
5456, 90.93333, 0.353342, 29.6531, 1.15371, 136.41, 3.88353, -34.0744, 0.000189178, 72.2072, 0.00810666, 41.7954, 0.00951604, -137.857
5457, 90.94167, 0.352673, 29.619, 1.15211, 136.439, 3.87944, -34.0813, 0.000188538, 72.252, 0.0081114, 41.7836, 0.00951761, -137.858
5457, 90.95000, 0.352004, 29.5849, 1.15051, 136.469, 3.87536, -34.0881, 0.000187898, 72.2972, 0.00811614, 41.7719, 0.00951919, -137.859
5457, 90.95834, 0.351335, 29.5509, 1.1489, 136.498, 3.87128, -34.095, 0.000187258, 72.3427, 0.00812088, 41.7602, 0.00952077, -137.86
5458, 90.96667, 0.350666, 29.517, 1.1473, 136.528, 3.8672, -34.1019, 0.000186619, 72.3885, 0.00812562, 41.7485, 0.00952235, -137.861
5459, 90.97500, 0.349997, 29.4832, 1.1457, 136.558, 3.86313, -34.1087, 0.00018598, 72.4347, 0.00813036, 41.7368, 0.00952393, -137.862
5459, 90.98333, 0.349328, 29.4494, 1.1441, 136.588, 3.85906, -34.1156, 0.000185341, 72.4812, 0.00813511, 41.725, 0.00952551, -137.863
5460, 90.99167, 0.348659, 29.4157, 1.1425, 136.618, 3.85498, -34.1224, 0.000184702, 72.528, 0.00813986, 41.7133, 0.00952709, -137.865
5460, 91.00000, 0.34799, 29.382, 1.1409, 136.648, 3.85092, -34.1292, 0.000184064, 72.5752, 0.00814462, 41.7015, 0.00952867, -137.866
5461, 91.00833, 0.347321, 29.3485, 1.1393, 136.679, 3.84685, -34.1361, 0.000183426, 72.6227, 0.00814937, 41.6898, 0.00953026, -137.867
5461, 91.01667, 0.346652, 29.315, 1.1377, 136.709, 3.84279, -34.1429, 0.000182788, 72.6706, 0.00815413, 41.678, 0.00953184, -137.868
5462, 91.02500, 0.345983, 29.2815, 1.1361, 136.74, 3.83873, -34.1497, 0.000182151, 72.7188, 0.00815889, 41.6662, 0.00953343, -137.869
5462, 91.03333, 0.345313, 29.2482, 1.1345, 136.77, 3.83467, -34.1565, 0.000181513, 72.7673, 0.00816366, 41.6544, 0.00953501, -137.87
5463, 91.04166, 0.344644, 29.2149, 1.1329, 136.801, 3.83062, -34.1633, 0.000180876, 72.8162, 0.00816843, 41.6426, 0.0095366, -137.871
5463, 91.05000, 0.343975, 29.1817, 1.1313, 136.832, 3.82657, -34.1701, 0.00018024, 72.8655, 0.0081732, 41.6308, 0.00953819, -137.872
5464, 91.05833, 0.343306, 29.1485, 1.1297, 136.863, 3.82252, -34.1769, 0.000179603, 72.9152, 0.00817797, 41.619, 0.00953978, -137.873
5464, 91.06667, 0.342636, 29.1154, 1.1281, 136.894, 3.81847, -34.1837, 0.000178967, 72.9652, 0.00818275, 41.6072, 0.00954138, -137.874
5465, 91.07500, 0.341967, 29.0824, 1.1265, 136.926, 3.81442, -34.1905, 0.000178331, 73.0156, 0.00818753, 41.5953, 0.00954297, -137.875
5465, 91.08334, 0.341297, 29.0495, 1.1249, 136.957, 3.81038, -34.1973, 0.000177696, 73.0663, 0.00819231, 41.5835, 0.00954456, -137.876
5465, 91.09167, 0.340628, 29.0166, 1.1233, 136.989, 3.80634, -34.204, 0.00017706, 73.1175, 0.00819709, 41.5717, 0.00954616, -137.877
5466, 91.10000, 0.339958, 28.9838, 1.1217, 137.021, 3.8023, -34.2108, 0.000176425, 73.169, 0.00820188, 41.5598, 0.00954775, -137.878
5467, 91.10833, 0.339289, 28.9511, 1.1201, 137.052, 3.79827, -34.2176, 0.00017579, 73.2209, 0.00820667, 41.5479, 0.00954935, -137.879
5467, 91.11667, 0.338619, 28.9184, 1.11851, 137.084, 3.79424, -34.2243, 0.000175156, 73.2732, 0.00821146, 41.5361, 0.00955095, -137.88
5468, 91.12500, 0.337949, 28.8859, 1.11691, 137.117, 3.79021, -34.2311, 0.000174522, 73.3259, 0.00821626, 41.5242, 0.00955255, -137.881
5468, 91.13333, 0.337279, 28.8534, 1.11531, 137.149, 3.78618, -34.2378, 0.000173887, 73.379, 0.00822106, 41.5123, 0.00955415, -137.882
5469, 91.14167, 0.336609, 28.8209, 1.11371, 137.181, 3.78215, -34.2445, 0.000173254, 73.4325, 0.00822586, 41.5004, 0.00955575, -137.883
5469, 91.15000, 0.335939, 28.7886, 1.11212, 137.214, 3.77813, -34.2512, 0.00017262, 73.4865, 0.00823067, 41.4885, 0.00955735, -137.884
5470, 91.15833, 0.335269, 28.7563, 1.11052, 137.246, 3.77411, -34.258, 0.000171987, 73.5408, 0.00823548, 41.4766, 0.00955896, -137.885
5470, 91.16666, 0.334599, 28.724, 1.10892, 137.279, 3.77009, -34.2647, 0.000171354, 73.5956, 0.00824029, 41.4646, 0.00956056, -137.886
5471, 91.17500, 0.333929, 28.6919, 1.10732, 137.312, 3.76608, -34.2714, 0.000170721, 73.6508, 0.0082451, 41.4527, 0.00956217, -137.887
5471, 91.18333, 0.333258, 28.6598, 1.10573, 137.345, 3.76206, -34.2781, 0.000170089, 73.7064, 0.00824992, 41.4407, 0.00956377, -137.888
5472, 91.19167, 0.332588, 28.6278, 1.10413, 137.379, 3.75805, -34.2848, 0.000169456, 73.7624, 0.00825474, 41.4288, 0.00956538, -137.889
5472, 91.20000, 0.331917, 28.5959, 1.10253, 137.412, 3.75404, -34.2915, 0.000168824, 73.8189, 0.00825956, 41.4168, 0.00956699, -137.89
5473, 91.20834, 0.331247, 28.564, 1.10094, 137.445, 3.75004, -34.2982, 0.000168193, 73.8758, 0.00826439, 41.4048, 0.0095686, -137.891
5473, 91.21667, 0.330576, 28.5323, 1.09934, 137.479, 3.74603, -34.3048, 0.000167561, 73.9332, 0.00826922, 41.3929, 0.00957021, -137.892
5473, 91.22500, 0.329905, 28.5005, 1.09775, 137.513, 3.74203, -34.3115, 0.00016693, 73.9911, 0.00827405, 41.3809, 0.00957182, -137.893
5474, 91.23333, 0.329235, 28.4689, 1.09615, 137.547, 3.73803, -34.3182, 0.000166299, 74.0494, 0.00827888, 41.3689, 0.00957344, -137.894
5475, 91.24167, 0.328563, 28.4374, 1.09456, 137.581, 3.73403, -34.3248, 0.000165668, 74.1081, 0.00828372, 41.3569, 0.00957505, -137.895
5475, 91.25000, 0.327892, 28.4059, 1.09296, 137.615, 3.73004, -34.3315, 0.000165038, 74.1674, 0.00828856, 41.3448, 0.00957667, -137.896
5476, 91.25833, 0.327221, 28.3745, 1.09137, 137.65, 3.72604, -34.3382, 0.000164407, 74.2271, 0.00829341, 41.3328, 0.00957828, -137.897
5476, 91.26667, 0.32655, 28.3431, 1.08977, 137.684, 3.72205, -34.3448, 0.000163777, 74.2873, 0.00829825, 41.3208, 0.0095799, -137.898
5477, 91.27500, 0.325878, 28.3119, 1.08818, 137.719, 3.71807, -34.3514, 0.000163148, 74.3479, 0.0083031, 41.3087, 0.00958152, -137.899
5477, 91.28333, 0.325207, 28.2807, 1.08658, 137.754, 3.71408, -34.3581, 0.000162518, 74.4091, 0.00830796, 41.2967, 0.00958314, -137.9
5478, 91.29166, 0.324535, 28.2496, 1.08499, 137.789, 3.7101, -34.3647, 0.000161889, 74.4708, 0.00831281, 41.2846, 0.00958476, -137.902
5478, 91.30000, 0.323863, 28.2185, 1.0834, 137.824, 3.70612, -34.3713, 0.00016126, 74.5329, 0.00831767, 41.2725, 0.00958639, -137.903
5479, 91.30833, 0.323192, 28.1876, 1.0818, 137.859, 3.70214, -34.3779, 0.000160631, 74.5956, 0.00832253, 41.2604, 0.00958801, -137.904
5479, 91.31667, 0.322519, 28.1567, 1.08021, 137.894, 3.69816, -34.3845, 0.000160003, 74.6588, 0.0083274, 41.2483, 0.00958963, -137.905
5480, 91.32500, 0.321847, 28.1259, 1.07862, 137.93, 3.69418, -34.3912, 0.000159375, 74.7225, 0.00833227, 41.2362, 0.00959126, -137.906
5480, 91.33334, 0.321175, 28.0951, 1.07702, 137.966, 3.69021, -34.3978, 0.000158747, 74.7868, 0.00833714, 41.2241, 0.00959289, -137.907
5481, 91.34167, 0.320503, 28.0645, 1.07543, 138.002, 3.68624, -34.4044, 0.000158119, 74.8516, 0.00834202, 41.212, 0.00959452, -137.908
5481, 91.35000, 0.31983, 28.0339, 1.07384, 138.038, 3.68227, -34.4109, 0.000157492, 74.9169, 0.00834689, 41.1999, 0.00959614, -137.909
5481, 91.35833, 0.319157, 28.0034, 1.07225, 138.074, 3.67831, -34.4175, 0.000156865, 74.9827, 0.00835178, 41.1877, 0.00959778, -137.91
5482, 91.36667, 0.318484, 27.973, 1.07065, 138.11, 3.67434, -34.4241, 0.000156238, 75.0492, 0.00835666, 41.1756, 0.00959941, -137.911
5483, 91.37500, 0.317812, 27.9426, 1.06906, 138.147, 3.67038, -34.4307, 0.000155611, 75.1161, 0.00836155, 41.1634, 0.00960104, -137.912
5483, 91.38333, 0.317138, 27.9124, 1.06747, 138.183, 3.66642, -34.4372, 0.000154985, 75.1837, 0.00836644, 41.1512, 0.00960267, -137.913
5484, 91.39167, 0.316465, 27.8822, 1.06588, 138.22, 3.66247, -34.4438, 0.000154358, 75.2518, 0.00837133, 41.139, 0.00960431, -137.914
5484, 91.40000, 0.315792, 27.8521, 1.06429, 138.257, 3.65851, -34.4504, 0.000153733, 75.3205, 0.00837623, 41.1268, 0.00960595, -137.915
5485, 91.40833, 0.315118, 27.822, 1.0627, 138.294, 3.65456, -34.4569, 0.000153107, 75.3898, 0.00838113, 41.1146, 0.00960758, -137.916
5485, 91.41666, 0.314444, 27.7921, 1.06111, 138.332, 3.65061, -34.4635, 0.000152482, 75.4597, 0.00838603, 41.1024, 0.00960922, -137.917
5486, 91.42500, 0.31377, 27.7622, 1.05952, 138.369, 3.64666, -34.47, 0.000151856, 75.5302, 0.00839094, 41.0902, 0.00961086, -137.918
5486, 91.43333, 0.313096, 27.7324, 1.05793, 138.407, 3.64271, -34.4765, 0.000151232, 75.6013, 0.00839585, 41.078, 0.0096125, -137.919
5487, 91.44167, 0.312422, 27.7027, 1.05634, 138.444, 3.63877, -34.4831, 0.000150607, 75.673, 0.00840077, 41.0657, 0.00961414, -137.92
5487, 91.45000, 0.311748, 27.673, 1.05475, 138.482, 3.63482, -34.4896, 0.000149983, 75.7454, 0.00840568, 41.0535, 0.00961579, -137.921
5488, 91.45834, 0.311073, 27.6435, 1.05316, 138.52, 3.63088, -34.4961, 0.000149359, 75.8184, 0.0084106, 41.0412, 0.00961743, -137.922
5488, 91.46667, 0.310398, 27.614, 1.05157, 138.559, 3.62695, -34.5026, 0.000148735, 75.892, 0.00841552, 41.0289, 0.00961908, -137.923
5489, 91.47500, 0.309723, 27.5846, 1.04998, 138.597, 3.62301, -34.5091, 0.000148111, 75.9663, 0.00842045, 41.0166, 0.00962072, -137.924
5489, 91.48333, 0.309048, 27.5553, 1.04839, 138.636, 3.61908, -34.5156, 0.000147488, 76.0412, 0.00842538, 41.0043, 0.00962237, -137.925
5489, 91.49167, 0.308373, 27.526, 1.04681, 138.675, 3.61514, -34.5221, 0.000146865, 76.1168, 0.00843031, 40.992, 0.00962402, -137.926
5490, 91.50000, 0.307698, 27.4969, 1.04522, 138.714, 3.61121, -34.5286, 0.000146243, 76.1931, 0.00843525, 40.9797, 0.00962567, -137.927
5491, 91.50833, 0.307022, 27.4678, 1.04363, 138.753, 3.60729, -34.5351, 0.00014562, 76.2701, 0.00844019, 40.9674, 0.00962732, -137.928
5491, 91.51667, 0.306346, 27.4388, 1.04204, 138.792, 3.60336, -34.5416, 0.000144998, 76.3478, 0.00844513, 40.955, 0.00962897, -137.929
5492, 91.52500, 0.30567, 27.4099, 1.04046, 138.832, 3.59944, -34.5481, 0.000144376, 76.4261, 0.00845008, 40.9427, 0.00963063, -137.93
5492, 91.53333, 0.304994, 27.3811, 1.03887, 138.871, 3.59551, -34.5546, 0.000143755, 76.5052, 0.00845503, 40.9303, 0.00963228, -137.931
5493, 91.54166, 0.304318, 27.3524, 1.03728, 138.911, 3.59159, -34.561, 0.000143133, 76.585, 0.00845998, 40.918, 0.00963394, -137.932
5493, 91.55000, 0.303641, 27.3237, 1.0357, 138.951, 3.58768, -34.5675, 0.000142512, 76.6655, 0.00846494, 40.9056, 0.00963559, -137.933
5494, 91.55833, 0.302964, 27.2951, 1.03411, 138.991, 3.58376, -34.574, 0.000141891, 76.7468, 0.0084699, 40.8932, 0.00963725, -137.934
5494, 91.56667, 0.302287, 27.2666, 1.03253, 139.032, 3.57985, -34.5804, 0.000141271, 76.8288, 0.00847486, 40.8808, 0.00963891, -137.935
5495, 91.57500, 0.30161, 27.2382, 1.03094, 139.072, 3.57594, -34.5869, 0.000140651, 76.9116, 0.00847983, 40.8684, 0.00964057, -137.936
5495, 91.58334, 0.300932, 27.2099, 1.02936, 139.113, 3.57203, -34.5933, 0.000140031, 76.9951, 0.0084848, 40.8559, 0.00964223, -137.937
5496, 91.59167, 0.300255, 27.1817, 1.02777, 139.154, 3.56812, -34.5998, 0.000139411, 77.0794, 0.00848977, 40.8435, 0.0096439, -137.938
5496, 91.60000, 0.299577, 27.1535, 1.02619, 139.195, 3.56421, -34.6062, 0.000138792, 77.1645, 0.00849475, 40.8311, 0.00964556, -137.939
5497, 91.60833, 0.298899, 27.1255, 1.0246, 139.236, 3.56031, -34.6126, 0.000138173, 77.2505, 0.00849973, 40.8186, 0.00964723, -137.94
5497, 91.61667, 0.298221, 27.0975, 1.02302, 139.278, 3.55641, -34.6191, 0.000137554, 77.3372, 0.00850471, 40.8061, 0.00964889, -137.941
5497, 91.62500, 0.297542, 27.0696, 1.02144, 139.319, 3.55251, -34.6255, 0.000136936, 77.4247, 0.0085097, 40.7937, 0.00965056, -137.942
5498, 91.63333, 0.296863, 27.0418, 1.01985, 139.361, 3.54861, -34.6319, 0.000136318, 77.5131, 0.00851469, 40.7812, 0.00965223, -137.943
5499, 91.64167, 0.296184, 27.0141, 1.01827, 139.403, 3.54471, -34.6383, 0.0001357, 77.6024, 0.00851968, 40.7687, 0.0096539, -137.944
5499, 91.65000, 0.295505, 26.9864, 1.01669, 139.445, 3.54082, -34.6447, 0.000135082, 77.6924, 0.00852468, 40.7562, 0.00965557, -137.945
5500, 91.65833, 0.294826, 26.9589, 1.0151, 139.488, 3.53693, -34.6511, 0.000134465, 77.7834, 0.00852968, 40.7436, 0.00965725, -137.946
5500, 91.66666, 0.294146, 26.9314, 1.01352, 139.53, 3.53304, -34.6575, 0.000133848, 77.8753, 0.00853468, 40.7311, 0.00965892, -137.947
5501, 91.67500, 0.293466, 26.9041, 1.01194, 139.573, 3.52915, -34.6639, 0.000133232, 77.968, 0.00853969, 40.7185, 0.00966059, -137.948
5501, 91.68333, 0.292786, 26.8768, 1.01036, 139.616, 3.52526, -34.6703, 0.000132615, 78.0616, 0.0085447, 40.706, 0.00966227, -137.949
5502, 91.69167, 0.292106, 26.8496, 1.00878, 139.659, 3.52138, -34.6767, 0.000131999, 78.1562, 0.00854972, 40.6934, 0.00966395, -137.95
5502, 91.70000, 0.291425, 26.8225, 1.0072, 139.703, 3.51749, -34.6831, 0.000131384, 78.2517, 0.00855474, 40.6808, 0.00966563, -137.951
5503, 91.70834, 0.290744, 26.7955, 1.00562, 139.746, 3.51361, -34.6894, 0.000130769, 78.3481, 0.00855976, 40.6682, 0.00966731, -137.952
5503, 91.71667, 0.290063, 26.7686, 1.00404, 139.79, 3.50973, -34.6958, 0.000130154, 78.4455, 0.00856478, 40.6556, 0.00966899, -137.953
5504, 91.72500, 0.289382, 26.7418, 1.00246, 139.834, 3.50585, -34.7022, 0.000129539, 78.5439, 0.00856981, 40.643, 0.00967067, -137.954
5504, 91.73333, 0.2887, 26.7151, 1.00088, 139.878, 3.50198, -34.7085, 0.000128925, 78.6432, 0.00857484, 40.6304, 0.00967235, -137.955
5505, 91.74167, 0.288019, 26.6884, 0.999301, 139.922, 3.49811, -34.7149, 0.000128311, 78.7436, 0.00857988, 40.6178, 0.00967404, -137.956
5505, 91.75000, 0.287336, 26.6619, 0.997723, 139.967, 3.49423, -34.7213, 0.000127697, 78.8449, 0.00858492, 40.6051, 0.00967573, -137.957
5505, 91.75833, 0.286654, 26.6354, 0.996145, 140.012, 3.49036, -34.7276, 0.000127084, 78.9473, 0.00858996, 40.5924, 0.00967741, -137.958
5506, 91.76667, 0.285971, 26.6091, 0.994567, 140.057, 3.4865, -34.7339, 0.000126471, 79.0508, 0.00859501, 40.5798, 0.0096791, -137.96
5507, 91.77500, 0.285288, 26.5828, 0.99299, 140.102, 3.48263, -34.7403, 0.000125858, 79.1553, 0.00860006, 40.5671, 0.00968079, -137.961
5507, 91.78333, 0.284605, 26.5567, 0.991413, 140.147, 3.47876, -34.7466, 0.000125246, 79.2608, 0.00860511, 40.5544, 0.00968248, -137.962
5508, 91.79166, 0.283922, 26.5306, 0.989837, 140.193, 3.4749, -34.753, 0.000124635, 79.3675, 0.00861017, 40.5417, 0.00968418, -137.963
5508, 91.80000, 0.283238, 26.5046, 0.988261, 140.239, 3.47104, -34.7593, 0.000124023, 79.4753, 0.00861523, 40.529, 0.00968587, -137.964
5509, 91.80833, 0.282554, 26.4788, 0.986685, 140.285, 3.46718, -34.7656, 0.000123412, 79.5841, 0.0086203, 40.5162, 0.00968756, -137.965
5509, 91.81667, 0.28187, 26.453, 0.98511, 140.331, 3.46332, -34.7719, 0.000122801, 79.6942, 0.00862536, 40.5035, 0.00968926, -137.966
5510, 91.82500, 0.281185, 26.4273, 0.983535, 140.377, 3.45947, -34.7782, 0.000122191, 79.8054, 0.00863044, 40.4907, 0.00969096, -137.967
5510, 91.83334, 0.2805, 26.4017, 0.98196, 140.424, 3.45561, -34.7845, 0.000121581, 79.9177, 0.00863551, 40.478, 0.00969266, -137.968
5511, 91.84167, 0.279815, 26.3762, 0.980386, 140.471, 3.45176, -34.7909, 0.000120972, 80.0313, 0.00864059, 40.4652, 0.00969436, -137.969
5511, 91.85000, 0.27913, 26.3508, 0.978812, 140.518, 3.44791, -34.7972, 0.000120363, 80.146, 0.00864567, 40.4524, 0.00969606, -137.97
5512, 91.85833, 0.278444, 26.3256, 0.977239, 140.565, 3.44406, -34.8035, 0.000119754, 80.262, 0.00865076, 40.4396, 0.00969776, -137.971
5512, 91.86667, 0.277758, 26.3004, 0.975666, 140.612, 3.44022, -34.8098, 0.000119146, 80.3793, 0.00865585, 40.4268, 0.00969946, -137.972
5513, 91.87500, 0.277072, 26.2753, 0.974094, 140.66, 3.43637, -34.816, 0.000118538, 80.4978, 0.00866095, 40.4139, 0.00970117, -137.973
5513, 91.88333, 0.276385, 26.2503, 0.972522, 140.708, 3.43253, -34.8223, 0.000117931, 80.6175, 0.00866604, 40.4011, 0.00970288, -137.974
5513, 91.89167, 0.275698, 26.2254, 0.97095, 140.756, 3.42868, -34.8286, 0.000117324, 80.7386, 0.00867114, 40.3882, 0.00970458, -137.975
5514, 91.90000, 0.275011, 26.2007, 0.969379, 140.805, 3.42484, -34.8349, 0.000116717, 80.861, 0.00867625, 40.3754, 0.00970629, -137.976
5515, 91.90833, 0.274324, 26.176, 0.967809, 140.853, 3.42101, -34.8412, 0.000116111, 80.9848, 0.00868136, 40.3625, 0.009708, -137.977
5515, 91.91666, 0.273636, 26.1514, 0.966238, 140.902, 3.41717, -34.8474, 0.000115505, 81.1099, 0.00868647, 40.3496, 0.00970971, -137.978
5516, 91.92500, 0.272948, 26.127, 0.964669, 140.951, 3.41333, -34.8537, 0.0001149, 81.2364, 0.00869159, 40.3367, 0.00971143, -137.979
5516, 91.93333, 0.272259, 26.1026, 0.963099, 141, 3.4095, -34.86, 0.000114296, 81.3643, 0.00869671, 40.3238, 0.00971314, -137.98
5517, 91.94167, 0.27157, 26.0783, 0.96153, 141.05, 3.40567, -34.8662, 0.000113691, 81.4937, 0.00870183, 40.3108, 0.00971486, -137.981
5517, 91.95000, 0.270881, 26.0542, 0.959962, 141.1, 3.40184, -34.8725, 0.000113088, 81.6245, 0.00870696, 40.2979, 0.00971657, -137.982
5518, 91.95834, 0.270192, 26.0302, 0.958394, 141.15, 3.39801, -34.8787, 0.000112485, 81.7568, 0.00871209, 40.2849, 0.00971829, -137.983
5518, 91.96667, 0.269502, 26.0062, 0.956827, 141.2, 3.39418, -34.885, 0.000111882, 81.8906, 0.00871723, 40.272, 0.00972001, -137.984
5519, 91.97500, 0.268812, 25.9824, 0.95526, 141.25, 3.39036, -34.8912, 0.00011128, 82.0259, 0.00872237, 40.259, 0.00972173, -137.985
5519, 91.98333, 0.268121, 25.9587, 0.953694, 141.301, 3.38653, -34.8974, 0.000110678, 82.1627, 0.00872751, 40.246, 0.00972345, -137.986
5520, 91.99167, 0.267431, 25.9351, 0.952128, 141.352, 3.38271, -34.9037, 0.000110077, 82.3011, 0.00873266, 40.233, 0.00972517, -137.987
5520, 92.00000, 0.26674, 25.9116, 0.950562, 141.403, 3.37889, -34.9099, 0.000109476, 82.4412, 0.00873781, 40.22, 0.0097269, -137.988
5521, 92.00833, 0.266048, 25.8882, 0.948997, 141.454, 3.37507, -34.9161, 0.000108876, 82.5828, 0.00874296, 40.2069, 0.00972862, -137.989
5521, 92.01667, 0.265356, 25.865, 0.947433, 141.506, 3.37125, -34.9224, 0.000108277, 82.7261, 0.00874812, 40.1939, 0.00973035, -137.99
5521, 92.02500, 0.264664, 25.8418, 0.945869, 141.558, 3.36744, -34.9286, 0.000107678, 82.8711, 0.00875328, 40.1808, 0.00973208, -137.991
5522, 92.03333, 0.263972, 25.8188, 0.944306, 141.61, 3.36362, -34.9348, 0.00010708, 83.0178, 0.00875845, 40.1678, 0.00973381, -137.992
5523, 92.04166, 0.263279, 25.7958, 0.942743, 141.662, 3.35981, -34.941, 0.000106482, 83.1662, 0.00876362, 40.1547, 0.00973554, -137.993
5523, 92.05000, 0.262586, 25.773, 0.941181, 141.715, 3.356, -34.9472, 0.000105885, 83.3164, 0.00876879, 40.1416, 0.00973727, -137.994
5524, 92.05833, 0.261892, 25.7504, 0.939619, 141.768, 3.35219, -34.9534, 0.000105288, 83.4683, 0.00877397, 40.1285, 0.00973901, -137.995
5524, 92.06667, 0.261198, 25.7278, 0.938058, 141.821, 3.34838, -34.9596, 0.000104692, 83.6221, 0.00877915, 40.1153, 0.00974074, -137.996
5525, 92.07500, 0.260504, 25.7053, 0.936498, 141.874, 3.34457, -34.9658, 0.000104097, 83.7778, 0.00878434, 40.1022, 0.00974248, -137.997
5525, 92.08334, 0.25981, 25.683, 0.934938, 141.928, 3.34077, -34.972, 0.000103502, 83.9353, 0.00878953, 40.0891, 0.00974421, -137.998
5526, 92.09167, 0.259115, 25.6608, 0.933378, 141.982, 3.33697, -34.9782, 0.000102908, 84.0947, 0.00879472, 40.0759, 0.00974595, -137.999
5526, 92.10000, 0.258419, 25.6387, 0.931819, 142.036, 3.33316, -34.9844, 0.000102315, 84.2561, 0.00879992, 40.0627, 0.00974769, -138
5527, 92.10833, 0.257724, 25.6167, 0.930261, 142.09, 3.32936, -34.9906, 0.000101723, 84.4195, 0.00880512, 40.0495, 0.00974944, -138.001
5527, 92.11667, 0.257028, 25.5948, 0.928703, 142.145, 3.32556, -34.9968, 0.000101131, 84.5849, 0.00881032, 40.0363, 0.00975118, -138.002
5528, 92.12500, 0.256331, 25.5731, 0.927146, 142.2, 3.32177, -35.0029, 0.000100539, 84.7523, 0.00881553, 40.0231, 0.00975292, -138.003
5528, 92.13333, 0.255634, 25.5515, 0.92559, 142.255, 3.31797, -35.0091, 9.99491E-005, 84.9218, 0.00882075, 40.0099, 0.00975467, -138.004
5529, 92.14167, 0.254937, 25.53, 0.924034, 142.311, 3.31418, -35.0153, 9.93593E-005, 85.0934, 0.00882597, 39.9966, 0.00975642, -138.005
5529, 92.15000, 0.25424, 25.5087, 0.922479, 142.366, 3.31038, -35.0214, 9.87704E-005, 85.2672, 0.00883119, 39.9834, 0.00975816, -138.006
5529, 92.15833, 0.253542, 25.4874, 0.920924, 142.422, 3.30659, -35.0276, 9.81823E-005, 85.4432, 0.00883641, 39.9701, 0.00975991, -138.007
5530, 92.16666, 0.252843, 25.4663, 0.91937, 142.478, 3.3028, -35.0338, 9.75949E-005, 85.6214, 0.00884164, 39.9568, 0.00976167, -138.008
5531, 92.17500, 0.252144, 25.4454, 0.917817, 142.535, 3.29901, -35.0399, 9.70084E-005, 85.8018, 0.00884687, 39.9435, 0.00976342, -138.009
5531, 92.18333, 0.251445, 25.4245, 0.916264, 142.592, 3.29523, -35.0461, 9.64227E-005, 85.9846, 0.00885211, 39.9302, 0.00976517, -138.01
5532, 92.19167, 0.250746, 25.4038, 0.914712, 142.649, 3.29144, -35.0522, 9.58378E-005, 86.1697, 0.00885735, 39.9168, 0.00976693, -138.011
5532, 92.20000, 0.250046, 25.3832, 0.913161, 142.706, 3.28765, -35.0584, 9.52538E-005, 86.3572, 0.0088626, 39.9035, 0.00976868, -138.012
5533, 92.20834, 0.249346, 25.3628, 0.91161, 142.764, 3.28387, -35.0645, 9.46707E-005, 86.5472, 0.00886785, 39.8901, 0.00977044, -138.013
5533, 92.21667, 0.248645, 25.3425, 0.91006, 142.822, 3.28009, -35.0706, 9.40884E-005, 86.7396, 0.0088731, 39.8768, 0.0097722, -138.014
5534, 92.22500, 0.247944, 25.3223, 0.908511, 142.88, 3.27631, -35.0768, 9.35072E-005, 86.9345, 0.00887836, 39.8634, 0.00977396, -138.015
5534, 92.23333, 0.247242, 25.3023, 0.906962, 142.938, 3.27253, -35.0829, 9.29268E-005, 87.132, 0.00888362, 39.85, 0.00977572, -138.016
5535, 92.24167, 0.24654, 25.2824, 0.905414, 142.997, 3.26875, -35.089, 9.23474E-005, 87.3321, 0.00888889, 39.8366, 0.00977749, -138.017
5535, 92.25000, 0.245838, 25.2626, 0.903867, 143.056, 3.26498, -35.0952, 9.1769E-005, 87.5349, 0.00889416, 39.8232, 0.00977925, -138.018
5536, 92.25833, 0.245135, 25.243, 0.902321, 143.115, 3.2612, -35.1013, 9.11916E-005, 87.7403, 0.00889943, 39.8097, 0.00978102, -138.019
5536, 92.26667, 0.244432, 25.2235, 0.900775, 143.175, 3.25743, -35.1074, 9.06151E-005, 87.9486, 0.00890471, 39.7963, 0.00978278, -138.02
5537, 92.27500, 0.243728, 25.2041, 0.89923, 143.235, 3.25366, -35.1135, 9.00398E-005, 88.1596, 0.00890999, 39.7828, 0.00978455, -138.021
5537, 92.28333, 0.243024, 25.1849, 0.897685, 143.295, 3.24989, -35.1196, 8.94656E-005, 88.3734, 0.00891528, 39.7693, 0.00978632, -138.022
5537, 92.29166, 0.24232, 25.1659, 0.896142, 143.355, 3.24612, -35.1258, 8.88924E-005, 88.5902, 0.00892057, 39.7558, 0.0097881, -138.023
5538, 92.30000, 0.241615, 25.147, 0.894599, 143.416, 3.24235, -35.1319, 8.83204E-005, 88.8099, 0.00892587, 39.7423, 0.00978987, -138.024
5539, 92.30833, 0.240909, 25.1282, 0.893057, 143.477, 3.23858, -35.138, 8.77495E-005, 89.0327, 0.00893117, 39.7288, 0.00979164, -138.025
5539, 92.31667, 0.240204, 25.1096, 0.891516, 143.538, 3.23482, -35.1441, 8.71797E-005, 89.2585, 0.00893647, 39.7152, 0.00979342, -138.026
5540, 92.32500, 0.239497, 25.0911, 0.889975, 143.6, 3.23105, -35.1502, 8.66112E-005, 89.4874, 0.00894178, 39.7017, 0.0097952, -138.027
5540, 92.33334, 0.238791, 25.0728, 0.888436, 143.662, 3.22729, -35.1563, 8.6044E-005, 89.7195, 0.00894709, 39.6881, 0.00979697, -138.028
5541, 92.34167, 0.238084, 25.0547, 0.886897, 143.724, 3.22353, -35.1624, 8.54779E-005, 89.9548, 0.00895241, 39.6745, 0.00979875, -138.029
5541, 92.35000, 0.237376, 25.0367, 0.885359, 143.786, 3.21977, -35.1684, 8.49132E-005, 90.1934, 0.00895773, 39.6609, 0.00980054, -138.03
5542, 92.35833, 0.236668, 25.0188, 0.883821, 143.849, 3.21601, -35.1745, 8.43498E-005, 90.4354, 0.00896305, 39.6473, 0.00980232, -138.031
5542, 92.36667, 0.23596, 25.0011, 0.882285, 143.912, 3.21225, -35.1806, 8.37877E-005, 90.6808, 0.00896838, 39.6336, 0.0098041, -138.032
5543, 92.37500, 0.235251, 24.9836, 0.880749, 143.976, 3.20849, -35.1867, 8.3227E-005, 90.9296, 0.00897371, 39.62, 0.00980589, -138.033
5543, 92.38333, 0.234542, 24.9662, 0.879215, 144.04, 3.20474, -35.1928, 8.26678E-005, 91.182, 0.00897905, 39.6063, 0.00980768, -138.034
5544, 92.39167, 0.233832, 24.949, 0.877681, 144.104, 3.20099, -35.1989, 8.21099E-005, 91.438, 0.00898439, 39.5927, 0.00980947, -138.035
5544, 92.40000, 0.233122, 24.9319, 0.876148, 144.168, 3.19723, -35.2049, 8.15536E-005, 91.6977, 0.00898974, 39.579, 0.00981126, -138.036
5545, 92.40833, 0.232411, 24.915, 0.874616, 144.233, 3.19348, -35.211, 8.09988E-005, 91.9612, 0.00899509, 39.5653, 0.00981305, -138.037
5545, 92.41666, 0.2317, 24.8983, 0.873084, 144.298, 3.18973, -35.2171, 8.04455E-005, 92.2284, 0.00900044, 39.5515, 0.00981484, -138.038
5545, 92.42500, 0.230988, 24.8817, 0.871554, 144.363, 3.18598, -35.2231, 7.98938E-005, 92.4995, 0.0090058, 39.5378, 0.00981663, -138.039
5546, 92.43333, 0.230276, 24.8653, 0.870025, 144.429, 3.18223, -35.2292, 7.93438E-005, 92.7746, 0.00901116, 39.5241, 0.00981843, -138.04
5547, 92.44167, 0.229563, 24.8491, 0.868496, 144.495, 3.17849, -35.2352, 7.87954E-005, 93.0538, 0.00901653, 39.5103, 0.00982023, -138.041
5547, 92.45000, 0.22885, 24.833, 0.866969, 144.561, 3.17474, -35.2413, 7.82488E-005, 93.337, 0.0090219, 39.4965, 0.00982203, -138.042
5548, 92.45834, 0.228137, 24.8172, 0.865442, 144.628, 3.171, -35.2474, 7.77039E-005, 93.6244, 0.00902728, 39.4827, 0.00982383, -138.043
5548, 92.46667, 0.227423, 24.8015, 0.863916, 144.695, 3.16726, -35.2534, 7.71608E-005, 93.916, 0.00903266, 39.4689, 0.00982563, -138.044
5549, 92.47500, 0.226708, 24.7859, 0.862392, 144.762, 3.16351, -35.2595, 7.66196E-005, 94.212, 0.00903804, 39.4551, 0.00982743, -138.045
5549, 92.48333, 0.225993, 24.7706, 0.860868, 144.83, 3.15977, -35.2655, 7.60802E-005, 94.5124, 0.00904343, 39.4412, 0.00982924, -138.046
5550, 92.49167, 0.225278, 24.7554, 0.859345, 144.898, 3.15603, -35.2715, 7.55428E-005, 94.8173, 0.00904883, 39.4274, 0.00983104, -138.047
5550, 92.50000, 0.224562, 24.7404, 0.857823, 144.966, 3.15229, -35.2776, 7.50073E-005, 95.1268, 0.00905422, 39.4135, 0.00983285, -138.048
5551, 92.50833, 0.223845, 24.7256, 0.856303, 145.035, 3.14856, -35.2836, 7.4474E-005, 95.441, 0.00905963, 39.3996, 0.00983466, -138.049
5551, 92.51667, 0.223128, 24.711, 0.854783, 145.104, 3.14482, -35.2897, 7.39426E-005, 95.7599, 0.00906503, 39.3857, 0.00983647, -138.05
5552, 92.52500, 0.222411, 24.6965, 0.853264, 145.173, 3.14109, -35.2957, 7.34135E-005, 96.0836, 0.00907044, 39.3718, 0.00983828, -138.051
5552, 92.53333, 0.221693, 24.6823, 0.851746, 145.243, 3.13735, -35.3017, 7.28865E-005, 96.4123, 0.00907586, 39.3578, 0.00984009, -138.051
5553, 92.54166, 0.220975, 24.6682, 0.85023, 145.313, 3.13362, -35.3077, 7.23617E-005, 96.746, 0.00908128, 39.3439, 0.00984191, -138.052
5553, 92.55000, 0.220256, 24.6544, 0.848714, 145.383, 3.12989, -35.3138, 7.18393E-005, 97.0848, 0.0090867, 39.3299, 0.00984372, -138.053
5553, 92.55833, 0.219536, 24.6407, 0.8472, 145.454, 3.12616, -35.3198, 7.13193E-005, 97.4288, 0.00909213, 39.3159, 0.00984554, -138.054
5554, 92.56667, 0.218816, 24.6272, 0.845686, 145.525, 3.12243, -35.3258, 7.08016E-005, 97.7781, 0.00909757, 39.3019, 0.00984736, -138.055
5555, 92.57500, 0.218096, 24.6139, 0.844174, 145.596, 3.1187, -35.3318, 7.02864E-005, 98.1328, 0.00910301, 39.2879, 0.00984918, -138.056
5555, 92.58334, 0.217375, 24.6009, 0.842663, 145.668, 3.11497, -35.3378, 6.97738E-005, 98.4929, 0.00910845, 39.2739, 0.009851, -138.057
5556, 92.59167, 0.216653, 24.588, 0.841152, 145.74, 3.11125, -35.3439, 6.92638E-005, 98.8587, 0.00911389, 39.2598, 0.00985283, -138.058
5556, 92.60000, 0.215931, 24.5753, 0.839643, 145.813, 3.10752, -35.3499, 6.87565E-005, 99.2301, 0.00911935, 39.2458, 0.00985465, -138.059
5557, 92.60833, 0.215209, 24.5629, 0.838136, 145.885, 3.1038, -35.3559, 6.8252E-005, 99.6074, 0.0091248, 39.2317, 0.00985648, -138.06
5557, 92.61667, 0.214486, 24.5506, 0.836629, 145.959, 3.10008, -35.3619, 6.77502E-005, 99.9905, 0.00913026, 39.2176, 0.00985831, -138.061
5558, 92.62500, 0.213762, 24.5386, 0.835123, 146.032, 3.09635, -35.3679, 6.72513E-005, 100.38, 0.00913573, 39.2035, 0.00986014, -138.062
5558, 92.63333, 0.213038, 24.5267, 0.833619, 146.106, 3.09263, -35.3739, 6.67555E-005, 100.775, 0.0091412, 39.1893, 0.00986197, -138.063
5559, 92.64167, 0.212313, 24.5151, 0.832116, 146.181, 3.08891, -35.3799, 6.62626E-005, 101.176, 0.00914667, 39.1752, 0.0098638, -138.064
5559, 92.65000, 0.211588, 24.5037, 0.830614, 146.255, 3.08519, -35.3859, 6.57729E-005, 101.584, 0.00915215, 39.161, 0.00986564, -138.065
5560, 92.65833, 0.210863, 24.4926, 0.829113, 146.33, 3.08148, -35.3919, 6.52864E-005, 101.998, 0.00915763, 39.1468, 0.00986747, -138.066
5560, 92.66666, 0.210136, 24.4816, 0.827614, 146.406, 3.07776, -35.3979, 6.48031E-005, 102.419, 0.00916312, 39.1326, 0.00986931, -138.067
5561, 92.67500, 0.209409, 24.4709, 0.826115, 146.482, 3.07404, -35.4039, 6.43232E-005, 102.846, 0.00916861, 39.1184, 0.00987115, -138.068
5561, 92.68333, 0.208682, 24.4604, 0.824619, 146.558, 3.07033, -35.4098, 6.38468E-005, 103.28, 0.00917411, 39.1042, 0.00987299, -138.069
5561, 92.69167, 0.207954, 24.4501, 0.823123, 146.634, 3.06661, -35.4158, 6.33739E-005, 103.721, 0.00917961, 39.0899, 0.00987483, -138.07
5562, 92.70000, 0.207226, 24.4401, 0.821628, 146.711, 3.0629, -35.4218, 6.29047E-005, 104.168, 0.00918512, 39.0757, 0.00987668, -138.071
5563, 92.70834, 0.206497, 24.4303, 0.820135, 146.789, 3.05919, -35.4278, 6.24392E-005, 104.623, 0.00919063, 39.0614, 0.00987852, -138.072
5563, 92.71667, 0.205767, 24.4208, 0.818643, 146.867, 3.05548, -35.4338, 6.19775E-005, 105.085, 0.00919615, 39.0471, 0.00988037, -138.073
5564, 92.72500, 0.205037, 24.4115, 0.817153, 146.945, 3.05177, -35.4398, 6.15197E-005, 105.554, 0.00920167, 39.0328, 0.00988222, -138.074
5564, 92.73333, 0.204307, 24.4024, 0.815664, 147.023, 3.04806, -35.4457, 6.1066E-005, 106.031, 0.00920719, 39.0185, 0.00988407, -138.075
5565, 92.74167, 0.203575, 24.3936, 0.814176, 147.102, 3.04435, -35.4517, 6.06163E-005, 106.515, 0.00921272, 39.0041, 0.00988592, -138.076
5565, 92.75000, 0.202844, 24.385, 0.81269, 147.182, 3.04064, -35.4577, 6.0171E-005, 107.007, 0.00921826, 38.9897, 0.00988777, -138.077
5566, 92.75833, 0.202111, 24.3767, 0.811205, 147.261, 3.03694, -35.4636, 5.97299E-005, 107.506, 0.0092238, 38.9754, 0.00988962, -138.078
5566, 92.76667, 0.201378, 24.3686, 0.809721, 147.342, 3.03323, -35.4696, 5.92933E-005, 108.013, 0.00922934, 38.961, 0.00989148, -138.079
5566, 92.77500, 0.200645, 24.3608, 0.808239, 147.422, 3.02953, -35.4756, 5.88612E-005, 108.528, 0.00923489, 38.9465, 0.00989334, -138.08
5567, 92.78333, 0.199911, 24.3533, 0.806759, 147.503, 3.02583, -35.4815, 5.84339E-005, 109.051, 0.00924044, 38.9321, 0.0098952, -138.081
5568, 92.79166, 0.199176, 24.346, 0.805279, 147.585, 3.02212, -35.4875, 5.80113E-005, 109.582, 0.009246, 38.9176, 0.00989706, -138.082
5568, 92.80000, 0.198441, 24.339, 0.803802, 147.666, 3.01842, -35.4935, 5.75936E-005, 110.121, 0.00925156, 38.9032, 0.00989892, -138.083
5569, 92.80833, 0.197705, 24.3323, 0.802325, 147.749, 3.01472, -35.4994, 5.7181E-005, 110.669, 0.00925713, 38.8887, 0.00990078, -138.084
5569, 92.81667, 0.196969, 24.3258, 0.80085, 147.831, 3.01102, -35.5054, 5.67734E-005, 111.224, 0.0092627, 38.8742, 0.00990265, -138.085
5569, 92.82500, 0.196232, 24.3197, 0.799377, 147.914, 3.00732, -35.5113, 5.63712E-005, 111.789, 0.00926828, 38.8597, 0.00990451, -138.086
5570, 92.83334, 0.195494, 24.3138, 0.797906, 147.998, 3.00362, -35.5173, 5.59744E-005, 112.361, 0.00927386, 38.8451, 0.00990638, -138.087
5571, 92.84167, 0.194756, 24.3082, 0.796435, 148.082, 2.99992, -35.5232, 5.55831E-005, 112.943, 0.00927945, 38.8306, 0.00990825, -138.088
5571, 92.85000, 0.194018, 24.3029, 0.794967, 148.166, 2.99623, -35.5292, 5.51976E-005, 113.533, 0.00928504, 38.816, 0.00991013, -138.089
5572, 92.85833, 0.193278, 24.2978, 0.7935, 148.251, 2.99253, -35.5351, 5.48178E-005, 114.131, 0.00929063, 38.8014, 0.009912, -138.09
5572, 92.86667, 0.192538, 24.2931, 0.792034, 148.336, 2.98884, -35.541, 5.44439E-005, 114.739, 0.00929624, 38.7868, 0.00991387, -138.091
5573, 92.87500, 0.191798, 24.2887, 0.79057, 148.422, 2.98514, -35.547, 5.40762E-005, 115.355, 0.00930184, 38.7722, 0.00991575, -138.092
5573, 92.88333, 0.191057, 24.2845, 0.789108, 148.508, 2.98145, -35.5529, 5.37147E-005, 115.98, 0.00930745, 38.7575, 0.00991763, -138.093
5574, 92.89167, 0.190315, 24.2807, 0.787647, 148.594, 2.97776, -35.5589, 5.33595E-005, 116.614, 0.00931307, 38.7429, 0.00991951, -138.094
5574, 92.90000, 0.189573, 24.2772, 0.786189, 148.681, 2.97407, -35.5648, 5.30109E-005, 117.257, 0.00931869, 38.7282, 0.00992139, -138.095
5574, 92.90833, 0.18883, 24.274, 0.784732, 148.769, 2.97038, -35.5707, 5.26689E-005, 117.909, 0.00932431, 38.7135, 0.00992327, -138.096
5575, 92.91666, 0.188086, 24.2712, 0.783276, 148.857, 2.96669, -35.5767, 5.23338E-005, 118.57, 0.00932994, 38.6988, 0.00992516, -138.097
5576, 92.92500, 0.187342, 24.2686, 0.781822, 148.945, 2.963, -35.5826, 5.20056E-005, 119.239, 0.00933558, 38.684, 0.00992704, -138.098
5576, 92.93333, 0.186598, 24.2664, 0.78037, 149.034, 2.95931, -35.5885, 5.16845E-005, 119.918, 0.00934122, 38.6693, 0.00992893, -138.099
5577, 92.94167, 0.185852, 24.2645, 0.77892, 149.123, 2.95562, -35.5945, 5.13707E-005, 120.606, 0.00934686, 38.6545, 0.00993082, -138.1
5577, 92.95000, 0.185106, 24.263, 0.777472, 149.213, 2.95193, -35.6004, 5.10643E-005, 121.302, 0.00935251, 38.6397, 0.00993271, -138.101
5578, 92.95834, 0.18436, 24.2618, 0.776025, 149.303, 2.94825, -35.6063, 5.07655E-005, 122.008, 0.00935817, 38.6249, 0.0099346, -138.102
5578, 92.96667, 0.183613, 24.2609, 0.77458, 149.393, 2.94456, -35.6122, 5.04744E-005, 122.722, 0.00936383, 38.6101, 0.0099365, -138.103
5579, 92.97500, 0.182865, 24.2604, 0.773137, 149.484, 2.94088, -35.6182, 5.01911E-005, 123.445, 0.00936949, 38.5952, 0.00993839, -138.104
5579, 92.98333, 0.182116, 24.2602, 0.771696, 149.576, 2.93719, -35.6241, 4.9916E-005, 124.177, 0.00937516, 38.5804, 0.00994029, -138.105
5580, 92.99167, 0.181367, 24.2605, 0.770256, 149.668, 2.93351, -35.63, 4.9649E-005, 124.917, 0.00938084, 38.5655, 0.00994219, -138.106
5580, 93.00000, 0.180618, 24.261, 0.768819, 149.76, 2.92983, -35.6359, 4.93903E-005, 125.666, 0.00938652, 38.5506, 0.00994409, -138.107
5581, 93.00833, 0.179867, 24.262, 0.767384, 149.853, 2.92614, -35.6418, 4.91402E-005, 126.423, 0.0093922, 38.5357, 0.009946, -138.108
5581, 93.01667, 0.179116, 24.2633, 0.76595, 149.947, 2.92246, -35.6478, 4.88986E-005, 127.189, 0.00939789, 38.5207, 0.0099479, -138.109
5582, 93.02500, 0.178365, 24.265, 0.764518, 150.041, 2.91878, -35.6537, 4.86659E-005, 127.962, 0.00940358, 38.5058, 0.00994981, -138.11
5582, 93.03333, 0.177613, 24.2671, 0.763089, 150.135, 2.9151, -35.6596, 4.84421E-005, 128.743, 0.00940928, 38.4908, 0.00995171, -138.111
5582, 93.04166, 0.17686, 24.2696, 0.761661, 150.23, 2.91142, -35.6655, 4.82274E-005, 129.533, 0.00941499, 38.4758, 0.00995362, -138.112
5583, 93.05000, 0.176106, 24.2725, 0.760236, 150.325, 2.90774, -35.6714, 4.8022E-005, 130.329, 0.0094207, 38.4608, 0.00995553, -138.113
5584, 93.05833, 0.175352, 24.2757, 0.758812, 150.421, 2.90407, -35.6773, 4.78259E-005, 131.133, 0.00942641, 38.4458, 0.00995744, -138.114
5584, 93.06667, 0.174597, 24.2794, 0.75739, 150.517, 2.90039, -35.6832, 4.76394E-005, 131.945, 0.00943213, 38.4307, 0.00995936, -138.114
5585, 93.07500, 0.173842, 24.2835, 0.755971, 150.614, 2.89671, -35.6891, 4.74625E-005, 132.763, 0.00943786, 38.4156, 0.00996128, -138.115
5585, 93.08334, 0.173086, 24.2881, 0.754554, 150.712, 2.89304, -35.695, 4.72953E-005, 133.587, 0.00944359, 38.4006, 0.00996319, -138.116
5586, 93.09167, 0.172329, 24.293, 0.753138, 150.81, 2.88936, -35.7009, 4.71381E-005, 134.418, 0.00944932, 38.3854, 0.00996511, -138.117
5586, 93.10000, 0.171572, 24.2984, 0.751725, 150.908, 2.88569, -35.7068, 4.6991E-005, 135.255, 0.00945506, 38.3703, 0.00996703, -138.118
5587, 93.10833, 0.170814, 24.3042, 0.750315, 151.007, 2.88201, -35.7127, 4.68539E-005, 136.098, 0.00946081, 38.3552, 0.00996896, -138.119
5587, 93.11667, 0.170055, 24.3105, 0.748906, 151.106, 2.87834, -35.7186, 4.67272E-005, 136.947, 0.00946656, 38.34, 0.00997088, -138.12
5588, 93.12500, 0.169296, 24.3172, 0.747499, 151.206, 2.87467, -35.7245, 4.66108E-005, 137.8, 0.00947231, 38.3248, 0.00997281, -138.121
5588, 93.13333, 0.168536, 24.3244, 0.746095, 151.306, 2.87099, -35.7304, 4.65049E-005, 138.658, 0.00947807, 38.3096, 0.00997473, -138.122
5589, 93.14167, 0.167775, 24.3321, 0.744693, 151.407, 2.86732, -35.7363, 4.64096E-005, 139.521, 0.00948384, 38.2944, 0.00997666, -138.123
5589, 93.15000, 0.167014, 24.3402, 0.743293, 151.509, 2.86365, -35.7422, 4.6325E-005, 140.387, 0.00948961, 38.2792, 0.0099786, -138.124
5590, 93.15833, 0.166252, 24.3488, 0.741896, 151.611, 2.85998, -35.7481, 4.62511E-005, 141.258, 0.00949538, 38.2639, 0.00998053, -138.125
5590, 93.16666, 0.16549, 24.3579, 0.740501, 151.713, 2.85631, -35.754, 4.6188E-005, 142.131, 0.00950117, 38.2486, 0.00998246, -138.126
5590, 93.17500, 0.164726, 24.3675, 0.739108, 151.816, 2.85264, -35.7599, 4.61358E-005, 143.008, 0.00950695, 38.2333, 0.0099844, -138.127
5591, 93.18333, 0.163963, 24.3776, 0.737718, 151.92, 2.84897, -35.7657, 4.60947E-005, 143.887, 0.00951274, 38.218, 0.00998634, -138.128
5592, 93.19167, 0.163198, 24.3882, 0.73633, 152.024, 2.8453, -35.7716, 4.60645E-005, 144.768, 0.00951854, 38.2026, 0.00998828, -138.129
5592, 93.20000, 0.162433, 24.3993, 0.734944, 152.128, 2.84164, -35.7775, 4.60454E-005, 145.651, 0.00952434, 38.1873, 0.00999022, -138.13
5593, 93.20834, 0.161667, 24.411, 0.733561, 152.234, 2.83797, -35.7834, 4.60374E-005, 146.535, 0.00953015, 38.1719, 0.00999216, -138.131
5593, 93.21667, 0.1609, 24.4232, 0.732181, 152.339, 2.8343, -35.7893, 4.60406E-005, 147.42, 0.00953596, 38.1565, 0.00999411, -138.132
5594, 93.22500, 0.160133, 24.4359, 0.730803, 152.445, 2.83064, -35.7952, 4.60549E-005, 148.305, 0.00954178, 38.1411, 0.00999605, -138.133
5594, 93.23333, 0.159365, 24.4492, 0.729427, 152.552, 2.82697, -35.801, 4.60805E-005, 149.19, 0.0095476, 38.1256, 0.009998, -138.134
5595, 93.24167, 0.158596, 24.463, 0.728054, 152.66, 2.8233, -35.8069, 4.61172E-005, 150.075, 0.00955343, 38.1102, 0.00999995, -138.135
5595, 93.25000, 0.157827, 24.4775, 0.726684, 152.767, 2.81964, -35.8128, 4.61651E-005, 150.959, 0.00955926, 38.0947, 0.0100019, -138.136
5596, 93.25833, 0.157057, 24.4925, 0.725316, 152.876, 2.81598, -35.8187, 4.62243E-005, 151.841, 0.0095651, 38.0792, 0.0100039, -138.137
5596, 93.26667, 0.156287, 24.508, 0.723951, 152.985, 2.81231, -35.8246, 4.62946E-005, 152.722, 0.00957095, 38.0637, 0.0100058, -138.138
5597, 93.27500, 0.155515, 24.5242, 0.722588, 153.094, 2.80865, -35.8304, 4.63761E-005, 153.601, 0.0095768, 38.0481, 0.0100078, -138.139
5597, 93.28333, 0.154743, 24.541, 0.721228, 153.205, 2.80499, -35.8363, 4.64687E-005, 154.477, 0.00958265, 38.0326, 0.0100097, -138.14
5598, 93.29166, 0.153971, 24.5585, 0.719871, 153.315, 2.80132, -35.8422, 4.65724E-005, 155.35, 0.00958851, 38.017, 0.0100117, -138.141
5598, 93.30000, 0.153197, 24.5765, 0.718517, 153.427, 2.79766, -35.848, 4.66872E-005, 156.219, 0.00959438, 38.0014, 0.0100137, -138.142
5598, 93.30833, 0.152423, 24.5952, 0.717165, 153.538, 2.794, -35.8539, 4.68129E-005, 157.085, 0.00960025, 37.9857, 0.0100156, -138.143
5599, 93.31667, 0.151649, 24.6145, 0.715816, 153.651, 2.79034, -35.8598, 4.69496E-005, 157.947, 0.00960612, 37.9701, 0.0100176, -138.144
5600, 93.32500, 0.150873, 24.6345, 0.71447, 153.764, 2.78668, -35.8657, 4.70972E-005, 158.804, 0.00961201, 37.9544, 0.0100196, -138.145
5600, 93.33334, 0.150097, 24.6552, 0.713127, 153.877, 2.78302, -35.8715, 4.72556E-005, 159.657, 0.00961789, 37.9387, 0.0100215, -138.146
5601, 93.34167, 0.149321, 24.6766, 0.711787, 153.992, 2.77936, -35.8774, 4.74247E-005, 160.504, 0.00962378, 37.923, 0.0100235, -138.147
5601, 93.35000, 0.148543, 24.6986, 0.710449, 154.106, 2.7757, -35.8833, 4.76045E-005, 161.346, 0.00962968, 37.9073, 0.0100255, -138.148
5602, 93.35833, 0.147765, 24.7214, 0.709115, 154.222, 2.77204, -35.8891, 4.77948E-005, 162.182, 0.00963558, 37.8916, 0.0100274, -138.149
5602, 93.36667, 0.146986, 24.7449, 0.707783, 154.338, 2.76838, -35.895, 4.79956E-005, 163.011, 0.00964149, 37.8758, 0.0100294, -138.15
5603, 93.37500, 0.146207, 24.7691, 0.706455, 154.454, 2.76472, -35.9009, 4.82067E-005, 163.835, 0.00964741, 37.86, 0.0100314, -138.151
5603, 93.38333, 0.145427, 24.7941, 0.70513, 154.571, 2.76106, -35.9067, 4.84281E-005, 164.651, 0.00965333, 37.8442, 0.0100334, -138.152
5604, 93.39167, 0.144646, 24.8198, 0.703807, 154.689, 2.75741, -35.9126, 4.86597E-005, 165.461, 0.00965925, 37.8284, 0.0100354, -138.153
5604, 93.40000, 0.143864, 24.8463, 0.702488, 154.807, 2.75375, -35.9184, 4.89012E-005, 166.263, 0.00966518, 37.8125, 0.0100373, -138.154
5605, 93.40833, 0.143082, 24.8736, 0.701172, 154.926, 2.75009, -35.9243, 4.91527E-005, 167.058, 0.00967112, 37.7966, 0.0100393, -138.155
5605, 93.41666, 0.142299, 24.9018, 0.699858, 155.046, 2.74643, -35.9302, 4.9414E-005, 167.846, 0.00967706, 37.7807, 0.0100413, -138.156
5606, 93.42500, 0.141516, 24.9307, 0.698549, 155.166, 2.74278, -35.936, 4.9685E-005, 168.625, 0.00968301, 37.7648, 0.0100433, -138.157
5606, 93.43333, 0.140732, 24.9604, 0.697242, 155.287, 2.73912, -35.9419, 4.99655E-005, 169.397, 0.00968896, 37.7489, 0.0100453, -138.158
5606, 93.44167, 0.139947, 24.991, 0.695939, 155.408, 2.73547, -35.9477, 5.02554E-005, 170.161, 0.00969492, 37.7329, 0.0100473, -138.158
5607, 93.45000, 0.139161, 25.0225, 0.694638, 155.53, 2.73181, -35.9536, 5.05546E-005, 170.916, 0.00970088, 37.7169, 0.0100493, -138.159
5608, 93.45834, 0.138375, 25.0548, 0.693342, 155.653, 2.72816, -35.9594, 5.0863E-005, 171.662, 0.00970685, 37.7009, 0.0100513, -138.16
5608, 93.46667, 0.137588, 25.0881, 0.692048, 155.776, 2.7245, -35.9653, 5.11804E-005, 172.401, 0.00971282, 37.6849, 0.0100533, -138.161
5609, 93.47500, 0.1368, 25.1222, 0.690758, 155.9, 2.72085, -35.9711, 5.15067E-005, 173.13, 0.0097188, 37.6688, 0.0100553, -138.162
5609, 93.48333, 0.136012, 25.1573, 0.689471, 156.024, 2.71719, -35.977, 5.18418E-005, 173.851, 0.00972479, 37.6528, 0.0100573, -138.163
5610, 93.49167, 0.135223, 25.1934, 0.688188, 156.15, 2.71354, -35.9829, 5.21854E-005, 174.563, 0.00973078, 37.6367, 0.0100593, -138.164
5610, 93.50000, 0.134434, 25.2304, 0.686908, 156.275, 2.70988, -35.9887, 5.25376E-005, 175.266, 0.00973677, 37.6206, 0.0100613, -138.165
5611, 93.50833, 0.133643, 25.2684, 0.685632, 156.402, 2.70623, -35.9946, 5.2898E-005, 175.961, 0.00974278, 37.6044, 0.0100633, -138.166
5611, 93.51667, 0.132852, 25.3074, 0.684359, 156.529, 2.70258, -36.0004, 5.32668E-005, 176.646, 0.00974878, 37.5883, 0.0100653, -138.167
5612, 93.52500, 0.132061, 25.3474, 0.68309, 156.657, 2.69892, -36.0063, 5.36435E-005, 177.322, 0.0097548, 37.5721, 0.0100673, -138.168
5612, 93.53333, 0.131268, 25.3885, 0.681824, 156.785, 2.69527, -36.0121, 5.40282E-005, 177.989, 0.00976082, 37.5559, 0.0100693, -138.169
5613, 93.54166, 0.130475, 25.4306, 0.680562, 156.914, 2.69162, -36.018, 5.44207E-005, 178.648, 0.00976684, 37.5397, 0.0100714, -138.17
5613, 93.55000, 0.129682, 25.4738, 0.679304, 157.044, 2.68797, -36.0238, 5.48208E-005, 179.297, 0.00977287, 37.5234, 0.0100734, -138.171
5614, 93.55833, 0.128888, 25.5182, 0.678049, 157.174, 2.68431, -36.0296, 5.52284E-005, 179.937, 0.00977891, 37.5072, 0.0100754, -138.172
5614, 93.56667, 0.128093, 25.5636, 0.676798, 157.305, 2.68066, -36.0355, 5.56435E-005, -179.431, 0.00978495, 37.4909, 0.0100774, -138.173
5614, 93.57500, 0.127297, 25.6103, 0.675551, 157.437, 2.67701, -36.0413, 5.60658E-005, -178.809, 0.009791, 37.4746, 0.0100794, -138.174
5615, 93.58334, 0.126501, 25.6581, 0.674308, 157.569, 2.67336, -36.0472, 5.64952E-005, -178.196, 0.00979705, 37.4582, 0.0100815, -138.175
5616, 93.59167, 0.125704, 25.7071, 0.673068, 157.702, 2.66971, -36.053, 5.69316E-005, -177.591, 0.00980311, 37.4419, 0.0100835, -138.176
5616, 93.60000, 0.124906, 25.7573, 0.671833, 157.836, 2.66606, -36.0589, 5.73749E-005, -176.995, 0.00980917, 37.4255, 0.0100855, -138.177
5617, 93.60833, 0.124108, 25.8088, 0.670601, 157.97, 2.66241, -36.0647, 5.78249E-005, -176.408, 0.00981524, 37.4091, 0.0100876, -138.178
5617, 93.61667, 0.123309, 25.8616, 0.669374, 158.105, 2.65875, -36.0706, 5.82816E-005, -175.83, 0.00982132, 37.3927, 0.0100896, -138.179
5618, 93.62500, 0.12251, 25.9156, 0.66815, 158.241, 2.6551, -36.0764, 5.87447E-005, -175.26, 0.0098274, 37.3762, 0.0100916, -138.18
5618, 93.63333, 0.12171, 25.9711, 0.66693, 158.377, 2.65145, -36.0822, 5.92142E-005, -174.699, 0.00983349, 37.3597, 0.0100937, -138.181
5619, 93.64167, 0.120909, 26.0278, 0.665715, 158.514, 2.6478, -36.0881, 5.969E-005, -174.146, 0.00983958, 37.3432, 0.0100957, -138.182
5619, 93.65000, 0.120108, 26.086, 0.664503, 158.652, 2.64415, -36.0939, 6.01719E-005, -173.602, 0.00984568, 37.3267, 0.0100977, -138.183
5620, 93.65833, 0.119306, 26.1456, 0.663296, 158.79, 2.6405, -36.0998, 6.06599E-005, -173.066, 0.00985178, 37.3102, 0.0100998, -138.184
5620, 93.66666, 0.118503, 26.2067, 0.662093, 158.929, 2.63685, -36.1056, 6.11538E-005, -172.538, 0.00985789, 37.2936, 0.0101018, -138.185
5621, 93.67500, 0.1177, 26.2692, 0.660894, 159.069, 2.6332, -36.1114, 6.16534E-005, -172.018, 0.00986401, 37.277, 0.0101039, -138.186
5621, 93.68333, 0.116897, 26.3333, 0.6597, 159.209, 2.62955, -36.1173, 6.21587E-005, -171.507, 0.00987013, 37.2604, 0.0101059, -138.187
5622, 93.69167, 0.116092, 26.3989, 0.658509, 159.35, 2.6259, -36.1231, 6.26697E-005, -171.003, 0.00987626, 37.2438, 0.010108, -138.188
5622, 93.70000, 0.115287, 26.4661, 0.657323, 159.492, 2.62225, -36.1289, 6.31861E-005, -170.507, 0.00988239, 37.2271, 0.01011, -138.189
5622, 93.70834, 0.114482, 26.535, 0.656142, 159.635, 2.6186, -36.1348, 6.37078E-005, -170.019, 0.00988853, 37.2105, 0.0101121, -138.19
5623, 93.71667, 0.113676, 26.6055, 0.654965, 159.778, 2.61495, -36.1406, 6.4235E-005, -169.538, 0.00989468, 37.1938, 0.0101141, -138.191
5624, 93.72500, 0.112869, 26.6777, 0.653792, 159.922, 2.6113, -36.1465, 6.47672E-005, -169.065, 0.00990083, 37.177, 0.0101162, -138.192
5624, 93.73333, 0.112062, 26.7517, 0.652624, 160.067, 2.60765, -36.1523, 6.53045E-005, -168.6, 0.00990698, 37.1603, 0.0101183, -138.193
5625, 93.74167, 0.111254, 26.8274, 0.65146, 160.212, 2.604, -36.1581, 6.58469E-005, -168.141, 0.00991315, 37.1435, 0.0101203, -138.194
5625, 93.75000, 0.110445, 26.905, 0.650301, 160.358, 2.60035, -36.164, 6.63941E-005, -167.69, 0.00991932, 37.1267, 0.0101224, -138.195
5626, 93.75833, 0.109637, 26.9844, 0.649147, 160.505, 2.5967, -36.1698, 6.69461E-005, -167.246, 0.00992549, 37.1099, 0.0101245, -138.196
5626, 93.76667, 0.108827, 27.0657, 0.647997, 160.653, 2.59305, -36.1756, 6.7503E-005, -166.809, 0.00993167, 37.093, 0.0101265, -138.197
5627, 93.77500, 0.108017, 27.149, 0.646852, 160.801, 2.5894, -36.1815, 6.80644E-005, -166.379, 0.00993786, 37.0762, 0.0101286, -138.198
5627, 93.78333, 0.107207, 27.2344, 0.645712, 160.95, 2.58575, -36.1873, 6.86303E-005, -165.955, 0.00994405, 37.0593, 0.0101307, -138.199
5628, 93.79166, 0.106396, 27.3217, 0.644577, 161.099, 2.5821, -36.1931, 6.92008E-005, -165.539, 0.00995025, 37.0424, 0.0101327, -138.2
5628, 93.80000, 0.105584, 27.4112, 0.643446, 161.25, 2.57846, -36.199, 6.97756E-005, -165.128, 0.00995645, 37.0254, 0.0101348, -138.201
5629, 93.80833, 0.104772, 27.5028, 0.642321, 161.401, 2.57481, -36.2048, 7.03548E-005, -164.725, 0.00996266, 37.0085, 0.0101369, -138.202
5629, 93.81667, 0.10396, 27.5967, 0.6412, 161.553, 2.57116, -36.2106, 7.09382E-005, -164.327, 0.00996888, 36.9915, 0.010139, -138.202
5630, 93.82500, 0.103147, 27.6928, 0.640084, 161.705, 2.56751, -36.2164, 7.15258E-005, -163.936, 0.0099751, 36.9745, 0.0101411, -138.203
5630, 93.83334, 0.102334, 27.7913, 0.638974, 161.859, 2.56386, -36.2223, 7.21175E-005, -163.551, 0.00998133, 36.9574, 0.0101431, -138.204
5630, 93.84167, 0.10152, 27.8921, 0.637868, 162.013, 2.56021, -36.2281, 7.27133E-005, -163.172, 0.00998756, 36.9404, 0.0101452, -138.205
5631, 93.85000, 0.100706, 27.9954, 0.636768, 162.168, 2.55656, -36.2339, 7.33129E-005, -162.799, 0.0099938, 36.9233, 0.0101473, -138.206
5632, 93.85833, 0.0998912, 28.1011, 0.635672, 162.323, 2.55291, -36.2398, 7.39165E-005, -162.431, 0.0100001, 36.9062, 0.0101494, -138.207
5632, 93.86667, 0.0990761, 28.2095, 0.634582, 162.479, 2.54926, -36.2456, 7.45239E-005, -162.07, 0.0100063, 36.889, 0.0101515, -138.208
5633, 93.87500, 0.0982608, 28.3205, 0.633497, 162.636, 2.54561, -36.2514, 7.51351E-005, -161.714, 0.0100126, 36.8719, 0.0101536, -138.209
5633, 93.88333, 0.0974451, 28.4342, 0.632418, 162.794, 2.54196, -36.2572, 7.575E-005, -161.364, 0.0100188, 36.8547, 0.0101557, -138.21
5634, 93.89167, 0.0966289, 28.5507, 0.631343, 162.953, 2.53831, -36.2631, 7.63686E-005, -161.019, 0.0100251, 36.8375, 0.0101578, -138.211
5634, 93.90000, 0.0958126, 28.6701, 0.630274, 163.112, 2.53466, -36.2689, 7.69907E-005, -160.679, 0.0100314, 36.8203, 0.0101599, -138.212
5635, 93.90833, 0.0949959, 28.7924, 0.629211, 163.272, 2.531, -36.2747, 7.76164E-005, -160.345, 0.0100377, 36.803, 0.010162, -138.213
5635, 93.91666, 0.0941788, 28.9177, 0.628153, 163.433, 2.52735, -36.2805, 7.82456E-005, -160.015, 0.0100439, 36.7857, 0.0101641, -138.214
5636, 93.92500, 0.0933615, 29.0462, 0.627101, 163.594, 2.5237, -36.2864, 7.88781E-005, -159.691, 0.0100502, 36.7684, 0.0101662, -138.215
5636, 93.93333, 0.092544, 29.1778, 0.626054, 163.756, 2.52005, -36.2922, 7.95141E-005, -159.372, 0.0100565, 36.7511, 0.0101683, -138.216
5637, 93.94167, 0.0917262, 29.3127, 0.625012, 163.919, 2.5164, -36.298, 8.01534E-005, -159.058, 0.0100628, 36.7337, 0.0101704, -138.217
5637, 93.95000, 0.0909082, 29.4509, 0.623977, 164.083, 2.51275, -36.3038, 8.0796E-005, -158.748, 0.0100692, 36.7163, 0.0101725, -138.218
5638, 93.95834, 0.0900901, 29.5927, 0.622947, 164.248, 2.5091, -36.3097, 8.14418E-005, -158.443, 0.0100755, 36.6989, 0.0101747, -138.219
5638, 93.96667, 0.0892717, 29.738, 0.621923, 164.413, 2.50545, -36.3155, 8.20908E-005, -158.143, 0.0100818, 36.6815, 0.0101768, -138.22
5638, 93.97500, 0.0884533, 29.8869, 0.620905, 164.579, 2.50179, -36.3213, 8.27429E-005, -157.848, 0.0100881, 36.664, 0.0101789, -138.221
5639, 93.98333, 0.0876347, 30.0397, 0.619893, 164.746, 2.49814, -36.3271, 8.33981E-005, -157.556, 0.0100945, 36.6465, 0.010181, -138.222
5640, 93.99167, 0.086816, 30.1963, 0.618886, 164.913, 2.49449, -36.3329, 8.40564E-005, -157.27, 0.0101008, 36.629, 0.0101831, -138.223
5640, 94.00000, 0.0859974, 30.3569, 0.617886, 165.081, 2.49084, -36.3388, 8.47177E-005, -156.987, 0.0101072, 36.6115, 0.0101853, -138.224
5641, 94.00833, 0.0851787, 30.5217, 0.616891, 165.25, 2.48718, -36.3446, 8.53819E-005, -156.709, 0.0101135, 36.5939, 0.0101874, -138.225
5641, 94.01667, 0.0843599, 30.6907, 0.615903, 165.42, 2.48353, -36.3504, 8.60491E-005, -156.435, 0.0101199, 36.5763, 0.0101895, -138.226
5642, 94.02500, 0.0835413, 30.864, 0.61492, 165.591, 2.47988, -36.3562, 8.67192E-005, -156.165, 0.0101263, 36.5587, 0.0101917, -138.227
5642, 94.03333, 0.0827227, 31.0419, 0.613944, 165.762, 2.47622, -36.362, 8.73921E-005, -155.899, 0.0101326, 36.5411, 0.0101938, -138.228
5643, 94.04166, 0.0819042, 31.2244, 0.612974, 165.934, 2.47257, -36.3679, 8.80679E-005, -155.637, 0.010139, 36.5234, 0.0101959, -138.229
5643, 94.05000, 0.0810859, 31.4117, 0.612011, 166.107, 2.46892, -36.3737, 8.87464E-005, -155.378, 0.0101454, 36.5057, 0.0101981, -138.23
5644, 94.05833, 0.0802678, 31.604, 0.611054, 166.28, 2.46526, -36.3795, 8.94277E-005, -155.124, 0.0101518, 36.488, 0.0102002, -138.231
5644, 94.06667, 0.0794499, 31.8013, 0.610103, 166.455, 2.46161, -36.3853, 9.01117E-005, -154.873, 0.0101582, 36.4703, 0.0102024, -138.232
5645, 94.07500, 0.0786323, 32.0039, 0.609158, 166.63, 2.45795, -36.3911, 9.07984E-005, -154.626, 0.0101646, 36.4525, 0.0102045, -138.233
5645, 94.08334, 0.0778151, 32.212, 0.60822, 166.806, 2.4543, -36.397, 9.14877E-005, -154.382, 0.010171, 36.4347, 0.0102066, -138.234
5646, 94.09167, 0.0769981, 32.4256, 0.607289, 166.982, 2.45064, -36.4028, 9.21798E-005, -154.142, 0.0101774, 36.4169, 0.0102088, -138.235
5646, 94.10000, 0.0761817, 32.6451, 0.606364, 167.16, 2.44699, -36.4086, 9.28743E-005, -153.906, 0.0101839, 36.399, 0.0102109, -138.236
5646, 94.10833, 0.0753657, 32.8705, 0.605445, 167.338, 2.44333, -36.4144, 9.35714E-005, -153.673, 0.0101903, 36.3812, 0.0102131, -138.237
5647, 94.11667, 0.0745502, 33.1021, 0.604534, 167.517, 2.43967, -36.4202, 9.42711E-005, -153.443, 0.0101967, 36.3633, 0.0102153, -138.238
5648, 94.12500, 0.0737353, 33.34, 0.603629, 167.697, 2.43602, -36.426, 9.49733E-005, -153.216, 0.0102032, 36.3453, 0.0102174, -138.239
5648, 94.13333, 0.0729211, 33.5846, 0.602731, 167.877, 2.43236, -36.4318, 9.56779E-005, -152.993, 0.0102096, 36.3274, 0.0102196, -138.24
5649, 94.14167, 0.0721076, 33.836, 0.60184, 168.058, 2.4287, -36.4377, 9.63851E-005, -152.773, 0.0102161, 36.3094, 0.0102217, -138.241
5649, 94.15000, 0.0712949, 34.0944, 0.600955, 168.24, 2.42505, -36.4435, 9.70947E-005, -152.556, 0.0102225, 36.2914, 0.0102239, -138.242
5650, 94.15833, 0.0704831, 34.3602, 0.600078, 168.423, 2.42139, -36.4493, 9.78066E-005, -152.342, 0.010229, 36.2734, 0.0102261, -138.243
5650, 94.16666, 0.0696721, 34.6335, 0.599207, 168.607, 2.41773, -36.4551, 9.8521E-005, -152.131, 0.0102355, 36.2553, 0.0102282, -138.244
5651, 94.17500, 0.0688622, 34.9146, 0.598344, 168.791, 2.41407, -36.4609, 9.92378E-005, -151.923, 0.010242, 36.2372, 0.0102304, -138.245
5651, 94.18333, 0.0680534, 35.2038, 0.597488, 168.976, 2.41041, -36.4667, 9.99568E-005, -151.718, 0.0102485, 36.2191, 0.0102326, -138.246
5652, 94.19167, 0.0672457, 35.5015, 0.596639, 169.162, 2.40675, -36.4725, 0.000100678, -151.516, 0.010255, 36.201, 0.0102348, -138.247
5652, 94.20000, 0.0664393, 35.8077, 0.595797, 169.348, 2.40309, -36.4783, 0.000101402, -151.316, 0.0102615, 36.1828, 0.0102369, -138.248
5653, 94.20834, 0.0656343, 36.123, 0.594963, 169.535, 2.39943, -36.4841, 0.000102128, -151.12, 0.010268, 36.1646, 0.0102391, -138.249
5653, 94.21667, 0.0648307, 36.4477, 0.594135, 169.723, 2.39577, -36.49, 0.000102856, -150.926, 0.0102745, 36.1464, 0.0102413, -138.25
5654, 94.22500, 0.0640287, 36.782, 0.593316, 169.912, 2.39211, -36.4958, 0.000103587, -150.734, 0.010281, 36.1281, 0.0102435, -138.251
5654, 94.23333, 0.0632284, 37.1263, 0.592503, 170.102, 2.38845, -36.5016, 0.000104319, -150.546, 0.0102875, 36.1098, 0.0102457, -138.252
5654, 94.24167, 0.0624298, 37.4811, 0.591698, 170.292, 2.38478, -36.5074, 0.000105054, -150.359, 0.0102941, 36.0915, 0.0102479, -138.253
5655, 94.25000, 0.0616333, 37.8466, 0.590901, 170.483, 2.38112, -36.5132, 0.000105791, -150.176, 0.0103006, 36.0732, 0.0102501, -138.254
5656, 94.25833, 0.0608387, 38.2234, 0.590111, 170.675, 2.37746, -36.519, 0.000106531, -149.995, 0.0103072, 36.0548, 0.0102523, -138.255
5656, 94.26667, 0.0600463, 38.6118, 0.589329, 170.868, 2.37379, -36.5248, 0.000107272, -149.816, 0.0103137, 36.0364, 0.0102545, -138.256
5657, 94.27500, 0.0592563, 39.0122, 0.588555, 171.061, 2.37013, -36.5306, 0.000108016, -149.639, 0.0103203, 36.018, 0.0102567, -138.257
5657, 94.28333, 0.0584687, 39.4252, 0.587788, 171.255, 2.36647, -36.5364, 0.000108761, -149.465, 0.0103268, 35.9996, 0.0102589, -138.258
5658, 94.29166, 0.0576838, 39.8512, 0.587029, 171.45, 2.3628, -36.5422, 0.000109509, -149.294, 0.0103334, 35.9811, 0.0102611, -138.259
5658, 94.30000, 0.0569017, 40.2908, 0.586279, 171.645, 2.35913, -36.548, 0.000110259, -149.124, 0.01034, 35.9626, 0.0102633, -138.26
5659, 94.30833, 0.0561226, 40.7444, 0.585536, 171.841, 2.35547, -36.5538, 0.000111011, -148.957, 0.0103466, 35.9441, 0.0102655, -138.261
5659, 94.31667, 0.0553466, 41.2126, 0.584801, 172.038, 2.3518, -36.5596, 0.000111765, -148.792, 0.0103532, 35.9255, 0.0102677, -138.262
5660, 94.32500, 0.054574, 41.696, 0.584074, 172.236, 2.34813, -36.5654, 0.000112521, -148.63, 0.0103598, 35.9069, 0.0102699, -138.263
5660, 94.33334, 0.0538051, 42.1952, 0.583355, 172.434, 2.34447, -36.5712, 0.000113279, -148.469, 0.0103664, 35.8883, 0.0102721, -138.264
5661, 94.34167, 0.0530398, 42.7109, 0.582644, 172.634, 2.3408, -36.577, 0.00011404, -148.31, 0.010373, 35.8697, 0.0102743, -138.265
5661, 94.35000, 0.0522787, 43.2436, 0.581942, 172.833, 2.33713, -36.5828, 0.000114802, -148.154, 0.0103796, 35.851, 0.0102766, -138.266
5662, 94.35833, 0.0515219, 43.794, 0.581248, 173.034, 2.33346, -36.5886, 0.000115566, -147.999, 0.0103862, 35.8323, 0.0102788, -138.267
5662, 94.36667, 0.0507696, 44.3629, 0.580562, 173.235, 2.32979, -36.5944, 0.000116332, -147.847, 0.0103929, 35.8136, 0.010281, -138.268
5662, 94.37500, 0.0500222, 44.951, 0.579885, 173.437, 2.32612, -36.6002, 0.000117101, -147.696, 0.0103995, 35.7948, 0.0102832, -138.269
5663, 94.38333, 0.0492799, 45.559, 0.579216, 173.64, 2.32245, -36.606, 0.000117871, -147.548, 0.0104062, 35.776, 0.0102855, -138.27
5664, 94.39167, 0.048543, 46.1879, 0.578555, 173.843, 2.31878, -36.6118, 0.000118643, -147.401, 0.0104128, 35.7572, 0.0102877, -138.271
5664, 94.40000, 0.0478119, 46.8382, 0.577903, 174.048, 2.3151, -36.6176, 0.000119417, -147.256, 0.0104195, 35.7384, 0.0102899, -138.272
5665, 94.40833, 0.0470869, 47.511, 0.57726, 174.252, 2.31143, -36.6234, 0.000120193, -147.113, 0.0104261, 35.7195, 0.0102922, -138.273
5665, 94.41666, 0.0463684, 48.2071, 0.576625, 174.458, 2.30776, -36.6292, 0.000120971, -146.972, 0.0104328, 35.7006, 0.0102944, -138.274
5666, 94.42500, 0.0456567, 48.9274, 0.576, 174.664, 2.30408, -36.635, 0.000121751, -146.833, 0.0104395, 35.6817, 0.0102966, -138.275
5666, 94.43333, 0.0449524, 49.6728, 0.575383, 174.871, 2.30041, -36.6408, 0.000122533, -146.695, 0.0104462, 35.6627, 0.0102989, -138.276
5667, 94.44167, 0.0442557, 50.4444, 0.574774, 175.079, 2.29673, -36.6466, 0.000123316, -146.56, 0.0104529, 35.6437, 0.0103011, -138.277
5667, 94.45000, 0.0435672, 51.243, 0.574175, 175.287, 2.29305, -36.6523, 0.000124102, -146.425, 0.0104596, 35.6247, 0.0103034, -138.278
5668, 94.45834, 0.0428874, 52.0696, 0.573584, 175.496, 2.28938, -36.6581, 0.00012489, -146.293, 0.0104663, 35.6057, 0.0103056, -138.279
5668, 94.46667, 0.0422167, 52.9254, 0.573003, 175.705, 2.2857, -36.6639, 0.000125679, -146.162, 0.010473, 35.5866, 0.0103079, -138.28
5669, 94.47500, 0.0415558, 53.8113, 0.572431, 175.916, 2.28202, -36.6697, 0.00012647, -146.033, 0.0104797, 35.5675, 0.0103101, -138.281
5669, 94.48333, 0.0409051, 54.7283, 0.571867, 176.127, 2.27834, -36.6755, 0.000127264, -145.905, 0.0104864, 35.5484, 0.0103124, -138.282
5670, 94.49167, 0.0402652, 55.6777, 0.571313, 176.338, 2.27466, -36.6813, 0.000128059, -145.779, 0.0104932, 35.5292, 0.0103146, -138.283
5670, 94.50000, 0.0396369, 56.6601, 0.570769, 176.551, 2.27098, -36.6871, 0.000128856, -145.655, 0.0104999, 35.51, 0.0103169, -138.284
5670, 94.50833, 0.0390207, 57.6768, 0.570233, 176.763, 2.2673, -36.6928, 0.000129654, -145.532, 0.0105067, 35.4908, 0.0103192, -138.285
5671, 94.51667, 0.0384172, 58.7288, 0.569707, 176.977, 2.26362, -36.6986, 0.000130455, -145.41, 0.0105134, 35.4715, 0.0103214, -138.286
5672, 94.52500, 0.0378274, 59.8169, 0.56919, 177.191, 2.25994, -36.7044, 0.000131257, -145.29, 0.0105202, 35.4522, 0.0103237, -138.287
5672, 94.53333, 0.0372519, 60.9421, 0.568683, 177.406, 2.25625, -36.7102, 0.000132062, -145.172, 0.010527, 35.4329, 0.010326, -138.288
5673, 94.54166, 0.0366915, 62.1053, 0.568185, 177.621, 2.25257, -36.716, 0.000132868, -145.055, 0.0105337, 35.4136, 0.0103283, -138.289
5673, 94.55000, 0.0361469, 63.3071, 0.567697, 177.837, 2.24888, -36.7217, 0.000133676, -144.939, 0.0105405, 35.3942, 0.0103305, -138.29
5674, 94.55833, 0.0356192, 64.5483, 0.567218, 178.054, 2.2452, -36.7275, 0.000134486, -144.825, 0.0105473, 35.3748, 0.0103328, -138.291
5674, 94.56667, 0.035109, 65.8296, 0.566749, 178.271, 2.24151, -36.7333, 0.000135297, -144.712, 0.0105541, 35.3554, 0.0103351, -138.292
5675, 94.57500, 0.0346174, 67.1511, 0.56629, 178.489, 2.23782, -36.739, 0.000136111, -144.6, 0.0105609, 35.3359, 0.0103374, -138.293
5675, 94.58334, 0.0341452, 68.5133, 0.56584, 178.708, 2.23414, -36.7448, 0.000136926, -144.49, 0.0105677, 35.3164, 0.0103397, -138.294
5676, 94.59167, 0.0336934, 69.9162, 0.5654, 178.927, 2.23045, -36.7506, 0.000137743, -144.381, 0.0105745, 35.2969, 0.010342, -138.295
5676, 94.60000, 0.0332629, 71.3596, 0.564971, 179.146, 2.22676, -36.7564, 0.000138562, -144.274, 0.0105814, 35.2773, 0.0103443, -138.296
5677, 94.60833, 0.0328548, 72.8433, 0.564551, 179.367, 2.22307, -36.7621, 0.000139382, -144.167, 0.0105882, 35.2577, 0.0103465, -138.297
5677, 94.61667, 0.0324699, 74.3668, 0.564141, 179.587, 2.21938, -36.7679, 0.000140205, -144.062, 0.010595, 35.2381, 0.0103488, -138.298
5678, 94.62500, 0.0321093, 75.9289, 0.563741, 179.809, 2.21568, -36.7736, 0.000141029, -143.959, 0.0106019, 35.2185, 0.0103511, -138.299
5678, 94.63333, 0.031774, 77.5287, 0.563351, -179.969, 2.21199, -36.7794, 0.000141855, -143.856, 0.0106087, 35.1988, 0.0103534, -138.3
5678, 94.64167, 0.0314648, 79.1649, 0.562972, -179.747, 2.2083, -36.7852, 0.000142683, -143.755, 0.0106156, 35.1791, 0.0103557, -138.301
5679, 94.65000, 0.0311827, 80.8354, 0.562602, -179.524, 2.2046, -36.7909, 0.000143513, -143.655, 0.0106224, 35.1593, 0.0103581, -138.302
5680, 94.65833, 0.0309286, 82.5383, 0.562243, -179.301, 2.20091, -36.7967, 0.000144344, -143.556, 0.0106293, 35.1396, 0.0103604, -138.303
5680, 94.66666, 0.0307033, 84.2714, 0.561894, -179.076, 2.19721, -36.8024, 0.000145177, -143.458, 0.0106362, 35.1198, 0.0103627, -138.304
5681, 94.67500, 0.0305076, 86.0316, 0.561556, -178.852, 2.19351, -36.8082, 0.000146012, -143.361, 0.0106431, 35.0999, 0.010365, -138.305
5681, 94.68333, 0.0303422, 87.8161, 0.561228, -178.627, 2.18981, -36.8139, 0.000146849, -143.266, 0.01065, 35.0801, 0.0103673, -138.306
5682, 94.69167, 0.0302078, 89.6217, 0.56091, -178.401, 2.18611, -36.8197, 0.000147687, -143.171, 0.0106569, 35.0602, 0.0103696, -138.307
5682, 94.70000, 0.030105, 91.4447, 0.560603, -178.175, 2.18241, -36.8254, 0.000148527, -143.078, 0.0106638, 35.0402, 0.010372, -138.308
5683, 94.70834, 0.0300341, 93.2814, 0.560307, -177.949, 2.17871, -36.8312, 0.000149369, -142.985, 0.0106707, 35.0203, 0.0103743, -138.309
5683, 94.71667, 0.0299957, 95.1281, 0.560021, -177.722, 2.17501, -36.8369, 0.000150213, -142.894, 0.0106776, 35.0003, 0.0103766, -138.31
5684, 94.72500, 0.0299899, 96.9803, 0.559745, -177.494, 2.17131, -36.8427, 0.000151059, -142.804, 0.0106846, 34.9803, 0.0103789, -138.311
5684, 94.73333, 0.030017, 98.8342, 0.559481, -177.266, 2.1676, -36.8484, 0.000151906, -142.715, 0.0106915, 34.9602, 0.0103813, -138.312
5685, 94.74167, 0.030077, 100.686, 0.559227, -177.038, 2.1639, -36.8541, 0.000152755, -142.627, 0.0106984, 34.9401, 0.0103836, -138.313
5685, 94.75000, 0.0301698, 102.531, 0.558984, -176.809, 2.16019, -36.8599, 0.000153606, -142.54, 0.0107054, 34.92, 0.0103859, -138.314
5686, 94.75833, 0.0302954, 104.365, 0.558752, -176.579, 2.15648, -36.8656, 0.000154459, -142.454, 0.0107123, 34.8998, 0.0103883, -138.316
5686, 94.76667, 0.0304535, 106.184, 0.55853, -176.35, 2.15278, -36.8714, 0.000155313, -142.369, 0.0107193, 34.8797, 0.0103906, -138.317
5686, 94.77500, 0.0306437, 107.986, 0.55832, -176.12, 2.14907, -36.8771, 0.000156169, -142.285, 0.0107263, 34.8594, 0.010393, -138.318
5687, 94.78333, 0.0308657, 109.765, 0.558121, -175.889, 2.14536, -36.8828, 0.000157027, -142.202, 0.0107333, 34.8392, 0.0103953, -138.319
5688, 94.79166, 0.0311188, 111.52, 0.557932, -175.658, 2.14165, -36.8885, 0.000157887, -142.119, 0.0107402, 34.8189, 0.0103977, -138.32
5688, 94.80000, 0.0314025, 113.247, 0.557755, -175.427, 2.13793, -36.8943, 0.000158748, -142.038, 0.0107472, 34.7986, 0.0104, -138.321
5689, 94.80833, 0.0317161, 114.943, 0.557589, -175.195, 2.13422, -36.9, 0.000159611, -141.958, 0.0107542, 34.7782, 0.0104024, -138.322
5689, 94.81667, 0.0320589, 116.606, 0.557434, -174.963, 2.13051, -36.9057, 0.000160476, -141.878, 0.0107612, 34.7579, 0.0104047, -138.323
5690, 94.82500, 0.0324301, 118.234, 0.55729, -174.73, 2.12679, -36.9114, 0.000161343, -141.8, 0.0107683, 34.7375, 0.0104071, -138.324
5690, 94.83334, 0.0328289, 119.826, 0.557158, -174.497, 2.12307, -36.9171, 0.000162212, -141.722, 0.0107753, 34.717, 0.0104095, -138.325
5691, 94.84167, 0.0332545, 121.38, 0.557036, -174.264, 2.11936, -36.9228, 0.000163082, -141.645, 0.0107823, 34.6965, 0.0104118, -138.326
5691, 94.85000, 0.033706, 122.895, 0.556926, -174.031, 2.11564, -36.9285, 0.000163954, -141.57, 0.0107893, 34.676, 0.0104142, -138.327
5691, 94.85833, 0.0341825, 124.37, 0.556828, -173.797, 2.11192, -36.9342, 0.000164827, -141.495, 0.0107964, 34.6555, 0.0104166, -138.328
5692, 94.86667, 0.0346833, 125.804, 0.556741, -173.563, 2.1082, -36.9399, 0.000165703, -141.42, 0.0108034, 34.6349, 0.0104189, -138.329
5693, 94.87500, 0.0352072, 127.198, 0.556665, -173.328, 2.10448, -36.9456, 0.00016658, -141.347, 0.0108105, 34.6143, 0.0104213, -138.33
5693, 94.88333, 0.0357535, 128.551, 0.556601, -173.093, 2.10075, -36.9513, 0.000167459, -141.275, 0.0108176, 34.5937, 0.0104237, -138.331
5694, 94.89167, 0.0363213, 129.863, 0.556549, -172.858, 2.09703, -36.957, 0.00016834, -141.203, 0.0108246, 34.573, 0.0104261, -138.332
5694, 94.90000, 0.0369098, 131.135, 0.556508, -172.623, 2.0933, -36.9627, 0.000169223, -141.132, 0.0108317, 34.5523, 0.0104285, -138.333
5694, 94.90833, 0.0375181, 132.367, 0.556478, -172.387, 2.08958, -36.9684, 0.000170107, -141.062, 0.0108388, 34.5315, 0.0104309, -138.334
5695, 94.91666, 0.0381455, 133.56, 0.556461, -172.151, 2.08585, -36.9741, 0.000170993, -140.993, 0.0108459, 34.5107, 0.0104332, -138.335
5696, 94.92500, 0.0387911, 134.714, 0.556455, -171.915, 2.08212, -36.9798, 0.000171881, -140.924, 0.010853, 34.4899, 0.0104356, -138.336
5696, 94.93333, 0.0394542, 135.831, 0.55646, -171.679, 2.07839, -36.9855, 0.000172771, -140.856, 0.0108601, 34.4691, 0.010438, -138.337
5697, 94.94167, 0.040134, 136.91, 0.556478, -171.442, 2.07466, -36.9911, 0.000173662, -140.789, 0.0108672, 34.4482, 0.0104404, -138.339
5697, 94.95000, 0.0408299, 137.953, 0.556507, -171.206, 2.07093, -36.9968, 0.000174555, -140.723, 0.0108744, 34.4273, 0.0104428, -138.34
5698, 94.95834, 0.0415411, 138.962, 0.556548, -170.969, 2.06719, -37.0025, 0.00017545, -140.657, 0.0108815, 34.4064, 0.0104452, -138.341
5698, 94.96667, 0.0422671, 139.936, 0.556601, -170.731, 2.06346, -37.0081, 0.000176347, -140.593, 0.0108886, 34.3854, 0.0104477, -138.342
5699, 94.97500, 0.0430072, 140.877, 0.556666, -170.494, 2.05972, -37.0138, 0.000177245, -140.529, 0.0108958, 34.3644, 0.0104501, -138.343
5699, 94.98333, 0.0437607, 141.786, 0.556743, -170.257, 2.05599, -37.0195, 0.000178146, -140.465, 0.0109029, 34.3433, 0.0104525, -138.344
5699, 94.99167, 0.0445273, 142.664, 0.556832, -170.019, 2.05225, -37.0251, 0.000179048, -140.403, 0.0109101, 34.3222, 0.0104549, -138.345
5700, 95.00000, 0.0453063, 143.512, 0.556933, -169.781, 2.04851, -37.0308, 0.000179951, -140.341, 0.0109173, 34.3011, 0.0104573, -138.346
5701, 95.00833, 0.0460971, 144.331, 0.557046, -169.543, 2.04477, -37.0364, 0.000180857, -140.279, 0.0109244, 34.28, 0.0104597, -138.347
5701, 95.01667, 0.0468995, 145.122, 0.557171, -169.305, 2.04102, -37.0421, 0.000181765, -140.219, 0.0109316, 34.2588, 0.0104622, -138.348
5702, 95.02500, 0.0477128, 145.886, 0.557308, -169.067, 2.03728, -37.0477, 0.000182674, -140.159, 0.0109388, 34.2376, 0.0104646, -138.349
5702, 95.03333, 0.0485366, 146.624, 0.557457, -168.829, 2.03354, -37.0533, 0.000183585, -140.1, 0.010946, 34.2163, 0.010467, -138.35
5703, 95.04166, 0.0493706, 147.338, 0.557618, -168.59, 2.02979, -37.059, 0.000184498, -140.041, 0.0109532, 34.195, 0.0104694, -138.351
5703, 95.05000, 0.0502143, 148.027, 0.557792, -168.352, 2.02604, -37.0646, 0.000185412, -139.983, 0.0109604, 34.1737, 0.0104719, -138.352
5704, 95.05833, 0.0510674, 148.693, 0.557977, -168.113, 2.02229, -37.0702, 0.000186328, -139.926, 0.0109677, 34.1523, 0.0104743, -138.353
5704, 95.06667, 0.0519296, 149.336, 0.558175, -167.874, 2.01854, -37.0758, 0.000187247, -139.869, 0.0109749, 34.1309, 0.0104768, -138.354
5705, 95.07500, 0.0528004, 149.958, 0.558385, -167.636, 2.01479, -37.0814, 0.000188167, -139.813, 0.0109821, 34.1095, 0.0104792, -138.356
5705, 95.08334, 0.0536796, 150.56, 0.558608, -167.397, 2.01104, -37.087, 0.000189088, -139.758, 0.0109894, 34.088, 0.0104816, -138.357
5706, 95.09167, 0.054567, 151.141, 0.558843, -167.158, 2.00729, -37.0926, 0.000190012, -139.703, 0.0109966, 34.0665, 0.0104841, -138.358
5706, 95.10000, 0.055462, 151.704, 0.55909, -166.92, 2.00353, -37.0982, 0.000190937, -139.649, 0.0110039, 34.045, 0.0104865, -138.359
5707, 95.10833, 0.0563647, 152.248, 0.559349, -166.681, 1.99977, -37.1038, 0.000191865, -139.596, 0.0110111, 34.0234, 0.010489, -138.36
5707, 95.11667, 0.0572747, 152.775, 0.559621, -166.442, 1.99601, -37.1094, 0.000192794, -139.543, 0.0110184, 34.0018, 0.0104915, -138.361
5707, 95.12500, 0.0581917, 153.284, 0.559905, -166.204, 1.99225, -37.115, 0.000193724, -139.49, 0.0110257, 33.9802, 0.0104939, -138.362
5708, 95.13333, 0.0591155, 153.777, 0.560202, -165.965, 1.98849, -37.1206, 0.000194657, -139.439, 0.011033, 33.9585, 0.0104964, -138.363
5709, 95.14167, 0.060046, 154.255, 0.560511, -165.726, 1.98473, -37.1262, 0.000195592, -139.387, 0.0110403, 33.9368, 0.0104988, -138.364
5709, 95.15000, 0.0609829, 154.717, 0.560833, -165.488, 1.98097, -37.1317, 0.000196528, -139.337, 0.0110476, 33.915, 0.0105013, -138.365
5710, 95.15833, 0.061926, 155.165, 0.561167, -165.249, 1.9772, -37.1373, 0.000197466, -139.287, 0.0110549, 33.8933, 0.0105038, -138.366
5710, 95.16666, 0.0628752, 155.598, 0.561514, -165.011, 1.97343, -37.1429, 0.000198406, -139.237, 0.0110622, 33.8714, 0.0105063, -138.367
5711, 95.17500, 0.0638303, 156.019, 0.561873, -164.773, 1.96967, -37.1484, 0.000199348, -139.188, 0.0110696, 33.8496, 0.0105087, -138.369
5711, 95.18333, 0.064791, 156.426, 0.562244, -164.534, 1.9659, -37.154, 0.000200291, -139.14, 0.0110769, 33.8277, 0.0105112, -138.37
5712, 95.19167, 0.0657574, 156.821, 0.562628, -164.296, 1.96213, -37.1595, 0.000201237, -139.092, 0.0110842, 33.8058, 0.0105137, -138.371
5712, 95.20000, 0.0667291, 157.203, 0.563025, -164.058, 1.95835, -37.1651, 0.000202184, -139.045, 0.0110916, 33.7838, 0.0105162, -138.372
5713, 95.20834, 0.0677061, 157.574, 0.563434, -163.82, 1.95458, -37.1706, 0.000203134, -138.998, 0.0110989, 33.7618, 0.0105187, -138.373
5713, 95.21667, 0.0686884, 157.934, 0.563856, -163.583, 1.9508, -37.1761, 0.000204085, -138.952, 0.0111063, 33.7397, 0.0105212, -138.374
5714, 95.22500, 0.0696756, 158.283, 0.564291, -163.345, 1.94703, -37.1816, 0.000205038, -138.906, 0.0111137, 33.7177, 0.0105237, -138.375
5714, 95.23333, 0.0706677, 158.622, 0.564738, -163.108, 1.94325, -37.1871, 0.000205992, -138.861, 0.0111211, 33.6956, 0.0105262, -138.376
5715, 95.24167, 0.0716647, 158.951, 0.565198, -162.871, 1.93947, -37.1926, 0.000206949, -138.817, 0.0111284, 33.6734, 0.0105287, -138.377
5715, 95.25000, 0.0726663, 159.27, 0.56567, -162.634, 1.93568, -37.1981, 0.000207907, -138.772, 0.0111358, 33.6512, 0.0105312, -138.378
5715, 95.25833, 0.0736724, 159.579, 0.566155, -162.397, 1.9319, -37.2036, 0.000208868, -138.729, 0.0111432, 33.629, 0.0105337, -138.38
5716, 95.26667, 0.0746832, 159.88, 0.566653, -162.16, 1.92812, -37.2091, 0.00020983, -138.686, 0.0111507, 33.6067, 0.0105362, -138.381
5717, 95.27500, 0.0756983, 160.172, 0.567163, -161.924, 1.92433, -37.2146, 0.000210794, -138.643, 0.0111581, 33.5844, 0.0105387, -138.382
5717, 95.28333, 0.0767177, 160.456, 0.567686, -161.688, 1.92054, -37.2201, 0.00021176, -138.601, 0.0111655, 33.5621, 0.0105412, -138.383
5718, 95.29166, 0.0777415, 160.731, 0.568222, -161.452, 1.91675, -37.2255, 0.000212728, -138.559, 0.0111729, 33.5397, 0.0105437, -138.384
5718, 95.30000, 0.0787692, 160.999, 0.56877, -161.216, 1.91296, -37.231, 0.000213698, -138.518, 0.0111804, 33.5173, 0.0105463, -138.385
5719, 95.30833, 0.0798011, 161.259, 0.569331, -160.981, 1.90917, -37.2365, 0.000214669, -138.477, 0.0111878, 33.4949, 0.0105488, -138.386
5719, 95.31667, 0.0808372, 161.512, 0.569905, -160.746, 1.90537, -37.2419, 0.000215643, -138.437, 0.0111953, 33.4724, 0.0105513, -138.387
5720, 95.32500, 0.081877, 161.758, 0.570491, -160.511, 1.90158, -37.2473, 0.000216619, -138.397, 0.0112028, 33.4499, 0.0105538, -138.388
5720, 95.33334, 0.0829207, 161.997, 0.571091, -160.277, 1.89778, -37.2528, 0.000217596, -138.358, 0.0112102, 33.4273, 0.0105564, -138.39
5721, 95.34167, 0.0839684, 162.229, 0.571702, -160.043, 1.89398, -37.2582, 0.000218575, -138.319, 0.0112177, 33.4047, 0.0105589, -138.391
5721, 95.35000, 0.0850198, 162.455, 0.572327, -159.809, 1.89018, -37.2636, 0.000219556, -138.281, 0.0112252, 33.3821, 0.0105615, -138.392
5722, 95.35833, 0.0860748, 162.674, 0.572964, -159.575, 1.88637, -37.269, 0.00022054, -138.243, 0.0112327, 33.3594, 0.010564, -138.393
5722, 95.36667, 0.0871336, 162.888, 0.573614, -159.342, 1.88257, -37.2744, 0.000221525, -138.205, 0.0112402, 33.3367, 0.0105665, -138.394
5723, 95.37500, 0.0881959, 163.096, 0.574277, -159.11, 1.87876, -37.2798, 0.000222512, -138.168, 0.0112477, 33.3139, 0.0105691, -138.395
5723, 95.38333, 0.0892618, 163.298, 0.574952, -158.877, 1.87496, -37.2852, 0.0002235, -138.132, 0.0112552, 33.2911, 0.0105716, -138.396
5723, 95.39167, 0.0903313, 163.495, 0.57564, -158.645, 1.87115, -37.2906, 0.000224491, -138.096, 0.0112628, 33.2683, 0.0105742, -138.397
5724, 95.40000, 0.0914042, 163.687, 0.576341, -158.413, 1.86733, -37.2959, 0.000225484, -138.06, 0.0112703, 33.2454, 0.0105768, -138.399
5725, 95.40833, 0.0924805, 163.873, 0.577055, -158.182, 1.86352, -37.3013, 0.000226479, -138.024, 0.0112779, 33.2225, 0.0105793, -138.4
5725, 95.41666, 0.0935604, 164.054, 0.577781, -157.951, 1.85971, -37.3066, 0.000227476, -137.99, 0.0112854, 33.1996, 0.0105819, -138.401
5726, 95.42500, 0.0946434, 164.231, 0.57852, -157.721, 1.85589, -37.312, 0.000228474, -137.955, 0.011293, 33.1766, 0.0105845, -138.402
5726, 95.43333, 0.0957298, 164.403, 0.579272, -157.491, 1.85207, -37.3173, 0.000229475, -137.921, 0.0113005, 33.1536, 0.010587, -138.403
5727, 95.44167, 0.0968196, 164.57, 0.580036, -157.261, 1.84825, -37.3226, 0.000230477, -137.887, 0.0113081, 33.1305, 0.0105896, -138.404
5727, 95.45000, 0.0979125, 164.733, 0.580813, -157.032, 1.84443, -37.3279, 0.000231482, -137.854, 0.0113157, 33.1074, 0.0105922, -138.405
5728, 95.45834, 0.0990087, 164.892, 0.581602, -156.804, 1.8406, -37.3332, 0.000232488, -137.821, 0.0113233, 33.0843, 0.0105948, -138.407
5728, 95.46667, 0.100108, 165.047, 0.582405, -156.575, 1.83678, -37.3385, 0.000233497, -137.789, 0.0113309, 33.0611, 0.0105973, -138.408
5729, 95.47500, 0.101211, 165.197, 0.58322, -156.348, 1.83295, -37.3438, 0.000234507, -137.757, 0.0113385, 33.0379, 0.0105999, -138.409
5729, 95.48333, 0.102316, 165.344, 0.584047, -156.12, 1.82912, -37.3491, 0.00023552, -137.725, 0.0113461, 33.0146, 0.0106025, -138.41
5730, 95.49167, 0.103425, 165.486, 0.584888, -155.894, 1.82529, -37.3543, 0.000236534, -137.694, 0.0113537, 32.9913, 0.0106051, -138.411
5730, 95.50000, 0.104537, 165.625, 0.585741, -155.667, 1.82146, -37.3596, 0.000237551, -137.663, 0.0113614, 32.968, 0.0106077, -138.412
5731, 95.50833, 0.105652, 165.761, 0.586606, -155.442, 1.81762, -37.3648, 0.000238569, -137.633, 0.011369, 32.9446, 0.0106103, -138.414
5731, 95.51667, 0.10677, 165.893, 0.587484, -155.216, 1.81379, -37.37, 0.00023959, -137.602, 0.0113767, 32.9212, 0.0106129, -138.415
5731, 95.52500, 0.107891, 166.021, 0.588375, -154.992, 1.80995, -37.3753, 0.000240612, -137.573, 0.0113843, 32.8978, 0.0106155, -138.416
5732, 95.53333, 0.109015, 166.146, 0.589278, -154.768, 1.80611, -37.3805, 0.000241636, -137.543, 0.011392, 32.8743, 0.0106181, -138.417
5733, 95.54166, 0.110143, 166.268, 0.590194, -154.544, 1.80227, -37.3857, 0.000242663, -137.514, 0.0113997, 32.8507, 0.0106207, -138.418
5733, 95.55000, 0.111273, 166.387, 0.591123, -154.321, 1.79842, -37.3908, 0.000243691, -137.486, 0.0114073, 32.8272, 0.0106233, -138.419
5734, 95.55833, 0.112406, 166.503, 0.592063, -154.098, 1.79458, -37.396, 0.000244722, -137.458, 0.011415, 32.8035, 0.010626, -138.421
5734, 95.56667, 0.113542, 166.616, 0.593017, -153.877, 1.79073, -37.4012, 0.000245755, -137.43, 0.0114227, 32.7799, 0.0106286, -138.422
5735, 95.57500, 0.11468, 166.726, 0.593983, -153.655, 1.78688, -37.4063, 0.000246789, -137.402, 0.0114304, 32.7562, 0.0106312, -138.423
5735, 95.58334, 0.115822, 166.833, 0.594961, -153.434, 1.78303, -37.4115, 0.000247826, -137.375, 0.0114381, 32.7325, 0.0106338, -138.424
5736, 95.59167, 0.116967, 166.937, 0.595953, -153.214, 1.77917, -37.4166, 0.000248865, -137.348, 0.0114459, 32.7087, 0.0106365, -138.425
5736, 95.60000, 0.118114, 167.038, 0.596956, -152.995, 1.77531, -37.4217, 0.000249905, -137.322, 0.0114536, 32.6849, 0.0106391, -138.426
5737, 95.60833, 0.119265, 167.137, 0.597972, -152.776, 1.77146, -37.4268, 0.000250948, -137.296, 0.0114613, 32.661, 0.0106417, -138.428
5737, 95.61667, 0.120418, 167.234, 0.599, -152.557, 1.7676, -37.4319, 0.000251993, -137.27, 0.0114691, 32.6371, 0.0106444, -138.429
5738, 95.62500, 0.121574, 167.328, 0.600041, -152.34, 1.76374, -37.437, 0.00025304, -137.245, 0.0114768, 32.6132, 0.010647, -138.43
5738, 95.63333, 0.122733, 167.419, 0.601094, -152.123, 1.75987, -37.442, 0.000254089, -137.22, 0.0114846, 32.5892, 0.0106497, -138.431
5739, 95.64167, 0.123895, 167.508, 0.60216, -151.906, 1.75601, -37.4471, 0.00025514, -137.195, 0.0114924, 32.5652, 0.0106523, -138.432
5739, 95.65000, 0.12506, 167.595, 0.603238, -151.69, 1.75214, -37.4521, 0.000256194, -137.17, 0.0115001, 32.5411, 0.010655, -138.434
5739, 95.65833, 0.126227, 167.679, 0.604328, -151.475, 1.74827, -37.4571, 0.000257249, -137.146, 0.0115079, 32.517, 0.0106576, -138.435
5740, 95.66666, 0.127397, 167.762, 0.605431, -151.261, 1.7444, -37.4621, 0.000258306, -137.123, 0.0115157, 32.4928, 0.0106603, -138.436
5741, 95.67500, 0.12857, 167.842, 0.606545, -151.047, 1.74052, -37.4671, 0.000259366, -137.099, 0.0115235, 32.4687, 0.010663, -138.437
5741, 95.68333, 0.129746, 167.92, 0.607673, -150.834, 1.73664, -37.4721, 0.000260427, -137.076, 0.0115313, 32.4444, 0.0106656, -138.438
5742, 95.69167, 0.130925, 167.996, 0.608812, -150.621, 1.73277, -37.477, 0.000261491, -137.054, 0.0115391, 32.4202, 0.0106683, -138.44
5742, 95.70000, 0.132106, 168.07, 0.609964, -150.41, 1.72889, -37.482, 0.000262557, -137.031, 0.011547, 32.3958, 0.010671, -138.441
5743, 95.70834, 0.13329, 168.142, 0.611127, -150.198, 1.725, -37.4869, 0.000263625, -137.009, 0.0115548, 32.3715, 0.0106737, -138.442
5743, 95.71667, 0.134477, 168.212, 0.612304, -149.988, 1.72112, -37.4918, 0.000264695, -136.987, 0.0115627, 32.3471, 0.0106763, -138.443
5744, 95.72500, 0.135667, 168.28, 0.613492, -149.778, 1.71723, -37.4967, 0.000265768, -136.966, 0.0115705, 32.3226, 0.010679, -138.445
5744, 95.73333, 0.136859, 168.346, 0.614692, -149.569, 1.71334, -37.5016, 0.000266842, -136.945, 0.0115784, 32.2982, 0.0106817, -138.446
5745, 95.74167, 0.138055, 168.411, 0.615905, -149.361, 1.70945, -37.5065, 0.000267919, -136.924, 0.0115862, 32.2736, 0.0106844, -138.447
5745, 95.75000, 0.139252, 168.474, 0.617129, -149.154, 1.70556, -37.5113, 0.000268997, -136.903, 0.0115941, 32.2491, 0.0106871, -138.448
5746, 95.75833, 0.140453, 168.535, 0.618366, -148.947, 1.70166, -37.5161, 0.000270078, -136.883, 0.011602, 32.2245, 0.0106898, -138.449
5746, 95.76667, 0.141656, 168.594, 0.619615, -148.741, 1.69777, -37.5209, 0.000271161, -136.863, 0.0116099, 32.1998, 0.0106925, -138.451
5747, 95.77500, 0.142863, 168.652, 0.620875, -148.535, 1.69387, -37.5257, 0.000272247, -136.844, 0.0116178, 32.1751, 0.0106952, -138.452
5747, 95.78333, 0.144071, 168.708, 0.622148, -148.331, 1.68996, -37.5305, 0.000273334, -136.824, 0.0116257, 32.1504, 0.0106979, -138.453
5747, 95.79166, 0.145283, 168.763, 0.623433, -148.127, 1.68606, -37.5353, 0.000274424, -136.805, 0.0116336, 32.1256, 0.0107006, -138.454
5748, 95.80000, 0.146497, 168.816, 0.624729, -147.924, 1.68215, -37.54, 0.000275515, -136.787, 0.0116415, 32.1008, 0.0107033, -138.456
5749, 95.80833, 0.147714, 168.867, 0.626038, -147.721, 1.67824, -37.5447, 0.000276609, -136.768, 0.0116495, 32.0759, 0.010706, -138.457
5749, 95.81667, 0.148934, 168.917, 0.627358, -147.52, 1.67433, -37.5494, 0.000277706, -136.75, 0.0116574, 32.051, 0.0107088, -138.458
5750, 95.82500, 0.150156, 168.966, 0.62869, -147.319, 1.67042, -37.5541, 0.000278804, -136.732, 0.0116654, 32.026, 0.0107115, -138.459
5750, 95.83334, 0.151381, 169.013, 0.630035, -147.119, 1.6665, -37.5588, 0.000279905, -136.715, 0.0116733, 32.001, 0.0107142, -138.461
5751, 95.84167, 0.152609, 169.059, 0.631391, -146.92, 1.66259, -37.5634, 0.000281007, -136.698, 0.0116813, 31.976, 0.010717, -138.462
5751, 95.85000, 0.15384, 169.103, 0.632758, -146.721, 1.65867, -37.5681, 0.000282113, -136.681, 0.0116893, 31.9509, 0.0107197, -138.463
5752, 95.85833, 0.155073, 169.146, 0.634138, -146.523, 1.65474, -37.5727, 0.00028322, -136.664, 0.0116972, 31.9258, 0.0107224, -138.464
5752, 95.86667, 0.156309, 169.188, 0.635529, -146.326, 1.65082, -37.5773, 0.000284329, -136.648, 0.0117052, 31.9006, 0.0107252, -138.466
5753, 95.87500, 0.157548, 169.229, 0.636932, -146.13, 1.64689, -37.5818, 0.000285441, -136.632, 0.0117132, 31.8754, 0.0107279, -138.467
5753, 95.88333, 0.158789, 169.268, 0.638346, -145.935, 1.64296, -37.5864, 0.000286555, -136.616, 0.0117212, 31.8501, 0.0107307, -138.468
5754, 95.89167, 0.160034, 169.306, 0.639772, -145.74, 1.63903, -37.5909, 0.000287672, -136.6, 0.0117293, 31.8248, 0.0107334, -138.469
5754, 95.90000, 0.16128, 169.343, 0.64121, -145.547, 1.6351, -37.5954, 0.00028879, -136.585, 0.0117373, 31.7995, 0.0107362, -138.471
5755, 95.90833, 0.16253, 169.378, 0.642659, -145.354, 1.63116, -37.5999, 0.000289911, -136.57, 0.0117453, 31.7741, 0.0107389, -138.472
5755, 95.91666, 0.163782, 169.413, 0.64412, -145.161, 1.62722, -37.6043, 0.000291034, -136.555, 0.0117534, 31.7487, 0.0107417, -138.473
5755, 95.92500, 0.165037, 169.446, 0.645593, -144.97, 1.62328, -37.6088, 0.000292159, -136.541, 0.0117614, 31.7232, 0.0107445, -138.475
5756, 95.93333, 0.166295, 169.478, 0.647077, -144.779, 1.61934, -37.6132, 0.000293287, -136.527, 0.0117695, 31.6977, 0.0107472, -138.476
5757, 95.94167, 0.167556, 169.509, 0.648572, -144.59, 1.61539, -37.6176, 0.000294417, -136.513, 0.0117775, 31.6721, 0.01075, -138.477
5757, 95.95000, 0.168819, 169.539, 0.650079, -144.401, 1.61144, -37.6219, 0.000295549, -136.499, 0.0117856, 31.6465, 0.0107528, -138.478
5758, 95.95834, 0.170085, 169.568, 0.651597, -144.213, 1.60749, -37.6263, 0.000296684, -136.486, 0.0117937, 31.6208, 0.0107556, -138.48
5758, 95.96667, 0.171353, 169.596, 0.653126, -144.025, 1.60354, -37.6306, 0.000297821, -136.473, 0.0118018, 31.5951, 0.0107584, -138.481
5759, 95.97500, 0.172625, 169.622, 0.654667, -143.839, 1.59958, -37.6349, 0.00029896, -136.46, 0.0118099, 31.5694, 0.0107612, -138.482
5759, 95.98333, 0.173899, 169.648, 0.656219, -143.653, 1.59562, -37.6391, 0.000300102, -136.447, 0.011818, 31.5436, 0.0107639, -138.484
5760, 95.99167, 0.175176, 169.673, 0.657783, -143.469, 1.59166, -37.6434, 0.000301246, -136.435, 0.0118261, 31.5177, 0.0107667, -138.485
5760, 96.00000, 0.176455, 169.697, 0.659358, -143.285, 1.5877, -37.6476, 0.000302392, -136.423, 0.0118343, 31.4918, 0.0107695, -138.486
5761, 96.00833, 0.177737, 169.72, 0.660943, -143.102, 1.58373, -37.6518, 0.00030354, -136.411, 0.0118424, 31.4659, 0.0107723, -138.488
5761, 96.01667, 0.179022, 169.742, 0.662541, -142.919, 1.57977, -37.6559, 0.000304691, -136.399, 0.0118505, 31.4399, 0.0107751, -138.489
5762, 96.02500, 0.18031, 169.763, 0.664149, -142.738, 1.5758, -37.6601, 0.000305845, -136.388, 0.0118587, 31.4139, 0.010778, -138.49
5762, 96.03333, 0.181601, 169.783, 0.665768, -142.557, 1.57182, -37.6642, 0.000307, -136.377, 0.0118668, 31.3878, 0.0107808, -138.492
5763, 96.04166, 0.182894, 169.802, 0.667399, -142.377, 1.56785, -37.6683, 0.000308159, -136.366, 0.011875, 31.3617, 0.0107836, -138.493
5763, 96.05000, 0.18419, 169.82, 0.66904, -142.199, 1.56387, -37.6723, 0.000309319, -136.355, 0.0118832, 31.3356, 0.0107864, -138.494
5763, 96.05833, 0.185489, 169.838, 0.670692, -142.02, 1.55989, -37.6763, 0.000310482, -136.345, 0.0118914, 31.3094, 0.0107892, -138.495
5764, 96.06667, 0.18679, 169.855, 0.672356, -141.843, 1.5559, -37.6803, 0.000311647, -136.335, 0.0118996, 31.2831, 0.0107921, -138.497
5765, 96.07500, 0.188094, 169.87, 0.67403, -141.667, 1.55192, -37.6843, 0.000312815, -136.325, 0.0119078, 31.2568, 0.0107949, -138.498
5765, 96.08334, 0.189401, 169.885, 0.675716, -141.491, 1.54793, -37.6882, 0.000313985, -136.316, 0.011916, 31.2305, 0.0107977, -138.5
5766, 96.09167, 0.190711, 169.899, 0.677412, -141.317, 1.54394, -37.6921, 0.000315157, -136.306, 0.0119242, 31.2041, 0.0108006, -138.501
5766, 96.10000, 0.192024, 169.913, 0.679119, -141.143, 1.53994, -37.696, 0.000316332, -136.297, 0.0119324, 31.1776, 0.0108034, -138.502
5767, 96.10833, 0.193339, 169.925, 0.680837, -140.97, 1.53595, -37.6998, 0.000317509, -136.288, 0.0119407, 31.1511, 0.0108063, -138.504
5767, 96.11667, 0.194657, 169.937, 0.682566, -140.798, 1.53195, -37.7036, 0.000318689, -136.28, 0.0119489, 31.1246, 0.0108091, -138.505
5768, 96.12500, 0.195978, 169.948, 0.684305, -140.626, 1.52794, -37.7074, 0.000319871, -136.271, 0.0119572, 31.098, 0.010812, -138.506
5768, 96.13333, 0.197302, 169.959, 0.686055, -140.456, 1.52394, -37.7111, 0.000321056, -136.263, 0.0119654, 31.0714, 0.0108148, -138.508
5769, 96.14167, 0.198628, 169.968, 0.687816, -140.286, 1.51993, -37.7149, 0.000322243, -136.255, 0.0119737, 31.0447, 0.0108177, -138.509
5769, 96.15000, 0.199958, 169.977, 0.689588, -140.118, 1.51592, -37.7185, 0.000323432, -136.248, 0.011982, 31.018, 0.0108206, -138.51
5770, 96.15833, 0.20129, 169.985, 0.69137, -139.95, 1.51191, -37.7222, 0.000324624, -136.24, 0.0119903, 30.9912, 0.0108234, -138.512
5770, 96.16666, 0.202625, 169.993, 0.693163, -139.783, 1.50789, -37.7258, 0.000325819, -136.233, 0.0119986, 30.9644, 0.0108263, -138.513
5771, 96.17500, 0.203962, 169.999, 0.694966, -139.617, 1.50388, -37.7293, 0.000327016, -136.226, 0.0120069, 30.9376, 0.0108292, -138.515
5771, 96.18333, 0.205303, 170.006, 0.69678, -139.451, 1.49986, -37.7329, 0.000328215, -136.219, 0.0120152, 30.9107, 0.0108321, -138.516
5772, 96.19167, 0.206646, 170.011, 0.698605, -139.287, 1.49583, -37.7364, 0.000329417, -136.213, 0.0120235, 30.8837, 0.0108349, -138.517
5772, 96.20000, 0.207992, 170.016, 0.700439, -139.123, 1.4918, -37.7398, 0.000330622, -136.206, 0.0120318, 30.8567, 0.0108378, -138.519
5773, 96.20834, 0.209341, 170.02, 0.702285, -138.96, 1.48778, -37.7433, 0.000331829, -136.2, 0.0120402, 30.8296, 0.0108407, -138.52
5773, 96.21667, 0.210693, 170.023, 0.704141, -138.798, 1.48374, -37.7467, 0.000333038, -136.194, 0.0120485, 30.8025, 0.0108436, -138.521
5774, 96.22500, 0.212048, 170.026, 0.706007, -138.637, 1.47971, -37.75, 0.00033425, -136.189, 0.0120569, 30.7754, 0.0108465, -138.523
5774, 96.23333, 0.213405, 170.028, 0.707883, -138.477, 1.47567, -37.7533, 0.000335465, -136.183, 0.0120653, 30.7482, 0.0108494, -138.524
5775, 96.24167, 0.214766, 170.03, 0.70977, -138.318, 1.47163, -37.7566, 0.000336682, -136.178, 0.0120736, 30.7209, 0.0108523, -138.526
5775, 96.25000, 0.216129, 170.031, 0.711667, -138.159, 1.46759, -37.7598, 0.000337902, -136.173, 0.012082, 30.6936, 0.0108553, -138.527
5776, 96.25833, 0.217495, 170.031, 0.713574, -138.002, 1.46354, -37.763, 0.000339124, -136.168, 0.0120904, 30.6663, 0.0108582, -138.529
5776, 96.26667, 0.218864, 170.031, 0.715492, -137.845, 1.45949, -37.7661, 0.000340349, -136.164, 0.0120988, 30.6389, 0.0108611, -138.53
5777, 96.27500, 0.220235, 170.03, 0.717419, -137.689, 1.45544, -37.7692, 0.000341576, -136.16, 0.0121072, 30.6114, 0.010864, -138.531
5777, 96.28333, 0.22161, 170.029, 0.719357, -137.534, 1.45139, -37.7723, 0.000342806, -136.156, 0.0121156, 30.584, 0.0108669, -138.533
5778, 96.29166, 0.222988, 170.027, 0.721305, -137.38, 1.44733, -37.7753, 0.000344039, -136.152, 0.0121241, 30.5564, 0.0108699, -138.534
5778, 96.30000, 0.224368, 170.024, 0.723263, -137.226, 1.44327, -37.7783, 0.000345274, -136.148, 0.0121325, 30.5288, 0.0108728, -138.536
5779, 96.30833, 0.225751, 170.021, 0.725231, -137.074, 1.4392, -37.7812, 0.000346511, -136.145, 0.0121409, 30.5012, 0.0108757, -138.537
5779, 96.31667, 0.227138, 170.018, 0.72721, -136.922, 1.43514, -37.7841, 0.000347752, -136.141, 0.0121494, 30.4735, 0.0108787, -138.539
5780, 96.32500, 0.228527, 170.014, 0.729198, -136.771, 1.43107, -37.7869, 0.000348995, -136.138, 0.0121579, 30.4458, 0.0108816, -138.54
5780, 96.33334, 0.229919, 170.009, 0.731196, -136.621, 1.427, -37.7897, 0.00035024, -136.136, 0.0121663, 30.418, 0.0108846, -138.542
5781, 96.34167, 0.231314, 170.004, 0.733204, -136.472, 1.42292, -37.7925, 0.000351489, -136.133, 0.0121748, 30.3901, 0.0108875, -138.543
5781, 96.35000, 0.232711, 169.998, 0.735222, -136.324, 1.41884, -37.7952, 0.000352739, -136.131, 0.0121833, 30.3622, 0.0108905, -138.544
5782, 96.35833, 0.234112, 169.992, 0.737249, -136.176, 1.41476, -37.7978, 0.000353993, -136.128, 0.0121918, 30.3343, 0.0108935, -138.546
5782, 96.36667, 0.235516, 169.985, 0.739287, -136.029, 1.41068, -37.8004, 0.000355249, -136.126, 0.0122003, 30.3063, 0.0108964, -138.547
5783, 96.37500, 0.236922, 169.978, 0.741335, -135.884, 1.40659, -37.803, 0.000356508, -136.125, 0.0122088, 30.2783, 0.0108994, -138.549
5783, 96.38333, 0.238332, 169.971, 0.743392, -135.739, 1.4025, -37.8055, 0.000357769, -136.123, 0.0122173, 30.2502, 0.0109024, -138.55
5784, 96.39167, 0.239745, 169.962, 0.745459, -135.594, 1.3984, -37.8079, 0.000359033, -136.122, 0.0122259, 30.222, 0.0109054, -138.552
5784, 96.40000, 0.24116, 169.954, 0.747536, -135.451, 1.39431, -37.8103, 0.0003603, -136.121, 0.0122344, 30.1939, 0.0109083, -138.553
5785, 96.40833, 0.242578, 169.945, 0.749622, -135.309, 1.39021, -37.8126, 0.00036157, -136.12, 0.0122429, 30.1656, 0.0109113, -138.555
5785, 96.41666, 0.244, 169.935, 0.751718, -135.167, 1.38611, -37.8149, 0.000362842, -136.119, 0.0122515, 30.1373, 0.0109143, -138.556
5786, 96.42500, 0.245424, 169.925, 0.753824, -135.026, 1.382, -37.8172, 0.000364117, -136.119, 0.0122601, 30.109, 0.0109173, -138.558
5786, 96.43333, 0.246852, 169.915, 0.755939, -134.886, 1.37789, -37.8193, 0.000365394, -136.118, 0.0122686, 30.0806, 0.0109203, -138.559
5787, 96.44167, 0.248282, 169.904, 0.758064, -134.747, 1.37378, -37.8214, 0.000366675, -136.118, 0.0122772, 30.0521, 0.0109233, -138.561
5787, 96.45000, 0.249715, 169.892, 0.760198, -134.609, 1.36967, -37.8235, 0.000367958, -136.118, 0.0122858, 30.0237, 0.0109263, -138.562
5788, 96.45834, 0.251152, 169.88, 0.762342, -134.471, 1.36555, -37.8255, 0.000369244, -136.118, 0.0122944, 29.9951, 0.0109293, -138.564
5788, 96.46667, 0.252591, 169.868, 0.764495, -134.334, 1.36143, -37.8275, 0.000370532, -136.119, 0.012303, 29.9665, 0.0109324, -138.565
5789, 96.47500, 0.254033, 169.855, 0.766658, -134.199, 1.3573, -37.8293, 0.000371824, -136.12, 0.0123116, 29.9379, 0.0109354, -138.567
5789, 96.48333, 0.255479, 169.842, 0.76883, -134.063, 1.35317, -37.8312, 0.000373118, -136.12, 0.0123203, 29.9092, 0.0109384, -138.568
5790, 96.49167, 0.256927, 169.829, 0.771012, -133.929, 1.34904, -37.8329, 0.000374415, -136.122, 0.0123289, 29.8804, 0.0109414, -138.57
5790, 96.50000, 0.258379, 169.815, 0.773203, -133.796, 1.34491, -37.8346, 0.000375714, -136.123, 0.0123376, 29.8516, 0.0109445, -138.572
5791, 96.50833, 0.259833, 169.801, 0.775403, -133.663, 1.34077, -37.8363, 0.000377017, -136.124, 0.0123462, 29.8227, 0.0109475, -138.573
5791, 96.51667, 0.261291, 169.786, 0.777613, -133.531, 1.33663, -37.8378, 0.000378322, -136.126, 0.0123549, 29.7938, 0.0109505, -138.575
5792, 96.52500, 0.262751, 169.771, 0.779832, -133.4, 1.33249, -37.8393, 0.00037963, -136.128, 0.0123635, 29.7649, 0.0109536, -138.576
5792, 96.53333, 0.264215, 169.755, 0.78206, -133.27, 1.32834, -37.8408, 0.000380941, -136.13, 0.0123722, 29.7359, 0.0109566, -138.578
5793, 96.54166, 0.265682, 169.739, 0.784297, -133.141, 1.32419, -37.8422, 0.000382255, -136.132, 0.0123809, 29.7068, 0.0109597, -138.579
5793, 96.55000, 0.267151, 169.723, 0.786544, -133.012, 1.32004, -37.8435, 0.000383571, -136.135, 0.0123896, 29.6777, 0.0109627, -138.581
5794, 96.55833, 0.268624, 169.706, 0.788799, -132.884, 1.31588, -37.8447, 0.00038489, -136.137, 0.0123983, 29.6485, 0.0109658, -138.583
5794, 96.56667, 0.2701, 169.689, 0.791065, -132.757, 1.31172, -37.8459, 0.000386213, -136.14, 0.012407, 29.6193, 0.0109689, -138.584
5795, 96.57500, 0.271579, 169.672, 0.793338, -132.631, 1.30756, -37.847, 0.000387538, -136.143, 0.0124158, 29.59, 0.0109719, -138.586
5795, 96.58334, 0.273061, 169.654, 0.795621, -132.506, 1.30339, -37.848, 0.000388865, -136.146, 0.0124245, 29.5607, 0.010975, -138.587
5796, 96.59167, 0.274547, 169.636, 0.797914, -132.381, 1.29922, -37.8489, 0.000390196, -136.15, 0.0124332, 29.5313, 0.0109781, -138.589
5796, 96.60000, 0.276035, 169.617, 0.800215, -132.257, 1.29505, -37.8498, 0.00039153, -136.153, 0.012442, 29.5019, 0.0109812, -138.59
5797, 96.60833, 0.277527, 169.598, 0.802525, -132.134, 1.29087, -37.8506, 0.000392866, -136.157, 0.0124507, 29.4724, 0.0109843, -138.592
5797, 96.61667, 0.279021, 169.579, 0.804844, -132.012, 1.28669, -37.8513, 0.000394206, -136.161, 0.0124595, 29.4428, 0.0109873, -138.594
5798, 96.62500, 0.280519, 169.559, 0.807172, -131.89, 1.28251, -37.852, 0.000395548, -136.165, 0.0124683, 29.4132, 0.0109904, -138.595
5798, 96.63333, 0.28202, 169.539, 0.809509, -131.769, 1.27833, -37.8525, 0.000396893, -136.169, 0.0124771, 29.3836, 0.0109935, -138.597
5799, 96.64167, 0.283524, 169.519, 0.811855, -131.649, 1.27414, -37.853, 0.000398241, -136.174, 0.0124859, 29.3539, 0.0109966, -138.599
5799, 96.65000, 0.285031, 169.498, 0.814209, -131.53, 1.26994, -37.8534, 0.000399592, -136.179, 0.0124947, 29.3241, 0.0109998, -138.6
5800, 96.65833, 0.286542, 169.477, 0.816573, -131.412, 1.26575, -37.8537, 0.000400946, -136.184, 0.0125035, 29.2943, 0.0110029, -138.602
5800, 96.66666, 0.288055, 169.456, 0.818946, -131.294, 1.26154, -37.854, 0.000402303, -136.189, 0.0125123, 29.2644, 0.011006, -138.604
5801, 96.67500, 0.289572, 169.434, 0.821327, -131.177, 1.25734, -37.8541, 0.000403663, -136.194, 0.0125211, 29.2345, 0.0110091, -138.605
5801, 96.68333, 0.291092, 169.412, 0.823716, -131.061, 1.25313, -37.8542, 0.000405026, -136.199, 0.01253, 29.2045, 0.0110122, -138.607
5802, 96.69167, 0.292615, 169.39, 0.826115, -130.946, 1.24892, -37.8541, 0.000406392, -136.205, 0.0125388, 29.1745, 0.0110154, -138.609
5802, 96.70000, 0.294141, 169.367, 0.828523, -130.831, 1.24471, -37.854, 0.00040776, -136.211, 0.0125477, 29.1444, 0.0110185, -138.61
5803, 96.70834, 0.295671, 169.344, 0.830939, -130.717, 1.24049, -37.8538, 0.000409132, -136.217, 0.0125565, 29.1143, 0.0110216, -138.612
5803, 96.71667, 0.297204, 169.321, 0.833364, -130.604, 1.23627, -37.8535, 0.000410507, -136.223, 0.0125654, 29.0841, 0.0110248, -138.614
5804, 96.72500, 0.29874, 169.297, 0.835797, -130.492, 1.23205, -37.8531, 0.000411885, -136.229, 0.0125743, 29.0539, 0.0110279, -138.615
5804, 96.73333, 0.300279, 169.273, 0.838239, -130.38, 1.22782, -37.8526, 0.000413265, -136.236, 0.0125832, 29.0236, 0.0110311, -138.617
5805, 96.74167, 0.301822, 169.249, 0.84069, -130.269, 1.22359, -37.852, 0.000414649, -136.242, 0.0125921, 28.9932, 0.0110342, -138.619
5805, 96.75000, 0.303367, 169.224, 0.843149, -130.159, 1.21935, -37.8514, 0.000416036, -136.249, 0.012601, 28.9628, 0.0110374, -138.62
5806, 96.75833, 0.304916, 169.199, 0.845616, -130.05, 1.21511, -37.8506, 0.000417426, -136.256, 0.0126099, 28.9323, 0.0110406, -138.622
5806, 96.76667, 0.306468, 169.174, 0.848093, -129.941, 1.21087, -37.8497, 0.000418819, -136.264, 0.0126188, 28.9018, 0.0110437, -138.624
5807, 96.77500, 0.308024, 169.149, 0.850577, -129.833, 1.20663, -37.8487, 0.000420215, -136.271, 0.0126278, 28.8712, 0.0110469, -138.625
5807, 96.78333, 0.309583, 169.123, 0.85307, -129.726, 1.20238, -37.8476, 0.000421614, -136.279, 0.0126367, 28.8406, 0.0110501, -138.627
5808, 96.79166, 0.311145, 169.097, 0.855572, -129.619, 1.19812, -37.8464, 0.000423016, -136.287, 0.0126457, 28.8099, 0.0110533, -138.629
5808, 96.80000, 0.31271, 169.071, 0.858082, -129.514, 1.19387, -37.8451, 0.000424421, -136.295, 0.0126546, 28.7791, 0.0110564, -138.631
5809, 96.80833, 0.314279, 169.044, 0.860601, -129.409, 1.18961, -37.8437, 0.000425829, -136.303, 0.0126636, 28.7483, 0.0110596, -138.632
5809, 96.81667, 0.315851, 169.017, 0.863128, -129.304, 1.18534, -37.8422, 0.00042724, -136.311, 0.0126726, 28.7175, 0.0110628, -138.634
5810, 96.82500, 0.317426, 168.99, 0.865663, -129.201, 1.18108, -37.8405, 0.000428655, -136.319, 0.0126816, 28.6865, 0.011066, -138.636
5810, 96.83334, 0.319005, 168.962, 0.868206, -129.098, 1.1768, -37.8388, 0.000430072, -136.328, 0.0126906, 28.6556, 0.0110692, -138.638
5811, 96.84167, 0.320587, 168.935, 0.870758, -128.996, 1.17253, -37.8369, 0.000431493, -136.337, 0.0126996, 28.6245, 0.0110724, -138.639
5811, 96.85000, 0.322172, 168.907, 0.873318, -128.894, 1.16825, -37.8349, 0.000432917, -136.346, 0.0127086, 28.5935, 0.0110757, -138.641
5812, 96.85833, 0.323761, 168.878, 0.875887, -128.793, 1.16397, -37.8328, 0.000434344, -136.355, 0.0127176, 28.5623, 0.0110789, -138.643
5812, 96.86667, 0.325353, 168.85, 0.878464, -128.693, 1.15968, -37.8306, 0.000435774, -136.365, 0.0127266, 28.5311, 0.0110821, -138.645
5813, 96.87500, 0.326948, 168.821, 0.881048, -128.594, 1.15539, -37.8282, 0.000437207, -136.374, 0.0127357, 28.4999, 0.0110853, -138.647
5813, 96.88333, 0.328547, 168.792, 0.883641, -128.495, 1.1511, -37.8258, 0.000438643, -136.384, 0.0127447, 28.4685, 0.0110886, -138.648
5814, 96.89167, 0.330149, 168.762, 0.886243, -128.397, 1.1468, -37.8232, 0.000440083, -136.394, 0.0127538, 28.4372, 0.0110918, -138.65
5814, 96.90000, 0.331755, 168.733, 0.888852, -128.3, 1.1425, -37.8204, 0.000441526, -136.404, 0.0127628, 28.4057, 0.011095, -138.652
5815, 96.90833, 0.333364, 168.703, 0.891469, -128.204, 1.1382, -37.8175, 0.000442972, -136.414, 0.0127719, 28.3742, 0.0110983, -138.654
5815, 96.91666, 0.334976, 168.673, 0.894095, -128.108, 1.13389, -37.8145, 0.000444421, -136.424, 0.012781, 28.3427, 0.0111015, -138.656
5816, 96.92500, 0.336592, 168.642, 0.896729, -128.013, 1.12958, -37.8114, 0.000445873, -136.435, 0.0127901, 28.3111, 0.0111048, -138.657
5816, 96.93333, 0.338211, 168.612, 0.899371, -127.918, 1.12526, -37.8081, 0.000447329, -136.446, 0.0127992, 28.2794, 0.0111081, -138.659
5817, 96.94167, 0.339834, 168.581, 0.902021, -127.824, 1.12094, -37.8047, 0.000448788, -136.457, 0.0128083, 28.2477, 0.0111113, -138.661
5817, 96.95000, 0.34146, 168.549, 0.904679, -127.731, 1.11662, -37.8012, 0.00045025, -136.468, 0.0128174, 28.2159, 0.0111146, -138.663
5818, 96.95834, 0.34309, 168.518, 0.907345, -127.639, 1.11229, -37.7975, 0.000451715, -136.479, 0.0128266, 28.1841, 0.0111179, -138.665
5818, 96.96667, 0.344723, 168.486, 0.910019, -127.547, 1.10796, -37.7936, 0.000453184, -136.49, 0.0128357, 28.1522, 0.0111211, -138.667
5819, 96.97500, 0.346359, 168.454, 0.912701, -127.456, 1.10362, -37.7896, 0.000454656, -136.502, 0.0128449, 28.1203, 0.0111244, -138.669
5819, 96.98333, 0.347999, 168.422, 0.91539, -127.365, 1.09928, -37.7854, 0.000456131, -136.514, 0.012854, 28.0883, 0.0111277, -138.67
5820, 96.99167, 0.349642, 168.39, 0.918088, -127.275, 1.09494, -37.7811, 0.000457609, -136.526, 0.0128632, 28.0562, 0.011131, -138.672
5820, 97.00000, 0.351289, 168.357, 0.920794, -127.186, 1.09059, -37.7767, 0.000459091, -136.538, 0.0128723, 28.0241, 0.0111343, -138.674
5821, 97.00833, 0.35294, 168.324, 0.923508, -127.098, 1.08624, -37.772, 0.000460576, -136.55, 0.0128815, 27.9919, 0.0111376, -138.676
5821, 97.01667, 0.354594, 168.291, 0.926229, -127.01, 1.08189, -37.7673, 0.000462064, -136.562, 0.0128907, 27.9596, 0.0111409, -138.678
5822, 97.02500, 0.356251, 168.258, 0.928959, -126.923, 1.07753, -37.7623, 0.000463556, -136.575, 0.0128999, 27.9273, 0.0111442, -138.68
5822, 97.03333, 0.357912, 168.224, 0.931696, -126.836, 1.07317, -37.7572, 0.000465051, -136.588, 0.0129091, 27.8949, 0.0111475, -138.682
5823, 97.04166, 0.359577, 168.19, 0.934441, -126.75, 1.0688, -37.7519, 0.000466549, -136.601, 0.0129183, 27.8625, 0.0111509, -138.684
5823, 97.05000, 0.361245, 168.156, 0.937194, -126.665, 1.06443, -37.7464, 0.000468051, -136.614, 0.0129276, 27.83, 0.0111542, -138.686
5824, 97.05833, 0.362916, 168.122, 0.939954, -126.58, 1.06005, -37.7408, 0.000469556, -136.627, 0.0129368, 27.7975, 0.0111575, -138.688
5824, 97.06667, 0.364592, 168.087, 0.942723, -126.496, 1.05567, -37.735, 0.000471064, -136.641, 0.0129461, 27.7649, 0.0111608, -138.69
5825, 97.07500, 0.36627, 168.052, 0.945499, -126.413, 1.05129, -37.729, 0.000472576, -136.654, 0.0129553, 27.7322, 0.0111642, -138.692
5825, 97.08334, 0.367952, 168.017, 0.948283, -126.33, 1.04691, -37.7228, 0.000474091, -136.668, 0.0129646, 27.6995, 0.0111675, -138.693
5826, 97.09167, 0.369638, 167.982, 0.951075, -126.248, 1.04251, -37.7164, 0.000475609, -136.682, 0.0129738, 27.6667, 0.0111709, -138.695
5826, 97.10000, 0.371328, 167.947, 0.953874, -126.167, 1.03812, -37.7098, 0.000477131, -136.696, 0.0129831, 27.6339, 0.0111742, -138.697
5827, 97.10833, 0.373021, 167.911, 0.956681, -126.086, 1.03372, -37.703, 0.000478657, -136.71, 0.0129924, 27.601, 0.0111776, -138.699
5827, 97.11667, 0.374718, 167.875, 0.959496, -126.006, 1.02932, -37.6961, 0.000480186, -136.725, 0.0130017, 27.568, 0.011181, -138.701
5828, 97.12500, 0.376418, 167.839, 0.962318, -125.926, 1.02491, -37.6889, 0.000481718, -136.739, 0.013011, 27.535, 0.0111843, -138.703
5828, 97.13333, 0.378122, 167.803, 0.965148, -125.847, 1.0205, -37.6816, 0.000483253, -136.754, 0.0130203, 27.5019, 0.0111877, -138.705
5829, 97.14167, 0.37983, 167.766, 0.967985, -125.769, 1.01609, -37.674, 0.000484793, -136.769, 0.0130296, 27.4687, 0.0111911, -138.707
5829, 97.15000, 0.381541, 167.729, 0.97083, -125.691, 1.01167, -37.6662, 0.000486335, -136.784, 0.013039, 27.4355, 0.0111945, -138.709
5830, 97.15833, 0.383256, 167.692, 0.973683, -125.614, 1.00724, -37.6582, 0.000487881, -136.799, 0.0130483, 27.4023, 0.0111978, -138.711
5830, 97.16666, 0.384974, 167.655, 0.976543, -125.537, 1.00282, -37.6499, 0.000489431, -136.815, 0.0130577, 27.3689, 0.0112012, -138.714
5831, 97.17500, 0.386697, 167.618, 0.979411, -125.462, 0.998385, -37.6415, 0.000490984, -136.83, 0.013067, 27.3355, 0.0112046, -138.716
5831, 97.18333, 0.388422, 167.58, 0.982286, -125.386, 0.993949, -37.6328, 0.00049254, -136.846, 0.0130764, 27.3021, 0.011208, -138.718
5832, 97.19167, 0.390152, 167.542, 0.98517, -125.311, 0.989509, -37.6239, 0.0004941, -136.862, 0.0130858, 27.2685, 0.0112114, -138.72
5832, 97.20000, 0.391885, 167.504, 0.98806, -125.237, 0.985066, -37.6148, 0.000495664, -136.878, 0.0130951, 27.235, 0.0112149, -138.722
5833, 97.20834, 0.393622, 167.466, 0.990958, -125.164, 0.980618, -37.6054, 0.000497231, -136.894, 0.0131045, 27.2013, 0.0112183, -138.724
5833, 97.21667, 0.395363, 167.427, 0.993863, -125.091, 0.976165, -37.5958, 0.000498802, -136.911, 0.0131139, 27.1676, 0.0112217, -138.726
5834, 97.22500, 0.397108, 167.389, 0.996776, -125.018, 0.971709, -37.5859, 0.000500376, -136.927, 0.0131234, 27.1339, 0.0112251, -138.728
5834, 97.23333, 0.398856, 167.35, 0.999696, -124.947, 0.967248, -37.5758, 0.000501954, -136.944, 0.0131328, 27.1, 0.0112286, -138.73
5835, 97.24167, 0.400608, 167.311, 1.00262, -124.876, 0.962783, -37.5654, 0.000503535, -136.961, 0.0131422, 27.0661, 0.011232, -138.732
5835, 97.25000, 0.402363, 167.271, 1.00556, -124.805, 0.958314, -37.5547, 0.00050512, -136.978, 0.0131516, 27.0322, 0.0112354, -138.734
5836, 97.25833, 0.404123, 167.232, 1.0085, -124.735, 0.95384, -37.5438, 0.000506708, -136.995, 0.0131611, 26.9982, 0.0112389, -138.736
5836, 97.26667, 0.405886, 167.192, 1.01145, -124.665, 0.949362, -37.5326, 0.0005083, -137.012, 0.0131705, 26.9641, 0.0112423, -138.739
5837, 97.27500, 0.407653, 167.152, 1.01441, -124.597, 0.944881, -37.5212, 0.000509896, -137.03, 0.01318, 26.9299, 0.0112458, -138.741
5837, 97.28333, 0.409424, 167.112, 1.01737, -124.528, 0.940395, -37.5094, 0.000511495, -137.048, 0.0131895, 26.8957, 0.0112493, -138.743
5838, 97.29166, 0.411199, 167.072, 1.02034, -124.46, 0.935904, -37.4974, 0.000513098, -137.065, 0.013199, 26.8615, 0.0112527, -138.745
5838, 97.30000, 0.412977, 167.031, 1.02332, -124.393, 0.931409, -37.4851, 0.000514705, -137.083, 0.0132084, 26.8271, 0.0112562, -138.747
5839, 97.30833, 0.414759, 166.991, 1.02631, -124.327, 0.92691, -37.4725, 0.000516315, -137.102, 0.0132179, 26.7927, 0.0112597, -138.749
5839, 97.31667, 0.416545, 166.95, 1.0293, -124.261, 0.922407, -37.4596, 0.000517929, -137.12, 0.0132274, 26.7583, 0.0112632, -138.752
5840, 97.32500, 0.418335, 166.909, 1.0323, -124.195, 0.917899, -37.4464, 0.000519547, -137.138, 0.013237, 26.7238, 0.0112666, -138.754
5840, 97.33334, 0.420129, 166.867, 1.03531, -124.13, 0.913387, -37.4328, 0.000521168, -137.157, 0.0132465, 26.6892, 0.0112701, -138.756
5841, 97.34167, 0.421927, 166.826, 1.03833, -124.066, 0.908871, -37.419, 0.000522793, -137.176, 0.013256, 26.6545, 0.0112736, -138.758
5841, 97.35000, 0.423728, 166.784, 1.04135, -124.002, 0.90435, -37.4048, 0.000524422, -137.195, 0.0132656, 26.6198, 0.0112771, -138.76
5842, 97.35833, 0.425533, 166.742, 1.04438, -123.939, 0.899825, -37.3903, 0.000526054, -137.214, 0.0132751, 26.585, 0.0112806, -138.763
5842, 97.36667, 0.427343, 166.7, 1.04742, -123.876, 0.895296, -37.3754, 0.00052769, -137.233, 0.0132847, 26.5502, 0.0112842, -138.765
5843, 97.37500, 0.429156, 166.658, 1.05046, -123.814, 0.890762, -37.3602, 0.00052933, -137.253, 0.0132942, 26.5153, 0.0112877, -138.767
5843, 97.38333, 0.430973, 166.616, 1.05351, -123.752, 0.886224, -37.3447, 0.000530973, -137.272, 0.0133038, 26.4803, 0.0112912, -138.769
5844, 97.39167, 0.432794, 166.573, 1.05657, -123.691, 0.881681, -37.3288, 0.000532621, -137.292, 0.0133134, 26.4453, 0.0112947, -138.772
5844, 97.40000, 0.434618, 166.53, 1.05964, -123.63, 0.877134, -37.3125, 0.000534272, -137.312, 0.013323, 26.4102, 0.0112983, -138.774
5845, 97.40833, 0.436447, 166.487, 1.06271, -123.57, 0.872583, -37.2959, 0.000535927, -137.332, 0.0133326, 26.375, 0.0113018, -138.776
5845, 97.41666, 0.43828, 166.444, 1.06579, -123.511, 0.868027, -37.2789, 0.000537585, -137.352, 0.0133422, 26.3398, 0.0113054, -138.778
5846, 97.42500, 0.440117, 166.401, 1.06888, -123.452, 0.863467, -37.2615, 0.000539248, -137.372, 0.0133518, 26.3045, 0.0113089, -138.781
5846, 97.43333, 0.441957, 166.357, 1.07197, -123.393, 0.858903, -37.2437, 0.000540914, -137.393, 0.0133614, 26.2691, 0.0113125, -138.783
5847, 97.44167, 0.443802, 166.314, 1.07508, -123.335, 0.854333, -37.2255, 0.000542584, -137.414, 0.0133711, 26.2337, 0.011316, -138.785
5847, 97.45000, 0.44565, 166.27, 1.07818, -123.278, 0.84976, -37.207, 0.000544258, -137.435, 0.0133807, 26.1982, 0.0113196, -138.788
5848, 97.45834, 0.447503, 166.226, 1.0813, -123.221, 0.845182, -37.1879, 0.000545935, -137.456, 0.0133904, 26.1626, 0.0113232, -138.79
5848, 97.46667, 0.449359, 166.181, 1.08442, -123.165, 0.8406, -37.1685, 0.000547617, -137.477, 0.0134, 26.127, 0.0113267, -138.792
5849, 97.47500, 0.45122, 166.137, 1.08755, -123.109, 0.836013, -37.1486, 0.000549302, -137.498, 0.0134097, 26.0913, 0.0113303, -138.795
5849, 97.48333, 0.453084, 166.092, 1.09069, -123.053, 0.831422, -37.1283, 0.000550992, -137.519, 0.0134194, 26.0555, 0.0113339, -138.797
5850, 97.49167, 0.454953, 166.048, 1.09383, -122.999, 0.826826, -37.1076, 0.000552685, -137.541, 0.0134291, 26.0197, 0.0113375, -138.799
5850, 97.50000, 0.456826, 166.003, 1.09698, -122.944, 0.822226, -37.0864, 0.000554382, -137.563, 0.0134388, 25.9838, 0.0113411, -138.802
5851, 97.50833, 0.458702, 165.957, 1.10014, -122.89, 0.817621, -37.0647, 0.000556083, -137.585, 0.0134485, 25.9479, 0.0113447, -138.804
5851, 97.51667, 0.460583, 165.912, 1.10331, -122.837, 0.813012, -37.0425, 0.000557787, -137.607, 0.0134582, 25.9118, 0.0113483, -138.807
5852, 97.52500, 0.462468, 165.867, 1.10648, -122.784, 0.808398, -37.0199, 0.000559496, -137.629, 0.0134679, 25.8757, 0.0113519, -138.809
5852, 97.53333, 0.464356, 165.821, 1.10966, -122.732, 0.80378, -36.9967, 0.000561209, -137.652, 0.0134776, 25.8396, 0.0113555, -138.811
5853, 97.54166, 0.466249, 165.775, 1.11284, -122.68, 0.799157, -36.9731, 0.000562925, -137.674, 0.0134874, 25.8034, 0.0113591, -138.814
5853, 97.55000, 0.468146, 165.729, 1.11604, -122.629, 0.79453, -36.9489, 0.000564646, -137.697, 0.0134971, 25.7671, 0.0113628, -138.816
5854, 97.55833, 0.470047, 165.683, 1.11924, -122.578, 0.789898, -36.9242, 0.00056637, -137.72, 0.0135069, 25.7307, 0.0113664, -138.819
5854, 97.56667, 0.471953, 165.637, 1.12244, -122.528, 0.785262, -36.8989, 0.000568099, -137.743, 0.0135166, 25.6943, 0.01137, -138.821
5855, 97.57500, 0.473862, 165.59, 1.12566, -122.478, 0.780621, -36.8731, 0.000569831, -137.766, 0.0135264, 25.6578, 0.0113737, -138.824
5855, 97.58334, 0.475775, 165.543, 1.12888, -122.428, 0.775976, -36.8468, 0.000571568, -137.789, 0.0135362, 25.6212, 0.0113773, -138.826
5856, 97.59167, 0.477693, 165.496, 1.1321, -122.379, 0.771326, -36.8199, 0.000573308, -137.813, 0.013546, 25.5846, 0.011381, -138.829
5856, 97.60000, 0.479615, 165.449, 1.13534, -122.331, 0.766671, -36.7923, 0.000575053, -137.837, 0.0135557, 25.5479, 0.0113847, -138.831
5857, 97.60833, 0.481541, 165.402, 1.13858, -122.283, 0.762012, -36.7642, 0.000576801, -137.86, 0.0135655, 25.5111, 0.0113883, -138.834
5857, 97.61667, 0.483471, 165.355, 1.14183, -122.236, 0.757349, -36.7355, 0.000578554, -137.884, 0.0135754, 25.4743, 0.011392, -138.836
5858, 97.62500, 0.485405, 165.307, 1.14508, -122.189, 0.752681, -36.7061, 0.00058031, -137.909, 0.0135852, 25.4374, 0.0113957, -138.839
5858, 97.63333, 0.487343, 165.259, 1.14834, -122.142, 0.748008, -36.6761, 0.000582071, -137.933, 0.013595, 25.4004, 0.0113994, -138.841
5859, 97.64167, 0.489286, 165.211, 1.15161, -122.096, 0.743331, -36.6455, 0.000583835, -137.957, 0.0136048, 25.3634, 0.011403, -138.844
5859, 97.65000, 0.491233, 165.163, 1.15489, -122.051, 0.738649, -36.6141, 0.000585604, -137.982, 0.0136147, 25.3262, 0.0114067, -138.846
5860, 97.65833, 0.493184, 165.115, 1.15817, -122.006, 0.733963, -36.5821, 0.000587377, -138.007, 0.0136245, 25.2891, 0.0114104, -138.849
5860, 97.66666, 0.495139, 165.067, 1.16146, -121.961, 0.729272, -36.5494, 0.000589154, -138.031, 0.0136344, 25.2518, 0.0114141, -138.852
5861, 97.67500, 0.497099, 165.018, 1.16475, -121.917, 0.724577, -36.516, 0.000590935, -138.057, 0.0136443, 25.2145, 0.0114178, -138.854
5861, 97.68333, 0.499062, 164.969, 1.16805, -121.873, 0.719877, -36.4818, 0.00059272, -138.082, 0.0136542, 25.1771, 0.0114216, -138.857
5862, 97.69167, 0.501031, 164.92, 1.17136, -121.83, 0.715172, -36.4469, 0.000594509, -138.107, 0.013664, 25.1397, 0.0114253, -138.859
5862, 97.70000, 0.503003, 164.871, 1.17468, -121.787, 0.710463, -36.4113, 0.000596303, -138.133, 0.0136739, 25.1021, 0.011429, -138.862
5863, 97.70834, 0.504979, 164.822, 1.178, -121.745, 0.70575, -36.3748, 0.0005981, -138.158, 0.0136838, 25.0645, 0.0114327, -138.865
5863, 97.71667, 0.50696, 164.773, 1.18133, -121.703, 0.701031, -36.3376, 0.000599902, -138.184, 0.0136938, 25.0269, 0.0114365, -138.867
5864, 97.72500, 0.508945, 164.723, 1.18467, -121.661, 0.696308, -36.2995, 0.000601708, -138.21, 0.0137037, 24.9891, 0.0114402, -138.87
5864, 97.73333, 0.510935, 164.673, 1.18801, -121.62, 0.691581, -36.2606, 0.000603518, -138.236, 0.0137136, 24.9513, 0.011444, -138.873
5865, 97.74167, 0.512928, 164.624, 1.19136, -121.58, 0.686849, -36.2209, 0.000605333, -138.263, 0.0137235, 24.9134, 0.0114477, -138.875
5865, 97.75000, 0.514926, 164.573, 1.19472, -121.54, 0.682113, -36.1802, 0.000607151, -138.289, 0.0137335, 24.8755, 0.0114515, -138.878
5866, 97.75833, 0.516929, 164.523, 1.19808, -121.5, 0.677372, -36.1387, 0.000608974, -138.316, 0.0137434, 24.8375, 0.0114553, -138.881
5866, 97.76667, 0.518936, 164.473, 1.20145, -121.461, 0.672627, -36.0962, 0.000610801, -138.342, 0.0137534, 24.7994, 0.011459, -138.884
5867, 97.77500, 0.520947, 164.422, 1.20483, -121.422, 0.667877, -36.0528, 0.000612632, -138.369, 0.0137634, 24.7612, 0.0114628, -138.886
5867, 97.78333, 0.522962, 164.372, 1.20821, -121.384, 0.663123, -36.0085, 0.000614467, -138.396, 0.0137733, 24.723, 0.0114666, -138.889
5868, 97.79166, 0.524982, 164.321, 1.2116, -121.346, 0.658363, -35.9631, 0.000616307, -138.424, 0.0137833, 24.6847, 0.0114704, -138.892
5868, 97.80000, 0.527006, 164.27, 1.21499, -121.309, 0.6536, -35.9168, 0.000618151, -138.451, 0.0137933, 24.6463, 0.0114742, -138.895
5869, 97.80833, 0.529035, 164.219, 1.2184, -121.272, 0.648832, -35.8694, 0.000619999, -138.479, 0.0138033, 24.6079, 0.011478, -138.897
5869, 97.81667, 0.531068, 164.167, 1.22181, -121.235, 0.64406, -35.8209, 0.000621852, -138.506, 0.0138133, 24.5694, 0.0114818, -138.9
5870, 97.82500, 0.533105, 164.116, 1.22522, -121.199, 0.639283, -35.7713, 0.000623709, -138.534, 0.0138233, 24.5308, 0.0114856, -138.903
5870, 97.83334, 0.535147, 164.064, 1.22865, -121.163, 0.634502, -35.7207, 0.00062557, -138.562, 0.0138334, 24.4921, 0.0114894, -138.906
5871, 97.84167, 0.537194, 164.012, 1.23207, -121.128, 0.629716, -35.6688, 0.000627435, -138.59, 0.0138434, 24.4534, 0.0114932, -138.909
5871, 97.85000, 0.539244, 163.96, 1.23551, -121.093, 0.624926, -35.6158, 0.000629305, -138.618, 0.0138534, 24.4146, 0.011497, -138.911
5872, 97.85833, 0.541299, 163.908, 1.23895, -121.059, 0.620131, -35.5616, 0.000631179, -138.647, 0.0138635, 24.3757, 0.0115009, -138.914
5872, 97.86667, 0.543359, 163.856, 1.2424, -121.025, 0.615332, -35.5062, 0.000633058, -138.676, 0.0138735, 24.3368, 0.0115047, -138.917
5873, 97.87500, 0.545423, 163.803, 1.24586, -120.991, 0.610528, -35.4495, 0.000634941, -138.704, 0.0138836, 24.2978, 0.0115086, -138.92
5873, 97.88333, 0.547492, 163.751, 1.24932, -120.958, 0.605721, -35.3914, 0.000636828, -138.733, 0.0138937, 24.2587, 0.0115124, -138.923
5874, 97.89167, 0.549565, 163.698, 1.25279, -120.925, 0.600908, -35.3321, 0.00063872, -138.762, 0.0139038, 24.2195, 0.0115163, -138.926
5874, 97.90000, 0.551642, 163.645, 1.25626, -120.893, 0.596092, -35.2713, 0.000640616, -138.792, 0.0139138, 24.1803, 0.0115201, -138.929
5875, 97.90833, 0.553724, 163.592, 1.25975, -120.861, 0.591271, -35.2092, 0.000642517, -138.821, 0.0139239, 24.141, 0.011524, -138.932
5875, 97.91666, 0.555811, 163.539, 1.26324, -120.829, 0.586446, -35.1456, 0.000644422, -138.85, 0.013934, 24.1016, 0.0115279, -138.935
5876, 97.92500, 0.557902, 163.485, 1.26673, -120.798, 0.581617, -35.0805, 0.000646331, -138.88, 0.0139442, 24.0621, 0.0115317, -138.938
5876, 97.93333, 0.559998, 163.432, 1.27023, -120.767, 0.576783, -35.0139, 0.000648245, -138.91, 0.0139543, 24.0226, 0.0115356, -138.941
5877, 97.94167, 0.562099, 163.378, 1.27374, -120.737, 0.571945, -34.9457, 0.000650163, -138.94, 0.0139644, 23.983, 0.0115395, -138.943
5877, 97.95000, 0.564203, 163.324, 1.27725, -120.707, 0.567103, -34.8759, 0.000652086, -138.97, 0.0139745, 23.9433, 0.0115434, -138.946
5878, 97.95834, 0.566313, 163.27, 1.28078, -120.678, 0.562257, -34.8044, 0.000654013, -139, 0.0139847, 23.9036, 0.0115473, -138.949
5878, 97.96667, 0.568427, 163.216, 1.2843, -120.649, 0.557406, -34.7312, 0.000655945, -139.031, 0.0139948, 23.8637, 0.0115512, -138.952
5879, 97.97500, 0.570545, 163.162, 1.28784, -120.62, 0.552552, -34.6563, 0.000657882, -139.061, 0.014005, 23.8238, 0.0115551, -138.956
5879, 97.98333, 0.572668, 163.107, 1.29138, -120.592, 0.547694, -34.5796, 0.000659822, -139.092, 0.0140151, 23.7839, 0.0115591, -138.959
5880, 97.99167, 0.574796, 163.053, 1.29492, -120.564, 0.542831, -34.5009, 0.000661768, -139.123, 0.0140253, 23.7438, 0.011563, -138.962
5880, 98.00000, 0.576929, 162.998, 1.29848, -120.536, 0.537964, -34.4204, 0.000663718, -139.154, 0.0140355, 23.7037, 0.0115669, -138.965
5881, 98.00833, 0.579066, 162.943, 1.30204, -120.509, 0.533094, -34.3379, 0.000665672, -139.185, 0.0140457, 23.6635, 0.0115709, -138.968
5881, 98.01667, 0.581208, 162.888, 1.3056, -120.482, 0.528219, -34.2533, 0.000667631, -139.217, 0.0140559, 23.6232, 0.0115748, -138.971
5882, 98.02500, 0.583354, 162.833, 1.30918, -120.456, 0.523341, -34.1667, 0.000669595, -139.248, 0.0140661, 23.5829, 0.0115788, -138.974
5882, 98.03333, 0.585505, 162.777, 1.31276, -120.43, 0.518459, -34.0779, 0.000671563, -139.28, 0.0140763, 23.5425, 0.0115827, -138.977
5883, 98.04166, 0.587661, 162.722, 1.31634, -120.404, 0.513573, -33.9869, 0.000673536, -139.312, 0.0140865, 23.502, 0.0115867, -138.98
5883, 98.05000, 0.589821, 162.666, 1.31993, -120.379, 0.508683, -33.8935, 0.000675513, -139.344, 0.0140967, 23.4614, 0.0115906, -138.983
5884, 98.05833, 0.591986, 162.61, 1.32353, -120.354, 0.50379, -33.7978, 0.000677495, -139.376, 0.014107, 23.4207, 0.0115946, -138.987
5884, 98.06667, 0.594156, 162.554, 1.32714, -120.33, 0.498893, -33.6997, 0.000679482, -139.408, 0.0141172, 23.38, 0.0115986, -138.99
5885, 98.07500, 0.596331, 162.498, 1.33075, -120.306, 0.493992, -33.599, 0.000681474, -139.441, 0.0141275, 23.3392, 0.0116026, -138.993
5885, 98.08334, 0.59851, 162.442, 1.33437, -120.282, 0.489089, -33.4958, 0.000683469, -139.473, 0.0141377, 23.2984, 0.0116066, -138.996
5886, 98.09167, 0.600694, 162.385, 1.33799, -120.259, 0.484181, -33.3898, 0.00068547, -139.506, 0.014148, 23.2574, 0.0116106, -138.999
5886, 98.10000, 0.602883, 162.329, 1.34162, -120.236, 0.47927, -33.2811, 0.000687476, -139.539, 0.0141582, 23.2164, 0.0116146, -139.003
5887, 98.10833, 0.605076, 162.272, 1.34526, -120.214, 0.474356, -33.1695, 0.000689486, -139.572, 0.0141685, 23.1753, 0.0116186, -139.006
5887, 98.11667, 0.607275, 162.215, 1.3489, -120.191, 0.469439, -33.055, 0.0006915, -139.605, 0.0141788, 23.1341, 0.0116226, -139.009
5888, 98.12500, 0.609478, 162.158, 1.35255, -120.17, 0.464518, -32.9374, 0.00069352, -139.639, 0.0141891, 23.0929, 0.0116266, -139.012
5888, 98.13333, 0.611685, 162.101, 1.35621, -120.148, 0.459595, -32.8166, 0.000695544, -139.672, 0.0141994, 23.0515, 0.0116306, -139.016
5889, 98.14167, 0.613898, 162.043, 1.35987, -120.127, 0.454669, -32.6926, 0.000697573, -139.706, 0.0142097, 23.0101, 0.0116347, -139.019
5889, 98.15000, 0.616116, 161.986, 1.36354, -120.106, 0.44974, -32.5651, 0.000699607, -139.74, 0.01422, 22.9686, 0.0116387, -139.022
5890, 98.15833, 0.618338, 161.928, 1.36721, -120.086, 0.444808, -32.4342, 0.000701645, -139.774, 0.0142303, 22.9271, 0.0116428, -139.026
5890, 98.16666, 0.620565, 161.871, 1.37089, -120.066, 0.439873, -32.2996, 0.000703689, -139.808, 0.0142407, 22.8854, 0.0116468, -139.029
5891, 98.17500, 0.622797, 161.813, 1.37458, -120.047, 0.434936, -32.1613, 0.000705737, -139.842, 0.014251, 22.8437, 0.0116509, -139.032
5891, 98.18333, 0.625034, 161.755, 1.37827, -120.027, 0.429997, -32.0191, 0.000707789, -139.877, 0.0142613, 22.8019, 0.0116549, -139.036
5892, 98.19167, 0.627276, 161.696, 1.38197, -120.008, 0.425054, -31.8728, 0.000709847, -139.911, 0.0142717, 22.7601, 0.011659, -139.039
5892, 98.20000, 0.629522, 161.638, 1.38568, -119.99, 0.420111, -31.7223, 0.00071191, -139.946, 0.014282, 22.7181, 0.0116631, -139.043
5893, 98.20834, 0.631773, 161.579, 1.38939, -119.972, 0.415165, -31.5675, 0.000713977, -139.981, 0.0142924, 22.6761, 0.0116672, -139.046
5893, 98.21667, 0.63403, 161.521, 1.39311, -119.954, 0.410217, -31.4082, 0.000716049, -140.016, 0.0143028, 22.634, 0.0116712, -139.049
5894, 98.22500, 0.636291, 161.462, 1.39684, -119.936, 0.405267, -31.2442, 0.000718126, -140.051, 0.0143131, 22.5918, 0.0116753, -139.053
5894, 98.23333, 0.638557, 161.403, 1.40057, -119.919, 0.400316, -31.0754, 0.000720208, -140.086, 0.0143235, 22.5495, 0.0116794, -139.056
5895, 98.24167, 0.640828, 161.344, 1.4043, -119.903, 0.395363, -30.9014, 0.000722295, -140.122, 0.0143339, 22.5072, 0.0116835, -139.06
5895, 98.25000, 0.643104, 161.284, 1.40805, -119.886, 0.39041, -30.7223, 0.000724387, -140.158, 0.0143443, 22.4648, 0.0116877, -139.063
5896, 98.25833, 0.645385, 161.225, 1.4118, -119.87, 0.385456, -30.5376, 0.000726483, -140.193, 0.0143547, 22.4223, 0.0116918, -139.067
5896, 98.26667, 0.647671, 161.165, 1.41556, -119.854, 0.3805, -30.3473, 0.000728585, -140.229, 0.0143651, 22.3797, 0.0116959, -139.07
5897, 98.27500, 0.649962, 161.106, 1.41932, -119.839, 0.375544, -30.1511, 0.000730691, -140.266, 0.0143756, 22.3371, 0.0117, -139.074
5897, 98.28333, 0.652258, 161.046, 1.42309, -119.824, 0.370588, -29.9487, 0.000732802, -140.302, 0.014386, 22.2943, 0.0117042, -139.077
5898, 98.29166, 0.654559, 160.986, 1.42686, -119.809, 0.365631, -29.7399, 0.000734919, -140.338, 0.0143964, 22.2515, 0.0117083, -139.081
5898, 98.30000, 0.656865, 160.926, 1.43064, -119.795, 0.360675, -29.5244, 0.00073704, -140.375, 0.0144068, 22.2086, 0.0117125, -139.085
5899, 98.30833, 0.659175, 160.865, 1.43443, -119.781, 0.355719, -29.302, 0.000739166, -140.412, 0.0144173, 22.1657, 0.0117166, -139.088
5899, 98.31667, 0.661491, 160.805, 1.43822, -119.767, 0.350763, -29.0722, 0.000741298, -140.449, 0.0144277, 22.1226, 0.0117208, -139.092
5900, 98.32500, 0.663812, 160.744, 1.44202, -119.754, 0.345809, -28.8349, 0.000743434, -140.486, 0.0144382, 22.0795, 0.011725, -139.096
5900, 98.33334, 0.666138, 160.684, 1.44583, -119.741, 0.340857, -28.5896, 0.000745575, -140.523, 0.0144487, 22.0363, 0.0117291, -139.099
5901, 98.34167, 0.668469, 160.623, 1.44964, -119.729, 0.335905, -28.336, 0.000747722, -140.56, 0.0144591, 21.993, 0.0117333, -139.103
5901, 98.35000, 0.670805, 160.562, 1.45346, -119.716, 0.330956, -28.0738, 0.000749873, -140.598, 0.0144696, 21.9496, 0.0117375, -139.107
5902, 98.35833, 0.673146, 160.501, 1.45728, -119.704, 0.32601, -27.8025, 0.00075203, -140.636, 0.0144801, 21.9062, 0.0117417, -139.11
5902, 98.36667, 0.675493, 160.439, 1.46111, -119.693, 0.321066, -27.5217, 0.000754191, -140.673, 0.0144906, 21.8627, 0.0117459, -139.114
5903, 98.37500, 0.677844, 160.378, 1.46495, -119.681, 0.316126, -27.2309, 0.000756358, -140.711, 0.0145011, 21.8191, 0.0117501, -139.118
5903, 98.38333, 0.6802, 160.316, 1.46879, -119.67, 0.31119, -26.9298, 0.000758529, -140.75, 0.0145116, 21.7754, 0.0117543, -139.121
5904, 98.39167, 0.682562, 160.254, 1.47264, -119.66, 0.306257, -26.6177, 0.000760706, -140.788, 0.0145221, 21.7316, 0.0117585, -139.125
5904, 98.40000, 0.684928, 160.193, 1.4765, -119.65, 0.30133, -26.2941, 0.000762888, -140.826, 0.0145326, 21.6878, 0.0117627, -139.129
5905, 98.40833, 0.6873, 160.13, 1.48036, -119.64, 0.296408, -25.9586, 0.000765075, -140.865, 0.0145431, 21.6438, 0.011767, -139.133
5905, 98.41666, 0.689677, 160.068, 1.48423, -119.63, 0.291492, -25.6103, 0.000767267, -140.904, 0.0145537, 21.5998, 0.0117712, -139.137
5906, 98.42500, 0.692059, 160.006, 1.4881, -119.621, 0.286583, -25.2488, 0.000769465, -140.943, 0.0145642, 21.5557, 0.0117755, -139.14
5906, 98.43333, 0.694446, 159.943, 1.49198, -119.612, 0.281681, -24.8734, 0.000771667, -140.982, 0.0145747, 21.5116, 0.0117797, -139.144
5907, 98.44167, 0.696839, 159.881, 1.49587, -119.603, 0.276787, -24.4832, 0.000773875, -141.021, 0.0145853, 21.4673, 0.011784, -139.148
5907, 98.45000, 0.699236, 159.818, 1.49976, -119.595, 0.271903, -24.0775, 0.000776088, -141.06, 0.0145959, 21.423, 0.0117882, -139.152
5908, 98.45834, 0.701639, 159.755, 1.50366, -119.587, 0.267029, -23.6556, 0.000778306, -141.1, 0.0146064, 21.3785, 0.0117925, -139.156
5908, 98.46667, 0.704047, 159.692, 1.50756, -119.579, 0.262165, -23.2163, 0.000780529, -141.14, 0.014617, 21.334, 0.0117968, -139.16
5909, 98.47500, 0.70646, 159.629, 1.51147, -119.571, 0.257313, -22.759, 0.000782757, -141.179, 0.0146276, 21.2895, 0.0118011, -139.164
5909, 98.48333, 0.708879, 159.565, 1.51539, -119.564, 0.252475, -22.2825, 0.000784991, -141.219, 0.0146381, 21.2448, 0.0118053, -139.168
5910, 98.49167, 0.711302, 159.502, 1.51931, -119.558, 0.24765, -21.7856, 0.00078723, -141.26, 0.0146487, 21.2, 0.0118096, -139.172
5910, 98.50000, 0.713731, 159.438, 1.52324, -119.551, 0.242841, -21.2674, 0.000789474, -141.3, 0.0146593, 21.1552, 0.0118139, -139.176
5911, 98.50833, 0.716165, 159.375, 1.52717, -119.545, 0.238048, -20.7265, 0.000791724, -141.34, 0.0146699, 21.1103, 0.0118182, -139.18
5911, 98.51667, 0.718605, 159.311, 1.53111, -119.539, 0.233274, -20.1616, 0.000793979, -141.381, 0.0146805, 21.0653, 0.0118226, -139.184
5912, 98.52500, 0.721049, 159.247, 1.53506, -119.534, 0.22852, -19.5713, 0.000796239, -141.422, 0.0146911, 21.0202, 0.0118269, -139.188
5912, 98.53333, 0.723499, 159.182, 1.53901, -119.528, 0.223788, -18.954, 0.000798504, -141.463, 0.0147017, 20.9751, 0.0118312, -139.192
5913, 98.54166, 0.725955, 159.118, 1.54297, -119.523, 0.219079, -18.3081, 0.000800775, -141.504, 0.0147123, 20.9298, 0.0118355, -139.196
5913, 98.55000, 0.728415, 159.053, 1.54693, -119.519, 0.214396, -17.6318, 0.000803051, -141.545, 0.014723, 20.8845, 0.0118399, -139.2
5914, 98.55833, 0.730881, 158.989, 1.5509, -119.515, 0.20974, -16.9234, 0.000805332, -141.587, 0.0147336, 20.8391, 0.0118442, -139.204
5914, 98.56667, 0.733353, 158.924, 1.55488, -119.511, 0.205115, -16.1806, 0.000807619, -141.628, 0.0147442, 20.7936, 0.0118486, -139.208
5915, 98.57500, 0.735829, 158.859, 1.55886, -119.507, 0.200523, -15.4015, 0.000809911, -141.67, 0.0147549, 20.748, 0.0118529, -139.213
5915, 98.58334, 0.738311, 158.794, 1.56285, -119.504, 0.195967, -14.5838, 0.000812208, -141.712, 0.0147655, 20.7024, 0.0118573, -139.217
5916, 98.59167, 0.740799, 158.729, 1.56684, -119.501, 0.191449, -13.7247, 0.000814511, -141.754, 0.0147762, 20.6566, 0.0118617, -139.221
5916, 98.60000, 0.743291, 158.663, 1.57084, -119.498, 0.186975, -12.8219, 0.00081682, -141.796, 0.0147868, 20.6108, 0.0118661, -139.225
5917, 98.60833, 0.745789, 158.598, 1.57485, -119.495, 0.182546, -11.8726, 0.000819133, -141.838, 0.0147975, 20.5649, 0.0118704, -139.229
5917, 98.61667, 0.748293, 158.532, 1.57886, -119.493, 0.178167, -10.8735, 0.000821453, -141.881, 0.0148082, 20.5189, 0.0118748, -139.234
5918, 98.62500, 0.750802, 158.466, 1.58288, -119.491, 0.173843, -9.82178, 0.000823777, -141.924, 0.0148189, 20.4728, 0.0118792, -139.238
5918, 98.63333, 0.753316, 158.4, 1.5869, -119.49, 0.169579, -8.71395, 0.000826107, -141.966, 0.0148295, 20.4266, 0.0118836, -139.242
5919, 98.64167, 0.755836, 158.334, 1.59093, -119.488, 0.165379, -7.54633, 0.000828443, -142.009, 0.0148402, 20.3804, 0.011888, -139.247
5919, 98.65000, 0.758361, 158.268, 1.59497, -119.487, 0.16125, -6.31549, 0.000830784, -142.052, 0.0148509, 20.3341, 0.0118925, -139.251
5920, 98.65833, 0.760891, 158.202, 1.59901, -119.487, 0.157198, -5.01744, 0.00083313, -142.096, 0.0148616, 20.2876, 0.0118969, -139.255
5920, 98.66666, 0.763427, 158.135, 1.60306, -119.486, 0.153228, -3.64801, 0.000835482, -142.139, 0.0148723, 20.2411, 0.0119013, -139.26
5921, 98.67500, 0.765969, 158.068, 1.60711, -119.486, 0.149351, -2.20343, 0.00083784, -142.183, 0.014883, 20.1945, 0.0119058, -139.264
5921, 98.68333, 0.768516, 158.002, 1.61117, -119.487, 0.145573, -0.679401, 0.000840203, -142.227, 0.0148937, 20.1479, 0.0119102, -139.268
5922, 98.69167, 0.771068, 157.935, 1.61524, -119.487, 0.141902, 0.92843, 0.000842571, -142.27, 0.0149044, 20.1011, 0.0119146, -139.273
5922, 98.70000, 0.773626, 157.868, 1.61931, -119.488, 0.138349, 2.62373, 0.000844945, -142.315, 0.0149152, 20.0543, 0.0119191, -139.277
5923, 98.70834, 0.776189, 157.8, 1.62339, -119.489, 0.134923, 4.41054, 0.000847325, -142.359, 0.0149259, 20.0073, 0.0119236, -139.282
5923, 98.71667, 0.778759, 157.733, 1.62747, -119.49, 0.131635, 6.29264, 0.000849711, -142.403, 0.0149366, 19.9603, 0.011928, -139.286
5924, 98.72500, 0.781333, 157.665, 1.63156, -119.492, 0.128498, 8.27266, 0.000852101, -142.448, 0.0149474, 19.9132, 0.0119325, -139.291
5924, 98.73333, 0.783913, 157.598, 1.63565, -119.494, 0.125522, 10.3533, 0.000854498, -142.492, 0.0149581, 19.866, 0.011937, -139.295
5925, 98.74167, 0.786499, 157.53, 1.63975, -119.496, 0.122721, 12.5363, 0.0008569, -142.537, 0.0149689, 19.8188, 0.0119415, -139.3
5925, 98.75000, 0.78909, 157.462, 1.64386, -119.499, 0.120109, 14.8218, 0.000859308, -142.582, 0.0149796, 19.7714, 0.011946, -139.304
5926, 98.75833, 0.791686, 157.394, 1.64797, -119.501, 0.117698, 17.2092, 0.000861721, -142.627, 0.0149904, 19.7239, 0.0119505, -139.309
5926, 98.76667, 0.794289, 157.326, 1.65209, -119.505, 0.115502, 19.6967, 0.00086414, -142.673, 0.0150011, 19.6764, 0.011955, -139.314
5927, 98.77500, 0.796897, 157.257, 1.65622, -119.508, 0.113535, 22.2795, 0.000866565, -142.718, 0.0150119, 19.6288, 0.0119595, -139.318
5927, 98.78333, 0.79951, 157.189, 1.66035, -119.512, 0.11181, 24.9521, 0.000868995, -142.764, 0.0150227, 19.5811, 0.011964, -139.323
5928, 98.79166, 0.802129, 157.12, 1.66448, -119.515, 0.11034, 27.707, 0.000871432, -142.81, 0.0150334, 19.5333, 0.0119686, -139.328
5928, 98.80000, 0.804754, 157.051, 1.66862, -119.52, 0.109135, 30.5335, 0.000873873, -142.856, 0.0150442, 19.4854, 0.0119731, -139.332
5929, 98.80833, 0.807384, 156.982, 1.67277, -119.524, 0.108206, 33.4201, 0.000876321, -142.902, 0.015055, 19.4374, 0.0119777, -139.337
5929, 98.81667, 0.81002, 156.913, 1.67692, -119.529, 0.107562, 36.3536, 0.000878774, -142.948, 0.0150658, 19.3894, 0.0119822, -139.342
5930, 98.82500, 0.812662, 156.844, 1.68108, -119.534, 0.107208, 39.3182, 0.000881233, -142.995, 0.0150766, 19.3412, 0.0119868, -139.346
5930, 98.83334, 0.815309, 156.774, 1.68525, -119.539, 0.107148, 42.2984, 0.000883698, -143.041, 0.0150874, 19.293, 0.0119913, -139.351
5931, 98.84167, 0.817962, 156.705, 1.68942, -119.545, 0.107384, 45.2777, 0.000886168, -143.088, 0.0150982, 19.2447, 0.0119959, -139.356
5931, 98.85000, 0.820621, 156.635, 1.69359, -119.551, 0.107916, 48.2392, 0.000888645, -143.135, 0.015109, 19.1963, 0.0120005, -139.361
5932, 98.85833, 0.823285, 156.565, 1.69777, -119.557, 0.10874, 51.1672, 0.000891127, -143.182, 0.0151198, 19.1478, 0.012005, -139.366
5932, 98.86667, 0.825955, 156.495, 1.70196, -119.563, 0.109851, 54.0471, 0.000893615, -143.229, 0.0151306, 19.0992, 0.0120096, -139.371
5933, 98.87500, 0.828631, 156.425, 1.70615, -119.57, 0.111241, 56.8648, 0.000896108, -143.277, 0.0151414, 19.0505, 0.0120142, -139.375
5933, 98.88333, 0.831312, 156.355, 1.71035, -119.577, 0.112902, 59.6092, 0.000898608, -143.324, 0.0151522, 19.0018, 0.0120188, -139.38
5934, 98.89167, 0.833999, 156.285, 1.71456, -119.584, 0.114822, 62.2707, 0.000901113, -143.372, 0.0151631, 18.9529, 0.0120235, -139.385
5934, 98.90000, 0.836692, 156.214, 1.71877, -119.592, 0.116989, 64.8412, 0.000903625, -143.42, 0.0151739, 18.904, 0.0120281, -139.39
5935, 98.90833, 0.839391, 156.143, 1.72298, -119.599, 0.119392, 67.3153, 0.000906142, -143.468, 0.0151847, 18.855, 0.0120327, -139.395
5935, 98.91666, 0.842095, 156.073, 1.72721, -119.608, 0.122018, 69.6894, 0.000908665, -143.516, 0.0151956, 18.8059, 0.0120373, -139.4
5936, 98.92500, 0.844805, 156.002, 1.73143, -119.616, 0.124853, 71.9611, 0.000911194, -143.564, 0.0152064, 18.7567, 0.012042, -139.405
5936, 98.93333, 0.847521, 155.931, 1.73567, -119.624, 0.127885, 74.1298, 0.000913728, -143.613, 0.0152173, 18.7074, 0.0120466, -139.41
5937, 98.94167, 0.850243, 155.859, 1.7399, -119.633, 0.131101, 76.1967, 0.000916269, -143.661, 0.0152281, 18.658, 0.0120513, -139.415
5937, 98.95000, 0.852971, 155.788, 1.74415, -119.642, 0.134489, 78.1628, 0.000918816, -143.71, 0.015239, 18.6085, 0.0120559, -139.42
5938, 98.95834, 0.855704, 155.716, 1.7484, -119.652, 0.138037, 80.0309, 0.000921368, -143.759, 0.0152498, 18.559, 0.0120606, -139.426
5938, 98.96667, 0.858443, 155.645, 1.75265, -119.661, 0.141734, 81.8045, 0.000923927, -143.808, 0.0152607, 18.5093, 0.0120652, -139.431
5939, 98.97500, 0.861188, 155.573, 1.75692, -119.671, 0.145569, 83.4867, 0.000926491, -143.858, 0.0152715, 18.4596, 0.0120699, -139.436
5939, 98.98333, 0.863939, 155.501, 1.76118, -119.681, 0.149533, 85.0815, 0.000929062, -143.907, 0.0152824, 18.4098, 0.0120746, -139.441
5940, 98.99167, 0.866696, 155.429, 1.76546, -119.692, 0.153618, 86.5933, 0.000931639, -143.957, 0.0152933, 18.3598, 0.0120793, -139.446
5940, 99.00000, 0.869458, 155.356, 1.76973, -119.703, 0.157813, 88.0257, 0.000934221, -144.006, 0.0153042, 18.3098, 0.012084, -139.451
5941, 99.00833, 0.872226, 155.284, 1.77402, -119.713, 0.162111, 89.3833, 0.000936809, -144.056, 0.015315, 18.2597, 0.0120887, -139.457
5941, 99.01667, 0.875001, 155.211, 1.77831, -119.725, 0.166506, 90.6701, 0.000939404, -144.107, 0.0153259, 18.2096, 0.0120934, -139.462
5942, 99.02500, 0.877781, 155.139, 1.7826, -119.736, 0.170991, 91.8899, 0.000942005, -144.157, 0.0153368, 18.1593, 0.0120981, -139.467
5942, 99.03333, 0.880567, 155.066, 1.7869, -119.748, 0.175559, 93.0466, 0.000944611, -144.207, 0.0153477, 18.1089, 0.0121029, -139.473
5943, 99.04166, 0.883359, 154.993, 1.79121, -119.76, 0.180205, 94.1441, 0.000947224, -144.258, 0.0153586, 18.0585, 0.0121076, -139.478
5943, 99.05000, 0.886157, 154.92, 1.79552, -119.772, 0.184924, 95.1856, 0.000949843, -144.309, 0.0153695, 18.0079, 0.0121123, -139.483
5944, 99.05833, 0.888961, 154.847, 1.79984, -119.785, 0.18971, 96.1747, 0.000952468, -144.359, 0.0153804, 17.9573, 0.0121171, -139.489
5944, 99.06667, 0.891771, 154.773, 1.80416, -119.797, 0.194562, 97.1144, 0.000955099, -144.41, 0.0153913, 17.9065, 0.0121218, -139.494
5945, 99.07500, 0.894586, 154.7, 1.80849, -119.81, 0.199472, 98.0077, 0.000957736, -144.462, 0.0154022, 17.8557, 0.0121266, -139.499
5945, 99.08334, 0.897408, 154.626, 1.81282, -119.824, 0.204438, 98.8573, 0.000960379, -144.513, 0.0154131, 17.8048, 0.0121314, -139.505
5946, 99.09167, 0.900236, 154.552, 1.81716, -119.837, 0.209458, 99.666, 0.000963028, -144.565, 0.015424, 17.7538, 0.0121361, -139.51
5946, 99.10000, 0.903069, 154.478, 1.8215, -119.851, 0.214528, 100.436, 0.000965684, -144.616, 0.0154349, 17.7027, 0.0121409, -139.516
5947, 99.10833, 0.905909, 154.404, 1.82585, -119.865, 0.219644, 101.17, 0.000968345, -144.668, 0.0154458, 17.6515, 0.0121457, -139.521
5947, 99.11667, 0.908755, 154.33, 1.83021, -119.879, 0.224805, 101.87, 0.000971014, -144.72, 0.0154567, 17.6002, 0.0121505, -139.527
5948, 99.12500, 0.911606, 154.255, 1.83457, -119.894, 0.230008, 102.537, 0.000973688, -144.772, 0.0154676, 17.5489, 0.0121553, -139.533
5948, 99.13333, 0.914464, 154.181, 1.83894, -119.908, 0.23525, 103.174, 0.000976368, -144.825, 0.0154785, 17.4974, 0.0121601, -139.538
5949, 99.14167, 0.917327, 154.106, 1.84331, -119.923, 0.240531, 103.783, 0.000979054, -144.877, 0.0154895, 17.4459, 0.0121649, -139.544
5949, 99.15000, 0.920197, 154.031, 1.84769, -119.939, 0.245848, 104.365, 0.000981747, -144.93, 0.0155004, 17.3942, 0.0121697, -139.549
5950, 99.15833, 0.923073, 153.956, 1.85207, -119.954, 0.251198, 104.921, 0.000984446, -144.983, 0.0155113, 17.3425, 0.0121746, -139.555
5950, 99.16666, 0.925955, 153.881, 1.85646, -119.97, 0.256582, 105.454, 0.000987151, -145.036, 0.0155223, 17.2906, 0.0121794, -139.561
5951, 99.17500, 0.928842, 153.806, 1.86085, -119.986, 0.261997, 105.964, 0.000989863, -145.089, 0.0155332, 17.2387, 0.0121842, -139.567
5951, 99.18333, 0.931736, 153.73, 1.86525, -120.002, 0.267441, 106.452, 0.00099258, -145.142, 0.0155441, 17.1867, 0.0121891, -139.572
5952, 99.19167, 0.934636, 153.654, 1.86966, -120.019, 0.272915, 106.92, 0.000995305, -145.196, 0.0155551, 17.1346, 0.0121939, -139.578
5952, 99.20000, 0.937542, 153.579, 1.87406, -120.035, 0.278415, 107.369, 0.000998035, -145.249, 0.015566, 17.0824, 0.0121988, -139.584
5953, 99.20834, 0.940454, 153.503, 1.87848, -120.052, 0.283942, 107.8, 0.00100077, -145.303, 0.0155769, 17.0301, 0.0122037, -139.59
5953, 99.21667, 0.943373, 153.427, 1.8829, -120.07, 0.289495, 108.213, 0.00100351, -145.357, 0.0155879, 16.9777, 0.0122085, -139.596
5954, 99.22500, 0.946297, 153.351, 1.88733, -120.087, 0.295071, 108.61, 0.00100626, -145.411, 0.0155988, 16.9252, 0.0122134, -139.601
5954, 99.23333, 0.949227, 153.274, 1.89176, -120.105, 0.300671, 108.992, 0.00100902, -145.466, 0.0156098, 16.8727, 0.0122183, -139.607
5955, 99.24167, 0.952164, 153.198, 1.89619, -120.123, 0.306295, 109.359, 0.00101178, -145.52, 0.0156207, 16.82, 0.0122232, -139.613
5955, 99.25000, 0.955107, 153.121, 1.90064, -120.141, 0.31194, 109.711, 0.00101455, -145.575, 0.0156316, 16.7672, 0.0122281, -139.619
5956, 99.25833, 0.958056, 153.045, 1.90508, -120.16, 0.317606, 110.051, 0.00101733, -145.629, 0.0156426, 16.7144, 0.012233, -139.625
5956, 99.26667, 0.961011, 152.968, 1.90954, -120.178, 0.323294, 110.378, 0.00102011, -145.684, 0.0156536, 16.6614, 0.0122379, -139.631
5957, 99.27500, 0.963972, 152.891, 1.91399, -120.197, 0.329, 110.692, 0.00102289, -145.739, 0.0156645, 16.6084, 0.0122429, -139.637
5957, 99.28333, 0.96694, 152.814, 1.91846, -120.216, 0.334727, 110.995, 0.00102569, -145.795, 0.0156755, 16.5553, 0.0122478, -139.643
5958, 99.29166, 0.969914, 152.736, 1.92292, -120.236, 0.340473, 111.287, 0.00102849, -145.85, 0.0156864, 16.502, 0.0122527, -139.649
5958, 99.30000, 0.972893, 152.659, 1.9274, -120.255, 0.346236, 111.569, 0.0010313, -145.906, 0.0156974, 16.4487, 0.0122577, -139.656
5959, 99.30833, 0.975879, 152.581, 1.93188, -120.275, 0.352018, 111.841, 0.00103411, -145.961, 0.0157083, 16.3953, 0.0122626, -139.662
5959, 99.31667, 0.978872, 152.503, 1.93636, -120.295, 0.357818, 112.103, 0.00103693, -146.017, 0.0157193, 16.3418, 0.0122676, -139.668
5960, 99.32500, 0.98187, 152.425, 1.94085, -120.316, 0.363634, 112.355, 0.00103976, -146.073, 0.0157302, 16.2882, 0.0122726, -139.674
5960, 99.33334, 0.984875, 152.347, 1.94534, -120.336, 0.369467, 112.599, 0.00104259, -146.13, 0.0157412, 16.2345, 0.0122775, -139.68
5961, 99.34167, 0.987886, 152.269, 1.94984, -120.357, 0.375316, 112.835, 0.00104543, -146.186, 0.0157522, 16.1807, 0.0122825, -139.687
5961, 99.35000, 0.990903, 152.191, 1.95435, -120.378, 0.381181, 113.063, 0.00104827, -146.243, 0.0157631, 16.1268, 0.0122875, -139.693
5962, 99.35833, 0.993927, 152.112, 1.95886, -120.399, 0.387062, 113.283, 0.00105113, -146.299, 0.0157741, 16.0728, 0.0122925, -139.699
5962, 99.36667, 0.996957, 152.034, 1.96337, -120.421, 0.392959, 113.495, 0.00105399, -146.356, 0.0157851, 16.0187, 0.0122975, -139.705
5963, 99.37500, 0.999993, 151.955, 1.96789, -120.443, 0.39887, 113.701, 0.00105685, -146.413, 0.015796, 15.9646, 0.0123025, -139.712
5963, 99.38333, 1.00303, 151.876, 1.97242, -120.465, 0.404796, 113.899, 0.00105972, -146.471, 0.015807, 15.9103, 0.0123075, -139.718
5964, 99.39167, 1.00608, 151.797, 1.97695, -120.487, 0.410737, 114.091, 0.0010626, -146.528, 0.0158179, 15.8559, 0.0123125, -139.725
5964, 99.40000, 1.00914, 151.718, 1.98149, -120.509, 0.416692, 114.277, 0.00106549, -146.585, 0.0158289, 15.8015, 0.0123176, -139.731
5965, 99.40833, 1.0122, 151.638, 1.98603, -120.532, 0.42266, 114.457, 0.00106838, -146.643, 0.0158399, 15.7469, 0.0123226, -139.737
5965, 99.41666, 1.01527, 151.559, 1.99057, -120.555, 0.428643, 114.631, 0.00107128, -146.701, 0.0158508, 15.6923, 0.0123276, -139.744
5966, 99.42500, 1.01834, 151.479, 1.99512, -120.578, 0.43464, 114.8, 0.00107418, -146.759, 0.0158618, 15.6375, 0.0123327, -139.751
5966, 99.43333, 1.02142, 151.4, 1.99968, -120.601, 0.440649, 114.963, 0.00107709, -146.817, 0.0158728, 15.5827, 0.0123377, -139.757
5967, 99.44167, 1.02451, 151.32, 2.00424, -120.625, 0.446672, 115.121, 0.00108001, -146.876, 0.0158837, 15.5277, 0.0123428, -139.764
5967, 99.45000, 1.0276, 151.239, 2.00881, -120.649, 0.452708, 115.273, 0.00108294, -146.934, 0.0158947, 15.4727, 0.0123479, -139.77
5968, 99.45834, 1.0307, 151.159, 2.01338, -120.673, 0.458757, 115.422, 0.00108587, -146.993, 0.0159057, 15.4176, 0.0123529, -139.777
5968, 99.46667, 1.03381, 151.079, 2.01795, -120.697, 0.464819, 115.565, 0.00108881, -147.052, 0.0159166, 15.3623, 0.012358, -139.784
5969, 99.47500, 1.03692, 150.998, 2.02253, -120.721, 0.470893, 115.704, 0.00109175, -147.111, 0.0159276, 15.307, 0.0123631, -139.79
5969, 99.48333, 1.04004, 150.918, 2.02712, -120.746, 0.476979, 115.839, 0.00109471, -147.17, 0.0159386, 15.2516, 0.0123682, -139.797
5970, 99.49167, 1.04316, 150.837, 2.03171, -120.771, 0.483079, 115.969, 0.00109766, -147.229, 0.0159495, 15.1961, 0.0123733, -139.804
5970, 99.50000, 1.04629, 150.756, 2.03631, -120.796, 0.489189, 116.096, 0.00110063, -147.289, 0.0159605, 15.1405, 0.0123784, -139.811
5971, 99.50833, 1.04943, 150.675, 2.04091, -120.822, 0.495312, 116.219, 0.0011036, -147.349, 0.0159715, 15.0848, 0.0123835, -139.817
5971, 99.51667, 1.05257, 150.594, 2.04552, -120.847, 0.501448, 116.337, 0.00110658, -147.408, 0.0159824, 15.029, 0.0123887, -139.824
5972, 99.52500, 1.05573, 150.512, 2.05013, -120.873, 0.507595, 116.453, 0.00110957, -147.468, 0.0159934, 14.9731, 0.0123938, -139.831
5972, 99.53333, 1.05888, 150.431, 2.05474, -120.899, 0.513753, 116.564, 0.00111256, -147.529, 0.0160043, 14.9171, 0.0123989, -139.838
5973, 99.54166, 1.06205, 150.349, 2.05936, -120.926, 0.519924, 116.673, 0.00111556, -147.589, 0.0160153, 14.861, 0.0124041, -139.845
5973, 99.55000, 1.06522, 150.267, 2.06399, -120.952, 0.526105, 116.778, 0.00111857, -147.649, 0.0160263, 14.8048, 0.0124092, -139.852
5974, 99.55833, 1.06839, 150.185, 2.06862, -120.979, 0.532298, 116.88, 0.00112158, -147.71, 0.0160372, 14.7485, 0.0124144, -139.859
5974, 99.56667, 1.07157, 150.103, 2.07325, -121.006, 0.538503, 116.978, 0.0011246, -147.771, 0.0160482, 14.6921, 0.0124196, -139.866
5975, 99.57500, 1.07476, 150.021, 2.07789, -121.033, 0.544718, 117.074, 0.00112762, -147.832, 0.0160591, 14.6356, 0.0124247, -139.873
5975, 99.58334, 1.07796, 149.938, 2.08254, -121.06, 0.550945, 117.167, 0.00113066, -147.893, 0.0160701, 14.579, 0.0124299, -139.88
5976, 99.59167, 1.08116, 149.856, 2.08719, -121.088, 0.557183, 117.257, 0.0011337, -147.954, 0.0160811, 14.5224, 0.0124351, -139.887
5976, 99.60000, 1.08437, 149.773, 2.09184, -121.116, 0.563432, 117.344, 0.00113675, -148.016, 0.016092, 14.4656, 0.0124403, -139.894
5977, 99.60833, 1.08759, 149.69, 2.0965, -121.144, 0.569692, 117.429, 0.0011398, -148.078, 0.016103, 14.4087, 0.0124455, -139.901
5977, 99.61667, 1.09081, 149.607, 2.10117, -121.172, 0.575963, 117.511, 0.00114286, -148.14, 0.0161139, 14.3517, 0.0124507, -139.909
5978, 99.62500, 1.09404, 149.524, 2.10583, -121.2, 0.582244, 117.591, 0.00114593, -148.202, 0.0161249, 14.2947, 0.0124559, -139.916
5978, 99.63333, 1.09727, 149.441, 2.11051, -121.229, 0.588537, 117.668, 0.001149, -148.264, 0.0161358, 14.2375, 0.0124611, -139.923
5979, 99.64167, 1.10051, 149.357, 2.11519, -121.258, 0.59484, 117.743, 0.00115209, -148.326, 0.0161467, 14.1802, 0.0124664, -139.93
5979, 99.65000, 1.10376, 149.273, 2.11987, -121.287, 0.601154, 117.815, 0.00115517, -148.389, 0.0161577, 14.1229, 0.0124716, -139.938
5980, 99.65833, 1.10702, 149.19, 2.12456, -121.317, 0.607478, 117.885, 0.00115827, -148.451, 0.0161686, 14.0654, 0.0124768, -139.945
5980, 99.66666, 1.11028, 149.106, 2.12925, -121.346, 0.613813, 117.954, 0.00116137, -148.514, 0.0161796, 14.0078, 0.0124821, -139.952
5981, 99.67500, 1.11354, 149.022, 2.13395, -121.376, 0.620158, 118.02, 0.00116448, -148.577, 0.0161905, 13.9502, 0.0124873, -139.96
5981, 99.68333, 1.11682, 148.938, 2.13865, -121.406, 0.626514, 118.083, 0.0011676, -148.64, 0.0162014, 13.8924, 0.0124926, -139.967
5982, 99.69167, 1.1201, 148.853, 2.14335, -121.436, 0.632881, 118.145, 0.00117072, -148.704, 0.0162124, 13.8346, 0.0124979, -139.975
5982, 99.70000, 1.12339, 148.769, 2.14807, -121.466, 0.639257, 118.205, 0.00117385, -148.767, 0.0162233, 13.7766, 0.0125031, -139.982
5983, 99.70834, 1.12668, 148.684, 2.15278, -121.497, 0.645644, 118.263, 0.00117699, -148.831, 0.0162342, 13.7186, 0.0125084, -139.99
5983, 99.71667, 1.12998, 148.599, 2.1575, -121.528, 0.652042, 118.32, 0.00118014, -148.895, 0.0162451, 13.6604, 0.0125137, -139.997
5984, 99.72500, 1.13329, 148.514, 2.16223, -121.559, 0.658449, 118.374, 0.00118329, -148.959, 0.0162561, 13.6022, 0.012519, -140.005
5984, 99.73333, 1.1366, 148.429, 2.16696, -121.59, 0.664866, 118.427, 0.00118645, -149.023, 0.016267, 13.5438, 0.0125243, -140.013
5985, 99.74167, 1.13992, 148.344, 2.17169, -121.622, 0.671295, 118.478, 0.00118961, -149.087, 0.0162779, 13.4854, 0.0125296, -140.02
5985, 99.75000, 1.14325, 148.259, 2.17643, -121.653, 0.677732, 118.527, 0.00119279, -149.152, 0.0162888, 13.4268, 0.0125349, -140.028
5986, 99.75833, 1.14658, 148.173, 2.18117, -121.685, 0.68418, 118.575, 0.00119597, -149.216, 0.0162997, 13.3682, 0.0125403, -140.036
5986, 99.76667, 1.14992, 148.088, 2.18592, -121.717, 0.690639, 118.621, 0.00119915, -149.281, 0.0163106, 13.3094, 0.0125456, -140.044
5987, 99.77500, 1.15327, 148.002, 2.19067, -121.75, 0.697107, 118.666, 0.00120235, -149.346, 0.0163215, 13.2506, 0.0125509, -140.051
5987, 99.78333, 1.15663, 147.916, 2.19543, -121.782, 0.703585, 118.709, 0.00120555, -149.411, 0.0163324, 13.1916, 0.0125563, -140.059
5988, 99.79166, 1.15999, 147.83, 2.20019, -121.815, 0.710073, 118.75, 0.00120876, -149.477, 0.0163433, 13.1326, 0.0125616, -140.067
5988, 99.80000, 1.16335, 147.743, 2.20495, -121.848, 0.716571, 118.79, 0.00121197, -149.542, 0.0163542, 13.0734, 0.012567, -140.075
5989, 99.80833, 1.16673, 147.657, 2.20972, -121.881, 0.723079, 118.829, 0.0012152, -149.608, 0.0163651, 13.0142, 0.0125723, -140.083
5989, 99.81667, 1.17011, 147.57, 2.2145, -121.914, 0.729598, 118.866, 0.00121843, -149.674, 0.016376, 12.9548, 0.0125777, -140.091
5990, 99.82500, 1.17349, 147.484, 2.21927, -121.948, 0.736125, 118.902, 0.00122167, -149.74, 0.0163869, 12.8954, 0.0125831, -140.099
5990, 99.83334, 1.17689, 147.397, 2.22406, -121.982, 0.742663, 118.937, 0.00122491, -149.806, 0.0163978, 12.8359, 0.0125885, -140.107
5991, 99.84167, 1.18029, 147.31, 2.22884, -122.015, 0.749211, 118.971, 0.00122816, -149.872, 0.0164086, 12.7762, 0.0125939, -140.115
5991, 99.85000, 1.1837, 147.223, 2.23363, -122.05, 0.755768, 119.003, 0.00123142, -149.939, 0.0164195, 12.7165, 0.0125993, -140.123
5992, 99.85833, 1.18711, 147.135, 2.23843, -122.084, 0.762335, 119.034, 0.00123469, -150.005, 0.0164304, 12.6566, 0.0126047, -140.131
5992, 99.86667, 1.19053, 147.048, 2.24323, -122.119, 0.768912, 119.063, 0.00123796, -150.072, 0.0164413, 12.5967, 0.0126101, -140.139
5993, 99.87500, 1.19396, 146.96, 2.24803, -122.153, 0.775499, 119.092, 0.00124124, -150.139, 0.0164521, 12.5366, 0.0126155, -140.148
5993, 99.88333, 1.19739, 146.873, 2.25284, -122.188, 0.782095, 119.119, 0.00124453, -150.206, 0.016463, 12.4765, 0.0126209, -140.156
5994, 99.89167, 1.20083, 146.785, 2.25766, -122.224, 0.788702, 119.146, 0.00124782, -150.274, 0.0164738, 12.4162, 0.0126263, -140.164
5994, 99.90000, 1.20428, 146.697, 2.26247, -122.259, 0.795318, 119.171, 0.00125113, -150.341, 0.0164847, 12.3559, 0.0126318, -140.172
5995, 99.90833, 1.20774, 146.608, 2.26729, -122.295, 0.801943, 119.195, 0.00125444, -150.409, 0.0164955, 12.2955, 0.0126372, -140.181
5995, 99.91666, 1.2112, 146.52, 2.27212, -122.33, 0.808579, 119.218, 0.00125775, -150.477, 0.0165063, 12.2349, 0.0126427, -140.189
5996, 99.92500, 1.21467, 146.432, 2.27695, -122.366, 0.815223, 119.24, 0.00126108, -150.545, 0.0165172, 12.1743, 0.0126481, -140.198
5996, 99.93333, 1.21814, 146.343, 2.28178, -122.403, 0.821878, 119.261, 0.00126441, -150.613, 0.016528, 12.1135, 0.0126536, -140.206
5997, 99.94167, 1.22162, 146.254, 2.28662, -122.439, 0.828542, 119.281, 0.00126775, -150.681, 0.0165388, 12.0527, 0.0126591, -140.214
5997, 99.95000, 1.22511, 146.165, 2.29146, -122.476, 0.835216, 119.3, 0.0012711, -150.75, 0.0165496, 11.9917, 0.0126646, -140.223
5998, 99.95834, 1.22861, 146.076, 2.29631, -122.512, 0.841899, 119.318, 0.00127445, -150.819, 0.0165604, 11.9307, 0.01267, -140.232
5998, 99.96667, 1.23211, 145.987, 2.30116, -122.549, 0.848593, 119.335, 0.00127781, -150.887, 0.0165713, 11.8695, 0.0126755, -140.24
5999, 99.97500, 1.23562, 145.897, 2.30601, -122.586, 0.855295, 119.351, 0.00128118, -150.956, 0.0165821, 11.8082, 0.012681, -140.249
5999, 99.98333, 1.23913, 145.808, 2.31087, -122.624, 0.862007, 119.367, 0.00128456, -151.026, 0.0165929, 11.7469, 0.0126865, -140.257
6000, 99.99167, 1.24266, 145.718, 2.31573, -122.661, 0.868729, 119.381, 0.00128794, -151.095, 0.0166036, 11.6854, 0.012692, -140.266
6000, 100.00000, 1.24618, 145.628, 2.3206, -122.699, 0.87546, 119.395, 0.00129133, -151.165, 0.0166144, 11.6239, 0.0126976, -140.275
